30
1 
33 
-1 -1 -1 -1 -1 -1 -1 -1 -1 -1
0.4533272981643677 0.4254226088523865 0.9986404776573181 -1 -1 -1 -1 -1 -1 -1 -1 -1
0.45510345697402954 0.41657328605651855 0.9993526339530945 -1 -1 -1 -1 -1 -1 -1 -1 -1
0.4561864137649536 0.41565006971359253 0.9992964267730713 -1 -1 -1 -1 -1 -1 -1 -1 -1
0.45733076333999634 0.4147280156612396 0.999397873878479 -1 -1 -1 -1 -1 -1 -1 -1 -1
0.45447927713394165 0.4172528386116028 0.9988629817962646 -1 -1 -1 -1 -1 -1 -1 -1 -1
0.45507335662841797 0.41684266924858093 0.9981271624565125 -1 -1 -1 -1 -1 -1 -1 -1 -1
0.4557395279407501 0.41633808612823486 0.9986817240715027 -1 -1 -1 -1 -1 -1 -1 -1 -1
0.4671582579612732 0.41296178102493286 0.9995686411857605 -1 -1 -1 -1 -1 -1 -1 -1 -1
0.4646846354007721 0.41326138377189636 0.9988310933113098 -1 -1 -1 -1 -1 -1 -1 -1 -1
0.4594555199146271 0.43039143085479736 0.9969685673713684 -1 -1 -1 -1 -1 -1 -1 -1 -1
0.4587726593017578 0.4314020872116089 0.9961863160133362 -1 -1 -1 -1 -1 -1 -1 -1 -1
0.48716530203819275 0.4516988694667816 0.9995330572128296 -1 -1 -1 -1 -1 -1 -1 -1 -1
0.48411381244659424 0.4524647891521454 0.9953912496566772 -1 -1 -1 -1 -1 -1 -1 -1 -1
0.47755494713783264 0.3814745843410492 0.9944783449172974 -1 -1 -1 -1 -1 -1 -1 -1 -1
0.4733385741710663 0.3926197588443756 0.10626218467950821 -1 -1 -1 -1 -1 -1 -1 -1 -1
0.4739694595336914 0.33339977264404297 0.927379846572876 -1 -1 -1 -1 -1 -1 -1 -1 -1
0.47205132246017456 0.33772972226142883 0.19344589114189148 -1 -1 -1 -1 -1 -1 -1 -1 -1
0.47436806559562683 0.32610541582107544 0.8934673070907593 -1 -1 -1 -1 -1 -1 -1 -1 -1
0.4721888601779938 0.327125608921051 0.2871944308280945 -1 -1 -1 -1 -1 -1 -1 -1 -1
0.47453024983406067 0.32619184255599976 0.8845104575157166 -1 -1 -1 -1 -1 -1 -1 -1 -1
0.47193244099617004 0.3262655436992645 0.2832358777523041 -1 -1 -1 -1 -1 -1 -1 -1 -1
0.473869264125824 0.3262134790420532 0.8558019399642944 -1 -1 -1 -1 -1 -1 -1 -1 -1
0.4719547927379608 0.3296116292476654 0.30318668484687805 -1 -1 -1 -1 -1 -1 -1 -1 -1
0.4911682605743408 0.5940926671028137 0.9989476799964905 -1 -1 -1 -1 -1 -1 -1 -1 -1
0.4893764555454254 0.5947965979576111 0.997717022895813 -1 -1 -1 -1 -1 -1 -1 -1 -1
0.4971245527267456 0.6956834197044373 0.8413248658180237 -1 -1 -1 -1 -1 -1 -1 -1 -1
0.4979232847690582 0.7036394476890564 0.2017432153224945 -1 -1 -1 -1 -1 -1 -1 -1 -1
0.5075822472572327 0.8055641651153564 0.8696011304855347 -1 -1 -1 -1 -1 -1 -1 -1 -1
0.5074787139892578 0.7982416749000549 0.2944428622722626 -1 -1 -1 -1 -1 -1 -1 -1 -1
0.5120912790298462 0.8184207677841187 0.917386531829834 -1 -1 -1 -1 -1 -1 -1 -1 -1
0.5103003978729248 0.816342830657959 0.552845299243927 -1 -1 -1 -1 -1 -1 -1 -1 -1
0.4905487298965454 0.8314957618713379 0.8849829435348511 -1 -1 -1 -1 -1 -1 -1 -1 -1
0.4947463274002075 0.8230278491973877 0.4477481544017792 -1 -1 -1 -1 -1 -1 -1 -1 -1
1 
33 
-1 -1 -1 -1 -1 -1 -1 -1 -1 -1
0.45206689834594727 0.42676278948783875 0.9987838864326477 -1 -1 -1 -1 -1 -1 -1 -1 -1
0.4535670876502991 0.41760820150375366 0.999422550201416 -1 -1 -1 -1 -1 -1 -1 -1 -1
0.4546698331832886 0.4168160557746887 0.9993975162506104 -1 -1 -1 -1 -1 -1 -1 -1 -1
0.4558769762516022 0.41600552201271057 0.999478280544281 -1 -1 -1 -1 -1 -1 -1 -1 -1
0.45288679003715515 0.41826337575912476 0.9990563988685608 -1 -1 -1 -1 -1 -1 -1 -1 -1
0.45342057943344116 0.4179840087890625 0.9984631538391113 -1 -1 -1 -1 -1 -1 -1 -1 -1
0.4540383517742157 0.41763436794281006 0.9989030361175537 -1 -1 -1 -1 -1 -1 -1 -1 -1
0.46558037400245667 0.41404086351394653 0.9996473789215088 -1 -1 -1 -1 -1 -1 -1 -1 -1
0.46308496594429016 0.41475918889045715 0.9990467429161072 -1 -1 -1 -1 -1 -1 -1 -1 -1
0.4582156240940094 0.43147483468055725 0.9971373081207275 -1 -1 -1 -1 -1 -1 -1 -1 -1
0.4574928283691406 0.4323693513870239 0.9963192939758301 -1 -1 -1 -1 -1 -1 -1 -1 -1
0.4860646426677704 0.45294272899627686 0.9995378255844116 -1 -1 -1 -1 -1 -1 -1 -1 -1
0.48444482684135437 0.45441320538520813 0.9946605563163757 -1 -1 -1 -1 -1 -1 -1 -1 -1
0.4797000288963318 0.3850712180137634 0.9932680726051331 -1 -1 -1 -1 -1 -1 -1 -1 -1
0.474600225687027 0.4004822373390198 0.07750298082828522 -1 -1 -1 -1 -1 -1 -1 -1 -1
0.47625821828842163 0.3499697744846344 0.8992294669151306 -1 -1 -1 -1 -1 -1 -1 -1 -1
0.4733715355396271 0.35045772790908813 0.11563792079687119 -1 -1 -1 -1 -1 -1 -1 -1 -1
0.4808889329433441 0.3429887890815735 0.8634091019630432 -1 -1 -1 -1 -1 -1 -1 -1 -1
0.4735090434551239 0.3386293649673462 0.18967454135417938 -1 -1 -1 -1 -1 -1 -1 -1 -1
0.4823606610298157 0.34551990032196045 0.8537220358848572 -1 -1 -1 -1 -1 -1 -1 -1 -1
0.47636494040489197 0.3371797502040863 0.18744002282619476 -1 -1 -1 -1 -1 -1 -1 -1 -1
0.48250168561935425 0.35109421610832214 0.8117691278457642 -1 -1 -1 -1 -1 -1 -1 -1 -1
0.47629180550575256 0.3410000503063202 0.20144882798194885 -1 -1 -1 -1 -1 -1 -1 -1 -1
0.4911644160747528 0.5942807793617249 0.9991461038589478 -1 -1 -1 -1 -1 -1 -1 -1 -1
0.48878955841064453 0.5965176820755005 0.9980072379112244 -1 -1 -1 -1 -1 -1 -1 -1 -1
0.49671652913093567 0.691985547542572 0.8633254766464233 -1 -1 -1 -1 -1 -1 -1 -1 -1
0.4975600242614746 0.7020391821861267 0.2418806254863739 -1 -1 -1 -1 -1 -1 -1 -1 -1
0.5079517960548401 0.8021173477172852 0.8952479958534241 -1 -1 -1 -1 -1 -1 -1 -1 -1
0.5070633888244629 0.7973605990409851 0.34947383403778076 -1 -1 -1 -1 -1 -1 -1 -1 -1
0.5127418041229248 0.8153697848320007 0.9332496523857117 -1 -1 -1 -1 -1 -1 -1 -1 -1
0.5113993883132935 0.8115956783294678 0.6134262681007385 -1 -1 -1 -1 -1 -1 -1 -1 -1
0.4878387749195099 0.8320612907409668 0.9191237688064575 -1 -1 -1 -1 -1 -1 -1 -1 -1
0.4913131892681122 0.8250044584274292 0.5251096487045288 -1 -1 -1 -1 -1 -1 -1 -1 -1
1 
33 
-1 -1 -1 -1 -1 -1 -1 -1 -1 -1
0.45347845554351807 0.4288948178291321 0.9984773993492126 -1 -1 -1 -1 -1 -1 -1 -1 -1
0.4546099305152893 0.41950249671936035 0.9993209838867188 -1 -1 -1 -1 -1 -1 -1 -1 -1
0.45565593242645264 0.41861432790756226 0.999299168586731 -1 -1 -1 -1 -1 -1 -1 -1 -1
0.45675787329673767 0.41770559549331665 0.9993900060653687 -1 -1 -1 -1 -1 -1 -1 -1 -1
0.45416489243507385 0.4199615716934204 0.9989062547683716 -1 -1 -1 -1 -1 -1 -1 -1 -1
0.454854279756546 0.4194669723510742 0.9982210993766785 -1 -1 -1 -1 -1 -1 -1 -1 -1
0.45560193061828613 0.41885286569595337 0.9987718462944031 -1 -1 -1 -1 -1 -1 -1 -1 -1
0.4663553237915039 0.4155682921409607 0.9996163845062256 -1 -1 -1 -1 -1 -1 -1 -1 -1
0.4642925262451172 0.41527098417282104 0.9990764856338501 -1 -1 -1 -1 -1 -1 -1 -1 -1
0.4594978094100952 0.4329712986946106 0.9972454309463501 -1 -1 -1 -1 -1 -1 -1 -1 -1
0.4591328799724579 0.433799147605896 0.9965687990188599 -1 -1 -1 -1 -1 -1 -1 -1 -1
0.486334890127182 0.4486427903175354 0.9997128844261169 -1 -1 -1 -1 -1 -1 -1 -1 -1
0.48549726605415344 0.45197758078575134 0.996051013469696 -1 -1 -1 -1 -1 -1 -1 -1 -1
0.4793272912502289 0.37963783740997314 0.9932923316955566 -1 -1 -1 -1 -1 -1 -1 -1 -1
0.47528526186943054 0.4025534987449646 0.057472676038742065 -1 -1 -1 -1 -1 -1 -1 -1 -1
0.4736287295818329 0.3377138674259186 0.9116532802581787 -1 -1 -1 -1 -1 -1 -1 -1 -1
0.47345247864723206 0.3561224341392517 0.0996227115392685 -1 -1 -1 -1 -1 -1 -1 -1 -1
0.47384124994277954 0.3334779441356659 0.8851166367530823 -1 -1 -1 -1 -1 -1 -1 -1 -1
0.47279974818229675 0.3470255136489868 0.16454289853572845 -1 -1 -1 -1 -1 -1 -1 -1 -1
0.47393280267715454 0.3339403569698334 0.8767957091331482 -1 -1 -1 -1 -1 -1 -1 -1 -1
0.4757317900657654 0.3456089198589325 0.16626979410648346 -1 -1 -1 -1 -1 -1 -1 -1 -1
0.47470107674598694 0.33859267830848694 0.8375527858734131 -1 -1 -1 -1 -1 -1 -1 -1 -1
0.47565120458602905 0.34898829460144043 0.18347500264644623 -1 -1 -1 -1 -1 -1 -1 -1 -1
0.49108099937438965 0.5940279960632324 0.9993038177490234 -1 -1 -1 -1 -1 -1 -1 -1 -1
0.48994410037994385 0.5967260003089905 0.9981643557548523 -1 -1 -1 -1 -1 -1 -1 -1 -1
0.49675673246383667 0.6936994791030884 0.884934663772583 -1 -1 -1 -1 -1 -1 -1 -1 -1
0.4969621002674103 0.7013745903968811 0.25173139572143555 -1 -1 -1 -1 -1 -1 -1 -1 -1
0.5078567862510681 0.8069263100624084 0.912294864654541 -1 -1 -1 -1 -1 -1 -1 -1 -1
0.5083635449409485 0.7969717383384705 0.3412138819694519 -1 -1 -1 -1 -1 -1 -1 -1 -1
0.5126705169677734 0.8209301233291626 0.9285749793052673 -1 -1 -1 -1 -1 -1 -1 -1 -1
0.5117696523666382 0.8123948574066162 0.5987690091133118 -1 -1 -1 -1 -1 -1 -1 -1 -1
0.4880193769931793 0.8329569101333618 0.9202054142951965 -1 -1 -1 -1 -1 -1 -1 -1 -1
0.49427762627601624 0.8242064714431763 0.5114126205444336 -1 -1 -1 -1 -1 -1 -1 -1 -1
1 
33 
-1 -1 -1 -1 -1 -1 -1 -1 -1 -1
0.45418229699134827 0.42513570189476013 0.9986055493354797 -1 -1 -1 -1 -1 -1 -1 -1 -1
0.45588576793670654 0.4161633253097534 0.9993624091148376 -1 -1 -1 -1 -1 -1 -1 -1 -1
0.45684322714805603 0.4155101776123047 0.9993289709091187 -1 -1 -1 -1 -1 -1 -1 -1 -1
0.4578717052936554 0.41483619809150696 0.9993941783905029 -1 -1 -1 -1 -1 -1 -1 -1 -1
0.4554300904273987 0.4164079427719116 0.9989466071128845 -1 -1 -1 -1 -1 -1 -1 -1 -1
0.45603013038635254 0.41595572233200073 0.9982701539993286 -1 -1 -1 -1 -1 -1 -1 -1 -1
0.4566727578639984 0.4154302477836609 0.9986556768417358 -1 -1 -1 -1 -1 -1 -1 -1 -1
0.46794018149375916 0.4139356315135956 0.9996076226234436 -1 -1 -1 -1 -1 -1 -1 -1 -1
0.4654882550239563 0.41380178928375244 0.9988546371459961 -1 -1 -1 -1 -1 -1 -1 -1 -1
0.45958974957466125 0.4307555556297302 0.9976677298545837 -1 -1 -1 -1 -1 -1 -1 -1 -1
0.4591175317764282 0.4312596321105957 0.9968836903572083 -1 -1 -1 -1 -1 -1 -1 -1 -1
0.4864586889743805 0.4525519609451294 0.9994927644729614 -1 -1 -1 -1 -1 -1 -1 -1 -1
0.48511841893196106 0.4529438018798828 0.9950072765350342 -1 -1 -1 -1 -1 -1 -1 -1 -1
0.4794030785560608 0.3881799876689911 0.9945067763328552 -1 -1 -1 -1 -1 -1 -1 -1 -1
0.4752127528190613 0.39538127183914185 0.07895933091640472 -1 -1 -1 -1 -1 -1 -1 -1 -1
0.4735901951789856 0.32965895533561707 0.956787109375 -1 -1 -1 -1 -1 -1 -1 -1 -1
0.47128424048423767 0.34247085452079773 0.20257507264614105 -1 -1 -1 -1 -1 -1 -1 -1 -1
0.47407546639442444 0.32284286618232727 0.9385566115379333 -1 -1 -1 -1 -1 -1 -1 -1 -1
0.47123631834983826 0.3311392366886139 0.31798073649406433 -1 -1 -1 -1 -1 -1 -1 -1 -1
0.4740560054779053 0.3225003778934479 0.9326567649841309 -1 -1 -1 -1 -1 -1 -1 -1 -1
0.4738205373287201 0.3275614082813263 0.3118784725666046 -1 -1 -1 -1 -1 -1 -1 -1 -1
0.47346317768096924 0.322983980178833 0.9062630534172058 -1 -1 -1 -1 -1 -1 -1 -1 -1
0.47237834334373474 0.3289652466773987 0.32506680488586426 -1 -1 -1 -1 -1 -1 -1 -1 -1
0.4905247092247009 0.593784511089325 0.9993414282798767 -1 -1 -1 -1 -1 -1 -1 -1 -1
0.48955145478248596 0.5957918167114258 0.9981204867362976 -1 -1 -1 -1 -1 -1 -1 -1 -1
0.49658623337745667 0.6933276057243347 0.8608558177947998 -1 -1 -1 -1 -1 -1 -1 -1 -1
0.4975810945034027 0.7038518786430359 0.2494114190340042 -1 -1 -1 -1 -1 -1 -1 -1 -1
0.507722020149231 0.806939959526062 0.8972846269607544 -1 -1 -1 -1 -1 -1 -1 -1 -1
0.5067819952964783 0.8011599779129028 0.31706497073173523 -1 -1 -1 -1 -1 -1 -1 -1 -1
0.5122158527374268 0.8215055465698242 0.9353833794593811 -1 -1 -1 -1 -1 -1 -1 -1 -1
0.5111535787582397 0.8194666504859924 0.5665502548217773 -1 -1 -1 -1 -1 -1 -1 -1 -1
0.4885619580745697 0.8357524275779724 0.9057554602622986 -1 -1 -1 -1 -1 -1 -1 -1 -1
0.4945773482322693 0.8280251622200012 0.4670456051826477 -1 -1 -1 -1 -1 -1 -1 -1 -1
1 
33 
-1 -1 -1 -1 -1 -1 -1 -1 -1 -1
0.4530467987060547 0.42553412914276123 0.9986433386802673 -1 -1 -1 -1 -1 -1 -1 -1 -1
0.4547434449195862 0.4156438112258911 0.9993168115615845 -1 -1 -1 -1 -1 -1 -1 -1 -1
0.4556410312652588 0.4148114323616028 0.9993259906768799 -1 -1 -1 -1 -1 -1 -1 -1 -1
0.4565833806991577 0.41399067640304565 0.9993553757667542 -1 -1 -1 -1 -1 -1 -1 -1 -1
0.4545949399471283 0.4159318506717682 0.9989222288131714 -1 -1 -1 -1 -1 -1 -1 -1 -1
0.4553626477718353 0.41529709100723267 0.998309850692749 -1 -1 -1 -1 -1 -1 -1 -1 -1
0.4561787247657776 0.41458213329315186 0.9986892342567444 -1 -1 -1 -1 -1 -1 -1 -1 -1
0.46668875217437744 0.4125855565071106 0.9995090961456299 -1 -1 -1 -1 -1 -1 -1 -1 -1
0.4649685025215149 0.4120502471923828 0.9988670349121094 -1 -1 -1 -1 -1 -1 -1 -1 -1
0.4588637351989746 0.4301467537879944 0.9973414540290833 -1 -1 -1 -1 -1 -1 -1 -1 -1
0.4587908685207367 0.4312084913253784 0.9967238306999207 -1 -1 -1 -1 -1 -1 -1 -1 -1
0.4867742657661438 0.4497759938240051 0.999535322189331 -1 -1 -1 -1 -1 -1 -1 -1 -1
0.4851324260234833 0.4506637156009674 0.9951800107955933 -1 -1 -1 -1 -1 -1 -1 -1 -1
0.4794842302799225 0.3855135440826416 0.9927470088005066 -1 -1 -1 -1 -1 -1 -1 -1 -1
0.4725719690322876 0.3928128480911255 0.08621383458375931 -1 -1 -1 -1 -1 -1 -1 -1 -1
0.4803774058818817 0.3470984101295471 0.9440470933914185 -1 -1 -1 -1 -1 -1 -1 -1 -1
0.47202831506729126 0.33793753385543823 0.20063245296478271 -1 -1 -1 -1 -1 -1 -1 -1 -1
0.4758792519569397 0.3298976421356201 0.9256744384765625 -1 -1 -1 -1 -1 -1 -1 -1 -1
0.4725765585899353 0.3241519629955292 0.3174400329589844 -1 -1 -1 -1 -1 -1 -1 -1 -1
0.4756801128387451 0.32962465286254883 0.9186954498291016 -1 -1 -1 -1 -1 -1 -1 -1 -1
0.4733109772205353 0.3246951997280121 0.31016063690185547 -1 -1 -1 -1 -1 -1 -1 -1 -1
0.4761984050273895 0.33661237359046936 0.8841925859451294 -1 -1 -1 -1 -1 -1 -1 -1 -1
0.47249624133110046 0.32455724477767944 0.31868380308151245 -1 -1 -1 -1 -1 -1 -1 -1 -1
0.4908164441585541 0.5935381650924683 0.9990707039833069 -1 -1 -1 -1 -1 -1 -1 -1 -1
0.48968297243118286 0.594862163066864 0.9978736639022827 -1 -1 -1 -1 -1 -1 -1 -1 -1
0.4981401264667511 0.6966650485992432 0.9103308916091919 -1 -1 -1 -1 -1 -1 -1 -1 -1
0.4968441426753998 0.7033014297485352 0.3547501564025879 -1 -1 -1 -1 -1 -1 -1 -1 -1
0.5081177949905396 0.8064132332801819 0.9389045834541321 -1 -1 -1 -1 -1 -1 -1 -1 -1
0.5057193040847778 0.8022770881652832 0.43094322085380554 -1 -1 -1 -1 -1 -1 -1 -1 -1
0.5121474862098694 0.8183505535125732 0.9571053385734558 -1 -1 -1 -1 -1 -1 -1 -1 -1
0.5098621845245361 0.8197064399719238 0.6533933877944946 -1 -1 -1 -1 -1 -1 -1 -1 -1
0.4884425103664398 0.8340888619422913 0.9488621950149536 -1 -1 -1 -1 -1 -1 -1 -1 -1
0.4908885955810547 0.8270714282989502 0.6102308630943298 -1 -1 -1 -1 -1 -1 -1 -1 -1
1 
33 
-1 -1 -1 -1 -1 -1 -1 -1 -1 -1
0.4547913372516632 0.4291197955608368 0.9982194304466248 -1 -1 -1 -1 -1 -1 -1 -1 -1
0.45615914463996887 0.4179844856262207 0.9992145299911499 -1 -1 -1 -1 -1 -1 -1 -1 -1
0.45702558755874634 0.4171658754348755 0.9992039799690247 -1 -1 -1 -1 -1 -1 -1 -1 -1
0.4579412341117859 0.41636136174201965 0.9992325305938721 -1 -1 -1 -1 -1 -1 -1 -1 -1
0.45598724484443665 0.41839051246643066 0.9986305236816406 -1 -1 -1 -1 -1 -1 -1 -1 -1
0.45671895146369934 0.4179047644138336 0.9978207349777222 -1 -1 -1 -1 -1 -1 -1 -1 -1
0.45749038457870483 0.41733285784721375 0.9982250332832336 -1 -1 -1 -1 -1 -1 -1 -1 -1
0.4673745036125183 0.4141042232513428 0.9994633793830872 -1 -1 -1 -1 -1 -1 -1 -1 -1
0.4661414921283722 0.41356360912323 0.998621940612793 -1 -1 -1 -1 -1 -1 -1 -1 -1
0.46077772974967957 0.4343593418598175 0.9970225691795349 -1 -1 -1 -1 -1 -1 -1 -1 -1
0.46064069867134094 0.4352685809135437 0.9962129592895508 -1 -1 -1 -1 -1 -1 -1 -1 -1
0.48687154054641724 0.4490828812122345 0.9996441602706909 -1 -1 -1 -1 -1 -1 -1 -1 -1
0.48759642243385315 0.4487990140914917 0.9957578778266907 -1 -1 -1 -1 -1 -1 -1 -1 -1
0.47766759991645813 0.3833346664905548 0.9935903549194336 -1 -1 -1 -1 -1 -1 -1 -1 -1
0.47631433606147766 0.3915175795555115 0.08411798626184464 -1 -1 -1 -1 -1 -1 -1 -1 -1
0.47159305214881897 0.3275221288204193 0.9556366205215454 -1 -1 -1 -1 -1 -1 -1 -1 -1
0.4720662832260132 0.3408471345901489 0.21337413787841797 -1 -1 -1 -1 -1 -1 -1 -1 -1
0.4711586833000183 0.3149394989013672 0.9385131597518921 -1 -1 -1 -1 -1 -1 -1 -1 -1
0.4719555675983429 0.3295275568962097 0.33404311537742615 -1 -1 -1 -1 -1 -1 -1 -1 -1
0.47210419178009033 0.31774449348449707 0.9326655864715576 -1 -1 -1 -1 -1 -1 -1 -1 -1
0.4745987057685852 0.3268926441669464 0.32413679361343384 -1 -1 -1 -1 -1 -1 -1 -1 -1
0.4718048870563507 0.31913888454437256 0.9009585380554199 -1 -1 -1 -1 -1 -1 -1 -1 -1
0.4745084047317505 0.33057311177253723 0.3333101272583008 -1 -1 -1 -1 -1 -1 -1 -1 -1
0.4895913898944855 0.596444308757782 0.9994927644729614 -1 -1 -1 -1 -1 -1 -1 -1 -1
0.4904412031173706 0.5972180366516113 0.9985942244529724 -1 -1 -1 -1 -1 -1 -1 -1 -1
0.49758458137512207 0.7005764842033386 0.8583515882492065 -1 -1 -1 -1 -1 -1 -1 -1 -1
0.4986598491668701 0.7049817442893982 0.2510777413845062 -1 -1 -1 -1 -1 -1 -1 -1 -1
0.5064301490783691 0.8073409795761108 0.8863751292228699 -1 -1 -1 -1 -1 -1 -1 -1 -1
0.5060135722160339 0.8005132675170898 0.2946469783782959 -1 -1 -1 -1 -1 -1 -1 -1 -1
0.5110188722610474 0.822001039981842 0.94444739818573 -1 -1 -1 -1 -1 -1 -1 -1 -1
0.5103396773338318 0.8183079361915588 0.5805953741073608 -1 -1 -1 -1 -1 -1 -1 -1 -1
0.4852595329284668 0.8318372964859009 0.8991427421569824 -1 -1 -1 -1 -1 -1 -1 -1 -1
0.4929143488407135 0.8243478536605835 0.47093093395233154 -1 -1 -1 -1 -1 -1 -1 -1 -1
1 
33 
-1 -1 -1 -1 -1 -1 -1 -1 -1 -1
0.4541807174682617 0.42712604999542236 0.9987512826919556 -1 -1 -1 -1 -1 -1 -1 -1 -1
0.4554769694805145 0.4158979058265686 0.9993964433670044 -1 -1 -1 -1 -1 -1 -1 -1 -1
0.4564207196235657 0.41495218873023987 0.9994328618049622 -1 -1 -1 -1 -1 -1 -1 -1 -1
0.45743656158447266 0.413981556892395 0.9993624091148376 -1 -1 -1 -1 -1 -1 -1 -1 -1
0.4551616907119751 0.4161990284919739 0.9990888833999634 -1 -1 -1 -1 -1 -1 -1 -1 -1
0.4558737874031067 0.41549718379974365 0.9986380934715271 -1 -1 -1 -1 -1 -1 -1 -1 -1
0.45667487382888794 0.41470587253570557 0.9987772107124329 -1 -1 -1 -1 -1 -1 -1 -1 -1
0.4677766263484955 0.4109630584716797 0.9995947480201721 -1 -1 -1 -1 -1 -1 -1 -1 -1
0.4664059579372406 0.4103129208087921 0.999279797077179 -1 -1 -1 -1 -1 -1 -1 -1 -1
0.4599969983100891 0.4326048195362091 0.9976073503494263 -1 -1 -1 -1 -1 -1 -1 -1 -1
0.45970556139945984 0.43336135149002075 0.9972612857818604 -1 -1 -1 -1 -1 -1 -1 -1 -1
0.4856785833835602 0.4499753713607788 0.9996622800827026 -1 -1 -1 -1 -1 -1 -1 -1 -1
0.4896077513694763 0.45075392723083496 0.9966938495635986 -1 -1 -1 -1 -1 -1 -1 -1 -1
0.4736713469028473 0.4002787470817566 0.9881981015205383 -1 -1 -1 -1 -1 -1 -1 -1 -1
0.4786989986896515 0.3975833058357239 0.06860632449388504 -1 -1 -1 -1 -1 -1 -1 -1 -1
0.4774501621723175 0.35374802350997925 0.9391554594039917 -1 -1 -1 -1 -1 -1 -1 -1 -1
0.4738738238811493 0.3531748950481415 0.13867110013961792 -1 -1 -1 -1 -1 -1 -1 -1 -1
0.47823792695999146 0.34093183279037476 0.926312267780304 -1 -1 -1 -1 -1 -1 -1 -1 -1
0.47369620203971863 0.34229719638824463 0.2287524789571762 -1 -1 -1 -1 -1 -1 -1 -1 -1
0.4755714535713196 0.34546205401420593 0.9197809100151062 -1 -1 -1 -1 -1 -1 -1 -1 -1
0.4758145809173584 0.34163689613342285 0.22194147109985352 -1 -1 -1 -1 -1 -1 -1 -1 -1
0.47948452830314636 0.35005438327789307 0.8761484622955322 -1 -1 -1 -1 -1 -1 -1 -1 -1
0.4753626585006714 0.34526097774505615 0.2293747216463089 -1 -1 -1 -1 -1 -1 -1 -1 -1
0.488262414932251 0.5952615737915039 0.9992963075637817 -1 -1 -1 -1 -1 -1 -1 -1 -1
0.4920963644981384 0.5959286093711853 0.9985514283180237 -1 -1 -1 -1 -1 -1 -1 -1 -1
0.49831005930900574 0.7009615302085876 0.8465745449066162 -1 -1 -1 -1 -1 -1 -1 -1 -1
0.5003526210784912 0.7084841132164001 0.27645421028137207 -1 -1 -1 -1 -1 -1 -1 -1 -1
0.5055115818977356 0.8042786717414856 0.8822991251945496 -1 -1 -1 -1 -1 -1 -1 -1 -1
0.5052380561828613 0.8061361312866211 0.29582396149635315 -1 -1 -1 -1 -1 -1 -1 -1 -1
0.5102488398551941 0.8206415176391602 0.948931097984314 -1 -1 -1 -1 -1 -1 -1 -1 -1
0.5098907947540283 0.8211178779602051 0.5669749975204468 -1 -1 -1 -1 -1 -1 -1 -1 -1
0.48427167534828186 0.8334938287734985 0.8959785103797913 -1 -1 -1 -1 -1 -1 -1 -1 -1
0.4874708354473114 0.8310437202453613 0.4694775640964508 -1 -1 -1 -1 -1 -1 -1 -1 -1
1 
33 
-1 -1 -1 -1 -1 -1 -1 -1 -1 -1
0.4583575129508972 0.42423543334007263 0.9984983205795288 -1 -1 -1 -1 -1 -1 -1 -1 -1
0.4594130516052246 0.41447150707244873 0.9992800354957581 -1 -1 -1 -1 -1 -1 -1 -1 -1
0.4603656530380249 0.41375041007995605 0.9993417859077454 -1 -1 -1 -1 -1 -1 -1 -1 -1
0.4613592326641083 0.4130464196205139 0.9992563128471375 -1 -1 -1 -1 -1 -1 -1 -1 -1
0.4590439200401306 0.4143388569355011 0.9988896250724792 -1 -1 -1 -1 -1 -1 -1 -1 -1
0.4597502052783966 0.4135841727256775 0.9983567595481873 -1 -1 -1 -1 -1 -1 -1 -1 -1
0.46056345105171204 0.4127880334854126 0.9985014200210571 -1 -1 -1 -1 -1 -1 -1 -1 -1
0.4714227616786957 0.41041356325149536 0.9994346499443054 -1 -1 -1 -1 -1 -1 -1 -1 -1
0.47015973925590515 0.40961748361587524 0.9988762736320496 -1 -1 -1 -1 -1 -1 -1 -1 -1
0.4635589122772217 0.42896002531051636 0.9968709349632263 -1 -1 -1 -1 -1 -1 -1 -1 -1
0.46325668692588806 0.42921650409698486 0.9960716962814331 -1 -1 -1 -1 -1 -1 -1 -1 -1
0.48677894473075867 0.4494476914405823 0.9995039701461792 -1 -1 -1 -1 -1 -1 -1 -1 -1
0.4872876703739166 0.45000699162483215 0.9927138686180115 -1 -1 -1 -1 -1 -1 -1 -1 -1
0.4740197956562042 0.3964240252971649 0.9895260334014893 -1 -1 -1 -1 -1 -1 -1 -1 -1
0.47438153624534607 0.39387011528015137 0.05589982122182846 -1 -1 -1 -1 -1 -1 -1 -1 -1
0.4784161150455475 0.3510836958885193 0.941818118095398 -1 -1 -1 -1 -1 -1 -1 -1 -1
0.47147679328918457 0.34696534276008606 0.13790743052959442 -1 -1 -1 -1 -1 -1 -1 -1 -1
0.4796764552593231 0.3386666774749756 0.9268006682395935 -1 -1 -1 -1 -1 -1 -1 -1 -1
0.47227200865745544 0.33610600233078003 0.23235107958316803 -1 -1 -1 -1 -1 -1 -1 -1 -1
0.4810185432434082 0.3419024348258972 0.9202089309692383 -1 -1 -1 -1 -1 -1 -1 -1 -1
0.4729977250099182 0.3323328197002411 0.22770996391773224 -1 -1 -1 -1 -1 -1 -1 -1 -1
0.4806930422782898 0.34816884994506836 0.880332350730896 -1 -1 -1 -1 -1 -1 -1 -1 -1
0.4734776020050049 0.3379151225090027 0.23500840365886688 -1 -1 -1 -1 -1 -1 -1 -1 -1
0.4891234040260315 0.5917844176292419 0.9989752769470215 -1 -1 -1 -1 -1 -1 -1 -1 -1
0.4910382330417633 0.5923477411270142 0.9973099231719971 -1 -1 -1 -1 -1 -1 -1 -1 -1
0.4986480176448822 0.6992453336715698 0.8429090976715088 -1 -1 -1 -1 -1 -1 -1 -1 -1
0.49960857629776 0.702671468257904 0.24803602695465088 -1 -1 -1 -1 -1 -1 -1 -1 -1
0.5054085850715637 0.8070864081382751 0.9084246158599854 -1 -1 -1 -1 -1 -1 -1 -1 -1
0.5056520700454712 0.8004966974258423 0.2847612202167511 -1 -1 -1 -1 -1 -1 -1 -1 -1
0.5109211206436157 0.8248629570007324 0.9512675404548645 -1 -1 -1 -1 -1 -1 -1 -1 -1
0.508783221244812 0.8161836862564087 0.5492380857467651 -1 -1 -1 -1 -1 -1 -1 -1 -1
0.4845476746559143 0.8333816528320312 0.9144091010093689 -1 -1 -1 -1 -1 -1 -1 -1 -1
0.48834073543548584 0.8284071683883667 0.4727577567100525 -1 -1 -1 -1 -1 -1 -1 -1 -1
1 
33 
-1 -1 -1 -1 -1 -1 -1 -1 -1 -1
0.4575546681880951 0.421212375164032 0.9989870190620422 -1 -1 -1 -1 -1 -1 -1 -1 -1
0.4586021304130554 0.4104217290878296 0.999556839466095 -1 -1 -1 -1 -1 -1 -1 -1 -1
0.4595734179019928 0.40977296233177185 0.9995811581611633 -1 -1 -1 -1 -1 -1 -1 -1 -1
0.4605928659439087 0.40915948152542114 0.9995381832122803 -1 -1 -1 -1 -1 -1 -1 -1 -1
0.4583536982536316 0.4101908802986145 0.9992867112159729 -1 -1 -1 -1 -1 -1 -1 -1 -1
0.459174245595932 0.4094158411026001 0.9989368319511414 -1 -1 -1 -1 -1 -1 -1 -1 -1
0.4601762294769287 0.4085659980773926 0.9990321397781372 -1 -1 -1 -1 -1 -1 -1 -1 -1
0.4709840416908264 0.40718942880630493 0.9995492100715637 -1 -1 -1 -1 -1 -1 -1 -1 -1
0.4705047905445099 0.40581968426704407 0.999180018901825 -1 -1 -1 -1 -1 -1 -1 -1 -1
0.46286043524742126 0.4267338812351227 0.9977678060531616 -1 -1 -1 -1 -1 -1 -1 -1 -1
0.4627092778682709 0.4269583225250244 0.9971978664398193 -1 -1 -1 -1 -1 -1 -1 -1 -1
0.4854348301887512 0.450067400932312 0.999401330947876 -1 -1 -1 -1 -1 -1 -1 -1 -1
0.48842892050743103 0.44884195923805237 0.9932377338409424 -1 -1 -1 -1 -1 -1 -1 -1 -1
0.47523391246795654 0.40502113103866577 0.986164927482605 -1 -1 -1 -1 -1 -1 -1 -1 -1
0.47561758756637573 0.397494375705719 0.05579345300793648 -1 -1 -1 -1 -1 -1 -1 -1 -1
0.47583210468292236 0.35532858967781067 0.9514369964599609 -1 -1 -1 -1 -1 -1 -1 -1 -1
0.4729393720626831 0.3453327417373657 0.15701383352279663 -1 -1 -1 -1 -1 -1 -1 -1 -1
0.4769933223724365 0.34177523851394653 0.9412751197814941 -1 -1 -1 -1 -1 -1 -1 -1 -1
0.4741774797439575 0.33330395817756653 0.2549886107444763 -1 -1 -1 -1 -1 -1 -1 -1 -1
0.4786885678768158 0.3435004949569702 0.9362308979034424 -1 -1 -1 -1 -1 -1 -1 -1 -1
0.4744730591773987 0.3301391005516052 0.25005534291267395 -1 -1 -1 -1 -1 -1 -1 -1 -1
0.47833046317100525 0.3498767614364624 0.900050163269043 -1 -1 -1 -1 -1 -1 -1 -1 -1
0.4746970236301422 0.3340669572353363 0.2568318843841553 -1 -1 -1 -1 -1 -1 -1 -1 -1
0.4906187653541565 0.5885766744613647 0.9990515112876892 -1 -1 -1 -1 -1 -1 -1 -1 -1
0.4936662018299103 0.5895326733589172 0.9975639581680298 -1 -1 -1 -1 -1 -1 -1 -1 -1
0.4983668029308319 0.6945552825927734 0.8633807897567749 -1 -1 -1 -1 -1 -1 -1 -1 -1
0.4985974133014679 0.6976559162139893 0.2660379111766815 -1 -1 -1 -1 -1 -1 -1 -1 -1
0.5061554312705994 0.7978604435920715 0.9132355451583862 -1 -1 -1 -1 -1 -1 -1 -1 -1
0.5065389275550842 0.7925738096237183 0.2793249487876892 -1 -1 -1 -1 -1 -1 -1 -1 -1
0.5106249451637268 0.8113682270050049 0.9541885256767273 -1 -1 -1 -1 -1 -1 -1 -1 -1
0.5097002387046814 0.8058386445045471 0.5101732015609741 -1 -1 -1 -1 -1 -1 -1 -1 -1
0.4855048656463623 0.8291330337524414 0.9098806977272034 -1 -1 -1 -1 -1 -1 -1 -1 -1
0.48943108320236206 0.8224831223487854 0.43105950951576233 -1 -1 -1 -1 -1 -1 -1 -1 -1
1 
33 
-1 -1 -1 -1 -1 -1 -1 -1 -1 -1
0.4581622779369354 0.4178926348686218 0.9990352392196655 -1 -1 -1 -1 -1 -1 -1 -1 -1
0.4600028097629547 0.40785953402519226 0.9995331764221191 -1 -1 -1 -1 -1 -1 -1 -1 -1
0.46101513504981995 0.4071745276451111 0.9994860887527466 -1 -1 -1 -1 -1 -1 -1 -1 -1
0.46207737922668457 0.4065479040145874 0.9995267391204834 -1 -1 -1 -1 -1 -1 -1 -1 -1
0.4599548876285553 0.4077935814857483 0.9991921782493591 -1 -1 -1 -1 -1 -1 -1 -1 -1
0.46091946959495544 0.40702950954437256 0.9986762404441833 -1 -1 -1 -1 -1 -1 -1 -1 -1
0.46193432807922363 0.40623894333839417 0.998930037021637 -1 -1 -1 -1 -1 -1 -1 -1 -1
0.47213515639305115 0.4044570326805115 0.9995214939117432 -1 -1 -1 -1 -1 -1 -1 -1 -1
0.4716659188270569 0.40376025438308716 0.998768150806427 -1 -1 -1 -1 -1 -1 -1 -1 -1
0.4632740616798401 0.4222496747970581 0.9983129501342773 -1 -1 -1 -1 -1 -1 -1 -1 -1
0.46320250630378723 0.42256489396095276 0.9977537989616394 -1 -1 -1 -1 -1 -1 -1 -1 -1
0.4866940379142761 0.4387783110141754 0.9995121955871582 -1 -1 -1 -1 -1 -1 -1 -1 -1
0.490331768989563 0.4414021968841553 0.9963347911834717 -1 -1 -1 -1 -1 -1 -1 -1 -1
0.47564348578453064 0.37937596440315247 0.9957497119903564 -1 -1 -1 -1 -1 -1 -1 -1 -1
0.46938958764076233 0.37935903668403625 0.17913071811199188 -1 -1 -1 -1 -1 -1 -1 -1 -1
0.47292405366897583 0.3140011131763458 0.9747651815414429 -1 -1 -1 -1 -1 -1 -1 -1 -1
0.46959882974624634 0.32143834233283997 0.4242899715900421 -1 -1 -1 -1 -1 -1 -1 -1 -1
0.47400328516960144 0.2989502549171448 0.9586314558982849 -1 -1 -1 -1 -1 -1 -1 -1 -1
0.4637768566608429 0.30955269932746887 0.5116053819656372 -1 -1 -1 -1 -1 -1 -1 -1 -1
0.4745229482650757 0.2982012927532196 0.9538392424583435 -1 -1 -1 -1 -1 -1 -1 -1 -1
0.4718417227268219 0.3011421263217926 0.5040786266326904 -1 -1 -1 -1 -1 -1 -1 -1 -1
0.4737855792045593 0.30578747391700745 0.9319510459899902 -1 -1 -1 -1 -1 -1 -1 -1 -1
0.471428781747818 0.3073984682559967 0.5213339328765869 -1 -1 -1 -1 -1 -1 -1 -1 -1
0.4924357533454895 0.580259382724762 0.9989911913871765 -1 -1 -1 -1 -1 -1 -1 -1 -1
0.4966934323310852 0.5813400745391846 0.9972002506256104 -1 -1 -1 -1 -1 -1 -1 -1 -1
0.4959043264389038 0.6845705509185791 0.908811092376709 -1 -1 -1 -1 -1 -1 -1 -1 -1
0.49645549058914185 0.6899640560150146 0.37281543016433716 -1 -1 -1 -1 -1 -1 -1 -1 -1
0.5057408809661865 0.79279625415802 0.9466930031776428 -1 -1 -1 -1 -1 -1 -1 -1 -1
0.5063838362693787 0.7859097123146057 0.4280606210231781 -1 -1 -1 -1 -1 -1 -1 -1 -1
0.5107825994491577 0.8062901496887207 0.9614846110343933 -1 -1 -1 -1 -1 -1 -1 -1 -1
0.5106759071350098 0.8007133603096008 0.5995407700538635 -1 -1 -1 -1 -1 -1 -1 -1 -1
0.48725324869155884 0.8232275247573853 0.9367313385009766 -1 -1 -1 -1 -1 -1 -1 -1 -1
0.49259719252586365 0.8116900324821472 0.5574331879615784 -1 -1 -1 -1 -1 -1 -1 -1 -1
1 
33 
-1 -1 -1 -1 -1 -1 -1 -1 -1 -1
0.46060818433761597 0.41714829206466675 0.9981064796447754 -1 -1 -1 -1 -1 -1 -1 -1 -1
0.4625534117221832 0.406074583530426 0.9992604851722717 -1 -1 -1 -1 -1 -1 -1 -1 -1
0.4635762870311737 0.40532630681991577 0.999221920967102 -1 -1 -1 -1 -1 -1 -1 -1 -1
0.46465426683425903 0.4046846628189087 0.9992414712905884 -1 -1 -1 -1 -1 -1 -1 -1 -1
0.4626328945159912 0.40583425760269165 0.9986088871955872 -1 -1 -1 -1 -1 -1 -1 -1 -1
0.4636828601360321 0.40488407015800476 0.9978651404380798 -1 -1 -1 -1 -1 -1 -1 -1 -1
0.4647713899612427 0.4039907455444336 0.9981884360313416 -1 -1 -1 -1 -1 -1 -1 -1 -1
0.4747488796710968 0.4034256339073181 0.9991711378097534 -1 -1 -1 -1 -1 -1 -1 -1 -1
0.47450584173202515 0.40224575996398926 0.9979839324951172 -1 -1 -1 -1 -1 -1 -1 -1 -1
0.4659917950630188 0.42118459939956665 0.9972575306892395 -1 -1 -1 -1 -1 -1 -1 -1 -1
0.4658983647823334 0.4215088188648224 0.995749831199646 -1 -1 -1 -1 -1 -1 -1 -1 -1
0.48604604601860046 0.4414996802806854 0.9993821382522583 -1 -1 -1 -1 -1 -1 -1 -1 -1
0.49133098125457764 0.4410182237625122 0.9937693476676941 -1 -1 -1 -1 -1 -1 -1 -1 -1
0.47534552216529846 0.38956496119499207 0.9885416030883789 -1 -1 -1 -1 -1 -1 -1 -1 -1
0.4709976017475128 0.37993669509887695 0.11063727736473083 -1 -1 -1 -1 -1 -1 -1 -1 -1
0.4742125868797302 0.3363144099712372 0.9649168848991394 -1 -1 -1 -1 -1 -1 -1 -1 -1
0.47131702303886414 0.3182571232318878 0.40233510732650757 -1 -1 -1 -1 -1 -1 -1 -1 -1
0.4744795858860016 0.3232521414756775 0.9547961354255676 -1 -1 -1 -1 -1 -1 -1 -1 -1
0.471657931804657 0.30523577332496643 0.5498008131980896 -1 -1 -1 -1 -1 -1 -1 -1 -1
0.47521623969078064 0.3237750828266144 0.9485576748847961 -1 -1 -1 -1 -1 -1 -1 -1 -1
0.47175201773643494 0.30280444025993347 0.5393455624580383 -1 -1 -1 -1 -1 -1 -1 -1 -1
0.4746701419353485 0.3296855092048645 0.9181830883026123 -1 -1 -1 -1 -1 -1 -1 -1 -1
0.4717637002468109 0.304297536611557 0.5453794002532959 -1 -1 -1 -1 -1 -1 -1 -1 -1
0.4935899078845978 0.5808823704719543 0.9996126294136047 -1 -1 -1 -1 -1 -1 -1 -1 -1
0.4984052777290344 0.5802891254425049 0.9982909560203552 -1 -1 -1 -1 -1 -1 -1 -1 -1
0.49591419100761414 0.6778742074966431 0.9105731844902039 -1 -1 -1 -1 -1 -1 -1 -1 -1
0.49596989154815674 0.6836450099945068 0.38304200768470764 -1 -1 -1 -1 -1 -1 -1 -1 -1
0.5053197741508484 0.7874361872673035 0.9566059708595276 -1 -1 -1 -1 -1 -1 -1 -1 -1
0.5106754899024963 0.7723456621170044 0.35519906878471375 -1 -1 -1 -1 -1 -1 -1 -1 -1
0.5107069611549377 0.7999454736709595 0.967793881893158 -1 -1 -1 -1 -1 -1 -1 -1 -1
0.5165602564811707 0.7842540740966797 0.5648157000541687 -1 -1 -1 -1 -1 -1 -1 -1 -1
0.48923200368881226 0.8236812949180603 0.9473366141319275 -1 -1 -1 -1 -1 -1 -1 -1 -1
0.4995241165161133 0.7998896837234497 0.5315479636192322 -1 -1 -1 -1 -1 -1 -1 -1 -1
1 
33 
-1 -1 -1 -1 -1 -1 -1 -1 -1 -1
0.45760300755500793 0.4138394892215729 0.9970442652702332 -1 -1 -1 -1 -1 -1 -1 -1 -1
0.4592519700527191 0.4036911129951477 0.9989129304885864 -1 -1 -1 -1 -1 -1 -1 -1 -1
0.4602912962436676 0.40293991565704346 0.9988456964492798 -1 -1 -1 -1 -1 -1 -1 -1 -1
0.46143895387649536 0.40217432379722595 0.998768150806427 -1 -1 -1 -1 -1 -1 -1 -1 -1
0.4589046537876129 0.403472363948822 0.9980202913284302 -1 -1 -1 -1 -1 -1 -1 -1 -1
0.45968469977378845 0.40260568261146545 0.9969943761825562 -1 -1 -1 -1 -1 -1 -1 -1 -1
0.46053051948547363 0.4016566574573517 0.9975898265838623 -1 -1 -1 -1 -1 -1 -1 -1 -1
0.4723351001739502 0.3996744155883789 0.9985839128494263 -1 -1 -1 -1 -1 -1 -1 -1 -1
0.4705279767513275 0.3984743654727936 0.9979376792907715 -1 -1 -1 -1 -1 -1 -1 -1 -1
0.46244946122169495 0.4188169538974762 0.9970843195915222 -1 -1 -1 -1 -1 -1 -1 -1 -1
0.46199652552604675 0.41896066069602966 0.995560884475708 -1 -1 -1 -1 -1 -1 -1 -1 -1
0.48959532380104065 0.44361793994903564 0.9989639520645142 -1 -1 -1 -1 -1 -1 -1 -1 -1
0.4888772964477539 0.4347420334815979 0.995879054069519 -1 -1 -1 -1 -1 -1 -1 -1 -1
0.4778541028499603 0.41725707054138184 0.9535638689994812 -1 -1 -1 -1 -1 -1 -1 -1 -1
0.4736984074115753 0.3777231276035309 0.09174446016550064 -1 -1 -1 -1 -1 -1 -1 -1 -1
0.4667872488498688 0.3972757160663605 0.7772852182388306 -1 -1 -1 -1 -1 -1 -1 -1 -1
0.46674874424934387 0.328427791595459 0.2317967563867569 -1 -1 -1 -1 -1 -1 -1 -1 -1
0.46426907181739807 0.3938729166984558 0.7590354681015015 -1 -1 -1 -1 -1 -1 -1 -1 -1
0.45793911814689636 0.3172656297683716 0.3670220673084259 -1 -1 -1 -1 -1 -1 -1 -1 -1
0.4648478031158447 0.3923273980617523 0.748460054397583 -1 -1 -1 -1 -1 -1 -1 -1 -1
0.4593077003955841 0.31512728333473206 0.371598482131958 -1 -1 -1 -1 -1 -1 -1 -1 -1
0.46554410457611084 0.394859254360199 0.649152398109436 -1 -1 -1 -1 -1 -1 -1 -1 -1
0.45970574021339417 0.3194873631000519 0.3750322759151459 -1 -1 -1 -1 -1 -1 -1 -1 -1
0.49585098028182983 0.578834593296051 0.9995328187942505 -1 -1 -1 -1 -1 -1 -1 -1 -1
0.49581676721572876 0.5787484049797058 0.9986624717712402 -1 -1 -1 -1 -1 -1 -1 -1 -1
0.49539604783058167 0.6783391833305359 0.8201668858528137 -1 -1 -1 -1 -1 -1 -1 -1 -1
0.4929114282131195 0.6837888956069946 0.3215199410915375 -1 -1 -1 -1 -1 -1 -1 -1 -1
0.5038045048713684 0.7852464914321899 0.913050651550293 -1 -1 -1 -1 -1 -1 -1 -1 -1
0.5039446353912354 0.7759692668914795 0.31605637073516846 -1 -1 -1 -1 -1 -1 -1 -1 -1
0.5095726847648621 0.79833984375 0.9567490220069885 -1 -1 -1 -1 -1 -1 -1 -1 -1
0.5093027353286743 0.7932358384132385 0.5272026658058167 -1 -1 -1 -1 -1 -1 -1 -1 -1
0.48825499415397644 0.8199713230133057 0.9145883321762085 -1 -1 -1 -1 -1 -1 -1 -1 -1
0.49127253890037537 0.8118688464164734 0.4477516710758209 -1 -1 -1 -1 -1 -1 -1 -1 -1
1 
33 
-1 -1 -1 -1 -1 -1 -1 -1 -1 -1
0.46016862988471985 0.41015487909317017 0.998497724533081 -1 -1 -1 -1 -1 -1 -1 -1 -1
0.46157029271125793 0.39831990003585815 0.9994055032730103 -1 -1 -1 -1 -1 -1 -1 -1 -1
0.4626671373844147 0.39742544293403625 0.9993988275527954 -1 -1 -1 -1 -1 -1 -1 -1 -1
0.4638501703739166 0.39656227827072144 0.9994695782661438 -1 -1 -1 -1 -1 -1 -1 -1 -1
0.4615826904773712 0.3979618549346924 0.9989435076713562 -1 -1 -1 -1 -1 -1 -1 -1 -1
0.46263477206230164 0.39679980278015137 0.9983158111572266 -1 -1 -1 -1 -1 -1 -1 -1 -1
0.4637478291988373 0.39557743072509766 0.9986394047737122 -1 -1 -1 -1 -1 -1 -1 -1 -1
0.4742204546928406 0.3950849175453186 0.9995658993721008 -1 -1 -1 -1 -1 -1 -1 -1 -1
0.47414904832839966 0.39346766471862793 0.9984111785888672 -1 -1 -1 -1 -1 -1 -1 -1 -1
0.46612709760665894 0.4145912528038025 0.9974603652954102 -1 -1 -1 -1 -1 -1 -1 -1 -1
0.4659835994243622 0.4149143695831299 0.9963017702102661 -1 -1 -1 -1 -1 -1 -1 -1 -1
0.4876687526702881 0.4302511215209961 0.9996084570884705 -1 -1 -1 -1 -1 -1 -1 -1 -1
0.49242109060287476 0.4325132369995117 0.9933434724807739 -1 -1 -1 -1 -1 -1 -1 -1 -1
0.4654063582420349 0.3838900923728943 0.991040050983429 -1 -1 -1 -1 -1 -1 -1 -1 -1
0.4750945568084717 0.38026854395866394 0.04604238644242287 -1 -1 -1 -1 -1 -1 -1 -1 -1
0.46999379992485046 0.3327177166938782 0.9372488856315613 -1 -1 -1 -1 -1 -1 -1 -1 -1
0.4716206192970276 0.33642831444740295 0.12014210224151611 -1 -1 -1 -1 -1 -1 -1 -1 -1
0.47203412652015686 0.3195153474807739 0.9105329513549805 -1 -1 -1 -1 -1 -1 -1 -1 -1
0.4728546142578125 0.3266931176185608 0.17743243277072906 -1 -1 -1 -1 -1 -1 -1 -1 -1
0.474673867225647 0.32277655601501465 0.9032145738601685 -1 -1 -1 -1 -1 -1 -1 -1 -1
0.47455090284347534 0.32493552565574646 0.18141308426856995 -1 -1 -1 -1 -1 -1 -1 -1 -1
0.47371360659599304 0.32903367280960083 0.8713991045951843 -1 -1 -1 -1 -1 -1 -1 -1 -1
0.4736637473106384 0.328094482421875 0.20339341461658478 -1 -1 -1 -1 -1 -1 -1 -1 -1
0.4983508884906769 0.5746515393257141 0.9996620416641235 -1 -1 -1 -1 -1 -1 -1 -1 -1
0.5005903244018555 0.5758554935455322 0.9988386034965515 -1 -1 -1 -1 -1 -1 -1 -1 -1
0.49430903792381287 0.6756746768951416 0.9213228821754456 -1 -1 -1 -1 -1 -1 -1 -1 -1
0.49306267499923706 0.6849560141563416 0.2810544967651367 -1 -1 -1 -1 -1 -1 -1 -1 -1
0.49922794103622437 0.7940372824668884 0.9426757097244263 -1 -1 -1 -1 -1 -1 -1 -1 -1
0.4978809952735901 0.7907719612121582 0.4393264353275299 -1 -1 -1 -1 -1 -1 -1 -1 -1
0.5041631460189819 0.813464879989624 0.9289451837539673 -1 -1 -1 -1 -1 -1 -1 -1 -1
0.5015077590942383 0.8122012615203857 0.5624873638153076 -1 -1 -1 -1 -1 -1 -1 -1 -1
0.4815538823604584 0.8237529993057251 0.9384024143218994 -1 -1 -1 -1 -1 -1 -1 -1 -1
0.48374003171920776 0.8179019689559937 0.5805339217185974 -1 -1 -1 -1 -1 -1 -1 -1 -1
1 
33 
-1 -1 -1 -1 -1 -1 -1 -1 -1 -1
0.45906779170036316 0.4062606394290924 0.9985440969467163 -1 -1 -1 -1 -1 -1 -1 -1 -1
0.46036723256111145 0.3948820233345032 0.9994526505470276 -1 -1 -1 -1 -1 -1 -1 -1 -1
0.46139979362487793 0.39410150051116943 0.9994206428527832 -1 -1 -1 -1 -1 -1 -1 -1 -1
0.4625023603439331 0.39330267906188965 0.9994660019874573 -1 -1 -1 -1 -1 -1 -1 -1 -1
0.4601788818836212 0.3949522376060486 0.9991298317909241 -1 -1 -1 -1 -1 -1 -1 -1 -1
0.46105414628982544 0.3942035436630249 0.9986925721168518 -1 -1 -1 -1 -1 -1 -1 -1 -1
0.4619808793067932 0.3933295011520386 0.9989696741104126 -1 -1 -1 -1 -1 -1 -1 -1 -1
0.4733324348926544 0.391745924949646 0.9993746876716614 -1 -1 -1 -1 -1 -1 -1 -1 -1
0.4726018011569977 0.3913869261741638 0.9987146854400635 -1 -1 -1 -1 -1 -1 -1 -1 -1
0.46518564224243164 0.4116520285606384 0.9974960684776306 -1 -1 -1 -1 -1 -1 -1 -1 -1
0.46495693922042847 0.4126296937465668 0.9967892169952393 -1 -1 -1 -1 -1 -1 -1 -1 -1
0.4901593029499054 0.42844563722610474 0.999262273311615 -1 -1 -1 -1 -1 -1 -1 -1 -1
0.48850390315055847 0.4278654456138611 0.9895588159561157 -1 -1 -1 -1 -1 -1 -1 -1 -1
0.47315433621406555 0.3845418393611908 0.984688401222229 -1 -1 -1 -1 -1 -1 -1 -1 -1
0.4675402045249939 0.3793042302131653 0.02603451907634735 -1 -1 -1 -1 -1 -1 -1 -1 -1
0.4614314138889313 0.3478272259235382 0.9054569005966187 -1 -1 -1 -1 -1 -1 -1 -1 -1
0.4615075886249542 0.33911216259002686 0.03960931673645973 -1 -1 -1 -1 -1 -1 -1 -1 -1
0.4593615233898163 0.33635061979293823 0.8855316042900085 -1 -1 -1 -1 -1 -1 -1 -1 -1
0.463335245847702 0.32753080129623413 0.07029939442873001 -1 -1 -1 -1 -1 -1 -1 -1 -1
0.4609740674495697 0.33609214425086975 0.8731275796890259 -1 -1 -1 -1 -1 -1 -1 -1 -1
0.4630722403526306 0.32705676555633545 0.07327602058649063 -1 -1 -1 -1 -1 -1 -1 -1 -1
0.4612131714820862 0.3414825201034546 0.8012923002243042 -1 -1 -1 -1 -1 -1 -1 -1 -1
0.4616972506046295 0.3308028280735016 0.08691153675317764 -1 -1 -1 -1 -1 -1 -1 -1 -1
0.5023323893547058 0.5657657384872437 0.9995796084403992 -1 -1 -1 -1 -1 -1 -1 -1 -1
0.5016768574714661 0.5608696937561035 0.9982319474220276 -1 -1 -1 -1 -1 -1 -1 -1 -1
0.49379053711891174 0.674921452999115 0.9313033819198608 -1 -1 -1 -1 -1 -1 -1 -1 -1
0.4932435154914856 0.6723319292068481 0.2512577176094055 -1 -1 -1 -1 -1 -1 -1 -1 -1
0.49529120326042175 0.7952194213867188 0.9551428556442261 -1 -1 -1 -1 -1 -1 -1 -1 -1
0.49549511075019836 0.7843357920646667 0.34350842237472534 -1 -1 -1 -1 -1 -1 -1 -1 -1
0.5004323124885559 0.8101144433021545 0.9504485130310059 -1 -1 -1 -1 -1 -1 -1 -1 -1
0.4989220201969147 0.7994830012321472 0.42591747641563416 -1 -1 -1 -1 -1 -1 -1 -1 -1
0.4829992949962616 0.8289318084716797 0.9404916167259216 -1 -1 -1 -1 -1 -1 -1 -1 -1
0.4845282733440399 0.8194316625595093 0.45932915806770325 -1 -1 -1 -1 -1 -1 -1 -1 -1
1 
33 
-1 -1 -1 -1 -1 -1 -1 -1 -1 -1
0.4608675241470337 0.40638768672943115 0.9987173080444336 -1 -1 -1 -1 -1 -1 -1 -1 -1
0.46179863810539246 0.39488011598587036 0.9995632767677307 -1 -1 -1 -1 -1 -1 -1 -1 -1
0.46277281641960144 0.39393350481987 0.999613344669342 -1 -1 -1 -1 -1 -1 -1 -1 -1
0.46382975578308105 0.39285749197006226 0.9996284246444702 -1 -1 -1 -1 -1 -1 -1 -1 -1
0.4614831805229187 0.39481955766677856 0.9992454051971436 -1 -1 -1 -1 -1 -1 -1 -1 -1
0.4622266888618469 0.3938726484775543 0.9989349246025085 -1 -1 -1 -1 -1 -1 -1 -1 -1
0.46306025981903076 0.3926568031311035 0.9990963935852051 -1 -1 -1 -1 -1 -1 -1 -1 -1
0.4738615155220032 0.3897012174129486 0.9996223449707031 -1 -1 -1 -1 -1 -1 -1 -1 -1
0.472758948802948 0.3881266713142395 0.9993540644645691 -1 -1 -1 -1 -1 -1 -1 -1 -1
0.4665963351726532 0.4119567275047302 0.997975766658783 -1 -1 -1 -1 -1 -1 -1 -1 -1
0.465991348028183 0.4123963415622711 0.9975232481956482 -1 -1 -1 -1 -1 -1 -1 -1 -1
0.4911540150642395 0.42653942108154297 0.9996795654296875 -1 -1 -1 -1 -1 -1 -1 -1 -1
0.48965296149253845 0.4255760908126831 0.993183434009552 -1 -1 -1 -1 -1 -1 -1 -1 -1
0.47230425477027893 0.404445081949234 0.967573881149292 -1 -1 -1 -1 -1 -1 -1 -1 -1
0.4730152487754822 0.39520734548568726 0.017944490537047386 -1 -1 -1 -1 -1 -1 -1 -1 -1
0.46848708391189575 0.3602670431137085 0.8994117975234985 -1 -1 -1 -1 -1 -1 -1 -1 -1
0.47135940194129944 0.36004096269607544 0.023753227666020393 -1 -1 -1 -1 -1 -1 -1 -1 -1
0.4685070812702179 0.34698212146759033 0.9014928936958313 -1 -1 -1 -1 -1 -1 -1 -1 -1
0.4736953377723694 0.34959185123443604 0.04209129512310028 -1 -1 -1 -1 -1 -1 -1 -1 -1
0.4697488248348236 0.3516071140766144 0.8947442173957825 -1 -1 -1 -1 -1 -1 -1 -1 -1
0.4738834500312805 0.34991762042045593 0.04382795840501785 -1 -1 -1 -1 -1 -1 -1 -1 -1
0.47083780169487 0.35891634225845337 0.8221920132637024 -1 -1 -1 -1 -1 -1 -1 -1 -1
0.47197794914245605 0.353207528591156 0.05036795511841774 -1 -1 -1 -1 -1 -1 -1 -1 -1
0.5033591389656067 0.5690374970436096 0.9996849298477173 -1 -1 -1 -1 -1 -1 -1 -1 -1
0.5031094551086426 0.5659351348876953 0.9986754059791565 -1 -1 -1 -1 -1 -1 -1 -1 -1
0.4919188916683197 0.6780058145523071 0.8807032108306885 -1 -1 -1 -1 -1 -1 -1 -1 -1
0.4934883415699005 0.6782892942428589 0.22710031270980835 -1 -1 -1 -1 -1 -1 -1 -1 -1
0.49197831749916077 0.8000054359436035 0.9203723669052124 -1 -1 -1 -1 -1 -1 -1 -1 -1
0.4923577308654785 0.7934621572494507 0.29209476709365845 -1 -1 -1 -1 -1 -1 -1 -1 -1
0.497768759727478 0.8123948574066162 0.9238144755363464 -1 -1 -1 -1 -1 -1 -1 -1 -1
0.4959442615509033 0.8054250478744507 0.4271758794784546 -1 -1 -1 -1 -1 -1 -1 -1 -1
0.47703981399536133 0.8334430456161499 0.9009918570518494 -1 -1 -1 -1 -1 -1 -1 -1 -1
0.4799658954143524 0.8218730688095093 0.4062197208404541 -1 -1 -1 -1 -1 -1 -1 -1 -1
1 
33 
-1 -1 -1 -1 -1 -1 -1 -1 -1 -1
0.4607712924480438 0.4025765657424927 0.999241828918457 -1 -1 -1 -1 -1 -1 -1 -1 -1
0.46175071597099304 0.3905560374259949 0.9997465014457703 -1 -1 -1 -1 -1 -1 -1 -1 -1
0.4627046585083008 0.38948240876197815 0.9997705817222595 -1 -1 -1 -1 -1 -1 -1 -1 -1
0.46378418803215027 0.38829725980758667 0.9997825026512146 -1 -1 -1 -1 -1 -1 -1 -1 -1
0.4615047872066498 0.3906898498535156 0.9995655417442322 -1 -1 -1 -1 -1 -1 -1 -1 -1
0.4622667729854584 0.38972535729408264 0.9994034767150879 -1 -1 -1 -1 -1 -1 -1 -1 -1
0.4631389379501343 0.38853365182876587 0.9994768500328064 -1 -1 -1 -1 -1 -1 -1 -1 -1
0.4738742709159851 0.38674384355545044 0.9997475743293762 -1 -1 -1 -1 -1 -1 -1 -1 -1
0.47271043062210083 0.386168509721756 0.9996358156204224 -1 -1 -1 -1 -1 -1 -1 -1 -1
0.4664421081542969 0.4093115031719208 0.9989426732063293 -1 -1 -1 -1 -1 -1 -1 -1 -1
0.4660801291465759 0.41023433208465576 0.9986982345581055 -1 -1 -1 -1 -1 -1 -1 -1 -1
0.4940481185913086 0.4302903115749359 0.9995519518852234 -1 -1 -1 -1 -1 -1 -1 -1 -1
0.4906544089317322 0.43054860830307007 0.9951043128967285 -1 -1 -1 -1 -1 -1 -1 -1 -1
0.482586145401001 0.425946980714798 0.960383415222168 -1 -1 -1 -1 -1 -1 -1 -1 -1
0.47266483306884766 0.4087800979614258 0.0182875357568264 -1 -1 -1 -1 -1 -1 -1 -1 -1
0.4730863571166992 0.3758596181869507 0.8848190903663635 -1 -1 -1 -1 -1 -1 -1 -1 -1
0.46877118945121765 0.373803049325943 0.01803702488541603 -1 -1 -1 -1 -1 -1 -1 -1 -1
0.47131776809692383 0.36667782068252563 0.8825764060020447 -1 -1 -1 -1 -1 -1 -1 -1 -1
0.4701419472694397 0.3629124164581299 0.03117600455880165 -1 -1 -1 -1 -1 -1 -1 -1 -1
0.47202008962631226 0.3647806644439697 0.8729387521743774 -1 -1 -1 -1 -1 -1 -1 -1 -1
0.46994292736053467 0.3637895882129669 0.03214193508028984 -1 -1 -1 -1 -1 -1 -1 -1 -1
0.47230643033981323 0.3681619167327881 0.780813992023468 -1 -1 -1 -1 -1 -1 -1 -1 -1
0.46860766410827637 0.3672485053539276 0.0369005911052227 -1 -1 -1 -1 -1 -1 -1 -1 -1
0.5046523213386536 0.5677456855773926 0.9995536208152771 -1 -1 -1 -1 -1 -1 -1 -1 -1
0.5032072067260742 0.5658956170082092 0.9984580278396606 -1 -1 -1 -1 -1 -1 -1 -1 -1
0.4911282956600189 0.6764771342277527 0.8525296449661255 -1 -1 -1 -1 -1 -1 -1 -1 -1
0.4910670816898346 0.6762996912002563 0.29216524958610535 -1 -1 -1 -1 -1 -1 -1 -1 -1
0.4915739595890045 0.7947425842285156 0.9028583765029907 -1 -1 -1 -1 -1 -1 -1 -1 -1
0.4909813702106476 0.7886244654655457 0.31728655099868774 -1 -1 -1 -1 -1 -1 -1 -1 -1
0.4976043999195099 0.8069623112678528 0.9282715320587158 -1 -1 -1 -1 -1 -1 -1 -1 -1
0.49589774012565613 0.802200436592102 0.4049457311630249 -1 -1 -1 -1 -1 -1 -1 -1 -1
0.4783462882041931 0.8299459218978882 0.8891559839248657 -1 -1 -1 -1 -1 -1 -1 -1 -1
0.47834253311157227 0.820826530456543 0.4130556285381317 -1 -1 -1 -1 -1 -1 -1 -1 -1
1 
33 
-1 -1 -1 -1 -1 -1 -1 -1 -1 -1
0.46078720688819885 0.410629540681839 0.9976258873939514 -1 -1 -1 -1 -1 -1 -1 -1 -1
0.46126580238342285 0.39944034814834595 0.9991068243980408 -1 -1 -1 -1 -1 -1 -1 -1 -1
0.4621182084083557 0.39839649200439453 0.9992947578430176 -1 -1 -1 -1 -1 -1 -1 -1 -1
0.4631073772907257 0.39722740650177 0.9993256330490112 -1 -1 -1 -1 -1 -1 -1 -1 -1
0.46096059679985046 0.399860680103302 0.9985318183898926 -1 -1 -1 -1 -1 -1 -1 -1 -1
0.46155014634132385 0.39919018745422363 0.9982237219810486 -1 -1 -1 -1 -1 -1 -1 -1 -1
0.46221035718917847 0.3983284533023834 0.9982802867889404 -1 -1 -1 -1 -1 -1 -1 -1 -1
0.4726705253124237 0.3947473168373108 0.9991942048072815 -1 -1 -1 -1 -1 -1 -1 -1 -1
0.4711320102214813 0.3951553702354431 0.9986715316772461 -1 -1 -1 -1 -1 -1 -1 -1 -1
0.4659128487110138 0.4167442321777344 0.9968084692955017 -1 -1 -1 -1 -1 -1 -1 -1 -1
0.4654642939567566 0.41769304871559143 0.9953896999359131 -1 -1 -1 -1 -1 -1 -1 -1 -1
0.4913816452026367 0.43638870120048523 0.9994215965270996 -1 -1 -1 -1 -1 -1 -1 -1 -1
0.4861811101436615 0.43640708923339844 0.9879921078681946 -1 -1 -1 -1 -1 -1 -1 -1 -1
0.4746130406856537 0.42362180352211 0.9325286149978638 -1 -1 -1 -1 -1 -1 -1 -1 -1
0.4638127386569977 0.42110419273376465 0.017685703933238983 -1 -1 -1 -1 -1 -1 -1 -1 -1
0.46420443058013916 0.38700687885284424 0.8522813320159912 -1 -1 -1 -1 -1 -1 -1 -1 -1
0.4557654857635498 0.3927266597747803 0.01636475697159767 -1 -1 -1 -1 -1 -1 -1 -1 -1
0.46332070231437683 0.3718635141849518 0.8743764758110046 -1 -1 -1 -1 -1 -1 -1 -1 -1
0.45711952447891235 0.38023263216018677 0.029661815613508224 -1 -1 -1 -1 -1 -1 -1 -1 -1
0.46306097507476807 0.3759491443634033 0.8619672060012817 -1 -1 -1 -1 -1 -1 -1 -1 -1
0.45673346519470215 0.38223886489868164 0.0309077650308609 -1 -1 -1 -1 -1 -1 -1 -1 -1
0.46456626057624817 0.3803764283657074 0.7704463005065918 -1 -1 -1 -1 -1 -1 -1 -1 -1
0.45519718527793884 0.3866564631462097 0.03678899258375168 -1 -1 -1 -1 -1 -1 -1 -1 -1
0.5086835026741028 0.5729609131813049 0.9997119307518005 -1 -1 -1 -1 -1 -1 -1 -1 -1
0.505046546459198 0.5720281600952148 0.9985342025756836 -1 -1 -1 -1 -1 -1 -1 -1 -1
0.4884297847747803 0.6719760894775391 0.8582463264465332 -1 -1 -1 -1 -1 -1 -1 -1 -1
0.48823902010917664 0.669940710067749 0.20906668901443481 -1 -1 -1 -1 -1 -1 -1 -1 -1
0.4929836392402649 0.7894486784934998 0.9178725481033325 -1 -1 -1 -1 -1 -1 -1 -1 -1
0.4920371174812317 0.7843430042266846 0.2736353278160095 -1 -1 -1 -1 -1 -1 -1 -1 -1
0.5001289248466492 0.8030305504798889 0.9314577579498291 -1 -1 -1 -1 -1 -1 -1 -1 -1
0.49890655279159546 0.8009133338928223 0.4053441286087036 -1 -1 -1 -1 -1 -1 -1 -1 -1
0.47928693890571594 0.8290957808494568 0.8813252449035645 -1 -1 -1 -1 -1 -1 -1 -1 -1
0.4797033369541168 0.8243434429168701 0.37749651074409485 -1 -1 -1 -1 -1 -1 -1 -1 -1
1 
33 
-1 -1 -1 -1 -1 -1 -1 -1 -1 -1
0.4644351303577423 0.4127908945083618 0.9982265830039978 -1 -1 -1 -1 -1 -1 -1 -1 -1
0.46491727232933044 0.40123432874679565 0.9993962049484253 -1 -1 -1 -1 -1 -1 -1 -1 -1
0.46585607528686523 0.4003945589065552 0.9994691014289856 -1 -1 -1 -1 -1 -1 -1 -1 -1
0.4668837785720825 0.3995025157928467 0.9995225667953491 -1 -1 -1 -1 -1 -1 -1 -1 -1
0.464694082736969 0.4010663628578186 0.9991984963417053 -1 -1 -1 -1 -1 -1 -1 -1 -1
0.46543505787849426 0.4000990688800812 0.998986542224884 -1 -1 -1 -1 -1 -1 -1 -1 -1
0.466236412525177 0.39897674322128296 0.9991102814674377 -1 -1 -1 -1 -1 -1 -1 -1 -1
0.4761115312576294 0.3985486626625061 0.9994717240333557 -1 -1 -1 -1 -1 -1 -1 -1 -1
0.4754076898097992 0.3973771631717682 0.9995403289794922 -1 -1 -1 -1 -1 -1 -1 -1 -1
0.46991291642189026 0.4185263216495514 0.9983376264572144 -1 -1 -1 -1 -1 -1 -1 -1 -1
0.4696485996246338 0.41913843154907227 0.9979091286659241 -1 -1 -1 -1 -1 -1 -1 -1 -1
0.49153372645378113 0.44586557149887085 0.9995298385620117 -1 -1 -1 -1 -1 -1 -1 -1 -1
0.4943826496601105 0.43975454568862915 0.9955992698669434 -1 -1 -1 -1 -1 -1 -1 -1 -1
0.48312756419181824 0.4387547969818115 0.9500888586044312 -1 -1 -1 -1 -1 -1 -1 -1 -1
0.48100510239601135 0.445709228515625 0.01730235666036606 -1 -1 -1 -1 -1 -1 -1 -1 -1
0.4683789908885956 0.4105154871940613 0.8343356847763062 -1 -1 -1 -1 -1 -1 -1 -1 -1
0.4721478819847107 0.4304240942001343 0.015611659735441208 -1 -1 -1 -1 -1 -1 -1 -1 -1
0.4655247628688812 0.3978426456451416 0.8403844237327576 -1 -1 -1 -1 -1 -1 -1 -1 -1
0.4724927544593811 0.42198365926742554 0.027937721461057663 -1 -1 -1 -1 -1 -1 -1 -1 -1
0.4671572744846344 0.397502601146698 0.8278350830078125 -1 -1 -1 -1 -1 -1 -1 -1 -1
0.4715201258659363 0.42217448353767395 0.029265066608786583 -1 -1 -1 -1 -1 -1 -1 -1 -1
0.46771156787872314 0.40436530113220215 0.7201612591743469 -1 -1 -1 -1 -1 -1 -1 -1 -1
0.4704931378364563 0.42550915479660034 0.03431848809123039 -1 -1 -1 -1 -1 -1 -1 -1 -1
0.5081231594085693 0.581364095211029 0.9993830919265747 -1 -1 -1 -1 -1 -1 -1 -1 -1
0.5088077783584595 0.5781574249267578 0.9976807832717896 -1 -1 -1 -1 -1 -1 -1 -1 -1
0.48583564162254333 0.6875160932540894 0.8345485925674438 -1 -1 -1 -1 -1 -1 -1 -1 -1
0.4882952868938446 0.6832965016365051 0.27280375361442566 -1 -1 -1 -1 -1 -1 -1 -1 -1
0.4935159683227539 0.8016088008880615 0.8997483849525452 -1 -1 -1 -1 -1 -1 -1 -1 -1
0.49285101890563965 0.7914397120475769 0.25359871983528137 -1 -1 -1 -1 -1 -1 -1 -1 -1
0.5030236840248108 0.8197436928749084 0.9260202050209045 -1 -1 -1 -1 -1 -1 -1 -1 -1
0.5010015368461609 0.812554657459259 0.38991495966911316 -1 -1 -1 -1 -1 -1 -1 -1 -1
0.47712236642837524 0.8309485912322998 0.8644277453422546 -1 -1 -1 -1 -1 -1 -1 -1 -1
0.4799831509590149 0.8236069679260254 0.333600252866745 -1 -1 -1 -1 -1 -1 -1 -1 -1
1 
33 
-1 -1 -1 -1 -1 -1 -1 -1 -1 -1
0.46617376804351807 0.42502719163894653 0.9964860677719116 -1 -1 -1 -1 -1 -1 -1 -1 -1
0.46705177426338196 0.4126621186733246 0.9986999034881592 -1 -1 -1 -1 -1 -1 -1 -1 -1
0.46810439229011536 0.4116264581680298 0.9988527297973633 -1 -1 -1 -1 -1 -1 -1 -1 -1
0.46921080350875854 0.41051211953163147 0.9989570379257202 -1 -1 -1 -1 -1 -1 -1 -1 -1
0.4667664170265198 0.4132692813873291 0.997871994972229 -1 -1 -1 -1 -1 -1 -1 -1 -1
0.46756723523139954 0.4126262664794922 0.9971524477005005 -1 -1 -1 -1 -1 -1 -1 -1 -1
0.4683536887168884 0.4116944372653961 0.9974656105041504 -1 -1 -1 -1 -1 -1 -1 -1 -1
0.4786771535873413 0.4090588688850403 0.9986580610275269 -1 -1 -1 -1 -1 -1 -1 -1 -1
0.4769253432750702 0.4092811942100525 0.9980345368385315 -1 -1 -1 -1 -1 -1 -1 -1 -1
0.4718841016292572 0.43109455704689026 0.9958757758140564 -1 -1 -1 -1 -1 -1 -1 -1 -1
0.47136375308036804 0.4325297474861145 0.9932905435562134 -1 -1 -1 -1 -1 -1 -1 -1 -1
0.49654701352119446 0.4554155170917511 0.9988048076629639 -1 -1 -1 -1 -1 -1 -1 -1 -1
0.4905821979045868 0.4497324824333191 0.9894779324531555 -1 -1 -1 -1 -1 -1 -1 -1 -1
0.4784361720085144 0.4308297634124756 0.9423970580101013 -1 -1 -1 -1 -1 -1 -1 -1 -1
0.46865978837013245 0.42504143714904785 0.03000679612159729 -1 -1 -1 -1 -1 -1 -1 -1 -1
0.4675653278827667 0.4025723338127136 0.7534435391426086 -1 -1 -1 -1 -1 -1 -1 -1 -1
0.45625728368759155 0.3992694020271301 0.032902736216783524 -1 -1 -1 -1 -1 -1 -1 -1 -1
0.4663480520248413 0.3922139108181 0.7576563954353333 -1 -1 -1 -1 -1 -1 -1 -1 -1
0.45528361201286316 0.3902673125267029 0.05678737163543701 -1 -1 -1 -1 -1 -1 -1 -1 -1
0.4674913287162781 0.3933028280735016 0.7506809830665588 -1 -1 -1 -1 -1 -1 -1 -1 -1
0.4558643698692322 0.3914167881011963 0.061418864876031876 -1 -1 -1 -1 -1 -1 -1 -1 -1
0.46713361144065857 0.3989109992980957 0.6311783790588379 -1 -1 -1 -1 -1 -1 -1 -1 -1
0.455502986907959 0.3943289518356323 0.0696115717291832 -1 -1 -1 -1 -1 -1 -1 -1 -1
0.5132339596748352 0.5967845916748047 0.9995410442352295 -1 -1 -1 -1 -1 -1 -1 -1 -1
0.5059232115745544 0.5972020626068115 0.9984509944915771 -1 -1 -1 -1 -1 -1 -1 -1 -1
0.48351988196372986 0.6813582181930542 0.926758885383606 -1 -1 -1 -1 -1 -1 -1 -1 -1
0.48406240344047546 0.6843054890632629 0.3460894525051117 -1 -1 -1 -1 -1 -1 -1 -1 -1
0.49370747804641724 0.7950946092605591 0.9594143033027649 -1 -1 -1 -1 -1 -1 -1 -1 -1
0.4927498698234558 0.788928747177124 0.34163087606430054 -1 -1 -1 -1 -1 -1 -1 -1 -1
0.5030925273895264 0.8110453486442566 0.958519697189331 -1 -1 -1 -1 -1 -1 -1 -1 -1
0.5020915865898132 0.8075342774391174 0.4456411302089691 -1 -1 -1 -1 -1 -1 -1 -1 -1
0.47544431686401367 0.8319200277328491 0.9405624270439148 -1 -1 -1 -1 -1 -1 -1 -1 -1
0.4772742986679077 0.8276368379592896 0.4136316180229187 -1 -1 -1 -1 -1 -1 -1 -1 -1
1 
33 
-1 -1 -1 -1 -1 -1 -1 -1 -1 -1
0.47092029452323914 0.4439566731452942 0.9969107508659363 -1 -1 -1 -1 -1 -1 -1 -1 -1
0.4726254642009735 0.4313374161720276 0.9992105960845947 -1 -1 -1 -1 -1 -1 -1 -1 -1
0.47349312901496887 0.4307131767272949 0.9990819692611694 -1 -1 -1 -1 -1 -1 -1 -1 -1
0.47432857751846313 0.4300895631313324 0.9991970658302307 -1 -1 -1 -1 -1 -1 -1 -1 -1
0.47223204374313354 0.4314115643501282 0.9987220168113708 -1 -1 -1 -1 -1 -1 -1 -1 -1
0.47284021973609924 0.4308672547340393 0.997736930847168 -1 -1 -1 -1 -1 -1 -1 -1 -1
0.4734111726284027 0.43026435375213623 0.9985430240631104 -1 -1 -1 -1 -1 -1 -1 -1 -1
0.4822777509689331 0.4298785626888275 0.9990764856338501 -1 -1 -1 -1 -1 -1 -1 -1 -1
0.4803806245326996 0.4292811155319214 0.9992213249206543 -1 -1 -1 -1 -1 -1 -1 -1 -1
0.4760293960571289 0.4494355618953705 0.9968243837356567 -1 -1 -1 -1 -1 -1 -1 -1 -1
0.47559013962745667 0.45028847455978394 0.9964473843574524 -1 -1 -1 -1 -1 -1 -1 -1 -1
0.5013134479522705 0.4638872742652893 0.9985554814338684 -1 -1 -1 -1 -1 -1 -1 -1 -1
0.4999505281448364 0.462007999420166 0.9980358481407166 -1 -1 -1 -1 -1 -1 -1 -1 -1
0.4799390137195587 0.4337688088417053 0.9661943912506104 -1 -1 -1 -1 -1 -1 -1 -1 -1
0.4841748774051666 0.43378007411956787 0.06980622559785843 -1 -1 -1 -1 -1 -1 -1 -1 -1
0.46884989738464355 0.405132919549942 0.7664265632629395 -1 -1 -1 -1 -1 -1 -1 -1 -1
0.4747132956981659 0.4016267657279968 0.07260913401842117 -1 -1 -1 -1 -1 -1 -1 -1 -1
0.46541857719421387 0.398368239402771 0.7294946908950806 -1 -1 -1 -1 -1 -1 -1 -1 -1
0.473323792219162 0.3924829959869385 0.09809108823537827 -1 -1 -1 -1 -1 -1 -1 -1 -1
0.46710965037345886 0.399471253156662 0.7231065630912781 -1 -1 -1 -1 -1 -1 -1 -1 -1
0.4748133718967438 0.3937913179397583 0.10347742587327957 -1 -1 -1 -1 -1 -1 -1 -1 -1
0.4682155251502991 0.40373265743255615 0.6125266551971436 -1 -1 -1 -1 -1 -1 -1 -1 -1
0.47474637627601624 0.39680278301239014 0.11999070644378662 -1 -1 -1 -1 -1 -1 -1 -1 -1
0.508325457572937 0.6114810705184937 0.9994903802871704 -1 -1 -1 -1 -1 -1 -1 -1 -1
0.506749153137207 0.6118385195732117 0.9995037317276001 -1 -1 -1 -1 -1 -1 -1 -1 -1
0.4794258773326874 0.7002291083335876 0.8141975998878479 -1 -1 -1 -1 -1 -1 -1 -1 -1
0.48242753744125366 0.7053124904632568 0.23563683032989502 -1 -1 -1 -1 -1 -1 -1 -1 -1
0.49248555302619934 0.7994254231452942 0.727914035320282 -1 -1 -1 -1 -1 -1 -1 -1 -1
0.49298614263534546 0.8016335964202881 0.23176611959934235 -1 -1 -1 -1 -1 -1 -1 -1 -1
0.4999139606952667 0.8127545118331909 0.9017590284347534 -1 -1 -1 -1 -1 -1 -1 -1 -1
0.5005937218666077 0.815570592880249 0.3454568088054657 -1 -1 -1 -1 -1 -1 -1 -1 -1
0.47821417450904846 0.832011342048645 0.7572270035743713 -1 -1 -1 -1 -1 -1 -1 -1 -1
0.47915521264076233 0.8318092823028564 0.244650736451149 -1 -1 -1 -1 -1 -1 -1 -1 -1
1 
33 
-1 -1 -1 -1 -1 -1 -1 -1 -1 -1
0.4889479875564575 0.4866558611392975 0.9932798743247986 -1 -1 -1 -1 -1 -1 -1 -1 -1
0.4918164312839508 0.47981512546539307 0.9945271611213684 -1 -1 -1 -1 -1 -1 -1 -1 -1
0.49302351474761963 0.4798121452331543 0.9951243996620178 -1 -1 -1 -1 -1 -1 -1 -1 -1
0.4942215085029602 0.4798177480697632 0.9956246018409729 -1 -1 -1 -1 -1 -1 -1 -1 -1
0.4899500012397766 0.4794451594352722 0.9898715615272522 -1 -1 -1 -1 -1 -1 -1 -1 -1
0.4896203875541687 0.4791254997253418 0.98697829246521 -1 -1 -1 -1 -1 -1 -1 -1 -1
0.4892852008342743 0.4788094460964203 0.9877945184707642 -1 -1 -1 -1 -1 -1 -1 -1 -1
0.4999655783176422 0.48230257630348206 0.9980283379554749 -1 -1 -1 -1 -1 -1 -1 -1 -1
0.4937434792518616 0.48031142354011536 0.9911652207374573 -1 -1 -1 -1 -1 -1 -1 -1 -1
0.4924878180027008 0.49398642778396606 0.9960755705833435 -1 -1 -1 -1 -1 -1 -1 -1 -1
0.4899884760379791 0.49364781379699707 0.9846972227096558 -1 -1 -1 -1 -1 -1 -1 -1 -1
0.5130036473274231 0.5218084454536438 0.9998409748077393 -1 -1 -1 -1 -1 -1 -1 -1 -1
0.49699637293815613 0.511772632598877 0.9927322268486023 -1 -1 -1 -1 -1 -1 -1 -1 -1
0.5188102722167969 0.5754472613334656 0.9406939148902893 -1 -1 -1 -1 -1 -1 -1 -1 -1
0.49369099736213684 0.5380954742431641 0.13828228414058685 -1 -1 -1 -1 -1 -1 -1 -1 -1
0.5131433010101318 0.6034673452377319 0.6667270660400391 -1 -1 -1 -1 -1 -1 -1 -1 -1
0.48815855383872986 0.5307530164718628 0.1318385899066925 -1 -1 -1 -1 -1 -1 -1 -1 -1
0.5129366517066956 0.6132298111915588 0.5255283713340759 -1 -1 -1 -1 -1 -1 -1 -1 -1
0.4861023426055908 0.5293388366699219 0.13481715321540833 -1 -1 -1 -1 -1 -1 -1 -1 -1
0.5116198062896729 0.609645664691925 0.5305305123329163 -1 -1 -1 -1 -1 -1 -1 -1 -1
0.48600295186042786 0.5276313424110413 0.13536256551742554 -1 -1 -1 -1 -1 -1 -1 -1 -1
0.5112471580505371 0.6062135100364685 0.46489858627319336 -1 -1 -1 -1 -1 -1 -1 -1 -1
0.4870260953903198 0.5280228853225708 0.15745636820793152 -1 -1 -1 -1 -1 -1 -1 -1 -1
0.506095290184021 0.6185730695724487 0.9990025162696838 -1 -1 -1 -1 -1 -1 -1 -1 -1
0.4944100081920624 0.6136484742164612 0.9988150596618652 -1 -1 -1 -1 -1 -1 -1 -1 -1
0.4854501783847809 0.6982452273368835 0.8673388361930847 -1 -1 -1 -1 -1 -1 -1 -1 -1
0.4786337912082672 0.6812256574630737 0.44043150544166565 -1 -1 -1 -1 -1 -1 -1 -1 -1
0.49509260058403015 0.7770330309867859 0.8847446441650391 -1 -1 -1 -1 -1 -1 -1 -1 -1
0.48801326751708984 0.7643181681632996 0.6262685060501099 -1 -1 -1 -1 -1 -1 -1 -1 -1
0.5001044869422913 0.7860053777694702 0.8470495939254761 -1 -1 -1 -1 -1 -1 -1 -1 -1
0.49311405420303345 0.7779738903045654 0.6273764967918396 -1 -1 -1 -1 -1 -1 -1 -1 -1
0.48557138442993164 0.8095054030418396 0.9028528332710266 -1 -1 -1 -1 -1 -1 -1 -1 -1
0.47447115182876587 0.7863120436668396 0.6477501392364502 -1 -1 -1 -1 -1 -1 -1 -1 -1
1 
33 
-1 -1 -1 -1 -1 -1 -1 -1 -1 -1
0.46803662180900574 0.48850011825561523 0.9960711002349854 -1 -1 -1 -1 -1 -1 -1 -1 -1
0.4702412784099579 0.47919076681137085 0.9953910112380981 -1 -1 -1 -1 -1 -1 -1 -1 -1
0.470971941947937 0.478726863861084 0.9960026144981384 -1 -1 -1 -1 -1 -1 -1 -1 -1
0.47163182497024536 0.4784369468688965 0.996638298034668 -1 -1 -1 -1 -1 -1 -1 -1 -1
0.4699503481388092 0.4790947437286377 0.9938979744911194 -1 -1 -1 -1 -1 -1 -1 -1 -1
0.4705531597137451 0.47849565744400024 0.9933716058731079 -1 -1 -1 -1 -1 -1 -1 -1 -1
0.4711659848690033 0.47804707288742065 0.9948701858520508 -1 -1 -1 -1 -1 -1 -1 -1 -1
0.47722187638282776 0.476679265499115 0.9968981742858887 -1 -1 -1 -1 -1 -1 -1 -1 -1
0.47749313712120056 0.47631770372390747 0.994139552116394 -1 -1 -1 -1 -1 -1 -1 -1 -1
0.47295665740966797 0.4940458834171295 0.9947618842124939 -1 -1 -1 -1 -1 -1 -1 -1 -1
0.47246354818344116 0.4937519431114197 0.9905279874801636 -1 -1 -1 -1 -1 -1 -1 -1 -1
0.4990292489528656 0.5135818719863892 0.9999130964279175 -1 -1 -1 -1 -1 -1 -1 -1 -1
0.4918604791164398 0.5177277326583862 0.9989742040634155 -1 -1 -1 -1 -1 -1 -1 -1 -1
0.5154220461845398 0.5722514390945435 0.9484909772872925 -1 -1 -1 -1 -1 -1 -1 -1 -1
0.4991149604320526 0.5750923752784729 0.058050818741321564 -1 -1 -1 -1 -1 -1 -1 -1 -1
0.5170820355415344 0.6245396137237549 0.807094156742096 -1 -1 -1 -1 -1 -1 -1 -1 -1
0.5000855922698975 0.6183411478996277 0.0658634603023529 -1 -1 -1 -1 -1 -1 -1 -1 -1
0.5207187533378601 0.6379554271697998 0.7628062963485718 -1 -1 -1 -1 -1 -1 -1 -1 -1
0.5007278919219971 0.6306750178337097 0.07658886909484863 -1 -1 -1 -1 -1 -1 -1 -1 -1
0.5175682902336121 0.6377151608467102 0.7517334222793579 -1 -1 -1 -1 -1 -1 -1 -1 -1
0.4988115131855011 0.6295115351676941 0.07798528671264648 -1 -1 -1 -1 -1 -1 -1 -1 -1
0.5162309408187866 0.633049488067627 0.6599068641662598 -1 -1 -1 -1 -1 -1 -1 -1 -1
0.4986136555671692 0.6247247457504272 0.08461987972259521 -1 -1 -1 -1 -1 -1 -1 -1 -1
0.5119422674179077 0.6480319499969482 0.9996936321258545 -1 -1 -1 -1 -1 -1 -1 -1 -1
0.5050214529037476 0.6448377370834351 0.9994623064994812 -1 -1 -1 -1 -1 -1 -1 -1 -1
0.4744538366794586 0.7257838845252991 0.9656169414520264 -1 -1 -1 -1 -1 -1 -1 -1 -1
0.47415438294410706 0.7241576910018921 0.4677738845348358 -1 -1 -1 -1 -1 -1 -1 -1 -1
0.4958566427230835 0.8102049231529236 0.9591019749641418 -1 -1 -1 -1 -1 -1 -1 -1 -1
0.4952031373977661 0.810326874256134 0.5695669054985046 -1 -1 -1 -1 -1 -1 -1 -1 -1
0.5021963715553284 0.8179789185523987 0.9663636684417725 -1 -1 -1 -1 -1 -1 -1 -1 -1
0.5016146898269653 0.8199014663696289 0.652131974697113 -1 -1 -1 -1 -1 -1 -1 -1 -1
0.4855654835700989 0.8543879389762878 0.9461357593536377 -1 -1 -1 -1 -1 -1 -1 -1 -1
0.48161187767982483 0.8329639434814453 0.5984838604927063 -1 -1 -1 -1 -1 -1 -1 -1 -1
1 
33 
-1 -1 -1 -1 -1 -1 -1 -1 -1 -1
0.45897385478019714 0.5019563436508179 0.9977332353591919 -1 -1 -1 -1 -1 -1 -1 -1 -1
0.4626988470554352 0.4924333691596985 0.9974036812782288 -1 -1 -1 -1 -1 -1 -1 -1 -1
0.4638206958770752 0.4923709034919739 0.9975312352180481 -1 -1 -1 -1 -1 -1 -1 -1 -1
0.4650624394416809 0.4923125207424164 0.9978508949279785 -1 -1 -1 -1 -1 -1 -1 -1 -1
0.46228381991386414 0.4925082325935364 0.9976256489753723 -1 -1 -1 -1 -1 -1 -1 -1 -1
0.4630502462387085 0.49248969554901123 0.9976784586906433 -1 -1 -1 -1 -1 -1 -1 -1 -1
0.463951975107193 0.49239909648895264 0.9981009364128113 -1 -1 -1 -1 -1 -1 -1 -1 -1
0.47436073422431946 0.4954897165298462 0.9977673292160034 -1 -1 -1 -1 -1 -1 -1 -1 -1
0.4736670255661011 0.49484220147132874 0.9978510141372681 -1 -1 -1 -1 -1 -1 -1 -1 -1
0.46321216225624084 0.5122228264808655 0.9979098439216614 -1 -1 -1 -1 -1 -1 -1 -1 -1
0.46270114183425903 0.5120936036109924 0.9964963793754578 -1 -1 -1 -1 -1 -1 -1 -1 -1
0.4957994520664215 0.5370175838470459 0.9998652935028076 -1 -1 -1 -1 -1 -1 -1 -1 -1
0.4905429184436798 0.53682541847229 0.999308705329895 -1 -1 -1 -1 -1 -1 -1 -1 -1
0.5200949311256409 0.5844916701316833 0.9666526913642883 -1 -1 -1 -1 -1 -1 -1 -1 -1
0.5074741840362549 0.5889610648155212 0.02796616032719612 -1 -1 -1 -1 -1 -1 -1 -1 -1
0.5193847417831421 0.6374479532241821 0.7656733989715576 -1 -1 -1 -1 -1 -1 -1 -1 -1
0.5182514190673828 0.6444088816642761 0.017675012350082397 -1 -1 -1 -1 -1 -1 -1 -1 -1
0.5227835178375244 0.6526716351509094 0.71579509973526 -1 -1 -1 -1 -1 -1 -1 -1 -1
0.5211620926856995 0.6585001945495605 0.023268472403287888 -1 -1 -1 -1 -1 -1 -1 -1 -1
0.5196483731269836 0.6534823179244995 0.7103712558746338 -1 -1 -1 -1 -1 -1 -1 -1 -1
0.5192049145698547 0.6602700352668762 0.024886170402169228 -1 -1 -1 -1 -1 -1 -1 -1 -1
0.518423855304718 0.6492316722869873 0.600236713886261 -1 -1 -1 -1 -1 -1 -1 -1 -1
0.5181912779808044 0.6547157764434814 0.029659193009138107 -1 -1 -1 -1 -1 -1 -1 -1 -1
0.51390141248703 0.6749268770217896 0.999705970287323 -1 -1 -1 -1 -1 -1 -1 -1 -1
0.5068607330322266 0.6744976043701172 0.9995349645614624 -1 -1 -1 -1 -1 -1 -1 -1 -1
0.47098633646965027 0.7298104166984558 0.9906684756278992 -1 -1 -1 -1 -1 -1 -1 -1 -1
0.47097280621528625 0.7268799543380737 0.5096390247344971 -1 -1 -1 -1 -1 -1 -1 -1 -1
0.49148616194725037 0.8123157024383545 0.974494457244873 -1 -1 -1 -1 -1 -1 -1 -1 -1
0.4881751239299774 0.8079671263694763 0.6105785369873047 -1 -1 -1 -1 -1 -1 -1 -1 -1
0.5000265836715698 0.8191982507705688 0.9634378552436829 -1 -1 -1 -1 -1 -1 -1 -1 -1
0.49756690859794617 0.8199639320373535 0.651239275932312 -1 -1 -1 -1 -1 -1 -1 -1 -1
0.47862258553504944 0.8356800675392151 0.9674922823905945 -1 -1 -1 -1 -1 -1 -1 -1 -1
0.47513315081596375 0.8310016393661499 0.6553171873092651 -1 -1 -1 -1 -1 -1 -1 -1 -1
1 
33 
-1 -1 -1 -1 -1 -1 -1 -1 -1 -1
0.4916958510875702 0.5480082035064697 0.9898753762245178 -1 -1 -1 -1 -1 -1 -1 -1 -1
0.495144248008728 0.5438584685325623 0.991908073425293 -1 -1 -1 -1 -1 -1 -1 -1 -1
0.4963200092315674 0.5439408421516418 0.9906813502311707 -1 -1 -1 -1 -1 -1 -1 -1 -1
0.49751725792884827 0.5440654158592224 0.992871105670929 -1 -1 -1 -1 -1 -1 -1 -1 -1
0.4928440451622009 0.5436601042747498 0.9928404092788696 -1 -1 -1 -1 -1 -1 -1 -1 -1
0.4923434853553772 0.5435256958007812 0.9902423024177551 -1 -1 -1 -1 -1 -1 -1 -1 -1
0.49184179306030273 0.5433750152587891 0.9949411153793335 -1 -1 -1 -1 -1 -1 -1 -1 -1
0.501360297203064 0.5465402007102966 0.9931575655937195 -1 -1 -1 -1 -1 -1 -1 -1 -1
0.4933924078941345 0.5455410480499268 0.9961382746696472 -1 -1 -1 -1 -1 -1 -1 -1 -1
0.4933488667011261 0.5538718700408936 0.9782348275184631 -1 -1 -1 -1 -1 -1 -1 -1 -1
0.4905882477760315 0.5534205436706543 0.9802042841911316 -1 -1 -1 -1 -1 -1 -1 -1 -1
0.5102579593658447 0.567913830280304 0.9995995163917542 -1 -1 -1 -1 -1 -1 -1 -1 -1
0.4852100610733032 0.573584794998169 0.9990478157997131 -1 -1 -1 -1 -1 -1 -1 -1 -1
0.5160341262817383 0.5713750720024109 0.9402271509170532 -1 -1 -1 -1 -1 -1 -1 -1 -1
0.480370432138443 0.6084136962890625 0.24526850879192352 -1 -1 -1 -1 -1 -1 -1 -1 -1
0.5024937391281128 0.5552195906639099 0.6632868647575378 -1 -1 -1 -1 -1 -1 -1 -1 -1
0.4781677722930908 0.6279572248458862 0.2480633407831192 -1 -1 -1 -1 -1 -1 -1 -1 -1
0.499443918466568 0.552463710308075 0.5858954191207886 -1 -1 -1 -1 -1 -1 -1 -1 -1
0.47665655612945557 0.6361867189407349 0.23390598595142365 -1 -1 -1 -1 -1 -1 -1 -1 -1
0.4986427128314972 0.5512736439704895 0.5337010025978088 -1 -1 -1 -1 -1 -1 -1 -1 -1
0.4783864915370941 0.6327860355377197 0.25301310420036316 -1 -1 -1 -1 -1 -1 -1 -1 -1
0.49905651807785034 0.5536795854568481 0.5003027319908142 -1 -1 -1 -1 -1 -1 -1 -1 -1
0.4791424572467804 0.6299731135368347 0.26579442620277405 -1 -1 -1 -1 -1 -1 -1 -1 -1
0.5045671463012695 0.6449205279350281 0.9995878338813782 -1 -1 -1 -1 -1 -1 -1 -1 -1
0.4878176748752594 0.6494344472885132 0.999562680721283 -1 -1 -1 -1 -1 -1 -1 -1 -1
0.4913814961910248 0.69688481092453 0.8580307364463806 -1 -1 -1 -1 -1 -1 -1 -1 -1
0.4714471697807312 0.7136358618736267 0.5906293988227844 -1 -1 -1 -1 -1 -1 -1 -1 -1
0.49503305554389954 0.7807590961456299 0.6826609969139099 -1 -1 -1 -1 -1 -1 -1 -1 -1
0.48714879155158997 0.7847710847854614 0.5273403525352478 -1 -1 -1 -1 -1 -1 -1 -1 -1
0.4969426095485687 0.7921589612960815 0.7028419375419617 -1 -1 -1 -1 -1 -1 -1 -1 -1
0.4925832748413086 0.7967369556427002 0.5412493944168091 -1 -1 -1 -1 -1 -1 -1 -1 -1
0.4895632863044739 0.8081705570220947 0.8498448133468628 -1 -1 -1 -1 -1 -1 -1 -1 -1
0.47867703437805176 0.8038532733917236 0.6693533658981323 -1 -1 -1 -1 -1 -1 -1 -1 -1
1 
33 
-1 -1 -1 -1 -1 -1 -1 -1 -1 -1
0.47205469012260437 0.4970126152038574 0.9985802173614502 -1 -1 -1 -1 -1 -1 -1 -1 -1
0.4772619903087616 0.48922306299209595 0.998818576335907 -1 -1 -1 -1 -1 -1 -1 -1 -1
0.4782887101173401 0.4895261526107788 0.9989708662033081 -1 -1 -1 -1 -1 -1 -1 -1 -1
0.4793420433998108 0.48990923166275024 0.9992177486419678 -1 -1 -1 -1 -1 -1 -1 -1 -1
0.4769536852836609 0.48874592781066895 0.998713493347168 -1 -1 -1 -1 -1 -1 -1 -1 -1
0.4777591824531555 0.48867666721343994 0.9986819624900818 -1 -1 -1 -1 -1 -1 -1 -1 -1
0.4786200225353241 0.48859351873397827 0.9988622665405273 -1 -1 -1 -1 -1 -1 -1 -1 -1
0.4868176281452179 0.4974023699760437 0.9990881681442261 -1 -1 -1 -1 -1 -1 -1 -1 -1
0.48576200008392334 0.4951947331428528 0.9987741112709045 -1 -1 -1 -1 -1 -1 -1 -1 -1
0.47555771470069885 0.5077842473983765 0.9985466599464417 -1 -1 -1 -1 -1 -1 -1 -1 -1
0.4748680591583252 0.5068174600601196 0.9973674416542053 -1 -1 -1 -1 -1 -1 -1 -1 -1
0.5014767050743103 0.5564687848091125 0.9998170733451843 -1 -1 -1 -1 -1 -1 -1 -1 -1
0.49849215149879456 0.5507440567016602 0.9978663325309753 -1 -1 -1 -1 -1 -1 -1 -1 -1
0.5176505446434021 0.6219866275787354 0.9334702491760254 -1 -1 -1 -1 -1 -1 -1 -1 -1
0.5128604173660278 0.6160220503807068 0.006262601353228092 -1 -1 -1 -1 -1 -1 -1 -1 -1
0.519953727722168 0.6644787192344666 0.799678385257721 -1 -1 -1 -1 -1 -1 -1 -1 -1
0.5192386507987976 0.6600188612937927 0.009001225233078003 -1 -1 -1 -1 -1 -1 -1 -1 -1
0.5220000147819519 0.6728003621101379 0.7514848709106445 -1 -1 -1 -1 -1 -1 -1 -1 -1
0.5214425325393677 0.6700690388679504 0.013262624852359295 -1 -1 -1 -1 -1 -1 -1 -1 -1
0.5194372534751892 0.6703539490699768 0.7465460300445557 -1 -1 -1 -1 -1 -1 -1 -1 -1
0.5194162130355835 0.6692853569984436 0.01355513371527195 -1 -1 -1 -1 -1 -1 -1 -1 -1
0.5187616348266602 0.6672658324241638 0.6539347767829895 -1 -1 -1 -1 -1 -1 -1 -1 -1
0.5186924934387207 0.6654213666915894 0.01547300722450018 -1 -1 -1 -1 -1 -1 -1 -1 -1
0.5164799690246582 0.6761898994445801 0.9989173412322998 -1 -1 -1 -1 -1 -1 -1 -1 -1
0.5147583484649658 0.6728675365447998 0.9985652565956116 -1 -1 -1 -1 -1 -1 -1 -1 -1
0.47346988320350647 0.7243058085441589 0.9333289861679077 -1 -1 -1 -1 -1 -1 -1 -1 -1
0.4730831980705261 0.7230575084686279 0.25404608249664307 -1 -1 -1 -1 -1 -1 -1 -1 -1
0.491702675819397 0.815985918045044 0.909588098526001 -1 -1 -1 -1 -1 -1 -1 -1 -1
0.4860230088233948 0.8061136603355408 0.2423875331878662 -1 -1 -1 -1 -1 -1 -1 -1 -1
0.5006203055381775 0.8263795971870422 0.9108355641365051 -1 -1 -1 -1 -1 -1 -1 -1 -1
0.4948996305465698 0.8200439214706421 0.3486160337924957 -1 -1 -1 -1 -1 -1 -1 -1 -1
0.4775559902191162 0.8377268314361572 0.8738723993301392 -1 -1 -1 -1 -1 -1 -1 -1 -1
0.469978928565979 0.8294742107391357 0.260198175907135 -1 -1 -1 -1 -1 -1 -1 -1 -1
1 
33 
-1 -1 -1 -1 -1 -1 -1 -1 -1 -1
0.49815577268600464 0.5012339353561401 0.9995455145835876 -1 -1 -1 -1 -1 -1 -1 -1 -1
0.5012682676315308 0.49606698751449585 0.9996625185012817 -1 -1 -1 -1 -1 -1 -1 -1 -1
0.5021595358848572 0.49642544984817505 0.9996745586395264 -1 -1 -1 -1 -1 -1 -1 -1 -1
0.503052830696106 0.49678319692611694 0.9997947812080383 -1 -1 -1 -1 -1 -1 -1 -1 -1
0.5002471804618835 0.49530255794525146 0.9991918206214905 -1 -1 -1 -1 -1 -1 -1 -1 -1
0.5001897215843201 0.4950425624847412 0.9985426664352417 -1 -1 -1 -1 -1 -1 -1 -1 -1
0.5001214146614075 0.49477505683898926 0.9986893534660339 -1 -1 -1 -1 -1 -1 -1 -1 -1
0.5077555179595947 0.5011091828346252 0.9998717308044434 -1 -1 -1 -1 -1 -1 -1 -1 -1
0.5041921138763428 0.4980006515979767 0.9983886480331421 -1 -1 -1 -1 -1 -1 -1 -1 -1
0.4976613521575928 0.5078563094139099 0.9998570680618286 -1 -1 -1 -1 -1 -1 -1 -1 -1
0.4986215829849243 0.5075092911720276 0.99956876039505 -1 -1 -1 -1 -1 -1 -1 -1 -1
0.5128024220466614 0.5386611223220825 0.9999816417694092 -1 -1 -1 -1 -1 -1 -1 -1 -1
0.5041738152503967 0.5299392938613892 0.9992198944091797 -1 -1 -1 -1 -1 -1 -1 -1 -1
0.5056920051574707 0.5938745141029358 0.9635050296783447 -1 -1 -1 -1 -1 -1 -1 -1 -1
0.49809738993644714 0.5747672915458679 0.05810946971178055 -1 -1 -1 -1 -1 -1 -1 -1 -1
0.4890645742416382 0.6202285885810852 0.9392172694206238 -1 -1 -1 -1 -1 -1 -1 -1 -1
0.4899810254573822 0.5966240167617798 0.06392096728086472 -1 -1 -1 -1 -1 -1 -1 -1 -1
0.4861540198326111 0.6295127272605896 0.9015296697616577 -1 -1 -1 -1 -1 -1 -1 -1 -1
0.4877290427684784 0.6020737290382385 0.07165486365556717 -1 -1 -1 -1 -1 -1 -1 -1 -1
0.4835329055786133 0.6245543956756592 0.9016396403312683 -1 -1 -1 -1 -1 -1 -1 -1 -1
0.4874151349067688 0.6006172895431519 0.0807587206363678 -1 -1 -1 -1 -1 -1 -1 -1 -1
0.48473694920539856 0.621332049369812 0.8564044237136841 -1 -1 -1 -1 -1 -1 -1 -1 -1
0.4884069859981537 0.5994098782539368 0.09575502574443817 -1 -1 -1 -1 -1 -1 -1 -1 -1
0.5076513886451721 0.6144707202911377 0.9998812675476074 -1 -1 -1 -1 -1 -1 -1 -1 -1
0.5023348331451416 0.6103643178939819 0.999363124370575 -1 -1 -1 -1 -1 -1 -1 -1 -1
0.5063065886497498 0.6358078122138977 0.6784272193908691 -1 -1 -1 -1 -1 -1 -1 -1 -1
0.4958976209163666 0.6360662579536438 0.2943454384803772 -1 -1 -1 -1 -1 -1 -1 -1 -1
0.5143510699272156 0.6495910882949829 0.43956106901168823 -1 -1 -1 -1 -1 -1 -1 -1 -1
0.5080704689025879 0.6515792608261108 0.22412341833114624 -1 -1 -1 -1 -1 -1 -1 -1 -1
0.5169135332107544 0.6531311869621277 0.6074085235595703 -1 -1 -1 -1 -1 -1 -1 -1 -1
0.5113447308540344 0.6541923880577087 0.2860650420188904 -1 -1 -1 -1 -1 -1 -1 -1 -1
0.511415958404541 0.6548489332199097 0.596055269241333 -1 -1 -1 -1 -1 -1 -1 -1 -1
0.5040760040283203 0.657731294631958 0.3525230884552002 -1 -1 -1 -1 -1 -1 -1 -1 -1
1 
33 
-1 -1 -1 -1 -1 -1 -1 -1 -1 -1
0.5028969049453735 0.4787120819091797 0.9753300547599792 -1 -1 -1 -1 -1 -1 -1 -1 -1
0.5084109306335449 0.47331804037094116 0.9841804504394531 -1 -1 -1 -1 -1 -1 -1 -1 -1
0.509369432926178 0.47374364733695984 0.9845653176307678 -1 -1 -1 -1 -1 -1 -1 -1 -1
0.5104121565818787 0.47419533133506775 0.9872816205024719 -1 -1 -1 -1 -1 -1 -1 -1 -1
0.5079081058502197 0.4729529619216919 0.9797938466072083 -1 -1 -1 -1 -1 -1 -1 -1 -1
0.5084878206253052 0.47310352325439453 0.9794198870658875 -1 -1 -1 -1 -1 -1 -1 -1 -1
0.5091987252235413 0.4732343852519989 0.9847398400306702 -1 -1 -1 -1 -1 -1 -1 -1 -1
0.516905665397644 0.4837323725223541 0.9872550964355469 -1 -1 -1 -1 -1 -1 -1 -1 -1
0.5152643918991089 0.48241886496543884 0.9855027198791504 -1 -1 -1 -1 -1 -1 -1 -1 -1
0.5041177868843079 0.48903924226760864 0.9863378405570984 -1 -1 -1 -1 -1 -1 -1 -1 -1
0.5034846663475037 0.48800504207611084 0.9719154238700867 -1 -1 -1 -1 -1 -1 -1 -1 -1
0.5235514640808105 0.5432650446891785 0.997685432434082 -1 -1 -1 -1 -1 -1 -1 -1 -1
0.5139356255531311 0.5418141484260559 0.9921839833259583 -1 -1 -1 -1 -1 -1 -1 -1 -1
0.49216940999031067 0.5785723328590393 0.9237794876098633 -1 -1 -1 -1 -1 -1 -1 -1 -1
0.4909360408782959 0.5682970881462097 0.026291800662875175 -1 -1 -1 -1 -1 -1 -1 -1 -1
0.44893234968185425 0.5818357467651367 0.8425242900848389 -1 -1 -1 -1 -1 -1 -1 -1 -1
0.46073850989341736 0.5767167210578918 0.03269564360380173 -1 -1 -1 -1 -1 -1 -1 -1 -1
0.4401124119758606 0.5769246816635132 0.8285796046257019 -1 -1 -1 -1 -1 -1 -1 -1 -1
0.4571894407272339 0.5693480968475342 0.05230892449617386 -1 -1 -1 -1 -1 -1 -1 -1 -1
0.44236308336257935 0.566641092300415 0.8228560090065002 -1 -1 -1 -1 -1 -1 -1 -1 -1
0.45504653453826904 0.5672813057899475 0.05572976917028427 -1 -1 -1 -1 -1 -1 -1 -1 -1
0.4453376531600952 0.570427656173706 0.7110449075698853 -1 -1 -1 -1 -1 -1 -1 -1 -1
0.45542705059051514 0.5712659955024719 0.06300946325063705 -1 -1 -1 -1 -1 -1 -1 -1 -1
0.533535897731781 0.6782687902450562 0.997853696346283 -1 -1 -1 -1 -1 -1 -1 -1 -1
0.5239784717559814 0.6777389645576477 0.9967045187950134 -1 -1 -1 -1 -1 -1 -1 -1 -1
0.48380687832832336 0.7149854898452759 0.9423784613609314 -1 -1 -1 -1 -1 -1 -1 -1 -1
0.4779650866985321 0.7221858501434326 0.3077901303768158 -1 -1 -1 -1 -1 -1 -1 -1 -1
0.4889410734176636 0.8171043395996094 0.9327074885368347 -1 -1 -1 -1 -1 -1 -1 -1 -1
0.4846373498439789 0.8156233429908752 0.59593665599823 -1 -1 -1 -1 -1 -1 -1 -1 -1
0.4953930675983429 0.8353030681610107 0.9477105736732483 -1 -1 -1 -1 -1 -1 -1 -1 -1
0.49285513162612915 0.8365306854248047 0.7045855522155762 -1 -1 -1 -1 -1 -1 -1 -1 -1
0.4744144380092621 0.852015495300293 0.9055108428001404 -1 -1 -1 -1 -1 -1 -1 -1 -1
0.45978206396102905 0.8386623859405518 0.6387217044830322 -1 -1 -1 -1 -1 -1 -1 -1 -1
1 
33 
-1 -1 -1 -1 -1 -1 -1 -1 -1 -1
0.5171736478805542 0.48498833179473877 0.9980980753898621 -1 -1 -1 -1 -1 -1 -1 -1 -1
0.5220062732696533 0.477347731590271 0.9993888139724731 -1 -1 -1 -1 -1 -1 -1 -1 -1
0.5228402614593506 0.47756266593933105 0.9994578957557678 -1 -1 -1 -1 -1 -1 -1 -1 -1
0.5238324403762817 0.4778282642364502 0.9996030926704407 -1 -1 -1 -1 -1 -1 -1 -1 -1
0.5216997861862183 0.4770219027996063 0.9989627599716187 -1 -1 -1 -1 -1 -1 -1 -1 -1
0.5222617983818054 0.4769827723503113 0.9984567165374756 -1 -1 -1 -1 -1 -1 -1 -1 -1
0.5228683948516846 0.47693395614624023 0.9988833069801331 -1 -1 -1 -1 -1 -1 -1 -1 -1
0.5299038290977478 0.48648643493652344 0.9992994070053101 -1 -1 -1 -1 -1 -1 -1 -1 -1
0.5287108421325684 0.4841884970664978 0.9992278814315796 -1 -1 -1 -1 -1 -1 -1 -1 -1
0.5173951387405396 0.4955206513404846 0.9970616698265076 -1 -1 -1 -1 -1 -1 -1 -1 -1
0.5170567035675049 0.495086669921875 0.9958985447883606 -1 -1 -1 -1 -1 -1 -1 -1 -1
0.5311818718910217 0.5352122187614441 0.9990259408950806 -1 -1 -1 -1 -1 -1 -1 -1 -1
0.5263173580169678 0.5353282690048218 0.9871371984481812 -1 -1 -1 -1 -1 -1 -1 -1 -1
0.5069484710693359 0.5108883380889893 0.9394567012786865 -1 -1 -1 -1 -1 -1 -1 -1 -1
0.5035880208015442 0.5209962129592896 0.031463317573070526 -1 -1 -1 -1 -1 -1 -1 -1 -1
0.5141576528549194 0.4807024300098419 0.5092771649360657 -1 -1 -1 -1 -1 -1 -1 -1 -1
0.5057274699211121 0.4867139458656311 0.014431478455662727 -1 -1 -1 -1 -1 -1 -1 -1 -1
0.5161493420600891 0.4730289876461029 0.45291152596473694 -1 -1 -1 -1 -1 -1 -1 -1 -1
0.5064377784729004 0.47838717699050903 0.022536957636475563 -1 -1 -1 -1 -1 -1 -1 -1 -1
0.5197111964225769 0.47758743166923523 0.44831350445747375 -1 -1 -1 -1 -1 -1 -1 -1 -1
0.5089128017425537 0.4811137914657593 0.024561336264014244 -1 -1 -1 -1 -1 -1 -1 -1 -1
0.5187681317329407 0.48193463683128357 0.405986487865448 -1 -1 -1 -1 -1 -1 -1 -1 -1
0.5088350772857666 0.4832128882408142 0.030146799981594086 -1 -1 -1 -1 -1 -1 -1 -1 -1
0.5353456139564514 0.677756130695343 0.9994531273841858 -1 -1 -1 -1 -1 -1 -1 -1 -1
0.5298572182655334 0.6759423017501831 0.9993360638618469 -1 -1 -1 -1 -1 -1 -1 -1 -1
0.4793957471847534 0.7087025046348572 0.943896472454071 -1 -1 -1 -1 -1 -1 -1 -1 -1
0.4785726070404053 0.7151480913162231 0.372038334608078 -1 -1 -1 -1 -1 -1 -1 -1 -1
0.48538053035736084 0.8147183656692505 0.9601971507072449 -1 -1 -1 -1 -1 -1 -1 -1 -1
0.48392975330352783 0.8131515979766846 0.41885077953338623 -1 -1 -1 -1 -1 -1 -1 -1 -1
0.4923546016216278 0.8334019184112549 0.9665154814720154 -1 -1 -1 -1 -1 -1 -1 -1 -1
0.49096977710723877 0.8324859142303467 0.5052140355110168 -1 -1 -1 -1 -1 -1 -1 -1 -1
0.46090131998062134 0.8376147150993347 0.948785126209259 -1 -1 -1 -1 -1 -1 -1 -1 -1
0.46080470085144043 0.8385366797447205 0.4556454122066498 -1 -1 -1 -1 -1 -1 -1 -1 -1
1 
33 
-1 -1 -1 -1 -1 -1 -1 -1 -1 -1
0.5312454104423523 0.581534206867218 0.8890028595924377 -1 -1 -1 -1 -1 -1 -1 -1 -1
0.5293416380882263 0.5886679291725159 0.9739017486572266 -1 -1 -1 -1 -1 -1 -1 -1 -1
0.5278171896934509 0.589136004447937 0.9528171420097351 -1 -1 -1 -1 -1 -1 -1 -1 -1
0.52629554271698 0.5895467400550842 0.9719312191009521 -1 -1 -1 -1 -1 -1 -1 -1 -1
0.5334713459014893 0.5867286324501038 0.9698671698570251 -1 -1 -1 -1 -1 -1 -1 -1 -1
0.5347869396209717 0.585839569568634 0.9173780083656311 -1 -1 -1 -1 -1 -1 -1 -1 -1
0.5361273288726807 0.5848514437675476 0.9536994695663452 -1 -1 -1 -1 -1 -1 -1 -1 -1
0.5234473943710327 0.5830987095832825 0.9807960987091064 -1 -1 -1 -1 -1 -1 -1 -1 -1
0.5371545553207397 0.5772715210914612 0.9650219678878784 -1 -1 -1 -1 -1 -1 -1 -1 -1
0.5275177955627441 0.5737972259521484 0.7794291973114014 -1 -1 -1 -1 -1 -1 -1 -1 -1
0.5329211950302124 0.5713849663734436 0.7683325409889221 -1 -1 -1 -1 -1 -1 -1 -1 -1
0.5074881911277771 0.551593005657196 0.7458807229995728 -1 -1 -1 -1 -1 -1 -1 -1 -1
0.5493401885032654 0.5315077304840088 0.6888508796691895 -1 -1 -1 -1 -1 -1 -1 -1 -1
0.5082899332046509 0.5689722895622253 0.37881752848625183 -1 -1 -1 -1 -1 -1 -1 -1 -1
0.5583858489990234 0.49801385402679443 0.32773423194885254 -1 -1 -1 -1 -1 -1 -1 -1 -1
0.5193915367126465 0.6090730428695679 0.4858766496181488 -1 -1 -1 -1 -1 -1 -1 -1 -1
0.5557078719139099 0.4826829135417938 0.10077887028455734 -1 -1 -1 -1 -1 -1 -1 -1 -1
0.5186344385147095 0.6238832473754883 0.4159358739852905 -1 -1 -1 -1 -1 -1 -1 -1 -1
0.5559211373329163 0.47368982434272766 0.06122174859046936 -1 -1 -1 -1 -1 -1 -1 -1 -1
0.520179271697998 0.6197423934936523 0.4288429915904999 -1 -1 -1 -1 -1 -1 -1 -1 -1
0.5554648637771606 0.4781520962715149 0.08323045074939728 -1 -1 -1 -1 -1 -1 -1 -1 -1
0.52131587266922 0.6126750707626343 0.4178033173084259 -1 -1 -1 -1 -1 -1 -1 -1 -1
0.555067777633667 0.4824826121330261 0.09895601868629456 -1 -1 -1 -1 -1 -1 -1 -1 -1
0.5144282579421997 0.4547540247440338 0.9469125270843506 -1 -1 -1 -1 -1 -1 -1 -1 -1
0.5396403670310974 0.4517388343811035 0.956419050693512 -1 -1 -1 -1 -1 -1 -1 -1 -1
0.5120572447776794 0.3949025273323059 0.3031543493270874 -1 -1 -1 -1 -1 -1 -1 -1 -1
0.5412963628768921 0.43622857332229614 0.15632927417755127 -1 -1 -1 -1 -1 -1 -1 -1 -1
0.5235915184020996 0.3748888671398163 0.038208577781915665 -1 -1 -1 -1 -1 -1 -1 -1 -1
0.5403162240982056 0.4026224911212921 0.006454037968069315 -1 -1 -1 -1 -1 -1 -1 -1 -1
0.5242211222648621 0.3762993812561035 0.027024606242775917 -1 -1 -1 -1 -1 -1 -1 -1 -1
0.5379577279090881 0.39287930727005005 0.05836911126971245 -1 -1 -1 -1 -1 -1 -1 -1 -1
0.5266642570495605 0.3582460880279541 0.016983136534690857 -1 -1 -1 -1 -1 -1 -1 -1 -1
0.5505149960517883 0.39823418855667114 0.0012770741013810039 -1 -1 -1 -1 -1 -1 -1 -1 -1
1 
33 
-1 -1 -1 -1 -1 -1 -1 -1 -1 -1
0.5565924644470215 0.46107617020606995 0.9972659349441528 -1 -1 -1 -1 -1 -1 -1 -1 -1
0.5615991950035095 0.463625967502594 0.9982348680496216 -1 -1 -1 -1 -1 -1 -1 -1 -1
0.5621892213821411 0.4651767313480377 0.9984948635101318 -1 -1 -1 -1 -1 -1 -1 -1 -1
0.5627700686454773 0.4667626917362213 0.9984785914421082 -1 -1 -1 -1 -1 -1 -1 -1 -1
0.560864269733429 0.46201854944229126 0.9970604777336121 -1 -1 -1 -1 -1 -1 -1 -1 -1
0.5607884526252747 0.46233731508255005 0.9965194463729858 -1 -1 -1 -1 -1 -1 -1 -1 -1
0.5607162714004517 0.46268531680107117 0.9970351457595825 -1 -1 -1 -1 -1 -1 -1 -1 -1
0.5633628368377686 0.4791043698787689 0.9981605410575867 -1 -1 -1 -1 -1 -1 -1 -1 -1
0.5609925389289856 0.47361642122268677 0.9985852241516113 -1 -1 -1 -1 -1 -1 -1 -1 -1
0.5537965297698975 0.46970134973526 0.9971694350242615 -1 -1 -1 -1 -1 -1 -1 -1 -1
0.5526225566864014 0.46764975786209106 0.9955434203147888 -1 -1 -1 -1 -1 -1 -1 -1 -1
0.5537021160125732 0.5125229954719543 0.9996604919433594 -1 -1 -1 -1 -1 -1 -1 -1 -1
0.5407328009605408 0.5111054182052612 0.996777355670929 -1 -1 -1 -1 -1 -1 -1 -1 -1
0.5595972537994385 0.5154151320457458 0.9319300651550293 -1 -1 -1 -1 -1 -1 -1 -1 -1
0.5319117903709412 0.5497106909751892 0.012386631220579147 -1 -1 -1 -1 -1 -1 -1 -1 -1
0.5564620494842529 0.5009873509407043 0.7366634607315063 -1 -1 -1 -1 -1 -1 -1 -1 -1
0.5256472826004028 0.5709243416786194 0.02170763537287712 -1 -1 -1 -1 -1 -1 -1 -1 -1
0.5574971437454224 0.4981172978878021 0.7234447002410889 -1 -1 -1 -1 -1 -1 -1 -1 -1
0.5255504846572876 0.5794483423233032 0.037856198847293854 -1 -1 -1 -1 -1 -1 -1 -1 -1
0.5576205253601074 0.4979880154132843 0.7199274301528931 -1 -1 -1 -1 -1 -1 -1 -1 -1
0.524141788482666 0.5765115022659302 0.04269729182124138 -1 -1 -1 -1 -1 -1 -1 -1 -1
0.5560612082481384 0.5000911951065063 0.6263706088066101 -1 -1 -1 -1 -1 -1 -1 -1 -1
0.5239131450653076 0.5729464292526245 0.04625356197357178 -1 -1 -1 -1 -1 -1 -1 -1 -1
0.5215561985969543 0.6386076807975769 0.9998154044151306 -1 -1 -1 -1 -1 -1 -1 -1 -1
0.5155817866325378 0.6287505626678467 0.9994809031486511 -1 -1 -1 -1 -1 -1 -1 -1 -1
0.47554078698158264 0.6901969909667969 0.877907395362854 -1 -1 -1 -1 -1 -1 -1 -1 -1
0.47698718309402466 0.6918795704841614 0.22228392958641052 -1 -1 -1 -1 -1 -1 -1 -1 -1
0.4720870852470398 0.7900232076644897 0.8642128109931946 -1 -1 -1 -1 -1 -1 -1 -1 -1
0.4754234552383423 0.7892389297485352 0.26933133602142334 -1 -1 -1 -1 -1 -1 -1 -1 -1
0.4769800901412964 0.7930417656898499 0.8983448147773743 -1 -1 -1 -1 -1 -1 -1 -1 -1
0.48002713918685913 0.7982004880905151 0.3644254803657532 -1 -1 -1 -1 -1 -1 -1 -1 -1
0.4594714045524597 0.8159751296043396 0.8333737850189209 -1 -1 -1 -1 -1 -1 -1 -1 -1
0.4672921895980835 0.8127580881118774 0.28195899724960327 -1 -1 -1 -1 -1 -1 -1 -1 -1
1 
