21
1 
33 
-1 -1 -1 -1 -1 -1 -1 -1 -1 -1
0.46573734283447266 0.3805984556674957 0.9969245791435242 -1 -1 -1 -1 -1 -1 -1 -1 -1
0.46792006492614746 0.36953914165496826 0.9982348680496216 -1 -1 -1 -1 -1 -1 -1 -1 -1
0.4688378572463989 0.36894896626472473 0.9981278777122498 -1 -1 -1 -1 -1 -1 -1 -1 -1
0.46974119544029236 0.3685716390609741 0.9983294606208801 -1 -1 -1 -1 -1 -1 -1 -1 -1
0.46757540106773376 0.3693939447402954 0.997351884841919 -1 -1 -1 -1 -1 -1 -1 -1 -1
0.4681301712989807 0.3686774671077728 0.9959304928779602 -1 -1 -1 -1 -1 -1 -1 -1 -1
0.4686588644981384 0.36800244450569153 0.9966784715652466 -1 -1 -1 -1 -1 -1 -1 -1 -1
0.47694382071495056 0.3694021999835968 0.9983456134796143 -1 -1 -1 -1 -1 -1 -1 -1 -1
0.47495004534721375 0.368552029132843 0.9953252077102661 -1 -1 -1 -1 -1 -1 -1 -1 -1
0.46972912549972534 0.38513919711112976 0.9946282505989075 -1 -1 -1 -1 -1 -1 -1 -1 -1
0.4690415859222412 0.38619548082351685 0.9927501678466797 -1 -1 -1 -1 -1 -1 -1 -1 -1
0.48759350180625916 0.4024789035320282 0.9989390969276428 -1 -1 -1 -1 -1 -1 -1 -1 -1
0.48324164748191833 0.4057947099208832 0.9852979779243469 -1 -1 -1 -1 -1 -1 -1 -1 -1
0.4725278615951538 0.33716288208961487 0.9972634315490723 -1 -1 -1 -1 -1 -1 -1 -1 -1
0.47199949622154236 0.3422670364379883 0.10768657177686691 -1 -1 -1 -1 -1 -1 -1 -1 -1
0.46578535437583923 0.2753017842769623 0.9687334895133972 -1 -1 -1 -1 -1 -1 -1 -1 -1
0.4639095962047577 0.29032981395721436 0.25810712575912476 -1 -1 -1 -1 -1 -1 -1 -1 -1
0.4652068018913269 0.2586756944656372 0.9437142610549927 -1 -1 -1 -1 -1 -1 -1 -1 -1
0.4655193090438843 0.277457058429718 0.33109399676322937 -1 -1 -1 -1 -1 -1 -1 -1 -1
0.4679361879825592 0.2607845067977905 0.9345497488975525 -1 -1 -1 -1 -1 -1 -1 -1 -1
0.4662122428417206 0.27424678206443787 0.3361399173736572 -1 -1 -1 -1 -1 -1 -1 -1 -1
0.46774938702583313 0.26749497652053833 0.9139564633369446 -1 -1 -1 -1 -1 -1 -1 -1 -1
0.4653209447860718 0.2783149480819702 0.36670419573783875 -1 -1 -1 -1 -1 -1 -1 -1 -1
0.489525705575943 0.5430780649185181 0.9993133544921875 -1 -1 -1 -1 -1 -1 -1 -1 -1
0.4877445101737976 0.5440877676010132 0.997314989566803 -1 -1 -1 -1 -1 -1 -1 -1 -1
0.4946092963218689 0.6582642197608948 0.9551267623901367 -1 -1 -1 -1 -1 -1 -1 -1 -1
0.49108612537384033 0.6579505205154419 0.29807740449905396 -1 -1 -1 -1 -1 -1 -1 -1 -1
0.5049968957901001 0.7708413600921631 0.9653810262680054 -1 -1 -1 -1 -1 -1 -1 -1 -1
0.5029862523078918 0.7638834118843079 0.4359409809112549 -1 -1 -1 -1 -1 -1 -1 -1 -1
0.5122724175453186 0.7861510515213013 0.9576265215873718 -1 -1 -1 -1 -1 -1 -1 -1 -1
0.5082136392593384 0.7816569805145264 0.5371584296226501 -1 -1 -1 -1 -1 -1 -1 -1 -1
0.48864394426345825 0.8018338084220886 0.9535107612609863 -1 -1 -1 -1 -1 -1 -1 -1 -1
0.48849576711654663 0.7939271330833435 0.5676679015159607 -1 -1 -1 -1 -1 -1 -1 -1 -1
1 
33 
-1 -1 -1 -1 -1 -1 -1 -1 -1 -1
0.4656001031398773 0.3669312298297882 0.9976208806037903 -1 -1 -1 -1 -1 -1 -1 -1 -1
0.4684365391731262 0.35574865341186523 0.9987181425094604 -1 -1 -1 -1 -1 -1 -1 -1 -1
0.46936875581741333 0.3553258180618286 0.9986231327056885 -1 -1 -1 -1 -1 -1 -1 -1 -1
0.4704116880893707 0.3548821210861206 0.9988369345664978 -1 -1 -1 -1 -1 -1 -1 -1 -1
0.46826207637786865 0.35518792271614075 0.9981180429458618 -1 -1 -1 -1 -1 -1 -1 -1 -1
0.469015896320343 0.35437220335006714 0.9970306158065796 -1 -1 -1 -1 -1 -1 -1 -1 -1
0.46968764066696167 0.3535788357257843 0.9975876808166504 -1 -1 -1 -1 -1 -1 -1 -1 -1
0.47753167152404785 0.3558398485183716 0.9986053109169006 -1 -1 -1 -1 -1 -1 -1 -1 -1
0.4762659966945648 0.35503333806991577 0.9964351654052734 -1 -1 -1 -1 -1 -1 -1 -1 -1
0.47013479471206665 0.3715730905532837 0.9951039552688599 -1 -1 -1 -1 -1 -1 -1 -1 -1
0.46969401836395264 0.37208443880081177 0.9942781925201416 -1 -1 -1 -1 -1 -1 -1 -1 -1
0.48646342754364014 0.3869483470916748 0.9990084767341614 -1 -1 -1 -1 -1 -1 -1 -1 -1
0.48453956842422485 0.39234113693237305 0.9862404465675354 -1 -1 -1 -1 -1 -1 -1 -1 -1
0.471454381942749 0.32628291845321655 0.9964522123336792 -1 -1 -1 -1 -1 -1 -1 -1 -1
0.47040823101997375 0.3332096040248871 0.0726255476474762 -1 -1 -1 -1 -1 -1 -1 -1 -1
0.4684981107711792 0.2553006112575531 0.9720693826675415 -1 -1 -1 -1 -1 -1 -1 -1 -1
0.4629983901977539 0.2826380729675293 0.16199147701263428 -1 -1 -1 -1 -1 -1 -1 -1 -1
0.4681274890899658 0.2424146831035614 0.9517359137535095 -1 -1 -1 -1 -1 -1 -1 -1 -1
0.46444016695022583 0.26953646540641785 0.23447278141975403 -1 -1 -1 -1 -1 -1 -1 -1 -1
0.4694923162460327 0.24146854877471924 0.9445818066596985 -1 -1 -1 -1 -1 -1 -1 -1 -1
0.46492305397987366 0.26665616035461426 0.2364441156387329 -1 -1 -1 -1 -1 -1 -1 -1 -1
0.46957749128341675 0.2435014843940735 0.9232022762298584 -1 -1 -1 -1 -1 -1 -1 -1 -1
0.46406611800193787 0.2702890634536743 0.262387752532959 -1 -1 -1 -1 -1 -1 -1 -1 -1
0.4891054332256317 0.5357197523117065 0.9992347955703735 -1 -1 -1 -1 -1 -1 -1 -1 -1
0.4897638261318207 0.5340178608894348 0.9971303343772888 -1 -1 -1 -1 -1 -1 -1 -1 -1
0.49311304092407227 0.6569839119911194 0.9687345027923584 -1 -1 -1 -1 -1 -1 -1 -1 -1
0.49046123027801514 0.6478838920593262 0.35839366912841797 -1 -1 -1 -1 -1 -1 -1 -1 -1
0.5019503235816956 0.766615629196167 0.9720926880836487 -1 -1 -1 -1 -1 -1 -1 -1 -1
0.4995465576648712 0.7580165266990662 0.46716806292533875 -1 -1 -1 -1 -1 -1 -1 -1 -1
0.5077892541885376 0.7770462036132812 0.9717341661453247 -1 -1 -1 -1 -1 -1 -1 -1 -1
0.5036739706993103 0.7732676863670349 0.5264493227005005 -1 -1 -1 -1 -1 -1 -1 -1 -1
0.48983901739120483 0.7984615564346313 0.9599018096923828 -1 -1 -1 -1 -1 -1 -1 -1 -1
0.4903857409954071 0.7908337712287903 0.5885922312736511 -1 -1 -1 -1 -1 -1 -1 -1 -1
1 
33 
-1 -1 -1 -1 -1 -1 -1 -1 -1 -1
0.4654138386249542 0.3616555631160736 0.9958639144897461 -1 -1 -1 -1 -1 -1 -1 -1 -1
0.46850696206092834 0.3485358953475952 0.99774169921875 -1 -1 -1 -1 -1 -1 -1 -1 -1
0.4694492518901825 0.34783631563186646 0.9977073669433594 -1 -1 -1 -1 -1 -1 -1 -1 -1
0.4702770411968231 0.34738582372665405 0.9978419542312622 -1 -1 -1 -1 -1 -1 -1 -1 -1
0.46842336654663086 0.34829872846603394 0.9962006211280823 -1 -1 -1 -1 -1 -1 -1 -1 -1
0.46926045417785645 0.34738999605178833 0.9946958422660828 -1 -1 -1 -1 -1 -1 -1 -1 -1
0.4699547290802002 0.34663861989974976 0.9952372312545776 -1 -1 -1 -1 -1 -1 -1 -1 -1
0.4774003326892853 0.34824126958847046 0.9970068335533142 -1 -1 -1 -1 -1 -1 -1 -1 -1
0.47634944319725037 0.34747129678726196 0.991309404373169 -1 -1 -1 -1 -1 -1 -1 -1 -1
0.47011515498161316 0.3670114576816559 0.991332471370697 -1 -1 -1 -1 -1 -1 -1 -1 -1
0.46979838609695435 0.3679260015487671 0.9890566468238831 -1 -1 -1 -1 -1 -1 -1 -1 -1
0.48641321063041687 0.3752308487892151 0.998672604560852 -1 -1 -1 -1 -1 -1 -1 -1 -1
0.4859122335910797 0.3817610740661621 0.9785140156745911 -1 -1 -1 -1 -1 -1 -1 -1 -1
0.47219178080558777 0.3099168539047241 0.9966545104980469 -1 -1 -1 -1 -1 -1 -1 -1 -1
0.47185853123664856 0.31406015157699585 0.09132321178913116 -1 -1 -1 -1 -1 -1 -1 -1 -1
0.4694983661174774 0.2359772026538849 0.9709416031837463 -1 -1 -1 -1 -1 -1 -1 -1 -1
0.46931400895118713 0.24356895685195923 0.2177550196647644 -1 -1 -1 -1 -1 -1 -1 -1 -1
0.4703007638454437 0.22193169593811035 0.9492238163948059 -1 -1 -1 -1 -1 -1 -1 -1 -1
0.4712274968624115 0.23142647743225098 0.3184465765953064 -1 -1 -1 -1 -1 -1 -1 -1 -1
0.471974641084671 0.22145241498947144 0.9417698979377747 -1 -1 -1 -1 -1 -1 -1 -1 -1
0.47198936343193054 0.2253604531288147 0.32166045904159546 -1 -1 -1 -1 -1 -1 -1 -1 -1
0.47156572341918945 0.2269279658794403 0.9177478551864624 -1 -1 -1 -1 -1 -1 -1 -1 -1
0.4713189899921417 0.23246410489082336 0.3448641300201416 -1 -1 -1 -1 -1 -1 -1 -1 -1
0.4902254641056061 0.5306546092033386 0.9987637996673584 -1 -1 -1 -1 -1 -1 -1 -1 -1
0.4896785318851471 0.5295989513397217 0.9955461025238037 -1 -1 -1 -1 -1 -1 -1 -1 -1
0.4909156858921051 0.649621844291687 0.972396194934845 -1 -1 -1 -1 -1 -1 -1 -1 -1
0.48921361565589905 0.641797661781311 0.3867630660533905 -1 -1 -1 -1 -1 -1 -1 -1 -1
0.49498236179351807 0.7595129013061523 0.9798514246940613 -1 -1 -1 -1 -1 -1 -1 -1 -1
0.49399489164352417 0.7455654740333557 0.54790860414505 -1 -1 -1 -1 -1 -1 -1 -1 -1
0.49888354539871216 0.7706266641616821 0.9835399389266968 -1 -1 -1 -1 -1 -1 -1 -1 -1
0.49953511357307434 0.7603980898857117 0.649750292301178 -1 -1 -1 -1 -1 -1 -1 -1 -1
0.4878942668437958 0.7990791201591492 0.9757364392280579 -1 -1 -1 -1 -1 -1 -1 -1 -1
0.4895004630088806 0.7877626419067383 0.6745539307594299 -1 -1 -1 -1 -1 -1 -1 -1 -1
1 
33 
-1 -1 -1 -1 -1 -1 -1 -1 -1 -1
0.46862784028053284 0.3415314555168152 0.9991517066955566 -1 -1 -1 -1 -1 -1 -1 -1 -1
0.47160324454307556 0.32862311601638794 0.999618649482727 -1 -1 -1 -1 -1 -1 -1 -1 -1
0.47223109006881714 0.32837048172950745 0.99953293800354 -1 -1 -1 -1 -1 -1 -1 -1 -1
0.47279784083366394 0.3281504511833191 0.9996249675750732 -1 -1 -1 -1 -1 -1 -1 -1 -1
0.4715673625469208 0.3274203836917877 0.9994643330574036 -1 -1 -1 -1 -1 -1 -1 -1 -1
0.4721487760543823 0.3264790177345276 0.9990793466567993 -1 -1 -1 -1 -1 -1 -1 -1 -1
0.4726318120956421 0.3257009983062744 0.9993398785591125 -1 -1 -1 -1 -1 -1 -1 -1 -1
0.47783979773521423 0.3300439715385437 0.9994105100631714 -1 -1 -1 -1 -1 -1 -1 -1 -1
0.4769885241985321 0.3305186629295349 0.9992032647132874 -1 -1 -1 -1 -1 -1 -1 -1 -1
0.47209542989730835 0.34807586669921875 0.9981979727745056 -1 -1 -1 -1 -1 -1 -1 -1 -1
0.47195738554000854 0.3470546007156372 0.9982510209083557 -1 -1 -1 -1 -1 -1 -1 -1 -1
0.48466646671295166 0.3556087911128998 0.9992724061012268 -1 -1 -1 -1 -1 -1 -1 -1 -1
0.4870498776435852 0.36927714943885803 0.9932973980903625 -1 -1 -1 -1 -1 -1 -1 -1 -1
0.47281745076179504 0.30036962032318115 0.9905043244361877 -1 -1 -1 -1 -1 -1 -1 -1 -1
0.47451916337013245 0.31905871629714966 0.04337552189826965 -1 -1 -1 -1 -1 -1 -1 -1 -1
0.46999624371528625 0.22855621576309204 0.9629659056663513 -1 -1 -1 -1 -1 -1 -1 -1 -1
0.46423667669296265 0.2874549627304077 0.07441671192646027 -1 -1 -1 -1 -1 -1 -1 -1 -1
0.4699300527572632 0.21295088529586792 0.9504203796386719 -1 -1 -1 -1 -1 -1 -1 -1 -1
0.4650530517101288 0.2773151099681854 0.1142159253358841 -1 -1 -1 -1 -1 -1 -1 -1 -1
0.471954882144928 0.21332094073295593 0.9461416006088257 -1 -1 -1 -1 -1 -1 -1 -1 -1
0.4659551680088043 0.2743174433708191 0.11692971736192703 -1 -1 -1 -1 -1 -1 -1 -1 -1
0.471904456615448 0.21898815035820007 0.9174225330352783 -1 -1 -1 -1 -1 -1 -1 -1 -1
0.4650000333786011 0.27704504132270813 0.13322019577026367 -1 -1 -1 -1 -1 -1 -1 -1 -1
0.48551997542381287 0.5178951621055603 0.9994997978210449 -1 -1 -1 -1 -1 -1 -1 -1 -1
0.4888038635253906 0.5181074738502502 0.9984806180000305 -1 -1 -1 -1 -1 -1 -1 -1 -1
0.489146888256073 0.6425750255584717 0.9621684551239014 -1 -1 -1 -1 -1 -1 -1 -1 -1
0.48757392168045044 0.6384377479553223 0.3995702266693115 -1 -1 -1 -1 -1 -1 -1 -1 -1
0.49217453598976135 0.7562187910079956 0.9707772731781006 -1 -1 -1 -1 -1 -1 -1 -1 -1
0.49024948477745056 0.7503730654716492 0.5204081535339355 -1 -1 -1 -1 -1 -1 -1 -1 -1
0.4963168203830719 0.764555037021637 0.974141001701355 -1 -1 -1 -1 -1 -1 -1 -1 -1
0.49355635046958923 0.7627424001693726 0.5902328491210938 -1 -1 -1 -1 -1 -1 -1 -1 -1
0.4836033880710602 0.7988191843032837 0.9630236029624939 -1 -1 -1 -1 -1 -1 -1 -1 -1
0.4849129617214203 0.7863938808441162 0.6341328024864197 -1 -1 -1 -1 -1 -1 -1 -1 -1
1 
33 
-1 -1 -1 -1 -1 -1 -1 -1 -1 -1
0.4684474468231201 0.3461061716079712 0.9966846108436584 -1 -1 -1 -1 -1 -1 -1 -1 -1
0.4713531732559204 0.33395814895629883 0.9983364939689636 -1 -1 -1 -1 -1 -1 -1 -1 -1
0.47209134697914124 0.3334893584251404 0.9979919195175171 -1 -1 -1 -1 -1 -1 -1 -1 -1
0.4727655053138733 0.3331645131111145 0.9984110593795776 -1 -1 -1 -1 -1 -1 -1 -1 -1
0.4710310995578766 0.3330587148666382 0.9972618818283081 -1 -1 -1 -1 -1 -1 -1 -1 -1
0.471500426530838 0.33201977610588074 0.995331346988678 -1 -1 -1 -1 -1 -1 -1 -1 -1
0.4718541204929352 0.33118104934692383 0.9967014193534851 -1 -1 -1 -1 -1 -1 -1 -1 -1
0.4779019057750702 0.33333390951156616 0.9975268244743347 -1 -1 -1 -1 -1 -1 -1 -1 -1
0.47598153352737427 0.33373528718948364 0.9947735667228699 -1 -1 -1 -1 -1 -1 -1 -1 -1
0.472065269947052 0.3516625463962555 0.9925761222839355 -1 -1 -1 -1 -1 -1 -1 -1 -1
0.4714079797267914 0.35062524676322937 0.9916424751281738 -1 -1 -1 -1 -1 -1 -1 -1 -1
0.4884735345840454 0.36311075091362 0.9981673955917358 -1 -1 -1 -1 -1 -1 -1 -1 -1
0.4824390113353729 0.37346380949020386 0.9885352253913879 -1 -1 -1 -1 -1 -1 -1 -1 -1
0.47452542185783386 0.31034350395202637 0.9859218001365662 -1 -1 -1 -1 -1 -1 -1 -1 -1
0.46899768710136414 0.32059311866760254 0.08364900201559067 -1 -1 -1 -1 -1 -1 -1 -1 -1
0.4714696407318115 0.23500216007232666 0.9478676915168762 -1 -1 -1 -1 -1 -1 -1 -1 -1
0.4660549759864807 0.2662631869316101 0.16905534267425537 -1 -1 -1 -1 -1 -1 -1 -1 -1
0.47178032994270325 0.22183141112327576 0.9315962791442871 -1 -1 -1 -1 -1 -1 -1 -1 -1
0.4670660197734833 0.25413087010383606 0.22492247819900513 -1 -1 -1 -1 -1 -1 -1 -1 -1
0.4734154939651489 0.22177568078041077 0.9255901575088501 -1 -1 -1 -1 -1 -1 -1 -1 -1
0.46914219856262207 0.25018492341041565 0.22635143995285034 -1 -1 -1 -1 -1 -1 -1 -1 -1
0.4733554422855377 0.22407999634742737 0.893126904964447 -1 -1 -1 -1 -1 -1 -1 -1 -1
0.4685562551021576 0.2533929944038391 0.25425565242767334 -1 -1 -1 -1 -1 -1 -1 -1 -1
0.4888538718223572 0.5203965306282043 0.9990760087966919 -1 -1 -1 -1 -1 -1 -1 -1 -1
0.4845561683177948 0.5211698412895203 0.9975255131721497 -1 -1 -1 -1 -1 -1 -1 -1 -1
0.486877977848053 0.6381931304931641 0.9628907442092896 -1 -1 -1 -1 -1 -1 -1 -1 -1
0.4825822114944458 0.6360869407653809 0.5397372841835022 -1 -1 -1 -1 -1 -1 -1 -1 -1
0.4909968078136444 0.7565962672233582 0.9746336936950684 -1 -1 -1 -1 -1 -1 -1 -1 -1
0.4899041950702667 0.7432762384414673 0.6765909194946289 -1 -1 -1 -1 -1 -1 -1 -1 -1
0.4957466423511505 0.7655802965164185 0.9643866419792175 -1 -1 -1 -1 -1 -1 -1 -1 -1
0.49328818917274475 0.7545469999313354 0.7112925052642822 -1 -1 -1 -1 -1 -1 -1 -1 -1
0.4850507378578186 0.8015223741531372 0.9703875184059143 -1 -1 -1 -1 -1 -1 -1 -1 -1
0.48404380679130554 0.7909787893295288 0.7580773234367371 -1 -1 -1 -1 -1 -1 -1 -1 -1
1 
33 
-1 -1 -1 -1 -1 -1 -1 -1 -1 -1
0.46848687529563904 0.34386616945266724 0.9974049925804138 -1 -1 -1 -1 -1 -1 -1 -1 -1
0.4715538024902344 0.33436083793640137 0.9986410737037659 -1 -1 -1 -1 -1 -1 -1 -1 -1
0.4722142815589905 0.3344978094100952 0.9984130859375 -1 -1 -1 -1 -1 -1 -1 -1 -1
0.4728277325630188 0.3347175121307373 0.9986125230789185 -1 -1 -1 -1 -1 -1 -1 -1 -1
0.47165608406066895 0.3335041403770447 0.9976346492767334 -1 -1 -1 -1 -1 -1 -1 -1 -1
0.47232353687286377 0.3330690562725067 0.9962626099586487 -1 -1 -1 -1 -1 -1 -1 -1 -1
0.4729327857494354 0.33271777629852295 0.9971960783004761 -1 -1 -1 -1 -1 -1 -1 -1 -1
0.4781154990196228 0.33905869722366333 0.9978297352790833 -1 -1 -1 -1 -1 -1 -1 -1 -1
0.47767066955566406 0.33782410621643066 0.9960545301437378 -1 -1 -1 -1 -1 -1 -1 -1 -1
0.4717986583709717 0.3499786853790283 0.99404376745224 -1 -1 -1 -1 -1 -1 -1 -1 -1
0.4718676507472992 0.3494423031806946 0.9936246871948242 -1 -1 -1 -1 -1 -1 -1 -1 -1
0.4847883880138397 0.3689751923084259 0.9982771873474121 -1 -1 -1 -1 -1 -1 -1 -1 -1
0.4845893383026123 0.37536412477493286 0.9915618300437927 -1 -1 -1 -1 -1 -1 -1 -1 -1
0.47544804215431213 0.3134758174419403 0.9927010536193848 -1 -1 -1 -1 -1 -1 -1 -1 -1
0.4756685495376587 0.31244319677352905 0.16102997958660126 -1 -1 -1 -1 -1 -1 -1 -1 -1
0.47649967670440674 0.24274945259094238 0.9689111709594727 -1 -1 -1 -1 -1 -1 -1 -1 -1
0.4748837351799011 0.24612003564834595 0.34832248091697693 -1 -1 -1 -1 -1 -1 -1 -1 -1
0.47899308800697327 0.22323065996170044 0.9546392560005188 -1 -1 -1 -1 -1 -1 -1 -1 -1
0.47276735305786133 0.22998997569084167 0.4349193572998047 -1 -1 -1 -1 -1 -1 -1 -1 -1
0.4800342619419098 0.2225417196750641 0.9493952989578247 -1 -1 -1 -1 -1 -1 -1 -1 -1
0.47418370842933655 0.2258092761039734 0.44040998816490173 -1 -1 -1 -1 -1 -1 -1 -1 -1
0.4789443612098694 0.2301214635372162 0.9286036491394043 -1 -1 -1 -1 -1 -1 -1 -1 -1
0.4732932150363922 0.23024961352348328 0.46544545888900757 -1 -1 -1 -1 -1 -1 -1 -1 -1
0.4867947995662689 0.5210407972335815 0.9988861680030823 -1 -1 -1 -1 -1 -1 -1 -1 -1
0.4868221879005432 0.5208581686019897 0.9976595640182495 -1 -1 -1 -1 -1 -1 -1 -1 -1
0.48571643233299255 0.640484094619751 0.949094295501709 -1 -1 -1 -1 -1 -1 -1 -1 -1
0.48400989174842834 0.6391676068305969 0.3722776770591736 -1 -1 -1 -1 -1 -1 -1 -1 -1
0.48958301544189453 0.7582309246063232 0.9564692974090576 -1 -1 -1 -1 -1 -1 -1 -1 -1
0.4883951246738434 0.7511526942253113 0.5016779899597168 -1 -1 -1 -1 -1 -1 -1 -1 -1
0.49288198351860046 0.7682449817657471 0.970775842666626 -1 -1 -1 -1 -1 -1 -1 -1 -1
0.4914415776729584 0.7633233070373535 0.6304796934127808 -1 -1 -1 -1 -1 -1 -1 -1 -1
0.4852765202522278 0.802263081073761 0.9538028240203857 -1 -1 -1 -1 -1 -1 -1 -1 -1
0.48388248682022095 0.7952805757522583 0.5962240099906921 -1 -1 -1 -1 -1 -1 -1 -1 -1
1 
33 
-1 -1 -1 -1 -1 -1 -1 -1 -1 -1
0.4716516435146332 0.3215927481651306 0.9979621171951294 -1 -1 -1 -1 -1 -1 -1 -1 -1
0.47676411271095276 0.31571289896965027 0.9989950060844421 -1 -1 -1 -1 -1 -1 -1 -1 -1
0.4778364896774292 0.3165028691291809 0.9990028738975525 -1 -1 -1 -1 -1 -1 -1 -1 -1
0.47890883684158325 0.3173944354057312 0.9990227222442627 -1 -1 -1 -1 -1 -1 -1 -1 -1
0.4760911166667938 0.3147658407688141 0.9985502362251282 -1 -1 -1 -1 -1 -1 -1 -1 -1
0.4764381945133209 0.31481704115867615 0.9980498552322388 -1 -1 -1 -1 -1 -1 -1 -1 -1
0.47681429982185364 0.3149091601371765 0.9983264803886414 -1 -1 -1 -1 -1 -1 -1 -1 -1
0.48461803793907166 0.32643628120422363 0.9980396628379822 -1 -1 -1 -1 -1 -1 -1 -1 -1
0.48184341192245483 0.32234126329421997 0.9980196952819824 -1 -1 -1 -1 -1 -1 -1 -1 -1
0.4709359109401703 0.33636677265167236 0.993693470954895 -1 -1 -1 -1 -1 -1 -1 -1 -1
0.4712493419647217 0.33565884828567505 0.9942737221717834 -1 -1 -1 -1 -1 -1 -1 -1 -1
0.4891747832298279 0.36582082509994507 0.9981914162635803 -1 -1 -1 -1 -1 -1 -1 -1 -1
0.47869622707366943 0.3687264323234558 0.9862420558929443 -1 -1 -1 -1 -1 -1 -1 -1 -1
0.47744446992874146 0.32514479756355286 0.9753957390785217 -1 -1 -1 -1 -1 -1 -1 -1 -1
0.46741724014282227 0.3416171073913574 0.037258341908454895 -1 -1 -1 -1 -1 -1 -1 -1 -1
0.47914206981658936 0.2580294609069824 0.9451800584793091 -1 -1 -1 -1 -1 -1 -1 -1 -1
0.4754934310913086 0.2820039391517639 0.10368160158395767 -1 -1 -1 -1 -1 -1 -1 -1 -1
0.4817443788051605 0.2417878806591034 0.9408016204833984 -1 -1 -1 -1 -1 -1 -1 -1 -1
0.4709608256816864 0.28386059403419495 0.1641005426645279 -1 -1 -1 -1 -1 -1 -1 -1 -1
0.4825400412082672 0.24185115098953247 0.9376282095909119 -1 -1 -1 -1 -1 -1 -1 -1 -1
0.47104713320732117 0.2818949818611145 0.17204511165618896 -1 -1 -1 -1 -1 -1 -1 -1 -1
0.48219063878059387 0.24832436442375183 0.9052274823188782 -1 -1 -1 -1 -1 -1 -1 -1 -1
0.47470033168792725 0.2706182599067688 0.18502181768417358 -1 -1 -1 -1 -1 -1 -1 -1 -1
0.48681288957595825 0.5259172320365906 0.9995018243789673 -1 -1 -1 -1 -1 -1 -1 -1 -1
0.48692065477371216 0.524075448513031 0.9985573887825012 -1 -1 -1 -1 -1 -1 -1 -1 -1
0.48514264822006226 0.6459980607032776 0.9604480266571045 -1 -1 -1 -1 -1 -1 -1 -1 -1
0.48256534337997437 0.6378481388092041 0.39552533626556396 -1 -1 -1 -1 -1 -1 -1 -1 -1
0.49092626571655273 0.7628725171089172 0.9727045297622681 -1 -1 -1 -1 -1 -1 -1 -1 -1
0.4899337589740753 0.7523605823516846 0.5127891302108765 -1 -1 -1 -1 -1 -1 -1 -1 -1
0.4959997534751892 0.7716989517211914 0.9760598540306091 -1 -1 -1 -1 -1 -1 -1 -1 -1
0.4934229254722595 0.7651922702789307 0.5862551927566528 -1 -1 -1 -1 -1 -1 -1 -1 -1
0.4847800135612488 0.7994610071182251 0.9661728143692017 -1 -1 -1 -1 -1 -1 -1 -1 -1
0.4843457341194153 0.788120687007904 0.6593338251113892 -1 -1 -1 -1 -1 -1 -1 -1 -1
1 
33 
-1 -1 -1 -1 -1 -1 -1 -1 -1 -1
0.4622022807598114 0.35789042711257935 0.995448887348175 -1 -1 -1 -1 -1 -1 -1 -1 -1
0.4648955762386322 0.3472585678100586 0.9981790781021118 -1 -1 -1 -1 -1 -1 -1 -1 -1
0.4655945599079132 0.3471648395061493 0.9983344674110413 -1 -1 -1 -1 -1 -1 -1 -1 -1
0.4665883183479309 0.3468344211578369 0.998205304145813 -1 -1 -1 -1 -1 -1 -1 -1 -1
0.4649055302143097 0.34695225954055786 0.9970201849937439 -1 -1 -1 -1 -1 -1 -1 -1 -1
0.4659280776977539 0.34632420539855957 0.9958361387252808 -1 -1 -1 -1 -1 -1 -1 -1 -1
0.46665525436401367 0.34588244557380676 0.9966799020767212 -1 -1 -1 -1 -1 -1 -1 -1 -1
0.47285571694374084 0.35068604350090027 0.9977734684944153 -1 -1 -1 -1 -1 -1 -1 -1 -1
0.4725809097290039 0.34927666187286377 0.9976477026939392 -1 -1 -1 -1 -1 -1 -1 -1 -1
0.46533480286598206 0.36458876729011536 0.991740345954895 -1 -1 -1 -1 -1 -1 -1 -1 -1
0.4652336835861206 0.3648723065853119 0.9912142157554626 -1 -1 -1 -1 -1 -1 -1 -1 -1
0.48066040873527527 0.38900548219680786 0.9982733726501465 -1 -1 -1 -1 -1 -1 -1 -1 -1
0.4801211953163147 0.39297792315483093 0.9896845817565918 -1 -1 -1 -1 -1 -1 -1 -1 -1
0.4805493652820587 0.35280245542526245 0.9796923398971558 -1 -1 -1 -1 -1 -1 -1 -1 -1
0.47255632281303406 0.3526555299758911 0.04332997649908066 -1 -1 -1 -1 -1 -1 -1 -1 -1
0.48767468333244324 0.29178640246391296 0.9411635994911194 -1 -1 -1 -1 -1 -1 -1 -1 -1
0.4810684323310852 0.30897581577301025 0.10453535616397858 -1 -1 -1 -1 -1 -1 -1 -1 -1
0.4900924563407898 0.2749257981777191 0.930950939655304 -1 -1 -1 -1 -1 -1 -1 -1 -1
0.4849221706390381 0.29874247312545776 0.1551726758480072 -1 -1 -1 -1 -1 -1 -1 -1 -1
0.491665244102478 0.2777862548828125 0.9269233345985413 -1 -1 -1 -1 -1 -1 -1 -1 -1
0.4866735339164734 0.2982628643512726 0.1585465520620346 -1 -1 -1 -1 -1 -1 -1 -1 -1
0.48995131254196167 0.28508099913597107 0.8887601494789124 -1 -1 -1 -1 -1 -1 -1 -1 -1
0.48465287685394287 0.3008936047554016 0.1704094409942627 -1 -1 -1 -1 -1 -1 -1 -1 -1
0.4860059320926666 0.5345137715339661 0.999036431312561 -1 -1 -1 -1 -1 -1 -1 -1 -1
0.4865957200527191 0.5362386107444763 0.998412013053894 -1 -1 -1 -1 -1 -1 -1 -1 -1
0.48222821950912476 0.6505005955696106 0.9075824022293091 -1 -1 -1 -1 -1 -1 -1 -1 -1
0.48277464509010315 0.6474241018295288 0.19995133578777313 -1 -1 -1 -1 -1 -1 -1 -1 -1
0.49315351247787476 0.7604447603225708 0.9340001344680786 -1 -1 -1 -1 -1 -1 -1 -1 -1
0.49170753359794617 0.7568246722221375 0.30452391505241394 -1 -1 -1 -1 -1 -1 -1 -1 -1
0.5022827386856079 0.7707055807113647 0.964953601360321 -1 -1 -1 -1 -1 -1 -1 -1 -1
0.500479519367218 0.7688007950782776 0.49067434668540955 -1 -1 -1 -1 -1 -1 -1 -1 -1
0.4822922348976135 0.8035064935684204 0.9295182824134827 -1 -1 -1 -1 -1 -1 -1 -1 -1
0.4812357425689697 0.800994873046875 0.4410591125488281 -1 -1 -1 -1 -1 -1 -1 -1 -1
1 
33 
-1 -1 -1 -1 -1 -1 -1 -1 -1 -1
0.45763131976127625 0.3842988610267639 0.9959607720375061 -1 -1 -1 -1 -1 -1 -1 -1 -1
0.46035340428352356 0.3745284378528595 0.9983614087104797 -1 -1 -1 -1 -1 -1 -1 -1 -1
0.4615667462348938 0.3737402558326721 0.99835604429245 -1 -1 -1 -1 -1 -1 -1 -1 -1
0.46257948875427246 0.3730161786079407 0.9983543157577515 -1 -1 -1 -1 -1 -1 -1 -1 -1
0.4600570797920227 0.37435799837112427 0.9976049661636353 -1 -1 -1 -1 -1 -1 -1 -1 -1
0.4610917866230011 0.37339675426483154 0.9964737296104431 -1 -1 -1 -1 -1 -1 -1 -1 -1
0.4619351625442505 0.37239742279052734 0.9973003268241882 -1 -1 -1 -1 -1 -1 -1 -1 -1
0.4706909954547882 0.3730098009109497 0.9978780746459961 -1 -1 -1 -1 -1 -1 -1 -1 -1
0.4694051146507263 0.3722807765007019 0.9978296160697937 -1 -1 -1 -1 -1 -1 -1 -1 -1
0.46202853322029114 0.38918057084083557 0.9924382567405701 -1 -1 -1 -1 -1 -1 -1 -1 -1
0.4615176320075989 0.38937151432037354 0.9921059608459473 -1 -1 -1 -1 -1 -1 -1 -1 -1
0.4806290864944458 0.40991395711898804 0.9988828301429749 -1 -1 -1 -1 -1 -1 -1 -1 -1
0.4792742431163788 0.40992099046707153 0.9950829744338989 -1 -1 -1 -1 -1 -1 -1 -1 -1
0.4772586226463318 0.3739687502384186 0.9723718166351318 -1 -1 -1 -1 -1 -1 -1 -1 -1
0.4714249074459076 0.36577194929122925 0.08073123544454575 -1 -1 -1 -1 -1 -1 -1 -1 -1
0.48186296224594116 0.3403781056404114 0.8696725964546204 -1 -1 -1 -1 -1 -1 -1 -1 -1
0.4773734211921692 0.33254316449165344 0.13915377855300903 -1 -1 -1 -1 -1 -1 -1 -1 -1
0.4844896197319031 0.33071035146713257 0.8564677238464355 -1 -1 -1 -1 -1 -1 -1 -1 -1
0.480481892824173 0.3242003321647644 0.19960251450538635 -1 -1 -1 -1 -1 -1 -1 -1 -1
0.4849502444267273 0.3337993919849396 0.8481485247612 -1 -1 -1 -1 -1 -1 -1 -1 -1
0.4840161204338074 0.3244768977165222 0.20615722239017487 -1 -1 -1 -1 -1 -1 -1 -1 -1
0.48343244194984436 0.3385796546936035 0.7915546298027039 -1 -1 -1 -1 -1 -1 -1 -1 -1
0.48149991035461426 0.3276207149028778 0.21918107569217682 -1 -1 -1 -1 -1 -1 -1 -1 -1
0.4885406494140625 0.546804666519165 0.9994046688079834 -1 -1 -1 -1 -1 -1 -1 -1 -1
0.4884164035320282 0.5462513566017151 0.9988948702812195 -1 -1 -1 -1 -1 -1 -1 -1 -1
0.4781631827354431 0.6583688855171204 0.9024553894996643 -1 -1 -1 -1 -1 -1 -1 -1 -1
0.48018380999565125 0.6557093858718872 0.18031547963619232 -1 -1 -1 -1 -1 -1 -1 -1 -1
0.4950459599494934 0.7676593065261841 0.9320378303527832 -1 -1 -1 -1 -1 -1 -1 -1 -1
0.4939608871936798 0.7622841000556946 0.2503204643726349 -1 -1 -1 -1 -1 -1 -1 -1 -1
0.5035966038703918 0.7808592319488525 0.9653173685073853 -1 -1 -1 -1 -1 -1 -1 -1 -1
0.5016083717346191 0.7761111855506897 0.4405963718891144 -1 -1 -1 -1 -1 -1 -1 -1 -1
0.4815560579299927 0.8067753911018372 0.9379963278770447 -1 -1 -1 -1 -1 -1 -1 -1 -1
0.48073288798332214 0.8029304146766663 0.3748718202114105 -1 -1 -1 -1 -1 -1 -1 -1 -1
1 
33 
-1 -1 -1 -1 -1 -1 -1 -1 -1 -1
0.46501579880714417 0.3509867489337921 0.9973241090774536 -1 -1 -1 -1 -1 -1 -1 -1 -1
0.4701249301433563 0.343159019947052 0.9990430474281311 -1 -1 -1 -1 -1 -1 -1 -1 -1
0.47132131457328796 0.3429946303367615 0.9992353916168213 -1 -1 -1 -1 -1 -1 -1 -1 -1
0.4724651873111725 0.3425498306751251 0.9991369843482971 -1 -1 -1 -1 -1 -1 -1 -1 -1
0.46990689635276794 0.3429405093193054 0.9981498718261719 -1 -1 -1 -1 -1 -1 -1 -1 -1
0.47094786167144775 0.3426090478897095 0.997661828994751 -1 -1 -1 -1 -1 -1 -1 -1 -1
0.47765716910362244 0.3366186320781708 0.997796893119812 -1 -1 -1 -1 -1 -1 -1 -1 -1
0.4812181293964386 0.3497646749019623 0.99892657995224 -1 -1 -1 -1 -1 -1 -1 -1 -1
0.48517173528671265 0.34746551513671875 0.9990959167480469 -1 -1 -1 -1 -1 -1 -1 -1 -1
0.4678230583667755 0.360373318195343 0.9960910677909851 -1 -1 -1 -1 -1 -1 -1 -1 -1
0.4674709737300873 0.3602321147918701 0.9959349632263184 -1 -1 -1 -1 -1 -1 -1 -1 -1
0.4833841323852539 0.39790529012680054 0.9994383454322815 -1 -1 -1 -1 -1 -1 -1 -1 -1
0.4871498644351959 0.3986499309539795 0.995722770690918 -1 -1 -1 -1 -1 -1 -1 -1 -1
0.47342339158058167 0.3724581003189087 0.959021806716919 -1 -1 -1 -1 -1 -1 -1 -1 -1
0.4789416491985321 0.3576763868331909 0.053272880613803864 -1 -1 -1 -1 -1 -1 -1 -1 -1
0.4952276945114136 0.3306161165237427 0.8975595831871033 -1 -1 -1 -1 -1 -1 -1 -1 -1
0.498312771320343 0.32977819442749023 0.07040391862392426 -1 -1 -1 -1 -1 -1 -1 -1 -1
0.5033255219459534 0.31962651014328003 0.8913226127624512 -1 -1 -1 -1 -1 -1 -1 -1 -1
0.5053285956382751 0.3244488537311554 0.10157734900712967 -1 -1 -1 -1 -1 -1 -1 -1 -1
0.5033333897590637 0.3270318806171417 0.8890072107315063 -1 -1 -1 -1 -1 -1 -1 -1 -1
0.5086565613746643 0.32534515857696533 0.10524236410856247 -1 -1 -1 -1 -1 -1 -1 -1 -1
0.5022022128105164 0.3297913074493408 0.833868682384491 -1 -1 -1 -1 -1 -1 -1 -1 -1
0.5065006613731384 0.3199619948863983 0.11016500741243362 -1 -1 -1 -1 -1 -1 -1 -1 -1
0.4907999336719513 0.5641462206840515 0.9995304346084595 -1 -1 -1 -1 -1 -1 -1 -1 -1
0.49362942576408386 0.5626752972602844 0.9991254210472107 -1 -1 -1 -1 -1 -1 -1 -1 -1
0.4714854955673218 0.6738327741622925 0.8783950805664062 -1 -1 -1 -1 -1 -1 -1 -1 -1
0.4773902893066406 0.6687513589859009 0.1780596226453781 -1 -1 -1 -1 -1 -1 -1 -1 -1
0.49301403760910034 0.7810309529304504 0.891069233417511 -1 -1 -1 -1 -1 -1 -1 -1 -1
0.49487054347991943 0.7713600397109985 0.2291923314332962 -1 -1 -1 -1 -1 -1 -1 -1 -1
0.5029666423797607 0.7978478074073792 0.9708770513534546 -1 -1 -1 -1 -1 -1 -1 -1 -1
0.5035596489906311 0.7870835065841675 0.4347147047519684 -1 -1 -1 -1 -1 -1 -1 -1 -1
0.4815694987773895 0.8114179372787476 0.8892908096313477 -1 -1 -1 -1 -1 -1 -1 -1 -1
0.48504728078842163 0.8042275905609131 0.3559298813343048 -1 -1 -1 -1 -1 -1 -1 -1 -1
1 
33 
-1 -1 -1 -1 -1 -1 -1 -1 -1 -1
0.4532017707824707 0.39838138222694397 0.987299382686615 -1 -1 -1 -1 -1 -1 -1 -1 -1
0.45808303356170654 0.3865807056427002 0.9949376583099365 -1 -1 -1 -1 -1 -1 -1 -1 -1
0.4595181941986084 0.38640475273132324 0.995905876159668 -1 -1 -1 -1 -1 -1 -1 -1 -1
0.4611166715621948 0.38617223501205444 0.9963112473487854 -1 -1 -1 -1 -1 -1 -1 -1 -1
0.4573346674442291 0.3864482641220093 0.9907650947570801 -1 -1 -1 -1 -1 -1 -1 -1 -1
0.4581315815448761 0.386124849319458 0.987349808216095 -1 -1 -1 -1 -1 -1 -1 -1 -1
0.4590854048728943 0.3856422007083893 0.9898019433021545 -1 -1 -1 -1 -1 -1 -1 -1 -1
0.47202253341674805 0.3933143615722656 0.9955176711082458 -1 -1 -1 -1 -1 -1 -1 -1 -1
0.4690890610218048 0.39235103130340576 0.9940913319587708 -1 -1 -1 -1 -1 -1 -1 -1 -1
0.45757630467414856 0.4097961187362671 0.9810048937797546 -1 -1 -1 -1 -1 -1 -1 -1 -1
0.4564535915851593 0.40965867042541504 0.9755961894989014 -1 -1 -1 -1 -1 -1 -1 -1 -1
0.48356717824935913 0.44244369864463806 0.9975237250328064 -1 -1 -1 -1 -1 -1 -1 -1 -1
0.47566527128219604 0.44519662857055664 0.9854647517204285 -1 -1 -1 -1 -1 -1 -1 -1 -1
0.4734332263469696 0.4106495976448059 0.9603652358055115 -1 -1 -1 -1 -1 -1 -1 -1 -1
0.46403899788856506 0.40078407526016235 0.031017040833830833 -1 -1 -1 -1 -1 -1 -1 -1 -1
0.476797878742218 0.3708331882953644 0.8234429955482483 -1 -1 -1 -1 -1 -1 -1 -1 -1
0.4682861268520355 0.35960882902145386 0.05189530923962593 -1 -1 -1 -1 -1 -1 -1 -1 -1
0.4800224006175995 0.3577778935432434 0.8063737750053406 -1 -1 -1 -1 -1 -1 -1 -1 -1
0.47406861186027527 0.3531275689601898 0.08107324689626694 -1 -1 -1 -1 -1 -1 -1 -1 -1
0.4801996648311615 0.3637976050376892 0.7936426401138306 -1 -1 -1 -1 -1 -1 -1 -1 -1
0.4728185534477234 0.3507620692253113 0.08517169207334518 -1 -1 -1 -1 -1 -1 -1 -1 -1
0.47847676277160645 0.3662264347076416 0.7146259546279907 -1 -1 -1 -1 -1 -1 -1 -1 -1
0.471569687128067 0.3545778691768646 0.0937555804848671 -1 -1 -1 -1 -1 -1 -1 -1 -1
0.49796560406684875 0.5924519300460815 0.999636173248291 -1 -1 -1 -1 -1 -1 -1 -1 -1
0.49218544363975525 0.5931399464607239 0.9993299245834351 -1 -1 -1 -1 -1 -1 -1 -1 -1
0.4679796099662781 0.6844726204872131 0.8781527876853943 -1 -1 -1 -1 -1 -1 -1 -1 -1
0.46956974267959595 0.6861408352851868 0.24647821485996246 -1 -1 -1 -1 -1 -1 -1 -1 -1
0.49605220556259155 0.789531946182251 0.8416767716407776 -1 -1 -1 -1 -1 -1 -1 -1 -1
0.4920714795589447 0.7784141302108765 0.26537206768989563 -1 -1 -1 -1 -1 -1 -1 -1 -1
0.5054710507392883 0.7915379405021667 0.8832955360412598 -1 -1 -1 -1 -1 -1 -1 -1 -1
0.5017099380493164 0.799389123916626 0.36272871494293213 -1 -1 -1 -1 -1 -1 -1 -1 -1
0.4858802855014801 0.8210325241088867 0.8213332891464233 -1 -1 -1 -1 -1 -1 -1 -1 -1
0.4838888943195343 0.8121926784515381 0.3400486409664154 -1 -1 -1 -1 -1 -1 -1 -1 -1
1 
33 
-1 -1 -1 -1 -1 -1 -1 -1 -1 -1
0.44953036308288574 0.4005565643310547 0.9938398003578186 -1 -1 -1 -1 -1 -1 -1 -1 -1
0.453411340713501 0.3889721632003784 0.9976578950881958 -1 -1 -1 -1 -1 -1 -1 -1 -1
0.45480361580848694 0.3890434503555298 0.9975442290306091 -1 -1 -1 -1 -1 -1 -1 -1 -1
0.45625776052474976 0.3890855014324188 0.9982184767723083 -1 -1 -1 -1 -1 -1 -1 -1 -1
0.4526948034763336 0.38880032300949097 0.996508777141571 -1 -1 -1 -1 -1 -1 -1 -1 -1
0.4535650908946991 0.38873955607414246 0.9944167137145996 -1 -1 -1 -1 -1 -1 -1 -1 -1
0.45447081327438354 0.38859331607818604 0.9963312745094299 -1 -1 -1 -1 -1 -1 -1 -1 -1
0.46614885330200195 0.39629578590393066 0.9985252022743225 -1 -1 -1 -1 -1 -1 -1 -1 -1
0.4637078046798706 0.39513394236564636 0.997912585735321 -1 -1 -1 -1 -1 -1 -1 -1 -1
0.4544967710971832 0.4117676913738251 0.9939548373222351 -1 -1 -1 -1 -1 -1 -1 -1 -1
0.4536608159542084 0.4122723937034607 0.9916368126869202 -1 -1 -1 -1 -1 -1 -1 -1 -1
0.4807898998260498 0.4409293532371521 0.9976727366447449 -1 -1 -1 -1 -1 -1 -1 -1 -1
0.47290509939193726 0.4501988887786865 0.9844834208488464 -1 -1 -1 -1 -1 -1 -1 -1 -1
0.46265119314193726 0.3889389634132385 0.9693267345428467 -1 -1 -1 -1 -1 -1 -1 -1 -1
0.45416978001594543 0.3986337184906006 0.10067785531282425 -1 -1 -1 -1 -1 -1 -1 -1 -1
0.47543954849243164 0.3720686733722687 0.45828860998153687 -1 -1 -1 -1 -1 -1 -1 -1 -1
0.47012853622436523 0.37175893783569336 0.03655577078461647 -1 -1 -1 -1 -1 -1 -1 -1 -1
0.4785643517971039 0.36674726009368896 0.3347870111465454 -1 -1 -1 -1 -1 -1 -1 -1 -1
0.47418755292892456 0.3638015687465668 0.04361100122332573 -1 -1 -1 -1 -1 -1 -1 -1 -1
0.481296569108963 0.3743970990180969 0.3327273726463318 -1 -1 -1 -1 -1 -1 -1 -1 -1
0.47826290130615234 0.3694536089897156 0.047784142196178436 -1 -1 -1 -1 -1 -1 -1 -1 -1
0.4800002872943878 0.3784734606742859 0.3391595780849457 -1 -1 -1 -1 -1 -1 -1 -1 -1
0.4769188463687897 0.3714809715747833 0.055873967707157135 -1 -1 -1 -1 -1 -1 -1 -1 -1
0.5028616189956665 0.598595380783081 0.9993612170219421 -1 -1 -1 -1 -1 -1 -1 -1 -1
0.49982133507728577 0.6064708828926086 0.998970627784729 -1 -1 -1 -1 -1 -1 -1 -1 -1
0.4761597812175751 0.6956483125686646 0.9338510036468506 -1 -1 -1 -1 -1 -1 -1 -1 -1
0.4745512306690216 0.7027630805969238 0.3100661337375641 -1 -1 -1 -1 -1 -1 -1 -1 -1
0.4979858994483948 0.7940378785133362 0.9069466590881348 -1 -1 -1 -1 -1 -1 -1 -1 -1
0.4985887110233307 0.8003766536712646 0.40207579731941223 -1 -1 -1 -1 -1 -1 -1 -1 -1
0.5072738528251648 0.8083802461624146 0.9405967593193054 -1 -1 -1 -1 -1 -1 -1 -1 -1
0.5047875642776489 0.812226414680481 0.46277010440826416 -1 -1 -1 -1 -1 -1 -1 -1 -1
0.4943653345108032 0.8307308554649353 0.8905324339866638 -1 -1 -1 -1 -1 -1 -1 -1 -1
0.4908277988433838 0.8407962322235107 0.4690985679626465 -1 -1 -1 -1 -1 -1 -1 -1 -1
1 
33 
-1 -1 -1 -1 -1 -1 -1 -1 -1 -1
0.451396107673645 0.4167304039001465 0.9803276658058167 -1 -1 -1 -1 -1 -1 -1 -1 -1
0.4525640606880188 0.407540500164032 0.9908924102783203 -1 -1 -1 -1 -1 -1 -1 -1 -1
0.4534006118774414 0.4073362946510315 0.9909934401512146 -1 -1 -1 -1 -1 -1 -1 -1 -1
0.4542645514011383 0.4072025418281555 0.9929785132408142 -1 -1 -1 -1 -1 -1 -1 -1 -1
0.4522852897644043 0.4073486924171448 0.9823659062385559 -1 -1 -1 -1 -1 -1 -1 -1 -1
0.45284613966941833 0.4069804251194 0.9748829007148743 -1 -1 -1 -1 -1 -1 -1 -1 -1
0.4534076452255249 0.40660497546195984 0.979760468006134 -1 -1 -1 -1 -1 -1 -1 -1 -1
0.4635699689388275 0.41039207577705383 0.989910900592804 -1 -1 -1 -1 -1 -1 -1 -1 -1
0.4636104702949524 0.40795791149139404 0.9843161702156067 -1 -1 -1 -1 -1 -1 -1 -1 -1
0.45681118965148926 0.42381274700164795 0.9685834646224976 -1 -1 -1 -1 -1 -1 -1 -1 -1
0.4564706087112427 0.4241876006126404 0.9580199718475342 -1 -1 -1 -1 -1 -1 -1 -1 -1
0.4805895686149597 0.44420987367630005 0.9973188042640686 -1 -1 -1 -1 -1 -1 -1 -1 -1
0.48191121220588684 0.4423406422138214 0.9796856045722961 -1 -1 -1 -1 -1 -1 -1 -1 -1
0.4399949312210083 0.4090101718902588 0.961530327796936 -1 -1 -1 -1 -1 -1 -1 -1 -1
0.45550039410591125 0.4072555899620056 0.08639095723628998 -1 -1 -1 -1 -1 -1 -1 -1 -1
0.4418712854385376 0.3735780417919159 0.7844348549842834 -1 -1 -1 -1 -1 -1 -1 -1 -1
0.45170050859451294 0.3778184950351715 0.06789901852607727 -1 -1 -1 -1 -1 -1 -1 -1 -1
0.44394350051879883 0.35882502794265747 0.7310630679130554 -1 -1 -1 -1 -1 -1 -1 -1 -1
0.45221108198165894 0.36614730954170227 0.08912981301546097 -1 -1 -1 -1 -1 -1 -1 -1 -1
0.44861024618148804 0.36422795057296753 0.7234581112861633 -1 -1 -1 -1 -1 -1 -1 -1 -1
0.4537106454372406 0.3716186285018921 0.09155943244695663 -1 -1 -1 -1 -1 -1 -1 -1 -1
0.44768044352531433 0.37232017517089844 0.6799167990684509 -1 -1 -1 -1 -1 -1 -1 -1 -1
0.45298412442207336 0.3760012686252594 0.10249029099941254 -1 -1 -1 -1 -1 -1 -1 -1 -1
0.5106503963470459 0.5822600722312927 0.9973344802856445 -1 -1 -1 -1 -1 -1 -1 -1 -1
0.5089485049247742 0.5814923048019409 0.9956395626068115 -1 -1 -1 -1 -1 -1 -1 -1 -1
0.48667702078819275 0.6818023920059204 0.7775300145149231 -1 -1 -1 -1 -1 -1 -1 -1 -1
0.4884176254272461 0.6774666905403137 0.0876978412270546 -1 -1 -1 -1 -1 -1 -1 -1 -1
0.4970548748970032 0.78680819272995 0.7978787422180176 -1 -1 -1 -1 -1 -1 -1 -1 -1
0.4980470538139343 0.7866137027740479 0.12965910136699677 -1 -1 -1 -1 -1 -1 -1 -1 -1
0.5002437829971313 0.7921544909477234 0.9014136791229248 -1 -1 -1 -1 -1 -1 -1 -1 -1
0.5044423937797546 0.8002151250839233 0.20937880873680115 -1 -1 -1 -1 -1 -1 -1 -1 -1
0.4790686368942261 0.8337548971176147 0.8018561601638794 -1 -1 -1 -1 -1 -1 -1 -1 -1
0.4827418029308319 0.7975397109985352 0.22863778471946716 -1 -1 -1 -1 -1 -1 -1 -1 -1
1 
33 
-1 -1 -1 -1 -1 -1 -1 -1 -1 -1
0.44936054944992065 0.435077965259552 0.9894576668739319 -1 -1 -1 -1 -1 -1 -1 -1 -1
0.4485569894313812 0.42511633038520813 0.9950211048126221 -1 -1 -1 -1 -1 -1 -1 -1 -1
0.4491981565952301 0.42357203364372253 0.9951920509338379 -1 -1 -1 -1 -1 -1 -1 -1 -1
0.449386864900589 0.42652976512908936 0.9960860013961792 -1 -1 -1 -1 -1 -1 -1 -1 -1
0.4481782913208008 0.42567965388298035 0.9930099248886108 -1 -1 -1 -1 -1 -1 -1 -1 -1
0.4485321640968323 0.4244956970214844 0.9901484251022339 -1 -1 -1 -1 -1 -1 -1 -1 -1
0.4488658607006073 0.42333903908729553 0.9918165802955627 -1 -1 -1 -1 -1 -1 -1 -1 -1
0.4557741582393646 0.4215487837791443 0.9951964020729065 -1 -1 -1 -1 -1 -1 -1 -1 -1
0.45681676268577576 0.42044347524642944 0.9927640557289124 -1 -1 -1 -1 -1 -1 -1 -1 -1
0.4549401104450226 0.4357181489467621 0.9828169345855713 -1 -1 -1 -1 -1 -1 -1 -1 -1
0.4542771577835083 0.43660473823547363 0.9793103337287903 -1 -1 -1 -1 -1 -1 -1 -1 -1
0.47594374418258667 0.4411555826663971 0.9990167617797852 -1 -1 -1 -1 -1 -1 -1 -1 -1
0.4791593551635742 0.4443988800048828 0.9809969663619995 -1 -1 -1 -1 -1 -1 -1 -1 -1
0.44759875535964966 0.4319843649864197 0.9328083992004395 -1 -1 -1 -1 -1 -1 -1 -1 -1
0.45944684743881226 0.43321946263313293 0.026300815865397453 -1 -1 -1 -1 -1 -1 -1 -1 -1
0.4429035484790802 0.40312835574150085 0.740306556224823 -1 -1 -1 -1 -1 -1 -1 -1 -1
0.4568946361541748 0.4153466820716858 0.012102073058485985 -1 -1 -1 -1 -1 -1 -1 -1 -1
0.4419722557067871 0.39183393120765686 0.707730770111084 -1 -1 -1 -1 -1 -1 -1 -1 -1
0.45814892649650574 0.40729638934135437 0.015215706080198288 -1 -1 -1 -1 -1 -1 -1 -1 -1
0.4459206163883209 0.39299094676971436 0.6908970475196838 -1 -1 -1 -1 -1 -1 -1 -1 -1
0.45873284339904785 0.4100210666656494 0.014856389723718166 -1 -1 -1 -1 -1 -1 -1 -1 -1
0.4466719329357147 0.399005651473999 0.5976718068122864 -1 -1 -1 -1 -1 -1 -1 -1 -1
0.45774203538894653 0.4128672480583191 0.017305463552474976 -1 -1 -1 -1 -1 -1 -1 -1 -1
0.5144615769386292 0.5557604432106018 0.9967213273048401 -1 -1 -1 -1 -1 -1 -1 -1 -1
0.5105375051498413 0.5573593974113464 0.9933111667633057 -1 -1 -1 -1 -1 -1 -1 -1 -1
0.500118613243103 0.6563746333122253 0.7111119627952576 -1 -1 -1 -1 -1 -1 -1 -1 -1
0.5025760531425476 0.6470391154289246 0.10614413022994995 -1 -1 -1 -1 -1 -1 -1 -1 -1
0.5017391443252563 0.7447700500488281 0.6798720955848694 -1 -1 -1 -1 -1 -1 -1 -1 -1
0.5070383548736572 0.7483925223350525 0.15587501227855682 -1 -1 -1 -1 -1 -1 -1 -1 -1
0.5074318647384644 0.7724776268005371 0.7383633255958557 -1 -1 -1 -1 -1 -1 -1 -1 -1
0.512323796749115 0.7630524635314941 0.2089577466249466 -1 -1 -1 -1 -1 -1 -1 -1 -1
0.4796091914176941 0.7802209854125977 0.70074862241745 -1 -1 -1 -1 -1 -1 -1 -1 -1
0.49256423115730286 0.7694369554519653 0.2166324257850647 -1 -1 -1 -1 -1 -1 -1 -1 -1
1 
33 
-1 -1 -1 -1 -1 -1 -1 -1 -1 -1
0.4533602297306061 0.3797507882118225 0.8736075162887573 -1 -1 -1 -1 -1 -1 -1 -1 -1
0.4555782973766327 0.3735077381134033 0.8453060984611511 -1 -1 -1 -1 -1 -1 -1 -1 -1
0.45712465047836304 0.3725690543651581 0.8378361463546753 -1 -1 -1 -1 -1 -1 -1 -1 -1
0.4586809575557709 0.37165728211402893 0.8626788258552551 -1 -1 -1 -1 -1 -1 -1 -1 -1
0.4514743983745575 0.37561944127082825 0.8290910124778748 -1 -1 -1 -1 -1 -1 -1 -1 -1
0.4499327838420868 0.37611037492752075 0.7916146516799927 -1 -1 -1 -1 -1 -1 -1 -1 -1
0.4484241306781769 0.37663164734840393 0.8547588586807251 -1 -1 -1 -1 -1 -1 -1 -1 -1
0.46225082874298096 0.37117987871170044 0.8489955067634583 -1 -1 -1 -1 -1 -1 -1 -1 -1
0.44724369049072266 0.3782239854335785 0.7742303013801575 -1 -1 -1 -1 -1 -1 -1 -1 -1
0.456966757774353 0.3824830651283264 0.8666921257972717 -1 -1 -1 -1 -1 -1 -1 -1 -1
0.45133307576179504 0.3848845362663269 0.8267432451248169 -1 -1 -1 -1 -1 -1 -1 -1 -1
0.4798351228237152 0.3892330527305603 0.9952380657196045 -1 -1 -1 -1 -1 -1 -1 -1 -1
0.4356686770915985 0.4046548008918762 0.9984520673751831 -1 -1 -1 -1 -1 -1 -1 -1 -1
0.48701006174087524 0.4529014825820923 0.16106680035591125 -1 -1 -1 -1 -1 -1 -1 -1 -1
0.43326571583747864 0.46014487743377686 0.24179044365882874 -1 -1 -1 -1 -1 -1 -1 -1 -1
0.4674839973449707 0.4466666281223297 0.17468112707138062 -1 -1 -1 -1 -1 -1 -1 -1 -1
0.4330008924007416 0.4679549038410187 0.16327540576457977 -1 -1 -1 -1 -1 -1 -1 -1 -1
0.46169477701187134 0.4500996768474579 0.2586880326271057 -1 -1 -1 -1 -1 -1 -1 -1 -1
0.4328000545501709 0.47349053621292114 0.19968408346176147 -1 -1 -1 -1 -1 -1 -1 -1 -1
0.46083420515060425 0.44146010279655457 0.24013717472553253 -1 -1 -1 -1 -1 -1 -1 -1 -1
0.43211647868156433 0.46828410029411316 0.20298345386981964 -1 -1 -1 -1 -1 -1 -1 -1 -1
0.46091651916503906 0.44050902128219604 0.199581116437912 -1 -1 -1 -1 -1 -1 -1 -1 -1
0.4338338375091553 0.46491310000419617 0.25766873359680176 -1 -1 -1 -1 -1 -1 -1 -1 -1
0.48097553849220276 0.47883275151252747 0.9973053932189941 -1 -1 -1 -1 -1 -1 -1 -1 -1
0.45278143882751465 0.48692813515663147 0.9988675117492676 -1 -1 -1 -1 -1 -1 -1 -1 -1
0.49939844012260437 0.5289818644523621 0.8662471771240234 -1 -1 -1 -1 -1 -1 -1 -1 -1
0.4749020040035248 0.5269754528999329 0.9313381314277649 -1 -1 -1 -1 -1 -1 -1 -1 -1
0.5047898292541504 0.6436558365821838 0.647179126739502 -1 -1 -1 -1 -1 -1 -1 -1 -1
0.4946014881134033 0.6318628787994385 0.6902613639831543 -1 -1 -1 -1 -1 -1 -1 -1 -1
0.5014685392379761 0.6554214954376221 0.5889763236045837 -1 -1 -1 -1 -1 -1 -1 -1 -1
0.49506208300590515 0.641628086566925 0.5079104900360107 -1 -1 -1 -1 -1 -1 -1 -1 -1
0.518693208694458 0.6916669607162476 0.5377631187438965 -1 -1 -1 -1 -1 -1 -1 -1 -1
0.5037801265716553 0.6791635155677795 0.5101960301399231 -1 -1 -1 -1 -1 -1 -1 -1 -1
1 
33 
-1 -1 -1 -1 -1 -1 -1 -1 -1 -1
0.4543643593788147 0.5306264162063599 0.9594897627830505 -1 -1 -1 -1 -1 -1 -1 -1 -1
0.4522869884967804 0.5320658087730408 0.9530099630355835 -1 -1 -1 -1 -1 -1 -1 -1 -1
0.4518526494503021 0.5314945578575134 0.9586330652236938 -1 -1 -1 -1 -1 -1 -1 -1 -1
0.45142126083374023 0.5309155583381653 0.9650067687034607 -1 -1 -1 -1 -1 -1 -1 -1 -1
0.45283448696136475 0.532691240310669 0.9159026145935059 -1 -1 -1 -1 -1 -1 -1 -1 -1
0.45292359590530396 0.5326910018920898 0.9168206453323364 -1 -1 -1 -1 -1 -1 -1 -1 -1
0.4530065655708313 0.5326822400093079 0.900899350643158 -1 -1 -1 -1 -1 -1 -1 -1 -1
0.4499862492084503 0.5263735055923462 0.9752285480499268 -1 -1 -1 -1 -1 -1 -1 -1 -1
0.45198529958724976 0.5287982225418091 0.8694902658462524 -1 -1 -1 -1 -1 -1 -1 -1 -1
0.4543372392654419 0.5258554816246033 0.9746161699295044 -1 -1 -1 -1 -1 -1 -1 -1 -1
0.4552764296531677 0.5267156958580017 0.9238780736923218 -1 -1 -1 -1 -1 -1 -1 -1 -1
0.45108816027641296 0.5036636590957642 0.9997356534004211 -1 -1 -1 -1 -1 -1 -1 -1 -1
0.4568102955818176 0.5141050219535828 0.9781802892684937 -1 -1 -1 -1 -1 -1 -1 -1 -1
0.45327091217041016 0.47593623399734497 0.7466623783111572 -1 -1 -1 -1 -1 -1 -1 -1 -1
0.45945388078689575 0.4973478317260742 0.04139202460646629 -1 -1 -1 -1 -1 -1 -1 -1 -1
0.45470231771469116 0.46376165747642517 0.6758702397346497 -1 -1 -1 -1 -1 -1 -1 -1 -1
0.45665085315704346 0.4914468228816986 0.03877279534935951 -1 -1 -1 -1 -1 -1 -1 -1 -1
0.4543697237968445 0.4595683515071869 0.656985342502594 -1 -1 -1 -1 -1 -1 -1 -1 -1
0.45581716299057007 0.4880094826221466 0.05353398248553276 -1 -1 -1 -1 -1 -1 -1 -1 -1
0.45409300923347473 0.46243050694465637 0.657780647277832 -1 -1 -1 -1 -1 -1 -1 -1 -1
0.455799400806427 0.49163398146629333 0.05427493527531624 -1 -1 -1 -1 -1 -1 -1 -1 -1
0.45434996485710144 0.4640231728553772 0.5931649804115295 -1 -1 -1 -1 -1 -1 -1 -1 -1
0.45618075132369995 0.4928354024887085 0.05753509700298309 -1 -1 -1 -1 -1 -1 -1 -1 -1
0.4670991897583008 0.46045011281967163 0.9987136125564575 -1 -1 -1 -1 -1 -1 -1 -1 -1
0.4708310067653656 0.46830347180366516 0.9951700568199158 -1 -1 -1 -1 -1 -1 -1 -1 -1
0.48623597621917725 0.451842725276947 0.764773428440094 -1 -1 -1 -1 -1 -1 -1 -1 -1
0.48940569162368774 0.4637843072414398 0.18004554510116577 -1 -1 -1 -1 -1 -1 -1 -1 -1
0.5050448179244995 0.448490172624588 0.8480698466300964 -1 -1 -1 -1 -1 -1 -1 -1 -1
0.5092588067054749 0.46472883224487305 0.440795361995697 -1 -1 -1 -1 -1 -1 -1 -1 -1
0.507673442363739 0.4458500146865845 0.8687494993209839 -1 -1 -1 -1 -1 -1 -1 -1 -1
0.5124692320823669 0.4615786671638489 0.5460318922996521 -1 -1 -1 -1 -1 -1 -1 -1 -1
0.5101718902587891 0.454733669757843 0.8042891621589661 -1 -1 -1 -1 -1 -1 -1 -1 -1
0.5159828662872314 0.47593119740486145 0.5365546345710754 -1 -1 -1 -1 -1 -1 -1 -1 -1
1 
33 
-1 -1 -1 -1 -1 -1 -1 -1 -1 -1
0.4705536365509033 0.48485267162323 0.8042327761650085 -1 -1 -1 -1 -1 -1 -1 -1 -1
0.47008803486824036 0.4845801889896393 0.716795802116394 -1 -1 -1 -1 -1 -1 -1 -1 -1
0.470081627368927 0.4843820631504059 0.7444599866867065 -1 -1 -1 -1 -1 -1 -1 -1 -1
0.4700789153575897 0.4841744899749756 0.7209248542785645 -1 -1 -1 -1 -1 -1 -1 -1 -1
0.47011274099349976 0.4850353002548218 0.7748957872390747 -1 -1 -1 -1 -1 -1 -1 -1 -1
0.47012534737586975 0.4852302670478821 0.7944132685661316 -1 -1 -1 -1 -1 -1 -1 -1 -1
0.47013598680496216 0.4854317307472229 0.801603376865387 -1 -1 -1 -1 -1 -1 -1 -1 -1
0.4703088700771332 0.4839223027229309 0.7456339597702026 -1 -1 -1 -1 -1 -1 -1 -1 -1
0.4703757166862488 0.485734224319458 0.8644003868103027 -1 -1 -1 -1 -1 -1 -1 -1 -1
0.4711172878742218 0.48463329672813416 0.728392481803894 -1 -1 -1 -1 -1 -1 -1 -1 -1
0.47115644812583923 0.48524245619773865 0.8069979548454285 -1 -1 -1 -1 -1 -1 -1 -1 -1
0.47306588292121887 0.48028498888015747 0.9167860746383667 -1 -1 -1 -1 -1 -1 -1 -1 -1
0.4729767143726349 0.49026966094970703 0.9689576029777527 -1 -1 -1 -1 -1 -1 -1 -1 -1
0.4772839844226837 0.4779822528362274 0.24075818061828613 -1 -1 -1 -1 -1 -1 -1 -1 -1
0.4774506986141205 0.4951261579990387 0.5091466307640076 -1 -1 -1 -1 -1 -1 -1 -1 -1
0.4764881134033203 0.47790172696113586 0.19351936876773834 -1 -1 -1 -1 -1 -1 -1 -1 -1
0.4777260720729828 0.49557918310165405 0.5210777521133423 -1 -1 -1 -1 -1 -1 -1 -1 -1
0.4764265716075897 0.47766464948654175 0.192369744181633 -1 -1 -1 -1 -1 -1 -1 -1 -1
0.47805625200271606 0.49548017978668213 0.4559870660305023 -1 -1 -1 -1 -1 -1 -1 -1 -1
0.47553732991218567 0.4774332046508789 0.19745558500289917 -1 -1 -1 -1 -1 -1 -1 -1 -1
0.4772964119911194 0.49564945697784424 0.4710501432418823 -1 -1 -1 -1 -1 -1 -1 -1 -1
0.4755602777004242 0.4777444005012512 0.2006016969680786 -1 -1 -1 -1 -1 -1 -1 -1 -1
0.4772765636444092 0.4956630766391754 0.4809855818748474 -1 -1 -1 -1 -1 -1 -1 -1 -1
0.4821881949901581 0.48172447085380554 0.7352399230003357 -1 -1 -1 -1 -1 -1 -1 -1 -1
0.48213303089141846 0.48760178685188293 0.8656876683235168 -1 -1 -1 -1 -1 -1 -1 -1 -1
0.48330292105674744 0.47652092576026917 0.6815813779830933 -1 -1 -1 -1 -1 -1 -1 -1 -1
0.4825047552585602 0.48707184195518494 0.625413715839386 -1 -1 -1 -1 -1 -1 -1 -1 -1
0.48886820673942566 0.48273199796676636 0.48539984226226807 -1 -1 -1 -1 -1 -1 -1 -1 -1
0.48919445276260376 0.485202431678772 0.4889405369758606 -1 -1 -1 -1 -1 -1 -1 -1 -1
0.48944738507270813 0.48361992835998535 0.4664996564388275 -1 -1 -1 -1 -1 -1 -1 -1 -1
0.4901025891304016 0.4847226142883301 0.5366005897521973 -1 -1 -1 -1 -1 -1 -1 -1 -1
0.4908100366592407 0.48419302701950073 0.4020991325378418 -1 -1 -1 -1 -1 -1 -1 -1 -1
0.4909360110759735 0.4867618978023529 0.4691597819328308 -1 -1 -1 -1 -1 -1 -1 -1 -1
1 
33 
-1 -1 -1 -1 -1 -1 -1 -1 -1 -1
0.9551047086715698 0.8017086386680603 0.9994152784347534 -1 -1 -1 -1 -1 -1 -1 -1 -1
0.9525847434997559 0.8223912715911865 0.9996962547302246 -1 -1 -1 -1 -1 -1 -1 -1 -1
0.9503922462463379 0.8239349126815796 0.9994933605194092 -1 -1 -1 -1 -1 -1 -1 -1 -1
0.94837886095047 0.8256343603134155 0.9995735287666321 -1 -1 -1 -1 -1 -1 -1 -1 -1
0.9577372670173645 0.8207847476005554 0.9995744824409485 -1 -1 -1 -1 -1 -1 -1 -1 -1
0.9591351747512817 0.8225623965263367 0.9993780851364136 -1 -1 -1 -1 -1 -1 -1 -1 -1
0.9607733488082886 0.8209871053695679 0.9995778203010559 -1 -1 -1 -1 -1 -1 -1 -1 -1
0.942026674747467 0.8344594240188599 0.9995110034942627 -1 -1 -1 -1 -1 -1 -1 -1 -1
0.9564852118492126 0.8270623087882996 0.9990777969360352 -1 -1 -1 -1 -1 -1 -1 -1 -1
0.9475204348564148 0.7935824394226074 0.9978017210960388 -1 -1 -1 -1 -1 -1 -1 -1 -1
0.954732358455658 0.7935407161712646 0.9980624318122864 -1 -1 -1 -1 -1 -1 -1 -1 -1
0.9190368056297302 0.8010119795799255 0.9966920614242554 -1 -1 -1 -1 -1 -1 -1 -1 -1
0.9541045427322388 0.7825759053230286 0.9987350106239319 -1 -1 -1 -1 -1 -1 -1 -1 -1
0.8914063572883606 0.7901130318641663 0.7603265047073364 -1 -1 -1 -1 -1 -1 -1 -1 -1
0.9689784049987793 0.7415144443511963 0.4140150845050812 -1 -1 -1 -1 -1 -1 -1 -1 -1
0.9159892797470093 0.8043123483657837 0.4244807958602905 -1 -1 -1 -1 -1 -1 -1 -1 -1
0.9977384805679321 0.7459720969200134 0.5738489031791687 -1 -1 -1 -1 -1 -1 -1 -1 -1
0.9227066040039062 0.8057581782341003 0.2975185215473175 -1 -1 -1 -1 -1 -1 -1 -1 -1
1.0075104236602783 0.7487623691558838 0.510955274105072 -1 -1 -1 -1 -1 -1 -1 -1 -1
0.9269874095916748 0.8148715496063232 0.3081657886505127 -1 -1 -1 -1 -1 -1 -1 -1 -1
1.0095340013504028 0.7495869398117065 0.5467000603675842 -1 -1 -1 -1 -1 -1 -1 -1 -1
0.9247276782989502 0.8136020302772522 0.31599563360214233 -1 -1 -1 -1 -1 -1 -1 -1 -1
1.004363775253296 0.7475094795227051 0.5359699726104736 -1 -1 -1 -1 -1 -1 -1 -1 -1
0.8572900891304016 0.699661374092102 0.9992378950119019 -1 -1 -1 -1 -1 -1 -1 -1 -1
0.8694413304328918 0.6894619464874268 0.9990406632423401 -1 -1 -1 -1 -1 -1 -1 -1 -1
0.8065657019615173 0.7060214877128601 0.6466909050941467 -1 -1 -1 -1 -1 -1 -1 -1 -1
0.8138052821159363 0.7158374190330505 0.23406942188739777 -1 -1 -1 -1 -1 -1 -1 -1 -1
0.7783187627792358 0.7309474945068359 0.38314110040664673 -1 -1 -1 -1 -1 -1 -1 -1 -1
0.7830188274383545 0.7347013354301453 0.1376313418149948 -1 -1 -1 -1 -1 -1 -1 -1 -1
0.7770309448242188 0.740026593208313 0.5068621039390564 -1 -1 -1 -1 -1 -1 -1 -1 -1
0.78081214427948 0.7383453845977783 0.22056536376476288 -1 -1 -1 -1 -1 -1 -1 -1 -1
0.7583773732185364 0.7225184440612793 0.4072974920272827 -1 -1 -1 -1 -1 -1 -1 -1 -1
0.7645959854125977 0.725281834602356 0.174433633685112 -1 -1 -1 -1 -1 -1 -1 -1 -1
1 
33 
-1 -1 -1 -1 -1 -1 -1 -1 -1 -1
0.49776148796081543 0.518548309803009 0.9980239868164062 -1 -1 -1 -1 -1 -1 -1 -1 -1
0.4969082772731781 0.5190711617469788 0.9986613988876343 -1 -1 -1 -1 -1 -1 -1 -1 -1
0.4972667396068573 0.5186377167701721 0.9978965520858765 -1 -1 -1 -1 -1 -1 -1 -1 -1
0.49763691425323486 0.518170952796936 0.9988616704940796 -1 -1 -1 -1 -1 -1 -1 -1 -1
0.49539241194725037 0.5201684832572937 0.9989997744560242 -1 -1 -1 -1 -1 -1 -1 -1 -1
0.494803249835968 0.5205254554748535 0.9984772801399231 -1 -1 -1 -1 -1 -1 -1 -1 -1
0.4941895306110382 0.5208889842033386 0.9991187453269958 -1 -1 -1 -1 -1 -1 -1 -1 -1
0.4973224401473999 0.5157627463340759 0.997752845287323 -1 -1 -1 -1 -1 -1 -1 -1 -1
0.4921935796737671 0.5192556381225586 0.9988561868667603 -1 -1 -1 -1 -1 -1 -1 -1 -1
0.49903175234794617 0.514985203742981 0.9995589852333069 -1 -1 -1 -1 -1 -1 -1 -1 -1
0.4973489046096802 0.5163297057151794 0.9995772242546082 -1 -1 -1 -1 -1 -1 -1 -1 -1
0.5048022866249084 0.49970901012420654 0.9993422627449036 -1 -1 -1 -1 -1 -1 -1 -1 -1
0.4877188205718994 0.5112932324409485 0.9994797110557556 -1 -1 -1 -1 -1 -1 -1 -1 -1
0.5224812626838684 0.4855392873287201 0.7729774713516235 -1 -1 -1 -1 -1 -1 -1 -1 -1
0.49763962626457214 0.4917812645435333 0.6233153343200684 -1 -1 -1 -1 -1 -1 -1 -1 -1
0.5381978154182434 0.4894319772720337 0.7781326770782471 -1 -1 -1 -1 -1 -1 -1 -1 -1
0.5048987865447998 0.4926835894584656 0.775796115398407 -1 -1 -1 -1 -1 -1 -1 -1 -1
0.5431402921676636 0.48817628622055054 0.7999473810195923 -1 -1 -1 -1 -1 -1 -1 -1 -1
0.5045337677001953 0.4928566813468933 0.8233853578567505 -1 -1 -1 -1 -1 -1 -1 -1 -1
0.5420572757720947 0.4935794770717621 0.8082413673400879 -1 -1 -1 -1 -1 -1 -1 -1 -1
0.5059598684310913 0.4953936040401459 0.8199712634086609 -1 -1 -1 -1 -1 -1 -1 -1 -1
0.5394443273544312 0.49464935064315796 0.7322112917900085 -1 -1 -1 -1 -1 -1 -1 -1 -1
0.5065389275550842 0.4943814277648926 0.7695688009262085 -1 -1 -1 -1 -1 -1 -1 -1 -1
0.5026736855506897 0.4483792185783386 0.9994205236434937 -1 -1 -1 -1 -1 -1 -1 -1 -1
0.4958117604255676 0.45541128516197205 0.9993109703063965 -1 -1 -1 -1 -1 -1 -1 -1 -1
0.5230406522750854 0.4900497794151306 0.8068674802780151 -1 -1 -1 -1 -1 -1 -1 -1 -1
0.5128664970397949 0.48838508129119873 0.21897056698799133 -1 -1 -1 -1 -1 -1 -1 -1 -1
0.546155571937561 0.46205976605415344 0.8731164932250977 -1 -1 -1 -1 -1 -1 -1 -1 -1
0.5291550159454346 0.4556688964366913 0.1284668743610382 -1 -1 -1 -1 -1 -1 -1 -1 -1
0.5489929914474487 0.45358985662460327 0.7858588099479675 -1 -1 -1 -1 -1 -1 -1 -1 -1
0.5301949381828308 0.4484921395778656 0.10245446860790253 -1 -1 -1 -1 -1 -1 -1 -1 -1
0.5538365244865417 0.4721377193927765 0.8367018699645996 -1 -1 -1 -1 -1 -1 -1 -1 -1
0.5359652638435364 0.4572281837463379 0.1332327425479889 -1 -1 -1 -1 -1 -1 -1 -1 -1
1 
33 
-1 -1 -1 -1 -1 -1 -1 -1 -1 -1
0.5162293910980225 0.5245862603187561 1.0 -1 -1 -1 -1 -1 -1 -1 -1 -1
0.5167621374130249 0.5264695882797241 1.0 -1 -1 -1 -1 -1 -1 -1 -1 -1
0.5166365504264832 0.5264567732810974 1.0 -1 -1 -1 -1 -1 -1 -1 -1 -1
0.516487181186676 0.5264902710914612 1.0 -1 -1 -1 -1 -1 -1 -1 -1 -1
0.5172032713890076 0.5271353125572205 1.0 -1 -1 -1 -1 -1 -1 -1 -1 -1
0.5172837972640991 0.5274361371994019 1.0 -1 -1 -1 -1 -1 -1 -1 -1 -1
0.5173326134681702 0.5276792645454407 1.0 -1 -1 -1 -1 -1 -1 -1 -1 -1
0.5161147117614746 0.5264196395874023 1.0 -1 -1 -1 -1 -1 -1 -1 -1 -1
0.5170133709907532 0.5280129313468933 1.0 -1 -1 -1 -1 -1 -1 -1 -1 -1
0.5150184631347656 0.5227448344230652 1.0 -1 -1 -1 -1 -1 -1 -1 -1 -1
0.5154705047607422 0.5229969024658203 1.0 -1 -1 -1 -1 -1 -1 -1 -1 -1
0.5134925246238708 0.5183247327804565 0.9999992847442627 -1 -1 -1 -1 -1 -1 -1 -1 -1
0.5159477591514587 0.5206891894340515 1.0 -1 -1 -1 -1 -1 -1 -1 -1 -1
0.505862832069397 0.5098101496696472 0.2534789741039276 -1 -1 -1 -1 -1 -1 -1 -1 -1
0.5192097425460815 0.5074834823608398 0.9966345429420471 -1 -1 -1 -1 -1 -1 -1 -1 -1
0.5053108334541321 0.5013175010681152 0.6088705658912659 -1 -1 -1 -1 -1 -1 -1 -1 -1
0.5151847004890442 0.5035982728004456 0.9968780279159546 -1 -1 -1 -1 -1 -1 -1 -1 -1
0.505506157875061 0.49711698293685913 0.22589586675167084 -1 -1 -1 -1 -1 -1 -1 -1 -1
0.5143408179283142 0.5021133422851562 0.9807172417640686 -1 -1 -1 -1 -1 -1 -1 -1 -1
0.5061021447181702 0.49865713715553284 0.19722691178321838 -1 -1 -1 -1 -1 -1 -1 -1 -1
0.514597475528717 0.5036320090293884 0.988207995891571 -1 -1 -1 -1 -1 -1 -1 -1 -1
0.5057104229927063 0.5005199313163757 0.25617289543151855 -1 -1 -1 -1 -1 -1 -1 -1 -1
0.5153869390487671 0.5041500329971313 0.9838001132011414 -1 -1 -1 -1 -1 -1 -1 -1 -1
0.5081503987312317 0.5063595771789551 0.9924675822257996 -1 -1 -1 -1 -1 -1 -1 -1 -1
0.509931743144989 0.5041885375976562 0.9953492283821106 -1 -1 -1 -1 -1 -1 -1 -1 -1
0.4976526200771332 0.4995045065879822 0.060848575085401535 -1 -1 -1 -1 -1 -1 -1 -1 -1
0.5097060799598694 0.48876526951789856 0.8828906416893005 -1 -1 -1 -1 -1 -1 -1 -1 -1
0.5032373070716858 0.4962271451950073 0.018597913905978203 -1 -1 -1 -1 -1 -1 -1 -1 -1
0.5087123513221741 0.4793764054775238 0.046447332948446274 -1 -1 -1 -1 -1 -1 -1 -1 -1
0.5047222375869751 0.4953042268753052 0.0030034049414098263 -1 -1 -1 -1 -1 -1 -1 -1 -1
0.5091912746429443 0.4748057425022125 0.12191726267337799 -1 -1 -1 -1 -1 -1 -1 -1 -1
0.5036219358444214 0.49342676997184753 0.022365394979715347 -1 -1 -1 -1 -1 -1 -1 -1 -1
0.5069433450698853 0.4786777198314667 0.04531880468130112 -1 -1 -1 -1 -1 -1 -1 -1 -1
1 
33 
-1 -1 -1 -1 -1 -1 -1 -1 -1 -1
0.5127454996109009 0.5103275179862976 0.9991439580917358 -1 -1 -1 -1 -1 -1 -1 -1 -1
0.5138823390007019 0.5103219747543335 0.9993526339530945 -1 -1 -1 -1 -1 -1 -1 -1 -1
0.514522910118103 0.5090958476066589 0.9992212057113647 -1 -1 -1 -1 -1 -1 -1 -1 -1
0.5151458382606506 0.5078316926956177 0.9991053938865662 -1 -1 -1 -1 -1 -1 -1 -1 -1
0.5118713974952698 0.5136137008666992 0.9992805123329163 -1 -1 -1 -1 -1 -1 -1 -1 -1
0.5112430453300476 0.5145277976989746 0.999351441860199 -1 -1 -1 -1 -1 -1 -1 -1 -1
0.5106133818626404 0.5153881907463074 0.9993910789489746 -1 -1 -1 -1 -1 -1 -1 -1 -1
0.5159622430801392 0.502172589302063 0.9991194605827332 -1 -1 -1 -1 -1 -1 -1 -1 -1
0.5090808868408203 0.5132331252098083 0.9995446801185608 -1 -1 -1 -1 -1 -1 -1 -1 -1
0.5136035680770874 0.505092442035675 0.9991818070411682 -1 -1 -1 -1 -1 -1 -1 -1 -1
0.5116382241249084 0.5082988739013672 0.9994297623634338 -1 -1 -1 -1 -1 -1 -1 -1 -1
0.5157407522201538 0.4758113622665405 0.9982247948646545 -1 -1 -1 -1 -1 -1 -1 -1 -1
0.5058370232582092 0.5046099424362183 0.9997320771217346 -1 -1 -1 -1 -1 -1 -1 -1 -1
0.5181978344917297 0.4481521546840668 0.7473920583724976 -1 -1 -1 -1 -1 -1 -1 -1 -1
0.5031262636184692 0.5189343690872192 0.962203323841095 -1 -1 -1 -1 -1 -1 -1 -1 -1
0.511440634727478 0.45582249760627747 0.11696794629096985 -1 -1 -1 -1 -1 -1 -1 -1 -1
0.5123142004013062 0.5304338932037354 0.8503161072731018 -1 -1 -1 -1 -1 -1 -1 -1 -1
0.5104318261146545 0.45681917667388916 0.06805339455604553 -1 -1 -1 -1 -1 -1 -1 -1 -1
0.5147051215171814 0.5353119373321533 0.7472445368766785 -1 -1 -1 -1 -1 -1 -1 -1 -1
0.5083572268486023 0.459265798330307 0.06497892737388611 -1 -1 -1 -1 -1 -1 -1 -1 -1
0.5142437219619751 0.5313544869422913 0.7058671116828918 -1 -1 -1 -1 -1 -1 -1 -1 -1
0.508874773979187 0.45880526304244995 0.07903826981782913 -1 -1 -1 -1 -1 -1 -1 -1 -1
0.5135217308998108 0.5282797813415527 0.6437909603118896 -1 -1 -1 -1 -1 -1 -1 -1 -1
0.5009051561355591 0.4451889395713806 0.9977127313613892 -1 -1 -1 -1 -1 -1 -1 -1 -1
0.4965710937976837 0.452930212020874 0.9993190765380859 -1 -1 -1 -1 -1 -1 -1 -1 -1
0.49874040484428406 0.4365735650062561 0.4257763922214508 -1 -1 -1 -1 -1 -1 -1 -1 -1
0.49704891443252563 0.43209582567214966 0.46503132581710815 -1 -1 -1 -1 -1 -1 -1 -1 -1
0.5116773843765259 0.4205332398414612 0.29575029015541077 -1 -1 -1 -1 -1 -1 -1 -1 -1
0.5032452940940857 0.41591084003448486 0.21415099501609802 -1 -1 -1 -1 -1 -1 -1 -1 -1
0.5137836337089539 0.4186290204524994 0.31519630551338196 -1 -1 -1 -1 -1 -1 -1 -1 -1
0.5050365924835205 0.4131455719470978 0.2360532134771347 -1 -1 -1 -1 -1 -1 -1 -1 -1
0.5137732625007629 0.41808345913887024 0.19465190172195435 -1 -1 -1 -1 -1 -1 -1 -1 -1
0.4999474585056305 0.4150426387786865 0.13430126011371613 -1 -1 -1 -1 -1 -1 -1 -1 -1
1 
