24
1 
33 
-1 -1 -1 -1 -1 -1 -1 -1 -1 -1
0.5799382925033569 0.44737523794174194 0.9467140436172485 -1 -1 -1 -1 -1 -1 -1 -1 -1
0.5790094137191772 0.44045141339302063 0.9123120307922363 -1 -1 -1 -1 -1 -1 -1 -1 -1
0.580373227596283 0.4393097162246704 0.927789032459259 -1 -1 -1 -1 -1 -1 -1 -1 -1
0.5811400413513184 0.43797099590301514 0.9284459948539734 -1 -1 -1 -1 -1 -1 -1 -1 -1
0.5782694220542908 0.4405553340911865 0.8953042030334473 -1 -1 -1 -1 -1 -1 -1 -1 -1
0.5784292221069336 0.4396960139274597 0.8932417035102844 -1 -1 -1 -1 -1 -1 -1 -1 -1
0.5787138342857361 0.4387306869029999 0.9010457396507263 -1 -1 -1 -1 -1 -1 -1 -1 -1
0.5884499549865723 0.4333544075489044 0.9289498925209045 -1 -1 -1 -1 -1 -1 -1 -1 -1
0.58439040184021 0.43531113862991333 0.8367803692817688 -1 -1 -1 -1 -1 -1 -1 -1 -1
0.5840974450111389 0.4489598274230957 0.9445717930793762 -1 -1 -1 -1 -1 -1 -1 -1 -1
0.5836770534515381 0.44913893938064575 0.9215023517608643 -1 -1 -1 -1 -1 -1 -1 -1 -1
0.6105663180351257 0.45470184087753296 0.9988032579421997 -1 -1 -1 -1 -1 -1 -1 -1 -1
0.5869723558425903 0.45762360095977783 0.9971611499786377 -1 -1 -1 -1 -1 -1 -1 -1 -1
0.6110628843307495 0.5108333826065063 0.7353566884994507 -1 -1 -1 -1 -1 -1 -1 -1 -1
0.5862756967544556 0.5060327053070068 0.1582665741443634 -1 -1 -1 -1 -1 -1 -1 -1 -1
0.6058255434036255 0.5539804697036743 0.26296374201774597 -1 -1 -1 -1 -1 -1 -1 -1 -1
0.5880529880523682 0.546841561794281 0.09746817499399185 -1 -1 -1 -1 -1 -1 -1 -1 -1
0.6063231229782104 0.5665066838264465 0.23504769802093506 -1 -1 -1 -1 -1 -1 -1 -1 -1
0.5873129367828369 0.5605928301811218 0.08579938113689423 -1 -1 -1 -1 -1 -1 -1 -1 -1
0.6045589447021484 0.5648987293243408 0.23304146528244019 -1 -1 -1 -1 -1 -1 -1 -1 -1
0.58784419298172 0.5599288940429688 0.0917508602142334 -1 -1 -1 -1 -1 -1 -1 -1 -1
0.6040140390396118 0.5597434639930725 0.1768178939819336 -1 -1 -1 -1 -1 -1 -1 -1 -1
0.5886117815971375 0.5550902485847473 0.10039585828781128 -1 -1 -1 -1 -1 -1 -1 -1 -1
0.6141543388366699 0.5535053014755249 0.9948846697807312 -1 -1 -1 -1 -1 -1 -1 -1 -1
0.5954814553260803 0.5529777407646179 0.9952888488769531 -1 -1 -1 -1 -1 -1 -1 -1 -1
0.6164605021476746 0.6212668418884277 0.9715113639831543 -1 -1 -1 -1 -1 -1 -1 -1 -1
0.5983585119247437 0.6191118359565735 0.9313861131668091 -1 -1 -1 -1 -1 -1 -1 -1 -1
0.6184555292129517 0.6918880343437195 0.9683470129966736 -1 -1 -1 -1 -1 -1 -1 -1 -1
0.6025044918060303 0.6873577833175659 0.9533528685569763 -1 -1 -1 -1 -1 -1 -1 -1 -1
0.6210755109786987 0.7024697661399841 0.8695234060287476 -1 -1 -1 -1 -1 -1 -1 -1 -1
0.6059228181838989 0.6979005932807922 0.8874662518501282 -1 -1 -1 -1 -1 -1 -1 -1 -1
0.6086328029632568 0.7061432003974915 0.9532788395881653 -1 -1 -1 -1 -1 -1 -1 -1 -1
0.5880170464515686 0.7000047564506531 0.9523033499717712 -1 -1 -1 -1 -1 -1 -1 -1 -1
1 
33 
-1 -1 -1 -1 -1 -1 -1 -1 -1 -1
0.5862488746643066 0.4423723518848419 0.9912710189819336 -1 -1 -1 -1 -1 -1 -1 -1 -1
0.5895664691925049 0.43349117040634155 0.9825488328933716 -1 -1 -1 -1 -1 -1 -1 -1 -1
0.590468168258667 0.4325261414051056 0.9849360585212708 -1 -1 -1 -1 -1 -1 -1 -1 -1
0.5921859741210938 0.43100160360336304 0.9857977032661438 -1 -1 -1 -1 -1 -1 -1 -1 -1
0.5869308710098267 0.4344020485877991 0.9793235063552856 -1 -1 -1 -1 -1 -1 -1 -1 -1
0.5841042399406433 0.43337011337280273 0.9796103239059448 -1 -1 -1 -1 -1 -1 -1 -1 -1
0.5836588144302368 0.4331488609313965 0.9831762313842773 -1 -1 -1 -1 -1 -1 -1 -1 -1
0.5969980359077454 0.4302792549133301 0.979280948638916 -1 -1 -1 -1 -1 -1 -1 -1 -1
0.5878117680549622 0.4300377368927002 0.9677461981773376 -1 -1 -1 -1 -1 -1 -1 -1 -1
0.5898645520210266 0.44576773047447205 0.9879905581474304 -1 -1 -1 -1 -1 -1 -1 -1 -1
0.5874639749526978 0.44611579179763794 0.9864115118980408 -1 -1 -1 -1 -1 -1 -1 -1 -1
0.6150094866752625 0.45700138807296753 0.998424768447876 -1 -1 -1 -1 -1 -1 -1 -1 -1
0.5853184461593628 0.4552989602088928 0.9988595247268677 -1 -1 -1 -1 -1 -1 -1 -1 -1
0.6157536506652832 0.50902259349823 0.5692316889762878 -1 -1 -1 -1 -1 -1 -1 -1 -1
0.5820446610450745 0.5041760802268982 0.2464420646429062 -1 -1 -1 -1 -1 -1 -1 -1 -1
0.6109834909439087 0.5514167547225952 0.17327149212360382 -1 -1 -1 -1 -1 -1 -1 -1 -1
0.5859603881835938 0.5465911626815796 0.1842028796672821 -1 -1 -1 -1 -1 -1 -1 -1 -1
0.6132903099060059 0.5638524293899536 0.1738678514957428 -1 -1 -1 -1 -1 -1 -1 -1 -1
0.5859043598175049 0.5608853697776794 0.16763879358768463 -1 -1 -1 -1 -1 -1 -1 -1 -1
0.6110973358154297 0.5629038214683533 0.1756134182214737 -1 -1 -1 -1 -1 -1 -1 -1 -1
0.5879555940628052 0.5599879026412964 0.1782451719045639 -1 -1 -1 -1 -1 -1 -1 -1 -1
0.6097855567932129 0.5578620433807373 0.14062601327896118 -1 -1 -1 -1 -1 -1 -1 -1 -1
0.5888847708702087 0.5547856688499451 0.1853763461112976 -1 -1 -1 -1 -1 -1 -1 -1 -1
0.6148390173912048 0.5539069175720215 0.9982649683952332 -1 -1 -1 -1 -1 -1 -1 -1 -1
0.5944897532463074 0.5543796420097351 0.9984489679336548 -1 -1 -1 -1 -1 -1 -1 -1 -1
0.6172038912773132 0.6185765862464905 0.9760505557060242 -1 -1 -1 -1 -1 -1 -1 -1 -1
0.5987775325775146 0.6165810823440552 0.961624026298523 -1 -1 -1 -1 -1 -1 -1 -1 -1
0.6202951073646545 0.6928956508636475 0.976428210735321 -1 -1 -1 -1 -1 -1 -1 -1 -1
0.6015377044677734 0.6878077983856201 0.9679582715034485 -1 -1 -1 -1 -1 -1 -1 -1 -1
0.6209378242492676 0.7035689949989319 0.8763548731803894 -1 -1 -1 -1 -1 -1 -1 -1 -1
0.6037887334823608 0.6995540857315063 0.8927591443061829 -1 -1 -1 -1 -1 -1 -1 -1 -1
0.6153479814529419 0.7162304520606995 0.9593148827552795 -1 -1 -1 -1 -1 -1 -1 -1 -1
0.5873207449913025 0.7009626030921936 0.9671218395233154 -1 -1 -1 -1 -1 -1 -1 -1 -1
1 
33 
-1 -1 -1 -1 -1 -1 -1 -1 -1 -1
0.5778344869613647 0.44253528118133545 0.9721013903617859 -1 -1 -1 -1 -1 -1 -1 -1 -1
0.5789972543716431 0.43516501784324646 0.9706678986549377 -1 -1 -1 -1 -1 -1 -1 -1 -1
0.5814288854598999 0.4339287579059601 0.9754794239997864 -1 -1 -1 -1 -1 -1 -1 -1 -1
0.5838544368743896 0.43130114674568176 0.9803342223167419 -1 -1 -1 -1 -1 -1 -1 -1 -1
0.5785112380981445 0.4351522922515869 0.9577480554580688 -1 -1 -1 -1 -1 -1 -1 -1 -1
0.5788388848304749 0.4346804618835449 0.9501569867134094 -1 -1 -1 -1 -1 -1 -1 -1 -1
0.5792704224586487 0.43409672379493713 0.9494981169700623 -1 -1 -1 -1 -1 -1 -1 -1 -1
0.590204119682312 0.43074458837509155 0.9874394536018372 -1 -1 -1 -1 -1 -1 -1 -1 -1
0.5858538150787354 0.4310172200202942 0.9047037959098816 -1 -1 -1 -1 -1 -1 -1 -1 -1
0.5822121500968933 0.44576188921928406 0.9892100691795349 -1 -1 -1 -1 -1 -1 -1 -1 -1
0.5821021199226379 0.4456459581851959 0.9718616008758545 -1 -1 -1 -1 -1 -1 -1 -1 -1
0.6072959303855896 0.46226081252098083 0.999671459197998 -1 -1 -1 -1 -1 -1 -1 -1 -1
0.5865688323974609 0.46410131454467773 0.9966607093811035 -1 -1 -1 -1 -1 -1 -1 -1 -1
0.6092379689216614 0.5173764824867249 0.8893123865127563 -1 -1 -1 -1 -1 -1 -1 -1 -1
0.5891879796981812 0.5116755366325378 0.07965270429849625 -1 -1 -1 -1 -1 -1 -1 -1 -1
0.6047320365905762 0.5584216117858887 0.4838787317276001 -1 -1 -1 -1 -1 -1 -1 -1 -1
0.589988112449646 0.5414722561836243 0.06303654611110687 -1 -1 -1 -1 -1 -1 -1 -1 -1
0.6054779291152954 0.5698675513267517 0.4494127035140991 -1 -1 -1 -1 -1 -1 -1 -1 -1
0.5904657244682312 0.5502372980117798 0.0688626617193222 -1 -1 -1 -1 -1 -1 -1 -1 -1
0.6032553911209106 0.567787230014801 0.4451621472835541 -1 -1 -1 -1 -1 -1 -1 -1 -1
0.5895287394523621 0.5479373335838318 0.07461778074502945 -1 -1 -1 -1 -1 -1 -1 -1 -1
0.6027795076370239 0.5636284351348877 0.3593742847442627 -1 -1 -1 -1 -1 -1 -1 -1 -1
0.5899838805198669 0.5448229908943176 0.07775139808654785 -1 -1 -1 -1 -1 -1 -1 -1 -1
0.6136168241500854 0.5526564121246338 0.9976990818977356 -1 -1 -1 -1 -1 -1 -1 -1 -1
0.5977422595024109 0.5535091757774353 0.9934106469154358 -1 -1 -1 -1 -1 -1 -1 -1 -1
0.6159501671791077 0.6168553829193115 0.9263561367988586 -1 -1 -1 -1 -1 -1 -1 -1 -1
0.5976616740226746 0.6166749596595764 0.7123059034347534 -1 -1 -1 -1 -1 -1 -1 -1 -1
0.6158034801483154 0.6900744438171387 0.9764382243156433 -1 -1 -1 -1 -1 -1 -1 -1 -1
0.6018649339675903 0.6842844486236572 0.8670478463172913 -1 -1 -1 -1 -1 -1 -1 -1 -1
0.6183483600616455 0.7024984955787659 0.9184668064117432 -1 -1 -1 -1 -1 -1 -1 -1 -1
0.6052594780921936 0.6977624893188477 0.8178391456604004 -1 -1 -1 -1 -1 -1 -1 -1 -1
0.603577196598053 0.7117810249328613 0.960973858833313 -1 -1 -1 -1 -1 -1 -1 -1 -1
0.5858144760131836 0.6979556679725647 0.8922985792160034 -1 -1 -1 -1 -1 -1 -1 -1 -1
1 
33 
-1 -1 -1 -1 -1 -1 -1 -1 -1 -1
0.5885070562362671 0.45202547311782837 0.996417760848999 -1 -1 -1 -1 -1 -1 -1 -1 -1
0.5894120931625366 0.44915127754211426 0.9968510270118713 -1 -1 -1 -1 -1 -1 -1 -1 -1
0.5908909440040588 0.4453228712081909 0.996547520160675 -1 -1 -1 -1 -1 -1 -1 -1 -1
0.5916188955307007 0.4453662633895874 0.9977953433990479 -1 -1 -1 -1 -1 -1 -1 -1 -1
0.589168131351471 0.4491155445575714 0.9968650937080383 -1 -1 -1 -1 -1 -1 -1 -1 -1
0.5897364616394043 0.4452349543571472 0.9963995218276978 -1 -1 -1 -1 -1 -1 -1 -1 -1
0.5899018049240112 0.4453243613243103 0.9977136850357056 -1 -1 -1 -1 -1 -1 -1 -1 -1
0.5962446331977844 0.4488452076911926 0.9982777833938599 -1 -1 -1 -1 -1 -1 -1 -1 -1
0.5938910245895386 0.44850796461105347 0.9965464472770691 -1 -1 -1 -1 -1 -1 -1 -1 -1
0.5902129411697388 0.4552214741706848 0.9981033802032471 -1 -1 -1 -1 -1 -1 -1 -1 -1
0.5884628295898438 0.45636022090911865 0.9972957968711853 -1 -1 -1 -1 -1 -1 -1 -1 -1
0.6046918034553528 0.4799463748931885 0.9994766116142273 -1 -1 -1 -1 -1 -1 -1 -1 -1
0.5958055257797241 0.48365622758865356 0.9960694313049316 -1 -1 -1 -1 -1 -1 -1 -1 -1
0.6065272688865662 0.5231066346168518 0.8450220227241516 -1 -1 -1 -1 -1 -1 -1 -1 -1
0.5950192809104919 0.5214651823043823 0.09145105630159378 -1 -1 -1 -1 -1 -1 -1 -1 -1
0.5992847084999084 0.5508641600608826 0.40405893325805664 -1 -1 -1 -1 -1 -1 -1 -1 -1
0.5910742878913879 0.5461271405220032 0.053196948021650314 -1 -1 -1 -1 -1 -1 -1 -1 -1
0.5988349914550781 0.5548861622810364 0.38173866271972656 -1 -1 -1 -1 -1 -1 -1 -1 -1
0.5906553864479065 0.5499962568283081 0.05704108625650406 -1 -1 -1 -1 -1 -1 -1 -1 -1
0.5974698662757874 0.5523287653923035 0.36283403635025024 -1 -1 -1 -1 -1 -1 -1 -1 -1
0.5897992849349976 0.547619104385376 0.0589226670563221 -1 -1 -1 -1 -1 -1 -1 -1 -1
0.5974804162979126 0.5516319870948792 0.30396196246147156 -1 -1 -1 -1 -1 -1 -1 -1 -1
0.5900177955627441 0.5466284155845642 0.05868330970406532 -1 -1 -1 -1 -1 -1 -1 -1 -1
0.6158061027526855 0.5512130260467529 0.998258650302887 -1 -1 -1 -1 -1 -1 -1 -1 -1
0.6103336811065674 0.5542628169059753 0.9950882792472839 -1 -1 -1 -1 -1 -1 -1 -1 -1
0.6106981635093689 0.6112087368965149 0.9412385821342468 -1 -1 -1 -1 -1 -1 -1 -1 -1
0.6054587960243225 0.6135362982749939 0.46614211797714233 -1 -1 -1 -1 -1 -1 -1 -1 -1
0.6097142696380615 0.6793513298034668 0.9677709937095642 -1 -1 -1 -1 -1 -1 -1 -1 -1
0.6104718446731567 0.6737989187240601 0.6772539615631104 -1 -1 -1 -1 -1 -1 -1 -1 -1
0.6121816635131836 0.6910581588745117 0.9421204924583435 -1 -1 -1 -1 -1 -1 -1 -1 -1
0.6146829724311829 0.683348536491394 0.6134628057479858 -1 -1 -1 -1 -1 -1 -1 -1 -1
0.5989271402359009 0.6938655972480774 0.9583054184913635 -1 -1 -1 -1 -1 -1 -1 -1 -1
0.5989922881126404 0.6907902956008911 0.7457281351089478 -1 -1 -1 -1 -1 -1 -1 -1 -1
1 
33 
-1 -1 -1 -1 -1 -1 -1 -1 -1 -1
0.5859087109565735 0.443536639213562 0.9636595249176025 -1 -1 -1 -1 -1 -1 -1 -1 -1
0.5877586007118225 0.4356459379196167 0.9551514387130737 -1 -1 -1 -1 -1 -1 -1 -1 -1
0.5894203782081604 0.43462884426116943 0.9686324596405029 -1 -1 -1 -1 -1 -1 -1 -1 -1
0.5901843309402466 0.4338023066520691 0.9694918990135193 -1 -1 -1 -1 -1 -1 -1 -1 -1
0.5863355994224548 0.43570461869239807 0.938037633895874 -1 -1 -1 -1 -1 -1 -1 -1 -1
0.5859792232513428 0.43549644947052 0.9328672289848328 -1 -1 -1 -1 -1 -1 -1 -1 -1
0.585614025592804 0.4353000223636627 0.919200599193573 -1 -1 -1 -1 -1 -1 -1 -1 -1
0.5966837406158447 0.43436968326568604 0.9796349406242371 -1 -1 -1 -1 -1 -1 -1 -1 -1
0.5892347693443298 0.4339989423751831 0.8536323308944702 -1 -1 -1 -1 -1 -1 -1 -1 -1
0.5888652801513672 0.4481537342071533 0.9647201299667358 -1 -1 -1 -1 -1 -1 -1 -1 -1
0.5871325135231018 0.4491513967514038 0.9147130846977234 -1 -1 -1 -1 -1 -1 -1 -1 -1
0.6110996603965759 0.4630282521247864 0.9985626339912415 -1 -1 -1 -1 -1 -1 -1 -1 -1
0.5864506363868713 0.4583187997341156 0.9865121841430664 -1 -1 -1 -1 -1 -1 -1 -1 -1
0.6081736087799072 0.5134711265563965 0.8664987087249756 -1 -1 -1 -1 -1 -1 -1 -1 -1
0.5816008448600769 0.4878607392311096 0.09521020948886871 -1 -1 -1 -1 -1 -1 -1 -1 -1
0.6016789078712463 0.5484515428543091 0.38649705052375793 -1 -1 -1 -1 -1 -1 -1 -1 -1
0.5802331566810608 0.4836680591106415 0.08307947218418121 -1 -1 -1 -1 -1 -1 -1 -1 -1
0.6019015312194824 0.5590411424636841 0.33824676275253296 -1 -1 -1 -1 -1 -1 -1 -1 -1
0.5801669955253601 0.48307642340660095 0.09288136661052704 -1 -1 -1 -1 -1 -1 -1 -1 -1
0.599929928779602 0.5561848878860474 0.33495643734931946 -1 -1 -1 -1 -1 -1 -1 -1 -1
0.5801079273223877 0.4805772304534912 0.09592112898826599 -1 -1 -1 -1 -1 -1 -1 -1 -1
0.5998550057411194 0.552222728729248 0.2712366580963135 -1 -1 -1 -1 -1 -1 -1 -1 -1
0.5806028246879578 0.4813017249107361 0.0923181101679802 -1 -1 -1 -1 -1 -1 -1 -1 -1
0.6154850125312805 0.5545581579208374 0.9959837198257446 -1 -1 -1 -1 -1 -1 -1 -1 -1
0.5970109105110168 0.5557845830917358 0.9931833148002625 -1 -1 -1 -1 -1 -1 -1 -1 -1
0.6182657480239868 0.6207762956619263 0.9324932098388672 -1 -1 -1 -1 -1 -1 -1 -1 -1
0.5966170430183411 0.620517909526825 0.8778552412986755 -1 -1 -1 -1 -1 -1 -1 -1 -1
0.6189005374908447 0.6913248300552368 0.9845305681228638 -1 -1 -1 -1 -1 -1 -1 -1 -1
0.6013831496238708 0.6866843104362488 0.9420990347862244 -1 -1 -1 -1 -1 -1 -1 -1 -1
0.6215584874153137 0.701404869556427 0.9406910538673401 -1 -1 -1 -1 -1 -1 -1 -1 -1
0.6042653322219849 0.6989362239837646 0.8837264180183411 -1 -1 -1 -1 -1 -1 -1 -1 -1
0.6105361580848694 0.7054238319396973 0.9764312505722046 -1 -1 -1 -1 -1 -1 -1 -1 -1
0.5854879021644592 0.6986649632453918 0.946880578994751 -1 -1 -1 -1 -1 -1 -1 -1 -1
1 
33 
-1 -1 -1 -1 -1 -1 -1 -1 -1 -1
0.5949997305870056 0.516805112361908 0.9997568726539612 -1 -1 -1 -1 -1 -1 -1 -1 -1
0.5964687466621399 0.5120953917503357 0.9998306035995483 -1 -1 -1 -1 -1 -1 -1 -1 -1
0.5972312092781067 0.5112267732620239 0.9997350573539734 -1 -1 -1 -1 -1 -1 -1 -1 -1
0.5980095267295837 0.5103672742843628 0.9998646974563599 -1 -1 -1 -1 -1 -1 -1 -1 -1
0.5947690010070801 0.5137885808944702 0.9998915195465088 -1 -1 -1 -1 -1 -1 -1 -1 -1
0.5942690968513489 0.5140882134437561 0.9998082518577576 -1 -1 -1 -1 -1 -1 -1 -1 -1
0.5937752723693848 0.514388918876648 0.9999113082885742 -1 -1 -1 -1 -1 -1 -1 -1 -1
0.6004083156585693 0.5080021619796753 0.9999029636383057 -1 -1 -1 -1 -1 -1 -1 -1 -1
0.5943689346313477 0.5133816003799438 0.9998621940612793 -1 -1 -1 -1 -1 -1 -1 -1 -1
0.5967928171157837 0.5180965662002563 0.999809205532074 -1 -1 -1 -1 -1 -1 -1 -1 -1
0.5947389602661133 0.519801676273346 0.9997853636741638 -1 -1 -1 -1 -1 -1 -1 -1 -1
0.6072832345962524 0.5126588344573975 0.9999638795852661 -1 -1 -1 -1 -1 -1 -1 -1 -1
0.5943055152893066 0.5300462245941162 0.9997676014900208 -1 -1 -1 -1 -1 -1 -1 -1 -1
0.6112689971923828 0.5259811282157898 0.9177839756011963 -1 -1 -1 -1 -1 -1 -1 -1 -1
0.5971415042877197 0.5526891946792603 0.06810152530670166 -1 -1 -1 -1 -1 -1 -1 -1 -1
0.6031142473220825 0.5366528630256653 0.5188822150230408 -1 -1 -1 -1 -1 -1 -1 -1 -1
0.5986742377281189 0.5644078850746155 0.0853874683380127 -1 -1 -1 -1 -1 -1 -1 -1 -1
0.6016848683357239 0.5417923331260681 0.5111772418022156 -1 -1 -1 -1 -1 -1 -1 -1 -1
0.5995546579360962 0.5710989236831665 0.08577830344438553 -1 -1 -1 -1 -1 -1 -1 -1 -1
0.60011887550354 0.5405898690223694 0.46724581718444824 -1 -1 -1 -1 -1 -1 -1 -1 -1
0.5990605354309082 0.5676089525222778 0.0850057452917099 -1 -1 -1 -1 -1 -1 -1 -1 -1
0.6004108786582947 0.5395591259002686 0.39974504709243774 -1 -1 -1 -1 -1 -1 -1 -1 -1
0.5989328622817993 0.5649732947349548 0.08538688719272614 -1 -1 -1 -1 -1 -1 -1 -1 -1
0.6167784333229065 0.5632340908050537 0.9999525547027588 -1 -1 -1 -1 -1 -1 -1 -1 -1
0.6088497042655945 0.575934886932373 0.9999021291732788 -1 -1 -1 -1 -1 -1 -1 -1 -1
0.6097534894943237 0.6094802618026733 0.962044894695282 -1 -1 -1 -1 -1 -1 -1 -1 -1
0.6016537547111511 0.617770791053772 0.7386244535446167 -1 -1 -1 -1 -1 -1 -1 -1 -1
0.6078277230262756 0.6712053418159485 0.9101806282997131 -1 -1 -1 -1 -1 -1 -1 -1 -1
0.6042069792747498 0.6767402291297913 0.5740269422531128 -1 -1 -1 -1 -1 -1 -1 -1 -1
0.6093705296516418 0.6823529005050659 0.8048574924468994 -1 -1 -1 -1 -1 -1 -1 -1 -1
0.6086333394050598 0.6867837309837341 0.5566009283065796 -1 -1 -1 -1 -1 -1 -1 -1 -1
0.6001670360565186 0.6874199509620667 0.9660302996635437 -1 -1 -1 -1 -1 -1 -1 -1 -1
0.5940155386924744 0.6933267116546631 0.8273641467094421 -1 -1 -1 -1 -1 -1 -1 -1 -1
1 
33 
-1 -1 -1 -1 -1 -1 -1 -1 -1 -1
0.5868728160858154 0.4540978968143463 0.9989743232727051 -1 -1 -1 -1 -1 -1 -1 -1 -1
0.5878854990005493 0.44857990741729736 0.9992581009864807 -1 -1 -1 -1 -1 -1 -1 -1 -1
0.5892237424850464 0.4474027454853058 0.999207079410553 -1 -1 -1 -1 -1 -1 -1 -1 -1
0.5895758867263794 0.4471237063407898 0.9992200136184692 -1 -1 -1 -1 -1 -1 -1 -1 -1
0.5876379013061523 0.4487975239753723 0.9991269707679749 -1 -1 -1 -1 -1 -1 -1 -1 -1
0.5876877903938293 0.44880974292755127 0.9988235831260681 -1 -1 -1 -1 -1 -1 -1 -1 -1
0.587656557559967 0.4434848725795746 0.9987967014312744 -1 -1 -1 -1 -1 -1 -1 -1 -1
0.5965355038642883 0.4440755844116211 0.9996104836463928 -1 -1 -1 -1 -1 -1 -1 -1 -1
0.5916534662246704 0.44402843713760376 0.9991729855537415 -1 -1 -1 -1 -1 -1 -1 -1 -1
0.5900744199752808 0.45483800768852234 0.9992407560348511 -1 -1 -1 -1 -1 -1 -1 -1 -1
0.5885277390480042 0.455936461687088 0.9990671277046204 -1 -1 -1 -1 -1 -1 -1 -1 -1
0.6028716564178467 0.4737725555896759 0.9994608759880066 -1 -1 -1 -1 -1 -1 -1 -1 -1
0.5974946022033691 0.47740310430526733 0.9972997307777405 -1 -1 -1 -1 -1 -1 -1 -1 -1
0.5987879633903503 0.5070562362670898 0.9252232909202576 -1 -1 -1 -1 -1 -1 -1 -1 -1
0.5939049124717712 0.516701340675354 0.04591384530067444 -1 -1 -1 -1 -1 -1 -1 -1 -1
0.5879655480384827 0.48916196823120117 0.4800662100315094 -1 -1 -1 -1 -1 -1 -1 -1 -1
0.5879196524620056 0.5367567539215088 0.028766749426722527 -1 -1 -1 -1 -1 -1 -1 -1 -1
0.5847010612487793 0.48407527804374695 0.41573113203048706 -1 -1 -1 -1 -1 -1 -1 -1 -1
0.5864315032958984 0.5428868532180786 0.03835144639015198 -1 -1 -1 -1 -1 -1 -1 -1 -1
0.5858654379844666 0.4792439043521881 0.40738746523857117 -1 -1 -1 -1 -1 -1 -1 -1 -1
0.5857928395271301 0.5397326946258545 0.04171678051352501 -1 -1 -1 -1 -1 -1 -1 -1 -1
0.5872769951820374 0.4823514223098755 0.3779480457305908 -1 -1 -1 -1 -1 -1 -1 -1 -1
0.5863076448440552 0.5379940867424011 0.04735802114009857 -1 -1 -1 -1 -1 -1 -1 -1 -1
0.6114373803138733 0.5544746518135071 0.9987388253211975 -1 -1 -1 -1 -1 -1 -1 -1 -1
0.6087749004364014 0.5560564994812012 0.9968394041061401 -1 -1 -1 -1 -1 -1 -1 -1 -1
0.6007269620895386 0.6168228387832642 0.9480118751525879 -1 -1 -1 -1 -1 -1 -1 -1 -1
0.6070661544799805 0.6161561608314514 0.6022084951400757 -1 -1 -1 -1 -1 -1 -1 -1 -1
0.6041589379310608 0.6815890073776245 0.983847439289093 -1 -1 -1 -1 -1 -1 -1 -1 -1
0.6165935397148132 0.6766316294670105 0.8245097398757935 -1 -1 -1 -1 -1 -1 -1 -1 -1
0.6080470085144043 0.6920890808105469 0.9631522297859192 -1 -1 -1 -1 -1 -1 -1 -1 -1
0.6205114722251892 0.6867272853851318 0.7401658296585083 -1 -1 -1 -1 -1 -1 -1 -1 -1
0.5902034640312195 0.6982952356338501 0.9742523431777954 -1 -1 -1 -1 -1 -1 -1 -1 -1
0.6089493632316589 0.6922237277030945 0.7842206358909607 -1 -1 -1 -1 -1 -1 -1 -1 -1
1 
33 
-1 -1 -1 -1 -1 -1 -1 -1 -1 -1
0.5955597162246704 0.54618901014328 0.9999616146087646 -1 -1 -1 -1 -1 -1 -1 -1 -1
0.5938847064971924 0.5463050603866577 0.9999817609786987 -1 -1 -1 -1 -1 -1 -1 -1 -1
0.5938498973846436 0.5465238690376282 0.9999762773513794 -1 -1 -1 -1 -1 -1 -1 -1 -1
0.5951577425003052 0.5446306467056274 0.9999791383743286 -1 -1 -1 -1 -1 -1 -1 -1 -1
0.5941582918167114 0.5458385944366455 0.999971866607666 -1 -1 -1 -1 -1 -1 -1 -1 -1
0.5942900776863098 0.5457357168197632 0.9999537467956543 -1 -1 -1 -1 -1 -1 -1 -1 -1
0.5943970680236816 0.5455991625785828 0.9999549388885498 -1 -1 -1 -1 -1 -1 -1 -1 -1
0.5959488749504089 0.5443937182426453 0.9999892711639404 -1 -1 -1 -1 -1 -1 -1 -1 -1
0.5951862335205078 0.5455721020698547 0.9999736547470093 -1 -1 -1 -1 -1 -1 -1 -1 -1
0.596483051776886 0.5472913980484009 0.9999774694442749 -1 -1 -1 -1 -1 -1 -1 -1 -1
0.5956501364707947 0.5488747954368591 0.9999758005142212 -1 -1 -1 -1 -1 -1 -1 -1 -1
0.6029974222183228 0.5509737133979797 0.9999526739120483 -1 -1 -1 -1 -1 -1 -1 -1 -1
0.5967101454734802 0.5485169291496277 0.9999042749404907 -1 -1 -1 -1 -1 -1 -1 -1 -1
0.6082780957221985 0.5666356086730957 0.3031746745109558 -1 -1 -1 -1 -1 -1 -1 -1 -1
0.5971771478652954 0.5575651526451111 0.220166876912117 -1 -1 -1 -1 -1 -1 -1 -1 -1
0.6122393012046814 0.575127124786377 0.36524704098701477 -1 -1 -1 -1 -1 -1 -1 -1 -1
0.5976832509040833 0.5666049718856812 0.17368827760219574 -1 -1 -1 -1 -1 -1 -1 -1 -1
0.6138586401939392 0.5775912404060364 0.3907437026500702 -1 -1 -1 -1 -1 -1 -1 -1 -1
0.5978530645370483 0.5693321228027344 0.1855376809835434 -1 -1 -1 -1 -1 -1 -1 -1 -1
0.6132138967514038 0.5773299932479858 0.4023347795009613 -1 -1 -1 -1 -1 -1 -1 -1 -1
0.5979562997817993 0.5689950585365295 0.20679399371147156 -1 -1 -1 -1 -1 -1 -1 -1 -1
0.6122897267341614 0.5760902762413025 0.3620394170284271 -1 -1 -1 -1 -1 -1 -1 -1 -1
0.5979350805282593 0.5679985284805298 0.22349858283996582 -1 -1 -1 -1 -1 -1 -1 -1 -1
0.6087266802787781 0.5738729238510132 0.9999284744262695 -1 -1 -1 -1 -1 -1 -1 -1 -1
0.6074318885803223 0.5743345618247986 0.9999198913574219 -1 -1 -1 -1 -1 -1 -1 -1 -1
0.6194807291030884 0.5706236362457275 0.8352330327033997 -1 -1 -1 -1 -1 -1 -1 -1 -1
0.6161298751831055 0.591775119304657 0.7314682602882385 -1 -1 -1 -1 -1 -1 -1 -1 -1
0.6169231534004211 0.5735881328582764 0.23118533194065094 -1 -1 -1 -1 -1 -1 -1 -1 -1
0.6110671758651733 0.586722195148468 0.13773000240325928 -1 -1 -1 -1 -1 -1 -1 -1 -1
0.6162049174308777 0.5734832286834717 0.1666194647550583 -1 -1 -1 -1 -1 -1 -1 -1 -1
0.6104338765144348 0.5850125551223755 0.06851998716592789 -1 -1 -1 -1 -1 -1 -1 -1 -1
0.6177169680595398 0.5776207447052002 0.21870297193527222 -1 -1 -1 -1 -1 -1 -1 -1 -1
0.6095284223556519 0.590207576751709 0.13274526596069336 -1 -1 -1 -1 -1 -1 -1 -1 -1
1 
33 
-1 -1 -1 -1 -1 -1 -1 -1 -1 -1
0.5870674848556519 0.44644099473953247 0.9907345771789551 -1 -1 -1 -1 -1 -1 -1 -1 -1
0.5879159569740295 0.4355592131614685 0.9906801581382751 -1 -1 -1 -1 -1 -1 -1 -1 -1
0.5885341763496399 0.43561723828315735 0.9899522662162781 -1 -1 -1 -1 -1 -1 -1 -1 -1
0.58915114402771 0.43568772077560425 0.9927027225494385 -1 -1 -1 -1 -1 -1 -1 -1 -1
0.5876926183700562 0.43514513969421387 0.9889205098152161 -1 -1 -1 -1 -1 -1 -1 -1 -1
0.5880075097084045 0.4350264072418213 0.9848816394805908 -1 -1 -1 -1 -1 -1 -1 -1 -1
0.588329017162323 0.4349048137664795 0.9895379543304443 -1 -1 -1 -1 -1 -1 -1 -1 -1
0.5961605310440063 0.44043439626693726 0.9956055283546448 -1 -1 -1 -1 -1 -1 -1 -1 -1
0.596226692199707 0.4408985376358032 0.9883069396018982 -1 -1 -1 -1 -1 -1 -1 -1 -1
0.5898758172988892 0.4480239748954773 0.9957114458084106 -1 -1 -1 -1 -1 -1 -1 -1 -1
0.5881221294403076 0.44901853799819946 0.9945312142372131 -1 -1 -1 -1 -1 -1 -1 -1 -1
0.5999874472618103 0.4735866189002991 0.9997926354408264 -1 -1 -1 -1 -1 -1 -1 -1 -1
0.5976057648658752 0.4733901023864746 0.996278703212738 -1 -1 -1 -1 -1 -1 -1 -1 -1
0.5919231176376343 0.5204675793647766 0.8719116449356079 -1 -1 -1 -1 -1 -1 -1 -1 -1
0.5922410488128662 0.5160680413246155 0.047949038445949554 -1 -1 -1 -1 -1 -1 -1 -1 -1
0.5845768451690674 0.5452543497085571 0.5259721875190735 -1 -1 -1 -1 -1 -1 -1 -1 -1
0.5809177756309509 0.5488281846046448 0.05034352093935013 -1 -1 -1 -1 -1 -1 -1 -1 -1
0.5840096473693848 0.547667920589447 0.5512810349464417 -1 -1 -1 -1 -1 -1 -1 -1 -1
0.5781689286231995 0.552886426448822 0.05879511684179306 -1 -1 -1 -1 -1 -1 -1 -1 -1
0.5829907059669495 0.5451703667640686 0.5339155793190002 -1 -1 -1 -1 -1 -1 -1 -1 -1
0.5775861740112305 0.5519617795944214 0.06090523675084114 -1 -1 -1 -1 -1 -1 -1 -1 -1
0.5833885669708252 0.5453054308891296 0.45320582389831543 -1 -1 -1 -1 -1 -1 -1 -1 -1
0.5787510871887207 0.5511412024497986 0.06743202358484268 -1 -1 -1 -1 -1 -1 -1 -1 -1
0.6078372001647949 0.5523180961608887 0.9983847141265869 -1 -1 -1 -1 -1 -1 -1 -1 -1
0.6068750619888306 0.5525259971618652 0.9940845370292664 -1 -1 -1 -1 -1 -1 -1 -1 -1
0.5978074669837952 0.6179209351539612 0.9524094462394714 -1 -1 -1 -1 -1 -1 -1 -1 -1
0.6066469550132751 0.6132439970970154 0.2985444664955139 -1 -1 -1 -1 -1 -1 -1 -1 -1
0.6029757261276245 0.67988520860672 0.9842132329940796 -1 -1 -1 -1 -1 -1 -1 -1 -1
0.6113305687904358 0.671958327293396 0.6200039982795715 -1 -1 -1 -1 -1 -1 -1 -1 -1
0.607370138168335 0.6889151334762573 0.9481655359268188 -1 -1 -1 -1 -1 -1 -1 -1 -1
0.6147556304931641 0.6812031865119934 0.5341644287109375 -1 -1 -1 -1 -1 -1 -1 -1 -1
0.5893765687942505 0.6956983804702759 0.9703350067138672 -1 -1 -1 -1 -1 -1 -1 -1 -1
0.6009103059768677 0.6850188374519348 0.6444585919380188 -1 -1 -1 -1 -1 -1 -1 -1 -1
1 
33 
-1 -1 -1 -1 -1 -1 -1 -1 -1 -1
0.6021289825439453 0.4974278211593628 1.0 -1 -1 -1 -1 -1 -1 -1 -1 -1
0.6035550236701965 0.4910598397254944 1.0 -1 -1 -1 -1 -1 -1 -1 -1 -1
0.6046317219734192 0.4902080297470093 1.0 -1 -1 -1 -1 -1 -1 -1 -1 -1
0.6061357855796814 0.48937058448791504 1.0 -1 -1 -1 -1 -1 -1 -1 -1 -1
0.6002546548843384 0.49066048860549927 1.0 -1 -1 -1 -1 -1 -1 -1 -1 -1
0.5989158749580383 0.49046790599823 1.0 -1 -1 -1 -1 -1 -1 -1 -1 -1
0.5977882742881775 0.489942729473114 1.0 -1 -1 -1 -1 -1 -1 -1 -1 -1
0.6086700558662415 0.48709169030189514 1.0 -1 -1 -1 -1 -1 -1 -1 -1 -1
0.5967105031013489 0.4881325364112854 1.0 -1 -1 -1 -1 -1 -1 -1 -1 -1
0.6055025458335876 0.5001093149185181 1.0 -1 -1 -1 -1 -1 -1 -1 -1 -1
0.6004053354263306 0.5002534985542297 1.0 -1 -1 -1 -1 -1 -1 -1 -1 -1
0.611041247844696 0.49977320432662964 1.0 -1 -1 -1 -1 -1 -1 -1 -1 -1
0.5963134765625 0.5071215033531189 1.0 -1 -1 -1 -1 -1 -1 -1 -1 -1
0.6083776950836182 0.5196337699890137 0.03556574508547783 -1 -1 -1 -1 -1 -1 -1 -1 -1
0.5869330167770386 0.5538923740386963 0.9042152166366577 -1 -1 -1 -1 -1 -1 -1 -1 -1
0.6055157780647278 0.5266867280006409 0.11529913544654846 -1 -1 -1 -1 -1 -1 -1 -1 -1
0.5891143083572388 0.5690332055091858 0.006702983286231756 -1 -1 -1 -1 -1 -1 -1 -1 -1
0.6088101863861084 0.5287926197052002 0.4763905704021454 -1 -1 -1 -1 -1 -1 -1 -1 -1
0.5897472500801086 0.5779077410697937 0.006994836963713169 -1 -1 -1 -1 -1 -1 -1 -1 -1
0.6084161400794983 0.5321488380432129 0.5733094215393066 -1 -1 -1 -1 -1 -1 -1 -1 -1
0.593293309211731 0.57386314868927 0.03832244873046875 -1 -1 -1 -1 -1 -1 -1 -1 -1
0.6058833599090576 0.5311528444290161 0.4725285768508911 -1 -1 -1 -1 -1 -1 -1 -1 -1
0.592664361000061 0.5711343884468079 0.046748291701078415 -1 -1 -1 -1 -1 -1 -1 -1 -1
0.6079670190811157 0.5476182699203491 0.9885073900222778 -1 -1 -1 -1 -1 -1 -1 -1 -1
0.5967731475830078 0.5509247183799744 0.8444489240646362 -1 -1 -1 -1 -1 -1 -1 -1 -1
0.6097702980041504 0.5819567441940308 0.0018791990587487817 -1 -1 -1 -1 -1 -1 -1 -1 -1
0.5946729183197021 0.5755201578140259 0.030178846791386604 -1 -1 -1 -1 -1 -1 -1 -1 -1
0.6007264256477356 0.6262345910072327 0.0024803457781672478 -1 -1 -1 -1 -1 -1 -1 -1 -1
0.5917249321937561 0.612013041973114 0.00025444466155022383 -1 -1 -1 -1 -1 -1 -1 -1 -1
0.6001071333885193 0.6319506764411926 0.014931241050362587 -1 -1 -1 -1 -1 -1 -1 -1 -1
0.5879497528076172 0.6211117506027222 0.01157882995903492 -1 -1 -1 -1 -1 -1 -1 -1 -1
0.5994117856025696 0.6330230236053467 0.008928029797971249 -1 -1 -1 -1 -1 -1 -1 -1 -1
0.5964986681938171 0.6059433817863464 0.0004138211370445788 -1 -1 -1 -1 -1 -1 -1 -1 -1
1 
33 
-1 -1 -1 -1 -1 -1 -1 -1 -1 -1
0.5868417620658875 0.4669112265110016 0.9989104270935059 -1 -1 -1 -1 -1 -1 -1 -1 -1
0.5883732438087463 0.46113330125808716 0.9991127848625183 -1 -1 -1 -1 -1 -1 -1 -1 -1
0.5893053412437439 0.4608916640281677 0.9990265369415283 -1 -1 -1 -1 -1 -1 -1 -1 -1
0.5902368426322937 0.4606684148311615 0.9990283250808716 -1 -1 -1 -1 -1 -1 -1 -1 -1
0.5864478945732117 0.4614517092704773 0.9987340569496155 -1 -1 -1 -1 -1 -1 -1 -1 -1
0.5859174728393555 0.46146368980407715 0.9981503486633301 -1 -1 -1 -1 -1 -1 -1 -1 -1
0.5853848457336426 0.4614880681037903 0.9981751441955566 -1 -1 -1 -1 -1 -1 -1 -1 -1
0.5935224890708923 0.46232008934020996 0.999049723148346 -1 -1 -1 -1 -1 -1 -1 -1 -1
0.5870609283447266 0.4632644057273865 0.9975230097770691 -1 -1 -1 -1 -1 -1 -1 -1 -1
0.589445948600769 0.4724745452404022 0.9993934631347656 -1 -1 -1 -1 -1 -1 -1 -1 -1
0.5869653224945068 0.4729993939399719 0.999180018901825 -1 -1 -1 -1 -1 -1 -1 -1 -1
0.6028719544410706 0.4891669452190399 0.9998168349266052 -1 -1 -1 -1 -1 -1 -1 -1 -1
0.5878732800483704 0.49495747685432434 0.9983354210853577 -1 -1 -1 -1 -1 -1 -1 -1 -1
0.605713427066803 0.5228826999664307 0.9360881447792053 -1 -1 -1 -1 -1 -1 -1 -1 -1
0.5853525400161743 0.5315019488334656 0.4451385736465454 -1 -1 -1 -1 -1 -1 -1 -1 -1
0.5987670421600342 0.5228244662284851 0.8492326736450195 -1 -1 -1 -1 -1 -1 -1 -1 -1
0.582525372505188 0.5471369624137878 0.4488588869571686 -1 -1 -1 -1 -1 -1 -1 -1 -1
0.597636878490448 0.524013340473175 0.8290477991104126 -1 -1 -1 -1 -1 -1 -1 -1 -1
0.5815877318382263 0.5531646609306335 0.44727763533592224 -1 -1 -1 -1 -1 -1 -1 -1 -1
0.5967510938644409 0.5202921032905579 0.8168489933013916 -1 -1 -1 -1 -1 -1 -1 -1 -1
0.5816061496734619 0.5489314794540405 0.4492703080177307 -1 -1 -1 -1 -1 -1 -1 -1 -1
0.5967693328857422 0.5207388997077942 0.7270246744155884 -1 -1 -1 -1 -1 -1 -1 -1 -1
0.5822227001190186 0.5469548106193542 0.4243432879447937 -1 -1 -1 -1 -1 -1 -1 -1 -1
0.6086605787277222 0.5629103183746338 0.9986841082572937 -1 -1 -1 -1 -1 -1 -1 -1 -1
0.6009055376052856 0.5633759498596191 0.9954858422279358 -1 -1 -1 -1 -1 -1 -1 -1 -1
0.6009688973426819 0.6182186603546143 0.9516664743423462 -1 -1 -1 -1 -1 -1 -1 -1 -1
0.6052859425544739 0.6152798533439636 0.6249068379402161 -1 -1 -1 -1 -1 -1 -1 -1 -1
0.6035140752792358 0.6781488656997681 0.9803574681282043 -1 -1 -1 -1 -1 -1 -1 -1 -1
0.6148936748504639 0.6740255355834961 0.7751201391220093 -1 -1 -1 -1 -1 -1 -1 -1 -1
0.6063007116317749 0.6874886751174927 0.962297260761261 -1 -1 -1 -1 -1 -1 -1 -1 -1
0.6190437078475952 0.6842756271362305 0.6263965964317322 -1 -1 -1 -1 -1 -1 -1 -1 -1
0.5954332947731018 0.6972229480743408 0.9785645008087158 -1 -1 -1 -1 -1 -1 -1 -1 -1
0.6082406044006348 0.6913617253303528 0.8054296970367432 -1 -1 -1 -1 -1 -1 -1 -1 -1
1 
33 
-1 -1 -1 -1 -1 -1 -1 -1 -1 -1
0.5809873342514038 0.4352094233036041 0.9986063838005066 -1 -1 -1 -1 -1 -1 -1 -1 -1
0.5834029912948608 0.4270104765892029 0.9974929094314575 -1 -1 -1 -1 -1 -1 -1 -1 -1
0.5844822525978088 0.426272451877594 0.9976814985275269 -1 -1 -1 -1 -1 -1 -1 -1 -1
0.5855588912963867 0.42555445432662964 0.9975762963294983 -1 -1 -1 -1 -1 -1 -1 -1 -1
0.5817996263504028 0.42810356616973877 0.9971460700035095 -1 -1 -1 -1 -1 -1 -1 -1 -1
0.5816282033920288 0.4281216859817505 0.9969004392623901 -1 -1 -1 -1 -1 -1 -1 -1 -1
0.5814393162727356 0.4281620979309082 0.9970209002494812 -1 -1 -1 -1 -1 -1 -1 -1 -1
0.5918406248092651 0.42405208945274353 0.9982524514198303 -1 -1 -1 -1 -1 -1 -1 -1 -1
0.5862275958061218 0.4268895089626312 0.99578458070755 -1 -1 -1 -1 -1 -1 -1 -1 -1
0.5863074660301208 0.4403913915157318 0.9992151260375977 -1 -1 -1 -1 -1 -1 -1 -1 -1
0.5831128358840942 0.4408249258995056 0.9987583160400391 -1 -1 -1 -1 -1 -1 -1 -1 -1
0.6121764183044434 0.457851767539978 0.999783456325531 -1 -1 -1 -1 -1 -1 -1 -1 -1
0.5822182893753052 0.456447035074234 0.9997205138206482 -1 -1 -1 -1 -1 -1 -1 -1 -1
0.6075767874717712 0.5039446353912354 0.9332565069198608 -1 -1 -1 -1 -1 -1 -1 -1 -1
0.5778276324272156 0.5012651681900024 0.6848196387290955 -1 -1 -1 -1 -1 -1 -1 -1 -1
0.596778392791748 0.5371551513671875 0.8571676015853882 -1 -1 -1 -1 -1 -1 -1 -1 -1
0.5705865025520325 0.5368451476097107 0.7712116837501526 -1 -1 -1 -1 -1 -1 -1 -1 -1
0.5957217812538147 0.549315333366394 0.8350051045417786 -1 -1 -1 -1 -1 -1 -1 -1 -1
0.5672312378883362 0.5465309619903564 0.7240273356437683 -1 -1 -1 -1 -1 -1 -1 -1 -1
0.5932478308677673 0.5452139377593994 0.833578884601593 -1 -1 -1 -1 -1 -1 -1 -1 -1
0.5672433972358704 0.5457638502120972 0.7386717796325684 -1 -1 -1 -1 -1 -1 -1 -1 -1
0.5934273600578308 0.5410228967666626 0.7446418404579163 -1 -1 -1 -1 -1 -1 -1 -1 -1
0.5691565871238708 0.5429244041442871 0.724254310131073 -1 -1 -1 -1 -1 -1 -1 -1 -1
0.6102466583251953 0.5495379567146301 0.9990938901901245 -1 -1 -1 -1 -1 -1 -1 -1 -1
0.5936935544013977 0.5528802275657654 0.9989089965820312 -1 -1 -1 -1 -1 -1 -1 -1 -1
0.6101293563842773 0.6155808568000793 0.9808337092399597 -1 -1 -1 -1 -1 -1 -1 -1 -1
0.5967706441879272 0.6190634369850159 0.9149983525276184 -1 -1 -1 -1 -1 -1 -1 -1 -1
0.617507815361023 0.685494601726532 0.9830743670463562 -1 -1 -1 -1 -1 -1 -1 -1 -1
0.5991419553756714 0.6831791996955872 0.9434638619422913 -1 -1 -1 -1 -1 -1 -1 -1 -1
0.6207066774368286 0.6951991319656372 0.9308108687400818 -1 -1 -1 -1 -1 -1 -1 -1 -1
0.6016215085983276 0.6929557919502258 0.8733162879943848 -1 -1 -1 -1 -1 -1 -1 -1 -1
0.6079843640327454 0.704067051410675 0.9797834157943726 -1 -1 -1 -1 -1 -1 -1 -1 -1
0.5873413681983948 0.6992401480674744 0.952380359172821 -1 -1 -1 -1 -1 -1 -1 -1 -1
1 
33 
-1 -1 -1 -1 -1 -1 -1 -1 -1 -1
0.5969948172569275 0.5238782167434692 1.0 -1 -1 -1 -1 -1 -1 -1 -1 -1
0.5974794626235962 0.522442638874054 1.0 -1 -1 -1 -1 -1 -1 -1 -1 -1
0.5976816415786743 0.522354781627655 1.0 -1 -1 -1 -1 -1 -1 -1 -1 -1
0.5978974103927612 0.5223119854927063 1.0 -1 -1 -1 -1 -1 -1 -1 -1 -1
0.5969593524932861 0.52235347032547 1.0 -1 -1 -1 -1 -1 -1 -1 -1 -1
0.5967819690704346 0.5221636891365051 1.0 -1 -1 -1 -1 -1 -1 -1 -1 -1
0.5966275930404663 0.5220596194267273 1.0 -1 -1 -1 -1 -1 -1 -1 -1 -1
0.5977071523666382 0.5212035775184631 1.0 -1 -1 -1 -1 -1 -1 -1 -1 -1
0.5960209965705872 0.5211487412452698 1.0 -1 -1 -1 -1 -1 -1 -1 -1 -1
0.5970723628997803 0.524471640586853 1.0 -1 -1 -1 -1 -1 -1 -1 -1 -1
0.596361517906189 0.5241320729255676 1.0 -1 -1 -1 -1 -1 -1 -1 -1 -1
0.59781813621521 0.5249165296554565 1.0 -1 -1 -1 -1 -1 -1 -1 -1 -1
0.5946308374404907 0.5238270163536072 1.0 -1 -1 -1 -1 -1 -1 -1 -1 -1
0.5990222692489624 0.52873694896698 0.015663620084524155 -1 -1 -1 -1 -1 -1 -1 -1 -1
0.5937012434005737 0.5225521922111511 0.7207038998603821 -1 -1 -1 -1 -1 -1 -1 -1 -1
0.5944974422454834 0.5331926345825195 0.02598109468817711 -1 -1 -1 -1 -1 -1 -1 -1 -1
0.5937168002128601 0.5205759406089783 0.7855396270751953 -1 -1 -1 -1 -1 -1 -1 -1 -1
0.5932849049568176 0.5336222052574158 0.032144803553819656 -1 -1 -1 -1 -1 -1 -1 -1 -1
0.5934714078903198 0.520357608795166 0.5092284083366394 -1 -1 -1 -1 -1 -1 -1 -1 -1
0.5934551954269409 0.535812497138977 0.0548897385597229 -1 -1 -1 -1 -1 -1 -1 -1 -1
0.5943676829338074 0.5193476676940918 0.7327463626861572 -1 -1 -1 -1 -1 -1 -1 -1 -1
0.5935570597648621 0.5356175303459167 0.01636200211942196 -1 -1 -1 -1 -1 -1 -1 -1 -1
0.5944708585739136 0.5193953514099121 0.7513837218284607 -1 -1 -1 -1 -1 -1 -1 -1 -1
0.5930331349372864 0.5334327220916748 0.9887050986289978 -1 -1 -1 -1 -1 -1 -1 -1 -1
0.5903174877166748 0.530536949634552 0.9932824373245239 -1 -1 -1 -1 -1 -1 -1 -1 -1
0.5908910036087036 0.5387535095214844 0.3575212061405182 -1 -1 -1 -1 -1 -1 -1 -1 -1
0.5903520584106445 0.5349992513656616 0.18761521577835083 -1 -1 -1 -1 -1 -1 -1 -1 -1
0.587908923625946 0.5445106029510498 0.11637066304683685 -1 -1 -1 -1 -1 -1 -1 -1 -1
0.5848399996757507 0.5419885516166687 9.043755562743172e-05 -1 -1 -1 -1 -1 -1 -1 -1 -1
0.5869798064231873 0.5446308255195618 0.11679383367300034 -1 -1 -1 -1 -1 -1 -1 -1 -1
0.5832459330558777 0.5435875058174133 0.0004913919838145375 -1 -1 -1 -1 -1 -1 -1 -1 -1
0.5863149762153625 0.5442430973052979 0.34495994448661804 -1 -1 -1 -1 -1 -1 -1 -1 -1
0.5854049324989319 0.5433048009872437 0.0038416406605392694 -1 -1 -1 -1 -1 -1 -1 -1 -1
1 
33 
-1 -1 -1 -1 -1 -1 -1 -1 -1 -1
0.5887277722358704 0.4892219305038452 0.9997318387031555 -1 -1 -1 -1 -1 -1 -1 -1 -1
0.5888170599937439 0.4853045344352722 0.9999140501022339 -1 -1 -1 -1 -1 -1 -1 -1 -1
0.5892078280448914 0.48494091629981995 0.9998821020126343 -1 -1 -1 -1 -1 -1 -1 -1 -1
0.589604377746582 0.4845711588859558 0.9998974800109863 -1 -1 -1 -1 -1 -1 -1 -1 -1
0.5881603360176086 0.4861031472682953 0.9998733997344971 -1 -1 -1 -1 -1 -1 -1 -1 -1
0.5880329012870789 0.48635023832321167 0.9997701048851013 -1 -1 -1 -1 -1 -1 -1 -1 -1
0.5879063606262207 0.48659518361091614 0.9997969269752502 -1 -1 -1 -1 -1 -1 -1 -1 -1
0.5915557742118835 0.48485758900642395 0.9999338388442993 -1 -1 -1 -1 -1 -1 -1 -1 -1
0.5892513990402222 0.48762160539627075 0.9998449087142944 -1 -1 -1 -1 -1 -1 -1 -1 -1
0.5905906558036804 0.4912503957748413 0.9997379183769226 -1 -1 -1 -1 -1 -1 -1 -1 -1
0.5895569920539856 0.4924478530883789 0.9997186064720154 -1 -1 -1 -1 -1 -1 -1 -1 -1
0.5965101718902588 0.49654170870780945 0.9886055588722229 -1 -1 -1 -1 -1 -1 -1 -1 -1
0.5909788608551025 0.4994291067123413 0.9790943264961243 -1 -1 -1 -1 -1 -1 -1 -1 -1
0.5949134826660156 0.49828237295150757 0.2691924273967743 -1 -1 -1 -1 -1 -1 -1 -1 -1
0.5849469900131226 0.5094857811927795 0.6573272943496704 -1 -1 -1 -1 -1 -1 -1 -1 -1
0.5944681763648987 0.4946300685405731 0.6325056552886963 -1 -1 -1 -1 -1 -1 -1 -1 -1
0.580765426158905 0.5153995156288147 0.7674605846405029 -1 -1 -1 -1 -1 -1 -1 -1 -1
0.5955601334571838 0.4909680485725403 0.7438822388648987 -1 -1 -1 -1 -1 -1 -1 -1 -1
0.5794734358787537 0.5153017044067383 0.6676523089408875 -1 -1 -1 -1 -1 -1 -1 -1 -1
0.5944200158119202 0.49164971709251404 0.7528225183486938 -1 -1 -1 -1 -1 -1 -1 -1 -1
0.5794236660003662 0.5143413543701172 0.6744636297225952 -1 -1 -1 -1 -1 -1 -1 -1 -1
0.5938462018966675 0.4937218427658081 0.7358805537223816 -1 -1 -1 -1 -1 -1 -1 -1 -1
0.5803510546684265 0.5151420831680298 0.696142852306366 -1 -1 -1 -1 -1 -1 -1 -1 -1
0.5986467599868774 0.5311893820762634 0.9986996650695801 -1 -1 -1 -1 -1 -1 -1 -1 -1
0.5948364734649658 0.5292791724205017 0.9821517467498779 -1 -1 -1 -1 -1 -1 -1 -1 -1
0.5937829613685608 0.5282037854194641 0.9956009387969971 -1 -1 -1 -1 -1 -1 -1 -1 -1
0.5911573767662048 0.5199153423309326 0.8830757141113281 -1 -1 -1 -1 -1 -1 -1 -1 -1
0.5896720886230469 0.5416626930236816 0.9027166366577148 -1 -1 -1 -1 -1 -1 -1 -1 -1
0.5977811217308044 0.49815765023231506 0.7278323173522949 -1 -1 -1 -1 -1 -1 -1 -1 -1
0.5891062021255493 0.5435478091239929 0.894464373588562 -1 -1 -1 -1 -1 -1 -1 -1 -1
0.5996689796447754 0.4974217414855957 0.6675052642822266 -1 -1 -1 -1 -1 -1 -1 -1 -1
0.5880836844444275 0.547385036945343 0.8237869143486023 -1 -1 -1 -1 -1 -1 -1 -1 -1
0.5961363911628723 0.49020951986312866 0.7031265497207642 -1 -1 -1 -1 -1 -1 -1 -1 -1
1 
33 
-1 -1 -1 -1 -1 -1 -1 -1 -1 -1
0.5845410823822021 0.43918776512145996 0.9988046884536743 -1 -1 -1 -1 -1 -1 -1 -1 -1
0.5862007737159729 0.43382567167282104 0.999277651309967 -1 -1 -1 -1 -1 -1 -1 -1 -1
0.5874735116958618 0.4327397346496582 0.9991083741188049 -1 -1 -1 -1 -1 -1 -1 -1 -1
0.5878416895866394 0.4323887228965759 0.9994636178016663 -1 -1 -1 -1 -1 -1 -1 -1 -1
0.585816502571106 0.4341188669204712 0.9990062117576599 -1 -1 -1 -1 -1 -1 -1 -1 -1
0.5858641862869263 0.4338756799697876 0.9986265897750854 -1 -1 -1 -1 -1 -1 -1 -1 -1
0.5857954025268555 0.43380922079086304 0.9993119239807129 -1 -1 -1 -1 -1 -1 -1 -1 -1
0.5920979976654053 0.4314199686050415 0.9995473027229309 -1 -1 -1 -1 -1 -1 -1 -1 -1
0.5877438187599182 0.4443170428276062 0.9989073276519775 -1 -1 -1 -1 -1 -1 -1 -1 -1
0.5863534808158875 0.44340643286705017 0.9994128942489624 -1 -1 -1 -1 -1 -1 -1 -1 -1
0.5859713554382324 0.4433709979057312 0.9991748929023743 -1 -1 -1 -1 -1 -1 -1 -1 -1
0.5991661548614502 0.4703502058982849 0.9997884631156921 -1 -1 -1 -1 -1 -1 -1 -1 -1
0.5901060104370117 0.4740754961967468 0.9984369874000549 -1 -1 -1 -1 -1 -1 -1 -1 -1
0.592322826385498 0.506619393825531 0.7375531792640686 -1 -1 -1 -1 -1 -1 -1 -1 -1
0.579437255859375 0.5032270550727844 0.04191962629556656 -1 -1 -1 -1 -1 -1 -1 -1 -1
0.5768271088600159 0.5194510221481323 0.6566430926322937 -1 -1 -1 -1 -1 -1 -1 -1 -1
0.5676745176315308 0.5180460810661316 0.12787587940692902 -1 -1 -1 -1 -1 -1 -1 -1 -1
0.5728030800819397 0.5229714512825012 0.770553708076477 -1 -1 -1 -1 -1 -1 -1 -1 -1
0.5652079582214355 0.5209954977035522 0.1937001645565033 -1 -1 -1 -1 -1 -1 -1 -1 -1
0.5717517137527466 0.518001139163971 0.7516143321990967 -1 -1 -1 -1 -1 -1 -1 -1 -1
0.5650240778923035 0.5173603892326355 0.18846619129180908 -1 -1 -1 -1 -1 -1 -1 -1 -1
0.5733591318130493 0.5184276700019836 0.6640361547470093 -1 -1 -1 -1 -1 -1 -1 -1 -1
0.5658085346221924 0.5177316665649414 0.1984693855047226 -1 -1 -1 -1 -1 -1 -1 -1 -1
0.6070972084999084 0.536331057548523 0.9996318817138672 -1 -1 -1 -1 -1 -1 -1 -1 -1
0.6036325693130493 0.5427083969116211 0.9988069534301758 -1 -1 -1 -1 -1 -1 -1 -1 -1
0.5973753929138184 0.6028910875320435 0.9105027318000793 -1 -1 -1 -1 -1 -1 -1 -1 -1
0.6029714941978455 0.5996065139770508 0.6286548376083374 -1 -1 -1 -1 -1 -1 -1 -1 -1
0.5970781445503235 0.6683317422866821 0.9302406907081604 -1 -1 -1 -1 -1 -1 -1 -1 -1
0.6080613732337952 0.6656249761581421 0.794708251953125 -1 -1 -1 -1 -1 -1 -1 -1 -1
0.5990659594535828 0.6778167486190796 0.9234325289726257 -1 -1 -1 -1 -1 -1 -1 -1 -1
0.6110609769821167 0.6775414347648621 0.8137682676315308 -1 -1 -1 -1 -1 -1 -1 -1 -1
0.5893585681915283 0.6877221465110779 0.9665321707725525 -1 -1 -1 -1 -1 -1 -1 -1 -1
0.6030284762382507 0.6794296503067017 0.8802796006202698 -1 -1 -1 -1 -1 -1 -1 -1 -1
1 
33 
-1 -1 -1 -1 -1 -1 -1 -1 -1 -1
0.5786769986152649 0.48362839221954346 0.782167375087738 -1 -1 -1 -1 -1 -1 -1 -1 -1
0.5806412696838379 0.4800631105899811 0.8029342293739319 -1 -1 -1 -1 -1 -1 -1 -1 -1
0.5812569856643677 0.48008057475090027 0.8570804595947266 -1 -1 -1 -1 -1 -1 -1 -1 -1
0.5818923711776733 0.48009487986564636 0.8989614248275757 -1 -1 -1 -1 -1 -1 -1 -1 -1
0.5799817442893982 0.4797232151031494 0.7638307809829712 -1 -1 -1 -1 -1 -1 -1 -1 -1
0.5801193118095398 0.4795210361480713 0.792090117931366 -1 -1 -1 -1 -1 -1 -1 -1 -1
0.5802386999130249 0.47933176159858704 0.8256677985191345 -1 -1 -1 -1 -1 -1 -1 -1 -1
0.5858430862426758 0.48139458894729614 0.9056510925292969 -1 -1 -1 -1 -1 -1 -1 -1 -1
0.5834841728210449 0.4801849126815796 0.7364411950111389 -1 -1 -1 -1 -1 -1 -1 -1 -1
0.580479621887207 0.4882683753967285 0.8628004193305969 -1 -1 -1 -1 -1 -1 -1 -1 -1
0.5798396468162537 0.4877874255180359 0.6836649775505066 -1 -1 -1 -1 -1 -1 -1 -1 -1
0.5949041843414307 0.49518948793411255 0.999566376209259 -1 -1 -1 -1 -1 -1 -1 -1 -1
0.584692656993866 0.4969932436943054 0.9799984097480774 -1 -1 -1 -1 -1 -1 -1 -1 -1
0.5934019088745117 0.5024732351303101 0.7613611221313477 -1 -1 -1 -1 -1 -1 -1 -1 -1
0.5738489627838135 0.5036239624023438 0.01763550564646721 -1 -1 -1 -1 -1 -1 -1 -1 -1
0.5818989872932434 0.5143735408782959 0.5779291987419128 -1 -1 -1 -1 -1 -1 -1 -1 -1
0.5669285655021667 0.5043812990188599 0.14111116528511047 -1 -1 -1 -1 -1 -1 -1 -1 -1
0.5795217156410217 0.5192369222640991 0.5722123384475708 -1 -1 -1 -1 -1 -1 -1 -1 -1
0.5655789375305176 0.5051593780517578 0.21444503962993622 -1 -1 -1 -1 -1 -1 -1 -1 -1
0.5777432322502136 0.517166256904602 0.5270625948905945 -1 -1 -1 -1 -1 -1 -1 -1 -1
0.565390944480896 0.50459885597229 0.18667158484458923 -1 -1 -1 -1 -1 -1 -1 -1 -1
0.578783392906189 0.5161879658699036 0.417299747467041 -1 -1 -1 -1 -1 -1 -1 -1 -1
0.5658625960350037 0.5047829151153564 0.15547575056552887 -1 -1 -1 -1 -1 -1 -1 -1 -1
0.6103752851486206 0.5551367998123169 0.9991216063499451 -1 -1 -1 -1 -1 -1 -1 -1 -1
0.6044451594352722 0.5627721548080444 0.996224045753479 -1 -1 -1 -1 -1 -1 -1 -1 -1
0.6027116775512695 0.6103408336639404 0.9865944385528564 -1 -1 -1 -1 -1 -1 -1 -1 -1
0.5999269485473633 0.6118961572647095 0.6035865545272827 -1 -1 -1 -1 -1 -1 -1 -1 -1
0.6039839386940002 0.6796616315841675 0.8888362646102905 -1 -1 -1 -1 -1 -1 -1 -1 -1
0.6057979464530945 0.6794402599334717 0.2841309607028961 -1 -1 -1 -1 -1 -1 -1 -1 -1
0.6066687107086182 0.6892271041870117 0.9314835071563721 -1 -1 -1 -1 -1 -1 -1 -1 -1
0.6110513806343079 0.6906686425209045 0.5532490015029907 -1 -1 -1 -1 -1 -1 -1 -1 -1
0.5928341746330261 0.7012717723846436 0.9788828492164612 -1 -1 -1 -1 -1 -1 -1 -1 -1
0.5961119532585144 0.6969773173332214 0.6796691417694092 -1 -1 -1 -1 -1 -1 -1 -1 -1
1 
33 
-1 -1 -1 -1 -1 -1 -1 -1 -1 -1
0.5978803634643555 0.5200375318527222 1.0 -1 -1 -1 -1 -1 -1 -1 -1 -1
0.5981971621513367 0.5193408131599426 1.0 -1 -1 -1 -1 -1 -1 -1 -1 -1
0.5984637141227722 0.5189819931983948 1.0 -1 -1 -1 -1 -1 -1 -1 -1 -1
0.5987797379493713 0.5186101198196411 1.0 -1 -1 -1 -1 -1 -1 -1 -1 -1
0.5975251197814941 0.5199002027511597 1.0 -1 -1 -1 -1 -1 -1 -1 -1 -1
0.597199022769928 0.5200815796852112 1.0 -1 -1 -1 -1 -1 -1 -1 -1 -1
0.5969465374946594 0.5202363729476929 1.0 -1 -1 -1 -1 -1 -1 -1 -1 -1
0.5984492897987366 0.5174432992935181 1.0 -1 -1 -1 -1 -1 -1 -1 -1 -1
0.5964097380638123 0.5206076502799988 1.0 -1 -1 -1 -1 -1 -1 -1 -1 -1
0.5983198285102844 0.520617663860321 1.0 -1 -1 -1 -1 -1 -1 -1 -1 -1
0.5978962182998657 0.5206934213638306 1.0 -1 -1 -1 -1 -1 -1 -1 -1 -1
0.6005907654762268 0.5233026742935181 1.0 -1 -1 -1 -1 -1 -1 -1 -1 -1
0.5965301990509033 0.5255038142204285 1.0 -1 -1 -1 -1 -1 -1 -1 -1 -1
0.6008312106132507 0.5291041135787964 0.958786129951477 -1 -1 -1 -1 -1 -1 -1 -1 -1
0.5950700640678406 0.5298124551773071 0.7801499366760254 -1 -1 -1 -1 -1 -1 -1 -1 -1
0.5994749665260315 0.5291187763214111 0.9977491497993469 -1 -1 -1 -1 -1 -1 -1 -1 -1
0.592116117477417 0.530240535736084 0.9936098456382751 -1 -1 -1 -1 -1 -1 -1 -1 -1
0.5994738340377808 0.5298848152160645 0.9984311461448669 -1 -1 -1 -1 -1 -1 -1 -1 -1
0.5914061665534973 0.5329534411430359 0.9785757660865784 -1 -1 -1 -1 -1 -1 -1 -1 -1
0.6004607677459717 0.530410885810852 0.9986847043037415 -1 -1 -1 -1 -1 -1 -1 -1 -1
0.5925920009613037 0.5301586389541626 0.9902033805847168 -1 -1 -1 -1 -1 -1 -1 -1 -1
0.6000189781188965 0.5308461785316467 0.9944808483123779 -1 -1 -1 -1 -1 -1 -1 -1 -1
0.5930268168449402 0.5289658308029175 0.9921711683273315 -1 -1 -1 -1 -1 -1 -1 -1 -1
0.5994685292243958 0.5359525680541992 0.9656896591186523 -1 -1 -1 -1 -1 -1 -1 -1 -1
0.595519483089447 0.5369551181793213 0.9021791815757751 -1 -1 -1 -1 -1 -1 -1 -1 -1
0.6000510454177856 0.5450295209884644 0.9993970394134521 -1 -1 -1 -1 -1 -1 -1 -1 -1
0.5979812145233154 0.5419246554374695 0.9935641884803772 -1 -1 -1 -1 -1 -1 -1 -1 -1
0.6011322140693665 0.5532101392745972 0.983183741569519 -1 -1 -1 -1 -1 -1 -1 -1 -1
0.5967715382575989 0.5525917410850525 0.0018622245406731963 -1 -1 -1 -1 -1 -1 -1 -1 -1
0.6015905737876892 0.5546798706054688 0.8658482432365417 -1 -1 -1 -1 -1 -1 -1 -1 -1
0.5963906049728394 0.5563804507255554 0.004626085050404072 -1 -1 -1 -1 -1 -1 -1 -1 -1
0.5996075868606567 0.554082989692688 0.9951547384262085 -1 -1 -1 -1 -1 -1 -1 -1 -1
0.5982033014297485 0.5513877272605896 0.08947421610355377 -1 -1 -1 -1 -1 -1 -1 -1 -1
1 
33 
-1 -1 -1 -1 -1 -1 -1 -1 -1 -1
0.5935869216918945 0.5113293528556824 1.0 -1 -1 -1 -1 -1 -1 -1 -1 -1
0.5954939126968384 0.5096991062164307 1.0 -1 -1 -1 -1 -1 -1 -1 -1 -1
0.5961171984672546 0.5091782808303833 1.0 -1 -1 -1 -1 -1 -1 -1 -1 -1
0.5970054268836975 0.5089973211288452 1.0 -1 -1 -1 -1 -1 -1 -1 -1 -1
0.5933451652526855 0.5094050168991089 1.0 -1 -1 -1 -1 -1 -1 -1 -1 -1
0.5926689505577087 0.5089423656463623 1.0 -1 -1 -1 -1 -1 -1 -1 -1 -1
0.592179536819458 0.5085041522979736 1.0 -1 -1 -1 -1 -1 -1 -1 -1 -1
0.5989100933074951 0.5058370232582092 1.0 -1 -1 -1 -1 -1 -1 -1 -1 -1
0.5913786888122559 0.5054370164871216 1.0 -1 -1 -1 -1 -1 -1 -1 -1 -1
0.5953079462051392 0.5118483901023865 1.0 -1 -1 -1 -1 -1 -1 -1 -1 -1
0.5927652716636658 0.5117509365081787 1.0 -1 -1 -1 -1 -1 -1 -1 -1 -1
0.5995514988899231 0.5030210614204407 1.0 -1 -1 -1 -1 -1 -1 -1 -1 -1
0.5907545685768127 0.5115676522254944 1.0 -1 -1 -1 -1 -1 -1 -1 -1 -1
0.6029998064041138 0.5126146078109741 0.016713140532374382 -1 -1 -1 -1 -1 -1 -1 -1 -1
0.5840689539909363 0.537632167339325 0.005316137336194515 -1 -1 -1 -1 -1 -1 -1 -1 -1
0.5978353023529053 0.5220167636871338 0.07183171063661575 -1 -1 -1 -1 -1 -1 -1 -1 -1
0.5894390344619751 0.5372191071510315 8.173345850082114e-05 -1 -1 -1 -1 -1 -1 -1 -1 -1
0.5997660160064697 0.5241896510124207 0.23297592997550964 -1 -1 -1 -1 -1 -1 -1 -1 -1
0.5916494727134705 0.5388927459716797 0.00039668407407589257 -1 -1 -1 -1 -1 -1 -1 -1 -1
0.5989180207252502 0.5285208821296692 0.18173572421073914 -1 -1 -1 -1 -1 -1 -1 -1 -1
0.5934866070747375 0.5381346940994263 0.002627998124808073 -1 -1 -1 -1 -1 -1 -1 -1 -1
0.5980120897293091 0.527481734752655 0.24889124929904938 -1 -1 -1 -1 -1 -1 -1 -1 -1
0.5923234820365906 0.5372325778007507 0.003900702577084303 -1 -1 -1 -1 -1 -1 -1 -1 -1
0.6021779775619507 0.5361825227737427 0.0528998039662838 -1 -1 -1 -1 -1 -1 -1 -1 -1
0.5967915058135986 0.542705774307251 0.03261936455965042 -1 -1 -1 -1 -1 -1 -1 -1 -1
0.600967526435852 0.5480714440345764 1.3142910404440045e-07 -1 -1 -1 -1 -1 -1 -1 -1 -1
0.5927519798278809 0.5559476613998413 1.2265636541997083e-06 -1 -1 -1 -1 -1 -1 -1 -1 -1
0.5965073108673096 0.5774075388908386 3.5013837162978234e-08 -1 -1 -1 -1 -1 -1 -1 -1 -1
0.5924047827720642 0.5742108225822449 1.7456535772453208e-07 -1 -1 -1 -1 -1 -1 -1 -1 -1
0.5941457748413086 0.5822209119796753 1.1133206498925574e-06 -1 -1 -1 -1 -1 -1 -1 -1 -1
0.5902583003044128 0.5782531499862671 7.06344326317776e-06 -1 -1 -1 -1 -1 -1 -1 -1 -1
0.5989543795585632 0.5809297561645508 1.2361680035155587e-07 -1 -1 -1 -1 -1 -1 -1 -1 -1
0.5964853763580322 0.5683009624481201 9.329101402499873e-08 -1 -1 -1 -1 -1 -1 -1 -1 -1
1 
33 
-1 -1 -1 -1 -1 -1 -1 -1 -1 -1
0.5805334448814392 0.4727877974510193 0.989891529083252 -1 -1 -1 -1 -1 -1 -1 -1 -1
0.5807714462280273 0.4664928913116455 0.9916859269142151 -1 -1 -1 -1 -1 -1 -1 -1 -1
0.581251323223114 0.4657055735588074 0.9919620156288147 -1 -1 -1 -1 -1 -1 -1 -1 -1
0.5817692279815674 0.46482497453689575 0.9933330416679382 -1 -1 -1 -1 -1 -1 -1 -1 -1
0.5807451605796814 0.4666457772254944 0.9837490320205688 -1 -1 -1 -1 -1 -1 -1 -1 -1
0.5811861753463745 0.4659886956214905 0.9802575707435608 -1 -1 -1 -1 -1 -1 -1 -1 -1
0.5816596150398254 0.46522945165634155 0.9847613573074341 -1 -1 -1 -1 -1 -1 -1 -1 -1
0.5875263810157776 0.4601137638092041 0.9971774816513062 -1 -1 -1 -1 -1 -1 -1 -1 -1
0.5871180891990662 0.4602828621864319 0.9897791743278503 -1 -1 -1 -1 -1 -1 -1 -1 -1
0.5834059715270996 0.47484147548675537 0.9987409710884094 -1 -1 -1 -1 -1 -1 -1 -1 -1
0.5833742022514343 0.4753515124320984 0.9955304265022278 -1 -1 -1 -1 -1 -1 -1 -1 -1
0.6034046411514282 0.4849774241447449 0.9999809265136719 -1 -1 -1 -1 -1 -1 -1 -1 -1
0.5935352444648743 0.48357880115509033 0.9983017444610596 -1 -1 -1 -1 -1 -1 -1 -1 -1
0.5918018221855164 0.5237884521484375 0.9903742074966431 -1 -1 -1 -1 -1 -1 -1 -1 -1
0.5736297965049744 0.5033818483352661 0.23789452016353607 -1 -1 -1 -1 -1 -1 -1 -1 -1
0.574745774269104 0.557719349861145 0.9908283948898315 -1 -1 -1 -1 -1 -1 -1 -1 -1
0.5530061721801758 0.5182312726974487 0.32195401191711426 -1 -1 -1 -1 -1 -1 -1 -1 -1
0.5719781517982483 0.5672215819358826 0.9870676398277283 -1 -1 -1 -1 -1 -1 -1 -1 -1
0.5485841035842896 0.5218414068222046 0.33000147342681885 -1 -1 -1 -1 -1 -1 -1 -1 -1
0.5696787238121033 0.5657455325126648 0.9851358532905579 -1 -1 -1 -1 -1 -1 -1 -1 -1
0.5496566891670227 0.519457221031189 0.3277052938938141 -1 -1 -1 -1 -1 -1 -1 -1 -1
0.570327639579773 0.5631110668182373 0.9654622673988342 -1 -1 -1 -1 -1 -1 -1 -1 -1
0.5504528284072876 0.519351601600647 0.3305068910121918 -1 -1 -1 -1 -1 -1 -1 -1 -1
0.6240309476852417 0.5636876225471497 0.9997618794441223 -1 -1 -1 -1 -1 -1 -1 -1 -1
0.6127818822860718 0.5674238801002502 0.9989615678787231 -1 -1 -1 -1 -1 -1 -1 -1 -1
0.6066619157791138 0.6226381063461304 0.9681748747825623 -1 -1 -1 -1 -1 -1 -1 -1 -1
0.5879956483840942 0.6132171154022217 0.8136522173881531 -1 -1 -1 -1 -1 -1 -1 -1 -1
0.6177815794944763 0.6847307682037354 0.9921663999557495 -1 -1 -1 -1 -1 -1 -1 -1 -1
0.5988075137138367 0.680861234664917 0.866428017616272 -1 -1 -1 -1 -1 -1 -1 -1 -1
0.6225985288619995 0.6941514015197754 0.9713321328163147 -1 -1 -1 -1 -1 -1 -1 -1 -1
0.6034184098243713 0.6918346881866455 0.8784885406494141 -1 -1 -1 -1 -1 -1 -1 -1 -1
0.6057469248771667 0.7064726948738098 0.9897567629814148 -1 -1 -1 -1 -1 -1 -1 -1 -1
0.5848086476325989 0.7018238306045532 0.9107617139816284 -1 -1 -1 -1 -1 -1 -1 -1 -1
1 
33 
-1 -1 -1 -1 -1 -1 -1 -1 -1 -1
0.5842728614807129 0.5377625226974487 0.9819544553756714 -1 -1 -1 -1 -1 -1 -1 -1 -1
0.5844603180885315 0.5332844853401184 0.9842206239700317 -1 -1 -1 -1 -1 -1 -1 -1 -1
0.5848046541213989 0.5323851704597473 0.9810276031494141 -1 -1 -1 -1 -1 -1 -1 -1 -1
0.5851665735244751 0.5314896106719971 0.9904068112373352 -1 -1 -1 -1 -1 -1 -1 -1 -1
0.5839942097663879 0.5345954298973083 0.9849580526351929 -1 -1 -1 -1 -1 -1 -1 -1 -1
0.5839627385139465 0.5346338748931885 0.9708607792854309 -1 -1 -1 -1 -1 -1 -1 -1 -1
0.5839356184005737 0.5346721410751343 0.9866020083427429 -1 -1 -1 -1 -1 -1 -1 -1 -1
0.5871447324752808 0.5272647142410278 0.9879658818244934 -1 -1 -1 -1 -1 -1 -1 -1 -1
0.5853016376495361 0.5315055847167969 0.9906697273254395 -1 -1 -1 -1 -1 -1 -1 -1 -1
0.5859862565994263 0.5378199815750122 0.9911413192749023 -1 -1 -1 -1 -1 -1 -1 -1 -1
0.5854552388191223 0.5391142964363098 0.9866092801094055 -1 -1 -1 -1 -1 -1 -1 -1 -1
0.5936195850372314 0.5281227231025696 0.9999810457229614 -1 -1 -1 -1 -1 -1 -1 -1 -1
0.5917658805847168 0.5435023307800293 0.9982301592826843 -1 -1 -1 -1 -1 -1 -1 -1 -1
0.5910501480102539 0.5333597660064697 0.9648396372795105 -1 -1 -1 -1 -1 -1 -1 -1 -1
0.5984207391738892 0.5655902028083801 0.0538773238658905 -1 -1 -1 -1 -1 -1 -1 -1 -1
0.5804411172866821 0.54987633228302 0.5308292508125305 -1 -1 -1 -1 -1 -1 -1 -1 -1
0.5975393652915955 0.5887651443481445 0.0534716472029686 -1 -1 -1 -1 -1 -1 -1 -1 -1
0.5778482556343079 0.5535600185394287 0.5003237128257751 -1 -1 -1 -1 -1 -1 -1 -1 -1
0.5976691246032715 0.5948028564453125 0.06205248087644577 -1 -1 -1 -1 -1 -1 -1 -1 -1
0.5768862962722778 0.5536648631095886 0.4598182737827301 -1 -1 -1 -1 -1 -1 -1 -1 -1
0.595892071723938 0.5938975214958191 0.0639750137925148 -1 -1 -1 -1 -1 -1 -1 -1 -1
0.5779128670692444 0.553240180015564 0.36992719769477844 -1 -1 -1 -1 -1 -1 -1 -1 -1
0.5959666967391968 0.5916694402694702 0.06291936337947845 -1 -1 -1 -1 -1 -1 -1 -1 -1
0.607900857925415 0.5773789882659912 0.9999674558639526 -1 -1 -1 -1 -1 -1 -1 -1 -1
0.6072494387626648 0.5895089507102966 0.9998098015785217 -1 -1 -1 -1 -1 -1 -1 -1 -1
0.5871182680130005 0.6167551875114441 0.9799647331237793 -1 -1 -1 -1 -1 -1 -1 -1 -1
0.5898116827011108 0.6319742202758789 0.4966452121734619 -1 -1 -1 -1 -1 -1 -1 -1 -1
0.5992470979690552 0.6762549877166748 0.9356852173805237 -1 -1 -1 -1 -1 -1 -1 -1 -1
0.6035045981407166 0.6834377646446228 0.3864346146583557 -1 -1 -1 -1 -1 -1 -1 -1 -1
0.6046592593193054 0.6829451322555542 0.9136524796485901 -1 -1 -1 -1 -1 -1 -1 -1 -1
0.6096041798591614 0.6891213059425354 0.5551694631576538 -1 -1 -1 -1 -1 -1 -1 -1 -1
0.5915542244911194 0.6996979713439941 0.9378795027732849 -1 -1 -1 -1 -1 -1 -1 -1 -1
0.5948405861854553 0.7029199600219727 0.5625643134117126 -1 -1 -1 -1 -1 -1 -1 -1 -1
1 
33 
-1 -1 -1 -1 -1 -1 -1 -1 -1 -1
0.5891162157058716 0.571072518825531 0.9305063486099243 -1 -1 -1 -1 -1 -1 -1 -1 -1
0.5872851014137268 0.565911591053009 0.9149211049079895 -1 -1 -1 -1 -1 -1 -1 -1 -1
0.5873693227767944 0.5650931000709534 0.8821509480476379 -1 -1 -1 -1 -1 -1 -1 -1 -1
0.5874664187431335 0.5642757415771484 0.9225218296051025 -1 -1 -1 -1 -1 -1 -1 -1 -1
0.5871683359146118 0.5672591328620911 0.9487490653991699 -1 -1 -1 -1 -1 -1 -1 -1 -1
0.5871337652206421 0.5674781799316406 0.9194443225860596 -1 -1 -1 -1 -1 -1 -1 -1 -1
0.5871140956878662 0.5676509141921997 0.9502068758010864 -1 -1 -1 -1 -1 -1 -1 -1 -1
0.5878811478614807 0.5616921782493591 0.929839015007019 -1 -1 -1 -1 -1 -1 -1 -1 -1
0.5873713493347168 0.5664357542991638 0.955605149269104 -1 -1 -1 -1 -1 -1 -1 -1 -1
0.5907114148139954 0.571914792060852 0.9528728723526001 -1 -1 -1 -1 -1 -1 -1 -1 -1
0.5904287099838257 0.5736886262893677 0.9535637497901917 -1 -1 -1 -1 -1 -1 -1 -1 -1
0.5921364426612854 0.5704516768455505 0.9998996257781982 -1 -1 -1 -1 -1 -1 -1 -1 -1
0.5956809520721436 0.5743039846420288 0.9939794540405273 -1 -1 -1 -1 -1 -1 -1 -1 -1
0.5941272974014282 0.614212691783905 0.8684148788452148 -1 -1 -1 -1 -1 -1 -1 -1 -1
0.6047757863998413 0.6108220219612122 0.2602539658546448 -1 -1 -1 -1 -1 -1 -1 -1 -1
0.5939568281173706 0.6584210395812988 0.9455774426460266 -1 -1 -1 -1 -1 -1 -1 -1 -1
0.6125709414482117 0.6530681252479553 0.35126596689224243 -1 -1 -1 -1 -1 -1 -1 -1 -1
0.5944142937660217 0.6673480272293091 0.9321900010108948 -1 -1 -1 -1 -1 -1 -1 -1 -1
0.6135338544845581 0.6612886786460876 0.28012609481811523 -1 -1 -1 -1 -1 -1 -1 -1 -1
0.5907383561134338 0.6683714389801025 0.9180412292480469 -1 -1 -1 -1 -1 -1 -1 -1 -1
0.6136770844459534 0.6598888635635376 0.2653011083602905 -1 -1 -1 -1 -1 -1 -1 -1 -1
0.5910038948059082 0.6660302877426147 0.860907256603241 -1 -1 -1 -1 -1 -1 -1 -1 -1
0.6138402223587036 0.6568012833595276 0.24144211411476135 -1 -1 -1 -1 -1 -1 -1 -1 -1
0.6130683422088623 0.6034743785858154 0.9999582767486572 -1 -1 -1 -1 -1 -1 -1 -1 -1
0.6160521507263184 0.6062654852867126 0.9991433620452881 -1 -1 -1 -1 -1 -1 -1 -1 -1
0.5936583280563354 0.6315677762031555 0.9541764855384827 -1 -1 -1 -1 -1 -1 -1 -1 -1
0.5975154042243958 0.6383627653121948 0.17016498744487762 -1 -1 -1 -1 -1 -1 -1 -1 -1
0.6130585670471191 0.6898326277732849 0.9693387150764465 -1 -1 -1 -1 -1 -1 -1 -1 -1
0.612572968006134 0.6757255792617798 0.10102108865976334 -1 -1 -1 -1 -1 -1 -1 -1 -1
0.6152967810630798 0.6964249610900879 0.9330263137817383 -1 -1 -1 -1 -1 -1 -1 -1 -1
0.6166646480560303 0.6788592338562012 0.16693878173828125 -1 -1 -1 -1 -1 -1 -1 -1 -1
0.6082571744918823 0.7040390968322754 0.9099331498146057 -1 -1 -1 -1 -1 -1 -1 -1 -1
0.6114530563354492 0.6874310374259949 0.06601736694574356 -1 -1 -1 -1 -1 -1 -1 -1 -1
1 
33 
-1 -1 -1 -1 -1 -1 -1 -1 -1 -1
0.5559945106506348 0.5319570302963257 0.9991714954376221 -1 -1 -1 -1 -1 -1 -1 -1 -1
0.5539340972900391 0.5227680206298828 0.9994192123413086 -1 -1 -1 -1 -1 -1 -1 -1 -1
0.5542877316474915 0.5224140882492065 0.9994329810142517 -1 -1 -1 -1 -1 -1 -1 -1 -1
0.554447591304779 0.5218627452850342 0.9994235038757324 -1 -1 -1 -1 -1 -1 -1 -1 -1
0.5533854961395264 0.5217331647872925 0.9991903901100159 -1 -1 -1 -1 -1 -1 -1 -1 -1
0.5535334944725037 0.5208131074905396 0.9991388320922852 -1 -1 -1 -1 -1 -1 -1 -1 -1
0.5535792708396912 0.51982581615448 0.9989615678787231 -1 -1 -1 -1 -1 -1 -1 -1 -1
0.5595805048942566 0.5211762189865112 0.9996739625930786 -1 -1 -1 -1 -1 -1 -1 -1 -1
0.5576245188713074 0.5174692273139954 0.9992094039916992 -1 -1 -1 -1 -1 -1 -1 -1 -1
0.5586825609207153 0.5317777991294861 0.9995651841163635 -1 -1 -1 -1 -1 -1 -1 -1 -1
0.5602079629898071 0.5355773568153381 0.9993258714675903 -1 -1 -1 -1 -1 -1 -1 -1 -1
0.5846567153930664 0.5399639010429382 0.9999473094940186 -1 -1 -1 -1 -1 -1 -1 -1 -1
0.5757908821105957 0.5258890986442566 0.9993718266487122 -1 -1 -1 -1 -1 -1 -1 -1 -1
0.6107965111732483 0.5804997086524963 0.8956411480903625 -1 -1 -1 -1 -1 -1 -1 -1 -1
0.5842381119728088 0.5098001956939697 0.17526035010814667 -1 -1 -1 -1 -1 -1 -1 -1 -1
0.6264399886131287 0.6195809245109558 0.8706250190734863 -1 -1 -1 -1 -1 -1 -1 -1 -1
0.5797343254089355 0.4905661344528198 0.34106001257896423 -1 -1 -1 -1 -1 -1 -1 -1 -1
0.6324893236160278 0.6273781061172485 0.8309762477874756 -1 -1 -1 -1 -1 -1 -1 -1 -1
0.5806676149368286 0.484384149312973 0.3747030794620514 -1 -1 -1 -1 -1 -1 -1 -1 -1
0.6302807927131653 0.6272991299629211 0.827875554561615 -1 -1 -1 -1 -1 -1 -1 -1 -1
0.5771121978759766 0.48626387119293213 0.39925143122673035 -1 -1 -1 -1 -1 -1 -1 -1 -1
0.6277358531951904 0.624823808670044 0.7398666143417358 -1 -1 -1 -1 -1 -1 -1 -1 -1
0.5766907930374146 0.4903794229030609 0.3687564730644226 -1 -1 -1 -1 -1 -1 -1 -1 -1
0.6351756453514099 0.6113982796669006 0.999691367149353 -1 -1 -1 -1 -1 -1 -1 -1 -1
0.6256558299064636 0.6091182827949524 0.9991650581359863 -1 -1 -1 -1 -1 -1 -1 -1 -1
0.5862524509429932 0.6317751407623291 0.948326826095581 -1 -1 -1 -1 -1 -1 -1 -1 -1
0.5866676568984985 0.630082368850708 0.5280845165252686 -1 -1 -1 -1 -1 -1 -1 -1 -1
0.6116257309913635 0.6951014399528503 0.8500607013702393 -1 -1 -1 -1 -1 -1 -1 -1 -1
0.6025038361549377 0.6970910429954529 0.5872718095779419 -1 -1 -1 -1 -1 -1 -1 -1 -1
0.6179945468902588 0.7006341218948364 0.8502063155174255 -1 -1 -1 -1 -1 -1 -1 -1 -1
0.6095082759857178 0.7061777710914612 0.6609240770339966 -1 -1 -1 -1 -1 -1 -1 -1 -1
0.6032662391662598 0.7252271175384521 0.8757671117782593 -1 -1 -1 -1 -1 -1 -1 -1 -1
0.5887913703918457 0.7306694984436035 0.7099660038948059 -1 -1 -1 -1 -1 -1 -1 -1 -1
1 
33 
-1 -1 -1 -1 -1 -1 -1 -1 -1 -1
0.6078048944473267 0.6154335141181946 0.7105218172073364 -1 -1 -1 -1 -1 -1 -1 -1 -1
0.6076529622077942 0.6166772246360779 0.6619225740432739 -1 -1 -1 -1 -1 -1 -1 -1 -1
0.6074506044387817 0.6167778968811035 0.7052128314971924 -1 -1 -1 -1 -1 -1 -1 -1 -1
0.6072455048561096 0.6168734431266785 0.6900768280029297 -1 -1 -1 -1 -1 -1 -1 -1 -1
0.6082201600074768 0.6163927912712097 0.6283262968063354 -1 -1 -1 -1 -1 -1 -1 -1 -1
0.6084381341934204 0.6162843704223633 0.5988807082176208 -1 -1 -1 -1 -1 -1 -1 -1 -1
0.608651876449585 0.6161803007125854 0.5512121915817261 -1 -1 -1 -1 -1 -1 -1 -1 -1
0.6069884300231934 0.6163747310638428 0.8728302121162415 -1 -1 -1 -1 -1 -1 -1 -1 -1
0.6088857054710388 0.6154992580413818 0.5991833806037903 -1 -1 -1 -1 -1 -1 -1 -1 -1
0.6073296666145325 0.6145638823509216 0.5377482175827026 -1 -1 -1 -1 -1 -1 -1 -1 -1
0.6081151962280273 0.6142007112503052 0.49866652488708496 -1 -1 -1 -1 -1 -1 -1 -1 -1
0.605671763420105 0.6119182109832764 0.10759130120277405 -1 -1 -1 -1 -1 -1 -1 -1 -1
0.610093355178833 0.6121987700462341 0.05910532549023628 -1 -1 -1 -1 -1 -1 -1 -1 -1
0.6077238917350769 0.6103037595748901 0.04560314491391182 -1 -1 -1 -1 -1 -1 -1 -1 -1
0.6111561059951782 0.6114256978034973 0.000947564491070807 -1 -1 -1 -1 -1 -1 -1 -1 -1
0.6114321947097778 0.6121506094932556 0.2303805947303772 -1 -1 -1 -1 -1 -1 -1 -1 -1
0.6109763979911804 0.6115404963493347 0.002063143067061901 -1 -1 -1 -1 -1 -1 -1 -1 -1
0.6121296286582947 0.6126419901847839 0.3214090168476105 -1 -1 -1 -1 -1 -1 -1 -1 -1
0.6109834313392639 0.6112300753593445 0.005785619840025902 -1 -1 -1 -1 -1 -1 -1 -1 -1
0.6122098565101624 0.612652599811554 0.40916550159454346 -1 -1 -1 -1 -1 -1 -1 -1 -1
0.6109018921852112 0.6114042401313782 0.00935625284910202 -1 -1 -1 -1 -1 -1 -1 -1 -1
0.6120085120201111 0.6123674511909485 0.39490464329719543 -1 -1 -1 -1 -1 -1 -1 -1 -1
0.6107915639877319 0.6114157438278198 0.009982524439692497 -1 -1 -1 -1 -1 -1 -1 -1 -1
0.6070634722709656 0.6009221076965332 0.0013041743077337742 -1 -1 -1 -1 -1 -1 -1 -1 -1
0.6101132035255432 0.6011873483657837 0.000999512616544962 -1 -1 -1 -1 -1 -1 -1 -1 -1
0.6071779131889343 0.5921913981437683 0.004812711849808693 -1 -1 -1 -1 -1 -1 -1 -1 -1
0.6093708276748657 0.5914514660835266 0.0009289211011491716 -1 -1 -1 -1 -1 -1 -1 -1 -1
0.6074375510215759 0.5847161412239075 0.0008197551360353827 -1 -1 -1 -1 -1 -1 -1 -1 -1
0.6098536849021912 0.5861136317253113 6.592873978661373e-05 -1 -1 -1 -1 -1 -1 -1 -1 -1
0.6073977947235107 0.5836095213890076 0.0005077100940980017 -1 -1 -1 -1 -1 -1 -1 -1 -1
0.6097540855407715 0.585029125213623 0.00015143476775847375 -1 -1 -1 -1 -1 -1 -1 -1 -1
0.6079208254814148 0.5817984342575073 0.0012054070830345154 -1 -1 -1 -1 -1 -1 -1 -1 -1
0.6107250452041626 0.5843552947044373 0.001068810117430985 -1 -1 -1 -1 -1 -1 -1 -1 -1
1 
33 
-1 -1 -1 -1 -1 -1 -1 -1 -1 -1
0.5990350246429443 0.6130673885345459 1.0 -1 -1 -1 -1 -1 -1 -1 -1 -1
0.598321795463562 0.6161207556724548 1.0 -1 -1 -1 -1 -1 -1 -1 -1 -1
0.5976253151893616 0.6167911291122437 1.0 -1 -1 -1 -1 -1 -1 -1 -1 -1
0.5968387722969055 0.6174970865249634 1.0 -1 -1 -1 -1 -1 -1 -1 -1 -1
0.5996949076652527 0.6148180961608887 1.0 -1 -1 -1 -1 -1 -1 -1 -1 -1
0.600315511226654 0.6143968105316162 1.0 -1 -1 -1 -1 -1 -1 -1 -1 -1
0.6007936000823975 0.6140795350074768 1.0 -1 -1 -1 -1 -1 -1 -1 -1 -1
0.5964060425758362 0.6194398999214172 1.0 -1 -1 -1 -1 -1 -1 -1 -1 -1
0.6011734008789062 0.6142483353614807 1.0 -1 -1 -1 -1 -1 -1 -1 -1 -1
0.5972662568092346 0.6138038039207458 1.0 -1 -1 -1 -1 -1 -1 -1 -1 -1
0.5996795296669006 0.6122674345970154 1.0 -1 -1 -1 -1 -1 -1 -1 -1 -1
0.5933087468147278 0.6180601119995117 1.0 -1 -1 -1 -1 -1 -1 -1 -1 -1
0.6042420268058777 0.6083229184150696 1.0 -1 -1 -1 -1 -1 -1 -1 -1 -1
0.5944322347640991 0.6029384732246399 0.135639026761055 -1 -1 -1 -1 -1 -1 -1 -1 -1
0.6039475798606873 0.5954722762107849 0.9998387098312378 -1 -1 -1 -1 -1 -1 -1 -1 -1
0.5986523032188416 0.6042613387107849 0.4715932309627533 -1 -1 -1 -1 -1 -1 -1 -1 -1
0.6079617738723755 0.5967985391616821 0.9839240908622742 -1 -1 -1 -1 -1 -1 -1 -1 -1
0.5993756055831909 0.601230263710022 0.7257745862007141 -1 -1 -1 -1 -1 -1 -1 -1 -1
0.6101304292678833 0.5899415016174316 0.9749171137809753 -1 -1 -1 -1 -1 -1 -1 -1 -1
0.5978571176528931 0.6000197529792786 0.719806969165802 -1 -1 -1 -1 -1 -1 -1 -1 -1
0.6081405282020569 0.5944103002548218 0.9900487661361694 -1 -1 -1 -1 -1 -1 -1 -1 -1
0.598410427570343 0.6003947854042053 0.5224246978759766 -1 -1 -1 -1 -1 -1 -1 -1 -1
0.6073693037033081 0.5977673530578613 0.9811022877693176 -1 -1 -1 -1 -1 -1 -1 -1 -1
0.5944260358810425 0.5929398536682129 0.8835260272026062 -1 -1 -1 -1 -1 -1 -1 -1 -1
0.6046908497810364 0.5939668416976929 0.6202743053436279 -1 -1 -1 -1 -1 -1 -1 -1 -1
0.5966699719429016 0.5729029774665833 0.9792304635047913 -1 -1 -1 -1 -1 -1 -1 -1 -1
0.6026557087898254 0.577629566192627 0.986176073551178 -1 -1 -1 -1 -1 -1 -1 -1 -1
0.5945706367492676 0.5629740357398987 0.9864105582237244 -1 -1 -1 -1 -1 -1 -1 -1 -1
0.6028822064399719 0.5580939054489136 0.0712311640381813 -1 -1 -1 -1 -1 -1 -1 -1 -1
0.5940624475479126 0.5594419836997986 0.9807808995246887 -1 -1 -1 -1 -1 -1 -1 -1 -1
0.6036728620529175 0.5520430207252502 0.3900063633918762 -1 -1 -1 -1 -1 -1 -1 -1 -1
0.5948699116706848 0.5629594326019287 0.9766079187393188 -1 -1 -1 -1 -1 -1 -1 -1 -1
0.5984832644462585 0.5540920495986938 0.4223754405975342 -1 -1 -1 -1 -1 -1 -1 -1 -1
1 
