11
1 
33 
-1 -1 -1 -1 -1 -1 -1 -1 -1 -1
0.5027602314949036 0.5247465372085571 0.9925570487976074 -1 -1 -1 -1 -1 -1 -1 -1 -1
0.5020526051521301 0.5283830761909485 0.9909763932228088 -1 -1 -1 -1 -1 -1 -1 -1 -1
0.5021710991859436 0.5280334949493408 0.9895098209381104 -1 -1 -1 -1 -1 -1 -1 -1 -1
0.5022799372673035 0.5275983810424805 0.990039050579071 -1 -1 -1 -1 -1 -1 -1 -1 -1
0.501653790473938 0.5281726717948914 0.9883648157119751 -1 -1 -1 -1 -1 -1 -1 -1 -1
0.501668393611908 0.5276651978492737 0.9877308011054993 -1 -1 -1 -1 -1 -1 -1 -1 -1
0.501682698726654 0.5271438956260681 0.9902278184890747 -1 -1 -1 -1 -1 -1 -1 -1 -1
0.5031314492225647 0.520790159702301 0.9841817021369934 -1 -1 -1 -1 -1 -1 -1 -1 -1
0.502223551273346 0.5204094052314758 0.9864968657493591 -1 -1 -1 -1 -1 -1 -1 -1 -1
0.5039721727371216 0.5178965926170349 0.9830064177513123 -1 -1 -1 -1 -1 -1 -1 -1 -1
0.5038584470748901 0.5176683664321899 0.9812435507774353 -1 -1 -1 -1 -1 -1 -1 -1 -1
0.5031614899635315 0.4964286684989929 0.9890776872634888 -1 -1 -1 -1 -1 -1 -1 -1 -1
0.5085991621017456 0.49787917733192444 0.9930408000946045 -1 -1 -1 -1 -1 -1 -1 -1 -1
0.49862679839134216 0.5396846532821655 0.8540015816688538 -1 -1 -1 -1 -1 -1 -1 -1 -1
0.5176035165786743 0.5575488805770874 0.9280573129653931 -1 -1 -1 -1 -1 -1 -1 -1 -1
0.4968259334564209 0.5855612754821777 0.7067855000495911 -1 -1 -1 -1 -1 -1 -1 -1 -1
0.5181716084480286 0.6155163049697876 0.9354333281517029 -1 -1 -1 -1 -1 -1 -1 -1 -1
0.4968683123588562 0.5931717157363892 0.6142744421958923 -1 -1 -1 -1 -1 -1 -1 -1 -1
0.5167555809020996 0.626574695110321 0.8967874646186829 -1 -1 -1 -1 -1 -1 -1 -1 -1
0.4960545599460602 0.5975955128669739 0.6038334965705872 -1 -1 -1 -1 -1 -1 -1 -1 -1
0.5181566476821899 0.6300417184829712 0.889388918876648 -1 -1 -1 -1 -1 -1 -1 -1 -1
0.4956377446651459 0.5950989127159119 0.5919877886772156 -1 -1 -1 -1 -1 -1 -1 -1 -1
0.5193173885345459 0.6263665556907654 0.8707788586616516 -1 -1 -1 -1 -1 -1 -1 -1 -1
0.505946934223175 0.38924992084503174 0.9949722290039062 -1 -1 -1 -1 -1 -1 -1 -1 -1
0.5077881813049316 0.39377760887145996 0.996614396572113 -1 -1 -1 -1 -1 -1 -1 -1 -1
0.5084934830665588 0.31888309121131897 0.8173612356185913 -1 -1 -1 -1 -1 -1 -1 -1 -1
0.501584529876709 0.3182148337364197 0.7582159638404846 -1 -1 -1 -1 -1 -1 -1 -1 -1
0.5004879832267761 0.22933194041252136 0.8636816143989563 -1 -1 -1 -1 -1 -1 -1 -1 -1
0.49861013889312744 0.2380046248435974 0.8378652334213257 -1 -1 -1 -1 -1 -1 -1 -1 -1
0.5025771260261536 0.22184595465660095 0.898380696773529 -1 -1 -1 -1 -1 -1 -1 -1 -1
0.49729225039482117 0.229356586933136 0.8482401371002197 -1 -1 -1 -1 -1 -1 -1 -1 -1
0.5012937784194946 0.19433797895908356 0.8781514167785645 -1 -1 -1 -1 -1 -1 -1 -1 -1
0.4974425733089447 0.20761694014072418 0.814676821231842 -1 -1 -1 -1 -1 -1 -1 -1 -1
1 
33 
-1 -1 -1 -1 -1 -1 -1 -1 -1 -1
0.50436931848526 0.5456388592720032 0.9432539343833923 -1 -1 -1 -1 -1 -1 -1 -1 -1
0.5015930533409119 0.5504534244537354 0.9379333853721619 -1 -1 -1 -1 -1 -1 -1 -1 -1
0.5009582042694092 0.5500574111938477 0.9231463670730591 -1 -1 -1 -1 -1 -1 -1 -1 -1
0.5003343224525452 0.5496201515197754 0.9402992725372314 -1 -1 -1 -1 -1 -1 -1 -1 -1
0.5026639103889465 0.5507984161376953 0.8995307087898254 -1 -1 -1 -1 -1 -1 -1 -1 -1
0.5029038190841675 0.550704836845398 0.863760769367218 -1 -1 -1 -1 -1 -1 -1 -1 -1
0.5031535029411316 0.5505896806716919 0.9040135741233826 -1 -1 -1 -1 -1 -1 -1 -1 -1
0.49862906336784363 0.544068455696106 0.918084442615509 -1 -1 -1 -1 -1 -1 -1 -1 -1
0.5026618242263794 0.5457143783569336 0.8526054620742798 -1 -1 -1 -1 -1 -1 -1 -1 -1
0.5046242475509644 0.5381076335906982 0.9404784440994263 -1 -1 -1 -1 -1 -1 -1 -1 -1
0.5057264566421509 0.5384941101074219 0.9320523142814636 -1 -1 -1 -1 -1 -1 -1 -1 -1
0.4954146146774292 0.5157000422477722 0.9882966876029968 -1 -1 -1 -1 -1 -1 -1 -1 -1
0.5135553479194641 0.5179647207260132 0.976421594619751 -1 -1 -1 -1 -1 -1 -1 -1 -1
0.5014079213142395 0.5618512630462646 0.9280866980552673 -1 -1 -1 -1 -1 -1 -1 -1 -1
0.5134203433990479 0.5523964762687683 0.535125195980072 -1 -1 -1 -1 -1 -1 -1 -1 -1
0.5072179436683655 0.6126264333724976 0.8414826989173889 -1 -1 -1 -1 -1 -1 -1 -1 -1
0.5126796364784241 0.5939732193946838 0.6245830655097961 -1 -1 -1 -1 -1 -1 -1 -1 -1
0.5085744857788086 0.6242905855178833 0.780503511428833 -1 -1 -1 -1 -1 -1 -1 -1 -1
0.5122281312942505 0.6019754409790039 0.5724125504493713 -1 -1 -1 -1 -1 -1 -1 -1 -1
0.5088465809822083 0.6263306140899658 0.7688184976577759 -1 -1 -1 -1 -1 -1 -1 -1 -1
0.5118343234062195 0.6062031984329224 0.5716497302055359 -1 -1 -1 -1 -1 -1 -1 -1 -1
0.5082743763923645 0.6220566630363464 0.7110748291015625 -1 -1 -1 -1 -1 -1 -1 -1 -1
0.5121106505393982 0.6036507487297058 0.5534151196479797 -1 -1 -1 -1 -1 -1 -1 -1 -1
0.5095258951187134 0.39331433176994324 0.9940407872200012 -1 -1 -1 -1 -1 -1 -1 -1 -1
0.522192656993866 0.4001462459564209 0.9945831894874573 -1 -1 -1 -1 -1 -1 -1 -1 -1
0.5080658197402954 0.3085988461971283 0.8993656039237976 -1 -1 -1 -1 -1 -1 -1 -1 -1
0.5150558948516846 0.3418347239494324 0.7248684167861938 -1 -1 -1 -1 -1 -1 -1 -1 -1
0.501752495765686 0.22345897555351257 0.9510090351104736 -1 -1 -1 -1 -1 -1 -1 -1 -1
0.5010344386100769 0.2628191411495209 0.8391363024711609 -1 -1 -1 -1 -1 -1 -1 -1 -1
0.5074178576469421 0.21670429408550262 0.9044371247291565 -1 -1 -1 -1 -1 -1 -1 -1 -1
0.4976474940776825 0.25419390201568604 0.8494345545768738 -1 -1 -1 -1 -1 -1 -1 -1 -1
0.5101872086524963 0.18920651078224182 0.927985429763794 -1 -1 -1 -1 -1 -1 -1 -1 -1
0.5026086568832397 0.2342425286769867 0.8445298075675964 -1 -1 -1 -1 -1 -1 -1 -1 -1
1 
33 
-1 -1 -1 -1 -1 -1 -1 -1 -1 -1
0.5189887881278992 0.570610761642456 0.9976968169212341 -1 -1 -1 -1 -1 -1 -1 -1 -1
0.5188812017440796 0.5738494396209717 0.9985750913619995 -1 -1 -1 -1 -1 -1 -1 -1 -1
0.5186962485313416 0.5737631320953369 0.9978926777839661 -1 -1 -1 -1 -1 -1 -1 -1 -1
0.5185121893882751 0.5736584663391113 0.9985619187355042 -1 -1 -1 -1 -1 -1 -1 -1 -1
0.5196521282196045 0.5740268230438232 0.9978199005126953 -1 -1 -1 -1 -1 -1 -1 -1 -1
0.5200537443161011 0.5741092562675476 0.9962729215621948 -1 -1 -1 -1 -1 -1 -1 -1 -1
0.5204479098320007 0.5741837620735168 0.9976434111595154 -1 -1 -1 -1 -1 -1 -1 -1 -1
0.5193554162979126 0.5717266201972961 0.9985098242759705 -1 -1 -1 -1 -1 -1 -1 -1 -1
0.5219649076461792 0.5723537802696228 0.9968101382255554 -1 -1 -1 -1 -1 -1 -1 -1 -1
0.5189374685287476 0.5667769908905029 0.9982032775878906 -1 -1 -1 -1 -1 -1 -1 -1 -1
0.5200268030166626 0.5670186281204224 0.9975337982177734 -1 -1 -1 -1 -1 -1 -1 -1 -1
0.520226001739502 0.5562082529067993 0.9984574317932129 -1 -1 -1 -1 -1 -1 -1 -1 -1
0.5236981511116028 0.5564959049224854 0.99688321352005 -1 -1 -1 -1 -1 -1 -1 -1 -1
0.5130494832992554 0.557313084602356 0.5941677093505859 -1 -1 -1 -1 -1 -1 -1 -1 -1
0.5204817652702332 0.5546473860740662 0.5789344310760498 -1 -1 -1 -1 -1 -1 -1 -1 -1
0.5136500597000122 0.5698399543762207 0.6634133458137512 -1 -1 -1 -1 -1 -1 -1 -1 -1
0.5201417803764343 0.5639165043830872 0.4660845696926117 -1 -1 -1 -1 -1 -1 -1 -1 -1
0.5142072439193726 0.5721791982650757 0.6418440937995911 -1 -1 -1 -1 -1 -1 -1 -1 -1
0.5198863744735718 0.5651080012321472 0.4409622251987457 -1 -1 -1 -1 -1 -1 -1 -1 -1
0.514591634273529 0.5739645957946777 0.6420324444770813 -1 -1 -1 -1 -1 -1 -1 -1 -1
0.5204421877861023 0.567216157913208 0.4529687464237213 -1 -1 -1 -1 -1 -1 -1 -1 -1
0.514372706413269 0.5727143287658691 0.6245244145393372 -1 -1 -1 -1 -1 -1 -1 -1 -1
0.5207107663154602 0.5663055777549744 0.45001184940338135 -1 -1 -1 -1 -1 -1 -1 -1 -1
0.527012288570404 0.5039842128753662 0.9990997314453125 -1 -1 -1 -1 -1 -1 -1 -1 -1
0.5270568132400513 0.5027934312820435 0.9989632368087769 -1 -1 -1 -1 -1 -1 -1 -1 -1
0.5140641331672668 0.5062963962554932 0.47860339283943176 -1 -1 -1 -1 -1 -1 -1 -1 -1
0.5078166127204895 0.49896687269210815 0.8241487741470337 -1 -1 -1 -1 -1 -1 -1 -1 -1
0.5171809792518616 0.48294487595558167 0.39601612091064453 -1 -1 -1 -1 -1 -1 -1 -1 -1
0.4986080825328827 0.47815442085266113 0.7692398428916931 -1 -1 -1 -1 -1 -1 -1 -1 -1
0.5186167359352112 0.4798007309436798 0.4492740035057068 -1 -1 -1 -1 -1 -1 -1 -1 -1
0.49869298934936523 0.4744560122489929 0.7464190125465393 -1 -1 -1 -1 -1 -1 -1 -1 -1
0.5149598121643066 0.47773241996765137 0.3699752986431122 -1 -1 -1 -1 -1 -1 -1 -1 -1
0.49216198921203613 0.4765143096446991 0.665854275226593 -1 -1 -1 -1 -1 -1 -1 -1 -1
1 
33 
-1 -1 -1 -1 -1 -1 -1 -1 -1 -1
0.49467912316322327 0.5176891684532166 0.9877730011940002 -1 -1 -1 -1 -1 -1 -1 -1 -1
0.4926086366176605 0.522879958152771 0.9864924550056458 -1 -1 -1 -1 -1 -1 -1 -1 -1
0.49202027916908264 0.522540271282196 0.9807183742523193 -1 -1 -1 -1 -1 -1 -1 -1 -1
0.49143221974372864 0.5221003890037537 0.9842615127563477 -1 -1 -1 -1 -1 -1 -1 -1 -1
0.4943581819534302 0.5231235027313232 0.981151282787323 -1 -1 -1 -1 -1 -1 -1 -1 -1
0.49514874815940857 0.5229508876800537 0.9750898480415344 -1 -1 -1 -1 -1 -1 -1 -1 -1
0.49591392278671265 0.5227665305137634 0.9833420515060425 -1 -1 -1 -1 -1 -1 -1 -1 -1
0.4917738437652588 0.5164629220962524 0.977421760559082 -1 -1 -1 -1 -1 -1 -1 -1 -1
0.49786674976348877 0.517498791217804 0.9722927212715149 -1 -1 -1 -1 -1 -1 -1 -1 -1
0.49525654315948486 0.5100805759429932 0.9801002144813538 -1 -1 -1 -1 -1 -1 -1 -1 -1
0.49764683842658997 0.510439395904541 0.9751151204109192 -1 -1 -1 -1 -1 -1 -1 -1 -1
0.4958844780921936 0.49320679903030396 0.9933080673217773 -1 -1 -1 -1 -1 -1 -1 -1 -1
0.5070630311965942 0.4913586974143982 0.9932743310928345 -1 -1 -1 -1 -1 -1 -1 -1 -1
0.5087246894836426 0.5674712657928467 0.8407036066055298 -1 -1 -1 -1 -1 -1 -1 -1 -1
0.5086897611618042 0.554578423500061 0.7897552251815796 -1 -1 -1 -1 -1 -1 -1 -1 -1
0.5000455975532532 0.6227767467498779 0.8035640716552734 -1 -1 -1 -1 -1 -1 -1 -1 -1
0.5122137665748596 0.626836895942688 0.8728770017623901 -1 -1 -1 -1 -1 -1 -1 -1 -1
0.49975934624671936 0.6354943513870239 0.7646095156669617 -1 -1 -1 -1 -1 -1 -1 -1 -1
0.5119510293006897 0.6413474082946777 0.8448676466941833 -1 -1 -1 -1 -1 -1 -1 -1 -1
0.5009268522262573 0.6374473571777344 0.7534504532814026 -1 -1 -1 -1 -1 -1 -1 -1 -1
0.513157844543457 0.6459786891937256 0.8305880427360535 -1 -1 -1 -1 -1 -1 -1 -1 -1
0.5010486245155334 0.6327115297317505 0.7291238903999329 -1 -1 -1 -1 -1 -1 -1 -1 -1
0.513337254524231 0.6411032676696777 0.809678852558136 -1 -1 -1 -1 -1 -1 -1 -1 -1
0.4982169270515442 0.3610885739326477 0.9964215755462646 -1 -1 -1 -1 -1 -1 -1 -1 -1
0.5054107308387756 0.36121177673339844 0.9967377781867981 -1 -1 -1 -1 -1 -1 -1 -1 -1
0.4890531003475189 0.269466757774353 0.6252710819244385 -1 -1 -1 -1 -1 -1 -1 -1 -1
0.5093479156494141 0.2635759115219116 0.673486053943634 -1 -1 -1 -1 -1 -1 -1 -1 -1
0.49741682410240173 0.20391274988651276 0.6723706126213074 -1 -1 -1 -1 -1 -1 -1 -1 -1
0.4951024651527405 0.1736227571964264 0.725996732711792 -1 -1 -1 -1 -1 -1 -1 -1 -1
0.48315393924713135 0.19185130298137665 0.783620297908783 -1 -1 -1 -1 -1 -1 -1 -1 -1
0.4938569664955139 0.16541628539562225 0.7574940919876099 -1 -1 -1 -1 -1 -1 -1 -1 -1
0.4769393503665924 0.16514852643013 0.7194867730140686 -1 -1 -1 -1 -1 -1 -1 -1 -1
0.4994732737541199 0.127797931432724 0.6994221210479736 -1 -1 -1 -1 -1 -1 -1 -1 -1
1 
33 
-1 -1 -1 -1 -1 -1 -1 -1 -1 -1
0.5071287751197815 0.5779293775558472 0.987864077091217 -1 -1 -1 -1 -1 -1 -1 -1 -1
0.5114878416061401 0.5798904299736023 0.9838466644287109 -1 -1 -1 -1 -1 -1 -1 -1 -1
0.5116544365882874 0.5794036388397217 0.972617506980896 -1 -1 -1 -1 -1 -1 -1 -1 -1
0.5118319392204285 0.5789122581481934 0.9858059287071228 -1 -1 -1 -1 -1 -1 -1 -1 -1
0.5114368200302124 0.580095648765564 0.9848942160606384 -1 -1 -1 -1 -1 -1 -1 -1 -1
0.5116739869117737 0.5798143744468689 0.9764313697814941 -1 -1 -1 -1 -1 -1 -1 -1 -1
0.5119889378547668 0.5795018672943115 0.9857805371284485 -1 -1 -1 -1 -1 -1 -1 -1 -1
0.5137790441513062 0.5684109926223755 0.9753012657165527 -1 -1 -1 -1 -1 -1 -1 -1 -1
0.5142942667007446 0.5687671899795532 0.9561691880226135 -1 -1 -1 -1 -1 -1 -1 -1 -1
0.5069162249565125 0.5691584348678589 0.9792668223381042 -1 -1 -1 -1 -1 -1 -1 -1 -1
0.5070168972015381 0.5694975852966309 0.9674793481826782 -1 -1 -1 -1 -1 -1 -1 -1 -1
0.5031288266181946 0.5214301347732544 0.9597373008728027 -1 -1 -1 -1 -1 -1 -1 -1 -1
0.503710925579071 0.5224796533584595 0.9848113059997559 -1 -1 -1 -1 -1 -1 -1 -1 -1
0.511612594127655 0.5819976329803467 0.371105819940567 -1 -1 -1 -1 -1 -1 -1 -1 -1
0.5034916400909424 0.5812601447105408 0.9188638925552368 -1 -1 -1 -1 -1 -1 -1 -1 -1
0.5231046676635742 0.6413964033126831 0.520197868347168 -1 -1 -1 -1 -1 -1 -1 -1 -1
0.5153387188911438 0.6462819576263428 0.906815767288208 -1 -1 -1 -1 -1 -1 -1 -1 -1
0.5279102921485901 0.6516372561454773 0.49321091175079346 -1 -1 -1 -1 -1 -1 -1 -1 -1
0.5194413065910339 0.6562089920043945 0.8761911988258362 -1 -1 -1 -1 -1 -1 -1 -1 -1
0.5279942154884338 0.6530967354774475 0.49835285544395447 -1 -1 -1 -1 -1 -1 -1 -1 -1
0.5224217772483826 0.6534558534622192 0.8592054843902588 -1 -1 -1 -1 -1 -1 -1 -1 -1
0.5257634520530701 0.6501662135124207 0.4988016188144684 -1 -1 -1 -1 -1 -1 -1 -1 -1
0.5196584463119507 0.6528451442718506 0.8144182562828064 -1 -1 -1 -1 -1 -1 -1 -1 -1
0.5023826956748962 0.38353779911994934 0.9913012385368347 -1 -1 -1 -1 -1 -1 -1 -1 -1
0.5082342028617859 0.38124778866767883 0.9917592406272888 -1 -1 -1 -1 -1 -1 -1 -1 -1
0.49726107716560364 0.2842060923576355 0.16944749653339386 -1 -1 -1 -1 -1 -1 -1 -1 -1
0.5107989311218262 0.26964274048805237 0.7754279375076294 -1 -1 -1 -1 -1 -1 -1 -1 -1
0.4902585446834564 0.20989015698432922 0.15995141863822937 -1 -1 -1 -1 -1 -1 -1 -1 -1
0.5068095922470093 0.1620989888906479 0.8204286694526672 -1 -1 -1 -1 -1 -1 -1 -1 -1
0.4917598366737366 0.20304034650325775 0.2546595633029938 -1 -1 -1 -1 -1 -1 -1 -1 -1
0.5082576274871826 0.1512514352798462 0.8093146085739136 -1 -1 -1 -1 -1 -1 -1 -1 -1
0.4838380813598633 0.18108735978603363 0.23124335706233978 -1 -1 -1 -1 -1 -1 -1 -1 -1
0.5019590854644775 0.12789049744606018 0.7285795211791992 -1 -1 -1 -1 -1 -1 -1 -1 -1
1 
33 
-1 -1 -1 -1 -1 -1 -1 -1 -1 -1
0.5379763841629028 0.4748128354549408 0.9986631870269775 -1 -1 -1 -1 -1 -1 -1 -1 -1
0.540466845035553 0.4741480350494385 0.9980104565620422 -1 -1 -1 -1 -1 -1 -1 -1 -1
0.5415299534797668 0.47378283739089966 0.9978514909744263 -1 -1 -1 -1 -1 -1 -1 -1 -1
0.5425859093666077 0.47333061695098877 0.9984227418899536 -1 -1 -1 -1 -1 -1 -1 -1 -1
0.5370041728019714 0.4733577370643616 0.9979946613311768 -1 -1 -1 -1 -1 -1 -1 -1 -1
0.5356015563011169 0.472341388463974 0.9973663687705994 -1 -1 -1 -1 -1 -1 -1 -1 -1
0.5341822504997253 0.47136449813842773 0.9979346990585327 -1 -1 -1 -1 -1 -1 -1 -1 -1
0.54345703125 0.4614958167076111 0.9951828122138977 -1 -1 -1 -1 -1 -1 -1 -1 -1
0.530738890171051 0.45832404494285583 0.9951425790786743 -1 -1 -1 -1 -1 -1 -1 -1 -1
0.5382401347160339 0.468436062335968 0.9973244667053223 -1 -1 -1 -1 -1 -1 -1 -1 -1
0.5342110991477966 0.46764931082725525 0.9961264729499817 -1 -1 -1 -1 -1 -1 -1 -1 -1
0.5440900325775146 0.4437968134880066 0.9942564368247986 -1 -1 -1 -1 -1 -1 -1 -1 -1
0.5165199041366577 0.4415496587753296 0.998071014881134 -1 -1 -1 -1 -1 -1 -1 -1 -1
0.5592116117477417 0.5216172933578491 0.8873742818832397 -1 -1 -1 -1 -1 -1 -1 -1 -1
0.5144762396812439 0.5430740714073181 0.9173150062561035 -1 -1 -1 -1 -1 -1 -1 -1 -1
0.5632363557815552 0.5902365446090698 0.9184773564338684 -1 -1 -1 -1 -1 -1 -1 -1 -1
0.5151083469390869 0.6349935531616211 0.9614546298980713 -1 -1 -1 -1 -1 -1 -1 -1 -1
0.5681846141815186 0.6023284792900085 0.9060448408126831 -1 -1 -1 -1 -1 -1 -1 -1 -1
0.5138382315635681 0.6536588072776794 0.9482842683792114 -1 -1 -1 -1 -1 -1 -1 -1 -1
0.5642001032829285 0.6035972237586975 0.9062919020652771 -1 -1 -1 -1 -1 -1 -1 -1 -1
0.5172718167304993 0.6535914540290833 0.9413374066352844 -1 -1 -1 -1 -1 -1 -1 -1 -1
0.560957133769989 0.5998324155807495 0.8704345226287842 -1 -1 -1 -1 -1 -1 -1 -1 -1
0.5182750821113586 0.6488869786262512 0.9169065356254578 -1 -1 -1 -1 -1 -1 -1 -1 -1
0.5281311869621277 0.34858715534210205 0.9996157884597778 -1 -1 -1 -1 -1 -1 -1 -1 -1
0.5132076144218445 0.3436436653137207 0.9998406171798706 -1 -1 -1 -1 -1 -1 -1 -1 -1
0.5124627947807312 0.3917248845100403 0.5829872488975525 -1 -1 -1 -1 -1 -1 -1 -1 -1
0.5011342763900757 0.2984420657157898 0.8670298457145691 -1 -1 -1 -1 -1 -1 -1 -1 -1
0.5096238851547241 0.5076842308044434 0.9135438203811646 -1 -1 -1 -1 -1 -1 -1 -1 -1
0.49107375741004944 0.279241144657135 0.9264990091323853 -1 -1 -1 -1 -1 -1 -1 -1 -1
0.5080992579460144 0.5194434523582458 0.9185231924057007 -1 -1 -1 -1 -1 -1 -1 -1 -1
0.4888071119785309 0.2809728980064392 0.8601263165473938 -1 -1 -1 -1 -1 -1 -1 -1 -1
0.5157538056373596 0.5563144683837891 0.9466041326522827 -1 -1 -1 -1 -1 -1 -1 -1 -1
0.4922611117362976 0.26064532995224 0.9334442019462585 -1 -1 -1 -1 -1 -1 -1 -1 -1
1 
33 
-1 -1 -1 -1 -1 -1 -1 -1 -1 -1
0.5058942437171936 0.4530818462371826 0.9500114917755127 -1 -1 -1 -1 -1 -1 -1 -1 -1
0.5035971403121948 0.45170077681541443 0.9582372307777405 -1 -1 -1 -1 -1 -1 -1 -1 -1
0.5037319660186768 0.4512518048286438 0.9468211531639099 -1 -1 -1 -1 -1 -1 -1 -1 -1
0.5038729906082153 0.4507252871990204 0.9605482220649719 -1 -1 -1 -1 -1 -1 -1 -1 -1
0.5034355521202087 0.45226091146469116 0.9528525471687317 -1 -1 -1 -1 -1 -1 -1 -1 -1
0.503180205821991 0.4521491229534149 0.9387308955192566 -1 -1 -1 -1 -1 -1 -1 -1 -1
0.5029017925262451 0.45205992460250854 0.9556478261947632 -1 -1 -1 -1 -1 -1 -1 -1 -1
0.5044708847999573 0.44480860233306885 0.9313778281211853 -1 -1 -1 -1 -1 -1 -1 -1 -1
0.5033835768699646 0.4464181363582611 0.9056137800216675 -1 -1 -1 -1 -1 -1 -1 -1 -1
0.5083171725273132 0.4491702914237976 0.9485504031181335 -1 -1 -1 -1 -1 -1 -1 -1 -1
0.5074386596679688 0.45014873147010803 0.947615921497345 -1 -1 -1 -1 -1 -1 -1 -1 -1
0.5103555917739868 0.43496280908584595 0.9908589720726013 -1 -1 -1 -1 -1 -1 -1 -1 -1
0.5084883570671082 0.43650221824645996 0.9936645030975342 -1 -1 -1 -1 -1 -1 -1 -1 -1
0.5164079070091248 0.47350335121154785 0.6962403655052185 -1 -1 -1 -1 -1 -1 -1 -1 -1
0.5167530179023743 0.49209532141685486 0.19028013944625854 -1 -1 -1 -1 -1 -1 -1 -1 -1
0.5224024057388306 0.5172381401062012 0.462265282869339 -1 -1 -1 -1 -1 -1 -1 -1 -1
0.5249236822128296 0.5645824670791626 0.38003063201904297 -1 -1 -1 -1 -1 -1 -1 -1 -1
0.5251672863960266 0.5244377851486206 0.3802569806575775 -1 -1 -1 -1 -1 -1 -1 -1 -1
0.5269752740859985 0.5769025087356567 0.36816924810409546 -1 -1 -1 -1 -1 -1 -1 -1 -1
0.5225603580474854 0.5254378914833069 0.3653683066368103 -1 -1 -1 -1 -1 -1 -1 -1 -1
0.5290670990943909 0.5789863467216492 0.36464884877204895 -1 -1 -1 -1 -1 -1 -1 -1 -1
0.5212237238883972 0.5236485600471497 0.3351937234401703 -1 -1 -1 -1 -1 -1 -1 -1 -1
0.5288476943969727 0.575569212436676 0.34962037205696106 -1 -1 -1 -1 -1 -1 -1 -1 -1
0.5119036436080933 0.2988448143005371 0.9995854496955872 -1 -1 -1 -1 -1 -1 -1 -1 -1
0.5111695528030396 0.3085916042327881 0.999800980091095 -1 -1 -1 -1 -1 -1 -1 -1 -1
0.4943159520626068 0.27606794238090515 0.7949085831642151 -1 -1 -1 -1 -1 -1 -1 -1 -1
0.506507396697998 0.34291064739227295 0.5068454146385193 -1 -1 -1 -1 -1 -1 -1 -1 -1
0.49724429845809937 0.40239259600639343 0.5489134788513184 -1 -1 -1 -1 -1 -1 -1 -1 -1
0.5040754079818726 0.33374208211898804 0.719318151473999 -1 -1 -1 -1 -1 -1 -1 -1 -1
0.4988378584384918 0.42240941524505615 0.5674639344215393 -1 -1 -1 -1 -1 -1 -1 -1 -1
0.5039451718330383 0.33500906825065613 0.7386118173599243 -1 -1 -1 -1 -1 -1 -1 -1 -1
0.4966586232185364 0.44038262963294983 0.5622204542160034 -1 -1 -1 -1 -1 -1 -1 -1 -1
0.5060482621192932 0.33609524369239807 0.673464298248291 -1 -1 -1 -1 -1 -1 -1 -1 -1
1 
33 
-1 -1 -1 -1 -1 -1 -1 -1 -1 -1
0.5243114233016968 0.5268450975418091 0.883912980556488 -1 -1 -1 -1 -1 -1 -1 -1 -1
0.5250358581542969 0.5290104746818542 0.8710679411888123 -1 -1 -1 -1 -1 -1 -1 -1 -1
0.5256018042564392 0.5290201902389526 0.881320595741272 -1 -1 -1 -1 -1 -1 -1 -1 -1
0.5261716842651367 0.5289214253425598 0.8833814859390259 -1 -1 -1 -1 -1 -1 -1 -1 -1
0.5226508378982544 0.5271477103233337 0.8424739837646484 -1 -1 -1 -1 -1 -1 -1 -1 -1
0.5216255187988281 0.5258108973503113 0.827004611492157 -1 -1 -1 -1 -1 -1 -1 -1 -1
0.5205901861190796 0.5245120525360107 0.8275063633918762 -1 -1 -1 -1 -1 -1 -1 -1 -1
0.526156485080719 0.5191279053688049 0.8642349243164062 -1 -1 -1 -1 -1 -1 -1 -1 -1
0.5179120302200317 0.5121279954910278 0.7384965419769287 -1 -1 -1 -1 -1 -1 -1 -1 -1
0.5250146985054016 0.5201624035835266 0.9083956480026245 -1 -1 -1 -1 -1 -1 -1 -1 -1
0.522296130657196 0.5180963277816772 0.8659664392471313 -1 -1 -1 -1 -1 -1 -1 -1 -1
0.5256413221359253 0.4939384162425995 0.9894919395446777 -1 -1 -1 -1 -1 -1 -1 -1 -1
0.5107267498970032 0.4861759543418884 0.9933479428291321 -1 -1 -1 -1 -1 -1 -1 -1 -1
0.533034086227417 0.5138891339302063 0.7195297479629517 -1 -1 -1 -1 -1 -1 -1 -1 -1
0.5111904740333557 0.5280665159225464 0.5171180367469788 -1 -1 -1 -1 -1 -1 -1 -1 -1
0.5294707417488098 0.5572179555892944 0.7386159896850586 -1 -1 -1 -1 -1 -1 -1 -1 -1
0.5062827467918396 0.5937681198120117 0.6674734950065613 -1 -1 -1 -1 -1 -1 -1 -1 -1
0.5306894183158875 0.5654410719871521 0.7034857273101807 -1 -1 -1 -1 -1 -1 -1 -1 -1
0.5040165781974792 0.6054166555404663 0.6475948095321655 -1 -1 -1 -1 -1 -1 -1 -1 -1
0.5272532105445862 0.5685340166091919 0.7106629610061646 -1 -1 -1 -1 -1 -1 -1 -1 -1
0.5081025958061218 0.6088608503341675 0.6333615779876709 -1 -1 -1 -1 -1 -1 -1 -1 -1
0.5262216329574585 0.5653469562530518 0.646552324295044 -1 -1 -1 -1 -1 -1 -1 -1 -1
0.5099799036979675 0.6057307720184326 0.5853539705276489 -1 -1 -1 -1 -1 -1 -1 -1 -1
0.5254403352737427 0.36698222160339355 0.9994969367980957 -1 -1 -1 -1 -1 -1 -1 -1 -1
0.5185127258300781 0.366454541683197 0.9998072981834412 -1 -1 -1 -1 -1 -1 -1 -1 -1
0.5074415802955627 0.3543413281440735 0.6724421381950378 -1 -1 -1 -1 -1 -1 -1 -1 -1
0.5102959275245667 0.3020647168159485 0.7311065196990967 -1 -1 -1 -1 -1 -1 -1 -1 -1
0.5120387673377991 0.4337562024593353 0.6427760124206543 -1 -1 -1 -1 -1 -1 -1 -1 -1
0.5070927143096924 0.23207738995552063 0.9246287941932678 -1 -1 -1 -1 -1 -1 -1 -1 -1
0.512794017791748 0.4462556540966034 0.8076167106628418 -1 -1 -1 -1 -1 -1 -1 -1 -1
0.5047182440757751 0.22189123928546906 0.9401589632034302 -1 -1 -1 -1 -1 -1 -1 -1 -1
0.515286922454834 0.4526658058166504 0.7414442300796509 -1 -1 -1 -1 -1 -1 -1 -1 -1
0.5199452042579651 0.20624925196170807 0.8931134343147278 -1 -1 -1 -1 -1 -1 -1 -1 -1
1 
33 
-1 -1 -1 -1 -1 -1 -1 -1 -1 -1
0.5356945395469666 0.5532959699630737 0.9910634756088257 -1 -1 -1 -1 -1 -1 -1 -1 -1
0.538305938243866 0.554275631904602 0.9918761253356934 -1 -1 -1 -1 -1 -1 -1 -1 -1
0.5401442050933838 0.5534784197807312 0.9910094738006592 -1 -1 -1 -1 -1 -1 -1 -1 -1
0.541979968547821 0.5525898933410645 0.9921165108680725 -1 -1 -1 -1 -1 -1 -1 -1 -1
0.5323740839958191 0.5541870594024658 0.9902938604354858 -1 -1 -1 -1 -1 -1 -1 -1 -1
0.5301613807678223 0.5533224940299988 0.9896852970123291 -1 -1 -1 -1 -1 -1 -1 -1 -1
0.5279476642608643 0.5524752140045166 0.990369975566864 -1 -1 -1 -1 -1 -1 -1 -1 -1
0.5442156195640564 0.5377606153488159 0.9882240295410156 -1 -1 -1 -1 -1 -1 -1 -1 -1
0.522683322429657 0.5367559194564819 0.9826878905296326 -1 -1 -1 -1 -1 -1 -1 -1 -1
0.5380610823631287 0.5446442365646362 0.9892832040786743 -1 -1 -1 -1 -1 -1 -1 -1 -1
0.531552791595459 0.5446991324424744 0.9896714687347412 -1 -1 -1 -1 -1 -1 -1 -1 -1
0.5491586327552795 0.5089007616043091 0.9966022968292236 -1 -1 -1 -1 -1 -1 -1 -1 -1
0.5066804885864258 0.5035578608512878 0.9970517158508301 -1 -1 -1 -1 -1 -1 -1 -1 -1
0.5640632510185242 0.5508339405059814 0.6209851503372192 -1 -1 -1 -1 -1 -1 -1 -1 -1
0.5090999603271484 0.5520339608192444 0.694955587387085 -1 -1 -1 -1 -1 -1 -1 -1 -1
0.5686808228492737 0.6114345788955688 0.6665727496147156 -1 -1 -1 -1 -1 -1 -1 -1 -1
0.5042642951011658 0.629923939704895 0.6560712456703186 -1 -1 -1 -1 -1 -1 -1 -1 -1
0.5747584104537964 0.618523895740509 0.6428799033164978 -1 -1 -1 -1 -1 -1 -1 -1 -1
0.5017445087432861 0.6441492438316345 0.6034913063049316 -1 -1 -1 -1 -1 -1 -1 -1 -1
0.5683292150497437 0.6222084164619446 0.6465109586715698 -1 -1 -1 -1 -1 -1 -1 -1 -1
0.5076736211776733 0.6472097635269165 0.5905580520629883 -1 -1 -1 -1 -1 -1 -1 -1 -1
0.5644754767417908 0.6199740171432495 0.5653321146965027 -1 -1 -1 -1 -1 -1 -1 -1 -1
0.5098713040351868 0.6435056328773499 0.5410479307174683 -1 -1 -1 -1 -1 -1 -1 -1 -1
0.5432719588279724 0.3627309203147888 0.9998823404312134 -1 -1 -1 -1 -1 -1 -1 -1 -1
0.5168813467025757 0.3712354600429535 0.9998749494552612 -1 -1 -1 -1 -1 -1 -1 -1 -1
0.547819197177887 0.37076833844184875 0.7362241744995117 -1 -1 -1 -1 -1 -1 -1 -1 -1
0.4967835545539856 0.38553422689437866 0.5042856335639954 -1 -1 -1 -1 -1 -1 -1 -1 -1
0.5090276598930359 0.47594135999679565 0.5000779628753662 -1 -1 -1 -1 -1 -1 -1 -1 -1
0.4946272075176239 0.41364413499832153 0.7464619874954224 -1 -1 -1 -1 -1 -1 -1 -1 -1
0.5025598406791687 0.4962671399116516 0.562153697013855 -1 -1 -1 -1 -1 -1 -1 -1 -1
0.49705109000205994 0.4176676869392395 0.702980101108551 -1 -1 -1 -1 -1 -1 -1 -1 -1
0.5030308961868286 0.48838910460472107 0.4912577271461487 -1 -1 -1 -1 -1 -1 -1 -1 -1
0.4993167221546173 0.41377606987953186 0.6140823364257812 -1 -1 -1 -1 -1 -1 -1 -1 -1
1 
33 
-1 -1 -1 -1 -1 -1 -1 -1 -1 -1
0.5374025702476501 0.5811653733253479 0.9391027092933655 -1 -1 -1 -1 -1 -1 -1 -1 -1
0.5411583781242371 0.5800386071205139 0.8839373588562012 -1 -1 -1 -1 -1 -1 -1 -1 -1
0.5431409478187561 0.5792622566223145 0.8781872391700745 -1 -1 -1 -1 -1 -1 -1 -1 -1
0.5451351404190063 0.5783896446228027 0.8766952753067017 -1 -1 -1 -1 -1 -1 -1 -1 -1
0.5350629687309265 0.5803612470626831 0.8731014728546143 -1 -1 -1 -1 -1 -1 -1 -1 -1
0.5329127311706543 0.5797718167304993 0.871903657913208 -1 -1 -1 -1 -1 -1 -1 -1 -1
0.5307628512382507 0.5791871547698975 0.8901481032371521 -1 -1 -1 -1 -1 -1 -1 -1 -1
0.5476890802383423 0.5670833587646484 0.7977306842803955 -1 -1 -1 -1 -1 -1 -1 -1 -1
0.5269832611083984 0.5676919221878052 0.8234208226203918 -1 -1 -1 -1 -1 -1 -1 -1 -1
0.5390196442604065 0.574996829032898 0.8766694664955139 -1 -1 -1 -1 -1 -1 -1 -1 -1
0.5326254367828369 0.5756322145462036 0.9060105681419373 -1 -1 -1 -1 -1 -1 -1 -1 -1
0.556559681892395 0.5478678345680237 0.99383944272995 -1 -1 -1 -1 -1 -1 -1 -1 -1
0.5119326114654541 0.545414924621582 0.9980897307395935 -1 -1 -1 -1 -1 -1 -1 -1 -1
0.5823342800140381 0.5653566718101501 0.6014249920845032 -1 -1 -1 -1 -1 -1 -1 -1 -1
0.5154281854629517 0.5779411196708679 0.9270896911621094 -1 -1 -1 -1 -1 -1 -1 -1 -1
0.5799115896224976 0.6207824945449829 0.8826618194580078 -1 -1 -1 -1 -1 -1 -1 -1 -1
0.5153178572654724 0.6386128067970276 0.9440922737121582 -1 -1 -1 -1 -1 -1 -1 -1 -1
0.5849741101264954 0.6329483985900879 0.8846824169158936 -1 -1 -1 -1 -1 -1 -1 -1 -1
0.5137558579444885 0.6533721685409546 0.9307677745819092 -1 -1 -1 -1 -1 -1 -1 -1 -1
0.5758785605430603 0.6386491656303406 0.8950191140174866 -1 -1 -1 -1 -1 -1 -1 -1 -1
0.518151581287384 0.6562349796295166 0.9300780296325684 -1 -1 -1 -1 -1 -1 -1 -1 -1
0.5722996592521667 0.6343429088592529 0.8589552640914917 -1 -1 -1 -1 -1 -1 -1 -1 -1
0.51987624168396 0.6516549587249756 0.897940993309021 -1 -1 -1 -1 -1 -1 -1 -1 -1
0.5408031344413757 0.40131714940071106 0.9997895359992981 -1 -1 -1 -1 -1 -1 -1 -1 -1
0.5126994252204895 0.4038698673248291 0.9998372793197632 -1 -1 -1 -1 -1 -1 -1 -1 -1
0.5275061726570129 0.3150082230567932 0.8115224242210388 -1 -1 -1 -1 -1 -1 -1 -1 -1
0.4966806471347809 0.3410440683364868 0.8522721529006958 -1 -1 -1 -1 -1 -1 -1 -1 -1
0.5156733393669128 0.22844000160694122 0.9525322914123535 -1 -1 -1 -1 -1 -1 -1 -1 -1
0.5029467940330505 0.24667708575725555 0.972831130027771 -1 -1 -1 -1 -1 -1 -1 -1 -1
0.5119006037712097 0.23175853490829468 0.9831962585449219 -1 -1 -1 -1 -1 -1 -1 -1 -1
0.5040416121482849 0.24441686272621155 0.9678203463554382 -1 -1 -1 -1 -1 -1 -1 -1 -1
0.5083627700805664 0.1480068862438202 0.9320548176765442 -1 -1 -1 -1 -1 -1 -1 -1 -1
0.5110442042350769 0.17906735837459564 0.9397578835487366 -1 -1 -1 -1 -1 -1 -1 -1 -1
1 
33 
-1 -1 -1 -1 -1 -1 -1 -1 -1 -1
0.5868681073188782 0.6141277551651001 0.9998087286949158 -1 -1 -1 -1 -1 -1 -1 -1 -1
0.5907914042472839 0.6103999614715576 0.9999053478240967 -1 -1 -1 -1 -1 -1 -1 -1 -1
0.5925206542015076 0.6101181507110596 0.999849796295166 -1 -1 -1 -1 -1 -1 -1 -1 -1
0.5942708253860474 0.6097401976585388 0.999887228012085 -1 -1 -1 -1 -1 -1 -1 -1 -1
0.5857580304145813 0.6096820831298828 0.9998345375061035 -1 -1 -1 -1 -1 -1 -1 -1 -1
0.58394855260849 0.6089639663696289 0.9997101426124573 -1 -1 -1 -1 -1 -1 -1 -1 -1
0.582108199596405 0.6082423329353333 0.9998041987419128 -1 -1 -1 -1 -1 -1 -1 -1 -1
0.5967446565628052 0.5978045463562012 0.9998024106025696 -1 -1 -1 -1 -1 -1 -1 -1 -1
0.5780785083770752 0.5960841774940491 0.9997923970222473 -1 -1 -1 -1 -1 -1 -1 -1 -1
0.5876675248146057 0.6092637777328491 0.9998520612716675 -1 -1 -1 -1 -1 -1 -1 -1 -1
0.5821648836135864 0.6081480979919434 0.9997760653495789 -1 -1 -1 -1 -1 -1 -1 -1 -1
0.6047433614730835 0.5768965482711792 0.9993429780006409 -1 -1 -1 -1 -1 -1 -1 -1 -1
0.5548338294029236 0.5630331635475159 0.9997548460960388 -1 -1 -1 -1 -1 -1 -1 -1 -1
0.6105435490608215 0.6228081583976746 0.7916056513786316 -1 -1 -1 -1 -1 -1 -1 -1 -1
0.5387701988220215 0.6108394861221313 0.6380741596221924 -1 -1 -1 -1 -1 -1 -1 -1 -1
0.6078975200653076 0.6655746698379517 0.7198229432106018 -1 -1 -1 -1 -1 -1 -1 -1 -1
0.5489943623542786 0.6500797271728516 0.6317221522331238 -1 -1 -1 -1 -1 -1 -1 -1 -1
0.611243486404419 0.6747140288352966 0.7148860096931458 -1 -1 -1 -1 -1 -1 -1 -1 -1
0.5480418801307678 0.6619671583175659 0.6487561464309692 -1 -1 -1 -1 -1 -1 -1 -1 -1
0.6060705780982971 0.6717374324798584 0.7284534573554993 -1 -1 -1 -1 -1 -1 -1 -1 -1
0.5542289018630981 0.6574760675430298 0.6259754300117493 -1 -1 -1 -1 -1 -1 -1 -1 -1
0.6032117009162903 0.6678284406661987 0.6746405363082886 -1 -1 -1 -1 -1 -1 -1 -1 -1
0.5697977542877197 0.6670779585838318 0.5472055673599243 -1 -1 -1 -1 -1 -1 -1 -1 -1
0.5857679843902588 0.4767383337020874 0.999721348285675 -1 -1 -1 -1 -1 -1 -1 -1 -1
0.5613573789596558 0.44791924953460693 0.999972939491272 -1 -1 -1 -1 -1 -1 -1 -1 -1
0.5694603323936462 0.5750678777694702 0.17432540655136108 -1 -1 -1 -1 -1 -1 -1 -1 -1
0.5141982436180115 0.3686790466308594 0.9894174933433533 -1 -1 -1 -1 -1 -1 -1 -1 -1
0.5549412965774536 0.5859991312026978 0.4431104362010956 -1 -1 -1 -1 -1 -1 -1 -1 -1
0.5062792897224426 0.2746393084526062 0.9931387305259705 -1 -1 -1 -1 -1 -1 -1 -1 -1
0.5544675588607788 0.5790390372276306 0.4231596291065216 -1 -1 -1 -1 -1 -1 -1 -1 -1
0.5088741779327393 0.26195353269577026 0.9830827713012695 -1 -1 -1 -1 -1 -1 -1 -1 -1
0.5471034049987793 0.6077858209609985 0.6102882027626038 -1 -1 -1 -1 -1 -1 -1 -1 -1
0.5020981431007385 0.24592366814613342 0.9829190969467163 -1 -1 -1 -1 -1 -1 -1 -1 -1
1 
