12
1 
33 
-1 -1 -1 -1 -1 -1 -1 -1 -1 -1
0.555542528629303 0.348909854888916 0.9945883750915527 -1 -1 -1 -1 -1 -1 -1 -1 -1
0.5578747987747192 0.3414493203163147 0.9959421753883362 -1 -1 -1 -1 -1 -1 -1 -1 -1
0.5592767000198364 0.3394177556037903 0.994419276714325 -1 -1 -1 -1 -1 -1 -1 -1 -1
0.56071537733078 0.33744916319847107 0.9945640563964844 -1 -1 -1 -1 -1 -1 -1 -1 -1
0.5546867251396179 0.3476797938346863 0.9976842403411865 -1 -1 -1 -1 -1 -1 -1 -1 -1
0.553704023361206 0.350124329328537 0.996543824672699 -1 -1 -1 -1 -1 -1 -1 -1 -1
0.5527563095092773 0.35255101323127747 0.9973684549331665 -1 -1 -1 -1 -1 -1 -1 -1 -1
0.5646229982376099 0.34092020988464355 0.9947422742843628 -1 -1 -1 -1 -1 -1 -1 -1 -1
0.5533899664878845 0.3613092601299286 0.9986572265625 -1 -1 -1 -1 -1 -1 -1 -1 -1
0.5586501955986023 0.35321664810180664 0.9896711707115173 -1 -1 -1 -1 -1 -1 -1 -1 -1
0.5544348955154419 0.3601374924182892 0.9964839220046997 -1 -1 -1 -1 -1 -1 -1 -1 -1
0.5672683715820312 0.34417515993118286 0.9998929500579834 -1 -1 -1 -1 -1 -1 -1 -1 -1
0.5502193570137024 0.40947648882865906 0.9996433258056641 -1 -1 -1 -1 -1 -1 -1 -1 -1
0.5617656111717224 0.30509424209594727 0.18089209496974945 -1 -1 -1 -1 -1 -1 -1 -1 -1
0.5398752689361572 0.46661314368247986 0.028294192627072334 -1 -1 -1 -1 -1 -1 -1 -1 -1
0.5594053864479065 0.2375992238521576 0.08679792284965515 -1 -1 -1 -1 -1 -1 -1 -1 -1
0.5376363396644592 0.49461981654167175 0.03928843513131142 -1 -1 -1 -1 -1 -1 -1 -1 -1
0.5530819892883301 0.22804147005081177 0.14642636477947235 -1 -1 -1 -1 -1 -1 -1 -1 -1
0.539445161819458 0.5032289028167725 0.05202532187104225 -1 -1 -1 -1 -1 -1 -1 -1 -1
0.5537332892417908 0.2325163036584854 0.12280548363924026 -1 -1 -1 -1 -1 -1 -1 -1 -1
0.5388002991676331 0.4986669719219208 0.049163252115249634 -1 -1 -1 -1 -1 -1 -1 -1 -1
0.5534536242485046 0.24224048852920532 0.12868571281433105 -1 -1 -1 -1 -1 -1 -1 -1 -1
0.538358747959137 0.4937494695186615 0.056374289095401764 -1 -1 -1 -1 -1 -1 -1 -1 -1
0.5772728323936462 0.4169052839279175 0.9999980926513672 -1 -1 -1 -1 -1 -1 -1 -1 -1
0.5714558959007263 0.45345064997673035 0.9999951124191284 -1 -1 -1 -1 -1 -1 -1 -1 -1
0.5452378392219543 0.42003148794174194 0.9949021339416504 -1 -1 -1 -1 -1 -1 -1 -1 -1
0.5360174775123596 0.5008445978164673 0.927585244178772 -1 -1 -1 -1 -1 -1 -1 -1 -1
0.5204977989196777 0.4794332683086395 0.9863545298576355 -1 -1 -1 -1 -1 -1 -1 -1 -1
0.5349921584129333 0.56360924243927 0.9148157835006714 -1 -1 -1 -1 -1 -1 -1 -1 -1
0.5200002789497375 0.49526599049568176 0.9739567041397095 -1 -1 -1 -1 -1 -1 -1 -1 -1
0.5407679677009583 0.57452392578125 0.9143824577331543 -1 -1 -1 -1 -1 -1 -1 -1 -1
0.5025715231895447 0.4820776879787445 0.9863271713256836 -1 -1 -1 -1 -1 -1 -1 -1 -1
0.5162461400032043 0.5813243985176086 0.9363476037979126 -1 -1 -1 -1 -1 -1 -1 -1 -1
1 
33 
-1 -1 -1 -1 -1 -1 -1 -1 -1 -1
0.5268036127090454 0.512073278427124 0.4677014946937561 -1 -1 -1 -1 -1 -1 -1 -1 -1
0.5236691832542419 0.5078533291816711 0.30575254559516907 -1 -1 -1 -1 -1 -1 -1 -1 -1
0.5232704281806946 0.5071136355400085 0.33395078778266907 -1 -1 -1 -1 -1 -1 -1 -1 -1
0.5228874087333679 0.5064029693603516 0.31166091561317444 -1 -1 -1 -1 -1 -1 -1 -1 -1
0.5246744155883789 0.507996678352356 0.3246892988681793 -1 -1 -1 -1 -1 -1 -1 -1 -1
0.5249432921409607 0.5075358152389526 0.35539594292640686 -1 -1 -1 -1 -1 -1 -1 -1 -1
0.5252099633216858 0.5070009231567383 0.3634999990463257 -1 -1 -1 -1 -1 -1 -1 -1 -1
0.5228975415229797 0.5009720921516418 0.37662309408187866 -1 -1 -1 -1 -1 -1 -1 -1 -1
0.5259661674499512 0.5014604330062866 0.5099692940711975 -1 -1 -1 -1 -1 -1 -1 -1 -1
0.5286420583724976 0.5110807418823242 0.5378992557525635 -1 -1 -1 -1 -1 -1 -1 -1 -1
0.5294912457466125 0.5115959644317627 0.5890979170799255 -1 -1 -1 -1 -1 -1 -1 -1 -1
0.5264137387275696 0.5108570456504822 0.99951171875 -1 -1 -1 -1 -1 -1 -1 -1 -1
0.539082944393158 0.49326327443122864 0.9978598952293396 -1 -1 -1 -1 -1 -1 -1 -1 -1
0.5530167818069458 0.5430607199668884 0.09821217507123947 -1 -1 -1 -1 -1 -1 -1 -1 -1
0.5672938227653503 0.5127002000808716 0.005889169871807098 -1 -1 -1 -1 -1 -1 -1 -1 -1
0.5700395703315735 0.5661671161651611 0.04710985720157623 -1 -1 -1 -1 -1 -1 -1 -1 -1
0.5861436128616333 0.5365198254585266 0.017093678936362267 -1 -1 -1 -1 -1 -1 -1 -1 -1
0.5757939219474792 0.5728965997695923 0.08249159902334213 -1 -1 -1 -1 -1 -1 -1 -1 -1
0.5913878679275513 0.5414742231369019 0.024238795042037964 -1 -1 -1 -1 -1 -1 -1 -1 -1
0.5750128626823425 0.5742756724357605 0.07667412608861923 -1 -1 -1 -1 -1 -1 -1 -1 -1
0.5914781093597412 0.5435212850570679 0.022253848612308502 -1 -1 -1 -1 -1 -1 -1 -1 -1
0.5735111832618713 0.5712040662765503 0.07180114835500717 -1 -1 -1 -1 -1 -1 -1 -1 -1
0.5891746878623962 0.5418217182159424 0.023143259808421135 -1 -1 -1 -1 -1 -1 -1 -1 -1
0.5742126703262329 0.48923519253730774 0.9988841414451599 -1 -1 -1 -1 -1 -1 -1 -1 -1
0.5813164114952087 0.47998932003974915 0.9989426732063293 -1 -1 -1 -1 -1 -1 -1 -1 -1
0.5576353669166565 0.5686198472976685 0.8349642157554626 -1 -1 -1 -1 -1 -1 -1 -1 -1
0.5679948329925537 0.5587847828865051 0.09473872184753418 -1 -1 -1 -1 -1 -1 -1 -1 -1
0.5619398951530457 0.6382297277450562 0.7712390422821045 -1 -1 -1 -1 -1 -1 -1 -1 -1
0.562936544418335 0.6345174312591553 0.12460645288228989 -1 -1 -1 -1 -1 -1 -1 -1 -1
0.5701051354408264 0.6458435654640198 0.7109494209289551 -1 -1 -1 -1 -1 -1 -1 -1 -1
0.5722384452819824 0.6411006450653076 0.2452440708875656 -1 -1 -1 -1 -1 -1 -1 -1 -1
0.5553693771362305 0.6582176089286804 0.6856136918067932 -1 -1 -1 -1 -1 -1 -1 -1 -1
0.5593680739402771 0.6531233787536621 0.17441509664058685 -1 -1 -1 -1 -1 -1 -1 -1 -1
1 
33 
-1 -1 -1 -1 -1 -1 -1 -1 -1 -1
0.526695966720581 0.44163626432418823 1.0 -1 -1 -1 -1 -1 -1 -1 -1 -1
0.5259753465652466 0.4404313266277313 1.0 -1 -1 -1 -1 -1 -1 -1 -1 -1
0.526034414768219 0.43956026434898376 1.0 -1 -1 -1 -1 -1 -1 -1 -1 -1
0.5264391303062439 0.43762969970703125 1.0 -1 -1 -1 -1 -1 -1 -1 -1 -1
0.5243442058563232 0.4430570900440216 1.0 -1 -1 -1 -1 -1 -1 -1 -1 -1
0.523638129234314 0.44432583451271057 1.0 -1 -1 -1 -1 -1 -1 -1 -1 -1
0.5220657587051392 0.4511536657810211 1.0 -1 -1 -1 -1 -1 -1 -1 -1 -1
0.5268427729606628 0.4367772340774536 1.0 -1 -1 -1 -1 -1 -1 -1 -1 -1
0.5215056538581848 0.4531092941761017 1.0 -1 -1 -1 -1 -1 -1 -1 -1 -1
0.5296021699905396 0.4395573139190674 1.0 -1 -1 -1 -1 -1 -1 -1 -1 -1
0.526237964630127 0.4467141330242157 1.0 -1 -1 -1 -1 -1 -1 -1 -1 -1
0.5304960608482361 0.4436204433441162 1.0 -1 -1 -1 -1 -1 -1 -1 -1 -1
0.5318807363510132 0.4552488625049591 1.0 -1 -1 -1 -1 -1 -1 -1 -1 -1
0.5413079857826233 0.45778053998947144 0.9928562641143799 -1 -1 -1 -1 -1 -1 -1 -1 -1
0.547173798084259 0.4863779842853546 0.9991833567619324 -1 -1 -1 -1 -1 -1 -1 -1 -1
0.5399069786071777 0.4484231173992157 0.8523243069648743 -1 -1 -1 -1 -1 -1 -1 -1 -1
0.5454932451248169 0.48812055587768555 0.15621936321258545 -1 -1 -1 -1 -1 -1 -1 -1 -1
0.5428558588027954 0.44698989391326904 0.8677752614021301 -1 -1 -1 -1 -1 -1 -1 -1 -1
0.5494449138641357 0.4933404326438904 0.03342936187982559 -1 -1 -1 -1 -1 -1 -1 -1 -1
0.5449463725090027 0.44314345717430115 0.8710358142852783 -1 -1 -1 -1 -1 -1 -1 -1 -1
0.5474691390991211 0.4840756356716156 0.119227834045887 -1 -1 -1 -1 -1 -1 -1 -1 -1
0.5431803464889526 0.4458518624305725 0.8456622362136841 -1 -1 -1 -1 -1 -1 -1 -1 -1
0.5452489256858826 0.48367899656295776 0.3333367109298706 -1 -1 -1 -1 -1 -1 -1 -1 -1
0.5515852570533752 0.4601249098777771 0.9977174997329712 -1 -1 -1 -1 -1 -1 -1 -1 -1
0.5491517782211304 0.47391581535339355 0.9791943430900574 -1 -1 -1 -1 -1 -1 -1 -1 -1
0.5673397779464722 0.4748486876487732 0.4853534400463104 -1 -1 -1 -1 -1 -1 -1 -1 -1
0.5675362348556519 0.4868658483028412 0.6028449535369873 -1 -1 -1 -1 -1 -1 -1 -1 -1
0.5729387998580933 0.49098941683769226 0.6151312589645386 -1 -1 -1 -1 -1 -1 -1 -1 -1
0.5821003317832947 0.5129129886627197 0.19463759660720825 -1 -1 -1 -1 -1 -1 -1 -1 -1
0.5746820569038391 0.48998555541038513 0.5385637283325195 -1 -1 -1 -1 -1 -1 -1 -1 -1
0.583692729473114 0.5235393643379211 0.707651674747467 -1 -1 -1 -1 -1 -1 -1 -1 -1
0.5751816034317017 0.48978808522224426 0.6513545513153076 -1 -1 -1 -1 -1 -1 -1 -1 -1
0.5860248804092407 0.507037878036499 0.18440216779708862 -1 -1 -1 -1 -1 -1 -1 -1 -1
1 
33 
-1 -1 -1 -1 -1 -1 -1 -1 -1 -1
0.5208711624145508 0.40687280893325806 0.9941731095314026 -1 -1 -1 -1 -1 -1 -1 -1 -1
0.5185995101928711 0.4042441248893738 0.9960101842880249 -1 -1 -1 -1 -1 -1 -1 -1 -1
0.5178732872009277 0.4049426317214966 0.9956144094467163 -1 -1 -1 -1 -1 -1 -1 -1 -1
0.5171650052070618 0.4056403338909149 0.9960202574729919 -1 -1 -1 -1 -1 -1 -1 -1 -1
0.520939826965332 0.4019366502761841 0.9945006370544434 -1 -1 -1 -1 -1 -1 -1 -1 -1
0.5217339992523193 0.4010951519012451 0.9935334920883179 -1 -1 -1 -1 -1 -1 -1 -1 -1
0.5225445628166199 0.40024715662002563 0.9917744994163513 -1 -1 -1 -1 -1 -1 -1 -1 -1
0.5172635912895203 0.40784597396850586 0.9985120892524719 -1 -1 -1 -1 -1 -1 -1 -1 -1
0.5248774290084839 0.4001266062259674 0.9936864972114563 -1 -1 -1 -1 -1 -1 -1 -1 -1
0.5210596323013306 0.41093680262565613 0.9949662089347839 -1 -1 -1 -1 -1 -1 -1 -1 -1
0.5232535004615784 0.40872836112976074 0.9943126440048218 -1 -1 -1 -1 -1 -1 -1 -1 -1
0.5215226411819458 0.4255395531654358 0.9999762773513794 -1 -1 -1 -1 -1 -1 -1 -1 -1
0.5421105623245239 0.4089065492153168 0.9993715882301331 -1 -1 -1 -1 -1 -1 -1 -1 -1
0.5284810066223145 0.4591901898384094 0.8241013288497925 -1 -1 -1 -1 -1 -1 -1 -1 -1
0.5533691048622131 0.43063947558403015 0.2504919767379761 -1 -1 -1 -1 -1 -1 -1 -1 -1
0.5270785093307495 0.47879260778427124 0.6876115202903748 -1 -1 -1 -1 -1 -1 -1 -1 -1
0.5664626955986023 0.442340224981308 0.3422265946865082 -1 -1 -1 -1 -1 -1 -1 -1 -1
0.5254698395729065 0.4851766526699066 0.6082359552383423 -1 -1 -1 -1 -1 -1 -1 -1 -1
0.5710349678993225 0.4446520209312439 0.3466995060443878 -1 -1 -1 -1 -1 -1 -1 -1 -1
0.5255424380302429 0.4815477728843689 0.5919235348701477 -1 -1 -1 -1 -1 -1 -1 -1 -1
0.5693253874778748 0.44303539395332336 0.3033720850944519 -1 -1 -1 -1 -1 -1 -1 -1 -1
0.5268000364303589 0.4790038466453552 0.5022464990615845 -1 -1 -1 -1 -1 -1 -1 -1 -1
0.5665820837020874 0.44340625405311584 0.2678692042827606 -1 -1 -1 -1 -1 -1 -1 -1 -1
0.5438864827156067 0.4745652973651886 0.9997206330299377 -1 -1 -1 -1 -1 -1 -1 -1 -1
0.5572517514228821 0.46973341703414917 0.9989904761314392 -1 -1 -1 -1 -1 -1 -1 -1 -1
0.5452377200126648 0.5202353596687317 0.9695560932159424 -1 -1 -1 -1 -1 -1 -1 -1 -1
0.5657318830490112 0.5193148255348206 0.4673622250556946 -1 -1 -1 -1 -1 -1 -1 -1 -1
0.5498361587524414 0.5769242644309998 0.8948549032211304 -1 -1 -1 -1 -1 -1 -1 -1 -1
0.5658993124961853 0.5831930637359619 0.6450334787368774 -1 -1 -1 -1 -1 -1 -1 -1 -1
0.5535879135131836 0.584557831287384 0.850920557975769 -1 -1 -1 -1 -1 -1 -1 -1 -1
0.5680176615715027 0.5947996973991394 0.8009184002876282 -1 -1 -1 -1 -1 -1 -1 -1 -1
0.5406719446182251 0.5917944312095642 0.6653763055801392 -1 -1 -1 -1 -1 -1 -1 -1 -1
0.5581966042518616 0.5941692590713501 0.3576897084712982 -1 -1 -1 -1 -1 -1 -1 -1 -1
1 
33 
-1 -1 -1 -1 -1 -1 -1 -1 -1 -1
0.5697405934333801 0.42230460047721863 0.9976387023925781 -1 -1 -1 -1 -1 -1 -1 -1 -1
0.5715252757072449 0.4208456575870514 0.9980851411819458 -1 -1 -1 -1 -1 -1 -1 -1 -1
0.5718507766723633 0.42125463485717773 0.997812032699585 -1 -1 -1 -1 -1 -1 -1 -1 -1
0.5721694231033325 0.4216732084751129 0.99843829870224 -1 -1 -1 -1 -1 -1 -1 -1 -1
0.5714367032051086 0.42036768794059753 0.997616171836853 -1 -1 -1 -1 -1 -1 -1 -1 -1
0.5715885162353516 0.4203029274940491 0.9967337846755981 -1 -1 -1 -1 -1 -1 -1 -1 -1
0.5717456340789795 0.42023175954818726 0.9974020719528198 -1 -1 -1 -1 -1 -1 -1 -1 -1
0.5741034150123596 0.42434966564178467 0.9985488057136536 -1 -1 -1 -1 -1 -1 -1 -1 -1
0.5735039710998535 0.4223591089248657 0.9977217316627502 -1 -1 -1 -1 -1 -1 -1 -1 -1
0.5698007345199585 0.4256035089492798 0.9987583160400391 -1 -1 -1 -1 -1 -1 -1 -1 -1
0.5695459842681885 0.4249846935272217 0.9980816841125488 -1 -1 -1 -1 -1 -1 -1 -1 -1
0.5734285712242126 0.43547922372817993 0.9999657869338989 -1 -1 -1 -1 -1 -1 -1 -1 -1
0.570928692817688 0.4360537827014923 0.9996492862701416 -1 -1 -1 -1 -1 -1 -1 -1 -1
0.5641865134239197 0.436942994594574 0.9663853049278259 -1 -1 -1 -1 -1 -1 -1 -1 -1
0.5601400136947632 0.44507575035095215 0.09253070503473282 -1 -1 -1 -1 -1 -1 -1 -1 -1
0.559222936630249 0.4268677234649658 0.8894152641296387 -1 -1 -1 -1 -1 -1 -1 -1 -1
0.5555565357208252 0.45645445585250854 0.09153861552476883 -1 -1 -1 -1 -1 -1 -1 -1 -1
0.5580255389213562 0.42515820264816284 0.8520384430885315 -1 -1 -1 -1 -1 -1 -1 -1 -1
0.5543175339698792 0.46085548400878906 0.10820164531469345 -1 -1 -1 -1 -1 -1 -1 -1 -1
0.5587891340255737 0.42349597811698914 0.8372024893760681 -1 -1 -1 -1 -1 -1 -1 -1 -1
0.5551162958145142 0.45930132269859314 0.10743764042854309 -1 -1 -1 -1 -1 -1 -1 -1 -1
0.5590831637382507 0.42465436458587646 0.8005772233009338 -1 -1 -1 -1 -1 -1 -1 -1 -1
0.5556405782699585 0.4576374292373657 0.1178688332438469 -1 -1 -1 -1 -1 -1 -1 -1 -1
0.5519477725028992 0.4736321270465851 0.9999043941497803 -1 -1 -1 -1 -1 -1 -1 -1 -1
0.550495445728302 0.4717744290828705 0.9997972846031189 -1 -1 -1 -1 -1 -1 -1 -1 -1
0.5353877544403076 0.48386961221694946 0.897326648235321 -1 -1 -1 -1 -1 -1 -1 -1 -1
0.5320818424224854 0.47498247027397156 0.41869303584098816 -1 -1 -1 -1 -1 -1 -1 -1 -1
0.5201563239097595 0.47220033407211304 0.790953516960144 -1 -1 -1 -1 -1 -1 -1 -1 -1
0.5234549641609192 0.4845680892467499 0.33658939599990845 -1 -1 -1 -1 -1 -1 -1 -1 -1
0.5178894400596619 0.47114256024360657 0.8505576848983765 -1 -1 -1 -1 -1 -1 -1 -1 -1
0.5231245160102844 0.48722249269485474 0.5063222646713257 -1 -1 -1 -1 -1 -1 -1 -1 -1
0.5181950330734253 0.46926334500312805 0.779224693775177 -1 -1 -1 -1 -1 -1 -1 -1 -1
0.518792450428009 0.48440030217170715 0.43565109372138977 -1 -1 -1 -1 -1 -1 -1 -1 -1
1 
33 
-1 -1 -1 -1 -1 -1 -1 -1 -1 -1
0.54893958568573 0.5059597492218018 0.9663468599319458 -1 -1 -1 -1 -1 -1 -1 -1 -1
0.5494580864906311 0.5117763876914978 0.9568625092506409 -1 -1 -1 -1 -1 -1 -1 -1 -1
0.5502638816833496 0.512376070022583 0.9525859355926514 -1 -1 -1 -1 -1 -1 -1 -1 -1
0.551052451133728 0.5129591822624207 0.9432814121246338 -1 -1 -1 -1 -1 -1 -1 -1 -1
0.547318160533905 0.5098004341125488 0.9757630825042725 -1 -1 -1 -1 -1 -1 -1 -1 -1
0.5466532707214355 0.5090705752372742 0.9663041234016418 -1 -1 -1 -1 -1 -1 -1 -1 -1
0.546007513999939 0.5083246231079102 0.9659621119499207 -1 -1 -1 -1 -1 -1 -1 -1 -1
0.5535386800765991 0.5103350877761841 0.9791984558105469 -1 -1 -1 -1 -1 -1 -1 -1 -1
0.5464041233062744 0.5036361217498779 0.9899817109107971 -1 -1 -1 -1 -1 -1 -1 -1 -1
0.5511857867240906 0.5020365715026855 0.9645797610282898 -1 -1 -1 -1 -1 -1 -1 -1 -1
0.5489802360534668 0.5000737905502319 0.9778793454170227 -1 -1 -1 -1 -1 -1 -1 -1 -1
0.5571308732032776 0.4866820275783539 0.9863163828849792 -1 -1 -1 -1 -1 -1 -1 -1 -1
0.5561797618865967 0.47723567485809326 0.9742512106895447 -1 -1 -1 -1 -1 -1 -1 -1 -1
0.5605007410049438 0.5122330188751221 0.6784956455230713 -1 -1 -1 -1 -1 -1 -1 -1 -1
0.5575384497642517 0.45956286787986755 0.10857140272855759 -1 -1 -1 -1 -1 -1 -1 -1 -1
0.5547751188278198 0.5402605533599854 0.3183087408542633 -1 -1 -1 -1 -1 -1 -1 -1 -1
0.5683614015579224 0.45321187376976013 0.04062714800238609 -1 -1 -1 -1 -1 -1 -1 -1 -1
0.5536067485809326 0.5480164289474487 0.21769706904888153 -1 -1 -1 -1 -1 -1 -1 -1 -1
0.5710426568984985 0.4484477937221527 0.05052782595157623 -1 -1 -1 -1 -1 -1 -1 -1 -1
0.5520161390304565 0.545303225517273 0.211912602186203 -1 -1 -1 -1 -1 -1 -1 -1 -1
0.5720897912979126 0.4495272636413574 0.058001767843961716 -1 -1 -1 -1 -1 -1 -1 -1 -1
0.5523015260696411 0.5415406227111816 0.18207372725009918 -1 -1 -1 -1 -1 -1 -1 -1 -1
0.5711701512336731 0.4515802562236786 0.05955373868346214 -1 -1 -1 -1 -1 -1 -1 -1 -1
0.5671650767326355 0.41144219040870667 0.9906153678894043 -1 -1 -1 -1 -1 -1 -1 -1 -1
0.5708582997322083 0.4116075038909912 0.989913821220398 -1 -1 -1 -1 -1 -1 -1 -1 -1
0.5705342292785645 0.3550350069999695 0.600716233253479 -1 -1 -1 -1 -1 -1 -1 -1 -1
0.5732718706130981 0.35251760482788086 0.5095403790473938 -1 -1 -1 -1 -1 -1 -1 -1 -1
0.5714950561523438 0.2988443970680237 0.10222908854484558 -1 -1 -1 -1 -1 -1 -1 -1 -1
0.5775210857391357 0.29242777824401855 0.1482536494731903 -1 -1 -1 -1 -1 -1 -1 -1 -1
0.5722787976264954 0.29148417711257935 0.10402829945087433 -1 -1 -1 -1 -1 -1 -1 -1 -1
0.5779321789741516 0.28358355164527893 0.27078503370285034 -1 -1 -1 -1 -1 -1 -1 -1 -1
0.5718649625778198 0.28235262632369995 0.05646637827157974 -1 -1 -1 -1 -1 -1 -1 -1 -1
0.5823256969451904 0.277584433555603 0.06344248354434967 -1 -1 -1 -1 -1 -1 -1 -1 -1
1 
33 
-1 -1 -1 -1 -1 -1 -1 -1 -1 -1
0.5349141955375671 0.4538622498512268 0.9922437071800232 -1 -1 -1 -1 -1 -1 -1 -1 -1
0.5329403877258301 0.4500415623188019 0.9886658191680908 -1 -1 -1 -1 -1 -1 -1 -1 -1
0.532151997089386 0.44902876019477844 0.9845018982887268 -1 -1 -1 -1 -1 -1 -1 -1 -1
0.5313760042190552 0.4479229748249054 0.9833785891532898 -1 -1 -1 -1 -1 -1 -1 -1 -1
0.5355533957481384 0.45186635851860046 0.9882078766822815 -1 -1 -1 -1 -1 -1 -1 -1 -1
0.5365191698074341 0.45220041275024414 0.9900622367858887 -1 -1 -1 -1 -1 -1 -1 -1 -1
0.537486732006073 0.45252832770347595 0.9892799258232117 -1 -1 -1 -1 -1 -1 -1 -1 -1
0.5327203273773193 0.4429987967014313 0.9898734092712402 -1 -1 -1 -1 -1 -1 -1 -1 -1
0.5412090420722961 0.45021477341651917 0.988739013671875 -1 -1 -1 -1 -1 -1 -1 -1 -1
0.5365167260169983 0.45131582021713257 0.9738622903823853 -1 -1 -1 -1 -1 -1 -1 -1 -1
0.5391689538955688 0.45376265048980713 0.9798563718795776 -1 -1 -1 -1 -1 -1 -1 -1 -1
0.5317234396934509 0.4353034198284149 0.9999475479125977 -1 -1 -1 -1 -1 -1 -1 -1 -1
0.5596575140953064 0.4495675563812256 0.99944669008255 -1 -1 -1 -1 -1 -1 -1 -1 -1
0.5310397148132324 0.4430524706840515 0.07955098897218704 -1 -1 -1 -1 -1 -1 -1 -1 -1
0.5783864855766296 0.47984740138053894 0.1324009895324707 -1 -1 -1 -1 -1 -1 -1 -1 -1
0.5286331176757812 0.44901368021965027 0.03832929953932762 -1 -1 -1 -1 -1 -1 -1 -1 -1
0.5821844935417175 0.5136017799377441 0.1455501914024353 -1 -1 -1 -1 -1 -1 -1 -1 -1
0.527934730052948 0.4491024315357208 0.06493199616670609 -1 -1 -1 -1 -1 -1 -1 -1 -1
0.5840081572532654 0.5205677151679993 0.18662312626838684 -1 -1 -1 -1 -1 -1 -1 -1 -1
0.5288804769515991 0.4479934573173523 0.059597402811050415 -1 -1 -1 -1 -1 -1 -1 -1 -1
0.5822279453277588 0.5218487977981567 0.18993011116981506 -1 -1 -1 -1 -1 -1 -1 -1 -1
0.5295953154563904 0.448201060295105 0.0583348274230957 -1 -1 -1 -1 -1 -1 -1 -1 -1
0.5817346572875977 0.5204098224639893 0.19367533922195435 -1 -1 -1 -1 -1 -1 -1 -1 -1
0.5633634328842163 0.37768077850341797 0.9999972581863403 -1 -1 -1 -1 -1 -1 -1 -1 -1
0.5781292915344238 0.4023604094982147 0.9999561309814453 -1 -1 -1 -1 -1 -1 -1 -1 -1
0.5701801776885986 0.2872684597969055 0.992929995059967 -1 -1 -1 -1 -1 -1 -1 -1 -1
0.58010333776474 0.4697355329990387 0.8580905199050903 -1 -1 -1 -1 -1 -1 -1 -1 -1
0.5577071905136108 0.1915551722049713 0.9771371483802795 -1 -1 -1 -1 -1 -1 -1 -1 -1
0.5754543542861938 0.5465655326843262 0.9395473003387451 -1 -1 -1 -1 -1 -1 -1 -1 -1
0.5552003979682922 0.18296729028224945 0.9558667540550232 -1 -1 -1 -1 -1 -1 -1 -1 -1
0.5778493285179138 0.5537000298500061 0.9666568040847778 -1 -1 -1 -1 -1 -1 -1 -1 -1
0.5594530701637268 0.15561115741729736 0.9687907695770264 -1 -1 -1 -1 -1 -1 -1 -1 -1
0.5681881904602051 0.575194239616394 0.9491970539093018 -1 -1 -1 -1 -1 -1 -1 -1 -1
1 
33 
-1 -1 -1 -1 -1 -1 -1 -1 -1 -1
0.53483647108078 0.4617290198802948 0.9998708963394165 -1 -1 -1 -1 -1 -1 -1 -1 -1
0.533176839351654 0.461751252412796 0.9997438788414001 -1 -1 -1 -1 -1 -1 -1 -1 -1
0.5324366688728333 0.46015968918800354 0.9996180534362793 -1 -1 -1 -1 -1 -1 -1 -1 -1
0.531721293926239 0.4585246443748474 0.9996544122695923 -1 -1 -1 -1 -1 -1 -1 -1 -1
0.5354878306388855 0.46617841720581055 0.9997836947441101 -1 -1 -1 -1 -1 -1 -1 -1 -1
0.5363754034042358 0.46772363781929016 0.9997943043708801 -1 -1 -1 -1 -1 -1 -1 -1 -1
0.5372673273086548 0.46923550963401794 0.999772846698761 -1 -1 -1 -1 -1 -1 -1 -1 -1
0.531764030456543 0.45376619696617126 0.999600350856781 -1 -1 -1 -1 -1 -1 -1 -1 -1
0.5398436188697815 0.4703024923801422 0.9998219609260559 -1 -1 -1 -1 -1 -1 -1 -1 -1
0.535548746585846 0.4565056264400482 0.9993010759353638 -1 -1 -1 -1 -1 -1 -1 -1 -1
0.5382726192474365 0.4613502621650696 0.999582827091217 -1 -1 -1 -1 -1 -1 -1 -1 -1
0.5326416492462158 0.4305209815502167 0.9999945163726807 -1 -1 -1 -1 -1 -1 -1 -1 -1
0.5493486523628235 0.4716349244117737 0.9999829530715942 -1 -1 -1 -1 -1 -1 -1 -1 -1
0.5351579189300537 0.420638769865036 0.09162207692861557 -1 -1 -1 -1 -1 -1 -1 -1 -1
0.5674673318862915 0.5081554651260376 0.5558850765228271 -1 -1 -1 -1 -1 -1 -1 -1 -1
0.5318429470062256 0.418628454208374 0.31891950964927673 -1 -1 -1 -1 -1 -1 -1 -1 -1
0.5820236206054688 0.536709189414978 0.772702693939209 -1 -1 -1 -1 -1 -1 -1 -1 -1
0.5318489074707031 0.41759148240089417 0.393809050321579 -1 -1 -1 -1 -1 -1 -1 -1 -1
0.5867679715156555 0.545198917388916 0.7712846398353577 -1 -1 -1 -1 -1 -1 -1 -1 -1
0.5316230654716492 0.4183458983898163 0.39700618386268616 -1 -1 -1 -1 -1 -1 -1 -1 -1
0.5865929126739502 0.5435190200805664 0.7670798897743225 -1 -1 -1 -1 -1 -1 -1 -1 -1
0.5325208306312561 0.4195314645767212 0.3991308808326721 -1 -1 -1 -1 -1 -1 -1 -1 -1
0.5849714279174805 0.5394519567489624 0.7674344778060913 -1 -1 -1 -1 -1 -1 -1 -1 -1
0.5644139051437378 0.4030260145664215 0.9999990463256836 -1 -1 -1 -1 -1 -1 -1 -1 -1
0.5704221725463867 0.4371478259563446 0.9999935626983643 -1 -1 -1 -1 -1 -1 -1 -1 -1
0.5696369409561157 0.353946328163147 0.9835726618766785 -1 -1 -1 -1 -1 -1 -1 -1 -1
0.5656954646110535 0.5070443749427795 0.8575022220611572 -1 -1 -1 -1 -1 -1 -1 -1 -1
0.568617045879364 0.34453433752059937 0.9446086883544922 -1 -1 -1 -1 -1 -1 -1 -1 -1
0.5710668563842773 0.5680810213088989 0.9022319316864014 -1 -1 -1 -1 -1 -1 -1 -1 -1
0.5683557987213135 0.34703710675239563 0.9037900567054749 -1 -1 -1 -1 -1 -1 -1 -1 -1
0.5744391083717346 0.5732578039169312 0.9607645273208618 -1 -1 -1 -1 -1 -1 -1 -1 -1
0.5687617659568787 0.3402503728866577 0.9584635496139526 -1 -1 -1 -1 -1 -1 -1 -1 -1
0.5658590197563171 0.5918033719062805 0.9427600502967834 -1 -1 -1 -1 -1 -1 -1 -1 -1
1 
33 
-1 -1 -1 -1 -1 -1 -1 -1 -1 -1
0.52449631690979 0.4546797573566437 0.9855512380599976 -1 -1 -1 -1 -1 -1 -1 -1 -1
0.5222015380859375 0.4597025215625763 0.9841480255126953 -1 -1 -1 -1 -1 -1 -1 -1 -1
0.5224316120147705 0.4586848020553589 0.9766125679016113 -1 -1 -1 -1 -1 -1 -1 -1 -1
0.5226818323135376 0.45759057998657227 0.9803974628448486 -1 -1 -1 -1 -1 -1 -1 -1 -1
0.5228400230407715 0.46569472551345825 0.9868854284286499 -1 -1 -1 -1 -1 -1 -1 -1 -1
0.5236417055130005 0.4667849838733673 0.9816380739212036 -1 -1 -1 -1 -1 -1 -1 -1 -1
0.5244418978691101 0.4677046835422516 0.9810065031051636 -1 -1 -1 -1 -1 -1 -1 -1 -1
0.5283674597740173 0.45134881138801575 0.9758747816085815 -1 -1 -1 -1 -1 -1 -1 -1 -1
0.5294241905212402 0.4711010158061981 0.9856032133102417 -1 -1 -1 -1 -1 -1 -1 -1 -1
0.533562958240509 0.4489665627479553 0.9846975803375244 -1 -1 -1 -1 -1 -1 -1 -1 -1
0.5358260273933411 0.4546177387237549 0.9842333197593689 -1 -1 -1 -1 -1 -1 -1 -1 -1
0.538051962852478 0.4171265661716461 0.9987713694572449 -1 -1 -1 -1 -1 -1 -1 -1 -1
0.5534222722053528 0.48762327432632446 0.9985478520393372 -1 -1 -1 -1 -1 -1 -1 -1 -1
0.5510912537574768 0.39055103063583374 0.3885698914527893 -1 -1 -1 -1 -1 -1 -1 -1 -1
0.563088059425354 0.5398404002189636 0.7827383875846863 -1 -1 -1 -1 -1 -1 -1 -1 -1
0.5616018772125244 0.38600659370422363 0.22045260667800903 -1 -1 -1 -1 -1 -1 -1 -1 -1
0.5628702640533447 0.5842729806900024 0.7300200462341309 -1 -1 -1 -1 -1 -1 -1 -1 -1
0.5676493644714355 0.38275203108787537 0.22859230637550354 -1 -1 -1 -1 -1 -1 -1 -1 -1
0.5642486214637756 0.6010026931762695 0.7297267317771912 -1 -1 -1 -1 -1 -1 -1 -1 -1
0.5660519003868103 0.3860594928264618 0.22833622992038727 -1 -1 -1 -1 -1 -1 -1 -1 -1
0.5632457137107849 0.6007559299468994 0.7530466318130493 -1 -1 -1 -1 -1 -1 -1 -1 -1
0.5641989707946777 0.3878616690635681 0.2482026070356369 -1 -1 -1 -1 -1 -1 -1 -1 -1
0.5640209913253784 0.5966542363166809 0.782522439956665 -1 -1 -1 -1 -1 -1 -1 -1 -1
0.5750953555107117 0.407929390668869 0.9998724460601807 -1 -1 -1 -1 -1 -1 -1 -1 -1
0.5861476063728333 0.4557485580444336 0.9996533393859863 -1 -1 -1 -1 -1 -1 -1 -1 -1
0.5747779011726379 0.30638402700424194 0.9459093809127808 -1 -1 -1 -1 -1 -1 -1 -1 -1
0.604991614818573 0.5079994797706604 0.6412074565887451 -1 -1 -1 -1 -1 -1 -1 -1 -1
0.5663575530052185 0.22334563732147217 0.9567040801048279 -1 -1 -1 -1 -1 -1 -1 -1 -1
0.5877025723457336 0.5493522882461548 0.5412671566009521 -1 -1 -1 -1 -1 -1 -1 -1 -1
0.5687329769134521 0.21361324191093445 0.8649265766143799 -1 -1 -1 -1 -1 -1 -1 -1 -1
0.5871568322181702 0.5503383874893188 0.40146297216415405 -1 -1 -1 -1 -1 -1 -1 -1 -1
0.5578567981719971 0.1985541582107544 0.8979417681694031 -1 -1 -1 -1 -1 -1 -1 -1 -1
0.5726032257080078 0.5901724696159363 0.5219233632087708 -1 -1 -1 -1 -1 -1 -1 -1 -1
1 
33 
-1 -1 -1 -1 -1 -1 -1 -1 -1 -1
0.5257412791252136 0.4679066240787506 0.9983391761779785 -1 -1 -1 -1 -1 -1 -1 -1 -1
0.5241857171058655 0.46629130840301514 0.998522937297821 -1 -1 -1 -1 -1 -1 -1 -1 -1
0.5244261026382446 0.46484875679016113 0.9982185959815979 -1 -1 -1 -1 -1 -1 -1 -1 -1
0.524610161781311 0.463448703289032 0.9982349872589111 -1 -1 -1 -1 -1 -1 -1 -1 -1
0.5242787599563599 0.4697304368019104 0.998272180557251 -1 -1 -1 -1 -1 -1 -1 -1 -1
0.5250502824783325 0.47470414638519287 0.9979223608970642 -1 -1 -1 -1 -1 -1 -1 -1 -1
0.5254139304161072 0.4756435453891754 0.9981491565704346 -1 -1 -1 -1 -1 -1 -1 -1 -1
0.5284709334373474 0.4609295129776001 0.9969061017036438 -1 -1 -1 -1 -1 -1 -1 -1 -1
0.5292152166366577 0.47387632727622986 0.9980266690254211 -1 -1 -1 -1 -1 -1 -1 -1 -1
0.5307939052581787 0.46339038014411926 0.9896092414855957 -1 -1 -1 -1 -1 -1 -1 -1 -1
0.5331355929374695 0.457009881734848 0.9916759729385376 -1 -1 -1 -1 -1 -1 -1 -1 -1
0.5408259034156799 0.42998161911964417 0.9998847246170044 -1 -1 -1 -1 -1 -1 -1 -1 -1
0.5514712929725647 0.4704887270927429 0.9999120235443115 -1 -1 -1 -1 -1 -1 -1 -1 -1
0.5645705461502075 0.4283226430416107 0.03978709876537323 -1 -1 -1 -1 -1 -1 -1 -1 -1
0.5763751864433289 0.49638891220092773 0.20012126863002777 -1 -1 -1 -1 -1 -1 -1 -1 -1
0.5871782302856445 0.43116551637649536 0.10672575235366821 -1 -1 -1 -1 -1 -1 -1 -1 -1
0.5935202240943909 0.516035795211792 0.4462943375110626 -1 -1 -1 -1 -1 -1 -1 -1 -1
0.5936670899391174 0.43206101655960083 0.17107558250427246 -1 -1 -1 -1 -1 -1 -1 -1 -1
0.5972205996513367 0.5210462808609009 0.5284217000007629 -1 -1 -1 -1 -1 -1 -1 -1 -1
0.593932569026947 0.43382108211517334 0.15920040011405945 -1 -1 -1 -1 -1 -1 -1 -1 -1
0.5975307822227478 0.5234919786453247 0.5162964463233948 -1 -1 -1 -1 -1 -1 -1 -1 -1
0.5918344855308533 0.43365615606307983 0.158865824341774 -1 -1 -1 -1 -1 -1 -1 -1 -1
0.5961697697639465 0.5206720232963562 0.5354501008987427 -1 -1 -1 -1 -1 -1 -1 -1 -1
0.5769720673561096 0.40337908267974854 0.9999972581863403 -1 -1 -1 -1 -1 -1 -1 -1 -1
0.5786074995994568 0.439481645822525 0.9999964237213135 -1 -1 -1 -1 -1 -1 -1 -1 -1
0.5731063485145569 0.3014620542526245 0.9583125710487366 -1 -1 -1 -1 -1 -1 -1 -1 -1
0.5887731909751892 0.5009182691574097 0.9393744468688965 -1 -1 -1 -1 -1 -1 -1 -1 -1
0.5668051838874817 0.22382260859012604 0.9706147909164429 -1 -1 -1 -1 -1 -1 -1 -1 -1
0.5708475708961487 0.5929529070854187 0.8995086550712585 -1 -1 -1 -1 -1 -1 -1 -1 -1
0.569879412651062 0.21558813750743866 0.9623785018920898 -1 -1 -1 -1 -1 -1 -1 -1 -1
0.5738787651062012 0.6027394533157349 0.9018805027008057 -1 -1 -1 -1 -1 -1 -1 -1 -1
0.5622581839561462 0.19025751948356628 0.9295963048934937 -1 -1 -1 -1 -1 -1 -1 -1 -1
0.5675485730171204 0.6326053142547607 0.8238188028335571 -1 -1 -1 -1 -1 -1 -1 -1 -1
1 
33 
-1 -1 -1 -1 -1 -1 -1 -1 -1 -1
0.5408568978309631 0.4622352719306946 0.9955130219459534 -1 -1 -1 -1 -1 -1 -1 -1 -1
0.5385003685951233 0.4581664502620697 0.9936987161636353 -1 -1 -1 -1 -1 -1 -1 -1 -1
0.538287878036499 0.45593249797821045 0.993579626083374 -1 -1 -1 -1 -1 -1 -1 -1 -1
0.5380967855453491 0.45366770029067993 0.9919641017913818 -1 -1 -1 -1 -1 -1 -1 -1 -1
0.5390145182609558 0.46332913637161255 0.9968405961990356 -1 -1 -1 -1 -1 -1 -1 -1 -1
0.5391668677330017 0.4649174213409424 0.9970279335975647 -1 -1 -1 -1 -1 -1 -1 -1 -1
0.5393248200416565 0.46650540828704834 0.9971628785133362 -1 -1 -1 -1 -1 -1 -1 -1 -1
0.5382384657859802 0.4465859830379486 0.9949660897254944 -1 -1 -1 -1 -1 -1 -1 -1 -1
0.5397586822509766 0.46539822220802307 0.9991618394851685 -1 -1 -1 -1 -1 -1 -1 -1 -1
0.5427341461181641 0.4573013186454773 0.9818614721298218 -1 -1 -1 -1 -1 -1 -1 -1 -1
0.5433564186096191 0.46340641379356384 0.9908698201179504 -1 -1 -1 -1 -1 -1 -1 -1 -1
0.5445750951766968 0.42305463552474976 0.9959325194358826 -1 -1 -1 -1 -1 -1 -1 -1 -1
0.5499559640884399 0.4785829484462738 0.999128520488739 -1 -1 -1 -1 -1 -1 -1 -1 -1
0.5500515699386597 0.4143701493740082 0.7420810461044312 -1 -1 -1 -1 -1 -1 -1 -1 -1
0.5687041282653809 0.5220009684562683 0.9405825734138489 -1 -1 -1 -1 -1 -1 -1 -1 -1
0.5394275784492493 0.3955231308937073 0.5363404154777527 -1 -1 -1 -1 -1 -1 -1 -1 -1
0.579014778137207 0.5540876984596252 0.956345796585083 -1 -1 -1 -1 -1 -1 -1 -1 -1
0.5365197658538818 0.3890989124774933 0.43343475461006165 -1 -1 -1 -1 -1 -1 -1 -1 -1
0.5812498927116394 0.5637383460998535 0.912534236907959 -1 -1 -1 -1 -1 -1 -1 -1 -1
0.5340193510055542 0.38795891404151917 0.46437472105026245 -1 -1 -1 -1 -1 -1 -1 -1 -1
0.5795708894729614 0.5613524913787842 0.9190716743469238 -1 -1 -1 -1 -1 -1 -1 -1 -1
0.5354677438735962 0.3913778066635132 0.5299297571182251 -1 -1 -1 -1 -1 -1 -1 -1 -1
0.5789362788200378 0.5557444095611572 0.9231725931167603 -1 -1 -1 -1 -1 -1 -1 -1 -1
0.5758832693099976 0.4304344356060028 0.9993581175804138 -1 -1 -1 -1 -1 -1 -1 -1 -1
0.5784330368041992 0.4548209011554718 0.9997758269309998 -1 -1 -1 -1 -1 -1 -1 -1 -1
0.6000106930732727 0.4620354473590851 0.9482861161231995 -1 -1 -1 -1 -1 -1 -1 -1 -1
0.6118617653846741 0.4711705446243286 0.7672300338745117 -1 -1 -1 -1 -1 -1 -1 -1 -1
0.6211069226264954 0.5035293102264404 0.9052255749702454 -1 -1 -1 -1 -1 -1 -1 -1 -1
0.6412438750267029 0.46804264187812805 0.8254173994064331 -1 -1 -1 -1 -1 -1 -1 -1 -1
0.6264376640319824 0.5087370276451111 0.9240002036094666 -1 -1 -1 -1 -1 -1 -1 -1 -1
0.6477013826370239 0.46027839183807373 0.838546872138977 -1 -1 -1 -1 -1 -1 -1 -1 -1
0.6227285265922546 0.520986795425415 0.851560115814209 -1 -1 -1 -1 -1 -1 -1 -1 -1
0.6463584303855896 0.4976649880409241 0.7495974898338318 -1 -1 -1 -1 -1 -1 -1 -1 -1
1 
33 
-1 -1 -1 -1 -1 -1 -1 -1 -1 -1
0.5550790429115295 0.4160946011543274 0.9999667406082153 -1 -1 -1 -1 -1 -1 -1 -1 -1
0.5570231676101685 0.41347742080688477 0.9999358654022217 -1 -1 -1 -1 -1 -1 -1 -1 -1
0.5577165484428406 0.413472056388855 0.9999136924743652 -1 -1 -1 -1 -1 -1 -1 -1 -1
0.5584113001823425 0.4134860336780548 0.9999221563339233 -1 -1 -1 -1 -1 -1 -1 -1 -1
0.5556425452232361 0.4138370752334595 0.9999415874481201 -1 -1 -1 -1 -1 -1 -1 -1 -1
0.5553518533706665 0.4140196144580841 0.9999122619628906 -1 -1 -1 -1 -1 -1 -1 -1 -1
0.5550459623336792 0.41419610381126404 0.9999539852142334 -1 -1 -1 -1 -1 -1 -1 -1 -1
0.5611652731895447 0.416016161441803 0.9999525547027588 -1 -1 -1 -1 -1 -1 -1 -1 -1
0.5566129684448242 0.4167950749397278 0.9999663829803467 -1 -1 -1 -1 -1 -1 -1 -1 -1
0.5566163659095764 0.42002153396606445 0.9999141693115234 -1 -1 -1 -1 -1 -1 -1 -1 -1
0.5550062656402588 0.42040735483169556 0.9998865127563477 -1 -1 -1 -1 -1 -1 -1 -1 -1
0.5679286122322083 0.433401882648468 0.9998844861984253 -1 -1 -1 -1 -1 -1 -1 -1 -1
0.54951012134552 0.4326566755771637 0.9998089671134949 -1 -1 -1 -1 -1 -1 -1 -1 -1
0.580971896648407 0.4209707975387573 0.982876718044281 -1 -1 -1 -1 -1 -1 -1 -1 -1
0.5375393629074097 0.4434536397457123 0.8361709117889404 -1 -1 -1 -1 -1 -1 -1 -1 -1
0.5778889656066895 0.4063607454299927 0.9110602140426636 -1 -1 -1 -1 -1 -1 -1 -1 -1
0.5274120569229126 0.446651428937912 0.9074851870536804 -1 -1 -1 -1 -1 -1 -1 -1 -1
0.5777047276496887 0.4025147259235382 0.7514134049415588 -1 -1 -1 -1 -1 -1 -1 -1 -1
0.5239936709403992 0.4475541412830353 0.845840334892273 -1 -1 -1 -1 -1 -1 -1 -1 -1
0.576551616191864 0.4037306308746338 0.7100358605384827 -1 -1 -1 -1 -1 -1 -1 -1 -1
0.525277316570282 0.4464987814426422 0.8578475117683411 -1 -1 -1 -1 -1 -1 -1 -1 -1
0.5765122771263123 0.4063601791858673 0.6781023740768433 -1 -1 -1 -1 -1 -1 -1 -1 -1
0.5267550945281982 0.44684451818466187 0.8490610718727112 -1 -1 -1 -1 -1 -1 -1 -1 -1
0.5520106554031372 0.48329663276672363 0.9999098777770996 -1 -1 -1 -1 -1 -1 -1 -1 -1
0.5414510369300842 0.47566670179367065 0.9998865127563477 -1 -1 -1 -1 -1 -1 -1 -1 -1
0.5547353625297546 0.5235041975975037 0.96387779712677 -1 -1 -1 -1 -1 -1 -1 -1 -1
0.5252344012260437 0.5022447109222412 0.9346489310264587 -1 -1 -1 -1 -1 -1 -1 -1 -1
0.544339120388031 0.5567028522491455 0.90119868516922 -1 -1 -1 -1 -1 -1 -1 -1 -1
0.5240741968154907 0.5349118709564209 0.6966887712478638 -1 -1 -1 -1 -1 -1 -1 -1 -1
0.5419136881828308 0.5589908361434937 0.8523950576782227 -1 -1 -1 -1 -1 -1 -1 -1 -1
0.5257613062858582 0.5402461290359497 0.7001557350158691 -1 -1 -1 -1 -1 -1 -1 -1 -1
0.543939471244812 0.5742925405502319 0.901945948600769 -1 -1 -1 -1 -1 -1 -1 -1 -1
0.5175759792327881 0.5440590381622314 0.6569918990135193 -1 -1 -1 -1 -1 -1 -1 -1 -1
1 
