24
1 
33 
-1 -1 -1 -1 -1 -1 -1 -1 -1 -1
0.5718722939491272 0.413817822933197 0.9376786351203918 -1 -1 -1 -1 -1 -1 -1 -1 -1
0.5754155516624451 0.4048364758491516 0.9510180950164795 -1 -1 -1 -1 -1 -1 -1 -1 -1
0.5768707990646362 0.4047424793243408 0.9441375136375427 -1 -1 -1 -1 -1 -1 -1 -1 -1
0.5783311128616333 0.40470314025878906 0.9545544981956482 -1 -1 -1 -1 -1 -1 -1 -1 -1
0.5735727548599243 0.4045723080635071 0.9268389344215393 -1 -1 -1 -1 -1 -1 -1 -1 -1
0.5734323859214783 0.40444323420524597 0.9125959873199463 -1 -1 -1 -1 -1 -1 -1 -1 -1
0.5732731819152832 0.4043494760990143 0.9410814642906189 -1 -1 -1 -1 -1 -1 -1 -1 -1
0.586313009262085 0.40790221095085144 0.9411733150482178 -1 -1 -1 -1 -1 -1 -1 -1 -1
0.5797953605651855 0.4071243405342102 0.9242991209030151 -1 -1 -1 -1 -1 -1 -1 -1 -1
0.5765496492385864 0.422793447971344 0.9241795539855957 -1 -1 -1 -1 -1 -1 -1 -1 -1
0.5738908648490906 0.4228835999965668 0.8998956680297852 -1 -1 -1 -1 -1 -1 -1 -1 -1
0.6047833561897278 0.44718170166015625 0.9872894883155823 -1 -1 -1 -1 -1 -1 -1 -1 -1
0.5806565880775452 0.4510592818260193 0.980322539806366 -1 -1 -1 -1 -1 -1 -1 -1 -1
0.6065926551818848 0.46243810653686523 0.7921967506408691 -1 -1 -1 -1 -1 -1 -1 -1 -1
0.5703495740890503 0.49931764602661133 0.22392785549163818 -1 -1 -1 -1 -1 -1 -1 -1 -1
0.5905123949050903 0.42872101068496704 0.4959571957588196 -1 -1 -1 -1 -1 -1 -1 -1 -1
0.5617737770080566 0.4759852886199951 0.3512028157711029 -1 -1 -1 -1 -1 -1 -1 -1 -1
0.5872824788093567 0.418589323759079 0.4495428502559662 -1 -1 -1 -1 -1 -1 -1 -1 -1
0.5605367422103882 0.4708021283149719 0.34098371863365173 -1 -1 -1 -1 -1 -1 -1 -1 -1
0.5867549777030945 0.41659289598464966 0.4227364659309387 -1 -1 -1 -1 -1 -1 -1 -1 -1
0.5589964985847473 0.46303343772888184 0.34281492233276367 -1 -1 -1 -1 -1 -1 -1 -1 -1
0.587142825126648 0.4214595556259155 0.38060832023620605 -1 -1 -1 -1 -1 -1 -1 -1 -1
0.5601343512535095 0.46620243787765503 0.34762662649154663 -1 -1 -1 -1 -1 -1 -1 -1 -1
0.6220571398735046 0.5773307681083679 0.9994706511497498 -1 -1 -1 -1 -1 -1 -1 -1 -1
0.6056270003318787 0.5691022276878357 0.9986152648925781 -1 -1 -1 -1 -1 -1 -1 -1 -1
0.6074488162994385 0.6415665745735168 0.9794188737869263 -1 -1 -1 -1 -1 -1 -1 -1 -1
0.5889186859130859 0.6178035140037537 0.6159598231315613 -1 -1 -1 -1 -1 -1 -1 -1 -1
0.6239283084869385 0.7179283499717712 0.9727131128311157 -1 -1 -1 -1 -1 -1 -1 -1 -1
0.6104657649993896 0.6765620112419128 0.7274921536445618 -1 -1 -1 -1 -1 -1 -1 -1 -1
0.6308645009994507 0.7272635698318481 0.9412037134170532 -1 -1 -1 -1 -1 -1 -1 -1 -1
0.6176514625549316 0.6860425472259521 0.715410590171814 -1 -1 -1 -1 -1 -1 -1 -1 -1
0.6126239895820618 0.7499676942825317 0.9556442499160767 -1 -1 -1 -1 -1 -1 -1 -1 -1
0.5991665720939636 0.7017697691917419 0.7711982131004333 -1 -1 -1 -1 -1 -1 -1 -1 -1
1 
33 
-1 -1 -1 -1 -1 -1 -1 -1 -1 -1
0.5902464985847473 0.38863444328308105 0.9972214698791504 -1 -1 -1 -1 -1 -1 -1 -1 -1
0.5923312306404114 0.37724822759628296 0.9986144304275513 -1 -1 -1 -1 -1 -1 -1 -1 -1
0.5933025479316711 0.37646034359931946 0.9983218312263489 -1 -1 -1 -1 -1 -1 -1 -1 -1
0.5942740440368652 0.37574291229248047 0.9984636306762695 -1 -1 -1 -1 -1 -1 -1 -1 -1
0.5914509892463684 0.3785458505153656 0.99788898229599 -1 -1 -1 -1 -1 -1 -1 -1 -1
0.5916194319725037 0.378710001707077 0.9975487589836121 -1 -1 -1 -1 -1 -1 -1 -1 -1
0.5917815566062927 0.3788950741291046 0.9979454874992371 -1 -1 -1 -1 -1 -1 -1 -1 -1
0.6003947854042053 0.3761271834373474 0.9992052912712097 -1 -1 -1 -1 -1 -1 -1 -1 -1
0.5971789956092834 0.3795450031757355 0.9990179538726807 -1 -1 -1 -1 -1 -1 -1 -1 -1
0.5935641527175903 0.39490559697151184 0.9989086389541626 -1 -1 -1 -1 -1 -1 -1 -1 -1
0.5922881364822388 0.39669913053512573 0.998146653175354 -1 -1 -1 -1 -1 -1 -1 -1 -1
0.6131654977798462 0.408512145280838 0.9995375871658325 -1 -1 -1 -1 -1 -1 -1 -1 -1
0.6014342308044434 0.4157228469848633 0.99512779712677 -1 -1 -1 -1 -1 -1 -1 -1 -1
0.6008244156837463 0.3835051953792572 0.9460595846176147 -1 -1 -1 -1 -1 -1 -1 -1 -1
0.5926359295845032 0.3955528140068054 0.372257262468338 -1 -1 -1 -1 -1 -1 -1 -1 -1
0.5955221056938171 0.37490394711494446 0.3036307692527771 -1 -1 -1 -1 -1 -1 -1 -1 -1
0.5849757790565491 0.3910495936870575 0.17086261510849 -1 -1 -1 -1 -1 -1 -1 -1 -1
0.5950751304626465 0.37167030572891235 0.19835883378982544 -1 -1 -1 -1 -1 -1 -1 -1 -1
0.5833467841148376 0.393024206161499 0.17046529054641724 -1 -1 -1 -1 -1 -1 -1 -1 -1
0.5969253778457642 0.3759438395500183 0.19288842380046844 -1 -1 -1 -1 -1 -1 -1 -1 -1
0.5850477814674377 0.39354178309440613 0.1825096160173416 -1 -1 -1 -1 -1 -1 -1 -1 -1
0.5970768928527832 0.3793897032737732 0.1948966085910797 -1 -1 -1 -1 -1 -1 -1 -1 -1
0.5854600071907043 0.39389729499816895 0.19268548488616943 -1 -1 -1 -1 -1 -1 -1 -1 -1
0.6277713179588318 0.5589913129806519 0.9998352527618408 -1 -1 -1 -1 -1 -1 -1 -1 -1
0.6134347319602966 0.5506594181060791 0.998572587966919 -1 -1 -1 -1 -1 -1 -1 -1 -1
0.6181108355522156 0.6646096110343933 0.9982172846794128 -1 -1 -1 -1 -1 -1 -1 -1 -1
0.5765653252601624 0.5679755806922913 0.8373321890830994 -1 -1 -1 -1 -1 -1 -1 -1 -1
0.6280156970024109 0.7650238275527954 0.994890570640564 -1 -1 -1 -1 -1 -1 -1 -1 -1
0.559563398361206 0.5643396377563477 0.8292244076728821 -1 -1 -1 -1 -1 -1 -1 -1 -1
0.6335064172744751 0.7736173272132874 0.9808188080787659 -1 -1 -1 -1 -1 -1 -1 -1 -1
0.558085560798645 0.5698136687278748 0.8294830918312073 -1 -1 -1 -1 -1 -1 -1 -1 -1
0.6240081191062927 0.7901437282562256 0.9870153665542603 -1 -1 -1 -1 -1 -1 -1 -1 -1
0.549290657043457 0.5532198548316956 0.8693205714225769 -1 -1 -1 -1 -1 -1 -1 -1 -1
1 
33 
-1 -1 -1 -1 -1 -1 -1 -1 -1 -1
0.5777793526649475 0.3971630334854126 0.9964345693588257 -1 -1 -1 -1 -1 -1 -1 -1 -1
0.5749500393867493 0.4017063081264496 0.996136486530304 -1 -1 -1 -1 -1 -1 -1 -1 -1
0.5758583545684814 0.3957786560058594 0.9964486360549927 -1 -1 -1 -1 -1 -1 -1 -1 -1
0.5755566954612732 0.396354615688324 0.9959421753883362 -1 -1 -1 -1 -1 -1 -1 -1 -1
0.5738131403923035 0.39550718665122986 0.996864378452301 -1 -1 -1 -1 -1 -1 -1 -1 -1
0.5752418637275696 0.3948925733566284 0.9959354400634766 -1 -1 -1 -1 -1 -1 -1 -1 -1
0.5747874975204468 0.3949614465236664 0.9949053525924683 -1 -1 -1 -1 -1 -1 -1 -1 -1
0.5728980898857117 0.4025493264198303 0.9961756467819214 -1 -1 -1 -1 -1 -1 -1 -1 -1
0.5721014738082886 0.40103453397750854 0.9970225691795349 -1 -1 -1 -1 -1 -1 -1 -1 -1
0.5791784524917603 0.40333113074302673 0.9936283230781555 -1 -1 -1 -1 -1 -1 -1 -1 -1
0.5785828232765198 0.40303677320480347 0.9949693083763123 -1 -1 -1 -1 -1 -1 -1 -1 -1
0.5729689002037048 0.43518611788749695 0.9999216794967651 -1 -1 -1 -1 -1 -1 -1 -1 -1
0.5767108201980591 0.41060149669647217 0.9999898672103882 -1 -1 -1 -1 -1 -1 -1 -1 -1
0.5702021718025208 0.44403383135795593 0.10236556828022003 -1 -1 -1 -1 -1 -1 -1 -1 -1
0.5841361284255981 0.37787002325057983 0.6652063131332397 -1 -1 -1 -1 -1 -1 -1 -1 -1
0.5753438472747803 0.40749824047088623 0.07493240386247635 -1 -1 -1 -1 -1 -1 -1 -1 -1
0.5789363384246826 0.3474646508693695 0.472523957490921 -1 -1 -1 -1 -1 -1 -1 -1 -1
0.574616551399231 0.4002962112426758 0.10045242309570312 -1 -1 -1 -1 -1 -1 -1 -1 -1
0.5767930150032043 0.3393819332122803 0.5064049959182739 -1 -1 -1 -1 -1 -1 -1 -1 -1
0.5756233930587769 0.39447787404060364 0.09644905477762222 -1 -1 -1 -1 -1 -1 -1 -1 -1
0.5755264163017273 0.34132152795791626 0.4548507034778595 -1 -1 -1 -1 -1 -1 -1 -1 -1
0.5766933560371399 0.3967474699020386 0.08523865044116974 -1 -1 -1 -1 -1 -1 -1 -1 -1
0.5763618350028992 0.34410178661346436 0.41740474104881287 -1 -1 -1 -1 -1 -1 -1 -1 -1
0.5967557430267334 0.49462831020355225 0.9999814033508301 -1 -1 -1 -1 -1 -1 -1 -1 -1
0.5994166731834412 0.49695491790771484 0.9999986886978149 -1 -1 -1 -1 -1 -1 -1 -1 -1
0.6072322130203247 0.43246906995773315 0.9271037578582764 -1 -1 -1 -1 -1 -1 -1 -1 -1
0.6205868721008301 0.5664058327674866 0.9916656613349915 -1 -1 -1 -1 -1 -1 -1 -1 -1
0.5758997201919556 0.3715408742427826 0.911637544631958 -1 -1 -1 -1 -1 -1 -1 -1 -1
0.6188526153564453 0.6492704153060913 0.9560647010803223 -1 -1 -1 -1 -1 -1 -1 -1 -1
0.5747197270393372 0.36210131645202637 0.8417887687683105 -1 -1 -1 -1 -1 -1 -1 -1 -1
0.6189733743667603 0.6631808280944824 0.9471967220306396 -1 -1 -1 -1 -1 -1 -1 -1 -1
0.5560177564620972 0.34561705589294434 0.9252522587776184 -1 -1 -1 -1 -1 -1 -1 -1 -1
0.6134095191955566 0.665306806564331 0.940801739692688 -1 -1 -1 -1 -1 -1 -1 -1 -1
1 
33 
-1 -1 -1 -1 -1 -1 -1 -1 -1 -1
0.5620222687721252 0.38936272263526917 0.9990719556808472 -1 -1 -1 -1 -1 -1 -1 -1 -1
0.5660809278488159 0.38811928033828735 0.9991132616996765 -1 -1 -1 -1 -1 -1 -1 -1 -1
0.5665987730026245 0.3882213830947876 0.9989435076713562 -1 -1 -1 -1 -1 -1 -1 -1 -1
0.56708824634552 0.3878859281539917 0.9990849494934082 -1 -1 -1 -1 -1 -1 -1 -1 -1
0.5651879906654358 0.39256322383880615 0.9993436932563782 -1 -1 -1 -1 -1 -1 -1 -1 -1
0.5656054615974426 0.3934023380279541 0.9991023540496826 -1 -1 -1 -1 -1 -1 -1 -1 -1
0.5614826083183289 0.3964229226112366 0.9992659687995911 -1 -1 -1 -1 -1 -1 -1 -1 -1
0.569183349609375 0.38520506024360657 0.9991579055786133 -1 -1 -1 -1 -1 -1 -1 -1 -1
0.5624477863311768 0.40702927112579346 0.9993638396263123 -1 -1 -1 -1 -1 -1 -1 -1 -1
0.5634204745292664 0.3906060755252838 0.9988628625869751 -1 -1 -1 -1 -1 -1 -1 -1 -1
0.5613808631896973 0.3971739709377289 0.9994612336158752 -1 -1 -1 -1 -1 -1 -1 -1 -1
0.5746501684188843 0.40046483278274536 0.999954342842102 -1 -1 -1 -1 -1 -1 -1 -1 -1
0.5672942996025085 0.4516451358795166 0.9999774694442749 -1 -1 -1 -1 -1 -1 -1 -1 -1
0.5834596753120422 0.393278032541275 0.033754613250494 -1 -1 -1 -1 -1 -1 -1 -1 -1
0.568538248538971 0.4815324544906616 0.010367246344685555 -1 -1 -1 -1 -1 -1 -1 -1 -1
0.5819019079208374 0.3684222400188446 0.034667156636714935 -1 -1 -1 -1 -1 -1 -1 -1 -1
0.5691274404525757 0.48743119835853577 0.015202421694993973 -1 -1 -1 -1 -1 -1 -1 -1 -1
0.5818654894828796 0.35991936922073364 0.06946705281734467 -1 -1 -1 -1 -1 -1 -1 -1 -1
0.5719465017318726 0.48673269152641296 0.03421550244092941 -1 -1 -1 -1 -1 -1 -1 -1 -1
0.5817541480064392 0.363312304019928 0.06364153325557709 -1 -1 -1 -1 -1 -1 -1 -1 -1
0.5719863176345825 0.4859256148338318 0.03317355737090111 -1 -1 -1 -1 -1 -1 -1 -1 -1
0.5819329619407654 0.3682628273963928 0.06565263122320175 -1 -1 -1 -1 -1 -1 -1 -1 -1
0.5706323385238647 0.4861488342285156 0.04532075673341751 -1 -1 -1 -1 -1 -1 -1 -1 -1
0.6114023923873901 0.4507761001586914 0.9999682903289795 -1 -1 -1 -1 -1 -1 -1 -1 -1
0.613477349281311 0.4882858097553253 0.9999864101409912 -1 -1 -1 -1 -1 -1 -1 -1 -1
0.6098074316978455 0.36967769265174866 0.9742662906646729 -1 -1 -1 -1 -1 -1 -1 -1 -1
0.6137863397598267 0.5137169361114502 0.9486966133117676 -1 -1 -1 -1 -1 -1 -1 -1 -1
0.6095582246780396 0.35062408447265625 0.9196743369102478 -1 -1 -1 -1 -1 -1 -1 -1 -1
0.6013315916061401 0.5791144967079163 0.9695433974266052 -1 -1 -1 -1 -1 -1 -1 -1 -1
0.6152545809745789 0.35898298025131226 0.9647607207298279 -1 -1 -1 -1 -1 -1 -1 -1 -1
0.6063838601112366 0.5915990471839905 0.9828891754150391 -1 -1 -1 -1 -1 -1 -1 -1 -1
0.601944088935852 0.32791686058044434 0.9256731271743774 -1 -1 -1 -1 -1 -1 -1 -1 -1
0.586908757686615 0.5961452126502991 0.9715097546577454 -1 -1 -1 -1 -1 -1 -1 -1 -1
1 
33 
-1 -1 -1 -1 -1 -1 -1 -1 -1 -1
0.5772059559822083 0.3946646451950073 0.999942421913147 -1 -1 -1 -1 -1 -1 -1 -1 -1
0.57651287317276 0.39201226830482483 0.9995063543319702 -1 -1 -1 -1 -1 -1 -1 -1 -1
0.5767186880111694 0.39075225591659546 0.9997796416282654 -1 -1 -1 -1 -1 -1 -1 -1 -1
0.5770098567008972 0.38951537013053894 0.9993725419044495 -1 -1 -1 -1 -1 -1 -1 -1 -1
0.5755359530448914 0.39604663848876953 0.9997350573539734 -1 -1 -1 -1 -1 -1 -1 -1 -1
0.5750691294670105 0.3976432979106903 0.999812662601471 -1 -1 -1 -1 -1 -1 -1 -1 -1
0.5745874643325806 0.39922618865966797 0.9995259046554565 -1 -1 -1 -1 -1 -1 -1 -1 -1
0.5773528814315796 0.389526903629303 0.9998425245285034 -1 -1 -1 -1 -1 -1 -1 -1 -1
0.5732053518295288 0.4048311114311218 0.9999483823776245 -1 -1 -1 -1 -1 -1 -1 -1 -1
0.5783043503761292 0.3970917761325836 0.9998558759689331 -1 -1 -1 -1 -1 -1 -1 -1 -1
0.577301561832428 0.4011367857456207 0.9999358654022217 -1 -1 -1 -1 -1 -1 -1 -1 -1
0.5840336084365845 0.38178935647010803 0.9999994039535522 -1 -1 -1 -1 -1 -1 -1 -1 -1
0.5710685849189758 0.4272153973579407 0.9999998807907104 -1 -1 -1 -1 -1 -1 -1 -1 -1
0.5815751552581787 0.3570536971092224 0.20426547527313232 -1 -1 -1 -1 -1 -1 -1 -1 -1
0.569580614566803 0.4581650197505951 0.31636402010917664 -1 -1 -1 -1 -1 -1 -1 -1 -1
0.5769754648208618 0.31591588258743286 0.32958218455314636 -1 -1 -1 -1 -1 -1 -1 -1 -1
0.5634595155715942 0.460470974445343 0.17031635344028473 -1 -1 -1 -1 -1 -1 -1 -1 -1
0.5745866894721985 0.3066454529762268 0.37286487221717834 -1 -1 -1 -1 -1 -1 -1 -1 -1
0.5640436410903931 0.46132296323776245 0.1997365802526474 -1 -1 -1 -1 -1 -1 -1 -1 -1
0.5747707486152649 0.30518674850463867 0.3344213664531708 -1 -1 -1 -1 -1 -1 -1 -1 -1
0.5615533590316772 0.4582659900188446 0.1734653115272522 -1 -1 -1 -1 -1 -1 -1 -1 -1
0.575435221195221 0.3096093535423279 0.27662280201911926 -1 -1 -1 -1 -1 -1 -1 -1 -1
0.5611985921859741 0.458029180765152 0.21892191469669342 -1 -1 -1 -1 -1 -1 -1 -1 -1
0.6120257377624512 0.4282422363758087 0.9999998807907104 -1 -1 -1 -1 -1 -1 -1 -1 -1
0.6075128316879272 0.46757781505584717 1.0 -1 -1 -1 -1 -1 -1 -1 -1 -1
0.6181346774101257 0.33380886912345886 0.998816728591919 -1 -1 -1 -1 -1 -1 -1 -1 -1
0.6136806011199951 0.5205702781677246 0.9989172220230103 -1 -1 -1 -1 -1 -1 -1 -1 -1
0.6019678115844727 0.25472068786621094 0.9991223216056824 -1 -1 -1 -1 -1 -1 -1 -1 -1
0.6163924336433411 0.6092121601104736 0.9969000816345215 -1 -1 -1 -1 -1 -1 -1 -1 -1
0.6049712300300598 0.25144416093826294 0.9996082186698914 -1 -1 -1 -1 -1 -1 -1 -1 -1
0.6222746968269348 0.6216471195220947 0.9983365535736084 -1 -1 -1 -1 -1 -1 -1 -1 -1
0.5877498984336853 0.21453118324279785 0.9987493753433228 -1 -1 -1 -1 -1 -1 -1 -1 -1
0.6118878126144409 0.6674573421478271 0.9967325925827026 -1 -1 -1 -1 -1 -1 -1 -1 -1
1 
33 
-1 -1 -1 -1 -1 -1 -1 -1 -1 -1
0.5650059580802917 0.4044817090034485 0.9994204044342041 -1 -1 -1 -1 -1 -1 -1 -1 -1
0.5695562958717346 0.4017883837223053 0.9984921216964722 -1 -1 -1 -1 -1 -1 -1 -1 -1
0.5674244165420532 0.40169399976730347 0.9985108971595764 -1 -1 -1 -1 -1 -1 -1 -1 -1
0.5680336356163025 0.4006938934326172 0.9982390403747559 -1 -1 -1 -1 -1 -1 -1 -1 -1
0.5679560899734497 0.4069761335849762 0.9990313053131104 -1 -1 -1 -1 -1 -1 -1 -1 -1
0.5672484636306763 0.4090595245361328 0.9987094402313232 -1 -1 -1 -1 -1 -1 -1 -1 -1
0.5665393471717834 0.41111230850219727 0.998427152633667 -1 -1 -1 -1 -1 -1 -1 -1 -1
0.5717074275016785 0.40351206064224243 0.9977486729621887 -1 -1 -1 -1 -1 -1 -1 -1 -1
0.5657464861869812 0.42289742827415466 0.9989356398582458 -1 -1 -1 -1 -1 -1 -1 -1 -1
0.5678184032440186 0.40531671047210693 0.9990108013153076 -1 -1 -1 -1 -1 -1 -1 -1 -1
0.5712761282920837 0.4148141145706177 0.9994311928749084 -1 -1 -1 -1 -1 -1 -1 -1 -1
0.5886914134025574 0.40437939763069153 0.9999891519546509 -1 -1 -1 -1 -1 -1 -1 -1 -1
0.5645652413368225 0.46778324246406555 0.9999992847442627 -1 -1 -1 -1 -1 -1 -1 -1 -1
0.6011333465576172 0.3767269551753998 0.1614680290222168 -1 -1 -1 -1 -1 -1 -1 -1 -1
0.5607624053955078 0.516063392162323 0.05124711990356445 -1 -1 -1 -1 -1 -1 -1 -1 -1
0.5896729230880737 0.32189133763313293 0.19741903245449066 -1 -1 -1 -1 -1 -1 -1 -1 -1
0.5531181693077087 0.5156292915344238 0.041427597403526306 -1 -1 -1 -1 -1 -1 -1 -1 -1
0.5858458280563354 0.3049269914627075 0.2660687565803528 -1 -1 -1 -1 -1 -1 -1 -1 -1
0.55467689037323 0.5140491724014282 0.07780275493860245 -1 -1 -1 -1 -1 -1 -1 -1 -1
0.5857927203178406 0.30295050144195557 0.21514441072940826 -1 -1 -1 -1 -1 -1 -1 -1 -1
0.5508747100830078 0.5120221376419067 0.06642626225948334 -1 -1 -1 -1 -1 -1 -1 -1 -1
0.5861879587173462 0.31069236993789673 0.20687264204025269 -1 -1 -1 -1 -1 -1 -1 -1 -1
0.5501173138618469 0.5123116374015808 0.06383975595235825 -1 -1 -1 -1 -1 -1 -1 -1 -1
0.6185414791107178 0.44245609641075134 0.9999938011169434 -1 -1 -1 -1 -1 -1 -1 -1 -1
0.607000470161438 0.4991219937801361 0.9999994039535522 -1 -1 -1 -1 -1 -1 -1 -1 -1
0.6104265451431274 0.32741299271583557 0.9931135773658752 -1 -1 -1 -1 -1 -1 -1 -1 -1
0.5949370265007019 0.5084631443023682 0.9958927631378174 -1 -1 -1 -1 -1 -1 -1 -1 -1
0.5937288999557495 0.21911805868148804 0.9744037985801697 -1 -1 -1 -1 -1 -1 -1 -1 -1
0.5962020754814148 0.5653240084648132 0.9974519610404968 -1 -1 -1 -1 -1 -1 -1 -1 -1
0.5954399108886719 0.21904286742210388 0.995983362197876 -1 -1 -1 -1 -1 -1 -1 -1 -1
0.6040073037147522 0.5741404891014099 0.9985119700431824 -1 -1 -1 -1 -1 -1 -1 -1 -1
0.5723757743835449 0.15142396092414856 0.9895638823509216 -1 -1 -1 -1 -1 -1 -1 -1 -1
0.5811166763305664 0.5812816619873047 0.9976366758346558 -1 -1 -1 -1 -1 -1 -1 -1 -1
1 
33 
-1 -1 -1 -1 -1 -1 -1 -1 -1 -1
0.566156804561615 0.41456902027130127 0.9240568280220032 -1 -1 -1 -1 -1 -1 -1 -1 -1
0.5639972686767578 0.41508620977401733 0.9240928292274475 -1 -1 -1 -1 -1 -1 -1 -1 -1
0.5635913610458374 0.41669464111328125 0.9206505417823792 -1 -1 -1 -1 -1 -1 -1 -1 -1
0.5631904602050781 0.4183165431022644 0.9284790754318237 -1 -1 -1 -1 -1 -1 -1 -1 -1
0.5641368627548218 0.41180917620658875 0.9609605669975281 -1 -1 -1 -1 -1 -1 -1 -1 -1
0.5638505816459656 0.4109569489955902 0.9648323059082031 -1 -1 -1 -1 -1 -1 -1 -1 -1
0.5635945796966553 0.4100765585899353 0.9575693011283875 -1 -1 -1 -1 -1 -1 -1 -1 -1
0.5601980090141296 0.42485541105270386 0.9627937078475952 -1 -1 -1 -1 -1 -1 -1 -1 -1
0.5610285401344299 0.4138927161693573 0.9757996201515198 -1 -1 -1 -1 -1 -1 -1 -1 -1
0.5654662251472473 0.4211069643497467 0.9179120063781738 -1 -1 -1 -1 -1 -1 -1 -1 -1
0.5654950141906738 0.4175258278846741 0.9232603907585144 -1 -1 -1 -1 -1 -1 -1 -1 -1
0.5578498840332031 0.46480846405029297 0.9996681213378906 -1 -1 -1 -1 -1 -1 -1 -1 -1
0.5645624995231628 0.4126449227333069 0.999932050704956 -1 -1 -1 -1 -1 -1 -1 -1 -1
0.5646966099739075 0.49038365483283997 0.4131411015987396 -1 -1 -1 -1 -1 -1 -1 -1 -1
0.5757946372032166 0.4092371165752411 0.5984736680984497 -1 -1 -1 -1 -1 -1 -1 -1 -1
0.5724197626113892 0.49881091713905334 0.14326365292072296 -1 -1 -1 -1 -1 -1 -1 -1 -1
0.5740707516670227 0.42738133668899536 0.14838644862174988 -1 -1 -1 -1 -1 -1 -1 -1 -1
0.573349118232727 0.5044829845428467 0.1443488746881485 -1 -1 -1 -1 -1 -1 -1 -1 -1
0.574023425579071 0.43055659532546997 0.14536722004413605 -1 -1 -1 -1 -1 -1 -1 -1 -1
0.5728918313980103 0.4993467628955841 0.14629316329956055 -1 -1 -1 -1 -1 -1 -1 -1 -1
0.5725610852241516 0.4337070882320404 0.12970587611198425 -1 -1 -1 -1 -1 -1 -1 -1 -1
0.57256019115448 0.4961816668510437 0.12522797286510468 -1 -1 -1 -1 -1 -1 -1 -1 -1
0.5724149346351624 0.4336355924606323 0.13281019032001495 -1 -1 -1 -1 -1 -1 -1 -1 -1
0.5915905237197876 0.5022084712982178 0.9999411106109619 -1 -1 -1 -1 -1 -1 -1 -1 -1
0.5976886749267578 0.46913039684295654 0.9998624324798584 -1 -1 -1 -1 -1 -1 -1 -1 -1
0.612410843372345 0.539383590221405 0.9126328229904175 -1 -1 -1 -1 -1 -1 -1 -1 -1
0.6252760887145996 0.4821394681930542 0.8115667700767517 -1 -1 -1 -1 -1 -1 -1 -1 -1
0.6112314462661743 0.5889120101928711 0.7642635107040405 -1 -1 -1 -1 -1 -1 -1 -1 -1
0.6174628734588623 0.5355048179626465 0.3825322687625885 -1 -1 -1 -1 -1 -1 -1 -1 -1
0.6109883785247803 0.5929377675056458 0.8818678259849548 -1 -1 -1 -1 -1 -1 -1 -1 -1
0.6144776344299316 0.5390008687973022 0.8577802777290344 -1 -1 -1 -1 -1 -1 -1 -1 -1
0.6071484684944153 0.6140214800834656 0.6194009184837341 -1 -1 -1 -1 -1 -1 -1 -1 -1
0.6179609894752502 0.5662690997123718 0.40017974376678467 -1 -1 -1 -1 -1 -1 -1 -1 -1
1 
33 
-1 -1 -1 -1 -1 -1 -1 -1 -1 -1
0.564453125 0.40990781784057617 0.994428277015686 -1 -1 -1 -1 -1 -1 -1 -1 -1
0.5658611059188843 0.4170647859573364 0.9980125427246094 -1 -1 -1 -1 -1 -1 -1 -1 -1
0.5660876035690308 0.4162951111793518 0.9977976083755493 -1 -1 -1 -1 -1 -1 -1 -1 -1
0.5663573741912842 0.41550910472869873 0.9975549578666687 -1 -1 -1 -1 -1 -1 -1 -1 -1
0.5654155611991882 0.42135706543922424 0.9979062080383301 -1 -1 -1 -1 -1 -1 -1 -1 -1
0.5653597712516785 0.4232146739959717 0.9976746439933777 -1 -1 -1 -1 -1 -1 -1 -1 -1
0.565331757068634 0.4249783754348755 0.9970765113830566 -1 -1 -1 -1 -1 -1 -1 -1 -1
0.5681651830673218 0.41801613569259644 0.9992344379425049 -1 -1 -1 -1 -1 -1 -1 -1 -1
0.5659608840942383 0.4324381351470947 0.9977770447731018 -1 -1 -1 -1 -1 -1 -1 -1 -1
0.5684307813644409 0.4146493077278137 0.9983123540878296 -1 -1 -1 -1 -1 -1 -1 -1 -1
0.5678538680076599 0.41887155175209045 0.9986479878425598 -1 -1 -1 -1 -1 -1 -1 -1 -1
0.578192412853241 0.40748947858810425 0.9998782873153687 -1 -1 -1 -1 -1 -1 -1 -1 -1
0.5707475543022156 0.4372444450855255 0.9995449185371399 -1 -1 -1 -1 -1 -1 -1 -1 -1
0.588053822517395 0.41933581233024597 0.17429465055465698 -1 -1 -1 -1 -1 -1 -1 -1 -1
0.5736918449401855 0.4476868510246277 0.1451847106218338 -1 -1 -1 -1 -1 -1 -1 -1 -1
0.5658714771270752 0.41248148679733276 0.5198529362678528 -1 -1 -1 -1 -1 -1 -1 -1 -1
0.5697659850120544 0.44452303647994995 0.0865168496966362 -1 -1 -1 -1 -1 -1 -1 -1 -1
0.560035765171051 0.4102434813976288 0.6248784065246582 -1 -1 -1 -1 -1 -1 -1 -1 -1
0.5690818428993225 0.44604507088661194 0.10183800011873245 -1 -1 -1 -1 -1 -1 -1 -1 -1
0.5586402416229248 0.40953707695007324 0.5919163823127747 -1 -1 -1 -1 -1 -1 -1 -1 -1
0.5683750510215759 0.4447115659713745 0.09691588580608368 -1 -1 -1 -1 -1 -1 -1 -1 -1
0.5595009326934814 0.41157859563827515 0.5797117948532104 -1 -1 -1 -1 -1 -1 -1 -1 -1
0.5676944851875305 0.44167277216911316 0.11790134757757187 -1 -1 -1 -1 -1 -1 -1 -1 -1
0.6069439053535461 0.44480326771736145 1.0 -1 -1 -1 -1 -1 -1 -1 -1 -1
0.6007651686668396 0.4478883147239685 0.9999992847442627 -1 -1 -1 -1 -1 -1 -1 -1 -1
0.6257238388061523 0.4657394289970398 0.9971848130226135 -1 -1 -1 -1 -1 -1 -1 -1 -1
0.6010592579841614 0.35671466588974 0.9631880521774292 -1 -1 -1 -1 -1 -1 -1 -1 -1
0.6175904273986816 0.556392252445221 0.9726154804229736 -1 -1 -1 -1 -1 -1 -1 -1 -1
0.6059606671333313 0.2513678967952728 0.9851919412612915 -1 -1 -1 -1 -1 -1 -1 -1 -1
0.6125766634941101 0.5574773550033569 0.9826593399047852 -1 -1 -1 -1 -1 -1 -1 -1 -1
0.6074230670928955 0.2406284213066101 0.9821401238441467 -1 -1 -1 -1 -1 -1 -1 -1 -1
0.6149948835372925 0.6089290976524353 0.9559751152992249 -1 -1 -1 -1 -1 -1 -1 -1 -1
0.5988326668739319 0.20446613430976868 0.9790356159210205 -1 -1 -1 -1 -1 -1 -1 -1 -1
1 
33 
-1 -1 -1 -1 -1 -1 -1 -1 -1 -1
0.5497597455978394 0.4723421335220337 0.9968523383140564 -1 -1 -1 -1 -1 -1 -1 -1 -1
0.5471257567405701 0.47794821858406067 0.9975035786628723 -1 -1 -1 -1 -1 -1 -1 -1 -1
0.5470083951950073 0.48149043321609497 0.996942937374115 -1 -1 -1 -1 -1 -1 -1 -1 -1
0.5468945503234863 0.4849779009819031 0.996387243270874 -1 -1 -1 -1 -1 -1 -1 -1 -1
0.5478461384773254 0.46916481852531433 0.9968777894973755 -1 -1 -1 -1 -1 -1 -1 -1 -1
0.5481711030006409 0.46625345945358276 0.9966202974319458 -1 -1 -1 -1 -1 -1 -1 -1 -1
0.5484684109687805 0.46320244669914246 0.996480405330658 -1 -1 -1 -1 -1 -1 -1 -1 -1
0.5493886470794678 0.4889369606971741 0.9986542463302612 -1 -1 -1 -1 -1 -1 -1 -1 -1
0.551581859588623 0.4596356749534607 0.9970455765724182 -1 -1 -1 -1 -1 -1 -1 -1 -1
0.5521541833877563 0.4762517511844635 0.9987706542015076 -1 -1 -1 -1 -1 -1 -1 -1 -1
0.5528355836868286 0.46685364842414856 0.9991512298583984 -1 -1 -1 -1 -1 -1 -1 -1 -1
0.5628923773765564 0.4998764991760254 0.9999686479568481 -1 -1 -1 -1 -1 -1 -1 -1 -1
0.5635290145874023 0.4297069311141968 0.9999076128005981 -1 -1 -1 -1 -1 -1 -1 -1 -1
0.5954990983009338 0.5087382197380066 0.14182348549365997 -1 -1 -1 -1 -1 -1 -1 -1 -1
0.5745640993118286 0.3878045976161957 0.9455903172492981 -1 -1 -1 -1 -1 -1 -1 -1 -1
0.6149566769599915 0.4709346890449524 0.14651988446712494 -1 -1 -1 -1 -1 -1 -1 -1 -1
0.5796751379966736 0.31369489431381226 0.810693085193634 -1 -1 -1 -1 -1 -1 -1 -1 -1
0.6177555918693542 0.4642428755760193 0.11891958117485046 -1 -1 -1 -1 -1 -1 -1 -1 -1
0.5786306262016296 0.2968062162399292 0.668276309967041 -1 -1 -1 -1 -1 -1 -1 -1 -1
0.6169301867485046 0.45836102962493896 0.11782670021057129 -1 -1 -1 -1 -1 -1 -1 -1 -1
0.5762747526168823 0.29652756452560425 0.6710933446884155 -1 -1 -1 -1 -1 -1 -1 -1 -1
0.6154146194458008 0.46008750796318054 0.12213236838579178 -1 -1 -1 -1 -1 -1 -1 -1 -1
0.575035810470581 0.30316704511642456 0.6635820865631104 -1 -1 -1 -1 -1 -1 -1 -1 -1
0.6164284348487854 0.47591784596443176 0.9999979734420776 -1 -1 -1 -1 -1 -1 -1 -1 -1
0.6117258667945862 0.418605238199234 0.9999929666519165 -1 -1 -1 -1 -1 -1 -1 -1 -1
0.6690359115600586 0.5233242511749268 0.9979702830314636 -1 -1 -1 -1 -1 -1 -1 -1 -1
0.6096490621566772 0.29873985052108765 0.9324685335159302 -1 -1 -1 -1 -1 -1 -1 -1 -1
0.6855204105377197 0.5730838775634766 0.96965092420578 -1 -1 -1 -1 -1 -1 -1 -1 -1
0.5888446569442749 0.20234566926956177 0.9488903284072876 -1 -1 -1 -1 -1 -1 -1 -1 -1
0.6853596568107605 0.5763070583343506 0.9525007009506226 -1 -1 -1 -1 -1 -1 -1 -1 -1
0.5864996910095215 0.19213643670082092 0.8737425208091736 -1 -1 -1 -1 -1 -1 -1 -1 -1
0.6990123987197876 0.5931104421615601 0.7187241911888123 -1 -1 -1 -1 -1 -1 -1 -1 -1
0.5836640000343323 0.1726115345954895 0.6742702126502991 -1 -1 -1 -1 -1 -1 -1 -1 -1
1 
33 
-1 -1 -1 -1 -1 -1 -1 -1 -1 -1
0.5573434829711914 0.47139883041381836 0.9274585843086243 -1 -1 -1 -1 -1 -1 -1 -1 -1
0.5581797957420349 0.46741849184036255 0.9414201378822327 -1 -1 -1 -1 -1 -1 -1 -1 -1
0.5569255352020264 0.46784329414367676 0.9339356422424316 -1 -1 -1 -1 -1 -1 -1 -1 -1
0.5563870072364807 0.467536598443985 0.9422295093536377 -1 -1 -1 -1 -1 -1 -1 -1 -1
0.5596927404403687 0.4726616442203522 0.9426146745681763 -1 -1 -1 -1 -1 -1 -1 -1 -1
0.5606687068939209 0.4734039902687073 0.9354821443557739 -1 -1 -1 -1 -1 -1 -1 -1 -1
0.5615444779396057 0.4745227098464966 0.9521809816360474 -1 -1 -1 -1 -1 -1 -1 -1 -1
0.5578904151916504 0.4635174870491028 0.9409827589988708 -1 -1 -1 -1 -1 -1 -1 -1 -1
0.5645238161087036 0.47411179542541504 0.9450234174728394 -1 -1 -1 -1 -1 -1 -1 -1 -1
0.557833731174469 0.46286046504974365 0.8624535799026489 -1 -1 -1 -1 -1 -1 -1 -1 -1
0.5602290630340576 0.46686458587646484 0.8780925869941711 -1 -1 -1 -1 -1 -1 -1 -1 -1
0.556273877620697 0.42747047543525696 0.9991422891616821 -1 -1 -1 -1 -1 -1 -1 -1 -1
0.5668516159057617 0.4713989794254303 0.9986974596977234 -1 -1 -1 -1 -1 -1 -1 -1 -1
0.574169933795929 0.4122139811515808 0.07208160310983658 -1 -1 -1 -1 -1 -1 -1 -1 -1
0.5882142186164856 0.5023475289344788 0.07513774186372757 -1 -1 -1 -1 -1 -1 -1 -1 -1
0.5797325968742371 0.41906797885894775 0.15169896185398102 -1 -1 -1 -1 -1 -1 -1 -1 -1
0.5908602476119995 0.5184569358825684 0.08847028017044067 -1 -1 -1 -1 -1 -1 -1 -1 -1
0.5824633836746216 0.42157652974128723 0.19693587720394135 -1 -1 -1 -1 -1 -1 -1 -1 -1
0.5913674235343933 0.5187637805938721 0.11510991305112839 -1 -1 -1 -1 -1 -1 -1 -1 -1
0.5811526775360107 0.42158424854278564 0.17872309684753418 -1 -1 -1 -1 -1 -1 -1 -1 -1
0.5898621082305908 0.5229936838150024 0.11238633841276169 -1 -1 -1 -1 -1 -1 -1 -1 -1
0.5799158811569214 0.4221634864807129 0.15788231790065765 -1 -1 -1 -1 -1 -1 -1 -1 -1
0.5889257192611694 0.5229070782661438 0.13074392080307007 -1 -1 -1 -1 -1 -1 -1 -1 -1
0.6102885603904724 0.41179749369621277 0.9998999834060669 -1 -1 -1 -1 -1 -1 -1 -1 -1
0.6111127138137817 0.4385495185852051 0.9998255372047424 -1 -1 -1 -1 -1 -1 -1 -1 -1
0.6367210745811462 0.332700252532959 0.9638227224349976 -1 -1 -1 -1 -1 -1 -1 -1 -1
0.6260285377502441 0.44266390800476074 0.8705511093139648 -1 -1 -1 -1 -1 -1 -1 -1 -1
0.6305645108222961 0.2712955176830292 0.9166467189788818 -1 -1 -1 -1 -1 -1 -1 -1 -1
0.6157215237617493 0.46321573853492737 0.8350291848182678 -1 -1 -1 -1 -1 -1 -1 -1 -1
0.6323155164718628 0.2629595398902893 0.9313934445381165 -1 -1 -1 -1 -1 -1 -1 -1 -1
0.6164491772651672 0.4649731516838074 0.8534915447235107 -1 -1 -1 -1 -1 -1 -1 -1 -1
0.6274135112762451 0.25479981303215027 0.8680194020271301 -1 -1 -1 -1 -1 -1 -1 -1 -1
0.6088510751724243 0.4679228961467743 0.8128899931907654 -1 -1 -1 -1 -1 -1 -1 -1 -1
1 
33 
-1 -1 -1 -1 -1 -1 -1 -1 -1 -1
0.5671588182449341 0.46188825368881226 0.9988150596618652 -1 -1 -1 -1 -1 -1 -1 -1 -1
0.5652279853820801 0.46120789647102356 0.9992535710334778 -1 -1 -1 -1 -1 -1 -1 -1 -1
0.5655392408370972 0.4615916907787323 0.9992233514785767 -1 -1 -1 -1 -1 -1 -1 -1 -1
0.5657524466514587 0.4621089696884155 0.9991610050201416 -1 -1 -1 -1 -1 -1 -1 -1 -1
0.5655896663665771 0.45972558856010437 0.9989559650421143 -1 -1 -1 -1 -1 -1 -1 -1 -1
0.5669012665748596 0.45928463339805603 0.9990071654319763 -1 -1 -1 -1 -1 -1 -1 -1 -1
0.5671724081039429 0.4587904214859009 0.9989996552467346 -1 -1 -1 -1 -1 -1 -1 -1 -1
0.5707949995994568 0.45850279927253723 0.9994555115699768 -1 -1 -1 -1 -1 -1 -1 -1 -1
0.5718931555747986 0.45403072237968445 0.9985137581825256 -1 -1 -1 -1 -1 -1 -1 -1 -1
0.5736933946609497 0.4584127962589264 0.9978784322738647 -1 -1 -1 -1 -1 -1 -1 -1 -1
0.5744037628173828 0.4574977457523346 0.9968553781509399 -1 -1 -1 -1 -1 -1 -1 -1 -1
0.5889887809753418 0.4570266604423523 0.9998648166656494 -1 -1 -1 -1 -1 -1 -1 -1 -1
0.5894099473953247 0.4114387333393097 0.9995836615562439 -1 -1 -1 -1 -1 -1 -1 -1 -1
0.6043420433998108 0.5164438486099243 0.9061208963394165 -1 -1 -1 -1 -1 -1 -1 -1 -1
0.5917772054672241 0.3365442156791687 0.990227222442627 -1 -1 -1 -1 -1 -1 -1 -1 -1
0.5988695621490479 0.5729824900627136 0.8632594347000122 -1 -1 -1 -1 -1 -1 -1 -1 -1
0.5936334729194641 0.2362198531627655 0.9522197842597961 -1 -1 -1 -1 -1 -1 -1 -1 -1
0.6010305285453796 0.5879577994346619 0.7640344500541687 -1 -1 -1 -1 -1 -1 -1 -1 -1
0.5845634937286377 0.22418320178985596 0.8956987261772156 -1 -1 -1 -1 -1 -1 -1 -1 -1
0.5972592234611511 0.5868363976478577 0.753802478313446 -1 -1 -1 -1 -1 -1 -1 -1 -1
0.5825547575950623 0.22756147384643555 0.8880349397659302 -1 -1 -1 -1 -1 -1 -1 -1 -1
0.5975175499916077 0.5832923054695129 0.699599027633667 -1 -1 -1 -1 -1 -1 -1 -1 -1
0.582812488079071 0.23654013872146606 0.8611681461334229 -1 -1 -1 -1 -1 -1 -1 -1 -1
0.6434922814369202 0.4711396396160126 0.9999408721923828 -1 -1 -1 -1 -1 -1 -1 -1 -1
0.6430421471595764 0.44717517495155334 0.9995805621147156 -1 -1 -1 -1 -1 -1 -1 -1 -1
0.6930724382400513 0.49544399976730347 0.9825900197029114 -1 -1 -1 -1 -1 -1 -1 -1 -1
0.6557005643844604 0.40161582827568054 0.4839109480381012 -1 -1 -1 -1 -1 -1 -1 -1 -1
0.7239219546318054 0.4960939288139343 0.9362947940826416 -1 -1 -1 -1 -1 -1 -1 -1 -1
0.6375858783721924 0.3282633423805237 0.5570919513702393 -1 -1 -1 -1 -1 -1 -1 -1 -1
0.7243356704711914 0.4961983561515808 0.9468159079551697 -1 -1 -1 -1 -1 -1 -1 -1 -1
0.6326491832733154 0.32332921028137207 0.6914815902709961 -1 -1 -1 -1 -1 -1 -1 -1 -1
0.7468339800834656 0.4915482699871063 0.8722390532493591 -1 -1 -1 -1 -1 -1 -1 -1 -1
0.6373773813247681 0.3024882674217224 0.5279921293258667 -1 -1 -1 -1 -1 -1 -1 -1 -1
1 
33 
-1 -1 -1 -1 -1 -1 -1 -1 -1 -1
0.5606446266174316 0.4495795965194702 0.9958961009979248 -1 -1 -1 -1 -1 -1 -1 -1 -1
0.5600394606590271 0.454163134098053 0.9979187846183777 -1 -1 -1 -1 -1 -1 -1 -1 -1
0.560477614402771 0.45474493503570557 0.9969263672828674 -1 -1 -1 -1 -1 -1 -1 -1 -1
0.5608645677566528 0.4555603563785553 0.997698962688446 -1 -1 -1 -1 -1 -1 -1 -1 -1
0.5605621337890625 0.45529884099960327 0.9972639083862305 -1 -1 -1 -1 -1 -1 -1 -1 -1
0.5613921284675598 0.45671868324279785 0.9962131977081299 -1 -1 -1 -1 -1 -1 -1 -1 -1
0.5620455741882324 0.4626825451850891 0.9974539875984192 -1 -1 -1 -1 -1 -1 -1 -1 -1
0.5663372874259949 0.4638206958770752 0.996178388595581 -1 -1 -1 -1 -1 -1 -1 -1 -1
0.5669050216674805 0.4698193669319153 0.9955938458442688 -1 -1 -1 -1 -1 -1 -1 -1 -1
0.566228449344635 0.4493921995162964 0.9864813089370728 -1 -1 -1 -1 -1 -1 -1 -1 -1
0.5669456124305725 0.450598806142807 0.9850156307220459 -1 -1 -1 -1 -1 -1 -1 -1 -1
0.5860849618911743 0.4366956353187561 0.9982089996337891 -1 -1 -1 -1 -1 -1 -1 -1 -1
0.5896130800247192 0.454039603471756 0.9977388381958008 -1 -1 -1 -1 -1 -1 -1 -1 -1
0.5891369581222534 0.4520658552646637 0.19968870282173157 -1 -1 -1 -1 -1 -1 -1 -1 -1
0.6006012558937073 0.49516499042510986 0.4323401153087616 -1 -1 -1 -1 -1 -1 -1 -1 -1
0.5882949233055115 0.4743596613407135 0.4146788418292999 -1 -1 -1 -1 -1 -1 -1 -1 -1
0.5957481861114502 0.5596052408218384 0.4760763347148895 -1 -1 -1 -1 -1 -1 -1 -1 -1
0.5884464383125305 0.47879740595817566 0.42071688175201416 -1 -1 -1 -1 -1 -1 -1 -1 -1
0.5959658622741699 0.5696052312850952 0.4454609155654907 -1 -1 -1 -1 -1 -1 -1 -1 -1
0.5883199572563171 0.48008790612220764 0.40277060866355896 -1 -1 -1 -1 -1 -1 -1 -1 -1
0.5949362516403198 0.570769190788269 0.45581066608428955 -1 -1 -1 -1 -1 -1 -1 -1 -1
0.5881850123405457 0.47890183329582214 0.4014208912849426 -1 -1 -1 -1 -1 -1 -1 -1 -1
0.5949693322181702 0.5687863826751709 0.514000654220581 -1 -1 -1 -1 -1 -1 -1 -1 -1
0.6511746048927307 0.4623129963874817 0.9995810389518738 -1 -1 -1 -1 -1 -1 -1 -1 -1
0.6420895457267761 0.4515550136566162 0.9978221654891968 -1 -1 -1 -1 -1 -1 -1 -1 -1
0.6976821422576904 0.5065878033638 0.9305309653282166 -1 -1 -1 -1 -1 -1 -1 -1 -1
0.6128674149513245 0.4019594192504883 0.630448043346405 -1 -1 -1 -1 -1 -1 -1 -1 -1
0.7527992725372314 0.5419973134994507 0.7450346946716309 -1 -1 -1 -1 -1 -1 -1 -1 -1
0.6163473129272461 0.3231107294559479 0.40011829137802124 -1 -1 -1 -1 -1 -1 -1 -1 -1
0.7600804567337036 0.5451515316963196 0.8581330180168152 -1 -1 -1 -1 -1 -1 -1 -1 -1
0.6151449680328369 0.3205049932003021 0.539432168006897 -1 -1 -1 -1 -1 -1 -1 -1 -1
0.7725929617881775 0.5494070649147034 0.6310794353485107 -1 -1 -1 -1 -1 -1 -1 -1 -1
0.6098307967185974 0.29070788621902466 0.40365663170814514 -1 -1 -1 -1 -1 -1 -1 -1 -1
1 
33 
-1 -1 -1 -1 -1 -1 -1 -1 -1 -1
0.5620226860046387 0.4651378095149994 0.9998704195022583 -1 -1 -1 -1 -1 -1 -1 -1 -1
0.5601847767829895 0.46572643518447876 0.9999545812606812 -1 -1 -1 -1 -1 -1 -1 -1 -1
0.5601769685745239 0.46403005719184875 0.9999297857284546 -1 -1 -1 -1 -1 -1 -1 -1 -1
0.5600793361663818 0.46249958872795105 0.999954342842102 -1 -1 -1 -1 -1 -1 -1 -1 -1
0.5620954036712646 0.47460076212882996 0.99991774559021 -1 -1 -1 -1 -1 -1 -1 -1 -1
0.5632300972938538 0.47713711857795715 0.9998511075973511 -1 -1 -1 -1 -1 -1 -1 -1 -1
0.5646644830703735 0.4839654862880707 0.9999058246612549 -1 -1 -1 -1 -1 -1 -1 -1 -1
0.5648424029350281 0.4656694233417511 0.9999423027038574 -1 -1 -1 -1 -1 -1 -1 -1 -1
0.5697001218795776 0.4891127049922943 0.9999001026153564 -1 -1 -1 -1 -1 -1 -1 -1 -1
0.5661129951477051 0.4587674140930176 0.9997283816337585 -1 -1 -1 -1 -1 -1 -1 -1 -1
0.5684425830841064 0.46696311235427856 0.9994733929634094 -1 -1 -1 -1 -1 -1 -1 -1 -1
0.5840333104133606 0.42231351137161255 0.9999576807022095 -1 -1 -1 -1 -1 -1 -1 -1 -1
0.5953882932662964 0.4941596984863281 0.9991588592529297 -1 -1 -1 -1 -1 -1 -1 -1 -1
0.5987982749938965 0.41467273235321045 0.29122117161750793 -1 -1 -1 -1 -1 -1 -1 -1 -1
0.6089118123054504 0.5381616353988647 0.23390927910804749 -1 -1 -1 -1 -1 -1 -1 -1 -1
0.5960485339164734 0.4208095967769623 0.4108941853046417 -1 -1 -1 -1 -1 -1 -1 -1 -1
0.5979781150817871 0.5682917833328247 0.354973167181015 -1 -1 -1 -1 -1 -1 -1 -1 -1
0.5963731408119202 0.41932809352874756 0.42096683382987976 -1 -1 -1 -1 -1 -1 -1 -1 -1
0.5967809557914734 0.5817926526069641 0.3803166449069977 -1 -1 -1 -1 -1 -1 -1 -1 -1
0.5945486426353455 0.42297255992889404 0.4033813774585724 -1 -1 -1 -1 -1 -1 -1 -1 -1
0.5947096347808838 0.5834757089614868 0.389882892370224 -1 -1 -1 -1 -1 -1 -1 -1 -1
0.5949628949165344 0.425305038690567 0.40209728479385376 -1 -1 -1 -1 -1 -1 -1 -1 -1
0.5951535105705261 0.5789211988449097 0.44864460825920105 -1 -1 -1 -1 -1 -1 -1 -1 -1
0.6469102501869202 0.4438307285308838 0.9999772310256958 -1 -1 -1 -1 -1 -1 -1 -1 -1
0.6453980207443237 0.48547136783599854 0.9998899698257446 -1 -1 -1 -1 -1 -1 -1 -1 -1
0.7130182385444641 0.44260072708129883 0.9559381604194641 -1 -1 -1 -1 -1 -1 -1 -1 -1
0.6785148978233337 0.516764223575592 0.5729672312736511 -1 -1 -1 -1 -1 -1 -1 -1 -1
0.7580568194389343 0.43755897879600525 0.9007816314697266 -1 -1 -1 -1 -1 -1 -1 -1 -1
0.699126124382019 0.5235037803649902 0.3997858762741089 -1 -1 -1 -1 -1 -1 -1 -1 -1
0.7623844146728516 0.4383772015571594 0.8412019610404968 -1 -1 -1 -1 -1 -1 -1 -1 -1
0.7017085552215576 0.5168934464454651 0.38162142038345337 -1 -1 -1 -1 -1 -1 -1 -1 -1
0.7802282571792603 0.4303176701068878 0.7997034788131714 -1 -1 -1 -1 -1 -1 -1 -1 -1
0.7115806341171265 0.5413147211074829 0.34186097979545593 -1 -1 -1 -1 -1 -1 -1 -1 -1
1 
33 
-1 -1 -1 -1 -1 -1 -1 -1 -1 -1
0.550471305847168 0.4674786329269409 0.7656946182250977 -1 -1 -1 -1 -1 -1 -1 -1 -1
0.5513816475868225 0.4684741497039795 0.8492783308029175 -1 -1 -1 -1 -1 -1 -1 -1 -1
0.5515726804733276 0.4679023027420044 0.8506830930709839 -1 -1 -1 -1 -1 -1 -1 -1 -1
0.551795244216919 0.46733078360557556 0.8681397438049316 -1 -1 -1 -1 -1 -1 -1 -1 -1
0.5514535307884216 0.4708719849586487 0.8781434297561646 -1 -1 -1 -1 -1 -1 -1 -1 -1
0.5516367554664612 0.4718170464038849 0.8537365794181824 -1 -1 -1 -1 -1 -1 -1 -1 -1
0.5518209338188171 0.4727201759815216 0.8817116618156433 -1 -1 -1 -1 -1 -1 -1 -1 -1
0.5536683797836304 0.4658072590827942 0.8418004512786865 -1 -1 -1 -1 -1 -1 -1 -1 -1
0.5535574555397034 0.4753788113594055 0.8753631711006165 -1 -1 -1 -1 -1 -1 -1 -1 -1
0.5520098209381104 0.46515750885009766 0.7632523775100708 -1 -1 -1 -1 -1 -1 -1 -1 -1
0.5520427227020264 0.4666902422904968 0.7830600142478943 -1 -1 -1 -1 -1 -1 -1 -1 -1
0.560501217842102 0.44520506262779236 0.9928103685379028 -1 -1 -1 -1 -1 -1 -1 -1 -1
0.5568711161613464 0.4838019907474518 0.9988059997558594 -1 -1 -1 -1 -1 -1 -1 -1 -1
0.5807902216911316 0.4391540288925171 0.012552489526569843 -1 -1 -1 -1 -1 -1 -1 -1 -1
0.5731722116470337 0.5168445706367493 0.07420527189970016 -1 -1 -1 -1 -1 -1 -1 -1 -1
0.585536003112793 0.42521747946739197 0.05306631699204445 -1 -1 -1 -1 -1 -1 -1 -1 -1
0.5734148025512695 0.5018317103385925 0.14706601202487946 -1 -1 -1 -1 -1 -1 -1 -1 -1
0.5885545015335083 0.4233461022377014 0.08843375742435455 -1 -1 -1 -1 -1 -1 -1 -1 -1
0.5753259062767029 0.4974353611469269 0.18741455674171448 -1 -1 -1 -1 -1 -1 -1 -1 -1
0.5868620872497559 0.4205445349216461 0.0903857871890068 -1 -1 -1 -1 -1 -1 -1 -1 -1
0.5718948245048523 0.49661362171173096 0.1864514797925949 -1 -1 -1 -1 -1 -1 -1 -1 -1
0.5850865244865417 0.4212145507335663 0.08551476150751114 -1 -1 -1 -1 -1 -1 -1 -1 -1
0.5706419944763184 0.49786925315856934 0.19075138866901398 -1 -1 -1 -1 -1 -1 -1 -1 -1
0.6016729474067688 0.462912380695343 0.9998074173927307 -1 -1 -1 -1 -1 -1 -1 -1 -1
0.598129153251648 0.47930988669395447 0.9998300075531006 -1 -1 -1 -1 -1 -1 -1 -1 -1
0.6083323955535889 0.40236204862594604 0.7291423678398132 -1 -1 -1 -1 -1 -1 -1 -1 -1
0.5918142199516296 0.45673641562461853 0.7545841336250305 -1 -1 -1 -1 -1 -1 -1 -1 -1
0.6127458810806274 0.309548556804657 0.8735837340354919 -1 -1 -1 -1 -1 -1 -1 -1 -1
0.5902736783027649 0.4179345369338989 0.7226524353027344 -1 -1 -1 -1 -1 -1 -1 -1 -1
0.6175807118415833 0.2981308698654175 0.879271388053894 -1 -1 -1 -1 -1 -1 -1 -1 -1
0.5929151177406311 0.40984469652175903 0.6872730851173401 -1 -1 -1 -1 -1 -1 -1 -1 -1
0.6030933856964111 0.2837403416633606 0.8138543367385864 -1 -1 -1 -1 -1 -1 -1 -1 -1
0.5801254510879517 0.4135760962963104 0.6710578203201294 -1 -1 -1 -1 -1 -1 -1 -1 -1
1 
33 
-1 -1 -1 -1 -1 -1 -1 -1 -1 -1
0.5602557063102722 0.4974115788936615 0.8954689502716064 -1 -1 -1 -1 -1 -1 -1 -1 -1
0.5583248138427734 0.4923017919063568 0.9360970258712769 -1 -1 -1 -1 -1 -1 -1 -1 -1
0.558495044708252 0.4921055734157562 0.9247012734413147 -1 -1 -1 -1 -1 -1 -1 -1 -1
0.5584796071052551 0.4922480583190918 0.9337834119796753 -1 -1 -1 -1 -1 -1 -1 -1 -1
0.5590193867683411 0.49804362654685974 0.9337195158004761 -1 -1 -1 -1 -1 -1 -1 -1 -1
0.559847891330719 0.49810507893562317 0.9185361862182617 -1 -1 -1 -1 -1 -1 -1 -1 -1
0.5605112314224243 0.498714804649353 0.9375073909759521 -1 -1 -1 -1 -1 -1 -1 -1 -1
0.5614815950393677 0.49406981468200684 0.9481499791145325 -1 -1 -1 -1 -1 -1 -1 -1 -1
0.563453197479248 0.4988405406475067 0.9614043831825256 -1 -1 -1 -1 -1 -1 -1 -1 -1
0.5640766620635986 0.4923984408378601 0.8986753821372986 -1 -1 -1 -1 -1 -1 -1 -1 -1
0.5653795003890991 0.4936668574810028 0.9038181900978088 -1 -1 -1 -1 -1 -1 -1 -1 -1
0.5661215782165527 0.4925997257232666 0.9976406097412109 -1 -1 -1 -1 -1 -1 -1 -1 -1
0.5730330348014832 0.5045945048332214 0.9974162578582764 -1 -1 -1 -1 -1 -1 -1 -1 -1
0.5905646085739136 0.4986107647418976 0.23856429755687714 -1 -1 -1 -1 -1 -1 -1 -1 -1
0.59737229347229 0.5208028554916382 0.20540094375610352 -1 -1 -1 -1 -1 -1 -1 -1 -1
0.5914457440376282 0.5589727759361267 0.39311274886131287 -1 -1 -1 -1 -1 -1 -1 -1 -1
0.5907660722732544 0.5381837487220764 0.22468742728233337 -1 -1 -1 -1 -1 -1 -1 -1 -1
0.5916318893432617 0.5793161988258362 0.45303308963775635 -1 -1 -1 -1 -1 -1 -1 -1 -1
0.591437041759491 0.5077860355377197 0.22777888178825378 -1 -1 -1 -1 -1 -1 -1 -1 -1
0.5898903012275696 0.5832216739654541 0.43053683638572693 -1 -1 -1 -1 -1 -1 -1 -1 -1
0.5889816880226135 0.5184710025787354 0.2284913957118988 -1 -1 -1 -1 -1 -1 -1 -1 -1
0.5892542600631714 0.5737252235412598 0.4003886878490448 -1 -1 -1 -1 -1 -1 -1 -1 -1
0.5892379879951477 0.5226049423217773 0.2607490122318268 -1 -1 -1 -1 -1 -1 -1 -1 -1
0.6210328936576843 0.4875096082687378 0.9998108744621277 -1 -1 -1 -1 -1 -1 -1 -1 -1
0.6171026825904846 0.48219606280326843 0.9996544122695923 -1 -1 -1 -1 -1 -1 -1 -1 -1
0.6923181414604187 0.4969417154788971 0.9347602725028992 -1 -1 -1 -1 -1 -1 -1 -1 -1
0.636345386505127 0.42285189032554626 0.4722787141799927 -1 -1 -1 -1 -1 -1 -1 -1 -1
0.7359883189201355 0.4675852656364441 0.8557946681976318 -1 -1 -1 -1 -1 -1 -1 -1 -1
0.6376346349716187 0.3697327971458435 0.23965857923030853 -1 -1 -1 -1 -1 -1 -1 -1 -1
0.7407701015472412 0.45940926671028137 0.9152656197547913 -1 -1 -1 -1 -1 -1 -1 -1 -1
0.6385347247123718 0.36204761266708374 0.36212942004203796 -1 -1 -1 -1 -1 -1 -1 -1 -1
0.7538178563117981 0.46012598276138306 0.627979576587677 -1 -1 -1 -1 -1 -1 -1 -1 -1
0.6386640071868896 0.3572045564651489 0.15659256279468536 -1 -1 -1 -1 -1 -1 -1 -1 -1
1 
33 
-1 -1 -1 -1 -1 -1 -1 -1 -1 -1
0.5581568479537964 0.4913511574268341 0.9800257682800293 -1 -1 -1 -1 -1 -1 -1 -1 -1
0.5572386980056763 0.48672211170196533 0.9821698069572449 -1 -1 -1 -1 -1 -1 -1 -1 -1
0.5571861267089844 0.4846120774745941 0.9805383086204529 -1 -1 -1 -1 -1 -1 -1 -1 -1
0.5571551322937012 0.4825077950954437 0.9813413619995117 -1 -1 -1 -1 -1 -1 -1 -1 -1
0.5572264194488525 0.49147090315818787 0.9761748313903809 -1 -1 -1 -1 -1 -1 -1 -1 -1
0.5571093559265137 0.492554634809494 0.9720681309700012 -1 -1 -1 -1 -1 -1 -1 -1 -1
0.5570098757743835 0.4936334490776062 0.9749357104301453 -1 -1 -1 -1 -1 -1 -1 -1 -1
0.5572263598442078 0.47359374165534973 0.9857149720191956 -1 -1 -1 -1 -1 -1 -1 -1 -1
0.5566632151603699 0.4915189743041992 0.9785756468772888 -1 -1 -1 -1 -1 -1 -1 -1 -1
0.5596696138381958 0.486123651266098 0.9438314437866211 -1 -1 -1 -1 -1 -1 -1 -1 -1
0.5596762299537659 0.49068981409072876 0.9279490113258362 -1 -1 -1 -1 -1 -1 -1 -1 -1
0.5672979950904846 0.4437802731990814 0.9993444085121155 -1 -1 -1 -1 -1 -1 -1 -1 -1
0.5634708404541016 0.5026965737342834 0.997307300567627 -1 -1 -1 -1 -1 -1 -1 -1 -1
0.5859806537628174 0.41242051124572754 0.3497527241706848 -1 -1 -1 -1 -1 -1 -1 -1 -1
0.5792048573493958 0.5460702180862427 0.15721851587295532 -1 -1 -1 -1 -1 -1 -1 -1 -1
0.5892088413238525 0.3577331602573395 0.4017353355884552 -1 -1 -1 -1 -1 -1 -1 -1 -1
0.5833578705787659 0.5415170788764954 0.10853391140699387 -1 -1 -1 -1 -1 -1 -1 -1 -1
0.5894172191619873 0.34092089533805847 0.3715887665748596 -1 -1 -1 -1 -1 -1 -1 -1 -1
0.5850809216499329 0.5389811396598816 0.09631277620792389 -1 -1 -1 -1 -1 -1 -1 -1 -1
0.5887014269828796 0.33514460921287537 0.39233511686325073 -1 -1 -1 -1 -1 -1 -1 -1 -1
0.5817703604698181 0.5386008024215698 0.09946773201227188 -1 -1 -1 -1 -1 -1 -1 -1 -1
0.5884329676628113 0.34279417991638184 0.4121137261390686 -1 -1 -1 -1 -1 -1 -1 -1 -1
0.5806584358215332 0.5389686822891235 0.12008208781480789 -1 -1 -1 -1 -1 -1 -1 -1 -1
0.6164193153381348 0.4722224175930023 0.9997598528862 -1 -1 -1 -1 -1 -1 -1 -1 -1
0.6116504073143005 0.4820365905761719 0.9988890290260315 -1 -1 -1 -1 -1 -1 -1 -1 -1
0.6582757234573364 0.5170702338218689 0.898506760597229 -1 -1 -1 -1 -1 -1 -1 -1 -1
0.6137489676475525 0.42721229791641235 0.5786510109901428 -1 -1 -1 -1 -1 -1 -1 -1 -1
0.7085418105125427 0.5477195382118225 0.8049856424331665 -1 -1 -1 -1 -1 -1 -1 -1 -1
0.6124483942985535 0.37028491497039795 0.6129105091094971 -1 -1 -1 -1 -1 -1 -1 -1 -1
0.7151513695716858 0.5532771944999695 0.8600171208381653 -1 -1 -1 -1 -1 -1 -1 -1 -1
0.6134122610092163 0.3634551465511322 0.5401139855384827 -1 -1 -1 -1 -1 -1 -1 -1 -1
0.7211380004882812 0.5481441020965576 0.5987132787704468 -1 -1 -1 -1 -1 -1 -1 -1 -1
0.6046091318130493 0.35325247049331665 0.49749496579170227 -1 -1 -1 -1 -1 -1 -1 -1 -1
1 
33 
-1 -1 -1 -1 -1 -1 -1 -1 -1 -1
0.5395615100860596 0.5230340361595154 0.9987756609916687 -1 -1 -1 -1 -1 -1 -1 -1 -1
0.5370975136756897 0.5248979926109314 0.9993841648101807 -1 -1 -1 -1 -1 -1 -1 -1 -1
0.5367576479911804 0.5235031843185425 0.9992247819900513 -1 -1 -1 -1 -1 -1 -1 -1 -1
0.5364260077476501 0.5220698714256287 0.9994627833366394 -1 -1 -1 -1 -1 -1 -1 -1 -1
0.5384505987167358 0.5297736525535583 0.9994251728057861 -1 -1 -1 -1 -1 -1 -1 -1 -1
0.5389663577079773 0.5316764712333679 0.999244213104248 -1 -1 -1 -1 -1 -1 -1 -1 -1
0.5394884347915649 0.5335449576377869 0.999354898929596 -1 -1 -1 -1 -1 -1 -1 -1 -1
0.5381148457527161 0.5197741389274597 0.9991662502288818 -1 -1 -1 -1 -1 -1 -1 -1 -1
0.5424776673316956 0.5361827611923218 0.9989683628082275 -1 -1 -1 -1 -1 -1 -1 -1 -1
0.542317271232605 0.5173866152763367 0.9971343278884888 -1 -1 -1 -1 -1 -1 -1 -1 -1
0.5438870191574097 0.5226214528083801 0.9977789521217346 -1 -1 -1 -1 -1 -1 -1 -1 -1
0.5522739887237549 0.4868495464324951 0.9996985197067261 -1 -1 -1 -1 -1 -1 -1 -1 -1
0.5556377172470093 0.5339459776878357 0.9996389150619507 -1 -1 -1 -1 -1 -1 -1 -1 -1
0.5758863091468811 0.45746585726737976 0.15055739879608154 -1 -1 -1 -1 -1 -1 -1 -1 -1
0.5764244794845581 0.5625355243682861 0.19002707302570343 -1 -1 -1 -1 -1 -1 -1 -1 -1
0.5838075876235962 0.4218328595161438 0.30450278520584106 -1 -1 -1 -1 -1 -1 -1 -1 -1
0.5837079286575317 0.5841570496559143 0.24530552327632904 -1 -1 -1 -1 -1 -1 -1 -1 -1
0.5845028758049011 0.41260507702827454 0.3250275254249573 -1 -1 -1 -1 -1 -1 -1 -1 -1
0.5848244428634644 0.5904920697212219 0.2567673921585083 -1 -1 -1 -1 -1 -1 -1 -1 -1
0.5833730101585388 0.4088112413883209 0.32281407713890076 -1 -1 -1 -1 -1 -1 -1 -1 -1
0.5841639637947083 0.592576265335083 0.2562388777732849 -1 -1 -1 -1 -1 -1 -1 -1 -1
0.5832695364952087 0.41353434324264526 0.31403207778930664 -1 -1 -1 -1 -1 -1 -1 -1 -1
0.5838713049888611 0.5901089310646057 0.2857096493244171 -1 -1 -1 -1 -1 -1 -1 -1 -1
0.6035500168800354 0.4704591929912567 0.9999610185623169 -1 -1 -1 -1 -1 -1 -1 -1 -1
0.5979326367378235 0.49766626954078674 0.9999063014984131 -1 -1 -1 -1 -1 -1 -1 -1 -1
0.6243124604225159 0.3952701687812805 0.9787009358406067 -1 -1 -1 -1 -1 -1 -1 -1 -1
0.5788620114326477 0.4957939088344574 0.919497013092041 -1 -1 -1 -1 -1 -1 -1 -1 -1
0.6396108269691467 0.3933600187301636 0.9518314003944397 -1 -1 -1 -1 -1 -1 -1 -1 -1
0.5688737630844116 0.4836603105068207 0.9566588997840881 -1 -1 -1 -1 -1 -1 -1 -1 -1
0.6414786577224731 0.39710623025894165 0.9442455172538757 -1 -1 -1 -1 -1 -1 -1 -1 -1
0.5709198713302612 0.4806007444858551 0.9446240067481995 -1 -1 -1 -1 -1 -1 -1 -1 -1
0.6427663564682007 0.3832629919052124 0.9219867587089539 -1 -1 -1 -1 -1 -1 -1 -1 -1
0.5558988451957703 0.48341310024261475 0.946972668170929 -1 -1 -1 -1 -1 -1 -1 -1 -1
1 
33 
-1 -1 -1 -1 -1 -1 -1 -1 -1 -1
0.5638397932052612 0.49733397364616394 0.954448401927948 -1 -1 -1 -1 -1 -1 -1 -1 -1
0.561504065990448 0.4931768774986267 0.9546487331390381 -1 -1 -1 -1 -1 -1 -1 -1 -1
0.5608145594596863 0.4909532368183136 0.95734703540802 -1 -1 -1 -1 -1 -1 -1 -1 -1
0.560165286064148 0.48872730135917664 0.9708026647567749 -1 -1 -1 -1 -1 -1 -1 -1 -1
0.5629783272743225 0.4998915195465088 0.9538882970809937 -1 -1 -1 -1 -1 -1 -1 -1 -1
0.5632354021072388 0.5023936033248901 0.9327447414398193 -1 -1 -1 -1 -1 -1 -1 -1 -1
0.563496470451355 0.504848837852478 0.9566521048545837 -1 -1 -1 -1 -1 -1 -1 -1 -1
0.5582127571105957 0.48589175939559937 0.9274306893348694 -1 -1 -1 -1 -1 -1 -1 -1 -1
0.5632317662239075 0.5106320381164551 0.920099139213562 -1 -1 -1 -1 -1 -1 -1 -1 -1
0.5643539428710938 0.4948575794696808 0.8776459097862244 -1 -1 -1 -1 -1 -1 -1 -1 -1
0.5658394694328308 0.5020032525062561 0.8519744873046875 -1 -1 -1 -1 -1 -1 -1 -1 -1
0.5606207847595215 0.4711869955062866 0.99783855676651 -1 -1 -1 -1 -1 -1 -1 -1 -1
0.5676345229148865 0.5393849015235901 0.9986506104469299 -1 -1 -1 -1 -1 -1 -1 -1 -1
0.5678452253341675 0.45052775740623474 0.1875511258840561 -1 -1 -1 -1 -1 -1 -1 -1 -1
0.5827130079269409 0.5813778638839722 0.1478997766971588 -1 -1 -1 -1 -1 -1 -1 -1 -1
0.5671483278274536 0.42564305663108826 0.3088502585887909 -1 -1 -1 -1 -1 -1 -1 -1 -1
0.5857560634613037 0.6026870012283325 0.08289462327957153 -1 -1 -1 -1 -1 -1 -1 -1 -1
0.5684788227081299 0.4176701307296753 0.36119362711906433 -1 -1 -1 -1 -1 -1 -1 -1 -1
0.5879883766174316 0.6071432828903198 0.08367204666137695 -1 -1 -1 -1 -1 -1 -1 -1 -1
0.5667420625686646 0.4193303883075714 0.3524008095264435 -1 -1 -1 -1 -1 -1 -1 -1 -1
0.5859723091125488 0.608106791973114 0.0894075408577919 -1 -1 -1 -1 -1 -1 -1 -1 -1
0.5660121440887451 0.42309892177581787 0.3216368854045868 -1 -1 -1 -1 -1 -1 -1 -1 -1
0.5847899913787842 0.5981582999229431 0.11382949352264404 -1 -1 -1 -1 -1 -1 -1 -1 -1
0.6073036193847656 0.46161022782325745 0.998956561088562 -1 -1 -1 -1 -1 -1 -1 -1 -1
0.6108079552650452 0.5042988061904907 0.9994398951530457 -1 -1 -1 -1 -1 -1 -1 -1 -1
0.6031752824783325 0.361421138048172 0.699464738368988 -1 -1 -1 -1 -1 -1 -1 -1 -1
0.6082922220230103 0.4783511161804199 0.6948322057723999 -1 -1 -1 -1 -1 -1 -1 -1 -1
0.6048360466957092 0.2668091654777527 0.8142266869544983 -1 -1 -1 -1 -1 -1 -1 -1 -1
0.6349432468414307 0.44544678926467896 0.6117262244224548 -1 -1 -1 -1 -1 -1 -1 -1 -1
0.6102277636528015 0.2552748918533325 0.8492247462272644 -1 -1 -1 -1 -1 -1 -1 -1 -1
0.6411712169647217 0.44192054867744446 0.5530617833137512 -1 -1 -1 -1 -1 -1 -1 -1 -1
0.595575213432312 0.2330884486436844 0.7832567691802979 -1 -1 -1 -1 -1 -1 -1 -1 -1
0.6348768472671509 0.4272419810295105 0.6459697484970093 -1 -1 -1 -1 -1 -1 -1 -1 -1
1 
33 
-1 -1 -1 -1 -1 -1 -1 -1 -1 -1
0.5618245601654053 0.45265403389930725 0.8669318556785583 -1 -1 -1 -1 -1 -1 -1 -1 -1
0.5590316653251648 0.46892762184143066 0.940337061882019 -1 -1 -1 -1 -1 -1 -1 -1 -1
0.5592047572135925 0.47261205315589905 0.9383431077003479 -1 -1 -1 -1 -1 -1 -1 -1 -1
0.5594569444656372 0.47278648614883423 0.9342682957649231 -1 -1 -1 -1 -1 -1 -1 -1 -1
0.5591842532157898 0.46370190382003784 0.9285938739776611 -1 -1 -1 -1 -1 -1 -1 -1 -1
0.5605384111404419 0.4630073606967926 0.9338128566741943 -1 -1 -1 -1 -1 -1 -1 -1 -1
0.5611101388931274 0.4623689353466034 0.9465010762214661 -1 -1 -1 -1 -1 -1 -1 -1 -1
0.5618048906326294 0.47787314653396606 0.9026682376861572 -1 -1 -1 -1 -1 -1 -1 -1 -1
0.5647420287132263 0.4621187448501587 0.9279648065567017 -1 -1 -1 -1 -1 -1 -1 -1 -1
0.5619440078735352 0.46037694811820984 0.8942655324935913 -1 -1 -1 -1 -1 -1 -1 -1 -1
0.5635057091712952 0.4510916769504547 0.90590900182724 -1 -1 -1 -1 -1 -1 -1 -1 -1
0.5644461512565613 0.5034103393554688 0.9976457953453064 -1 -1 -1 -1 -1 -1 -1 -1 -1
0.5721270442008972 0.4245452880859375 0.9987660646438599 -1 -1 -1 -1 -1 -1 -1 -1 -1
0.5719000101089478 0.5385186076164246 0.43861567974090576 -1 -1 -1 -1 -1 -1 -1 -1 -1
0.5707618594169617 0.35261374711990356 0.9916764497756958 -1 -1 -1 -1 -1 -1 -1 -1 -1
0.5774689316749573 0.5212101936340332 0.46404826641082764 -1 -1 -1 -1 -1 -1 -1 -1 -1
0.5778582096099854 0.2832763195037842 0.9484291076660156 -1 -1 -1 -1 -1 -1 -1 -1 -1
0.5765061974525452 0.5173258781433105 0.47673743963241577 -1 -1 -1 -1 -1 -1 -1 -1 -1
0.5773496031761169 0.2659185528755188 0.8815683126449585 -1 -1 -1 -1 -1 -1 -1 -1 -1
0.5775160193443298 0.5149332880973816 0.50527423620224 -1 -1 -1 -1 -1 -1 -1 -1 -1
0.5772303342819214 0.2676614224910736 0.87935471534729 -1 -1 -1 -1 -1 -1 -1 -1 -1
0.5774941444396973 0.5155874490737915 0.4598689675331116 -1 -1 -1 -1 -1 -1 -1 -1 -1
0.5769668817520142 0.27489590644836426 0.8674330711364746 -1 -1 -1 -1 -1 -1 -1 -1 -1
0.5922222137451172 0.49062106013298035 0.9999262094497681 -1 -1 -1 -1 -1 -1 -1 -1 -1
0.5969887375831604 0.4348839223384857 0.9999508857727051 -1 -1 -1 -1 -1 -1 -1 -1 -1
0.5939350128173828 0.556676983833313 0.9416434168815613 -1 -1 -1 -1 -1 -1 -1 -1 -1
0.6149346828460693 0.347330778837204 0.9698086380958557 -1 -1 -1 -1 -1 -1 -1 -1 -1
0.6057872176170349 0.6010377407073975 0.8622097969055176 -1 -1 -1 -1 -1 -1 -1 -1 -1
0.5917326807975769 0.27096158266067505 0.9757673144340515 -1 -1 -1 -1 -1 -1 -1 -1 -1
0.6088327169418335 0.6050065755844116 0.9034091830253601 -1 -1 -1 -1 -1 -1 -1 -1 -1
0.5921117663383484 0.2685747742652893 0.983669102191925 -1 -1 -1 -1 -1 -1 -1 -1 -1
0.6071808338165283 0.626528263092041 0.6937881112098694 -1 -1 -1 -1 -1 -1 -1 -1 -1
0.5732445120811462 0.23056364059448242 0.9055413603782654 -1 -1 -1 -1 -1 -1 -1 -1 -1
1 
33 
-1 -1 -1 -1 -1 -1 -1 -1 -1 -1
0.5486118793487549 0.5307103395462036 0.9982134103775024 -1 -1 -1 -1 -1 -1 -1 -1 -1
0.5459355115890503 0.5339189767837524 0.9992891550064087 -1 -1 -1 -1 -1 -1 -1 -1 -1
0.5463423132896423 0.5345177054405212 0.9992314577102661 -1 -1 -1 -1 -1 -1 -1 -1 -1
0.5467703938484192 0.5350454449653625 0.999337375164032 -1 -1 -1 -1 -1 -1 -1 -1 -1
0.5448155403137207 0.532760500907898 0.9993736147880554 -1 -1 -1 -1 -1 -1 -1 -1 -1
0.5444574952125549 0.5323725342750549 0.9990793466567993 -1 -1 -1 -1 -1 -1 -1 -1 -1
0.5441160202026367 0.531979501247406 0.9988172650337219 -1 -1 -1 -1 -1 -1 -1 -1 -1
0.5487035512924194 0.5348134636878967 0.9998044371604919 -1 -1 -1 -1 -1 -1 -1 -1 -1
0.5449055433273315 0.5297581553459167 0.999546468257904 -1 -1 -1 -1 -1 -1 -1 -1 -1
0.5515655279159546 0.5281147956848145 0.9997044205665588 -1 -1 -1 -1 -1 -1 -1 -1 -1
0.5503398776054382 0.5271626114845276 0.9992241859436035 -1 -1 -1 -1 -1 -1 -1 -1 -1
0.5658941864967346 0.5262554287910461 0.9993371367454529 -1 -1 -1 -1 -1 -1 -1 -1 -1
0.5529911518096924 0.5109174251556396 0.9998432397842407 -1 -1 -1 -1 -1 -1 -1 -1 -1
0.5782450437545776 0.5403059720993042 0.6511926651000977 -1 -1 -1 -1 -1 -1 -1 -1 -1
0.5487921237945557 0.48131638765335083 0.9455897808074951 -1 -1 -1 -1 -1 -1 -1 -1 -1
0.5848358869552612 0.5478317141532898 0.1070733517408371 -1 -1 -1 -1 -1 -1 -1 -1 -1
0.5575292110443115 0.48914390802383423 0.44775792956352234 -1 -1 -1 -1 -1 -1 -1 -1 -1
0.5861775875091553 0.5521706938743591 0.09065412729978561 -1 -1 -1 -1 -1 -1 -1 -1 -1
0.5567463636398315 0.4928637742996216 0.2413216233253479 -1 -1 -1 -1 -1 -1 -1 -1 -1
0.5860360264778137 0.552297830581665 0.10841351002454758 -1 -1 -1 -1 -1 -1 -1 -1 -1
0.560120165348053 0.49756574630737305 0.25233790278434753 -1 -1 -1 -1 -1 -1 -1 -1 -1
0.5852029323577881 0.549742579460144 0.10334344953298569 -1 -1 -1 -1 -1 -1 -1 -1 -1
0.5609861612319946 0.49557897448539734 0.26904693245887756 -1 -1 -1 -1 -1 -1 -1 -1 -1
0.6017353534698486 0.5233169198036194 0.9999703168869019 -1 -1 -1 -1 -1 -1 -1 -1 -1
0.6064220666885376 0.5042328834533691 0.9999827146530151 -1 -1 -1 -1 -1 -1 -1 -1 -1
0.5962610840797424 0.537957489490509 0.9974603652954102 -1 -1 -1 -1 -1 -1 -1 -1 -1
0.6480668187141418 0.46324360370635986 0.9987673759460449 -1 -1 -1 -1 -1 -1 -1 -1 -1
0.6067484021186829 0.5841070413589478 0.983637809753418 -1 -1 -1 -1 -1 -1 -1 -1 -1
0.6662788987159729 0.4772244095802307 0.8419603705406189 -1 -1 -1 -1 -1 -1 -1 -1 -1
0.6074059009552002 0.5876772403717041 0.9572914242744446 -1 -1 -1 -1 -1 -1 -1 -1 -1
0.6629464030265808 0.4882325530052185 0.8127317428588867 -1 -1 -1 -1 -1 -1 -1 -1 -1
0.6113973259925842 0.6053644418716431 0.9624766707420349 -1 -1 -1 -1 -1 -1 -1 -1 -1
0.6807831525802612 0.48286136984825134 0.5465695858001709 -1 -1 -1 -1 -1 -1 -1 -1 -1
1 
33 
-1 -1 -1 -1 -1 -1 -1 -1 -1 -1
0.5574650764465332 0.49605637788772583 0.950547456741333 -1 -1 -1 -1 -1 -1 -1 -1 -1
0.5568771362304688 0.49085742235183716 0.9899477958679199 -1 -1 -1 -1 -1 -1 -1 -1 -1
0.5567318201065063 0.4922919273376465 0.9881664514541626 -1 -1 -1 -1 -1 -1 -1 -1 -1
0.5566079020500183 0.4936777353286743 0.991550087928772 -1 -1 -1 -1 -1 -1 -1 -1 -1
0.5573858618736267 0.4945248067378998 0.9883713126182556 -1 -1 -1 -1 -1 -1 -1 -1 -1
0.5577143430709839 0.4932267665863037 0.9838181138038635 -1 -1 -1 -1 -1 -1 -1 -1 -1
0.557866632938385 0.4905092120170593 0.9876083731651306 -1 -1 -1 -1 -1 -1 -1 -1 -1
0.5592638850212097 0.49939924478530884 0.9955087900161743 -1 -1 -1 -1 -1 -1 -1 -1 -1
0.56241774559021 0.48487257957458496 0.9862933158874512 -1 -1 -1 -1 -1 -1 -1 -1 -1
0.5615217089653015 0.4927038550376892 0.984969973564148 -1 -1 -1 -1 -1 -1 -1 -1 -1
0.5615023374557495 0.49763548374176025 0.963687002658844 -1 -1 -1 -1 -1 -1 -1 -1 -1
0.5710211992263794 0.51695716381073 0.9902121424674988 -1 -1 -1 -1 -1 -1 -1 -1 -1
0.5785499811172485 0.481582909822464 0.9106317758560181 -1 -1 -1 -1 -1 -1 -1 -1 -1
0.5744064450263977 0.544739305973053 0.3712436854839325 -1 -1 -1 -1 -1 -1 -1 -1 -1
0.5902029275894165 0.45562562346458435 0.04943740367889404 -1 -1 -1 -1 -1 -1 -1 -1 -1
0.5604626536369324 0.5635389089584351 0.7215248942375183 -1 -1 -1 -1 -1 -1 -1 -1 -1
0.5561478137969971 0.4597424566745758 0.0660085529088974 -1 -1 -1 -1 -1 -1 -1 -1 -1
0.5560557842254639 0.5696773529052734 0.6242659687995911 -1 -1 -1 -1 -1 -1 -1 -1 -1
0.5510605573654175 0.46427953243255615 0.09898831695318222 -1 -1 -1 -1 -1 -1 -1 -1 -1
0.5545150637626648 0.5662326812744141 0.6141408085823059 -1 -1 -1 -1 -1 -1 -1 -1 -1
0.5471066236495972 0.47585898637771606 0.08543309569358826 -1 -1 -1 -1 -1 -1 -1 -1 -1
0.5563194155693054 0.5632212162017822 0.5511884093284607 -1 -1 -1 -1 -1 -1 -1 -1 -1
0.5499083399772644 0.47596195340156555 0.09188901633024216 -1 -1 -1 -1 -1 -1 -1 -1 -1
0.6043172478675842 0.5244317650794983 0.9998540878295898 -1 -1 -1 -1 -1 -1 -1 -1 -1
0.6060348153114319 0.5063965320587158 0.9995293617248535 -1 -1 -1 -1 -1 -1 -1 -1 -1
0.6075197458267212 0.5508252382278442 0.954056978225708 -1 -1 -1 -1 -1 -1 -1 -1 -1
0.6108092665672302 0.4931255280971527 0.8666406273841858 -1 -1 -1 -1 -1 -1 -1 -1 -1
0.6222389340400696 0.5823631286621094 0.5910380482673645 -1 -1 -1 -1 -1 -1 -1 -1 -1
0.6170717477798462 0.45506998896598816 0.39587703347206116 -1 -1 -1 -1 -1 -1 -1 -1 -1
0.6232661604881287 0.5814750790596008 0.5777037739753723 -1 -1 -1 -1 -1 -1 -1 -1 -1
0.6162077784538269 0.4514331519603729 0.3943561315536499 -1 -1 -1 -1 -1 -1 -1 -1 -1
0.6249816417694092 0.6031270027160645 0.4158407747745514 -1 -1 -1 -1 -1 -1 -1 -1 -1
0.6193355917930603 0.44248196482658386 0.3255175054073334 -1 -1 -1 -1 -1 -1 -1 -1 -1
1 
33 
-1 -1 -1 -1 -1 -1 -1 -1 -1 -1
0.5590304136276245 0.4528000056743622 0.9994102716445923 -1 -1 -1 -1 -1 -1 -1 -1 -1
0.5584164261817932 0.44922444224357605 0.9990333318710327 -1 -1 -1 -1 -1 -1 -1 -1 -1
0.5589388012886047 0.44850048422813416 0.9984747767448425 -1 -1 -1 -1 -1 -1 -1 -1 -1
0.5594624280929565 0.447782427072525 0.998635470867157 -1 -1 -1 -1 -1 -1 -1 -1 -1
0.5569288730621338 0.45116037130355835 0.9994996786117554 -1 -1 -1 -1 -1 -1 -1 -1 -1
0.5563377141952515 0.4519003629684448 0.9994193315505981 -1 -1 -1 -1 -1 -1 -1 -1 -1
0.555755078792572 0.4526466131210327 0.9995731711387634 -1 -1 -1 -1 -1 -1 -1 -1 -1
0.5604984164237976 0.4484490156173706 0.9980137348175049 -1 -1 -1 -1 -1 -1 -1 -1 -1
0.555378794670105 0.4554416835308075 0.9995366334915161 -1 -1 -1 -1 -1 -1 -1 -1 -1
0.5611535906791687 0.45480239391326904 0.9984927177429199 -1 -1 -1 -1 -1 -1 -1 -1 -1
0.5591514706611633 0.45735853910446167 0.9993147850036621 -1 -1 -1 -1 -1 -1 -1 -1 -1
0.5720266699790955 0.4565790593624115 0.9999102354049683 -1 -1 -1 -1 -1 -1 -1 -1 -1
0.5555443167686462 0.47919484972953796 0.9999055862426758 -1 -1 -1 -1 -1 -1 -1 -1 -1
0.5895386934280396 0.4622001647949219 0.5306270122528076 -1 -1 -1 -1 -1 -1 -1 -1 -1
0.5538537502288818 0.5152184963226318 0.6918863654136658 -1 -1 -1 -1 -1 -1 -1 -1 -1
0.5962480306625366 0.44625383615493774 0.4480487108230591 -1 -1 -1 -1 -1 -1 -1 -1 -1
0.5540255308151245 0.541904091835022 0.4707314670085907 -1 -1 -1 -1 -1 -1 -1 -1 -1
0.5975188612937927 0.44108712673187256 0.3334825038909912 -1 -1 -1 -1 -1 -1 -1 -1 -1
0.5536260008811951 0.5493124127388 0.41316288709640503 -1 -1 -1 -1 -1 -1 -1 -1 -1
0.5970739722251892 0.43727973103523254 0.33673572540283203 -1 -1 -1 -1 -1 -1 -1 -1 -1
0.553899884223938 0.5472849011421204 0.4169684648513794 -1 -1 -1 -1 -1 -1 -1 -1 -1
0.5962805151939392 0.44056472182273865 0.34478625655174255 -1 -1 -1 -1 -1 -1 -1 -1 -1
0.5548091530799866 0.5447182655334473 0.44797611236572266 -1 -1 -1 -1 -1 -1 -1 -1 -1
0.5844836831092834 0.5045162439346313 0.999896764755249 -1 -1 -1 -1 -1 -1 -1 -1 -1
0.5734385848045349 0.5146694183349609 0.9998152852058411 -1 -1 -1 -1 -1 -1 -1 -1 -1
0.595252275466919 0.5212317109107971 0.8709990978240967 -1 -1 -1 -1 -1 -1 -1 -1 -1
0.5643917918205261 0.5281276106834412 0.6662160754203796 -1 -1 -1 -1 -1 -1 -1 -1 -1
0.5960660576820374 0.5548085570335388 0.6545719504356384 -1 -1 -1 -1 -1 -1 -1 -1 -1
0.5679159164428711 0.5606380701065063 0.503192663192749 -1 -1 -1 -1 -1 -1 -1 -1 -1
0.5950617790222168 0.5615134239196777 0.7727709412574768 -1 -1 -1 -1 -1 -1 -1 -1 -1
0.570608377456665 0.5647403001785278 0.5918872356414795 -1 -1 -1 -1 -1 -1 -1 -1 -1
0.6008797883987427 0.5624699592590332 0.6766974329948425 -1 -1 -1 -1 -1 -1 -1 -1 -1
0.5630316138267517 0.5791150331497192 0.53857421875 -1 -1 -1 -1 -1 -1 -1 -1 -1
1 
33 
-1 -1 -1 -1 -1 -1 -1 -1 -1 -1
0.5641454458236694 0.4475805163383484 0.99695885181427 -1 -1 -1 -1 -1 -1 -1 -1 -1
0.5657288432121277 0.44190514087677 0.9969162940979004 -1 -1 -1 -1 -1 -1 -1 -1 -1
0.566672682762146 0.4412038028240204 0.9966500401496887 -1 -1 -1 -1 -1 -1 -1 -1 -1
0.5676237344741821 0.44053712487220764 0.9976831674575806 -1 -1 -1 -1 -1 -1 -1 -1 -1
0.563548743724823 0.4437709152698517 0.9973514080047607 -1 -1 -1 -1 -1 -1 -1 -1 -1
0.5628467202186584 0.44450557231903076 0.9967454671859741 -1 -1 -1 -1 -1 -1 -1 -1 -1
0.5621697306632996 0.44524508714675903 0.9977118968963623 -1 -1 -1 -1 -1 -1 -1 -1 -1
0.5699585676193237 0.4426623582839966 0.9962183833122253 -1 -1 -1 -1 -1 -1 -1 -1 -1
0.5625248551368713 0.4489632546901703 0.9965370893478394 -1 -1 -1 -1 -1 -1 -1 -1 -1
0.5662519335746765 0.45274093747138977 0.9916280508041382 -1 -1 -1 -1 -1 -1 -1 -1 -1
0.563340425491333 0.45505833625793457 0.9923648834228516 -1 -1 -1 -1 -1 -1 -1 -1 -1
0.5758087038993835 0.4572230875492096 0.9999154806137085 -1 -1 -1 -1 -1 -1 -1 -1 -1
0.5635794997215271 0.4811919927597046 0.9981983304023743 -1 -1 -1 -1 -1 -1 -1 -1 -1
0.5863984227180481 0.46259915828704834 0.7629804015159607 -1 -1 -1 -1 -1 -1 -1 -1 -1
0.5602590441703796 0.5109813213348389 0.1594606190919876 -1 -1 -1 -1 -1 -1 -1 -1 -1
0.579639732837677 0.4666278064250946 0.5377843976020813 -1 -1 -1 -1 -1 -1 -1 -1 -1
0.5519221425056458 0.5107426047325134 0.30349665880203247 -1 -1 -1 -1 -1 -1 -1 -1 -1
0.5792784690856934 0.4679669141769409 0.563564658164978 -1 -1 -1 -1 -1 -1 -1 -1 -1
0.5510757565498352 0.5125636458396912 0.30506956577301025 -1 -1 -1 -1 -1 -1 -1 -1 -1
0.5771489143371582 0.46638762950897217 0.5368058681488037 -1 -1 -1 -1 -1 -1 -1 -1 -1
0.5493537187576294 0.5086815357208252 0.3063217103481293 -1 -1 -1 -1 -1 -1 -1 -1 -1
0.5774183869361877 0.467366486787796 0.46341055631637573 -1 -1 -1 -1 -1 -1 -1 -1 -1
0.5498519539833069 0.5087103843688965 0.2889930009841919 -1 -1 -1 -1 -1 -1 -1 -1 -1
0.59760981798172 0.5287912487983704 0.9999022483825684 -1 -1 -1 -1 -1 -1 -1 -1 -1
0.5941515564918518 0.5434500575065613 0.9995132684707642 -1 -1 -1 -1 -1 -1 -1 -1 -1
0.5854945182800293 0.6068772077560425 0.9813554883003235 -1 -1 -1 -1 -1 -1 -1 -1 -1
0.5886598229408264 0.610490083694458 0.5084275007247925 -1 -1 -1 -1 -1 -1 -1 -1 -1
0.5927476286888123 0.6875072717666626 0.9591522216796875 -1 -1 -1 -1 -1 -1 -1 -1 -1
0.5898779034614563 0.6848452091217041 0.5079061388969421 -1 -1 -1 -1 -1 -1 -1 -1 -1
0.5977306365966797 0.6988437175750732 0.9102222323417664 -1 -1 -1 -1 -1 -1 -1 -1 -1
0.5942673683166504 0.6957005262374878 0.5704352259635925 -1 -1 -1 -1 -1 -1 -1 -1 -1
0.580180287361145 0.7166503667831421 0.9534332752227783 -1 -1 -1 -1 -1 -1 -1 -1 -1
0.5773481130599976 0.7103117108345032 0.6654412150382996 -1 -1 -1 -1 -1 -1 -1 -1 -1
1 
33 
-1 -1 -1 -1 -1 -1 -1 -1 -1 -1
0.594409704208374 0.4979168474674225 1.0 -1 -1 -1 -1 -1 -1 -1 -1 -1
0.5937001705169678 0.4976785182952881 1.0 -1 -1 -1 -1 -1 -1 -1 -1 -1
0.5931494235992432 0.49828559160232544 1.0 -1 -1 -1 -1 -1 -1 -1 -1 -1
0.5924584865570068 0.49898529052734375 1.0 -1 -1 -1 -1 -1 -1 -1 -1 -1
0.5951321721076965 0.49717792868614197 1.0 -1 -1 -1 -1 -1 -1 -1 -1 -1
0.595576822757721 0.4971924424171448 1.0 -1 -1 -1 -1 -1 -1 -1 -1 -1
0.5959950685501099 0.49724701046943665 1.0 -1 -1 -1 -1 -1 -1 -1 -1 -1
0.5920657515525818 0.502919614315033 1.0 -1 -1 -1 -1 -1 -1 -1 -1 -1
0.5963672399520874 0.49892210960388184 1.0 -1 -1 -1 -1 -1 -1 -1 -1 -1
0.593822181224823 0.4989120066165924 1.0 -1 -1 -1 -1 -1 -1 -1 -1 -1
0.5948997139930725 0.49812978506088257 1.0 -1 -1 -1 -1 -1 -1 -1 -1 -1
0.5904662013053894 0.5033667683601379 1.0 -1 -1 -1 -1 -1 -1 -1 -1 -1
0.5990946292877197 0.491985946893692 1.0 -1 -1 -1 -1 -1 -1 -1 -1 -1
0.5899524688720703 0.491562157869339 0.22743310034275055 -1 -1 -1 -1 -1 -1 -1 -1 -1
0.6038526892662048 0.4749392569065094 0.9218108654022217 -1 -1 -1 -1 -1 -1 -1 -1 -1
0.5919793248176575 0.4813801348209381 0.990572988986969 -1 -1 -1 -1 -1 -1 -1 -1 -1
0.6053605675697327 0.46921586990356445 0.17047633230686188 -1 -1 -1 -1 -1 -1 -1 -1 -1
0.589905321598053 0.47801944613456726 0.9992484450340271 -1 -1 -1 -1 -1 -1 -1 -1 -1
0.6049960851669312 0.46311670541763306 0.21507196128368378 -1 -1 -1 -1 -1 -1 -1 -1 -1
0.5887297987937927 0.47531071305274963 0.999066174030304 -1 -1 -1 -1 -1 -1 -1 -1 -1
0.6023009419441223 0.4657037854194641 0.6177592873573303 -1 -1 -1 -1 -1 -1 -1 -1 -1
0.5907444357872009 0.4765622019767761 0.996723473072052 -1 -1 -1 -1 -1 -1 -1 -1 -1
0.6033849120140076 0.4679673910140991 0.8733789920806885 -1 -1 -1 -1 -1 -1 -1 -1 -1
0.5896317362785339 0.4735700488090515 0.31886231899261475 -1 -1 -1 -1 -1 -1 -1 -1 -1
0.5969433188438416 0.46789199113845825 0.10870051383972168 -1 -1 -1 -1 -1 -1 -1 -1 -1
0.5899508595466614 0.4621706008911133 0.6458951234817505 -1 -1 -1 -1 -1 -1 -1 -1 -1
0.5957241058349609 0.46145498752593994 0.7211745381355286 -1 -1 -1 -1 -1 -1 -1 -1 -1
0.5894724130630493 0.4452626705169678 0.22059153020381927 -1 -1 -1 -1 -1 -1 -1 -1 -1
0.5939072966575623 0.4386218190193176 0.002688166918233037 -1 -1 -1 -1 -1 -1 -1 -1 -1
0.5886439085006714 0.441165030002594 0.22494792938232422 -1 -1 -1 -1 -1 -1 -1 -1 -1
0.5940654277801514 0.4312690496444702 0.011270318180322647 -1 -1 -1 -1 -1 -1 -1 -1 -1
0.5898837447166443 0.44501909613609314 0.10170228779315948 -1 -1 -1 -1 -1 -1 -1 -1 -1
0.5893951654434204 0.44369396567344666 0.002433857647702098 -1 -1 -1 -1 -1 -1 -1 -1 -1
1 
