34
1 
33 
-1 -1 -1 -1 -1 -1 -1 -1 -1 -1
0.6443227529525757 0.42663273215293884 0.9978216886520386 -1 -1 -1 -1 -1 -1 -1 -1 -1
0.6415323615074158 0.4163638651371002 0.9978002905845642 -1 -1 -1 -1 -1 -1 -1 -1 -1
0.6407390236854553 0.4158529043197632 0.9966124892234802 -1 -1 -1 -1 -1 -1 -1 -1 -1
0.6399404406547546 0.4153837561607361 0.9978087544441223 -1 -1 -1 -1 -1 -1 -1 -1 -1
0.6421897411346436 0.41666311025619507 0.9981892704963684 -1 -1 -1 -1 -1 -1 -1 -1 -1
0.6418716311454773 0.41636696457862854 0.9977509379386902 -1 -1 -1 -1 -1 -1 -1 -1 -1
0.6415029168128967 0.4160136878490448 0.9983276724815369 -1 -1 -1 -1 -1 -1 -1 -1 -1
0.6347545981407166 0.41645005345344543 0.9962634444236755 -1 -1 -1 -1 -1 -1 -1 -1 -1
0.6358051896095276 0.4170185923576355 0.9970294237136841 -1 -1 -1 -1 -1 -1 -1 -1 -1
0.6416133642196655 0.4326249361038208 0.9947910308837891 -1 -1 -1 -1 -1 -1 -1 -1 -1
0.6420167088508606 0.432997465133667 0.9962312579154968 -1 -1 -1 -1 -1 -1 -1 -1 -1
0.6301167607307434 0.45719218254089355 0.9783207178115845 -1 -1 -1 -1 -1 -1 -1 -1 -1
0.6287407875061035 0.45079994201660156 0.9956697225570679 -1 -1 -1 -1 -1 -1 -1 -1 -1
0.6399862766265869 0.43020275235176086 0.05942368134856224 -1 -1 -1 -1 -1 -1 -1 -1 -1
0.6290795207023621 0.4095804989337921 0.9227904081344604 -1 -1 -1 -1 -1 -1 -1 -1 -1
0.6471869349479675 0.3967747390270233 0.16368430852890015 -1 -1 -1 -1 -1 -1 -1 -1 -1
0.6222485303878784 0.3805544078350067 0.7526785135269165 -1 -1 -1 -1 -1 -1 -1 -1 -1
0.6470566391944885 0.39032262563705444 0.2199292927980423 -1 -1 -1 -1 -1 -1 -1 -1 -1
0.6194194555282593 0.3750370144844055 0.716551661491394 -1 -1 -1 -1 -1 -1 -1 -1 -1
0.6479986310005188 0.3874704837799072 0.23374581336975098 -1 -1 -1 -1 -1 -1 -1 -1 -1
0.6153821349143982 0.36595720052719116 0.7000284194946289 -1 -1 -1 -1 -1 -1 -1 -1 -1
0.6487640738487244 0.3903625011444092 0.2282646894454956 -1 -1 -1 -1 -1 -1 -1 -1 -1
0.6168899536132812 0.3753589391708374 0.658957839012146 -1 -1 -1 -1 -1 -1 -1 -1 -1
0.619179904460907 0.5772126913070679 0.9970558881759644 -1 -1 -1 -1 -1 -1 -1 -1 -1
0.6231972575187683 0.5846778750419617 0.9980263113975525 -1 -1 -1 -1 -1 -1 -1 -1 -1
0.6195532083511353 0.6609987616539001 0.4049690365791321 -1 -1 -1 -1 -1 -1 -1 -1 -1
0.6176226735115051 0.6660960912704468 0.9815337061882019 -1 -1 -1 -1 -1 -1 -1 -1 -1
0.6101579070091248 0.7467456459999084 0.637866199016571 -1 -1 -1 -1 -1 -1 -1 -1 -1
0.6097580194473267 0.757369875907898 0.9857882857322693 -1 -1 -1 -1 -1 -1 -1 -1 -1
0.6041245460510254 0.7597881555557251 0.6791021823883057 -1 -1 -1 -1 -1 -1 -1 -1 -1
0.6039628982543945 0.76929771900177 0.9716286063194275 -1 -1 -1 -1 -1 -1 -1 -1 -1
0.6269304156303406 0.7696417570114136 0.7335942983627319 -1 -1 -1 -1 -1 -1 -1 -1 -1
0.6279717683792114 0.7824357748031616 0.9724927544593811 -1 -1 -1 -1 -1 -1 -1 -1 -1
1 
33 
-1 -1 -1 -1 -1 -1 -1 -1 -1 -1
0.6395795345306396 0.4133237600326538 0.9997064471244812 -1 -1 -1 -1 -1 -1 -1 -1 -1
0.6367630958557129 0.40375012159347534 0.9996639490127563 -1 -1 -1 -1 -1 -1 -1 -1 -1
0.6360006928443909 0.4034585952758789 0.9993919134140015 -1 -1 -1 -1 -1 -1 -1 -1 -1
0.6352412700653076 0.40324240922927856 0.9996262788772583 -1 -1 -1 -1 -1 -1 -1 -1 -1
0.6372339725494385 0.4040413498878479 0.9997650980949402 -1 -1 -1 -1 -1 -1 -1 -1 -1
0.6367549300193787 0.40400537848472595 0.9997052550315857 -1 -1 -1 -1 -1 -1 -1 -1 -1
0.6362306475639343 0.4040380120277405 0.9997991919517517 -1 -1 -1 -1 -1 -1 -1 -1 -1
0.6304588317871094 0.405680775642395 0.999433696269989 -1 -1 -1 -1 -1 -1 -1 -1 -1
0.6309342980384827 0.4068296551704407 0.999666690826416 -1 -1 -1 -1 -1 -1 -1 -1 -1
0.6367150545120239 0.41949597001075745 0.9993435740470886 -1 -1 -1 -1 -1 -1 -1 -1 -1
0.6367583274841309 0.4201558530330658 0.9994188547134399 -1 -1 -1 -1 -1 -1 -1 -1 -1
0.63266921043396 0.4474691152572632 0.9927188158035278 -1 -1 -1 -1 -1 -1 -1 -1 -1
0.6260457038879395 0.4441240429878235 0.9991061091423035 -1 -1 -1 -1 -1 -1 -1 -1 -1
0.6504085063934326 0.40437203645706177 0.1282959133386612 -1 -1 -1 -1 -1 -1 -1 -1 -1
0.62343430519104 0.39253079891204834 0.9741578698158264 -1 -1 -1 -1 -1 -1 -1 -1 -1
0.6547085642814636 0.35957831144332886 0.35127365589141846 -1 -1 -1 -1 -1 -1 -1 -1 -1
0.6139146685600281 0.34599459171295166 0.9657584428787231 -1 -1 -1 -1 -1 -1 -1 -1 -1
0.6544351577758789 0.35100269317626953 0.3758949339389801 -1 -1 -1 -1 -1 -1 -1 -1 -1
0.611761212348938 0.33403486013412476 0.9530155658721924 -1 -1 -1 -1 -1 -1 -1 -1 -1
0.6530623435974121 0.3476356267929077 0.3856532573699951 -1 -1 -1 -1 -1 -1 -1 -1 -1
0.6128217577934265 0.3330579400062561 0.9464247226715088 -1 -1 -1 -1 -1 -1 -1 -1 -1
0.6536851525306702 0.35073280334472656 0.38587623834609985 -1 -1 -1 -1 -1 -1 -1 -1 -1
0.6142352819442749 0.33677220344543457 0.9269884824752808 -1 -1 -1 -1 -1 -1 -1 -1 -1
0.6231894493103027 0.5736470222473145 0.9989022016525269 -1 -1 -1 -1 -1 -1 -1 -1 -1
0.6226915717124939 0.5783265829086304 0.9993104934692383 -1 -1 -1 -1 -1 -1 -1 -1 -1
0.6183662414550781 0.6548300385475159 0.4364386796951294 -1 -1 -1 -1 -1 -1 -1 -1 -1
0.6144577264785767 0.6636465191841125 0.9785681366920471 -1 -1 -1 -1 -1 -1 -1 -1 -1
0.6127973198890686 0.7419455051422119 0.6450961232185364 -1 -1 -1 -1 -1 -1 -1 -1 -1
0.6106380820274353 0.7509627938270569 0.9855776429176331 -1 -1 -1 -1 -1 -1 -1 -1 -1
0.6076067090034485 0.7548232078552246 0.7079852223396301 -1 -1 -1 -1 -1 -1 -1 -1 -1
0.6051193475723267 0.7628150582313538 0.9690524339675903 -1 -1 -1 -1 -1 -1 -1 -1 -1
0.6292352080345154 0.7685161828994751 0.7498336434364319 -1 -1 -1 -1 -1 -1 -1 -1 -1
0.6271089911460876 0.7803089022636414 0.971782922744751 -1 -1 -1 -1 -1 -1 -1 -1 -1
1 
33 
-1 -1 -1 -1 -1 -1 -1 -1 -1 -1
0.6385443806648254 0.3968558609485626 0.9987918734550476 -1 -1 -1 -1 -1 -1 -1 -1 -1
0.6365751624107361 0.3885267376899719 0.9979275465011597 -1 -1 -1 -1 -1 -1 -1 -1 -1
0.6360378861427307 0.3885052502155304 0.9965213537216187 -1 -1 -1 -1 -1 -1 -1 -1 -1
0.6354907751083374 0.388563334941864 0.9979124665260315 -1 -1 -1 -1 -1 -1 -1 -1 -1
0.6368929743766785 0.3882531523704529 0.9984118938446045 -1 -1 -1 -1 -1 -1 -1 -1 -1
0.6365349888801575 0.3880085349082947 0.9977961778640747 -1 -1 -1 -1 -1 -1 -1 -1 -1
0.6361189484596252 0.38784751296043396 0.9985793828964233 -1 -1 -1 -1 -1 -1 -1 -1 -1
0.632059633731842 0.3913158178329468 0.9960365891456604 -1 -1 -1 -1 -1 -1 -1 -1 -1
0.6318187117576599 0.3910614252090454 0.998077392578125 -1 -1 -1 -1 -1 -1 -1 -1 -1
0.637069821357727 0.4032824635505676 0.996517539024353 -1 -1 -1 -1 -1 -1 -1 -1 -1
0.6372272372245789 0.40328535437583923 0.99744713306427 -1 -1 -1 -1 -1 -1 -1 -1 -1
0.6330366730690002 0.428461492061615 0.9948551654815674 -1 -1 -1 -1 -1 -1 -1 -1 -1
0.6282268166542053 0.42316776514053345 0.9987927675247192 -1 -1 -1 -1 -1 -1 -1 -1 -1
0.6509735584259033 0.3757997155189514 0.2754545211791992 -1 -1 -1 -1 -1 -1 -1 -1 -1
0.6377243995666504 0.3584970235824585 0.9862076044082642 -1 -1 -1 -1 -1 -1 -1 -1 -1
0.6509109735488892 0.3260684311389923 0.42957741022109985 -1 -1 -1 -1 -1 -1 -1 -1 -1
0.6186140179634094 0.3210980296134949 0.8790093660354614 -1 -1 -1 -1 -1 -1 -1 -1 -1
0.6499903798103333 0.315599262714386 0.45036303997039795 -1 -1 -1 -1 -1 -1 -1 -1 -1
0.6177421808242798 0.30876076221466064 0.7951796650886536 -1 -1 -1 -1 -1 -1 -1 -1 -1
0.6472753286361694 0.3142396807670593 0.4612881541252136 -1 -1 -1 -1 -1 -1 -1 -1 -1
0.6173568367958069 0.3090660572052002 0.7742943167686462 -1 -1 -1 -1 -1 -1 -1 -1 -1
0.647838294506073 0.3180224895477295 0.4589325189590454 -1 -1 -1 -1 -1 -1 -1 -1 -1
0.6194405555725098 0.31558167934417725 0.7590922117233276 -1 -1 -1 -1 -1 -1 -1 -1 -1
0.6253275275230408 0.5680254101753235 0.9991840720176697 -1 -1 -1 -1 -1 -1 -1 -1 -1
0.6242046356201172 0.570502519607544 0.9994456171989441 -1 -1 -1 -1 -1 -1 -1 -1 -1
0.6257823705673218 0.6479411721229553 0.5143816471099854 -1 -1 -1 -1 -1 -1 -1 -1 -1
0.6144853830337524 0.6556498408317566 0.963726282119751 -1 -1 -1 -1 -1 -1 -1 -1 -1
0.6145981550216675 0.7310087084770203 0.6849765181541443 -1 -1 -1 -1 -1 -1 -1 -1 -1
0.6117876172065735 0.7385491132736206 0.9747553467750549 -1 -1 -1 -1 -1 -1 -1 -1 -1
0.6122495532035828 0.7350327968597412 0.7119756937026978 -1 -1 -1 -1 -1 -1 -1 -1 -1
0.6071529388427734 0.7480485439300537 0.9488722085952759 -1 -1 -1 -1 -1 -1 -1 -1 -1
0.6287857294082642 0.7572150826454163 0.8065330386161804 -1 -1 -1 -1 -1 -1 -1 -1 -1
0.6259273886680603 0.7691051363945007 0.9617239236831665 -1 -1 -1 -1 -1 -1 -1 -1 -1
1 
33 
-1 -1 -1 -1 -1 -1 -1 -1 -1 -1
0.6349450945854187 0.39133763313293457 0.9999129772186279 -1 -1 -1 -1 -1 -1 -1 -1 -1
0.6334787607192993 0.3841556906700134 0.9998552799224854 -1 -1 -1 -1 -1 -1 -1 -1 -1
0.633589506149292 0.38415586948394775 0.999795138835907 -1 -1 -1 -1 -1 -1 -1 -1 -1
0.6337570548057556 0.38438451290130615 0.9998384714126587 -1 -1 -1 -1 -1 -1 -1 -1 -1
0.6322829127311707 0.3837430477142334 0.9999066591262817 -1 -1 -1 -1 -1 -1 -1 -1 -1
0.6315772533416748 0.3833414316177368 0.9998897314071655 -1 -1 -1 -1 -1 -1 -1 -1 -1
0.6308794021606445 0.38308924436569214 0.9999127388000488 -1 -1 -1 -1 -1 -1 -1 -1 -1
0.631033718585968 0.387836217880249 0.9996684789657593 -1 -1 -1 -1 -1 -1 -1 -1 -1
0.6265105605125427 0.38589781522750854 0.9999009370803833 -1 -1 -1 -1 -1 -1 -1 -1 -1
0.6350552439689636 0.39804673194885254 0.9996917247772217 -1 -1 -1 -1 -1 -1 -1 -1 -1
0.6333423256874084 0.39733487367630005 0.9998053908348083 -1 -1 -1 -1 -1 -1 -1 -1 -1
0.6377114057540894 0.426159530878067 0.9986258745193481 -1 -1 -1 -1 -1 -1 -1 -1 -1
0.6186671257019043 0.41242584586143494 0.9999678134918213 -1 -1 -1 -1 -1 -1 -1 -1 -1
0.6570978760719299 0.3853810727596283 0.561017632484436 -1 -1 -1 -1 -1 -1 -1 -1 -1
0.6269689798355103 0.35378575325012207 0.9909414649009705 -1 -1 -1 -1 -1 -1 -1 -1 -1
0.6548155546188354 0.3302795886993408 0.58306485414505 -1 -1 -1 -1 -1 -1 -1 -1 -1
0.6255531311035156 0.2991188168525696 0.9879306554794312 -1 -1 -1 -1 -1 -1 -1 -1 -1
0.6567073464393616 0.31923437118530273 0.5404518246650696 -1 -1 -1 -1 -1 -1 -1 -1 -1
0.623870313167572 0.2856593132019043 0.9753433465957642 -1 -1 -1 -1 -1 -1 -1 -1 -1
0.655436098575592 0.31765198707580566 0.5413803458213806 -1 -1 -1 -1 -1 -1 -1 -1 -1
0.6254053115844727 0.28698474168777466 0.9712933301925659 -1 -1 -1 -1 -1 -1 -1 -1 -1
0.6539921760559082 0.31946951150894165 0.535188615322113 -1 -1 -1 -1 -1 -1 -1 -1 -1
0.6263529062271118 0.2910371720790863 0.9620571136474609 -1 -1 -1 -1 -1 -1 -1 -1 -1
0.6308265924453735 0.5543359518051147 0.9992941617965698 -1 -1 -1 -1 -1 -1 -1 -1 -1
0.6200581789016724 0.553803563117981 0.9999586343765259 -1 -1 -1 -1 -1 -1 -1 -1 -1
0.6570067405700684 0.6331923604011536 0.6108066439628601 -1 -1 -1 -1 -1 -1 -1 -1 -1
0.6164218187332153 0.638229250907898 0.9946489930152893 -1 -1 -1 -1 -1 -1 -1 -1 -1
0.6697120070457458 0.6371091604232788 0.5207061767578125 -1 -1 -1 -1 -1 -1 -1 -1 -1
0.6125310063362122 0.729337215423584 0.9961382746696472 -1 -1 -1 -1 -1 -1 -1 -1 -1
0.6703086495399475 0.6375492811203003 0.6255863904953003 -1 -1 -1 -1 -1 -1 -1 -1 -1
0.6082595586776733 0.7403688430786133 0.9823581576347351 -1 -1 -1 -1 -1 -1 -1 -1 -1
0.6790033578872681 0.6468214392662048 0.6585136651992798 -1 -1 -1 -1 -1 -1 -1 -1 -1
0.6247532963752747 0.767583966255188 0.9926590323448181 -1 -1 -1 -1 -1 -1 -1 -1 -1
1 
33 
-1 -1 -1 -1 -1 -1 -1 -1 -1 -1
0.6388493180274963 0.38354218006134033 0.9994645714759827 -1 -1 -1 -1 -1 -1 -1 -1 -1
0.6381741762161255 0.374939888715744 0.9983870983123779 -1 -1 -1 -1 -1 -1 -1 -1 -1
0.638016939163208 0.37499547004699707 0.9984167814254761 -1 -1 -1 -1 -1 -1 -1 -1 -1
0.6376525163650513 0.37496644258499146 0.9985476136207581 -1 -1 -1 -1 -1 -1 -1 -1 -1
0.6375707983970642 0.3740236163139343 0.9990567564964294 -1 -1 -1 -1 -1 -1 -1 -1 -1
0.6367509961128235 0.3732340335845947 0.9990664124488831 -1 -1 -1 -1 -1 -1 -1 -1 -1
0.6361183524131775 0.37265563011169434 0.9989004135131836 -1 -1 -1 -1 -1 -1 -1 -1 -1
0.6339619159698486 0.37666696310043335 0.997963547706604 -1 -1 -1 -1 -1 -1 -1 -1 -1
0.6311705708503723 0.3746268153190613 0.9992572665214539 -1 -1 -1 -1 -1 -1 -1 -1 -1
0.6381234526634216 0.39042919874191284 0.99757319688797 -1 -1 -1 -1 -1 -1 -1 -1 -1
0.6370145082473755 0.3891761898994446 0.9983761310577393 -1 -1 -1 -1 -1 -1 -1 -1 -1
0.6342491507530212 0.4156292974948883 0.9977272152900696 -1 -1 -1 -1 -1 -1 -1 -1 -1
0.6188754439353943 0.4018336534500122 0.9999394416809082 -1 -1 -1 -1 -1 -1 -1 -1 -1
0.652271032333374 0.37281686067581177 0.2689116597175598 -1 -1 -1 -1 -1 -1 -1 -1 -1
0.6314759850502014 0.34401094913482666 0.9877726435661316 -1 -1 -1 -1 -1 -1 -1 -1 -1
0.6528006792068481 0.31411558389663696 0.33256542682647705 -1 -1 -1 -1 -1 -1 -1 -1 -1
0.6327711939811707 0.29265326261520386 0.9832179546356201 -1 -1 -1 -1 -1 -1 -1 -1 -1
0.6521254181861877 0.30368906259536743 0.33111751079559326 -1 -1 -1 -1 -1 -1 -1 -1 -1
0.6320104598999023 0.2815994620323181 0.9740144610404968 -1 -1 -1 -1 -1 -1 -1 -1 -1
0.6514922380447388 0.2982749342918396 0.3324156701564789 -1 -1 -1 -1 -1 -1 -1 -1 -1
0.6297653913497925 0.2782362997531891 0.9690198302268982 -1 -1 -1 -1 -1 -1 -1 -1 -1
0.6529000997543335 0.307010680437088 0.34598225355148315 -1 -1 -1 -1 -1 -1 -1 -1 -1
0.6334303617477417 0.283019483089447 0.9578765630722046 -1 -1 -1 -1 -1 -1 -1 -1 -1
0.6355538964271545 0.5487299561500549 0.9992595314979553 -1 -1 -1 -1 -1 -1 -1 -1 -1
0.6190218329429626 0.5487017631530762 0.9999384880065918 -1 -1 -1 -1 -1 -1 -1 -1 -1
0.6716778874397278 0.6193994879722595 0.7263253927230835 -1 -1 -1 -1 -1 -1 -1 -1 -1
0.6176754832267761 0.631369948387146 0.9926194548606873 -1 -1 -1 -1 -1 -1 -1 -1 -1
0.6829710006713867 0.6069045066833496 0.5774158835411072 -1 -1 -1 -1 -1 -1 -1 -1 -1
0.6145007014274597 0.7248111963272095 0.9892686009407043 -1 -1 -1 -1 -1 -1 -1 -1 -1
0.6844433546066284 0.6034864783287048 0.6925691962242126 -1 -1 -1 -1 -1 -1 -1 -1 -1
0.6112648844718933 0.7359371185302734 0.9793181419372559 -1 -1 -1 -1 -1 -1 -1 -1 -1
0.6898236274719238 0.611544668674469 0.6879208087921143 -1 -1 -1 -1 -1 -1 -1 -1 -1
0.6257336139678955 0.7632365822792053 0.9822884798049927 -1 -1 -1 -1 -1 -1 -1 -1 -1
1 
33 
-1 -1 -1 -1 -1 -1 -1 -1 -1 -1
0.6384536623954773 0.36715593934059143 0.995589017868042 -1 -1 -1 -1 -1 -1 -1 -1 -1
0.6375783681869507 0.35799866914749146 0.9925135970115662 -1 -1 -1 -1 -1 -1 -1 -1 -1
0.6367357969284058 0.35781240463256836 0.9878276586532593 -1 -1 -1 -1 -1 -1 -1 -1 -1
0.6359177827835083 0.35762572288513184 0.9915868043899536 -1 -1 -1 -1 -1 -1 -1 -1 -1
0.6386188864707947 0.35809630155563354 0.9949207901954651 -1 -1 -1 -1 -1 -1 -1 -1 -1
0.6384857296943665 0.35796797275543213 0.9937048554420471 -1 -1 -1 -1 -1 -1 -1 -1 -1
0.6383768320083618 0.35782545804977417 0.9948891401290894 -1 -1 -1 -1 -1 -1 -1 -1 -1
0.6316515803337097 0.3589627742767334 0.9844620227813721 -1 -1 -1 -1 -1 -1 -1 -1 -1
0.6351428627967834 0.35915666818618774 0.9904422163963318 -1 -1 -1 -1 -1 -1 -1 -1 -1
0.6357722878456116 0.3746472895145416 0.9879612326622009 -1 -1 -1 -1 -1 -1 -1 -1 -1
0.6366348266601562 0.3743607699871063 0.9888572096824646 -1 -1 -1 -1 -1 -1 -1 -1 -1
0.6211378574371338 0.3902769684791565 0.9890853762626648 -1 -1 -1 -1 -1 -1 -1 -1 -1
0.6263550519943237 0.3886531591415405 0.9982158541679382 -1 -1 -1 -1 -1 -1 -1 -1 -1
0.632790207862854 0.33181947469711304 0.14445455372333527 -1 -1 -1 -1 -1 -1 -1 -1 -1
0.6373871564865112 0.33708542585372925 0.9887529611587524 -1 -1 -1 -1 -1 -1 -1 -1 -1
0.6365258097648621 0.27541598677635193 0.49888527393341064 -1 -1 -1 -1 -1 -1 -1 -1 -1
0.6516706347465515 0.28388679027557373 0.9899266958236694 -1 -1 -1 -1 -1 -1 -1 -1 -1
0.6347910165786743 0.2667545974254608 0.551985502243042 -1 -1 -1 -1 -1 -1 -1 -1 -1
0.6552061438560486 0.27339261770248413 0.9849246144294739 -1 -1 -1 -1 -1 -1 -1 -1 -1
0.6367990374565125 0.2662505507469177 0.5618922710418701 -1 -1 -1 -1 -1 -1 -1 -1 -1
0.6516585350036621 0.27272841334342957 0.9820635318756104 -1 -1 -1 -1 -1 -1 -1 -1 -1
0.6373120546340942 0.26856759190559387 0.5770273804664612 -1 -1 -1 -1 -1 -1 -1 -1 -1
0.6496164798736572 0.2748900055885315 0.9690865278244019 -1 -1 -1 -1 -1 -1 -1 -1 -1
0.6186115145683289 0.5338881611824036 0.9990857839584351 -1 -1 -1 -1 -1 -1 -1 -1 -1
0.6210138201713562 0.538902997970581 0.9993510842323303 -1 -1 -1 -1 -1 -1 -1 -1 -1
0.6277295351028442 0.622514009475708 0.3244727849960327 -1 -1 -1 -1 -1 -1 -1 -1 -1
0.6207966208457947 0.6301398277282715 0.9575539231300354 -1 -1 -1 -1 -1 -1 -1 -1 -1
0.6203716397285461 0.685982346534729 0.4076938033103943 -1 -1 -1 -1 -1 -1 -1 -1 -1
0.6162659525871277 0.7213081121444702 0.9840409755706787 -1 -1 -1 -1 -1 -1 -1 -1 -1
0.615098237991333 0.6921809315681458 0.5320498943328857 -1 -1 -1 -1 -1 -1 -1 -1 -1
0.6090369820594788 0.7373306155204773 0.9805475473403931 -1 -1 -1 -1 -1 -1 -1 -1 -1
0.6297827959060669 0.7129963040351868 0.592975378036499 -1 -1 -1 -1 -1 -1 -1 -1 -1
0.6246564984321594 0.7557435631752014 0.9725335836410522 -1 -1 -1 -1 -1 -1 -1 -1 -1
1 
33 
-1 -1 -1 -1 -1 -1 -1 -1 -1 -1
0.638810932636261 0.3583650588989258 0.9937319159507751 -1 -1 -1 -1 -1 -1 -1 -1 -1
0.6369979977607727 0.34953051805496216 0.9937242865562439 -1 -1 -1 -1 -1 -1 -1 -1 -1
0.6355584263801575 0.34958845376968384 0.9900166392326355 -1 -1 -1 -1 -1 -1 -1 -1 -1
0.6340593099594116 0.3494439721107483 0.9927859902381897 -1 -1 -1 -1 -1 -1 -1 -1 -1
0.6399517059326172 0.3500048816204071 0.9942212104797363 -1 -1 -1 -1 -1 -1 -1 -1 -1
0.6405535936355591 0.3505352735519409 0.9922162294387817 -1 -1 -1 -1 -1 -1 -1 -1 -1
0.6410654783248901 0.3509187698364258 0.9937647581100464 -1 -1 -1 -1 -1 -1 -1 -1 -1
0.6304143667221069 0.3535867929458618 0.9896514415740967 -1 -1 -1 -1 -1 -1 -1 -1 -1
0.6393018960952759 0.35555875301361084 0.9912761449813843 -1 -1 -1 -1 -1 -1 -1 -1 -1
0.635869562625885 0.3674231767654419 0.9900963306427002 -1 -1 -1 -1 -1 -1 -1 -1 -1
0.63887619972229 0.36878201365470886 0.9899458289146423 -1 -1 -1 -1 -1 -1 -1 -1 -1
0.6226755380630493 0.3894426226615906 0.9907673001289368 -1 -1 -1 -1 -1 -1 -1 -1 -1
0.6382477879524231 0.3963620662689209 0.9982578158378601 -1 -1 -1 -1 -1 -1 -1 -1 -1
0.6320538520812988 0.3272584080696106 0.26770612597465515 -1 -1 -1 -1 -1 -1 -1 -1 -1
0.6410776376724243 0.3330373764038086 0.9612118005752563 -1 -1 -1 -1 -1 -1 -1 -1 -1
0.6383078098297119 0.2730037271976471 0.7440999746322632 -1 -1 -1 -1 -1 -1 -1 -1 -1
0.6528804302215576 0.2790408134460449 0.9824330806732178 -1 -1 -1 -1 -1 -1 -1 -1 -1
0.636335551738739 0.2571198344230652 0.7879990935325623 -1 -1 -1 -1 -1 -1 -1 -1 -1
0.6539477705955505 0.2673044502735138 0.9767172336578369 -1 -1 -1 -1 -1 -1 -1 -1 -1
0.6393807530403137 0.2565721273422241 0.7943989038467407 -1 -1 -1 -1 -1 -1 -1 -1 -1
0.6529657244682312 0.26729774475097656 0.9734839797019958 -1 -1 -1 -1 -1 -1 -1 -1 -1
0.6413403749465942 0.26282891631126404 0.7807261943817139 -1 -1 -1 -1 -1 -1 -1 -1 -1
0.6515098214149475 0.27146461606025696 0.9601244330406189 -1 -1 -1 -1 -1 -1 -1 -1 -1
0.6147733926773071 0.5379146337509155 0.9995027780532837 -1 -1 -1 -1 -1 -1 -1 -1 -1
0.6253882646560669 0.5437062382698059 0.9993060827255249 -1 -1 -1 -1 -1 -1 -1 -1 -1
0.6217873096466064 0.6316436529159546 0.7676365375518799 -1 -1 -1 -1 -1 -1 -1 -1 -1
0.6335271596908569 0.6028459668159485 0.9607734084129333 -1 -1 -1 -1 -1 -1 -1 -1 -1
0.6172655820846558 0.7088372111320496 0.8081814050674438 -1 -1 -1 -1 -1 -1 -1 -1 -1
0.6388404369354248 0.6726142168045044 0.9541987180709839 -1 -1 -1 -1 -1 -1 -1 -1 -1
0.6185290813446045 0.7173797488212585 0.8118239641189575 -1 -1 -1 -1 -1 -1 -1 -1 -1
0.6357999444007874 0.6781278848648071 0.916964054107666 -1 -1 -1 -1 -1 -1 -1 -1 -1
0.6257556080818176 0.7381644248962402 0.6980701684951782 -1 -1 -1 -1 -1 -1 -1 -1 -1
0.6468992233276367 0.6973536610603333 0.8907886743545532 -1 -1 -1 -1 -1 -1 -1 -1 -1
1 
33 
-1 -1 -1 -1 -1 -1 -1 -1 -1 -1
0.6403593420982361 0.36349648237228394 0.9819097518920898 -1 -1 -1 -1 -1 -1 -1 -1 -1
0.6401717066764832 0.35552650690078735 0.9715325236320496 -1 -1 -1 -1 -1 -1 -1 -1 -1
0.6398822665214539 0.35538873076438904 0.9566553831100464 -1 -1 -1 -1 -1 -1 -1 -1 -1
0.6396202445030212 0.35513389110565186 0.974617063999176 -1 -1 -1 -1 -1 -1 -1 -1 -1
0.6393817067146301 0.35514774918556213 0.9748060703277588 -1 -1 -1 -1 -1 -1 -1 -1 -1
0.638731837272644 0.3550041615962982 0.9660703539848328 -1 -1 -1 -1 -1 -1 -1 -1 -1
0.6379924416542053 0.3546883463859558 0.9741196632385254 -1 -1 -1 -1 -1 -1 -1 -1 -1
0.6357289552688599 0.3574458360671997 0.9500594735145569 -1 -1 -1 -1 -1 -1 -1 -1 -1
0.6328729391098022 0.3576638996601105 0.9582504630088806 -1 -1 -1 -1 -1 -1 -1 -1 -1
0.6387994289398193 0.37103763222694397 0.9765055179595947 -1 -1 -1 -1 -1 -1 -1 -1 -1
0.6378126740455627 0.37085193395614624 0.974862813949585 -1 -1 -1 -1 -1 -1 -1 -1 -1
0.6359772086143494 0.3918483853340149 0.9834499955177307 -1 -1 -1 -1 -1 -1 -1 -1 -1
0.6229742169380188 0.386624813079834 0.9954615235328674 -1 -1 -1 -1 -1 -1 -1 -1 -1
0.65062415599823 0.3410613536834717 0.2715230882167816 -1 -1 -1 -1 -1 -1 -1 -1 -1
0.6348047852516174 0.3233749568462372 0.9909967184066772 -1 -1 -1 -1 -1 -1 -1 -1 -1
0.6573706865310669 0.2763926386833191 0.5467106103897095 -1 -1 -1 -1 -1 -1 -1 -1 -1
0.6438601613044739 0.2607418894767761 0.9899128675460815 -1 -1 -1 -1 -1 -1 -1 -1 -1
0.6580135226249695 0.26259323954582214 0.5641708374023438 -1 -1 -1 -1 -1 -1 -1 -1 -1
0.6453339457511902 0.24740365147590637 0.9826379418373108 -1 -1 -1 -1 -1 -1 -1 -1 -1
0.6570443511009216 0.25965410470962524 0.5713112950325012 -1 -1 -1 -1 -1 -1 -1 -1 -1
0.641142725944519 0.24845793843269348 0.9795335531234741 -1 -1 -1 -1 -1 -1 -1 -1 -1
0.6563395857810974 0.263224333524704 0.5837873220443726 -1 -1 -1 -1 -1 -1 -1 -1 -1
0.6467853784561157 0.2525734007358551 0.9685871601104736 -1 -1 -1 -1 -1 -1 -1 -1 -1
0.6237576603889465 0.5302738547325134 0.9980436563491821 -1 -1 -1 -1 -1 -1 -1 -1 -1
0.6119520664215088 0.5260947942733765 0.9982258677482605 -1 -1 -1 -1 -1 -1 -1 -1 -1
0.6272815465927124 0.621594250202179 0.5105247497558594 -1 -1 -1 -1 -1 -1 -1 -1 -1
0.6204016804695129 0.6247971057891846 0.9303408265113831 -1 -1 -1 -1 -1 -1 -1 -1 -1
0.6149725914001465 0.6977839469909668 0.48562052845954895 -1 -1 -1 -1 -1 -1 -1 -1 -1
0.6119242310523987 0.7138725519180298 0.9640027284622192 -1 -1 -1 -1 -1 -1 -1 -1 -1
0.6086254715919495 0.7054754495620728 0.4891536235809326 -1 -1 -1 -1 -1 -1 -1 -1 -1
0.6093084812164307 0.7221605181694031 0.9331247806549072 -1 -1 -1 -1 -1 -1 -1 -1 -1
0.6227532625198364 0.7286010980606079 0.5691686272621155 -1 -1 -1 -1 -1 -1 -1 -1 -1
0.6225457787513733 0.7479270696640015 0.9422969222068787 -1 -1 -1 -1 -1 -1 -1 -1 -1
1 
33 
-1 -1 -1 -1 -1 -1 -1 -1 -1 -1
0.646926760673523 0.3652381896972656 0.9962553977966309 -1 -1 -1 -1 -1 -1 -1 -1 -1
0.6454213857650757 0.3553071618080139 0.9938656687736511 -1 -1 -1 -1 -1 -1 -1 -1 -1
0.6447820067405701 0.35501527786254883 0.9912539124488831 -1 -1 -1 -1 -1 -1 -1 -1 -1
0.6439691185951233 0.35448208451271057 0.9942528605461121 -1 -1 -1 -1 -1 -1 -1 -1 -1
0.6454101800918579 0.35560333728790283 0.9932635426521301 -1 -1 -1 -1 -1 -1 -1 -1 -1
0.6448137164115906 0.35566091537475586 0.9917435050010681 -1 -1 -1 -1 -1 -1 -1 -1 -1
0.6440759897232056 0.3555416464805603 0.9929976463317871 -1 -1 -1 -1 -1 -1 -1 -1 -1
0.6367231011390686 0.35666391253471375 0.9909834861755371 -1 -1 -1 -1 -1 -1 -1 -1 -1
0.6375543475151062 0.3580528795719147 0.99128258228302 -1 -1 -1 -1 -1 -1 -1 -1 -1
0.6450483798980713 0.3738033175468445 0.992708146572113 -1 -1 -1 -1 -1 -1 -1 -1 -1
0.6446557641029358 0.374003529548645 0.9917922019958496 -1 -1 -1 -1 -1 -1 -1 -1 -1
0.6304087042808533 0.3868076205253601 0.9978500604629517 -1 -1 -1 -1 -1 -1 -1 -1 -1
0.632286012172699 0.39119434356689453 0.9988895058631897 -1 -1 -1 -1 -1 -1 -1 -1 -1
0.6430589556694031 0.32564204931259155 0.12257050722837448 -1 -1 -1 -1 -1 -1 -1 -1 -1
0.6434036493301392 0.32663556933403015 0.988240122795105 -1 -1 -1 -1 -1 -1 -1 -1 -1
0.6523326635360718 0.2768266499042511 0.3879026770591736 -1 -1 -1 -1 -1 -1 -1 -1 -1
0.6537310481071472 0.26973289251327515 0.9885603785514832 -1 -1 -1 -1 -1 -1 -1 -1 -1
0.6526044607162476 0.25917312502861023 0.4549501836299896 -1 -1 -1 -1 -1 -1 -1 -1 -1
0.6551557779312134 0.25895366072654724 0.9851170778274536 -1 -1 -1 -1 -1 -1 -1 -1 -1
0.652947723865509 0.25815194845199585 0.4589833915233612 -1 -1 -1 -1 -1 -1 -1 -1 -1
0.6528412699699402 0.25646013021469116 0.9817901849746704 -1 -1 -1 -1 -1 -1 -1 -1 -1
0.6524074673652649 0.2627218961715698 0.475837767124176 -1 -1 -1 -1 -1 -1 -1 -1 -1
0.6527244448661804 0.26116544008255005 0.9700838327407837 -1 -1 -1 -1 -1 -1 -1 -1 -1
0.6129971742630005 0.5232436656951904 0.9994664788246155 -1 -1 -1 -1 -1 -1 -1 -1 -1
0.6126206517219543 0.5331240296363831 0.9992958307266235 -1 -1 -1 -1 -1 -1 -1 -1 -1
0.6332394480705261 0.6136965751647949 0.28622329235076904 -1 -1 -1 -1 -1 -1 -1 -1 -1
0.6281367540359497 0.6214141249656677 0.9751648306846619 -1 -1 -1 -1 -1 -1 -1 -1 -1
0.6190074682235718 0.6895137429237366 0.4420448839664459 -1 -1 -1 -1 -1 -1 -1 -1 -1
0.6141752600669861 0.7049278616905212 0.9691789150238037 -1 -1 -1 -1 -1 -1 -1 -1 -1
0.6194853782653809 0.6972125768661499 0.5246281623840332 -1 -1 -1 -1 -1 -1 -1 -1 -1
0.6083277463912964 0.709057629108429 0.949176549911499 -1 -1 -1 -1 -1 -1 -1 -1 -1
0.6398346424102783 0.7235913872718811 0.5684634447097778 -1 -1 -1 -1 -1 -1 -1 -1 -1
0.6240289807319641 0.7472328543663025 0.9499135613441467 -1 -1 -1 -1 -1 -1 -1 -1 -1
1 
33 
-1 -1 -1 -1 -1 -1 -1 -1 -1 -1
0.6450009346008301 0.36864519119262695 0.9988816380500793 -1 -1 -1 -1 -1 -1 -1 -1 -1
0.6436670422554016 0.3596322536468506 0.9978156089782715 -1 -1 -1 -1 -1 -1 -1 -1 -1
0.6432085037231445 0.3593801259994507 0.9970123767852783 -1 -1 -1 -1 -1 -1 -1 -1 -1
0.6427159309387207 0.35895228385925293 0.9979419112205505 -1 -1 -1 -1 -1 -1 -1 -1 -1
0.6432855129241943 0.3592018485069275 0.99809330701828 -1 -1 -1 -1 -1 -1 -1 -1 -1
0.642604410648346 0.35885679721832275 0.9978140592575073 -1 -1 -1 -1 -1 -1 -1 -1 -1
0.6419419646263123 0.3584299683570862 0.9981045722961426 -1 -1 -1 -1 -1 -1 -1 -1 -1
0.6360076665878296 0.3604300618171692 0.9971530437469482 -1 -1 -1 -1 -1 -1 -1 -1 -1
0.6356565952301025 0.3603169322013855 0.9972014427185059 -1 -1 -1 -1 -1 -1 -1 -1 -1
0.6426874399185181 0.37687721848487854 0.9974915981292725 -1 -1 -1 -1 -1 -1 -1 -1 -1
0.6418538689613342 0.37579643726348877 0.9977228045463562 -1 -1 -1 -1 -1 -1 -1 -1 -1
0.6318991780281067 0.4000132083892822 0.9967340230941772 -1 -1 -1 -1 -1 -1 -1 -1 -1
0.6242089867591858 0.39019399881362915 0.9993933439254761 -1 -1 -1 -1 -1 -1 -1 -1 -1
0.6507378816604614 0.3431672751903534 0.22180044651031494 -1 -1 -1 -1 -1 -1 -1 -1 -1
0.6454904675483704 0.33627355098724365 0.9932251572608948 -1 -1 -1 -1 -1 -1 -1 -1 -1
0.6605864763259888 0.29024970531463623 0.44725245237350464 -1 -1 -1 -1 -1 -1 -1 -1 -1
0.6580677032470703 0.2802000939846039 0.9910682439804077 -1 -1 -1 -1 -1 -1 -1 -1 -1
0.6569331884384155 0.2774841785430908 0.4807685911655426 -1 -1 -1 -1 -1 -1 -1 -1 -1
0.6599351167678833 0.26716601848602295 0.9869425296783447 -1 -1 -1 -1 -1 -1 -1 -1 -1
0.6561136841773987 0.2740410268306732 0.4892531931400299 -1 -1 -1 -1 -1 -1 -1 -1 -1
0.6584001183509827 0.26504576206207275 0.9838773608207703 -1 -1 -1 -1 -1 -1 -1 -1 -1
0.6555817127227783 0.27989810705184937 0.5117223858833313 -1 -1 -1 -1 -1 -1 -1 -1 -1
0.6574038863182068 0.2693707048892975 0.9728250503540039 -1 -1 -1 -1 -1 -1 -1 -1 -1
0.6174182891845703 0.5384127497673035 0.9992403984069824 -1 -1 -1 -1 -1 -1 -1 -1 -1
0.6095932126045227 0.5372961759567261 0.9996216297149658 -1 -1 -1 -1 -1 -1 -1 -1 -1
0.6504778861999512 0.614733874797821 0.3886808454990387 -1 -1 -1 -1 -1 -1 -1 -1 -1
0.6313938498497009 0.6043370366096497 0.9813408851623535 -1 -1 -1 -1 -1 -1 -1 -1 -1
0.6343917846679688 0.6552700400352478 0.2723113000392914 -1 -1 -1 -1 -1 -1 -1 -1 -1
0.6167657971382141 0.7067630290985107 0.9822057485580444 -1 -1 -1 -1 -1 -1 -1 -1 -1
0.6287432909011841 0.6567689776420593 0.42228275537490845 -1 -1 -1 -1 -1 -1 -1 -1 -1
0.6086195707321167 0.7158170938491821 0.9736324548721313 -1 -1 -1 -1 -1 -1 -1 -1 -1
0.6447907090187073 0.6838761568069458 0.47360551357269287 -1 -1 -1 -1 -1 -1 -1 -1 -1
0.627068281173706 0.7456791400909424 0.9719732999801636 -1 -1 -1 -1 -1 -1 -1 -1 -1
1 
33 
-1 -1 -1 -1 -1 -1 -1 -1 -1 -1
0.6480485796928406 0.38004446029663086 0.9949577450752258 -1 -1 -1 -1 -1 -1 -1 -1 -1
0.6465533971786499 0.37053900957107544 0.9920445680618286 -1 -1 -1 -1 -1 -1 -1 -1 -1
0.6460840702056885 0.3702876567840576 0.9893688559532166 -1 -1 -1 -1 -1 -1 -1 -1 -1
0.6455439925193787 0.3700350522994995 0.9929807186126709 -1 -1 -1 -1 -1 -1 -1 -1 -1
0.6458858251571655 0.36987239122390747 0.9924747347831726 -1 -1 -1 -1 -1 -1 -1 -1 -1
0.6449944972991943 0.3691173791885376 0.9916172623634338 -1 -1 -1 -1 -1 -1 -1 -1 -1
0.6441853046417236 0.3684135675430298 0.9929618239402771 -1 -1 -1 -1 -1 -1 -1 -1 -1
0.638875424861908 0.3711179792881012 0.9895837903022766 -1 -1 -1 -1 -1 -1 -1 -1 -1
0.6381415128707886 0.3701741099357605 0.989500105381012 -1 -1 -1 -1 -1 -1 -1 -1 -1
0.6458898782730103 0.3879626393318176 0.9868358373641968 -1 -1 -1 -1 -1 -1 -1 -1 -1
0.6448875069618225 0.3872022032737732 0.9875633716583252 -1 -1 -1 -1 -1 -1 -1 -1 -1
0.6355105042457581 0.41031280159950256 0.9922336339950562 -1 -1 -1 -1 -1 -1 -1 -1 -1
0.6252344846725464 0.40107211470603943 0.9972820281982422 -1 -1 -1 -1 -1 -1 -1 -1 -1
0.6523138880729675 0.35516464710235596 0.13684409856796265 -1 -1 -1 -1 -1 -1 -1 -1 -1
0.6481801271438599 0.34343475103378296 0.9875063896179199 -1 -1 -1 -1 -1 -1 -1 -1 -1
0.663950502872467 0.29899296164512634 0.2922042906284332 -1 -1 -1 -1 -1 -1 -1 -1 -1
0.6611831784248352 0.2844259738922119 0.9841082692146301 -1 -1 -1 -1 -1 -1 -1 -1 -1
0.6628186106681824 0.2901594638824463 0.3532784581184387 -1 -1 -1 -1 -1 -1 -1 -1 -1
0.6630348563194275 0.2682655453681946 0.9794777631759644 -1 -1 -1 -1 -1 -1 -1 -1 -1
0.6636895537376404 0.2860978841781616 0.3635634779930115 -1 -1 -1 -1 -1 -1 -1 -1 -1
0.6617028713226318 0.2658022940158844 0.9756309986114502 -1 -1 -1 -1 -1 -1 -1 -1 -1
0.663090705871582 0.289012610912323 0.38954856991767883 -1 -1 -1 -1 -1 -1 -1 -1 -1
0.6609997153282166 0.2732963562011719 0.9607160091400146 -1 -1 -1 -1 -1 -1 -1 -1 -1
0.6192730069160461 0.5449979901313782 0.9980238676071167 -1 -1 -1 -1 -1 -1 -1 -1 -1
0.6101691126823425 0.5447558164596558 0.9981416463851929 -1 -1 -1 -1 -1 -1 -1 -1 -1
0.6431552767753601 0.6168332099914551 0.37462154030799866 -1 -1 -1 -1 -1 -1 -1 -1 -1
0.6350764632225037 0.615261435508728 0.9547137022018433 -1 -1 -1 -1 -1 -1 -1 -1 -1
0.6222745180130005 0.6801817417144775 0.34256359934806824 -1 -1 -1 -1 -1 -1 -1 -1 -1
0.6167895793914795 0.7061091065406799 0.9592214226722717 -1 -1 -1 -1 -1 -1 -1 -1 -1
0.624424397945404 0.6780025362968445 0.4744737148284912 -1 -1 -1 -1 -1 -1 -1 -1 -1
0.6089494228363037 0.7123725414276123 0.9495456218719482 -1 -1 -1 -1 -1 -1 -1 -1 -1
0.6330525875091553 0.7103406190872192 0.502840518951416 -1 -1 -1 -1 -1 -1 -1 -1 -1
0.6277660727500916 0.7413179278373718 0.9391345381736755 -1 -1 -1 -1 -1 -1 -1 -1 -1
1 
33 
-1 -1 -1 -1 -1 -1 -1 -1 -1 -1
0.6484448909759521 0.3968406915664673 0.9978591799736023 -1 -1 -1 -1 -1 -1 -1 -1 -1
0.6473523378372192 0.38646918535232544 0.995630145072937 -1 -1 -1 -1 -1 -1 -1 -1 -1
0.6469310522079468 0.38605087995529175 0.9939239621162415 -1 -1 -1 -1 -1 -1 -1 -1 -1
0.6465020179748535 0.3855910897254944 0.9954793453216553 -1 -1 -1 -1 -1 -1 -1 -1 -1
0.6468231678009033 0.385929137468338 0.99664705991745 -1 -1 -1 -1 -1 -1 -1 -1 -1
0.6460862755775452 0.38517630100250244 0.9963902831077576 -1 -1 -1 -1 -1 -1 -1 -1 -1
0.6453860402107239 0.38440585136413574 0.9970491528511047 -1 -1 -1 -1 -1 -1 -1 -1 -1
0.6405559778213501 0.38469231128692627 0.9935198426246643 -1 -1 -1 -1 -1 -1 -1 -1 -1
0.6397510170936584 0.38416439294815063 0.995392918586731 -1 -1 -1 -1 -1 -1 -1 -1 -1
0.6459381580352783 0.40286749601364136 0.9908018708229065 -1 -1 -1 -1 -1 -1 -1 -1 -1
0.6453081965446472 0.4024258852005005 0.993105947971344 -1 -1 -1 -1 -1 -1 -1 -1 -1
0.6312988996505737 0.4179983139038086 0.9940629601478577 -1 -1 -1 -1 -1 -1 -1 -1 -1
0.6252318620681763 0.41141510009765625 0.9980484247207642 -1 -1 -1 -1 -1 -1 -1 -1 -1
0.6489500999450684 0.36923688650131226 0.19004781544208527 -1 -1 -1 -1 -1 -1 -1 -1 -1
0.6506840586662292 0.3634018301963806 0.991801917552948 -1 -1 -1 -1 -1 -1 -1 -1 -1
0.6673874855041504 0.3256850242614746 0.38088253140449524 -1 -1 -1 -1 -1 -1 -1 -1 -1
0.6640992164611816 0.31088966131210327 0.9881197214126587 -1 -1 -1 -1 -1 -1 -1 -1 -1
0.6706518530845642 0.31709885597229004 0.4119161367416382 -1 -1 -1 -1 -1 -1 -1 -1 -1
0.6675242781639099 0.30058228969573975 0.9802010655403137 -1 -1 -1 -1 -1 -1 -1 -1 -1
0.6687169075012207 0.3142761290073395 0.4199252724647522 -1 -1 -1 -1 -1 -1 -1 -1 -1
0.6648983359336853 0.29770877957344055 0.9768890738487244 -1 -1 -1 -1 -1 -1 -1 -1 -1
0.6676306128501892 0.31762969493865967 0.442117303609848 -1 -1 -1 -1 -1 -1 -1 -1 -1
0.6634373664855957 0.2999342083930969 0.9627055525779724 -1 -1 -1 -1 -1 -1 -1 -1 -1
0.6157078742980957 0.5514594316482544 0.9988331198692322 -1 -1 -1 -1 -1 -1 -1 -1 -1
0.6066438555717468 0.5538588762283325 0.9990686774253845 -1 -1 -1 -1 -1 -1 -1 -1 -1
0.6471649408340454 0.6260094046592712 0.5641337633132935 -1 -1 -1 -1 -1 -1 -1 -1 -1
0.636980414390564 0.6128050088882446 0.9828523993492126 -1 -1 -1 -1 -1 -1 -1 -1 -1
0.6198298335075378 0.6816545724868774 0.5358948111534119 -1 -1 -1 -1 -1 -1 -1 -1 -1
0.6168085336685181 0.7012107372283936 0.9867809414863586 -1 -1 -1 -1 -1 -1 -1 -1 -1
0.6126986742019653 0.6799334287643433 0.5620264410972595 -1 -1 -1 -1 -1 -1 -1 -1 -1
0.6077209711074829 0.7084559202194214 0.9721958041191101 -1 -1 -1 -1 -1 -1 -1 -1 -1
0.6228070855140686 0.7197906970977783 0.6950455904006958 -1 -1 -1 -1 -1 -1 -1 -1 -1
0.6237065196037292 0.7416545152664185 0.9816049933433533 -1 -1 -1 -1 -1 -1 -1 -1 -1
1 
33 
-1 -1 -1 -1 -1 -1 -1 -1 -1 -1
0.6492340564727783 0.4128491282463074 0.9993278980255127 -1 -1 -1 -1 -1 -1 -1 -1 -1
0.6472139358520508 0.4036112427711487 0.9989185333251953 -1 -1 -1 -1 -1 -1 -1 -1 -1
0.6466649770736694 0.4029368460178375 0.9985730648040771 -1 -1 -1 -1 -1 -1 -1 -1 -1
0.646142303943634 0.40233314037323 0.9989927411079407 -1 -1 -1 -1 -1 -1 -1 -1 -1
0.6473585963249207 0.4042969346046448 0.999314546585083 -1 -1 -1 -1 -1 -1 -1 -1 -1
0.6468953490257263 0.4040784239768982 0.9992328882217407 -1 -1 -1 -1 -1 -1 -1 -1 -1
0.6464247703552246 0.40387386083602905 0.9993343949317932 -1 -1 -1 -1 -1 -1 -1 -1 -1
0.6398121118545532 0.40300384163856506 0.9989386200904846 -1 -1 -1 -1 -1 -1 -1 -1 -1
0.6399619579315186 0.40423524379730225 0.9988771080970764 -1 -1 -1 -1 -1 -1 -1 -1 -1
0.64675372838974 0.4172151982784271 0.9966270923614502 -1 -1 -1 -1 -1 -1 -1 -1 -1
0.6467407941818237 0.418138712644577 0.9972546696662903 -1 -1 -1 -1 -1 -1 -1 -1 -1
0.6286458373069763 0.42816704511642456 0.997484564781189 -1 -1 -1 -1 -1 -1 -1 -1 -1
0.6282879114151001 0.4306528568267822 0.9992212057113647 -1 -1 -1 -1 -1 -1 -1 -1 -1
0.6431818604469299 0.3834545314311981 0.21254520118236542 -1 -1 -1 -1 -1 -1 -1 -1 -1
0.6555817127227783 0.4066663384437561 0.9913496971130371 -1 -1 -1 -1 -1 -1 -1 -1 -1
0.6535512208938599 0.3467409908771515 0.48482897877693176 -1 -1 -1 -1 -1 -1 -1 -1 -1
0.6745930314064026 0.3847329020500183 0.9847657680511475 -1 -1 -1 -1 -1 -1 -1 -1 -1
0.6508122086524963 0.33390694856643677 0.5214791297912598 -1 -1 -1 -1 -1 -1 -1 -1 -1
0.6820347309112549 0.3780791163444519 0.9750716686248779 -1 -1 -1 -1 -1 -1 -1 -1 -1
0.6514908075332642 0.33335864543914795 0.5342810750007629 -1 -1 -1 -1 -1 -1 -1 -1 -1
0.6823549866676331 0.3742219805717468 0.972662627696991 -1 -1 -1 -1 -1 -1 -1 -1 -1
0.651945948600769 0.3369544744491577 0.5402217507362366 -1 -1 -1 -1 -1 -1 -1 -1 -1
0.6785901188850403 0.3754051923751831 0.9516105651855469 -1 -1 -1 -1 -1 -1 -1 -1 -1
0.6130297780036926 0.561627984046936 0.9996356964111328 -1 -1 -1 -1 -1 -1 -1 -1 -1
0.6086795926094055 0.5640080571174622 0.9996417760848999 -1 -1 -1 -1 -1 -1 -1 -1 -1
0.6435638666152954 0.6173192858695984 0.5339019298553467 -1 -1 -1 -1 -1 -1 -1 -1 -1
0.6396476030349731 0.6079151034355164 0.981519341468811 -1 -1 -1 -1 -1 -1 -1 -1 -1
0.6208760738372803 0.682314395904541 0.6852301955223083 -1 -1 -1 -1 -1 -1 -1 -1 -1
0.6167818307876587 0.698192834854126 0.9904826879501343 -1 -1 -1 -1 -1 -1 -1 -1 -1
0.6114147901535034 0.6880161166191101 0.7480078935623169 -1 -1 -1 -1 -1 -1 -1 -1 -1
0.6115632653236389 0.6983741521835327 0.9818716645240784 -1 -1 -1 -1 -1 -1 -1 -1 -1
0.6287559866905212 0.7151490449905396 0.836762011051178 -1 -1 -1 -1 -1 -1 -1 -1 -1
0.6283935308456421 0.7267618179321289 0.9899123311042786 -1 -1 -1 -1 -1 -1 -1 -1 -1
1 
33 
-1 -1 -1 -1 -1 -1 -1 -1 -1 -1
0.6529256701469421 0.43986743688583374 0.9959868788719177 -1 -1 -1 -1 -1 -1 -1 -1 -1
0.6511362195014954 0.43055790662765503 0.9931939840316772 -1 -1 -1 -1 -1 -1 -1 -1 -1
0.6504747867584229 0.42992526292800903 0.9911631345748901 -1 -1 -1 -1 -1 -1 -1 -1 -1
0.6497216820716858 0.429206907749176 0.9935032725334167 -1 -1 -1 -1 -1 -1 -1 -1 -1
0.6509147882461548 0.43073660135269165 0.9953035116195679 -1 -1 -1 -1 -1 -1 -1 -1 -1
0.6501771807670593 0.4302734136581421 0.9950605034828186 -1 -1 -1 -1 -1 -1 -1 -1 -1
0.6493976712226868 0.42979517579078674 0.9959750771522522 -1 -1 -1 -1 -1 -1 -1 -1 -1
0.6426177024841309 0.42962631583213806 0.9901206493377686 -1 -1 -1 -1 -1 -1 -1 -1 -1
0.6420820355415344 0.43013331294059753 0.9931691884994507 -1 -1 -1 -1 -1 -1 -1 -1 -1
0.6492504477500916 0.4458100199699402 0.9781950116157532 -1 -1 -1 -1 -1 -1 -1 -1 -1
0.6487299203872681 0.4462515115737915 0.9844362735748291 -1 -1 -1 -1 -1 -1 -1 -1 -1
0.6337963342666626 0.45555877685546875 0.9921533465385437 -1 -1 -1 -1 -1 -1 -1 -1 -1
0.626053512096405 0.46071115136146545 0.9958593249320984 -1 -1 -1 -1 -1 -1 -1 -1 -1
0.6536816358566284 0.4171590805053711 0.09266828745603561 -1 -1 -1 -1 -1 -1 -1 -1 -1
0.6524168848991394 0.42496538162231445 0.993765115737915 -1 -1 -1 -1 -1 -1 -1 -1 -1
0.6729339361190796 0.381502240896225 0.22643937170505524 -1 -1 -1 -1 -1 -1 -1 -1 -1
0.6724874973297119 0.3913953900337219 0.9830182790756226 -1 -1 -1 -1 -1 -1 -1 -1 -1
0.6768487095832825 0.37340331077575684 0.2986263632774353 -1 -1 -1 -1 -1 -1 -1 -1 -1
0.6800209879875183 0.38579121232032776 0.9714895486831665 -1 -1 -1 -1 -1 -1 -1 -1 -1
0.675163209438324 0.3693258762359619 0.3064946234226227 -1 -1 -1 -1 -1 -1 -1 -1 -1
0.6786379218101501 0.3792407810688019 0.9668761491775513 -1 -1 -1 -1 -1 -1 -1 -1 -1
0.6738389134407043 0.3726840615272522 0.3307516872882843 -1 -1 -1 -1 -1 -1 -1 -1 -1
0.6756823062896729 0.3820493519306183 0.9420333504676819 -1 -1 -1 -1 -1 -1 -1 -1 -1
0.6127468943595886 0.5695211887359619 0.9979158043861389 -1 -1 -1 -1 -1 -1 -1 -1 -1
0.6034913063049316 0.5766361951828003 0.9968761205673218 -1 -1 -1 -1 -1 -1 -1 -1 -1
0.6456643342971802 0.6186625361442566 0.5426384210586548 -1 -1 -1 -1 -1 -1 -1 -1 -1
0.6405158638954163 0.6289920806884766 0.9896127581596375 -1 -1 -1 -1 -1 -1 -1 -1 -1
0.6169000864028931 0.6905192136764526 0.6101148128509521 -1 -1 -1 -1 -1 -1 -1 -1 -1
0.6134389638900757 0.6995836496353149 0.9850634336471558 -1 -1 -1 -1 -1 -1 -1 -1 -1
0.6068224310874939 0.6981125473976135 0.6543323397636414 -1 -1 -1 -1 -1 -1 -1 -1 -1
0.6037424802780151 0.7083718776702881 0.9665178060531616 -1 -1 -1 -1 -1 -1 -1 -1 -1
0.6288672089576721 0.721053957939148 0.7312091588973999 -1 -1 -1 -1 -1 -1 -1 -1 -1
0.620071291923523 0.7397316694259644 0.9728557467460632 -1 -1 -1 -1 -1 -1 -1 -1 -1
1 
33 
-1 -1 -1 -1 -1 -1 -1 -1 -1 -1
0.6787673830986023 0.4418155252933502 0.9984815716743469 -1 -1 -1 -1 -1 -1 -1 -1 -1
0.6784284710884094 0.4314092993736267 0.9980782270431519 -1 -1 -1 -1 -1 -1 -1 -1 -1
0.6790012121200562 0.4263615608215332 0.997576892375946 -1 -1 -1 -1 -1 -1 -1 -1 -1
0.6784850358963013 0.4311768412590027 0.9977685213088989 -1 -1 -1 -1 -1 -1 -1 -1 -1
0.6766188144683838 0.43017303943634033 0.9988446235656738 -1 -1 -1 -1 -1 -1 -1 -1 -1
0.6751344799995422 0.42895326018333435 0.9988816380500793 -1 -1 -1 -1 -1 -1 -1 -1 -1
0.673654317855835 0.4277585744857788 0.9988994598388672 -1 -1 -1 -1 -1 -1 -1 -1 -1
0.6724588871002197 0.42291051149368286 0.9977261424064636 -1 -1 -1 -1 -1 -1 -1 -1 -1
0.6636990308761597 0.42322584986686707 0.9980400204658508 -1 -1 -1 -1 -1 -1 -1 -1 -1
0.6742510795593262 0.4484621286392212 0.9922687411308289 -1 -1 -1 -1 -1 -1 -1 -1 -1
0.6716673970222473 0.4466378092765808 0.9947389960289001 -1 -1 -1 -1 -1 -1 -1 -1 -1
0.6580416560173035 0.46463441848754883 0.9960349202156067 -1 -1 -1 -1 -1 -1 -1 -1 -1
0.6364343762397766 0.44718652963638306 0.9935156106948853 -1 -1 -1 -1 -1 -1 -1 -1 -1
0.6667020916938782 0.5083703398704529 0.11916177719831467 -1 -1 -1 -1 -1 -1 -1 -1 -1
0.6270279288291931 0.4564884305000305 0.874261736869812 -1 -1 -1 -1 -1 -1 -1 -1 -1
0.6733679175376892 0.5230141282081604 0.25662603974342346 -1 -1 -1 -1 -1 -1 -1 -1 -1
0.6427226662635803 0.4419524669647217 0.8061315417289734 -1 -1 -1 -1 -1 -1 -1 -1 -1
0.6739318370819092 0.5324903726577759 0.29845553636550903 -1 -1 -1 -1 -1 -1 -1 -1 -1
0.6441683173179626 0.4417381286621094 0.8034247159957886 -1 -1 -1 -1 -1 -1 -1 -1 -1
0.674561619758606 0.5231699347496033 0.3180062770843506 -1 -1 -1 -1 -1 -1 -1 -1 -1
0.6493761539459229 0.43587982654571533 0.7971808910369873 -1 -1 -1 -1 -1 -1 -1 -1 -1
0.6743625402450562 0.5207539796829224 0.3111591339111328 -1 -1 -1 -1 -1 -1 -1 -1 -1
0.6485260128974915 0.4367300271987915 0.7051578164100647 -1 -1 -1 -1 -1 -1 -1 -1 -1
0.6169868111610413 0.581505537033081 0.9985191226005554 -1 -1 -1 -1 -1 -1 -1 -1 -1
0.6035284399986267 0.5789961814880371 0.9971451163291931 -1 -1 -1 -1 -1 -1 -1 -1 -1
0.6480473279953003 0.6302681565284729 0.7759482264518738 -1 -1 -1 -1 -1 -1 -1 -1 -1
0.6469587087631226 0.6285490393638611 0.9846684336662292 -1 -1 -1 -1 -1 -1 -1 -1 -1
0.6131395697593689 0.7106190323829651 0.8087012767791748 -1 -1 -1 -1 -1 -1 -1 -1 -1
0.612754225730896 0.7096768617630005 0.9578008055686951 -1 -1 -1 -1 -1 -1 -1 -1 -1
0.6018885970115662 0.7176620960235596 0.7942822575569153 -1 -1 -1 -1 -1 -1 -1 -1 -1
0.6020684838294983 0.7133817076683044 0.872865617275238 -1 -1 -1 -1 -1 -1 -1 -1 -1
0.6257590055465698 0.7491753101348877 0.8566906452178955 -1 -1 -1 -1 -1 -1 -1 -1 -1
0.6271668672561646 0.7519596815109253 0.9400604963302612 -1 -1 -1 -1 -1 -1 -1 -1 -1
1 
33 
-1 -1 -1 -1 -1 -1 -1 -1 -1 -1
0.6710420846939087 0.5076481699943542 0.9939204454421997 -1 -1 -1 -1 -1 -1 -1 -1 -1
0.6719847321510315 0.4976862668991089 0.989633321762085 -1 -1 -1 -1 -1 -1 -1 -1 -1
0.6719564199447632 0.4972081780433655 0.9855199456214905 -1 -1 -1 -1 -1 -1 -1 -1 -1
0.6727449893951416 0.49102693796157837 0.9849597811698914 -1 -1 -1 -1 -1 -1 -1 -1 -1
0.6701050996780396 0.4960365295410156 0.996988832950592 -1 -1 -1 -1 -1 -1 -1 -1 -1
0.6673630475997925 0.4928572177886963 0.9975789189338684 -1 -1 -1 -1 -1 -1 -1 -1 -1
0.6657593846321106 0.49095410108566284 0.9981032609939575 -1 -1 -1 -1 -1 -1 -1 -1 -1
0.6643733382225037 0.48348698019981384 0.9895104169845581 -1 -1 -1 -1 -1 -1 -1 -1 -1
0.655022919178009 0.482879638671875 0.9987999200820923 -1 -1 -1 -1 -1 -1 -1 -1 -1
0.6644815802574158 0.513542652130127 0.9828822612762451 -1 -1 -1 -1 -1 -1 -1 -1 -1
0.662064254283905 0.5105069279670715 0.9946300983428955 -1 -1 -1 -1 -1 -1 -1 -1 -1
0.6539795994758606 0.493998646736145 0.989985466003418 -1 -1 -1 -1 -1 -1 -1 -1 -1
0.6274709701538086 0.5125721096992493 0.9974430799484253 -1 -1 -1 -1 -1 -1 -1 -1 -1
0.6772313117980957 0.48464542627334595 0.2286348044872284 -1 -1 -1 -1 -1 -1 -1 -1 -1
0.6069417595863342 0.5681166648864746 0.8028938174247742 -1 -1 -1 -1 -1 -1 -1 -1 -1
0.6840372681617737 0.4520690143108368 0.26372265815734863 -1 -1 -1 -1 -1 -1 -1 -1 -1
0.6032934188842773 0.5866696238517761 0.6995739340782166 -1 -1 -1 -1 -1 -1 -1 -1 -1
0.6850486397743225 0.4429529905319214 0.288944810628891 -1 -1 -1 -1 -1 -1 -1 -1 -1
0.6005567908287048 0.5944159030914307 0.7123445868492126 -1 -1 -1 -1 -1 -1 -1 -1 -1
0.6839227080345154 0.4393938183784485 0.29585203528404236 -1 -1 -1 -1 -1 -1 -1 -1 -1
0.6038041114807129 0.5874736905097961 0.7207685112953186 -1 -1 -1 -1 -1 -1 -1 -1 -1
0.6838474273681641 0.4444655478000641 0.30065497756004333 -1 -1 -1 -1 -1 -1 -1 -1 -1
0.6053696870803833 0.58425372838974 0.6219279766082764 -1 -1 -1 -1 -1 -1 -1 -1 -1
0.6136239171028137 0.606139600276947 0.9951838850975037 -1 -1 -1 -1 -1 -1 -1 -1 -1
0.5951889753341675 0.6143666505813599 0.9967952370643616 -1 -1 -1 -1 -1 -1 -1 -1 -1
0.6459903717041016 0.6322021484375 0.5404404401779175 -1 -1 -1 -1 -1 -1 -1 -1 -1
0.6464948654174805 0.6437070965766907 0.9529736638069153 -1 -1 -1 -1 -1 -1 -1 -1 -1
0.6116037368774414 0.6989336609840393 0.5184558629989624 -1 -1 -1 -1 -1 -1 -1 -1 -1
0.6111133694648743 0.7206201553344727 0.8947557210922241 -1 -1 -1 -1 -1 -1 -1 -1 -1
0.6025551557540894 0.7041164040565491 0.595175564289093 -1 -1 -1 -1 -1 -1 -1 -1 -1
0.60245680809021 0.7247001528739929 0.8625574707984924 -1 -1 -1 -1 -1 -1 -1 -1 -1
0.6185316443443298 0.7354028224945068 0.5634415745735168 -1 -1 -1 -1 -1 -1 -1 -1 -1
0.6276497840881348 0.7614433765411377 0.8708915710449219 -1 -1 -1 -1 -1 -1 -1 -1 -1
1 
33 
-1 -1 -1 -1 -1 -1 -1 -1 -1 -1
0.6718007326126099 0.5300648808479309 0.9970782995223999 -1 -1 -1 -1 -1 -1 -1 -1 -1
0.6720206141471863 0.5205659866333008 0.9977717995643616 -1 -1 -1 -1 -1 -1 -1 -1 -1
0.6716081500053406 0.5205326080322266 0.9966440200805664 -1 -1 -1 -1 -1 -1 -1 -1 -1
0.6709864735603333 0.5204616189002991 0.9967665672302246 -1 -1 -1 -1 -1 -1 -1 -1 -1
0.6701924800872803 0.5184726119041443 0.9991729855537415 -1 -1 -1 -1 -1 -1 -1 -1 -1
0.6678956151008606 0.5162892937660217 0.9991745352745056 -1 -1 -1 -1 -1 -1 -1 -1 -1
0.6661295294761658 0.5149854421615601 0.9993102550506592 -1 -1 -1 -1 -1 -1 -1 -1 -1
0.6598294973373413 0.5149053335189819 0.9982417821884155 -1 -1 -1 -1 -1 -1 -1 -1 -1
0.6579034328460693 0.5126356482505798 0.9992524981498718 -1 -1 -1 -1 -1 -1 -1 -1 -1
0.6669188737869263 0.5361058712005615 0.9869692325592041 -1 -1 -1 -1 -1 -1 -1 -1 -1
0.6655107736587524 0.5341648459434509 0.9943403005599976 -1 -1 -1 -1 -1 -1 -1 -1 -1
0.6409697532653809 0.5407967567443848 0.9886748194694519 -1 -1 -1 -1 -1 -1 -1 -1 -1
0.6359567046165466 0.5514057874679565 0.9989967942237854 -1 -1 -1 -1 -1 -1 -1 -1 -1
0.6174286007881165 0.5095391273498535 0.21196052432060242 -1 -1 -1 -1 -1 -1 -1 -1 -1
0.6075496673583984 0.5645433664321899 0.7372989654541016 -1 -1 -1 -1 -1 -1 -1 -1 -1
0.6108338832855225 0.48199501633644104 0.582282304763794 -1 -1 -1 -1 -1 -1 -1 -1 -1
0.5833243131637573 0.5403199195861816 0.9080067873001099 -1 -1 -1 -1 -1 -1 -1 -1 -1
0.6071498394012451 0.47302430868148804 0.6573412418365479 -1 -1 -1 -1 -1 -1 -1 -1 -1
0.5813214182853699 0.5482279062271118 0.9086616635322571 -1 -1 -1 -1 -1 -1 -1 -1 -1
0.6084606051445007 0.4712167978286743 0.6697216033935547 -1 -1 -1 -1 -1 -1 -1 -1 -1
0.5842074155807495 0.544245183467865 0.9128355383872986 -1 -1 -1 -1 -1 -1 -1 -1 -1
0.6103082299232483 0.47583919763565063 0.6399070620536804 -1 -1 -1 -1 -1 -1 -1 -1 -1
0.5873888731002808 0.5465409159660339 0.8619482517242432 -1 -1 -1 -1 -1 -1 -1 -1 -1
0.6072134375572205 0.6492384076118469 0.997443675994873 -1 -1 -1 -1 -1 -1 -1 -1 -1
0.5972641110420227 0.6575672030448914 0.9991973042488098 -1 -1 -1 -1 -1 -1 -1 -1 -1
0.6435714960098267 0.6668524742126465 0.4397697448730469 -1 -1 -1 -1 -1 -1 -1 -1 -1
0.6411163806915283 0.6612545251846313 0.9779756665229797 -1 -1 -1 -1 -1 -1 -1 -1 -1
0.6161391735076904 0.7149989008903503 0.48716896772384644 -1 -1 -1 -1 -1 -1 -1 -1 -1
0.6096469759941101 0.7326253652572632 0.95119708776474 -1 -1 -1 -1 -1 -1 -1 -1 -1
0.6083590388298035 0.7191983461380005 0.5534129738807678 -1 -1 -1 -1 -1 -1 -1 -1 -1
0.6027002334594727 0.7372711300849915 0.9281449913978577 -1 -1 -1 -1 -1 -1 -1 -1 -1
0.6222876906394958 0.7332382202148438 0.620843231678009 -1 -1 -1 -1 -1 -1 -1 -1 -1
0.6232628226280212 0.7658433318138123 0.942140519618988 -1 -1 -1 -1 -1 -1 -1 -1 -1
1 
33 
-1 -1 -1 -1 -1 -1 -1 -1 -1 -1
0.671068549156189 0.5337057113647461 0.9967243075370789 -1 -1 -1 -1 -1 -1 -1 -1 -1
0.6682490706443787 0.5232396125793457 0.9955772161483765 -1 -1 -1 -1 -1 -1 -1 -1 -1
0.6674625873565674 0.5225692391395569 0.9946181178092957 -1 -1 -1 -1 -1 -1 -1 -1 -1
0.6666629314422607 0.5219861268997192 0.9951362013816833 -1 -1 -1 -1 -1 -1 -1 -1 -1
0.6682393550872803 0.5242844223976135 0.9977754950523376 -1 -1 -1 -1 -1 -1 -1 -1 -1
0.6672664880752563 0.5241313576698303 0.9976674914360046 -1 -1 -1 -1 -1 -1 -1 -1 -1
0.6663103103637695 0.5239917039871216 0.9979528188705444 -1 -1 -1 -1 -1 -1 -1 -1 -1
0.6569230556488037 0.5206925272941589 0.9957512617111206 -1 -1 -1 -1 -1 -1 -1 -1 -1
0.6567056775093079 0.524150550365448 0.9981843829154968 -1 -1 -1 -1 -1 -1 -1 -1 -1
0.6663553714752197 0.5411780476570129 0.9844883680343628 -1 -1 -1 -1 -1 -1 -1 -1 -1
0.6662266850471497 0.5420657396316528 0.9914007782936096 -1 -1 -1 -1 -1 -1 -1 -1 -1
0.6389904022216797 0.5486156344413757 0.9951208233833313 -1 -1 -1 -1 -1 -1 -1 -1 -1
0.6392659544944763 0.5668941140174866 0.9994344115257263 -1 -1 -1 -1 -1 -1 -1 -1 -1
0.6336151361465454 0.5597805976867676 0.052665870636701584 -1 -1 -1 -1 -1 -1 -1 -1 -1
0.6130635738372803 0.609671413898468 0.7030867338180542 -1 -1 -1 -1 -1 -1 -1 -1 -1
0.6371440887451172 0.5491926074028015 0.09103339910507202 -1 -1 -1 -1 -1 -1 -1 -1 -1
0.6155458092689514 0.6340241432189941 0.6712532639503479 -1 -1 -1 -1 -1 -1 -1 -1 -1
0.6352842450141907 0.5469003915786743 0.12719477713108063 -1 -1 -1 -1 -1 -1 -1 -1 -1
0.6136080622673035 0.6428046822547913 0.664951503276825 -1 -1 -1 -1 -1 -1 -1 -1 -1
0.6382889151573181 0.5423136353492737 0.13717292249202728 -1 -1 -1 -1 -1 -1 -1 -1 -1
0.616860032081604 0.6382928490638733 0.661355197429657 -1 -1 -1 -1 -1 -1 -1 -1 -1
0.6397313475608826 0.5448093414306641 0.13540880382061005 -1 -1 -1 -1 -1 -1 -1 -1 -1
0.6169782876968384 0.6354252099990845 0.5710784792900085 -1 -1 -1 -1 -1 -1 -1 -1 -1
0.6007986664772034 0.6979270577430725 0.9990235567092896 -1 -1 -1 -1 -1 -1 -1 -1 -1
0.6034008860588074 0.7054666876792908 0.9996046423912048 -1 -1 -1 -1 -1 -1 -1 -1 -1
0.6303208470344543 0.71090167760849 0.09406288713216782 -1 -1 -1 -1 -1 -1 -1 -1 -1
0.6362591981887817 0.6839115023612976 0.8573492169380188 -1 -1 -1 -1 -1 -1 -1 -1 -1
0.6074854731559753 0.7460224628448486 0.32536110281944275 -1 -1 -1 -1 -1 -1 -1 -1 -1
0.6124124526977539 0.7593456506729126 0.8562920689582825 -1 -1 -1 -1 -1 -1 -1 -1 -1
0.6007744669914246 0.749015748500824 0.4583117365837097 -1 -1 -1 -1 -1 -1 -1 -1 -1
0.6028044819831848 0.7630129456520081 0.8515482544898987 -1 -1 -1 -1 -1 -1 -1 -1 -1
0.6144318580627441 0.7685292363166809 0.5689015984535217 -1 -1 -1 -1 -1 -1 -1 -1 -1
0.6249803900718689 0.7948728799819946 0.8900567889213562 -1 -1 -1 -1 -1 -1 -1 -1 -1
1 
33 
-1 -1 -1 -1 -1 -1 -1 -1 -1 -1
0.664138913154602 0.5342856049537659 0.9951322674751282 -1 -1 -1 -1 -1 -1 -1 -1 -1
0.6605703234672546 0.5247862935066223 0.9945342540740967 -1 -1 -1 -1 -1 -1 -1 -1 -1
0.6595268249511719 0.5241116285324097 0.9942619800567627 -1 -1 -1 -1 -1 -1 -1 -1 -1
0.6584806442260742 0.5235089063644409 0.9949457049369812 -1 -1 -1 -1 -1 -1 -1 -1 -1
0.6607805490493774 0.5264682769775391 0.9962772727012634 -1 -1 -1 -1 -1 -1 -1 -1 -1
0.6597675681114197 0.5267660021781921 0.9964297413825989 -1 -1 -1 -1 -1 -1 -1 -1 -1
0.6537913084030151 0.5386919379234314 0.996661901473999 -1 -1 -1 -1 -1 -1 -1 -1 -1
0.6485612988471985 0.5247612595558167 0.9956177473068237 -1 -1 -1 -1 -1 -1 -1 -1 -1
0.6455127000808716 0.5388017296791077 0.9953463673591614 -1 -1 -1 -1 -1 -1 -1 -1 -1
0.6598173379898071 0.5423244833946228 0.9862123727798462 -1 -1 -1 -1 -1 -1 -1 -1 -1
0.6597777009010315 0.5438417792320251 0.9893670678138733 -1 -1 -1 -1 -1 -1 -1 -1 -1
0.6376486420631409 0.5544044971466064 0.9869624972343445 -1 -1 -1 -1 -1 -1 -1 -1 -1
0.6351515650749207 0.5778437852859497 0.9933892488479614 -1 -1 -1 -1 -1 -1 -1 -1 -1
0.6646462678909302 0.5140011310577393 0.14997918903827667 -1 -1 -1 -1 -1 -1 -1 -1 -1
0.6503669023513794 0.5445684194564819 0.8227199912071228 -1 -1 -1 -1 -1 -1 -1 -1 -1
0.6812808513641357 0.4654602110385895 0.2488209456205368 -1 -1 -1 -1 -1 -1 -1 -1 -1
0.670674204826355 0.5227173566818237 0.49384167790412903 -1 -1 -1 -1 -1 -1 -1 -1 -1
0.6827032566070557 0.450594961643219 0.30401650071144104 -1 -1 -1 -1 -1 -1 -1 -1 -1
0.6751420497894287 0.5195961594581604 0.4416607916355133 -1 -1 -1 -1 -1 -1 -1 -1 -1
0.6821309924125671 0.4480053186416626 0.32157182693481445 -1 -1 -1 -1 -1 -1 -1 -1 -1
0.6751103401184082 0.5164461731910706 0.4178289771080017 -1 -1 -1 -1 -1 -1 -1 -1 -1
0.6826457381248474 0.45449501276016235 0.3212818205356598 -1 -1 -1 -1 -1 -1 -1 -1 -1
0.6729402542114258 0.517050564289093 0.33092883229255676 -1 -1 -1 -1 -1 -1 -1 -1 -1
0.5993004441261292 0.695022702217102 0.998296320438385 -1 -1 -1 -1 -1 -1 -1 -1 -1
0.5949476957321167 0.69975745677948 0.9980396628379822 -1 -1 -1 -1 -1 -1 -1 -1 -1
0.6386534571647644 0.7301279306411743 0.4138094484806061 -1 -1 -1 -1 -1 -1 -1 -1 -1
0.6337319612503052 0.7312882542610168 0.9895163178443909 -1 -1 -1 -1 -1 -1 -1 -1 -1
0.6192020177841187 0.7986204028129578 0.46246835589408875 -1 -1 -1 -1 -1 -1 -1 -1 -1
0.6152227520942688 0.8064004182815552 0.9747914671897888 -1 -1 -1 -1 -1 -1 -1 -1 -1
0.6097983121871948 0.7940435409545898 0.47794729471206665 -1 -1 -1 -1 -1 -1 -1 -1 -1
0.6070387363433838 0.8165100812911987 0.9459256529808044 -1 -1 -1 -1 -1 -1 -1 -1 -1
0.6309334635734558 0.8181164860725403 0.6211667060852051 -1 -1 -1 -1 -1 -1 -1 -1 -1
0.6334478855133057 0.8332008123397827 0.9596751928329468 -1 -1 -1 -1 -1 -1 -1 -1 -1
1 
33 
-1 -1 -1 -1 -1 -1 -1 -1 -1 -1
0.6741735339164734 0.4366523027420044 0.9561899900436401 -1 -1 -1 -1 -1 -1 -1 -1 -1
0.6755093336105347 0.4226137399673462 0.9347222447395325 -1 -1 -1 -1 -1 -1 -1 -1 -1
0.6759295463562012 0.42283520102500916 0.9045538306236267 -1 -1 -1 -1 -1 -1 -1 -1 -1
0.6760028004646301 0.4230186343193054 0.9320222735404968 -1 -1 -1 -1 -1 -1 -1 -1 -1
0.670844316482544 0.4270298480987549 0.9493151307106018 -1 -1 -1 -1 -1 -1 -1 -1 -1
0.6694747805595398 0.4264504015445709 0.9349184632301331 -1 -1 -1 -1 -1 -1 -1 -1 -1
0.668121337890625 0.4258961081504822 0.9512598514556885 -1 -1 -1 -1 -1 -1 -1 -1 -1
0.6652107834815979 0.4337531328201294 0.895774245262146 -1 -1 -1 -1 -1 -1 -1 -1 -1
0.6595004796981812 0.4302831292152405 0.8729049563407898 -1 -1 -1 -1 -1 -1 -1 -1 -1
0.6715577244758606 0.447867214679718 0.9243367314338684 -1 -1 -1 -1 -1 -1 -1 -1 -1
0.6693955659866333 0.44624555110931396 0.9072635769844055 -1 -1 -1 -1 -1 -1 -1 -1 -1
0.6623392105102539 0.48874199390411377 0.9505751729011536 -1 -1 -1 -1 -1 -1 -1 -1 -1
0.6406689286231995 0.4668170213699341 0.9630798101425171 -1 -1 -1 -1 -1 -1 -1 -1 -1
0.6637829542160034 0.5176841616630554 0.08362135291099548 -1 -1 -1 -1 -1 -1 -1 -1 -1
0.6454455852508545 0.45939528942108154 0.7095046639442444 -1 -1 -1 -1 -1 -1 -1 -1 -1
0.6672540307044983 0.5077184438705444 0.10537420958280563 -1 -1 -1 -1 -1 -1 -1 -1 -1
0.6616297364234924 0.43495190143585205 0.7137232422828674 -1 -1 -1 -1 -1 -1 -1 -1 -1
0.6664206981658936 0.5105690956115723 0.12297898530960083 -1 -1 -1 -1 -1 -1 -1 -1 -1
0.6632704138755798 0.4331279397010803 0.7061190009117126 -1 -1 -1 -1 -1 -1 -1 -1 -1
0.6672579646110535 0.5014857053756714 0.12770970165729523 -1 -1 -1 -1 -1 -1 -1 -1 -1
0.6653153896331787 0.43076270818710327 0.6900466084480286 -1 -1 -1 -1 -1 -1 -1 -1 -1
0.6678528785705566 0.500251293182373 0.12755072116851807 -1 -1 -1 -1 -1 -1 -1 -1 -1
0.6647196412086487 0.4316292703151703 0.6092629432678223 -1 -1 -1 -1 -1 -1 -1 -1 -1
0.6409893035888672 0.636096715927124 0.9958199262619019 -1 -1 -1 -1 -1 -1 -1 -1 -1
0.6222742795944214 0.6305755376815796 0.9956081509590149 -1 -1 -1 -1 -1 -1 -1 -1 -1
0.6500653028488159 0.7227665185928345 0.7804317474365234 -1 -1 -1 -1 -1 -1 -1 -1 -1
0.6134483218193054 0.7339751124382019 0.89387047290802 -1 -1 -1 -1 -1 -1 -1 -1 -1
0.6317306756973267 0.7819694876670837 0.6418747901916504 -1 -1 -1 -1 -1 -1 -1 -1 -1
0.6193972229957581 0.8222303986549377 0.9114037752151489 -1 -1 -1 -1 -1 -1 -1 -1 -1
0.6258030533790588 0.784532904624939 0.6021315455436707 -1 -1 -1 -1 -1 -1 -1 -1 -1
0.6196926236152649 0.8297414779663086 0.8357462882995605 -1 -1 -1 -1 -1 -1 -1 -1 -1
0.6348453760147095 0.8191554546356201 0.6856603026390076 -1 -1 -1 -1 -1 -1 -1 -1 -1
0.6230295896530151 0.8648073673248291 0.8776849508285522 -1 -1 -1 -1 -1 -1 -1 -1 -1
1 
33 
-1 -1 -1 -1 -1 -1 -1 -1 -1 -1
0.6243642568588257 0.5558264255523682 0.8743147253990173 -1 -1 -1 -1 -1 -1 -1 -1 -1
0.6237528920173645 0.5511770248413086 0.9154276251792908 -1 -1 -1 -1 -1 -1 -1 -1 -1
0.6230022311210632 0.5511052012443542 0.8803099393844604 -1 -1 -1 -1 -1 -1 -1 -1 -1
0.6222466230392456 0.5511288642883301 0.9099512100219727 -1 -1 -1 -1 -1 -1 -1 -1 -1
0.6262211203575134 0.552265465259552 0.9186282157897949 -1 -1 -1 -1 -1 -1 -1 -1 -1
0.6270625591278076 0.5529912710189819 0.8989472389221191 -1 -1 -1 -1 -1 -1 -1 -1 -1
0.627928614616394 0.553721010684967 0.9284816384315491 -1 -1 -1 -1 -1 -1 -1 -1 -1
0.6213265657424927 0.5562050342559814 0.7521851658821106 -1 -1 -1 -1 -1 -1 -1 -1 -1
0.6293779611587524 0.5597221851348877 0.864532470703125 -1 -1 -1 -1 -1 -1 -1 -1 -1
0.6233846545219421 0.5613384246826172 0.8648598790168762 -1 -1 -1 -1 -1 -1 -1 -1 -1
0.6264219284057617 0.5624915957450867 0.8913891911506653 -1 -1 -1 -1 -1 -1 -1 -1 -1
0.6191997528076172 0.5826243162155151 0.9646311402320862 -1 -1 -1 -1 -1 -1 -1 -1 -1
0.6331698298454285 0.5719732642173767 0.9851528406143188 -1 -1 -1 -1 -1 -1 -1 -1 -1
0.6255014538764954 0.6022300124168396 0.18002916872501373 -1 -1 -1 -1 -1 -1 -1 -1 -1
0.6359888315200806 0.5416709780693054 0.4055490493774414 -1 -1 -1 -1 -1 -1 -1 -1 -1
0.6416335701942444 0.5919963121414185 0.2502036392688751 -1 -1 -1 -1 -1 -1 -1 -1 -1
0.6581954956054688 0.5089737772941589 0.5459112524986267 -1 -1 -1 -1 -1 -1 -1 -1 -1
0.6414942741394043 0.5917702317237854 0.2794702649116516 -1 -1 -1 -1 -1 -1 -1 -1 -1
0.6627169847488403 0.5049489140510559 0.5493850708007812 -1 -1 -1 -1 -1 -1 -1 -1 -1
0.6472035050392151 0.5845202207565308 0.2700931131839752 -1 -1 -1 -1 -1 -1 -1 -1 -1
0.6647460460662842 0.5008852481842041 0.5250849723815918 -1 -1 -1 -1 -1 -1 -1 -1 -1
0.6482702493667603 0.5842332243919373 0.22449366748332977 -1 -1 -1 -1 -1 -1 -1 -1 -1
0.6624429225921631 0.501286506652832 0.47020259499549866 -1 -1 -1 -1 -1 -1 -1 -1 -1
0.6123058199882507 0.7010968923568726 0.9994251728057861 -1 -1 -1 -1 -1 -1 -1 -1 -1
0.6217101812362671 0.6867314577102661 0.9997647404670715 -1 -1 -1 -1 -1 -1 -1 -1 -1
0.6238675117492676 0.787681519985199 0.8524464964866638 -1 -1 -1 -1 -1 -1 -1 -1 -1
0.6173146963119507 0.6701439023017883 0.7026529312133789 -1 -1 -1 -1 -1 -1 -1 -1 -1
0.6240384578704834 0.8443478345870972 0.9724792838096619 -1 -1 -1 -1 -1 -1 -1 -1 -1
0.6267505288124084 0.725862443447113 0.7618054151535034 -1 -1 -1 -1 -1 -1 -1 -1 -1
0.6225737929344177 0.8467007279396057 0.9538174271583557 -1 -1 -1 -1 -1 -1 -1 -1 -1
0.6276398301124573 0.726883590221405 0.7614339590072632 -1 -1 -1 -1 -1 -1 -1 -1 -1
0.6289056539535522 0.8712295293807983 0.9534820318222046 -1 -1 -1 -1 -1 -1 -1 -1 -1
0.6240790486335754 0.7505967617034912 0.7799628376960754 -1 -1 -1 -1 -1 -1 -1 -1 -1
1 
33 
-1 -1 -1 -1 -1 -1 -1 -1 -1 -1
0.6526209712028503 0.6123727560043335 0.967481791973114 -1 -1 -1 -1 -1 -1 -1 -1 -1
0.6516486406326294 0.6013084650039673 0.9421815872192383 -1 -1 -1 -1 -1 -1 -1 -1 -1
0.6513861417770386 0.5999528765678406 0.9385274648666382 -1 -1 -1 -1 -1 -1 -1 -1 -1
0.6499226689338684 0.5973572134971619 0.951611340045929 -1 -1 -1 -1 -1 -1 -1 -1 -1
0.6506274938583374 0.6023223400115967 0.9717794060707092 -1 -1 -1 -1 -1 -1 -1 -1 -1
0.6497096419334412 0.6019120216369629 0.9709921479225159 -1 -1 -1 -1 -1 -1 -1 -1 -1
0.6488156318664551 0.6014649271965027 0.9753211140632629 -1 -1 -1 -1 -1 -1 -1 -1 -1
0.6438000798225403 0.5913099050521851 0.9291076064109802 -1 -1 -1 -1 -1 -1 -1 -1 -1
0.6426985859870911 0.5968279838562012 0.9553375840187073 -1 -1 -1 -1 -1 -1 -1 -1 -1
0.6500729322433472 0.6122082471847534 0.9408270716667175 -1 -1 -1 -1 -1 -1 -1 -1 -1
0.6489576697349548 0.6131322979927063 0.9685524106025696 -1 -1 -1 -1 -1 -1 -1 -1 -1
0.6332979202270508 0.604908287525177 0.9889642000198364 -1 -1 -1 -1 -1 -1 -1 -1 -1
0.6259545087814331 0.634127140045166 0.9987020492553711 -1 -1 -1 -1 -1 -1 -1 -1 -1
0.6400169134140015 0.5876070857048035 0.18346187472343445 -1 -1 -1 -1 -1 -1 -1 -1 -1
0.6232279539108276 0.7020375728607178 0.8882687091827393 -1 -1 -1 -1 -1 -1 -1 -1 -1
0.6467276811599731 0.5618842244148254 0.22340068221092224 -1 -1 -1 -1 -1 -1 -1 -1 -1
0.6330898404121399 0.7657774090766907 0.626836895942688 -1 -1 -1 -1 -1 -1 -1 -1 -1
0.6468734741210938 0.55245041847229 0.20886366069316864 -1 -1 -1 -1 -1 -1 -1 -1 -1
0.6335766315460205 0.7903330326080322 0.5617063641548157 -1 -1 -1 -1 -1 -1 -1 -1 -1
0.6481367349624634 0.5510501265525818 0.2085302472114563 -1 -1 -1 -1 -1 -1 -1 -1 -1
0.6373476982116699 0.7813410758972168 0.540732204914093 -1 -1 -1 -1 -1 -1 -1 -1 -1
0.6492024064064026 0.5567152500152588 0.21242035925388336 -1 -1 -1 -1 -1 -1 -1 -1 -1
0.6357167959213257 0.7766446471214294 0.4115801751613617 -1 -1 -1 -1 -1 -1 -1 -1 -1
0.6082202792167664 0.717784583568573 0.9949780106544495 -1 -1 -1 -1 -1 -1 -1 -1 -1
0.5987378358840942 0.7291831374168396 0.9973140358924866 -1 -1 -1 -1 -1 -1 -1 -1 -1
0.6479727625846863 0.7513431310653687 0.3885727524757385 -1 -1 -1 -1 -1 -1 -1 -1 -1
0.6305952668190002 0.7807173132896423 0.9755178689956665 -1 -1 -1 -1 -1 -1 -1 -1 -1
0.6334350109100342 0.8317775130271912 0.4869951903820038 -1 -1 -1 -1 -1 -1 -1 -1 -1
0.6220264434814453 0.8718410134315491 0.9680538773536682 -1 -1 -1 -1 -1 -1 -1 -1 -1
0.6258890628814697 0.844707190990448 0.4538705050945282 -1 -1 -1 -1 -1 -1 -1 -1 -1
0.614458441734314 0.8883638381958008 0.888996958732605 -1 -1 -1 -1 -1 -1 -1 -1 -1
0.649364173412323 0.8518816232681274 0.6265777349472046 -1 -1 -1 -1 -1 -1 -1 -1 -1
0.6384037137031555 0.9025408029556274 0.9610742926597595 -1 -1 -1 -1 -1 -1 -1 -1 -1
1 
33 
-1 -1 -1 -1 -1 -1 -1 -1 -1 -1
0.6391271352767944 0.5659871101379395 0.9036064743995667 -1 -1 -1 -1 -1 -1 -1 -1 -1
0.6366845965385437 0.563177227973938 0.8873819708824158 -1 -1 -1 -1 -1 -1 -1 -1 -1
0.6361416578292847 0.5634375214576721 0.8809823393821716 -1 -1 -1 -1 -1 -1 -1 -1 -1
0.6356261968612671 0.5632212162017822 0.9044589400291443 -1 -1 -1 -1 -1 -1 -1 -1 -1
0.6369845271110535 0.5635930299758911 0.9038017392158508 -1 -1 -1 -1 -1 -1 -1 -1 -1
0.6367055773735046 0.5642164945602417 0.8940984010696411 -1 -1 -1 -1 -1 -1 -1 -1 -1
0.6364067792892456 0.564312756061554 0.8998206853866577 -1 -1 -1 -1 -1 -1 -1 -1 -1
0.6302460432052612 0.5679334998130798 0.8658587336540222 -1 -1 -1 -1 -1 -1 -1 -1 -1
0.6310519576072693 0.5691958665847778 0.7990133166313171 -1 -1 -1 -1 -1 -1 -1 -1 -1
0.6374895572662354 0.5770296454429626 0.8775269389152527 -1 -1 -1 -1 -1 -1 -1 -1 -1
0.6374697089195251 0.5779165029525757 0.85356205701828 -1 -1 -1 -1 -1 -1 -1 -1 -1
0.6231348514556885 0.5958989858627319 0.9737155437469482 -1 -1 -1 -1 -1 -1 -1 -1 -1
0.6274924874305725 0.6018010377883911 0.9849680066108704 -1 -1 -1 -1 -1 -1 -1 -1 -1
0.6477541923522949 0.6017126441001892 0.11237800121307373 -1 -1 -1 -1 -1 -1 -1 -1 -1
0.6425800323486328 0.5897254943847656 0.728376567363739 -1 -1 -1 -1 -1 -1 -1 -1 -1
0.6630581021308899 0.5811904072761536 0.09067800641059875 -1 -1 -1 -1 -1 -1 -1 -1 -1
0.6708354949951172 0.5586365461349487 0.3960447609424591 -1 -1 -1 -1 -1 -1 -1 -1 -1
0.6633032560348511 0.5766910314559937 0.1058504655957222 -1 -1 -1 -1 -1 -1 -1 -1 -1
0.6775875687599182 0.5507962107658386 0.35506078600883484 -1 -1 -1 -1 -1 -1 -1 -1 -1
0.6646990776062012 0.5692972540855408 0.11235091090202332 -1 -1 -1 -1 -1 -1 -1 -1 -1
0.6762897372245789 0.5478026866912842 0.3239230215549469 -1 -1 -1 -1 -1 -1 -1 -1 -1
0.6657899022102356 0.5724176168441772 0.11664421856403351 -1 -1 -1 -1 -1 -1 -1 -1 -1
0.6732736229896545 0.5510208606719971 0.2630070149898529 -1 -1 -1 -1 -1 -1 -1 -1 -1
0.6016934514045715 0.7203564047813416 0.9953416585922241 -1 -1 -1 -1 -1 -1 -1 -1 -1
0.6001600623130798 0.723158597946167 0.9942143559455872 -1 -1 -1 -1 -1 -1 -1 -1 -1
0.6396994590759277 0.7667414546012878 0.3322927951812744 -1 -1 -1 -1 -1 -1 -1 -1 -1
0.6254321336746216 0.7896190881729126 0.9738754034042358 -1 -1 -1 -1 -1 -1 -1 -1 -1
0.6285134553909302 0.8566077351570129 0.5879302620887756 -1 -1 -1 -1 -1 -1 -1 -1 -1
0.6227566003799438 0.8844051361083984 0.9821925759315491 -1 -1 -1 -1 -1 -1 -1 -1 -1
0.6326607465744019 0.8761824369430542 0.6161863803863525 -1 -1 -1 -1 -1 -1 -1 -1 -1
0.6147616505622864 0.9032694101333618 0.9510966539382935 -1 -1 -1 -1 -1 -1 -1 -1 -1
0.6604344844818115 0.8792665004730225 0.6914184093475342 -1 -1 -1 -1 -1 -1 -1 -1 -1
0.6421182155609131 0.9051306247711182 0.9661614894866943 -1 -1 -1 -1 -1 -1 -1 -1 -1
1 
33 
-1 -1 -1 -1 -1 -1 -1 -1 -1 -1
0.6261152625083923 0.5615667104721069 0.9749625325202942 -1 -1 -1 -1 -1 -1 -1 -1 -1
0.623001217842102 0.5589573979377747 0.9670628905296326 -1 -1 -1 -1 -1 -1 -1 -1 -1
0.6224580407142639 0.5594466328620911 0.963866114616394 -1 -1 -1 -1 -1 -1 -1 -1 -1
0.6211420893669128 0.5588254928588867 0.9739790558815002 -1 -1 -1 -1 -1 -1 -1 -1 -1
0.6235103011131287 0.5597769021987915 0.9763388633728027 -1 -1 -1 -1 -1 -1 -1 -1 -1
0.6233109831809998 0.5610658526420593 0.9724159240722656 -1 -1 -1 -1 -1 -1 -1 -1 -1
0.6222715377807617 0.5610225796699524 0.9764897227287292 -1 -1 -1 -1 -1 -1 -1 -1 -1
0.6182247996330261 0.5650544166564941 0.9639294743537903 -1 -1 -1 -1 -1 -1 -1 -1 -1
0.6193908452987671 0.5670971870422363 0.9499218463897705 -1 -1 -1 -1 -1 -1 -1 -1 -1
0.6271167993545532 0.5702039003372192 0.9661499857902527 -1 -1 -1 -1 -1 -1 -1 -1 -1
0.6272834539413452 0.5718647241592407 0.9674767851829529 -1 -1 -1 -1 -1 -1 -1 -1 -1
0.6206124424934387 0.5960935950279236 0.9695677161216736 -1 -1 -1 -1 -1 -1 -1 -1 -1
0.6232596039772034 0.6070247292518616 0.9911871552467346 -1 -1 -1 -1 -1 -1 -1 -1 -1
0.6470285058021545 0.6047459244728088 0.09023214876651764 -1 -1 -1 -1 -1 -1 -1 -1 -1
0.6485032439231873 0.6224387288093567 0.9007518291473389 -1 -1 -1 -1 -1 -1 -1 -1 -1
0.6684271097183228 0.5923575162887573 0.14191707968711853 -1 -1 -1 -1 -1 -1 -1 -1 -1
0.6677225828170776 0.6110106110572815 0.4416743218898773 -1 -1 -1 -1 -1 -1 -1 -1 -1
0.6713581085205078 0.589704692363739 0.17871490120887756 -1 -1 -1 -1 -1 -1 -1 -1 -1
0.6714087724685669 0.6094193458557129 0.38122445344924927 -1 -1 -1 -1 -1 -1 -1 -1 -1
0.6718831062316895 0.5854315757751465 0.19294022023677826 -1 -1 -1 -1 -1 -1 -1 -1 -1
0.6699798703193665 0.6053510904312134 0.3511880934238434 -1 -1 -1 -1 -1 -1 -1 -1 -1
0.6711442470550537 0.58763587474823 0.1993807554244995 -1 -1 -1 -1 -1 -1 -1 -1 -1
0.6683498024940491 0.6064961552619934 0.28929704427719116 -1 -1 -1 -1 -1 -1 -1 -1 -1
0.5927048921585083 0.7218722701072693 0.9969359636306763 -1 -1 -1 -1 -1 -1 -1 -1 -1
0.5934491157531738 0.7274742126464844 0.9964572787284851 -1 -1 -1 -1 -1 -1 -1 -1 -1
0.6207391619682312 0.7824220657348633 0.42697060108184814 -1 -1 -1 -1 -1 -1 -1 -1 -1
0.6217921376228333 0.8001008629798889 0.9927302002906799 -1 -1 -1 -1 -1 -1 -1 -1 -1
0.6212362051010132 0.8576924800872803 0.6207128167152405 -1 -1 -1 -1 -1 -1 -1 -1 -1
0.6223047375679016 0.8911987543106079 0.9933075308799744 -1 -1 -1 -1 -1 -1 -1 -1 -1
0.6168258786201477 0.8686766028404236 0.6905179023742676 -1 -1 -1 -1 -1 -1 -1 -1 -1
0.617004930973053 0.9078675508499146 0.9803086519241333 -1 -1 -1 -1 -1 -1 -1 -1 -1
0.6362201571464539 0.8673450946807861 0.731159508228302 -1 -1 -1 -1 -1 -1 -1 -1 -1
0.6470036506652832 0.9059958457946777 0.9825237393379211 -1 -1 -1 -1 -1 -1 -1 -1 -1
1 
33 
-1 -1 -1 -1 -1 -1 -1 -1 -1 -1
0.6637446880340576 0.445801317691803 0.9202662706375122 -1 -1 -1 -1 -1 -1 -1 -1 -1
0.663451611995697 0.44140613079071045 0.9286457896232605 -1 -1 -1 -1 -1 -1 -1 -1 -1
0.6636533141136169 0.4414899945259094 0.9259203672409058 -1 -1 -1 -1 -1 -1 -1 -1 -1
0.6638741493225098 0.44165074825286865 0.9378423690795898 -1 -1 -1 -1 -1 -1 -1 -1 -1
0.6619482636451721 0.44071727991104126 0.9455675482749939 -1 -1 -1 -1 -1 -1 -1 -1 -1
0.6611008644104004 0.4402627646923065 0.9510815739631653 -1 -1 -1 -1 -1 -1 -1 -1 -1
0.6602843403816223 0.43981263041496277 0.966140627861023 -1 -1 -1 -1 -1 -1 -1 -1 -1
0.6603472232818604 0.4432169795036316 0.9320754408836365 -1 -1 -1 -1 -1 -1 -1 -1 -1
0.6550594568252563 0.44156694412231445 0.9717000722885132 -1 -1 -1 -1 -1 -1 -1 -1 -1
0.6619728803634644 0.4521418511867523 0.9154118299484253 -1 -1 -1 -1 -1 -1 -1 -1 -1
0.660230278968811 0.4512218236923218 0.9266764521598816 -1 -1 -1 -1 -1 -1 -1 -1 -1
0.6559782028198242 0.4752183258533478 0.9917691946029663 -1 -1 -1 -1 -1 -1 -1 -1 -1
0.6440699696540833 0.46361464262008667 0.9995001554489136 -1 -1 -1 -1 -1 -1 -1 -1 -1
0.6630825996398926 0.49204912781715393 0.15148116648197174 -1 -1 -1 -1 -1 -1 -1 -1 -1
0.6404793858528137 0.5120218992233276 0.6825821399688721 -1 -1 -1 -1 -1 -1 -1 -1 -1
0.6577253937721252 0.46416282653808594 0.27667081356048584 -1 -1 -1 -1 -1 -1 -1 -1 -1
0.6478073596954346 0.5342197418212891 0.6020225882530212 -1 -1 -1 -1 -1 -1 -1 -1 -1
0.6552347540855408 0.4597204923629761 0.32001298666000366 -1 -1 -1 -1 -1 -1 -1 -1 -1
0.6486822962760925 0.5439620018005371 0.5854490399360657 -1 -1 -1 -1 -1 -1 -1 -1 -1
0.6545509696006775 0.4545934796333313 0.29245391488075256 -1 -1 -1 -1 -1 -1 -1 -1 -1
0.6497288942337036 0.5396523475646973 0.555682361125946 -1 -1 -1 -1 -1 -1 -1 -1 -1
0.6553733944892883 0.4560587704181671 0.27038857340812683 -1 -1 -1 -1 -1 -1 -1 -1 -1
0.6488351821899414 0.5358229875564575 0.48091208934783936 -1 -1 -1 -1 -1 -1 -1 -1 -1
0.6344112157821655 0.5702453851699829 0.9984025359153748 -1 -1 -1 -1 -1 -1 -1 -1 -1
0.6272839307785034 0.5603311061859131 0.9989950060844421 -1 -1 -1 -1 -1 -1 -1 -1 -1
0.6340025663375854 0.6549432873725891 0.2139178365468979 -1 -1 -1 -1 -1 -1 -1 -1 -1
0.6198104619979858 0.6642389893531799 0.7200053334236145 -1 -1 -1 -1 -1 -1 -1 -1 -1
0.6124213933944702 0.7289572358131409 0.21921350061893463 -1 -1 -1 -1 -1 -1 -1 -1 -1
0.6079733967781067 0.7614682912826538 0.7425248622894287 -1 -1 -1 -1 -1 -1 -1 -1 -1
0.6052054166793823 0.7394470572471619 0.3778611421585083 -1 -1 -1 -1 -1 -1 -1 -1 -1
0.6004395484924316 0.7761297225952148 0.700737714767456 -1 -1 -1 -1 -1 -1 -1 -1 -1
0.6228889226913452 0.7545842528343201 0.43418586254119873 -1 -1 -1 -1 -1 -1 -1 -1 -1
0.6266223192214966 0.7928563952445984 0.7437061667442322 -1 -1 -1 -1 -1 -1 -1 -1 -1
1 
33 
-1 -1 -1 -1 -1 -1 -1 -1 -1 -1
0.6884544491767883 0.4307166039943695 0.9925313591957092 -1 -1 -1 -1 -1 -1 -1 -1 -1
0.6879918575286865 0.42154839634895325 0.9954168796539307 -1 -1 -1 -1 -1 -1 -1 -1 -1
0.6889376640319824 0.42540663480758667 0.9944393634796143 -1 -1 -1 -1 -1 -1 -1 -1 -1
0.6892691254615784 0.42514437437057495 0.9963133931159973 -1 -1 -1 -1 -1 -1 -1 -1 -1
0.6855121850967407 0.4219014346599579 0.9966683983802795 -1 -1 -1 -1 -1 -1 -1 -1 -1
0.6839125156402588 0.4222428798675537 0.9961208701133728 -1 -1 -1 -1 -1 -1 -1 -1 -1
0.6821446418762207 0.4220108985900879 0.9975829124450684 -1 -1 -1 -1 -1 -1 -1 -1 -1
0.6768539547920227 0.43082571029663086 0.9923766851425171 -1 -1 -1 -1 -1 -1 -1 -1 -1
0.6723244190216064 0.42519688606262207 0.9967343807220459 -1 -1 -1 -1 -1 -1 -1 -1 -1
0.6874529719352722 0.441211998462677 0.9970044493675232 -1 -1 -1 -1 -1 -1 -1 -1 -1
0.6830429434776306 0.444624662399292 0.9979554414749146 -1 -1 -1 -1 -1 -1 -1 -1 -1
0.6697297096252441 0.4621933102607727 0.9961752891540527 -1 -1 -1 -1 -1 -1 -1 -1 -1
0.6457940340042114 0.4754056930541992 0.9986028075218201 -1 -1 -1 -1 -1 -1 -1 -1 -1
0.6483290195465088 0.5345199704170227 0.13178333640098572 -1 -1 -1 -1 -1 -1 -1 -1 -1
0.6166495084762573 0.5433806777000427 0.8066832423210144 -1 -1 -1 -1 -1 -1 -1 -1 -1
0.6512805819511414 0.5586620569229126 0.2938179075717926 -1 -1 -1 -1 -1 -1 -1 -1 -1
0.6131538152694702 0.6006907224655151 0.4791390895843506 -1 -1 -1 -1 -1 -1 -1 -1 -1
0.6486088037490845 0.5622835755348206 0.2894273102283478 -1 -1 -1 -1 -1 -1 -1 -1 -1
0.6071156859397888 0.6151509284973145 0.46927112340927124 -1 -1 -1 -1 -1 -1 -1 -1 -1
0.6536017060279846 0.5643693208694458 0.2983180582523346 -1 -1 -1 -1 -1 -1 -1 -1 -1
0.6117597818374634 0.6157186031341553 0.44249752163887024 -1 -1 -1 -1 -1 -1 -1 -1 -1
0.6543828845024109 0.5636516213417053 0.2603037357330322 -1 -1 -1 -1 -1 -1 -1 -1 -1
0.6151631474494934 0.609566867351532 0.36677104234695435 -1 -1 -1 -1 -1 -1 -1 -1 -1
0.6102263927459717 0.5390216708183289 0.9965026378631592 -1 -1 -1 -1 -1 -1 -1 -1 -1
0.591392457485199 0.5434442758560181 0.9982376098632812 -1 -1 -1 -1 -1 -1 -1 -1 -1
0.6325981616973877 0.6493557095527649 0.5126662850379944 -1 -1 -1 -1 -1 -1 -1 -1 -1
0.5981035232543945 0.6907005310058594 0.980826735496521 -1 -1 -1 -1 -1 -1 -1 -1 -1
0.6288352012634277 0.7706120610237122 0.5537538528442383 -1 -1 -1 -1 -1 -1 -1 -1 -1
0.6147893667221069 0.8288344144821167 0.9792941212654114 -1 -1 -1 -1 -1 -1 -1 -1 -1
0.6241225004196167 0.7900471687316895 0.5884408354759216 -1 -1 -1 -1 -1 -1 -1 -1 -1
0.6146048903465271 0.8541665077209473 0.9473440051078796 -1 -1 -1 -1 -1 -1 -1 -1 -1
0.6480083465576172 0.8040025234222412 0.5993945002555847 -1 -1 -1 -1 -1 -1 -1 -1 -1
0.6424168348312378 0.8610883951187134 0.9576742649078369 -1 -1 -1 -1 -1 -1 -1 -1 -1
1 
33 
-1 -1 -1 -1 -1 -1 -1 -1 -1 -1
0.5947363376617432 0.45908984541893005 0.7155881524085999 -1 -1 -1 -1 -1 -1 -1 -1 -1
0.5933054089546204 0.45860418677330017 0.7627356648445129 -1 -1 -1 -1 -1 -1 -1 -1 -1
0.5930076241493225 0.4584355652332306 0.8138313293457031 -1 -1 -1 -1 -1 -1 -1 -1 -1
0.5926947593688965 0.4583228528499603 0.803046703338623 -1 -1 -1 -1 -1 -1 -1 -1 -1
0.5944969058036804 0.45900577306747437 0.7435386776924133 -1 -1 -1 -1 -1 -1 -1 -1 -1
0.5950924158096313 0.4590250849723816 0.7704727649688721 -1 -1 -1 -1 -1 -1 -1 -1 -1
0.5957121253013611 0.4590889513492584 0.7734930515289307 -1 -1 -1 -1 -1 -1 -1 -1 -1
0.5944591760635376 0.4590712785720825 0.8192125558853149 -1 -1 -1 -1 -1 -1 -1 -1 -1
0.5984283685684204 0.4593965709209442 0.7463078498840332 -1 -1 -1 -1 -1 -1 -1 -1 -1
0.5959802865982056 0.46060609817504883 0.6755600571632385 -1 -1 -1 -1 -1 -1 -1 -1 -1
0.5973434448242188 0.4609466791152954 0.6716681122779846 -1 -1 -1 -1 -1 -1 -1 -1 -1
0.5977791547775269 0.4747462868690491 0.9907394647598267 -1 -1 -1 -1 -1 -1 -1 -1 -1
0.6076198220252991 0.4584856927394867 0.9992563128471375 -1 -1 -1 -1 -1 -1 -1 -1 -1
0.5842960476875305 0.4922926425933838 0.08635738492012024 -1 -1 -1 -1 -1 -1 -1 -1 -1
0.5840347409248352 0.4532851576805115 0.34059035778045654 -1 -1 -1 -1 -1 -1 -1 -1 -1
0.5786478519439697 0.4735526442527771 0.1755123734474182 -1 -1 -1 -1 -1 -1 -1 -1 -1
0.5719380378723145 0.4451405704021454 0.24590802192687988 -1 -1 -1 -1 -1 -1 -1 -1 -1
0.5731213092803955 0.4718758463859558 0.19617438316345215 -1 -1 -1 -1 -1 -1 -1 -1 -1
0.5694435834884644 0.44494184851646423 0.25352466106414795 -1 -1 -1 -1 -1 -1 -1 -1 -1
0.5755698680877686 0.46758824586868286 0.19806399941444397 -1 -1 -1 -1 -1 -1 -1 -1 -1
0.5681936144828796 0.44416695833206177 0.24707245826721191 -1 -1 -1 -1 -1 -1 -1 -1 -1
0.5790797472000122 0.4669611155986786 0.16517648100852966 -1 -1 -1 -1 -1 -1 -1 -1 -1
0.568979799747467 0.4424329996109009 0.2591566741466522 -1 -1 -1 -1 -1 -1 -1 -1 -1
0.5823769569396973 0.551390528678894 0.9975613355636597 -1 -1 -1 -1 -1 -1 -1 -1 -1
0.5878331065177917 0.5468096137046814 0.9994283318519592 -1 -1 -1 -1 -1 -1 -1 -1 -1
0.5943884253501892 0.661942720413208 0.13705135881900787 -1 -1 -1 -1 -1 -1 -1 -1 -1
0.604020357131958 0.6761723160743713 0.8962130546569824 -1 -1 -1 -1 -1 -1 -1 -1 -1
0.6082048416137695 0.7598310112953186 0.3090999126434326 -1 -1 -1 -1 -1 -1 -1 -1 -1
0.6142096519470215 0.7946897745132446 0.92084139585495 -1 -1 -1 -1 -1 -1 -1 -1 -1
0.6073250770568848 0.7780582904815674 0.4451451301574707 -1 -1 -1 -1 -1 -1 -1 -1 -1
0.6097534894943237 0.8219132423400879 0.9282497763633728 -1 -1 -1 -1 -1 -1 -1 -1 -1
0.6241326928138733 0.7845420837402344 0.2909277677536011 -1 -1 -1 -1 -1 -1 -1 -1 -1
0.6397438645362854 0.8249643445014954 0.7947500944137573 -1 -1 -1 -1 -1 -1 -1 -1 -1
1 
33 
-1 -1 -1 -1 -1 -1 -1 -1 -1 -1
0.568278968334198 0.4018639326095581 0.9974397420883179 -1 -1 -1 -1 -1 -1 -1 -1 -1
0.5636132955551147 0.40148085355758667 0.9969049096107483 -1 -1 -1 -1 -1 -1 -1 -1 -1
0.5611193180084229 0.4010924696922302 0.9957553148269653 -1 -1 -1 -1 -1 -1 -1 -1 -1
0.5614436268806458 0.4033859372138977 0.9971312284469604 -1 -1 -1 -1 -1 -1 -1 -1 -1
0.5635090470314026 0.40161871910095215 0.997348427772522 -1 -1 -1 -1 -1 -1 -1 -1 -1
0.5634981989860535 0.40207818150520325 0.996847927570343 -1 -1 -1 -1 -1 -1 -1 -1 -1
0.5633982419967651 0.40238237380981445 0.9978781938552856 -1 -1 -1 -1 -1 -1 -1 -1 -1
0.5627479553222656 0.41046908497810364 0.9966951608657837 -1 -1 -1 -1 -1 -1 -1 -1 -1
0.561182975769043 0.41184765100479126 0.9983048439025879 -1 -1 -1 -1 -1 -1 -1 -1 -1
0.5708744525909424 0.40808576345443726 0.9939350485801697 -1 -1 -1 -1 -1 -1 -1 -1 -1
0.5711972117424011 0.40795770287513733 0.9946698546409607 -1 -1 -1 -1 -1 -1 -1 -1 -1
0.5701094269752502 0.4462248384952545 0.989692747592926 -1 -1 -1 -1 -1 -1 -1 -1 -1
0.5756369233131409 0.4233440160751343 0.9996693134307861 -1 -1 -1 -1 -1 -1 -1 -1 -1
0.5722823143005371 0.43317073583602905 0.14692677557468414 -1 -1 -1 -1 -1 -1 -1 -1 -1
0.5807160139083862 0.4036981463432312 0.9316310286521912 -1 -1 -1 -1 -1 -1 -1 -1 -1
0.5507776737213135 0.40711402893066406 0.17002004384994507 -1 -1 -1 -1 -1 -1 -1 -1 -1
0.5532387495040894 0.3986646234989166 0.6555049419403076 -1 -1 -1 -1 -1 -1 -1 -1 -1
0.5434852838516235 0.4028942584991455 0.19526925683021545 -1 -1 -1 -1 -1 -1 -1 -1 -1
0.5464067459106445 0.3970566391944885 0.6385598182678223 -1 -1 -1 -1 -1 -1 -1 -1 -1
0.5437361598014832 0.4023231863975525 0.2069028913974762 -1 -1 -1 -1 -1 -1 -1 -1 -1
0.5433157682418823 0.4029540419578552 0.6146399974822998 -1 -1 -1 -1 -1 -1 -1 -1 -1
0.5468215346336365 0.40402868390083313 0.19895614683628082 -1 -1 -1 -1 -1 -1 -1 -1 -1
0.5454472303390503 0.40468892455101013 0.6209565997123718 -1 -1 -1 -1 -1 -1 -1 -1 -1
0.5840020179748535 0.5578637719154358 0.9974498152732849 -1 -1 -1 -1 -1 -1 -1 -1 -1
0.5849214196205139 0.5474211573600769 0.9989180564880371 -1 -1 -1 -1 -1 -1 -1 -1 -1
0.6033487319946289 0.6459366679191589 0.0667114183306694 -1 -1 -1 -1 -1 -1 -1 -1 -1
0.6078672409057617 0.652865469455719 0.8587343096733093 -1 -1 -1 -1 -1 -1 -1 -1 -1
0.6109366416931152 0.7403137683868408 0.16075532138347626 -1 -1 -1 -1 -1 -1 -1 -1 -1
0.6146106123924255 0.7632178068161011 0.789334237575531 -1 -1 -1 -1 -1 -1 -1 -1 -1
0.607758641242981 0.7553037405014038 0.36265113949775696 -1 -1 -1 -1 -1 -1 -1 -1 -1
0.6100868582725525 0.7750034332275391 0.903230607509613 -1 -1 -1 -1 -1 -1 -1 -1 -1
0.6290507912635803 0.759697437286377 0.3348855972290039 -1 -1 -1 -1 -1 -1 -1 -1 -1
0.6330698132514954 0.7791236639022827 0.758949339389801 -1 -1 -1 -1 -1 -1 -1 -1 -1
1 
33 
-1 -1 -1 -1 -1 -1 -1 -1 -1 -1
0.5313191413879395 0.477106511592865 0.7756868600845337 -1 -1 -1 -1 -1 -1 -1 -1 -1
0.5216536521911621 0.49692460894584656 0.7259326577186584 -1 -1 -1 -1 -1 -1 -1 -1 -1
0.5232574343681335 0.5004383325576782 0.6670729517936707 -1 -1 -1 -1 -1 -1 -1 -1 -1
0.5238882303237915 0.5008350610733032 0.8234269022941589 -1 -1 -1 -1 -1 -1 -1 -1 -1
0.5288680791854858 0.4753972291946411 0.8542062640190125 -1 -1 -1 -1 -1 -1 -1 -1 -1
0.52864670753479 0.4739430546760559 0.8269176483154297 -1 -1 -1 -1 -1 -1 -1 -1 -1
0.5284456014633179 0.4724810719490051 0.8889797925949097 -1 -1 -1 -1 -1 -1 -1 -1 -1
0.5289962887763977 0.504696786403656 0.6907152533531189 -1 -1 -1 -1 -1 -1 -1 -1 -1
0.5314054489135742 0.47170519828796387 0.83758944272995 -1 -1 -1 -1 -1 -1 -1 -1 -1
0.5357040762901306 0.4794222116470337 0.6169851422309875 -1 -1 -1 -1 -1 -1 -1 -1 -1
0.5345954298973083 0.4737447500228882 0.612929105758667 -1 -1 -1 -1 -1 -1 -1 -1 -1
0.5510550737380981 0.5015029311180115 0.9967136383056641 -1 -1 -1 -1 -1 -1 -1 -1 -1
0.545756995677948 0.44585496187210083 0.9996868371963501 -1 -1 -1 -1 -1 -1 -1 -1 -1
0.5618590116500854 0.4994664788246155 0.02510354295372963 -1 -1 -1 -1 -1 -1 -1 -1 -1
0.5444411635398865 0.39695969223976135 0.8258931040763855 -1 -1 -1 -1 -1 -1 -1 -1 -1
0.555672287940979 0.47611141204833984 0.07444019615650177 -1 -1 -1 -1 -1 -1 -1 -1 -1
0.5284353494644165 0.3821716904640198 0.7739042043685913 -1 -1 -1 -1 -1 -1 -1 -1 -1
0.5526908040046692 0.47537171840667725 0.14100247621536255 -1 -1 -1 -1 -1 -1 -1 -1 -1
0.5227815508842468 0.37906771898269653 0.830537736415863 -1 -1 -1 -1 -1 -1 -1 -1 -1
0.5506105422973633 0.4686538577079773 0.14495766162872314 -1 -1 -1 -1 -1 -1 -1 -1 -1
0.5208930373191833 0.3835897743701935 0.8045443892478943 -1 -1 -1 -1 -1 -1 -1 -1 -1
0.5518538355827332 0.4677483141422272 0.13828958570957184 -1 -1 -1 -1 -1 -1 -1 -1 -1
0.5235962867736816 0.38591063022613525 0.7444281578063965 -1 -1 -1 -1 -1 -1 -1 -1 -1
0.6015287637710571 0.5701512098312378 0.9998995065689087 -1 -1 -1 -1 -1 -1 -1 -1 -1
0.6065744757652283 0.5432954430580139 0.9999045133590698 -1 -1 -1 -1 -1 -1 -1 -1 -1
0.6287685632705688 0.6176923513412476 0.08631595969200134 -1 -1 -1 -1 -1 -1 -1 -1 -1
0.6419432759284973 0.6122621893882751 0.7773589491844177 -1 -1 -1 -1 -1 -1 -1 -1 -1
0.6131192445755005 0.6866540908813477 0.24473856389522552 -1 -1 -1 -1 -1 -1 -1 -1 -1
0.6176753640174866 0.690306544303894 0.7300480604171753 -1 -1 -1 -1 -1 -1 -1 -1 -1
0.6076810956001282 0.6902811527252197 0.5054869651794434 -1 -1 -1 -1 -1 -1 -1 -1 -1
0.6062313914299011 0.6966392397880554 0.9290316700935364 -1 -1 -1 -1 -1 -1 -1 -1 -1
0.6176471710205078 0.7192863821983337 0.40062499046325684 -1 -1 -1 -1 -1 -1 -1 -1 -1
0.6268588900566101 0.7319783568382263 0.8177328109741211 -1 -1 -1 -1 -1 -1 -1 -1 -1
1 
33 
-1 -1 -1 -1 -1 -1 -1 -1 -1 -1
0.5301367044448853 0.37649405002593994 0.9578443169593811 -1 -1 -1 -1 -1 -1 -1 -1 -1
0.5268221497535706 0.37912046909332275 0.9622011184692383 -1 -1 -1 -1 -1 -1 -1 -1 -1
0.5264309644699097 0.38082998991012573 0.9510312080383301 -1 -1 -1 -1 -1 -1 -1 -1 -1
0.5261997580528259 0.3819521963596344 0.9641180634498596 -1 -1 -1 -1 -1 -1 -1 -1 -1
0.5270460844039917 0.3787110447883606 0.9751567840576172 -1 -1 -1 -1 -1 -1 -1 -1 -1
0.5269538164138794 0.3796759843826294 0.9713620543479919 -1 -1 -1 -1 -1 -1 -1 -1 -1
0.5267016887664795 0.3811928629875183 0.9772309064865112 -1 -1 -1 -1 -1 -1 -1 -1 -1
0.5257511138916016 0.3914364278316498 0.9563432931900024 -1 -1 -1 -1 -1 -1 -1 -1 -1
0.5264461040496826 0.39058682322502136 0.9911102056503296 -1 -1 -1 -1 -1 -1 -1 -1 -1
0.5327856540679932 0.3844391405582428 0.9730956554412842 -1 -1 -1 -1 -1 -1 -1 -1 -1
0.5329650640487671 0.3840464949607849 0.9838770031929016 -1 -1 -1 -1 -1 -1 -1 -1 -1
0.5399262309074402 0.4307680130004883 0.9964291453361511 -1 -1 -1 -1 -1 -1 -1 -1 -1
0.5443180203437805 0.42115819454193115 0.9988338351249695 -1 -1 -1 -1 -1 -1 -1 -1 -1
0.5567465424537659 0.4824180603027344 0.08110695332288742 -1 -1 -1 -1 -1 -1 -1 -1 -1
0.5697596073150635 0.46294349431991577 0.6688365340232849 -1 -1 -1 -1 -1 -1 -1 -1 -1
0.56855309009552 0.5131084322929382 0.07692627608776093 -1 -1 -1 -1 -1 -1 -1 -1 -1
0.5831097364425659 0.4789964556694031 0.48228445649147034 -1 -1 -1 -1 -1 -1 -1 -1 -1
0.5710389614105225 0.5229611396789551 0.0938093513250351 -1 -1 -1 -1 -1 -1 -1 -1 -1
0.5860504508018494 0.48420774936676025 0.4559974670410156 -1 -1 -1 -1 -1 -1 -1 -1 -1
0.5702757239341736 0.5192886590957642 0.09608428180217743 -1 -1 -1 -1 -1 -1 -1 -1 -1
0.5847839117050171 0.47997039556503296 0.4458880126476288 -1 -1 -1 -1 -1 -1 -1 -1 -1
0.5696669220924377 0.5154274702072144 0.0858977809548378 -1 -1 -1 -1 -1 -1 -1 -1 -1
0.5834707021713257 0.47922080755233765 0.38618937134742737 -1 -1 -1 -1 -1 -1 -1 -1 -1
0.5939394235610962 0.49899423122406006 0.9952842593193054 -1 -1 -1 -1 -1 -1 -1 -1 -1
0.5971761345863342 0.4952699542045593 0.9932181239128113 -1 -1 -1 -1 -1 -1 -1 -1 -1
0.6258801221847534 0.5603037476539612 0.16758348047733307 -1 -1 -1 -1 -1 -1 -1 -1 -1
0.6326128244400024 0.5560232400894165 0.7588566541671753 -1 -1 -1 -1 -1 -1 -1 -1 -1
0.6340943574905396 0.634799063205719 0.2707888185977936 -1 -1 -1 -1 -1 -1 -1 -1 -1
0.6344152688980103 0.6420578360557556 0.8113582134246826 -1 -1 -1 -1 -1 -1 -1 -1 -1
0.6321920156478882 0.6465116143226624 0.4145446717739105 -1 -1 -1 -1 -1 -1 -1 -1 -1
0.6309124827384949 0.6540447473526001 0.8785664439201355 -1 -1 -1 -1 -1 -1 -1 -1 -1
0.6424610614776611 0.6506586074829102 0.3442023992538452 -1 -1 -1 -1 -1 -1 -1 -1 -1
0.643534779548645 0.6635006070137024 0.8151390552520752 -1 -1 -1 -1 -1 -1 -1 -1 -1
1 
33 
-1 -1 -1 -1 -1 -1 -1 -1 -1 -1
0.5589781403541565 0.5356143712997437 0.9996064305305481 -1 -1 -1 -1 -1 -1 -1 -1 -1
0.5669782757759094 0.524696946144104 0.999649167060852 -1 -1 -1 -1 -1 -1 -1 -1 -1
0.5584341287612915 0.5403976440429688 0.9994317889213562 -1 -1 -1 -1 -1 -1 -1 -1 -1
0.5585269331932068 0.54136723279953 0.9995330572128296 -1 -1 -1 -1 -1 -1 -1 -1 -1
0.5679865479469299 0.5232055187225342 0.9997838139533997 -1 -1 -1 -1 -1 -1 -1 -1 -1
0.5587044358253479 0.5345456600189209 0.9996403455734253 -1 -1 -1 -1 -1 -1 -1 -1 -1
0.5589815974235535 0.5331560373306274 0.9997063279151917 -1 -1 -1 -1 -1 -1 -1 -1 -1
0.5619936585426331 0.5360211133956909 0.9993426203727722 -1 -1 -1 -1 -1 -1 -1 -1 -1
0.5628105998039246 0.5219572186470032 0.9998382329940796 -1 -1 -1 -1 -1 -1 -1 -1 -1
0.561192512512207 0.5296112895011902 0.9998007416725159 -1 -1 -1 -1 -1 -1 -1 -1 -1
0.5619903802871704 0.5267831087112427 0.9998496770858765 -1 -1 -1 -1 -1 -1 -1 -1 -1
0.5719147324562073 0.5237941741943359 0.9975520968437195 -1 -1 -1 -1 -1 -1 -1 -1 -1
0.5702707767486572 0.4665513038635254 0.9997043013572693 -1 -1 -1 -1 -1 -1 -1 -1 -1
0.5664175748825073 0.5409537553787231 0.19936716556549072 -1 -1 -1 -1 -1 -1 -1 -1 -1
0.5601532459259033 0.46340304613113403 0.7126353979110718 -1 -1 -1 -1 -1 -1 -1 -1 -1
0.5789365768432617 0.5484758615493774 0.35545486211776733 -1 -1 -1 -1 -1 -1 -1 -1 -1
0.5603094696998596 0.48704612255096436 0.6524901390075684 -1 -1 -1 -1 -1 -1 -1 -1 -1
0.578818678855896 0.5506243109703064 0.38426536321640015 -1 -1 -1 -1 -1 -1 -1 -1 -1
0.5546905994415283 0.490396648645401 0.6575823426246643 -1 -1 -1 -1 -1 -1 -1 -1 -1
0.5826799273490906 0.5508301854133606 0.3804233968257904 -1 -1 -1 -1 -1 -1 -1 -1 -1
0.5582301020622253 0.4968743622303009 0.6286965012550354 -1 -1 -1 -1 -1 -1 -1 -1 -1
0.5837281346321106 0.5510743260383606 0.3759399354457855 -1 -1 -1 -1 -1 -1 -1 -1 -1
0.5617462396621704 0.4951077401638031 0.5961036086082458 -1 -1 -1 -1 -1 -1 -1 -1 -1
0.5657886266708374 0.49855318665504456 0.9999716281890869 -1 -1 -1 -1 -1 -1 -1 -1 -1
0.5572294592857361 0.4541862905025482 0.9999983310699463 -1 -1 -1 -1 -1 -1 -1 -1 -1
0.6034145355224609 0.5498258471488953 0.8468234539031982 -1 -1 -1 -1 -1 -1 -1 -1 -1
0.5271032452583313 0.39884865283966064 0.992095947265625 -1 -1 -1 -1 -1 -1 -1 -1 -1
0.6279788017272949 0.5742020606994629 0.9083199501037598 -1 -1 -1 -1 -1 -1 -1 -1 -1
0.47370022535324097 0.3538742661476135 0.9945213794708252 -1 -1 -1 -1 -1 -1 -1 -1 -1
0.6262753009796143 0.5757152438163757 0.9260249137878418 -1 -1 -1 -1 -1 -1 -1 -1 -1
0.46599066257476807 0.35796618461608887 0.9798511862754822 -1 -1 -1 -1 -1 -1 -1 -1 -1
0.6488385200500488 0.5843563675880432 0.9532352089881897 -1 -1 -1 -1 -1 -1 -1 -1 -1
0.4647664725780487 0.32881054282188416 0.9918287396430969 -1 -1 -1 -1 -1 -1 -1 -1 -1
1 
33 
-1 -1 -1 -1 -1 -1 -1 -1 -1 -1
0.5108296871185303 0.3700352907180786 0.9812739491462708 -1 -1 -1 -1 -1 -1 -1 -1 -1
0.5068526864051819 0.3672803044319153 0.9830740094184875 -1 -1 -1 -1 -1 -1 -1 -1 -1
0.5065673589706421 0.36816397309303284 0.9810622334480286 -1 -1 -1 -1 -1 -1 -1 -1 -1
0.5062856674194336 0.36909231543540955 0.9820084571838379 -1 -1 -1 -1 -1 -1 -1 -1 -1
0.5074855089187622 0.3668501377105713 0.9865098595619202 -1 -1 -1 -1 -1 -1 -1 -1 -1
0.5075720548629761 0.3675589859485626 0.9837430119514465 -1 -1 -1 -1 -1 -1 -1 -1 -1
0.5076638460159302 0.368247926235199 0.9855581521987915 -1 -1 -1 -1 -1 -1 -1 -1 -1
0.5066980719566345 0.3813999593257904 0.9702562093734741 -1 -1 -1 -1 -1 -1 -1 -1 -1
0.5092190504074097 0.37972304224967957 0.9727907180786133 -1 -1 -1 -1 -1 -1 -1 -1 -1
0.5138140320777893 0.37937483191490173 0.9683485627174377 -1 -1 -1 -1 -1 -1 -1 -1 -1
0.5145067572593689 0.37878814339637756 0.9659125804901123 -1 -1 -1 -1 -1 -1 -1 -1 -1
0.5210878252983093 0.4129626750946045 0.9682890772819519 -1 -1 -1 -1 -1 -1 -1 -1 -1
0.5254706144332886 0.41222265362739563 0.9760437607765198 -1 -1 -1 -1 -1 -1 -1 -1 -1
0.5302359461784363 0.3980495035648346 0.08383605629205704 -1 -1 -1 -1 -1 -1 -1 -1 -1
0.5304237008094788 0.4033133387565613 0.44397300481796265 -1 -1 -1 -1 -1 -1 -1 -1 -1
0.5274485945701599 0.3693305253982544 0.09691983461380005 -1 -1 -1 -1 -1 -1 -1 -1 -1
0.5186474323272705 0.3696652352809906 0.4448494613170624 -1 -1 -1 -1 -1 -1 -1 -1 -1
0.5266254544258118 0.3641030192375183 0.11072079837322235 -1 -1 -1 -1 -1 -1 -1 -1 -1
0.5174813270568848 0.36292192339897156 0.41301602125167847 -1 -1 -1 -1 -1 -1 -1 -1 -1
0.5257891416549683 0.3613479733467102 0.10981035232543945 -1 -1 -1 -1 -1 -1 -1 -1 -1
0.5136199593544006 0.3632676601409912 0.3935452699661255 -1 -1 -1 -1 -1 -1 -1 -1 -1
0.5268128514289856 0.36212196946144104 0.12139488756656647 -1 -1 -1 -1 -1 -1 -1 -1 -1
0.5135423541069031 0.3659423887729645 0.36981722712516785 -1 -1 -1 -1 -1 -1 -1 -1 -1
0.5676358342170715 0.519830048084259 0.9650256633758545 -1 -1 -1 -1 -1 -1 -1 -1 -1
0.5772433280944824 0.5153448581695557 0.9637420177459717 -1 -1 -1 -1 -1 -1 -1 -1 -1
0.5329402685165405 0.45095476508140564 0.036168172955513 -1 -1 -1 -1 -1 -1 -1 -1 -1
0.5511060953140259 0.4333950877189636 0.3144989311695099 -1 -1 -1 -1 -1 -1 -1 -1 -1
0.4996643662452698 0.34850990772247314 0.2608450651168823 -1 -1 -1 -1 -1 -1 -1 -1 -1
0.5328375101089478 0.34643542766571045 0.5741085410118103 -1 -1 -1 -1 -1 -1 -1 -1 -1
0.4974369704723358 0.3408510684967041 0.366718590259552 -1 -1 -1 -1 -1 -1 -1 -1 -1
0.5345860719680786 0.3380963206291199 0.5402669310569763 -1 -1 -1 -1 -1 -1 -1 -1 -1
0.48484328389167786 0.30100321769714355 0.3927633762359619 -1 -1 -1 -1 -1 -1 -1 -1 -1
0.5168451070785522 0.31476128101348877 0.6209113001823425 -1 -1 -1 -1 -1 -1 -1 -1 -1
1 
33 
-1 -1 -1 -1 -1 -1 -1 -1 -1 -1
0.5328890085220337 0.4605671465396881 0.9966890215873718 -1 -1 -1 -1 -1 -1 -1 -1 -1
0.5289220809936523 0.460096538066864 0.9972598552703857 -1 -1 -1 -1 -1 -1 -1 -1 -1
0.528243362903595 0.459207147359848 0.9960745573043823 -1 -1 -1 -1 -1 -1 -1 -1 -1
0.5275707244873047 0.4582917392253876 0.9968942403793335 -1 -1 -1 -1 -1 -1 -1 -1 -1
0.5303977727890015 0.4619559943675995 0.997480571269989 -1 -1 -1 -1 -1 -1 -1 -1 -1
0.5307746529579163 0.46236032247543335 0.9966694712638855 -1 -1 -1 -1 -1 -1 -1 -1 -1
0.5311482548713684 0.4627463221549988 0.9970194697380066 -1 -1 -1 -1 -1 -1 -1 -1 -1
0.5265934467315674 0.4548807740211487 0.9975002408027649 -1 -1 -1 -1 -1 -1 -1 -1 -1
0.5313246846199036 0.460081547498703 0.9966854453086853 -1 -1 -1 -1 -1 -1 -1 -1 -1
0.5340338349342346 0.4562206566333771 0.9982354640960693 -1 -1 -1 -1 -1 -1 -1 -1 -1
0.5355427265167236 0.4587954878807068 0.9986146688461304 -1 -1 -1 -1 -1 -1 -1 -1 -1
0.5344656705856323 0.4428446590900421 0.9996501207351685 -1 -1 -1 -1 -1 -1 -1 -1 -1
0.5415205955505371 0.4485015869140625 0.9986729621887207 -1 -1 -1 -1 -1 -1 -1 -1 -1
0.5221589803695679 0.4204031825065613 0.537941038608551 -1 -1 -1 -1 -1 -1 -1 -1 -1
0.5368505120277405 0.4045619070529938 0.047418687492609024 -1 -1 -1 -1 -1 -1 -1 -1 -1
0.511483907699585 0.41582876443862915 0.5700892806053162 -1 -1 -1 -1 -1 -1 -1 -1 -1
0.5234968662261963 0.3710614740848541 0.07984472066164017 -1 -1 -1 -1 -1 -1 -1 -1 -1
0.5077936053276062 0.41439199447631836 0.5784971714019775 -1 -1 -1 -1 -1 -1 -1 -1 -1
0.5191070437431335 0.3573122024536133 0.10802743583917618 -1 -1 -1 -1 -1 -1 -1 -1 -1
0.5075982809066772 0.4166136085987091 0.5857509970664978 -1 -1 -1 -1 -1 -1 -1 -1 -1
0.5177499651908875 0.3587319552898407 0.10088800638914108 -1 -1 -1 -1 -1 -1 -1 -1 -1
0.5088832974433899 0.416853666305542 0.4890243411064148 -1 -1 -1 -1 -1 -1 -1 -1 -1
0.5190038681030273 0.3644397556781769 0.10202443599700928 -1 -1 -1 -1 -1 -1 -1 -1 -1
0.5345957279205322 0.3893413245677948 0.9997585415840149 -1 -1 -1 -1 -1 -1 -1 -1 -1
0.5421103239059448 0.40110525488853455 0.9997690320014954 -1 -1 -1 -1 -1 -1 -1 -1 -1
0.5398498177528381 0.3852812349796295 0.8477694988250732 -1 -1 -1 -1 -1 -1 -1 -1 -1
0.5730866193771362 0.40509510040283203 0.6334860324859619 -1 -1 -1 -1 -1 -1 -1 -1 -1
0.5714684724807739 0.3736971914768219 0.8978773951530457 -1 -1 -1 -1 -1 -1 -1 -1 -1
0.61567622423172 0.39789456129074097 0.8765357136726379 -1 -1 -1 -1 -1 -1 -1 -1 -1
0.5779853463172913 0.37089627981185913 0.81179279088974 -1 -1 -1 -1 -1 -1 -1 -1 -1
0.6200175881385803 0.3887315094470978 0.8767156004905701 -1 -1 -1 -1 -1 -1 -1 -1 -1
0.5747853517532349 0.3820842504501343 0.781728208065033 -1 -1 -1 -1 -1 -1 -1 -1 -1
0.6319024562835693 0.41534751653671265 0.8409181833267212 -1 -1 -1 -1 -1 -1 -1 -1 -1
1 
33 
-1 -1 -1 -1 -1 -1 -1 -1 -1 -1
0.5446227788925171 0.39753085374832153 0.9933744072914124 -1 -1 -1 -1 -1 -1 -1 -1 -1
0.5426383018493652 0.3993760347366333 0.9954865574836731 -1 -1 -1 -1 -1 -1 -1 -1 -1
0.542614758014679 0.39897996187210083 0.9946444034576416 -1 -1 -1 -1 -1 -1 -1 -1 -1
0.5425877571105957 0.3985491693019867 0.9968499541282654 -1 -1 -1 -1 -1 -1 -1 -1 -1
0.5429877638816833 0.40111044049263 0.9946980476379395 -1 -1 -1 -1 -1 -1 -1 -1 -1
0.5433254241943359 0.4021550416946411 0.9919716119766235 -1 -1 -1 -1 -1 -1 -1 -1 -1
0.5436506867408752 0.4031990170478821 0.9943360686302185 -1 -1 -1 -1 -1 -1 -1 -1 -1
0.5451154708862305 0.4007428288459778 0.9963536262512207 -1 -1 -1 -1 -1 -1 -1 -1 -1
0.5466053485870361 0.4067970812320709 0.992194414138794 -1 -1 -1 -1 -1 -1 -1 -1 -1
0.5480125546455383 0.3964654505252838 0.9955217838287354 -1 -1 -1 -1 -1 -1 -1 -1 -1
0.5485449433326721 0.39889490604400635 0.9942126870155334 -1 -1 -1 -1 -1 -1 -1 -1 -1
0.5570614337921143 0.38741999864578247 0.9996485710144043 -1 -1 -1 -1 -1 -1 -1 -1 -1
0.5651307702064514 0.4024553596973419 0.9957081079483032 -1 -1 -1 -1 -1 -1 -1 -1 -1
0.5683152675628662 0.3528062105178833 0.6490541100502014 -1 -1 -1 -1 -1 -1 -1 -1 -1
0.5863147377967834 0.37296509742736816 0.15192653238773346 -1 -1 -1 -1 -1 -1 -1 -1 -1
0.5769081711769104 0.34195688366889954 0.33477503061294556 -1 -1 -1 -1 -1 -1 -1 -1 -1
0.5986776947975159 0.3474275767803192 0.1300894320011139 -1 -1 -1 -1 -1 -1 -1 -1 -1
0.579680860042572 0.33794718980789185 0.28020423650741577 -1 -1 -1 -1 -1 -1 -1 -1 -1
0.6022006273269653 0.340230256319046 0.14720721542835236 -1 -1 -1 -1 -1 -1 -1 -1 -1
0.5783687233924866 0.3436281085014343 0.2847367525100708 -1 -1 -1 -1 -1 -1 -1 -1 -1
0.6008176207542419 0.34142470359802246 0.1431083381175995 -1 -1 -1 -1 -1 -1 -1 -1 -1
0.5776994824409485 0.34439682960510254 0.2518271505832672 -1 -1 -1 -1 -1 -1 -1 -1 -1
0.5995124578475952 0.3431962728500366 0.13370899856090546 -1 -1 -1 -1 -1 -1 -1 -1 -1
0.5942602753639221 0.3359799087047577 0.9982948899269104 -1 -1 -1 -1 -1 -1 -1 -1 -1
0.5979969501495361 0.3431004285812378 0.9971606731414795 -1 -1 -1 -1 -1 -1 -1 -1 -1
0.625908374786377 0.31636571884155273 0.41468164324760437 -1 -1 -1 -1 -1 -1 -1 -1 -1
0.6169822812080383 0.31013768911361694 0.1442583203315735 -1 -1 -1 -1 -1 -1 -1 -1 -1
0.6427726745605469 0.2728601396083832 0.5270925760269165 -1 -1 -1 -1 -1 -1 -1 -1 -1
0.6419906616210938 0.26750805974006653 0.22739385068416595 -1 -1 -1 -1 -1 -1 -1 -1 -1
0.6453754305839539 0.2636782228946686 0.6742854118347168 -1 -1 -1 -1 -1 -1 -1 -1 -1
0.6459318399429321 0.2599731683731079 0.26815617084503174 -1 -1 -1 -1 -1 -1 -1 -1 -1
0.6466399431228638 0.2672576308250427 0.571873664855957 -1 -1 -1 -1 -1 -1 -1 -1 -1
0.6474884748458862 0.25867214798927307 0.2800367474555969 -1 -1 -1 -1 -1 -1 -1 -1 -1
1 
