22
1 
33 
-1 -1 -1 -1 -1 -1 -1 -1 -1 -1
0.475774347782135 0.5308800935745239 0.9999860525131226 -1 -1 -1 -1 -1 -1 -1 -1 -1
0.47640419006347656 0.5150009989738464 0.9999918937683105 -1 -1 -1 -1 -1 -1 -1 -1 -1
0.4781792461872101 0.5140708684921265 0.999988317489624 -1 -1 -1 -1 -1 -1 -1 -1 -1
0.4801465570926666 0.5133087635040283 0.9999920129776001 -1 -1 -1 -1 -1 -1 -1 -1 -1
0.4714420735836029 0.5181558132171631 0.9999904632568359 -1 -1 -1 -1 -1 -1 -1 -1 -1
0.47015437483787537 0.5190042853355408 0.9999794960021973 -1 -1 -1 -1 -1 -1 -1 -1 -1
0.46831202507019043 0.5204524993896484 0.9999837875366211 -1 -1 -1 -1 -1 -1 -1 -1 -1
0.4814431667327881 0.5145890712738037 0.9999796152114868 -1 -1 -1 -1 -1 -1 -1 -1 -1
0.4667634665966034 0.522297739982605 0.9999401569366455 -1 -1 -1 -1 -1 -1 -1 -1 -1
0.4836806654930115 0.5395529270172119 0.9999890327453613 -1 -1 -1 -1 -1 -1 -1 -1 -1
0.47439467906951904 0.5463528633117676 0.9999817609786987 -1 -1 -1 -1 -1 -1 -1 -1 -1
0.5106313824653625 0.5700429677963257 0.9999454021453857 -1 -1 -1 -1 -1 -1 -1 -1 -1
0.46094515919685364 0.5952661037445068 0.9999278783798218 -1 -1 -1 -1 -1 -1 -1 -1 -1
0.547112762928009 0.6250747442245483 0.35286906361579895 -1 -1 -1 -1 -1 -1 -1 -1 -1
0.47466185688972473 0.6632692813873291 0.021324388682842255 -1 -1 -1 -1 -1 -1 -1 -1 -1
0.5494340658187866 0.6866706609725952 0.17604824900627136 -1 -1 -1 -1 -1 -1 -1 -1 -1
0.490933895111084 0.6829899549484253 0.02953508496284485 -1 -1 -1 -1 -1 -1 -1 -1 -1
0.5546901226043701 0.7044636011123657 0.2204202115535736 -1 -1 -1 -1 -1 -1 -1 -1 -1
0.495217889547348 0.6934082508087158 0.06350184977054596 -1 -1 -1 -1 -1 -1 -1 -1 -1
0.5462633371353149 0.704504668712616 0.21452690660953522 -1 -1 -1 -1 -1 -1 -1 -1 -1
0.4973193407058716 0.6831974387168884 0.05910792574286461 -1 -1 -1 -1 -1 -1 -1 -1 -1
0.5430228114128113 0.6985582709312439 0.19115230441093445 -1 -1 -1 -1 -1 -1 -1 -1 -1
0.49672359228134155 0.6789056658744812 0.05941678583621979 -1 -1 -1 -1 -1 -1 -1 -1 -1
0.5308840870857239 0.6573294401168823 0.9999549388885498 -1 -1 -1 -1 -1 -1 -1 -1 -1
0.4988701343536377 0.698204755783081 0.999981164932251 -1 -1 -1 -1 -1 -1 -1 -1 -1
0.5654919147491455 0.5369954109191895 0.9779602885246277 -1 -1 -1 -1 -1 -1 -1 -1 -1
0.46315884590148926 0.6923822164535522 0.9492197632789612 -1 -1 -1 -1 -1 -1 -1 -1 -1
0.592490553855896 0.5270423889160156 0.9074152112007141 -1 -1 -1 -1 -1 -1 -1 -1 -1
0.4709898829460144 0.6754883527755737 0.8551101088523865 -1 -1 -1 -1 -1 -1 -1 -1 -1
0.5960904359817505 0.5434386730194092 0.8682669997215271 -1 -1 -1 -1 -1 -1 -1 -1 -1
0.4772580862045288 0.6807861924171448 0.7895473837852478 -1 -1 -1 -1 -1 -1 -1 -1 -1
0.6054794788360596 0.4874555170536041 0.8975827097892761 -1 -1 -1 -1 -1 -1 -1 -1 -1
0.46441060304641724 0.6577172875404358 0.8411308526992798 -1 -1 -1 -1 -1 -1 -1 -1 -1
1 
33 
-1 -1 -1 -1 -1 -1 -1 -1 -1 -1
0.4788243770599365 0.5369735956192017 0.9960117340087891 -1 -1 -1 -1 -1 -1 -1 -1 -1
0.4786489009857178 0.5264663100242615 0.9954677820205688 -1 -1 -1 -1 -1 -1 -1 -1 -1
0.479921817779541 0.5250627398490906 0.99055415391922 -1 -1 -1 -1 -1 -1 -1 -1 -1
0.4800577759742737 0.524821937084198 0.9929977655410767 -1 -1 -1 -1 -1 -1 -1 -1 -1
0.4757981598377228 0.5281758308410645 0.995623767375946 -1 -1 -1 -1 -1 -1 -1 -1 -1
0.47515058517456055 0.5282034873962402 0.9947486519813538 -1 -1 -1 -1 -1 -1 -1 -1 -1
0.4724969267845154 0.5414257645606995 0.9954243302345276 -1 -1 -1 -1 -1 -1 -1 -1 -1
0.47879061102867126 0.5266902446746826 0.9882580637931824 -1 -1 -1 -1 -1 -1 -1 -1 -1
0.46948814392089844 0.5452079176902771 0.9917978048324585 -1 -1 -1 -1 -1 -1 -1 -1 -1
0.4802666902542114 0.5433298945426941 0.9953538179397583 -1 -1 -1 -1 -1 -1 -1 -1 -1
0.4777807295322418 0.5551511645317078 0.9979154467582703 -1 -1 -1 -1 -1 -1 -1 -1 -1
0.49872609972953796 0.5640922784805298 0.9985800981521606 -1 -1 -1 -1 -1 -1 -1 -1 -1
0.4639468789100647 0.5844011306762695 0.9976078271865845 -1 -1 -1 -1 -1 -1 -1 -1 -1
0.5201917886734009 0.5960868000984192 0.5195894837379456 -1 -1 -1 -1 -1 -1 -1 -1 -1
0.46527206897735596 0.6291244626045227 0.8617764711380005 -1 -1 -1 -1 -1 -1 -1 -1 -1
0.5322813391685486 0.6127306222915649 0.5564336776733398 -1 -1 -1 -1 -1 -1 -1 -1 -1
0.4773391783237457 0.6260213255882263 0.8252596259117126 -1 -1 -1 -1 -1 -1 -1 -1 -1
0.5378585457801819 0.6180081367492676 0.506133496761322 -1 -1 -1 -1 -1 -1 -1 -1 -1
0.4806995093822479 0.6291033625602722 0.8003650307655334 -1 -1 -1 -1 -1 -1 -1 -1 -1
0.5352193117141724 0.6157198548316956 0.511531412601471 -1 -1 -1 -1 -1 -1 -1 -1 -1
0.4807836413383484 0.6217174530029297 0.7959524393081665 -1 -1 -1 -1 -1 -1 -1 -1 -1
0.5322484970092773 0.6151678562164307 0.47974729537963867 -1 -1 -1 -1 -1 -1 -1 -1 -1
0.47991758584976196 0.6223670840263367 0.7396601438522339 -1 -1 -1 -1 -1 -1 -1 -1 -1
0.5153957009315491 0.6511463522911072 0.9997003078460693 -1 -1 -1 -1 -1 -1 -1 -1 -1
0.4941176772117615 0.6632398366928101 0.9980114698410034 -1 -1 -1 -1 -1 -1 -1 -1 -1
0.5554795861244202 0.6541885137557983 0.9663261771202087 -1 -1 -1 -1 -1 -1 -1 -1 -1
0.4758879840373993 0.6720759868621826 0.6859627962112427 -1 -1 -1 -1 -1 -1 -1 -1 -1
0.5692244172096252 0.7410414814949036 0.9234560132026672 -1 -1 -1 -1 -1 -1 -1 -1 -1
0.44570475816726685 0.7237288355827332 0.8470730781555176 -1 -1 -1 -1 -1 -1 -1 -1 -1
0.5595792531967163 0.7462644577026367 0.8645553588867188 -1 -1 -1 -1 -1 -1 -1 -1 -1
0.44371771812438965 0.7373365163803101 0.8154346942901611 -1 -1 -1 -1 -1 -1 -1 -1 -1
0.5801687240600586 0.7516332268714905 0.8464739918708801 -1 -1 -1 -1 -1 -1 -1 -1 -1
0.42952412366867065 0.7321506142616272 0.7711121439933777 -1 -1 -1 -1 -1 -1 -1 -1 -1
1 
33 
-1 -1 -1 -1 -1 -1 -1 -1 -1 -1
0.5491335391998291 0.6323767304420471 0.9794893264770508 -1 -1 -1 -1 -1 -1 -1 -1 -1
0.5547970533370972 0.6291959285736084 0.9747494459152222 -1 -1 -1 -1 -1 -1 -1 -1 -1
0.5546892285346985 0.6285531520843506 0.9690107703208923 -1 -1 -1 -1 -1 -1 -1 -1 -1
0.5546075105667114 0.6283977627754211 0.9778203964233398 -1 -1 -1 -1 -1 -1 -1 -1 -1
0.5497268438339233 0.6312236189842224 0.9769548177719116 -1 -1 -1 -1 -1 -1 -1 -1 -1
0.549828052520752 0.6303101181983948 0.9725230932235718 -1 -1 -1 -1 -1 -1 -1 -1 -1
0.5498943328857422 0.6294110417366028 0.9812828302383423 -1 -1 -1 -1 -1 -1 -1 -1 -1
0.5604396462440491 0.6259209513664246 0.9548506140708923 -1 -1 -1 -1 -1 -1 -1 -1 -1
0.5551904439926147 0.6200155019760132 0.9684364199638367 -1 -1 -1 -1 -1 -1 -1 -1 -1
0.5529661178588867 0.6284790635108948 0.9648558497428894 -1 -1 -1 -1 -1 -1 -1 -1 -1
0.5517510771751404 0.6275726556777954 0.9668970108032227 -1 -1 -1 -1 -1 -1 -1 -1 -1
0.5713258981704712 0.6164330840110779 0.9774511456489563 -1 -1 -1 -1 -1 -1 -1 -1 -1
0.5636931657791138 0.6027482748031616 0.9777737855911255 -1 -1 -1 -1 -1 -1 -1 -1 -1
0.5726123452186584 0.686552107334137 0.837897539138794 -1 -1 -1 -1 -1 -1 -1 -1 -1
0.5614012479782104 0.6775602102279663 0.8806950449943542 -1 -1 -1 -1 -1 -1 -1 -1 -1
0.5709403157234192 0.7551255822181702 0.7500162124633789 -1 -1 -1 -1 -1 -1 -1 -1 -1
0.5649049878120422 0.7682178020477295 0.8970261216163635 -1 -1 -1 -1 -1 -1 -1 -1 -1
0.5737151503562927 0.7683762311935425 0.7077611684799194 -1 -1 -1 -1 -1 -1 -1 -1 -1
0.5633723735809326 0.7849627733230591 0.8744099140167236 -1 -1 -1 -1 -1 -1 -1 -1 -1
0.5714610815048218 0.7709325551986694 0.7127216458320618 -1 -1 -1 -1 -1 -1 -1 -1 -1
0.5689425468444824 0.7877326607704163 0.8627036213874817 -1 -1 -1 -1 -1 -1 -1 -1 -1
0.5697833299636841 0.7674813270568848 0.6716864705085754 -1 -1 -1 -1 -1 -1 -1 -1 -1
0.5698410272598267 0.784099817276001 0.8122575879096985 -1 -1 -1 -1 -1 -1 -1 -1 -1
0.5764297246932983 0.49210846424102783 0.9978304505348206 -1 -1 -1 -1 -1 -1 -1 -1 -1
0.5735129714012146 0.4951809048652649 0.9982925057411194 -1 -1 -1 -1 -1 -1 -1 -1 -1
0.5889922380447388 0.40592849254608154 0.5001233220100403 -1 -1 -1 -1 -1 -1 -1 -1 -1
0.577745795249939 0.40459492802619934 0.5891083478927612 -1 -1 -1 -1 -1 -1 -1 -1 -1
0.5899715423583984 0.31691670417785645 0.6297147870063782 -1 -1 -1 -1 -1 -1 -1 -1 -1
0.5853518843650818 0.3080967962741852 0.796263575553894 -1 -1 -1 -1 -1 -1 -1 -1 -1
0.5869736671447754 0.30818623304367065 0.7952958941459656 -1 -1 -1 -1 -1 -1 -1 -1 -1
0.5856637954711914 0.29730871319770813 0.8220056295394897 -1 -1 -1 -1 -1 -1 -1 -1 -1
0.591047465801239 0.27879834175109863 0.6877002120018005 -1 -1 -1 -1 -1 -1 -1 -1 -1
0.5926873087882996 0.2709025740623474 0.7671605944633484 -1 -1 -1 -1 -1 -1 -1 -1 -1
1 
33 
-1 -1 -1 -1 -1 -1 -1 -1 -1 -1
0.5066670775413513 0.5846540927886963 0.9998501539230347 -1 -1 -1 -1 -1 -1 -1 -1 -1
0.504237711429596 0.5881113409996033 0.9999164342880249 -1 -1 -1 -1 -1 -1 -1 -1 -1
0.504326343536377 0.5874060392379761 0.9998635053634644 -1 -1 -1 -1 -1 -1 -1 -1 -1
0.5044288039207458 0.5866522192955017 0.999900221824646 -1 -1 -1 -1 -1 -1 -1 -1 -1
0.5040225982666016 0.5904487371444702 0.9999418258666992 -1 -1 -1 -1 -1 -1 -1 -1 -1
0.5040637254714966 0.591741144657135 0.9999192953109741 -1 -1 -1 -1 -1 -1 -1 -1 -1
0.5041195750236511 0.59306800365448 0.9999489784240723 -1 -1 -1 -1 -1 -1 -1 -1 -1
0.5050914883613586 0.5873985290527344 0.999927282333374 -1 -1 -1 -1 -1 -1 -1 -1 -1
0.5050362944602966 0.596632719039917 0.9999786615371704 -1 -1 -1 -1 -1 -1 -1 -1 -1
0.5086725950241089 0.5816577076911926 0.9999620914459229 -1 -1 -1 -1 -1 -1 -1 -1 -1
0.5084799528121948 0.5842611193656921 0.9999791383743286 -1 -1 -1 -1 -1 -1 -1 -1 -1
0.5132831931114197 0.56599360704422 0.9981947541236877 -1 -1 -1 -1 -1 -1 -1 -1 -1
0.5158777236938477 0.6055224537849426 0.9999759197235107 -1 -1 -1 -1 -1 -1 -1 -1 -1
0.5137515664100647 0.5496782660484314 0.6421065330505371 -1 -1 -1 -1 -1 -1 -1 -1 -1
0.5260246992111206 0.6347190737724304 0.9910079836845398 -1 -1 -1 -1 -1 -1 -1 -1 -1
0.5045461654663086 0.5672565698623657 0.11422327905893326 -1 -1 -1 -1 -1 -1 -1 -1 -1
0.540198028087616 0.6635299921035767 0.9582515954971313 -1 -1 -1 -1 -1 -1 -1 -1 -1
0.5027438402175903 0.5710059404373169 0.06897225230932236 -1 -1 -1 -1 -1 -1 -1 -1 -1
0.5454871654510498 0.6749721765518188 0.9246810078620911 -1 -1 -1 -1 -1 -1 -1 -1 -1
0.5036875605583191 0.5745334625244141 0.06419428437948227 -1 -1 -1 -1 -1 -1 -1 -1 -1
0.546009361743927 0.6709546446800232 0.9278145432472229 -1 -1 -1 -1 -1 -1 -1 -1 -1
0.5046691298484802 0.574288547039032 0.0838041827082634 -1 -1 -1 -1 -1 -1 -1 -1 -1
0.5447574257850647 0.6654660105705261 0.9134926795959473 -1 -1 -1 -1 -1 -1 -1 -1 -1
0.5565488338470459 0.5260313749313354 0.9999147653579712 -1 -1 -1 -1 -1 -1 -1 -1 -1
0.5603301525115967 0.5370849370956421 0.9999834299087524 -1 -1 -1 -1 -1 -1 -1 -1 -1
0.578691840171814 0.47121402621269226 0.9349382519721985 -1 -1 -1 -1 -1 -1 -1 -1 -1
0.5839656591415405 0.43405982851982117 0.9908047914505005 -1 -1 -1 -1 -1 -1 -1 -1 -1
0.5788617134094238 0.5159966945648193 0.8527340888977051 -1 -1 -1 -1 -1 -1 -1 -1 -1
0.5702095031738281 0.36357420682907104 0.9893830418586731 -1 -1 -1 -1 -1 -1 -1 -1 -1
0.5771065950393677 0.528719425201416 0.9060785174369812 -1 -1 -1 -1 -1 -1 -1 -1 -1
0.5687898993492126 0.3565037250518799 0.97957843542099 -1 -1 -1 -1 -1 -1 -1 -1 -1
0.5849153399467468 0.5153396725654602 0.6749109029769897 -1 -1 -1 -1 -1 -1 -1 -1 -1
0.5646657943725586 0.33324408531188965 0.9611331820487976 -1 -1 -1 -1 -1 -1 -1 -1 -1
1 
33 
-1 -1 -1 -1 -1 -1 -1 -1 -1 -1
0.5680588483810425 0.5767762660980225 0.982399582862854 -1 -1 -1 -1 -1 -1 -1 -1 -1
0.5654413104057312 0.5809581279754639 0.9821194410324097 -1 -1 -1 -1 -1 -1 -1 -1 -1
0.5642919540405273 0.5802330374717712 0.9764031767845154 -1 -1 -1 -1 -1 -1 -1 -1 -1
0.5631587505340576 0.5794410705566406 0.9794745445251465 -1 -1 -1 -1 -1 -1 -1 -1 -1
0.5688549280166626 0.5831282734870911 0.982693612575531 -1 -1 -1 -1 -1 -1 -1 -1 -1
0.5701085329055786 0.5840069651603699 0.9782891273498535 -1 -1 -1 -1 -1 -1 -1 -1 -1
0.5713597536087036 0.584864616394043 0.9865638017654419 -1 -1 -1 -1 -1 -1 -1 -1 -1
0.5629133582115173 0.5759963989257812 0.9824019074440002 -1 -1 -1 -1 -1 -1 -1 -1 -1
0.5742635726928711 0.5831471085548401 0.9827883839607239 -1 -1 -1 -1 -1 -1 -1 -1 -1
0.5676144957542419 0.5694097876548767 0.9548779129981995 -1 -1 -1 -1 -1 -1 -1 -1 -1
0.5717895030975342 0.5722733736038208 0.9629110097885132 -1 -1 -1 -1 -1 -1 -1 -1 -1
0.5595052242279053 0.5520040988922119 0.9950945377349854 -1 -1 -1 -1 -1 -1 -1 -1 -1
0.5905429720878601 0.5609264969825745 0.9924604296684265 -1 -1 -1 -1 -1 -1 -1 -1 -1
0.5478171706199646 0.5866693258285522 0.8508084416389465 -1 -1 -1 -1 -1 -1 -1 -1 -1
0.6084381937980652 0.5553992986679077 0.25470879673957825 -1 -1 -1 -1 -1 -1 -1 -1 -1
0.5576654076576233 0.6414762735366821 0.6901500225067139 -1 -1 -1 -1 -1 -1 -1 -1 -1
0.6118611693382263 0.5756468772888184 0.405332088470459 -1 -1 -1 -1 -1 -1 -1 -1 -1
0.5604668259620667 0.6555320024490356 0.5531258583068848 -1 -1 -1 -1 -1 -1 -1 -1 -1
0.6135568022727966 0.5797162055969238 0.431321382522583 -1 -1 -1 -1 -1 -1 -1 -1 -1
0.5616867542266846 0.6556410193443298 0.5162237286567688 -1 -1 -1 -1 -1 -1 -1 -1 -1
0.6112703084945679 0.582933247089386 0.4218871295452118 -1 -1 -1 -1 -1 -1 -1 -1 -1
0.5613463521003723 0.6494402885437012 0.4802379906177521 -1 -1 -1 -1 -1 -1 -1 -1 -1
0.6104719042778015 0.5800215005874634 0.41780081391334534 -1 -1 -1 -1 -1 -1 -1 -1 -1
0.5861544013023376 0.4499625265598297 0.997852087020874 -1 -1 -1 -1 -1 -1 -1 -1 -1
0.60210120677948 0.45303109288215637 0.9968538880348206 -1 -1 -1 -1 -1 -1 -1 -1 -1
0.5920616984367371 0.33892375230789185 0.8862151503562927 -1 -1 -1 -1 -1 -1 -1 -1 -1
0.5960480570793152 0.3440907895565033 0.5984598398208618 -1 -1 -1 -1 -1 -1 -1 -1 -1
0.5891830325126648 0.24066480994224548 0.8497701287269592 -1 -1 -1 -1 -1 -1 -1 -1 -1
0.5891504287719727 0.2670567035675049 0.5969489812850952 -1 -1 -1 -1 -1 -1 -1 -1 -1
0.5877038836479187 0.23556280136108398 0.5919364094734192 -1 -1 -1 -1 -1 -1 -1 -1 -1
0.5862696766853333 0.25705209374427795 0.45329219102859497 -1 -1 -1 -1 -1 -1 -1 -1 -1
0.5939820408821106 0.2026166021823883 0.8011819124221802 -1 -1 -1 -1 -1 -1 -1 -1 -1
0.5932058095932007 0.23600676655769348 0.6123156547546387 -1 -1 -1 -1 -1 -1 -1 -1 -1
1 
33 
-1 -1 -1 -1 -1 -1 -1 -1 -1 -1
0.5734363794326782 0.5077521800994873 0.9715020060539246 -1 -1 -1 -1 -1 -1 -1 -1 -1
0.5704288482666016 0.5093661546707153 0.9597427248954773 -1 -1 -1 -1 -1 -1 -1 -1 -1
0.5695108771324158 0.5092583894729614 0.9654225707054138 -1 -1 -1 -1 -1 -1 -1 -1 -1
0.5686165690422058 0.5090551376342773 0.9600667357444763 -1 -1 -1 -1 -1 -1 -1 -1 -1
0.5734109282493591 0.5112252235412598 0.9521548748016357 -1 -1 -1 -1 -1 -1 -1 -1 -1
0.5743299722671509 0.5122759342193604 0.9564395546913147 -1 -1 -1 -1 -1 -1 -1 -1 -1
0.5752390623092651 0.5133165717124939 0.9544817805290222 -1 -1 -1 -1 -1 -1 -1 -1 -1
0.5670468211174011 0.5135972499847412 0.9659065008163452 -1 -1 -1 -1 -1 -1 -1 -1 -1
0.5781477093696594 0.5209749341011047 0.9434388279914856 -1 -1 -1 -1 -1 -1 -1 -1 -1
0.5739693641662598 0.5078284740447998 0.9683555960655212 -1 -1 -1 -1 -1 -1 -1 -1 -1
0.5765770673751831 0.5096695423126221 0.9650924801826477 -1 -1 -1 -1 -1 -1 -1 -1 -1
0.5670379996299744 0.5062974095344543 0.9895485639572144 -1 -1 -1 -1 -1 -1 -1 -1 -1
0.5968034863471985 0.5337576270103455 0.9989131689071655 -1 -1 -1 -1 -1 -1 -1 -1 -1
0.5660427808761597 0.4965304136276245 0.5456395149230957 -1 -1 -1 -1 -1 -1 -1 -1 -1
0.6030940413475037 0.581507682800293 0.7928956747055054 -1 -1 -1 -1 -1 -1 -1 -1 -1
0.5657452344894409 0.514933168888092 0.1964942216873169 -1 -1 -1 -1 -1 -1 -1 -1 -1
0.6080601215362549 0.6355640292167664 0.7958864569664001 -1 -1 -1 -1 -1 -1 -1 -1 -1
0.5663489699363708 0.5178157687187195 0.14712198078632355 -1 -1 -1 -1 -1 -1 -1 -1 -1
0.6106951832771301 0.6500028967857361 0.7743492722511292 -1 -1 -1 -1 -1 -1 -1 -1 -1
0.566014289855957 0.5208032131195068 0.15146979689598083 -1 -1 -1 -1 -1 -1 -1 -1 -1
0.6112256646156311 0.6472784280776978 0.7833571434020996 -1 -1 -1 -1 -1 -1 -1 -1 -1
0.566258430480957 0.5211011171340942 0.16800612211227417 -1 -1 -1 -1 -1 -1 -1 -1 -1
0.6097238659858704 0.6425579786300659 0.7562530636787415 -1 -1 -1 -1 -1 -1 -1 -1 -1
0.5913705229759216 0.4193921983242035 0.9996399879455566 -1 -1 -1 -1 -1 -1 -1 -1 -1
0.6086583137512207 0.4218241572380066 0.999968409538269 -1 -1 -1 -1 -1 -1 -1 -1 -1
0.5728583931922913 0.37594953179359436 0.9036911725997925 -1 -1 -1 -1 -1 -1 -1 -1 -1
0.5907655954360962 0.31794196367263794 0.9909537434577942 -1 -1 -1 -1 -1 -1 -1 -1 -1
0.5808759927749634 0.42049187421798706 0.560261070728302 -1 -1 -1 -1 -1 -1 -1 -1 -1
0.591083824634552 0.21032661199569702 0.9884390234947205 -1 -1 -1 -1 -1 -1 -1 -1 -1
0.5805627703666687 0.43131256103515625 0.7594719529151917 -1 -1 -1 -1 -1 -1 -1 -1 -1
0.5909591913223267 0.19622759521007538 0.9805974364280701 -1 -1 -1 -1 -1 -1 -1 -1 -1
0.5903218984603882 0.42286479473114014 0.594302237033844 -1 -1 -1 -1 -1 -1 -1 -1 -1
0.5811108946800232 0.16571906208992004 0.9793785214424133 -1 -1 -1 -1 -1 -1 -1 -1 -1
1 
33 
-1 -1 -1 -1 -1 -1 -1 -1 -1 -1
0.5688985586166382 0.4762468636035919 0.9785683751106262 -1 -1 -1 -1 -1 -1 -1 -1 -1
0.5672645568847656 0.47252002358436584 0.9825666546821594 -1 -1 -1 -1 -1 -1 -1 -1 -1
0.567775309085846 0.4718875586986542 0.9811278581619263 -1 -1 -1 -1 -1 -1 -1 -1 -1
0.5683414936065674 0.47153905034065247 0.9850277900695801 -1 -1 -1 -1 -1 -1 -1 -1 -1
0.5655473470687866 0.4684942662715912 0.9750022292137146 -1 -1 -1 -1 -1 -1 -1 -1 -1
0.5663930177688599 0.46819007396698 0.9717959761619568 -1 -1 -1 -1 -1 -1 -1 -1 -1
0.5665977597236633 0.46735161542892456 0.9804441928863525 -1 -1 -1 -1 -1 -1 -1 -1 -1
0.5719852447509766 0.46318888664245605 0.982682466506958 -1 -1 -1 -1 -1 -1 -1 -1 -1
0.5706446766853333 0.4625024199485779 0.9692739844322205 -1 -1 -1 -1 -1 -1 -1 -1 -1
0.5702807307243347 0.4759235978126526 0.9496859312057495 -1 -1 -1 -1 -1 -1 -1 -1 -1
0.5700587630271912 0.47333958745002747 0.9389064311981201 -1 -1 -1 -1 -1 -1 -1 -1 -1
0.590999186038971 0.4829791486263275 0.9986672401428223 -1 -1 -1 -1 -1 -1 -1 -1 -1
0.5841540098190308 0.46237051486968994 0.9964160919189453 -1 -1 -1 -1 -1 -1 -1 -1 -1
0.5856747627258301 0.5621172189712524 0.8845303654670715 -1 -1 -1 -1 -1 -1 -1 -1 -1
0.5889816284179688 0.5453785061836243 0.31479817628860474 -1 -1 -1 -1 -1 -1 -1 -1 -1
0.5882717370986938 0.6151570677757263 0.8582726716995239 -1 -1 -1 -1 -1 -1 -1 -1 -1
0.5908145904541016 0.6193394660949707 0.6153696179389954 -1 -1 -1 -1 -1 -1 -1 -1 -1
0.5907180309295654 0.6291031837463379 0.8136534094810486 -1 -1 -1 -1 -1 -1 -1 -1 -1
0.5891196727752686 0.6355330944061279 0.6649410724639893 -1 -1 -1 -1 -1 -1 -1 -1 -1
0.5871681571006775 0.6286309957504272 0.801329493522644 -1 -1 -1 -1 -1 -1 -1 -1 -1
0.5918521881103516 0.6373353600502014 0.6485791802406311 -1 -1 -1 -1 -1 -1 -1 -1 -1
0.5861552357673645 0.6225835084915161 0.7692891955375671 -1 -1 -1 -1 -1 -1 -1 -1 -1
0.5926616787910461 0.6326149702072144 0.613776445388794 -1 -1 -1 -1 -1 -1 -1 -1 -1
0.6066147089004517 0.37596070766448975 0.9999449253082275 -1 -1 -1 -1 -1 -1 -1 -1 -1
0.5988751649856567 0.3827016055583954 0.9999104738235474 -1 -1 -1 -1 -1 -1 -1 -1 -1
0.5927509069442749 0.2831801176071167 0.8276214003562927 -1 -1 -1 -1 -1 -1 -1 -1 -1
0.5861323475837708 0.32345661520957947 0.5707494020462036 -1 -1 -1 -1 -1 -1 -1 -1 -1
0.5860291719436646 0.19473333656787872 0.8843143582344055 -1 -1 -1 -1 -1 -1 -1 -1 -1
0.5787774324417114 0.2501240372657776 0.6327133178710938 -1 -1 -1 -1 -1 -1 -1 -1 -1
0.5851770043373108 0.182478129863739 0.967003345489502 -1 -1 -1 -1 -1 -1 -1 -1 -1
0.5768747925758362 0.24401162564754486 0.843843936920166 -1 -1 -1 -1 -1 -1 -1 -1 -1
0.5827574729919434 0.14742973446846008 0.9333620071411133 -1 -1 -1 -1 -1 -1 -1 -1 -1
0.5797955989837646 0.20062536001205444 0.805395781993866 -1 -1 -1 -1 -1 -1 -1 -1 -1
1 
33 
-1 -1 -1 -1 -1 -1 -1 -1 -1 -1
0.5852426290512085 0.4551715850830078 0.9855656027793884 -1 -1 -1 -1 -1 -1 -1 -1 -1
0.5805658102035522 0.45831358432769775 0.9713398814201355 -1 -1 -1 -1 -1 -1 -1 -1 -1
0.5796468257904053 0.45817264914512634 0.9687003493309021 -1 -1 -1 -1 -1 -1 -1 -1 -1
0.578728973865509 0.4579434096813202 0.9654178023338318 -1 -1 -1 -1 -1 -1 -1 -1 -1
0.5837500095367432 0.4602453112602234 0.9826871752738953 -1 -1 -1 -1 -1 -1 -1 -1 -1
0.5846369862556458 0.46155688166618347 0.9765728116035461 -1 -1 -1 -1 -1 -1 -1 -1 -1
0.5854963064193726 0.46286654472351074 0.9763715267181396 -1 -1 -1 -1 -1 -1 -1 -1 -1
0.5791542530059814 0.46329447627067566 0.975752055644989 -1 -1 -1 -1 -1 -1 -1 -1 -1
0.5902767777442932 0.4699763059616089 0.9830219745635986 -1 -1 -1 -1 -1 -1 -1 -1 -1
0.5850144624710083 0.4604082703590393 0.9883121848106384 -1 -1 -1 -1 -1 -1 -1 -1 -1
0.5880374908447266 0.4610859155654907 0.9892733693122864 -1 -1 -1 -1 -1 -1 -1 -1 -1
0.5836960077285767 0.4618450403213501 0.988251268863678 -1 -1 -1 -1 -1 -1 -1 -1 -1
0.6215189695358276 0.46661344170570374 0.999723494052887 -1 -1 -1 -1 -1 -1 -1 -1 -1
0.5840968489646912 0.46971240639686584 0.2990431785583496 -1 -1 -1 -1 -1 -1 -1 -1 -1
0.6393118500709534 0.4929131865501404 0.7677209973335266 -1 -1 -1 -1 -1 -1 -1 -1 -1
0.5737280249595642 0.49003520607948303 0.23650673031806946 -1 -1 -1 -1 -1 -1 -1 -1 -1
0.6516177654266357 0.5283392667770386 0.7652560472488403 -1 -1 -1 -1 -1 -1 -1 -1 -1
0.5701125860214233 0.4932669699192047 0.23354730010032654 -1 -1 -1 -1 -1 -1 -1 -1 -1
0.6565924286842346 0.5350043177604675 0.7400612235069275 -1 -1 -1 -1 -1 -1 -1 -1 -1
0.5703994631767273 0.4951959252357483 0.26168355345726013 -1 -1 -1 -1 -1 -1 -1 -1 -1
0.6540390253067017 0.5347989201545715 0.7555462718009949 -1 -1 -1 -1 -1 -1 -1 -1 -1
0.5721235871315002 0.49606090784072876 0.309809148311615 -1 -1 -1 -1 -1 -1 -1 -1 -1
0.6516692042350769 0.5346484184265137 0.7511119246482849 -1 -1 -1 -1 -1 -1 -1 -1 -1
0.5910255908966064 0.4025079905986786 0.9999529123306274 -1 -1 -1 -1 -1 -1 -1 -1 -1
0.6142313480377197 0.3747013211250305 0.999996542930603 -1 -1 -1 -1 -1 -1 -1 -1 -1
0.5625463724136353 0.4446832835674286 0.8520748019218445 -1 -1 -1 -1 -1 -1 -1 -1 -1
0.5958364009857178 0.26085740327835083 0.9899527430534363 -1 -1 -1 -1 -1 -1 -1 -1 -1
0.5737764239311218 0.515763521194458 0.6807117462158203 -1 -1 -1 -1 -1 -1 -1 -1 -1
0.5837007164955139 0.1540311872959137 0.9895892143249512 -1 -1 -1 -1 -1 -1 -1 -1 -1
0.5757086873054504 0.5253947377204895 0.8428621292114258 -1 -1 -1 -1 -1 -1 -1 -1 -1
0.5703818798065186 0.14069953560829163 0.9767865538597107 -1 -1 -1 -1 -1 -1 -1 -1 -1
0.5805310606956482 0.5368394255638123 0.870370626449585 -1 -1 -1 -1 -1 -1 -1 -1 -1
0.5752390027046204 0.1039976179599762 0.9846959710121155 -1 -1 -1 -1 -1 -1 -1 -1 -1
1 
33 
-1 -1 -1 -1 -1 -1 -1 -1 -1 -1
0.5579473972320557 0.4340468645095825 0.9988746047019958 -1 -1 -1 -1 -1 -1 -1 -1 -1
0.5574706792831421 0.43684613704681396 0.9986250400543213 -1 -1 -1 -1 -1 -1 -1 -1 -1
0.5577341318130493 0.43708133697509766 0.9981082677841187 -1 -1 -1 -1 -1 -1 -1 -1 -1
0.5579953193664551 0.4371831715106964 0.9986604452133179 -1 -1 -1 -1 -1 -1 -1 -1 -1
0.5571901202201843 0.43659722805023193 0.9985792636871338 -1 -1 -1 -1 -1 -1 -1 -1 -1
0.5576210618019104 0.43668967485427856 0.9979990124702454 -1 -1 -1 -1 -1 -1 -1 -1 -1
0.5580289363861084 0.43675875663757324 0.9985894560813904 -1 -1 -1 -1 -1 -1 -1 -1 -1
0.5636288523674011 0.4357343316078186 0.9977788329124451 -1 -1 -1 -1 -1 -1 -1 -1 -1
0.5630152821540833 0.4344026744365692 0.9979032278060913 -1 -1 -1 -1 -1 -1 -1 -1 -1
0.5617411136627197 0.43158841133117676 0.9980340600013733 -1 -1 -1 -1 -1 -1 -1 -1 -1
0.562044620513916 0.432130366563797 0.9976761937141418 -1 -1 -1 -1 -1 -1 -1 -1 -1
0.5781058669090271 0.4357202351093292 0.9930146932601929 -1 -1 -1 -1 -1 -1 -1 -1 -1
0.5831109285354614 0.427579402923584 0.991483747959137 -1 -1 -1 -1 -1 -1 -1 -1 -1
0.5732337832450867 0.5241883993148804 0.8623760938644409 -1 -1 -1 -1 -1 -1 -1 -1 -1
0.5777142643928528 0.513442873954773 0.8698265552520752 -1 -1 -1 -1 -1 -1 -1 -1 -1
0.5613538026809692 0.600546658039093 0.8226990699768066 -1 -1 -1 -1 -1 -1 -1 -1 -1
0.5767839550971985 0.6004420518875122 0.8395622372627258 -1 -1 -1 -1 -1 -1 -1 -1 -1
0.5603148937225342 0.6161320209503174 0.78691166639328 -1 -1 -1 -1 -1 -1 -1 -1 -1
0.5752754211425781 0.6161997318267822 0.8311646580696106 -1 -1 -1 -1 -1 -1 -1 -1 -1
0.5601803064346313 0.6162428855895996 0.7902345657348633 -1 -1 -1 -1 -1 -1 -1 -1 -1
0.576347291469574 0.6182833313941956 0.8095014691352844 -1 -1 -1 -1 -1 -1 -1 -1 -1
0.5602301955223083 0.6114808917045593 0.7772786021232605 -1 -1 -1 -1 -1 -1 -1 -1 -1
0.5770429372787476 0.6152212023735046 0.7645308375358582 -1 -1 -1 -1 -1 -1 -1 -1 -1
0.5886309146881104 0.34755653142929077 0.999405026435852 -1 -1 -1 -1 -1 -1 -1 -1 -1
0.5949513912200928 0.34335774183273315 0.9997007846832275 -1 -1 -1 -1 -1 -1 -1 -1 -1
0.5796673893928528 0.2748897671699524 0.43356120586395264 -1 -1 -1 -1 -1 -1 -1 -1 -1
0.5934979319572449 0.25912293791770935 0.7881489396095276 -1 -1 -1 -1 -1 -1 -1 -1 -1
0.5822234153747559 0.23783214390277863 0.4363958537578583 -1 -1 -1 -1 -1 -1 -1 -1 -1
0.5879466533660889 0.1655341535806656 0.8690066337585449 -1 -1 -1 -1 -1 -1 -1 -1 -1
0.5814284682273865 0.23838993906974792 0.6075007319450378 -1 -1 -1 -1 -1 -1 -1 -1 -1
0.5874004364013672 0.15836390852928162 0.8444516658782959 -1 -1 -1 -1 -1 -1 -1 -1 -1
0.5826506018638611 0.20596304535865784 0.5589472651481628 -1 -1 -1 -1 -1 -1 -1 -1 -1
0.5799768567085266 0.1267777383327484 0.8378351330757141 -1 -1 -1 -1 -1 -1 -1 -1 -1
1 
33 
-1 -1 -1 -1 -1 -1 -1 -1 -1 -1
0.5730035901069641 0.4445272386074066 0.896960437297821 -1 -1 -1 -1 -1 -1 -1 -1 -1
0.5705069899559021 0.44449135661125183 0.8611927628517151 -1 -1 -1 -1 -1 -1 -1 -1 -1
0.5703114867210388 0.4442909359931946 0.8431068658828735 -1 -1 -1 -1 -1 -1 -1 -1 -1
0.5701197385787964 0.4439862072467804 0.8317359685897827 -1 -1 -1 -1 -1 -1 -1 -1 -1
0.5712125301361084 0.44538551568984985 0.8781234622001648 -1 -1 -1 -1 -1 -1 -1 -1 -1
0.5714139342308044 0.4457744359970093 0.8701244592666626 -1 -1 -1 -1 -1 -1 -1 -1 -1
0.5715863704681396 0.4461441934108734 0.8917434215545654 -1 -1 -1 -1 -1 -1 -1 -1 -1
0.5720698833465576 0.44330182671546936 0.8095273971557617 -1 -1 -1 -1 -1 -1 -1 -1 -1
0.57454913854599 0.44551098346710205 0.8868695497512817 -1 -1 -1 -1 -1 -1 -1 -1 -1
0.5757119655609131 0.4429268538951874 0.8961577415466309 -1 -1 -1 -1 -1 -1 -1 -1 -1
0.5761958956718445 0.444793701171875 0.8922248482704163 -1 -1 -1 -1 -1 -1 -1 -1 -1
0.5796684622764587 0.44245558977127075 0.9630930423736572 -1 -1 -1 -1 -1 -1 -1 -1 -1
0.5936259031295776 0.44216105341911316 0.9960045218467712 -1 -1 -1 -1 -1 -1 -1 -1 -1
0.5750154852867126 0.48459869623184204 0.34651243686676025 -1 -1 -1 -1 -1 -1 -1 -1 -1
0.5918059349060059 0.4959676265716553 0.5123410820960999 -1 -1 -1 -1 -1 -1 -1 -1 -1
0.5679236054420471 0.5361334681510925 0.3586576581001282 -1 -1 -1 -1 -1 -1 -1 -1 -1
0.5869688987731934 0.5713361501693726 0.6487730741500854 -1 -1 -1 -1 -1 -1 -1 -1 -1
0.5679091811180115 0.5449467301368713 0.3265100121498108 -1 -1 -1 -1 -1 -1 -1 -1 -1
0.5849951505661011 0.5847910046577454 0.6242981553077698 -1 -1 -1 -1 -1 -1 -1 -1 -1
0.5669229626655579 0.5464432239532471 0.33974704146385193 -1 -1 -1 -1 -1 -1 -1 -1 -1
0.5865286588668823 0.5840515494346619 0.616396963596344 -1 -1 -1 -1 -1 -1 -1 -1 -1
0.5670692324638367 0.5444869995117188 0.36270228028297424 -1 -1 -1 -1 -1 -1 -1 -1 -1
0.587023138999939 0.5819530487060547 0.5990510582923889 -1 -1 -1 -1 -1 -1 -1 -1 -1
0.5839793682098389 0.3737332224845886 0.9998741149902344 -1 -1 -1 -1 -1 -1 -1 -1 -1
0.593073844909668 0.3603053092956543 0.9999839067459106 -1 -1 -1 -1 -1 -1 -1 -1 -1
0.5721083879470825 0.36629706621170044 0.4551343321800232 -1 -1 -1 -1 -1 -1 -1 -1 -1
0.5876607894897461 0.27292197942733765 0.9348942637443542 -1 -1 -1 -1 -1 -1 -1 -1 -1
0.5746819972991943 0.42896485328674316 0.3163076341152191 -1 -1 -1 -1 -1 -1 -1 -1 -1
0.5816373229026794 0.19284096360206604 0.9607559442520142 -1 -1 -1 -1 -1 -1 -1 -1 -1
0.5759477019309998 0.4395318627357483 0.6087033748626709 -1 -1 -1 -1 -1 -1 -1 -1 -1
0.5801585912704468 0.18654485046863556 0.9417980313301086 -1 -1 -1 -1 -1 -1 -1 -1 -1
0.5762245059013367 0.436037540435791 0.487917423248291 -1 -1 -1 -1 -1 -1 -1 -1 -1
0.5784035921096802 0.15408501029014587 0.9497935771942139 -1 -1 -1 -1 -1 -1 -1 -1 -1
1 
33 
-1 -1 -1 -1 -1 -1 -1 -1 -1 -1
0.5754741430282593 0.4735924005508423 0.9994925260543823 -1 -1 -1 -1 -1 -1 -1 -1 -1
0.5732675790786743 0.47649550437927246 0.999269425868988 -1 -1 -1 -1 -1 -1 -1 -1 -1
0.5722439885139465 0.4758588671684265 0.9989998936653137 -1 -1 -1 -1 -1 -1 -1 -1 -1
0.5712172389030457 0.4752052426338196 0.9992638230323792 -1 -1 -1 -1 -1 -1 -1 -1 -1
0.5763465762138367 0.47820043563842773 0.9992133378982544 -1 -1 -1 -1 -1 -1 -1 -1 -1
0.5774859189987183 0.4787180423736572 0.9991586208343506 -1 -1 -1 -1 -1 -1 -1 -1 -1
0.578621506690979 0.4792217016220093 0.9995063543319702 -1 -1 -1 -1 -1 -1 -1 -1 -1
0.5707826018333435 0.4704169034957886 0.9986559152603149 -1 -1 -1 -1 -1 -1 -1 -1 -1
0.5809758305549622 0.47577714920043945 0.9990656971931458 -1 -1 -1 -1 -1 -1 -1 -1 -1
0.5747288465499878 0.46621954441070557 0.9992284774780273 -1 -1 -1 -1 -1 -1 -1 -1 -1
0.5786278247833252 0.46817511320114136 0.9992716908454895 -1 -1 -1 -1 -1 -1 -1 -1 -1
0.5673636198043823 0.43859338760375977 0.9989380240440369 -1 -1 -1 -1 -1 -1 -1 -1 -1
0.5940325856208801 0.44440361857414246 0.9990590214729309 -1 -1 -1 -1 -1 -1 -1 -1 -1
0.5665480494499207 0.4061529338359833 0.8683874607086182 -1 -1 -1 -1 -1 -1 -1 -1 -1
0.5902767181396484 0.4106065332889557 0.6056910753250122 -1 -1 -1 -1 -1 -1 -1 -1 -1
0.5741305947303772 0.38332605361938477 0.5615418553352356 -1 -1 -1 -1 -1 -1 -1 -1 -1
0.5816119909286499 0.3908253014087677 0.552128791809082 -1 -1 -1 -1 -1 -1 -1 -1 -1
0.5746688842773438 0.37399303913116455 0.4628700613975525 -1 -1 -1 -1 -1 -1 -1 -1 -1
0.5793270468711853 0.38126152753829956 0.502585232257843 -1 -1 -1 -1 -1 -1 -1 -1 -1
0.5765522122383118 0.3752656877040863 0.4578183889389038 -1 -1 -1 -1 -1 -1 -1 -1 -1
0.5790562629699707 0.38387149572372437 0.4954513609409332 -1 -1 -1 -1 -1 -1 -1 -1 -1
0.5770108103752136 0.3779729902744293 0.4477083683013916 -1 -1 -1 -1 -1 -1 -1 -1 -1
0.5796250700950623 0.38660475611686707 0.45387566089630127 -1 -1 -1 -1 -1 -1 -1 -1 -1
0.5738930106163025 0.3617517352104187 0.9991905093193054 -1 -1 -1 -1 -1 -1 -1 -1 -1
0.5916250348091125 0.36403244733810425 0.998770534992218 -1 -1 -1 -1 -1 -1 -1 -1 -1
0.5810614228248596 0.2979135513305664 0.8509964942932129 -1 -1 -1 -1 -1 -1 -1 -1 -1
0.5979584455490112 0.3010232150554657 0.7626816630363464 -1 -1 -1 -1 -1 -1 -1 -1 -1
0.5863868594169617 0.24116507172584534 0.8163982033729553 -1 -1 -1 -1 -1 -1 -1 -1 -1
0.6005332469940186 0.24108217656612396 0.7621994018554688 -1 -1 -1 -1 -1 -1 -1 -1 -1
0.5880230665206909 0.2342614382505417 0.5653966665267944 -1 -1 -1 -1 -1 -1 -1 -1 -1
0.5992391109466553 0.23294416069984436 0.46768563985824585 -1 -1 -1 -1 -1 -1 -1 -1 -1
0.5848134756088257 0.2190275937318802 0.8347493410110474 -1 -1 -1 -1 -1 -1 -1 -1 -1
0.6027974486351013 0.21882018446922302 0.8011471033096313 -1 -1 -1 -1 -1 -1 -1 -1 -1
1 
33 
-1 -1 -1 -1 -1 -1 -1 -1 -1 -1
0.6170771718025208 0.5604545474052429 0.41145363450050354 -1 -1 -1 -1 -1 -1 -1 -1 -1
0.6187171339988708 0.5615302324295044 0.4353756010532379 -1 -1 -1 -1 -1 -1 -1 -1 -1
0.6189857125282288 0.5605981945991516 0.3514975905418396 -1 -1 -1 -1 -1 -1 -1 -1 -1
0.6192516088485718 0.5595692992210388 0.4560660421848297 -1 -1 -1 -1 -1 -1 -1 -1 -1
0.6185566186904907 0.5624202489852905 0.4451388716697693 -1 -1 -1 -1 -1 -1 -1 -1 -1
0.6188654899597168 0.5620899200439453 0.39516565203666687 -1 -1 -1 -1 -1 -1 -1 -1 -1
0.619162917137146 0.5617650151252747 0.51479572057724 -1 -1 -1 -1 -1 -1 -1 -1 -1
0.6217827796936035 0.5507253408432007 0.26128724217414856 -1 -1 -1 -1 -1 -1 -1 -1 -1
0.6220594048500061 0.553722620010376 0.305452436208725 -1 -1 -1 -1 -1 -1 -1 -1 -1
0.6179358959197998 0.5528191924095154 0.29380708932876587 -1 -1 -1 -1 -1 -1 -1 -1 -1
0.6176843643188477 0.5541514754295349 0.31730759143829346 -1 -1 -1 -1 -1 -1 -1 -1 -1
0.6149879097938538 0.5239668488502502 0.7301819920539856 -1 -1 -1 -1 -1 -1 -1 -1 -1
0.6302509307861328 0.5317212343215942 0.8550094366073608 -1 -1 -1 -1 -1 -1 -1 -1 -1
0.6156032085418701 0.5351318717002869 0.061677176505327225 -1 -1 -1 -1 -1 -1 -1 -1 -1
0.6409223675727844 0.5694330930709839 0.37041839957237244 -1 -1 -1 -1 -1 -1 -1 -1 -1
0.6172374486923218 0.5691332817077637 0.06614194810390472 -1 -1 -1 -1 -1 -1 -1 -1 -1
0.6384611129760742 0.6277387142181396 0.43479347229003906 -1 -1 -1 -1 -1 -1 -1 -1 -1
0.6201190948486328 0.57025545835495 0.07403583079576492 -1 -1 -1 -1 -1 -1 -1 -1 -1
0.6379316449165344 0.6377826929092407 0.41129523515701294 -1 -1 -1 -1 -1 -1 -1 -1 -1
0.6185934543609619 0.5772788524627686 0.07635414600372314 -1 -1 -1 -1 -1 -1 -1 -1 -1
0.6393424272537231 0.6386101841926575 0.4100993275642395 -1 -1 -1 -1 -1 -1 -1 -1 -1
0.6176989078521729 0.5778720378875732 0.08563873916864395 -1 -1 -1 -1 -1 -1 -1 -1 -1
0.6397764086723328 0.6357125043869019 0.3655291199684143 -1 -1 -1 -1 -1 -1 -1 -1 -1
0.6046249270439148 0.3817034661769867 0.9968615770339966 -1 -1 -1 -1 -1 -1 -1 -1 -1
0.6137495040893555 0.39253488183021545 0.9946807026863098 -1 -1 -1 -1 -1 -1 -1 -1 -1
0.5864027142524719 0.28052186965942383 0.8173384666442871 -1 -1 -1 -1 -1 -1 -1 -1 -1
0.5899033546447754 0.35237276554107666 0.6636798977851868 -1 -1 -1 -1 -1 -1 -1 -1 -1
0.5859218239784241 0.17913736402988434 0.8883580565452576 -1 -1 -1 -1 -1 -1 -1 -1 -1
0.5819048285484314 0.281340628862381 0.7967851758003235 -1 -1 -1 -1 -1 -1 -1 -1 -1
0.5918278098106384 0.16776049137115479 0.8921671509742737 -1 -1 -1 -1 -1 -1 -1 -1 -1
0.5813258290290833 0.2746296525001526 0.752568244934082 -1 -1 -1 -1 -1 -1 -1 -1 -1
0.5818172097206116 0.13473406434059143 0.8006139397621155 -1 -1 -1 -1 -1 -1 -1 -1 -1
0.5828238725662231 0.24655207991600037 0.7491542100906372 -1 -1 -1 -1 -1 -1 -1 -1 -1
1 
33 
-1 -1 -1 -1 -1 -1 -1 -1 -1 -1
0.6418659090995789 0.6174606084823608 0.07709850370883942 -1 -1 -1 -1 -1 -1 -1 -1 -1
0.6473608016967773 0.6158120036125183 0.06213076785206795 -1 -1 -1 -1 -1 -1 -1 -1 -1
0.6478011012077332 0.6140936613082886 0.05269315466284752 -1 -1 -1 -1 -1 -1 -1 -1 -1
0.6482033133506775 0.612257182598114 0.067228302359581 -1 -1 -1 -1 -1 -1 -1 -1 -1
0.6461020112037659 0.6171860694885254 0.08220318704843521 -1 -1 -1 -1 -1 -1 -1 -1 -1
0.6459842324256897 0.6162568926811218 0.0781964585185051 -1 -1 -1 -1 -1 -1 -1 -1 -1
0.6458777189254761 0.6153196096420288 0.10275038331747055 -1 -1 -1 -1 -1 -1 -1 -1 -1
0.6488116383552551 0.5967503786087036 0.0573870986700058 -1 -1 -1 -1 -1 -1 -1 -1 -1
0.645222544670105 0.600791871547699 0.07250680774450302 -1 -1 -1 -1 -1 -1 -1 -1 -1
0.6480717062950134 0.6246668100357056 0.07543785870075226 -1 -1 -1 -1 -1 -1 -1 -1 -1
0.6483975648880005 0.6245083808898926 0.0684923455119133 -1 -1 -1 -1 -1 -1 -1 -1 -1
0.6281816363334656 0.5606300830841064 0.3239586651325226 -1 -1 -1 -1 -1 -1 -1 -1 -1
0.6387312412261963 0.5728600025177002 0.7387792468070984 -1 -1 -1 -1 -1 -1 -1 -1 -1
0.6287651062011719 0.5750423669815063 0.00825883261859417 -1 -1 -1 -1 -1 -1 -1 -1 -1
0.6554865837097168 0.6267321705818176 0.6299718618392944 -1 -1 -1 -1 -1 -1 -1 -1 -1
0.6412211060523987 0.6001628637313843 0.014337475411593914 -1 -1 -1 -1 -1 -1 -1 -1 -1
0.6736444234848022 0.6931464672088623 0.7295966744422913 -1 -1 -1 -1 -1 -1 -1 -1 -1
0.6467648148536682 0.5953460931777954 0.0234905444085598 -1 -1 -1 -1 -1 -1 -1 -1 -1
0.6781333088874817 0.7035833597183228 0.735480546951294 -1 -1 -1 -1 -1 -1 -1 -1 -1
0.6469002962112427 0.6019322276115417 0.024730054661631584 -1 -1 -1 -1 -1 -1 -1 -1 -1
0.6803627610206604 0.7023767232894897 0.7244905233383179 -1 -1 -1 -1 -1 -1 -1 -1 -1
0.6449739336967468 0.6051746606826782 0.029845217242836952 -1 -1 -1 -1 -1 -1 -1 -1 -1
0.6784712672233582 0.6989015340805054 0.6550670862197876 -1 -1 -1 -1 -1 -1 -1 -1 -1
0.6068635582923889 0.3963654935359955 0.9747933745384216 -1 -1 -1 -1 -1 -1 -1 -1 -1
0.6133071780204773 0.39805400371551514 0.982337474822998 -1 -1 -1 -1 -1 -1 -1 -1 -1
0.5895382165908813 0.2778949439525604 0.4690295159816742 -1 -1 -1 -1 -1 -1 -1 -1 -1
0.5889487862586975 0.29224473237991333 0.8925854563713074 -1 -1 -1 -1 -1 -1 -1 -1 -1
0.5814215540885925 0.17704260349273682 0.6882187724113464 -1 -1 -1 -1 -1 -1 -1 -1 -1
0.5816794633865356 0.19181668758392334 0.9218214154243469 -1 -1 -1 -1 -1 -1 -1 -1 -1
0.5818536281585693 0.16211509704589844 0.6772257089614868 -1 -1 -1 -1 -1 -1 -1 -1 -1
0.5815484523773193 0.17877060174942017 0.8725339770317078 -1 -1 -1 -1 -1 -1 -1 -1 -1
0.5769137144088745 0.13370829820632935 0.6603942513465881 -1 -1 -1 -1 -1 -1 -1 -1 -1
0.5772659182548523 0.13959279656410217 0.8813194036483765 -1 -1 -1 -1 -1 -1 -1 -1 -1
1 
33 
-1 -1 -1 -1 -1 -1 -1 -1 -1 -1
0.5696942210197449 0.22859343886375427 0.9956910014152527 -1 -1 -1 -1 -1 -1 -1 -1 -1
0.5715310573577881 0.22051484882831573 0.9974179267883301 -1 -1 -1 -1 -1 -1 -1 -1 -1
0.5726881623268127 0.22007501125335693 0.9970827698707581 -1 -1 -1 -1 -1 -1 -1 -1 -1
0.5734059810638428 0.21995605528354645 0.9974818825721741 -1 -1 -1 -1 -1 -1 -1 -1 -1
0.5716199278831482 0.2207847237586975 0.9965313076972961 -1 -1 -1 -1 -1 -1 -1 -1 -1
0.5722330808639526 0.22076119482517242 0.9949036836624146 -1 -1 -1 -1 -1 -1 -1 -1 -1
0.5733951330184937 0.22053873538970947 0.9954000115394592 -1 -1 -1 -1 -1 -1 -1 -1 -1
0.5799646377563477 0.22430086135864258 0.9976866245269775 -1 -1 -1 -1 -1 -1 -1 -1 -1
0.5789341926574707 0.22475728392601013 0.9935383200645447 -1 -1 -1 -1 -1 -1 -1 -1 -1
0.573259174823761 0.235004261136055 0.9940555095672607 -1 -1 -1 -1 -1 -1 -1 -1 -1
0.5731645822525024 0.23576778173446655 0.9918322563171387 -1 -1 -1 -1 -1 -1 -1 -1 -1
0.5890187621116638 0.25038740038871765 0.9984241724014282 -1 -1 -1 -1 -1 -1 -1 -1 -1
0.5881446003913879 0.25378304719924927 0.9892809987068176 -1 -1 -1 -1 -1 -1 -1 -1 -1
0.5841755867004395 0.19198662042617798 0.9933921694755554 -1 -1 -1 -1 -1 -1 -1 -1 -1
0.5829939246177673 0.19061657786369324 0.1776258796453476 -1 -1 -1 -1 -1 -1 -1 -1 -1
0.5830531120300293 0.13180303573608398 0.9713295698165894 -1 -1 -1 -1 -1 -1 -1 -1 -1
0.5801345109939575 0.13533523678779602 0.43578922748565674 -1 -1 -1 -1 -1 -1 -1 -1 -1
0.5810057520866394 0.12097737193107605 0.9493504762649536 -1 -1 -1 -1 -1 -1 -1 -1 -1
0.5788564085960388 0.12422481179237366 0.5042872428894043 -1 -1 -1 -1 -1 -1 -1 -1 -1
0.5801854133605957 0.11896377801895142 0.9409418702125549 -1 -1 -1 -1 -1 -1 -1 -1 -1
0.5775725841522217 0.12182722985744476 0.4929491877555847 -1 -1 -1 -1 -1 -1 -1 -1 -1
0.5809482336044312 0.12419074773788452 0.9179203510284424 -1 -1 -1 -1 -1 -1 -1 -1 -1
0.5780795216560364 0.1274963617324829 0.5040700435638428 -1 -1 -1 -1 -1 -1 -1 -1 -1
0.5802945494651794 0.3879663348197937 0.999174177646637 -1 -1 -1 -1 -1 -1 -1 -1 -1
0.5824813842773438 0.3842746615409851 0.9972934126853943 -1 -1 -1 -1 -1 -1 -1 -1 -1
0.5734212398529053 0.4784761667251587 0.944269061088562 -1 -1 -1 -1 -1 -1 -1 -1 -1
0.5756057500839233 0.4745548367500305 0.4497227370738983 -1 -1 -1 -1 -1 -1 -1 -1 -1
0.5702033042907715 0.5498747825622559 0.9305253624916077 -1 -1 -1 -1 -1 -1 -1 -1 -1
0.5718235969543457 0.545009434223175 0.49118420481681824 -1 -1 -1 -1 -1 -1 -1 -1 -1
0.5735670328140259 0.5720351934432983 0.9571666121482849 -1 -1 -1 -1 -1 -1 -1 -1 -1
0.5735354423522949 0.5515749454498291 0.6415581703186035 -1 -1 -1 -1 -1 -1 -1 -1 -1
0.5638490319252014 0.5704736113548279 0.9193989634513855 -1 -1 -1 -1 -1 -1 -1 -1 -1
0.5653426051139832 0.5652047991752625 0.6027970314025879 -1 -1 -1 -1 -1 -1 -1 -1 -1
1 
33 
-1 -1 -1 -1 -1 -1 -1 -1 -1 -1
0.6163669228553772 0.5073512196540833 0.6159075498580933 -1 -1 -1 -1 -1 -1 -1 -1 -1
0.6166503429412842 0.5102168321609497 0.6801349520683289 -1 -1 -1 -1 -1 -1 -1 -1 -1
0.6171746253967285 0.5104589462280273 0.6330428719520569 -1 -1 -1 -1 -1 -1 -1 -1 -1
0.6176649332046509 0.5105810761451721 0.6440852284431458 -1 -1 -1 -1 -1 -1 -1 -1 -1
0.6143238544464111 0.5083385109901428 0.6574524641036987 -1 -1 -1 -1 -1 -1 -1 -1 -1
0.6135783791542053 0.5071597695350647 0.6282833218574524 -1 -1 -1 -1 -1 -1 -1 -1 -1
0.6128329038619995 0.5060182213783264 0.6883713006973267 -1 -1 -1 -1 -1 -1 -1 -1 -1
0.619049072265625 0.5032132267951965 0.5582455396652222 -1 -1 -1 -1 -1 -1 -1 -1 -1
0.6116054058074951 0.49685320258140564 0.6805467009544373 -1 -1 -1 -1 -1 -1 -1 -1 -1
0.6173855066299438 0.5025569200515747 0.683087170124054 -1 -1 -1 -1 -1 -1 -1 -1 -1
0.6152058243751526 0.5007834434509277 0.6941999793052673 -1 -1 -1 -1 -1 -1 -1 -1 -1
0.6195909380912781 0.4866143465042114 0.9623363614082336 -1 -1 -1 -1 -1 -1 -1 -1 -1
0.6100003719329834 0.48086607456207275 0.9686822295188904 -1 -1 -1 -1 -1 -1 -1 -1 -1
0.6050875186920166 0.4828934967517853 0.28161633014678955 -1 -1 -1 -1 -1 -1 -1 -1 -1
0.6096943020820618 0.5370420813560486 0.20865191519260406 -1 -1 -1 -1 -1 -1 -1 -1 -1
0.5949678421020508 0.49645093083381653 0.30423587560653687 -1 -1 -1 -1 -1 -1 -1 -1 -1
0.5889528393745422 0.6186995506286621 0.2935869097709656 -1 -1 -1 -1 -1 -1 -1 -1 -1
0.5882303714752197 0.5187703371047974 0.3173358738422394 -1 -1 -1 -1 -1 -1 -1 -1 -1
0.5821162462234497 0.6335959434509277 0.2910798192024231 -1 -1 -1 -1 -1 -1 -1 -1 -1
0.580946683883667 0.5341808795928955 0.3191758096218109 -1 -1 -1 -1 -1 -1 -1 -1 -1
0.5841293931007385 0.6393917202949524 0.273277223110199 -1 -1 -1 -1 -1 -1 -1 -1 -1
0.5903120040893555 0.5057870149612427 0.2885320484638214 -1 -1 -1 -1 -1 -1 -1 -1 -1
0.5881931781768799 0.636091947555542 0.2672308087348938 -1 -1 -1 -1 -1 -1 -1 -1 -1
0.6148748993873596 0.36129793524742126 0.9990342855453491 -1 -1 -1 -1 -1 -1 -1 -1 -1
0.6068889498710632 0.3699885308742523 0.9994044303894043 -1 -1 -1 -1 -1 -1 -1 -1 -1
0.5961794853210449 0.2896527647972107 0.8171786665916443 -1 -1 -1 -1 -1 -1 -1 -1 -1
0.5844305753707886 0.35683146119117737 0.5767768025398254 -1 -1 -1 -1 -1 -1 -1 -1 -1
0.5799002647399902 0.21586813032627106 0.9564802050590515 -1 -1 -1 -1 -1 -1 -1 -1 -1
0.5790592432022095 0.2998487949371338 0.8248047828674316 -1 -1 -1 -1 -1 -1 -1 -1 -1
0.5763792991638184 0.2134077101945877 0.9662344455718994 -1 -1 -1 -1 -1 -1 -1 -1 -1
0.5756748914718628 0.29917460680007935 0.8055865168571472 -1 -1 -1 -1 -1 -1 -1 -1 -1
0.5749730467796326 0.15659019351005554 0.9378271698951721 -1 -1 -1 -1 -1 -1 -1 -1 -1
0.5811029672622681 0.2532616853713989 0.7975987195968628 -1 -1 -1 -1 -1 -1 -1 -1 -1
1 
33 
-1 -1 -1 -1 -1 -1 -1 -1 -1 -1
0.6169770956039429 0.5162665247917175 0.6740893125534058 -1 -1 -1 -1 -1 -1 -1 -1 -1
0.6163903474807739 0.52216637134552 0.7970437407493591 -1 -1 -1 -1 -1 -1 -1 -1 -1
0.6168347001075745 0.5223508477210999 0.7425149083137512 -1 -1 -1 -1 -1 -1 -1 -1 -1
0.6172751784324646 0.522418737411499 0.7707691192626953 -1 -1 -1 -1 -1 -1 -1 -1 -1
0.6137344241142273 0.5207306146621704 0.7341687679290771 -1 -1 -1 -1 -1 -1 -1 -1 -1
0.6125969290733337 0.5199625492095947 0.6933605074882507 -1 -1 -1 -1 -1 -1 -1 -1 -1
0.6114398241043091 0.519185483455658 0.7456628680229187 -1 -1 -1 -1 -1 -1 -1 -1 -1
0.6166194677352905 0.5141642093658447 0.6514924168586731 -1 -1 -1 -1 -1 -1 -1 -1 -1
0.6072630286216736 0.5097380876541138 0.7508641481399536 -1 -1 -1 -1 -1 -1 -1 -1 -1
0.617518424987793 0.509016752243042 0.7847254276275635 -1 -1 -1 -1 -1 -1 -1 -1 -1
0.6151424646377563 0.5077613592147827 0.8067626953125 -1 -1 -1 -1 -1 -1 -1 -1 -1
0.6174322366714478 0.48836252093315125 0.9889851808547974 -1 -1 -1 -1 -1 -1 -1 -1 -1
0.5994839668273926 0.48650047183036804 0.9815764427185059 -1 -1 -1 -1 -1 -1 -1 -1 -1
0.6037468314170837 0.5048152208328247 0.20011207461357117 -1 -1 -1 -1 -1 -1 -1 -1 -1
0.5915441513061523 0.5606570243835449 0.08688625693321228 -1 -1 -1 -1 -1 -1 -1 -1 -1
0.5839895009994507 0.5248256325721741 0.20223242044448853 -1 -1 -1 -1 -1 -1 -1 -1 -1
0.5769817233085632 0.6388872861862183 0.11474976688623428 -1 -1 -1 -1 -1 -1 -1 -1 -1
0.5820860862731934 0.5242180228233337 0.20335660874843597 -1 -1 -1 -1 -1 -1 -1 -1 -1
0.5728684663772583 0.6537812948226929 0.11586129665374756 -1 -1 -1 -1 -1 -1 -1 -1 -1
0.5785203576087952 0.5308694839477539 0.21158796548843384 -1 -1 -1 -1 -1 -1 -1 -1 -1
0.5748890042304993 0.652367353439331 0.11634526401758194 -1 -1 -1 -1 -1 -1 -1 -1 -1
0.5779145359992981 0.5307674407958984 0.18635724484920502 -1 -1 -1 -1 -1 -1 -1 -1 -1
0.5777015686035156 0.6491665840148926 0.12337136268615723 -1 -1 -1 -1 -1 -1 -1 -1 -1
0.6058367490768433 0.351753294467926 0.9998867511749268 -1 -1 -1 -1 -1 -1 -1 -1 -1
0.5944867730140686 0.36401402950286865 0.9998098015785217 -1 -1 -1 -1 -1 -1 -1 -1 -1
0.5852326154708862 0.2674851417541504 0.8037300109863281 -1 -1 -1 -1 -1 -1 -1 -1 -1
0.5634485483169556 0.40123656392097473 0.30839765071868896 -1 -1 -1 -1 -1 -1 -1 -1 -1
0.5760910511016846 0.187236949801445 0.8927995562553406 -1 -1 -1 -1 -1 -1 -1 -1 -1
0.572576642036438 0.38388592004776 0.2671075463294983 -1 -1 -1 -1 -1 -1 -1 -1 -1
0.5748066902160645 0.19024012982845306 0.887485682964325 -1 -1 -1 -1 -1 -1 -1 -1 -1
0.5733053088188171 0.3807366192340851 0.35740232467651367 -1 -1 -1 -1 -1 -1 -1 -1 -1
0.5694331526756287 0.15607626736164093 0.821751594543457 -1 -1 -1 -1 -1 -1 -1 -1 -1
0.5753300189971924 0.3701859414577484 0.2798815965652466 -1 -1 -1 -1 -1 -1 -1 -1 -1
1 
33 
-1 -1 -1 -1 -1 -1 -1 -1 -1 -1
0.5754848718643188 0.5347928404808044 0.8587357997894287 -1 -1 -1 -1 -1 -1 -1 -1 -1
0.57352614402771 0.5373283624649048 0.8634737730026245 -1 -1 -1 -1 -1 -1 -1 -1 -1
0.5736741423606873 0.5372483730316162 0.8484170436859131 -1 -1 -1 -1 -1 -1 -1 -1 -1
0.5738239288330078 0.5370659828186035 0.8595600128173828 -1 -1 -1 -1 -1 -1 -1 -1 -1
0.5722594261169434 0.5356840491294861 0.8603599071502686 -1 -1 -1 -1 -1 -1 -1 -1 -1
0.571903645992279 0.5344277620315552 0.8456839323043823 -1 -1 -1 -1 -1 -1 -1 -1 -1
0.5715298056602478 0.533184826374054 0.8668915033340454 -1 -1 -1 -1 -1 -1 -1 -1 -1
0.5746169686317444 0.5297350883483887 0.753871738910675 -1 -1 -1 -1 -1 -1 -1 -1 -1
0.5711275935173035 0.5244407057762146 0.8171625733375549 -1 -1 -1 -1 -1 -1 -1 -1 -1
0.5769548416137695 0.5301775336265564 0.8150202631950378 -1 -1 -1 -1 -1 -1 -1 -1 -1
0.5760493278503418 0.5288317203521729 0.7883721590042114 -1 -1 -1 -1 -1 -1 -1 -1 -1
0.5813879370689392 0.517501175403595 0.972337007522583 -1 -1 -1 -1 -1 -1 -1 -1 -1
0.5756653547286987 0.5121208429336548 0.9815136194229126 -1 -1 -1 -1 -1 -1 -1 -1 -1
0.5762196779251099 0.5428274869918823 0.41370391845703125 -1 -1 -1 -1 -1 -1 -1 -1 -1
0.5672482848167419 0.5647021532058716 0.4449619650840759 -1 -1 -1 -1 -1 -1 -1 -1 -1
0.5559106469154358 0.5816477537155151 0.7160434126853943 -1 -1 -1 -1 -1 -1 -1 -1 -1
0.5451236367225647 0.6258007287979126 0.5734155178070068 -1 -1 -1 -1 -1 -1 -1 -1 -1
0.5536105632781982 0.5874390602111816 0.742607831954956 -1 -1 -1 -1 -1 -1 -1 -1 -1
0.5381603240966797 0.6364172697067261 0.5979264378547668 -1 -1 -1 -1 -1 -1 -1 -1 -1
0.5477025508880615 0.5956085920333862 0.7421754002571106 -1 -1 -1 -1 -1 -1 -1 -1 -1
0.5382883548736572 0.6414756774902344 0.5767378807067871 -1 -1 -1 -1 -1 -1 -1 -1 -1
0.5475341081619263 0.5931406021118164 0.6974022388458252 -1 -1 -1 -1 -1 -1 -1 -1 -1
0.5421876907348633 0.6386624574661255 0.5408375859260559 -1 -1 -1 -1 -1 -1 -1 -1 -1
0.5832972526550293 0.39023610949516296 0.998570442199707 -1 -1 -1 -1 -1 -1 -1 -1 -1
0.5791515707969666 0.3953010141849518 0.9992234706878662 -1 -1 -1 -1 -1 -1 -1 -1 -1
0.5835029482841492 0.28230124711990356 0.6591106653213501 -1 -1 -1 -1 -1 -1 -1 -1 -1
0.5823683142662048 0.3101291060447693 0.8220891952514648 -1 -1 -1 -1 -1 -1 -1 -1 -1
0.5752031803131104 0.2048792541027069 0.8730019927024841 -1 -1 -1 -1 -1 -1 -1 -1 -1
0.5767900347709656 0.20938774943351746 0.8622148633003235 -1 -1 -1 -1 -1 -1 -1 -1 -1
0.5756770372390747 0.1960916668176651 0.9390460252761841 -1 -1 -1 -1 -1 -1 -1 -1 -1
0.5792723894119263 0.20208507776260376 0.8523368239402771 -1 -1 -1 -1 -1 -1 -1 -1 -1
0.5623553395271301 0.15703359246253967 0.8826037049293518 -1 -1 -1 -1 -1 -1 -1 -1 -1
0.5668694972991943 0.15311293303966522 0.8158682584762573 -1 -1 -1 -1 -1 -1 -1 -1 -1
1 
33 
-1 -1 -1 -1 -1 -1 -1 -1 -1 -1
0.5749801397323608 0.46067798137664795 0.7267341613769531 -1 -1 -1 -1 -1 -1 -1 -1 -1
0.5747755169868469 0.45305323600769043 0.7846211791038513 -1 -1 -1 -1 -1 -1 -1 -1 -1
0.5750162601470947 0.45256307721138 0.7872530817985535 -1 -1 -1 -1 -1 -1 -1 -1 -1
0.5753347277641296 0.4522726535797119 0.8233093023300171 -1 -1 -1 -1 -1 -1 -1 -1 -1
0.5709336400032043 0.4522710144519806 0.7173571586608887 -1 -1 -1 -1 -1 -1 -1 -1 -1
0.5706334114074707 0.45219141244888306 0.6766331791877747 -1 -1 -1 -1 -1 -1 -1 -1 -1
0.5704271197319031 0.45230409502983093 0.7229086756706238 -1 -1 -1 -1 -1 -1 -1 -1 -1
0.5793794989585876 0.4429687261581421 0.7443453073501587 -1 -1 -1 -1 -1 -1 -1 -1 -1
0.5712132453918457 0.4442027807235718 0.7128426432609558 -1 -1 -1 -1 -1 -1 -1 -1 -1
0.5755191445350647 0.4563329219818115 0.7750494480133057 -1 -1 -1 -1 -1 -1 -1 -1 -1
0.5729127526283264 0.46088939905166626 0.7454121708869934 -1 -1 -1 -1 -1 -1 -1 -1 -1
0.5937292575836182 0.45353415608406067 0.9440257549285889 -1 -1 -1 -1 -1 -1 -1 -1 -1
0.570451557636261 0.4357496201992035 0.8852137923240662 -1 -1 -1 -1 -1 -1 -1 -1 -1
0.5833366513252258 0.5281444787979126 0.749533474445343 -1 -1 -1 -1 -1 -1 -1 -1 -1
0.5694518089294434 0.5306403040885925 0.473863422870636 -1 -1 -1 -1 -1 -1 -1 -1 -1
0.5665484666824341 0.6047489047050476 0.7896694540977478 -1 -1 -1 -1 -1 -1 -1 -1 -1
0.5668686032295227 0.6337764263153076 0.6764100193977356 -1 -1 -1 -1 -1 -1 -1 -1 -1
0.5669342875480652 0.6198862791061401 0.7540262341499329 -1 -1 -1 -1 -1 -1 -1 -1 -1
0.5643635392189026 0.6511305570602417 0.7138296961784363 -1 -1 -1 -1 -1 -1 -1 -1 -1
0.5617905259132385 0.618218719959259 0.7544618844985962 -1 -1 -1 -1 -1 -1 -1 -1 -1
0.5674980878829956 0.6515398025512695 0.6998683214187622 -1 -1 -1 -1 -1 -1 -1 -1 -1
0.560451090335846 0.6140457987785339 0.7309771776199341 -1 -1 -1 -1 -1 -1 -1 -1 -1
0.5693009495735168 0.6493484973907471 0.6658420562744141 -1 -1 -1 -1 -1 -1 -1 -1 -1
0.5930846929550171 0.3542881906032562 0.9984317421913147 -1 -1 -1 -1 -1 -1 -1 -1 -1
0.5805627107620239 0.35297176241874695 0.9987881779670715 -1 -1 -1 -1 -1 -1 -1 -1 -1
0.5856398344039917 0.25982922315597534 0.35511836409568787 -1 -1 -1 -1 -1 -1 -1 -1 -1
0.5723305940628052 0.2674027383327484 0.5081906318664551 -1 -1 -1 -1 -1 -1 -1 -1 -1
0.5697290897369385 0.18126700818538666 0.60933518409729 -1 -1 -1 -1 -1 -1 -1 -1 -1
0.5656356811523438 0.1786203384399414 0.6826308965682983 -1 -1 -1 -1 -1 -1 -1 -1 -1
0.5663475394248962 0.17440778017044067 0.7338515520095825 -1 -1 -1 -1 -1 -1 -1 -1 -1
0.5644032955169678 0.1723005771636963 0.6989889144897461 -1 -1 -1 -1 -1 -1 -1 -1 -1
0.5593476295471191 0.14558406174182892 0.5997213125228882 -1 -1 -1 -1 -1 -1 -1 -1 -1
0.5615807175636292 0.13476309180259705 0.6348024606704712 -1 -1 -1 -1 -1 -1 -1 -1 -1
1 
33 
-1 -1 -1 -1 -1 -1 -1 -1 -1 -1
0.5627012848854065 0.46429872512817383 0.945963978767395 -1 -1 -1 -1 -1 -1 -1 -1 -1
0.5645622611045837 0.4667205214500427 0.9544605612754822 -1 -1 -1 -1 -1 -1 -1 -1 -1
0.5649175047874451 0.46622636914253235 0.9612955451011658 -1 -1 -1 -1 -1 -1 -1 -1 -1
0.5652523040771484 0.46553611755371094 0.9629004597663879 -1 -1 -1 -1 -1 -1 -1 -1 -1
0.5644774436950684 0.46636784076690674 0.9456169605255127 -1 -1 -1 -1 -1 -1 -1 -1 -1
0.564892053604126 0.4658762514591217 0.9441919326782227 -1 -1 -1 -1 -1 -1 -1 -1 -1
0.5653781294822693 0.46518945693969727 0.9395169019699097 -1 -1 -1 -1 -1 -1 -1 -1 -1
0.5699503421783447 0.4604419469833374 0.951910138130188 -1 -1 -1 -1 -1 -1 -1 -1 -1
0.5698140859603882 0.45584434270858765 0.9110198616981506 -1 -1 -1 -1 -1 -1 -1 -1 -1
0.5683183670043945 0.4567849040031433 0.9359859824180603 -1 -1 -1 -1 -1 -1 -1 -1 -1
0.5685011148452759 0.45668041706085205 0.9086479544639587 -1 -1 -1 -1 -1 -1 -1 -1 -1
0.5818097591400146 0.45194652676582336 0.9820260405540466 -1 -1 -1 -1 -1 -1 -1 -1 -1
0.5755153894424438 0.4322448968887329 0.9703723788261414 -1 -1 -1 -1 -1 -1 -1 -1 -1
0.5737407207489014 0.5324885845184326 0.6083353757858276 -1 -1 -1 -1 -1 -1 -1 -1 -1
0.5685120820999146 0.5265945792198181 0.7597753405570984 -1 -1 -1 -1 -1 -1 -1 -1 -1
0.5671276450157166 0.6026626825332642 0.6306471228599548 -1 -1 -1 -1 -1 -1 -1 -1 -1
0.566929280757904 0.6055843830108643 0.8015699982643127 -1 -1 -1 -1 -1 -1 -1 -1 -1
0.5662477612495422 0.6183334589004517 0.6077607274055481 -1 -1 -1 -1 -1 -1 -1 -1 -1
0.5634080767631531 0.6252269744873047 0.7996811270713806 -1 -1 -1 -1 -1 -1 -1 -1 -1
0.5661724805831909 0.6185352206230164 0.6032492518424988 -1 -1 -1 -1 -1 -1 -1 -1 -1
0.5654914379119873 0.6290798187255859 0.7850618958473206 -1 -1 -1 -1 -1 -1 -1 -1 -1
0.5653803944587708 0.615664005279541 0.6007335782051086 -1 -1 -1 -1 -1 -1 -1 -1 -1
0.5692011713981628 0.621806800365448 0.7462536096572876 -1 -1 -1 -1 -1 -1 -1 -1 -1
0.5890308618545532 0.3415752649307251 0.9948680400848389 -1 -1 -1 -1 -1 -1 -1 -1 -1
0.5880647301673889 0.3347843587398529 0.996648371219635 -1 -1 -1 -1 -1 -1 -1 -1 -1
0.5720901489257812 0.27509528398513794 0.4704633951187134 -1 -1 -1 -1 -1 -1 -1 -1 -1
0.57514488697052 0.2747361361980438 0.8826804757118225 -1 -1 -1 -1 -1 -1 -1 -1 -1
0.5642108917236328 0.21164147555828094 0.6106150150299072 -1 -1 -1 -1 -1 -1 -1 -1 -1
0.5664834380149841 0.19768689572811127 0.9053406715393066 -1 -1 -1 -1 -1 -1 -1 -1 -1
0.5630670785903931 0.20333270728588104 0.6869086027145386 -1 -1 -1 -1 -1 -1 -1 -1 -1
0.5653151869773865 0.1934405267238617 0.8879938721656799 -1 -1 -1 -1 -1 -1 -1 -1 -1
0.5575852394104004 0.19126209616661072 0.7102034687995911 -1 -1 -1 -1 -1 -1 -1 -1 -1
0.5590898394584656 0.16662293672561646 0.8758696913719177 -1 -1 -1 -1 -1 -1 -1 -1 -1
1 
33 
-1 -1 -1 -1 -1 -1 -1 -1 -1 -1
0.6251567006111145 0.66609787940979 0.9917075037956238 -1 -1 -1 -1 -1 -1 -1 -1 -1
0.6250272393226624 0.6735724210739136 0.99315345287323 -1 -1 -1 -1 -1 -1 -1 -1 -1
0.6256349086761475 0.6740924715995789 0.9928914308547974 -1 -1 -1 -1 -1 -1 -1 -1 -1
0.6262608766555786 0.674566388130188 0.9931371212005615 -1 -1 -1 -1 -1 -1 -1 -1 -1
0.624120831489563 0.6732323169708252 0.9896411299705505 -1 -1 -1 -1 -1 -1 -1 -1 -1
0.6241610646247864 0.6736359000205994 0.9859522581100464 -1 -1 -1 -1 -1 -1 -1 -1 -1
0.6241461038589478 0.6740130186080933 0.9854791164398193 -1 -1 -1 -1 -1 -1 -1 -1 -1
0.6307598948478699 0.6769455075263977 0.9957666397094727 -1 -1 -1 -1 -1 -1 -1 -1 -1
0.6276407837867737 0.6755353212356567 0.9883600473403931 -1 -1 -1 -1 -1 -1 -1 -1 -1
0.6284717321395874 0.6624047756195068 0.99587482213974 -1 -1 -1 -1 -1 -1 -1 -1 -1
0.6278181672096252 0.6624043583869934 0.9955856800079346 -1 -1 -1 -1 -1 -1 -1 -1 -1
0.6512066721916199 0.648560106754303 0.9999170303344727 -1 -1 -1 -1 -1 -1 -1 -1 -1
0.6318667531013489 0.6512170433998108 0.999868631362915 -1 -1 -1 -1 -1 -1 -1 -1 -1
0.6630806922912598 0.5753834843635559 0.5334619879722595 -1 -1 -1 -1 -1 -1 -1 -1 -1
0.630668044090271 0.5971317887306213 0.7218447923660278 -1 -1 -1 -1 -1 -1 -1 -1 -1
0.6534754633903503 0.5407227277755737 0.4595586955547333 -1 -1 -1 -1 -1 -1 -1 -1 -1
0.6213808059692383 0.5761432647705078 0.6700226068496704 -1 -1 -1 -1 -1 -1 -1 -1 -1
0.6527631282806396 0.5296401977539062 0.3976665735244751 -1 -1 -1 -1 -1 -1 -1 -1 -1
0.618751585483551 0.5678492784500122 0.6581130623817444 -1 -1 -1 -1 -1 -1 -1 -1 -1
0.6494231820106506 0.5354692935943604 0.406587690114975 -1 -1 -1 -1 -1 -1 -1 -1 -1
0.6177844405174255 0.5740851759910583 0.6641066074371338 -1 -1 -1 -1 -1 -1 -1 -1 -1
0.6495674848556519 0.5391787886619568 0.406248539686203 -1 -1 -1 -1 -1 -1 -1 -1 -1
0.6189335584640503 0.5762754678726196 0.6205717921257019 -1 -1 -1 -1 -1 -1 -1 -1 -1
0.6513300538063049 0.5170949697494507 0.9996904134750366 -1 -1 -1 -1 -1 -1 -1 -1 -1
0.6475276350975037 0.5173144936561584 0.9997809529304504 -1 -1 -1 -1 -1 -1 -1 -1 -1
0.6309288144111633 0.4566628336906433 0.5822228193283081 -1 -1 -1 -1 -1 -1 -1 -1 -1
0.6115795373916626 0.4186628460884094 0.30841049551963806 -1 -1 -1 -1 -1 -1 -1 -1 -1
0.6375076174736023 0.3696396052837372 0.48141345381736755 -1 -1 -1 -1 -1 -1 -1 -1 -1
0.6065353155136108 0.3394373953342438 0.4860340654850006 -1 -1 -1 -1 -1 -1 -1 -1 -1
0.6384267807006836 0.3670671880245209 0.6547867655754089 -1 -1 -1 -1 -1 -1 -1 -1 -1
0.6070287227630615 0.33527666330337524 0.6445921063423157 -1 -1 -1 -1 -1 -1 -1 -1 -1
0.6367517113685608 0.3129883408546448 0.395540326833725 -1 -1 -1 -1 -1 -1 -1 -1 -1
0.6027008295059204 0.2879674434661865 0.44753775000572205 -1 -1 -1 -1 -1 -1 -1 -1 -1
1 
33 
-1 -1 -1 -1 -1 -1 -1 -1 -1 -1
0.6510941982269287 0.670642077922821 0.7584257125854492 -1 -1 -1 -1 -1 -1 -1 -1 -1
0.6512289047241211 0.6748514175415039 0.8496677279472351 -1 -1 -1 -1 -1 -1 -1 -1 -1
0.6533365249633789 0.6750624775886536 0.8563398122787476 -1 -1 -1 -1 -1 -1 -1 -1 -1
0.6540967226028442 0.6758477091789246 0.8402370810508728 -1 -1 -1 -1 -1 -1 -1 -1 -1
0.6480597257614136 0.6708059906959534 0.8031914830207825 -1 -1 -1 -1 -1 -1 -1 -1 -1
0.6474414467811584 0.6697921752929688 0.806480348110199 -1 -1 -1 -1 -1 -1 -1 -1 -1
0.6468919515609741 0.6690556406974792 0.8027868270874023 -1 -1 -1 -1 -1 -1 -1 -1 -1
0.6616661548614502 0.6710383296012878 0.9094251990318298 -1 -1 -1 -1 -1 -1 -1 -1 -1
0.6473888754844666 0.6680439114570618 0.8589369654655457 -1 -1 -1 -1 -1 -1 -1 -1 -1
0.6544710397720337 0.664265513420105 0.8285357356071472 -1 -1 -1 -1 -1 -1 -1 -1 -1
0.6507732272148132 0.6626527309417725 0.7576013803482056 -1 -1 -1 -1 -1 -1 -1 -1 -1
0.6812236309051514 0.6405075192451477 0.9985194802284241 -1 -1 -1 -1 -1 -1 -1 -1 -1
0.6407232880592346 0.6357002258300781 0.9955449104309082 -1 -1 -1 -1 -1 -1 -1 -1 -1
0.68475341796875 0.6434046626091003 0.14879445731639862 -1 -1 -1 -1 -1 -1 -1 -1 -1
0.6318243145942688 0.6139300465583801 0.04386011138558388 -1 -1 -1 -1 -1 -1 -1 -1 -1
0.6820378303527832 0.6688512563705444 0.30091556906700134 -1 -1 -1 -1 -1 -1 -1 -1 -1
0.6478017568588257 0.6280125379562378 0.026043111458420753 -1 -1 -1 -1 -1 -1 -1 -1 -1
0.6850736141204834 0.672132670879364 0.32938387989997864 -1 -1 -1 -1 -1 -1 -1 -1 -1
0.6498879194259644 0.6299023628234863 0.05205545946955681 -1 -1 -1 -1 -1 -1 -1 -1 -1
0.6811136603355408 0.6769473552703857 0.349044531583786 -1 -1 -1 -1 -1 -1 -1 -1 -1
0.6539794206619263 0.6321811676025391 0.05560799315571785 -1 -1 -1 -1 -1 -1 -1 -1 -1
0.6788824796676636 0.6752001643180847 0.30089426040649414 -1 -1 -1 -1 -1 -1 -1 -1 -1
0.6539516448974609 0.6315394639968872 0.06147068366408348 -1 -1 -1 -1 -1 -1 -1 -1 -1
0.6676390171051025 0.5214840173721313 0.999886155128479 -1 -1 -1 -1 -1 -1 -1 -1 -1
0.6442663669586182 0.5314674377441406 0.9998887777328491 -1 -1 -1 -1 -1 -1 -1 -1 -1
0.6677432656288147 0.5092563033103943 0.27275657653808594 -1 -1 -1 -1 -1 -1 -1 -1 -1
0.6220110058784485 0.5344411730766296 0.22147487103939056 -1 -1 -1 -1 -1 -1 -1 -1 -1
0.6476784348487854 0.4815235733985901 0.4144185781478882 -1 -1 -1 -1 -1 -1 -1 -1 -1
0.6120507717132568 0.48994311690330505 0.37646177411079407 -1 -1 -1 -1 -1 -1 -1 -1 -1
0.6437664031982422 0.4781983494758606 0.6855841279029846 -1 -1 -1 -1 -1 -1 -1 -1 -1
0.6144915819168091 0.484195351600647 0.6594293713569641 -1 -1 -1 -1 -1 -1 -1 -1 -1
0.6406240463256836 0.4681658148765564 0.3039672374725342 -1 -1 -1 -1 -1 -1 -1 -1 -1
0.599798321723938 0.47004497051239014 0.27913835644721985 -1 -1 -1 -1 -1 -1 -1 -1 -1
1 
33 
-1 -1 -1 -1 -1 -1 -1 -1 -1 -1
0.5362093448638916 0.6548409461975098 0.6768943071365356 -1 -1 -1 -1 -1 -1 -1 -1 -1
0.536131739616394 0.6528664231300354 0.7283516526222229 -1 -1 -1 -1 -1 -1 -1 -1 -1
0.5363417267799377 0.6527078747749329 0.6376906037330627 -1 -1 -1 -1 -1 -1 -1 -1 -1
0.5365542769432068 0.652551531791687 0.7274455428123474 -1 -1 -1 -1 -1 -1 -1 -1 -1
0.5355574488639832 0.6532984375953674 0.7459486722946167 -1 -1 -1 -1 -1 -1 -1 -1 -1
0.535313606262207 0.6534757614135742 0.6450235247612 -1 -1 -1 -1 -1 -1 -1 -1 -1
0.5350714325904846 0.6536535024642944 0.7159931659698486 -1 -1 -1 -1 -1 -1 -1 -1 -1
0.5367147922515869 0.6531383395195007 0.6778045296669006 -1 -1 -1 -1 -1 -1 -1 -1 -1
0.5346779823303223 0.6547252535820007 0.7167956233024597 -1 -1 -1 -1 -1 -1 -1 -1 -1
0.5368143916130066 0.656455934047699 0.7661882042884827 -1 -1 -1 -1 -1 -1 -1 -1 -1
0.5360279679298401 0.6570302844047546 0.8010478019714355 -1 -1 -1 -1 -1 -1 -1 -1 -1
0.5398474931716919 0.6596143841743469 0.9504519104957581 -1 -1 -1 -1 -1 -1 -1 -1 -1
0.533241868019104 0.6632320284843445 0.9548307061195374 -1 -1 -1 -1 -1 -1 -1 -1 -1
0.543789267539978 0.6673070788383484 0.10640951991081238 -1 -1 -1 -1 -1 -1 -1 -1 -1
0.5346529483795166 0.6708904504776001 0.4787432551383972 -1 -1 -1 -1 -1 -1 -1 -1 -1
0.5459746718406677 0.6632134914398193 0.09773814678192139 -1 -1 -1 -1 -1 -1 -1 -1 -1
0.5400791168212891 0.6670887470245361 0.49233484268188477 -1 -1 -1 -1 -1 -1 -1 -1 -1
0.5465255379676819 0.6615960597991943 0.11439685523509979 -1 -1 -1 -1 -1 -1 -1 -1 -1
0.5414106249809265 0.6667436361312866 0.46039941906929016 -1 -1 -1 -1 -1 -1 -1 -1 -1
0.546700656414032 0.6603508591651917 0.11613428592681885 -1 -1 -1 -1 -1 -1 -1 -1 -1
0.5415939688682556 0.6649943590164185 0.44256603717803955 -1 -1 -1 -1 -1 -1 -1 -1 -1
0.5463164448738098 0.6613085269927979 0.1128833070397377 -1 -1 -1 -1 -1 -1 -1 -1 -1
0.5412909984588623 0.6652905344963074 0.39641517400741577 -1 -1 -1 -1 -1 -1 -1 -1 -1
0.5425854325294495 0.6798535585403442 0.9869303703308105 -1 -1 -1 -1 -1 -1 -1 -1 -1
0.5377113819122314 0.6838526129722595 0.988009512424469 -1 -1 -1 -1 -1 -1 -1 -1 -1
0.5513953566551208 0.6884157061576843 0.4776478409767151 -1 -1 -1 -1 -1 -1 -1 -1 -1
0.5385612845420837 0.6999786496162415 0.2529193162918091 -1 -1 -1 -1 -1 -1 -1 -1 -1
0.5461617112159729 0.7045221924781799 0.22508692741394043 -1 -1 -1 -1 -1 -1 -1 -1 -1
0.5424011945724487 0.7090392708778381 0.07321889698505402 -1 -1 -1 -1 -1 -1 -1 -1 -1
0.5446463227272034 0.7056941986083984 0.20221352577209473 -1 -1 -1 -1 -1 -1 -1 -1 -1
0.5432108640670776 0.7088901996612549 0.09524134546518326 -1 -1 -1 -1 -1 -1 -1 -1 -1
0.5473331212997437 0.7117335200309753 0.15176153182983398 -1 -1 -1 -1 -1 -1 -1 -1 -1
0.5429578423500061 0.7162986993789673 0.052735064178705215 -1 -1 -1 -1 -1 -1 -1 -1 -1
1 
