5
1 
33 
-1 -1 -1 -1 -1 -1 -1 -1 -1 -1
0.5237286686897278 0.7078930139541626 0.9961601495742798 -1 -1 -1 -1 -1 -1 -1 -1 -1
0.5275784134864807 0.7112334370613098 0.997602641582489 -1 -1 -1 -1 -1 -1 -1 -1 -1
0.5277975797653198 0.7108702063560486 0.9969623684883118 -1 -1 -1 -1 -1 -1 -1 -1 -1
0.5280085206031799 0.7104938626289368 0.9976292252540588 -1 -1 -1 -1 -1 -1 -1 -1 -1
0.5280757546424866 0.7109438180923462 0.998083233833313 -1 -1 -1 -1 -1 -1 -1 -1 -1
0.5288203954696655 0.7103069424629211 0.9976944327354431 -1 -1 -1 -1 -1 -1 -1 -1 -1
0.5295466184616089 0.7096725106239319 0.9979681372642517 -1 -1 -1 -1 -1 -1 -1 -1 -1
0.5320351719856262 0.703371524810791 0.9978461265563965 -1 -1 -1 -1 -1 -1 -1 -1 -1
0.5336271524429321 0.7018563747406006 0.9992190599441528 -1 -1 -1 -1 -1 -1 -1 -1 -1
0.5231955051422119 0.7008808255195618 0.9954612851142883 -1 -1 -1 -1 -1 -1 -1 -1 -1
0.5239865779876709 0.7003424167633057 0.9962175488471985 -1 -1 -1 -1 -1 -1 -1 -1 -1
0.5287472605705261 0.6700316071510315 0.9986068606376648 -1 -1 -1 -1 -1 -1 -1 -1 -1
0.5307005047798157 0.6738914251327515 0.9996160268783569 -1 -1 -1 -1 -1 -1 -1 -1 -1
0.515653133392334 0.6492487788200378 0.029863709583878517 -1 -1 -1 -1 -1 -1 -1 -1 -1
0.5106490850448608 0.670752227306366 0.7790897488594055 -1 -1 -1 -1 -1 -1 -1 -1 -1
0.5076934099197388 0.6839202642440796 0.06490300595760345 -1 -1 -1 -1 -1 -1 -1 -1 -1
0.5040015578269958 0.7032135725021362 0.6148171424865723 -1 -1 -1 -1 -1 -1 -1 -1 -1
0.506808876991272 0.6931823492050171 0.09078284353017807 -1 -1 -1 -1 -1 -1 -1 -1 -1
0.5026565194129944 0.7092325091362 0.5353971123695374 -1 -1 -1 -1 -1 -1 -1 -1 -1
0.5064393281936646 0.6950824856758118 0.0907381996512413 -1 -1 -1 -1 -1 -1 -1 -1 -1
0.509915292263031 0.7187358140945435 0.5199309587478638 -1 -1 -1 -1 -1 -1 -1 -1 -1
0.5071988105773926 0.6908714175224304 0.09411653876304626 -1 -1 -1 -1 -1 -1 -1 -1 -1
0.5050535798072815 0.7064571976661682 0.47519823908805847 -1 -1 -1 -1 -1 -1 -1 -1 -1
0.517569363117218 0.5664846301078796 0.9999690055847168 -1 -1 -1 -1 -1 -1 -1 -1 -1
0.5227031111717224 0.5620731711387634 0.9999748468399048 -1 -1 -1 -1 -1 -1 -1 -1 -1
0.48157450556755066 0.5315795540809631 0.2764095962047577 -1 -1 -1 -1 -1 -1 -1 -1 -1
0.4938042163848877 0.5109306573867798 0.9285033345222473 -1 -1 -1 -1 -1 -1 -1 -1 -1
0.5133935809135437 0.5392937064170837 0.06339433789253235 -1 -1 -1 -1 -1 -1 -1 -1 -1
0.5157077312469482 0.5287901759147644 0.21051372587680817 -1 -1 -1 -1 -1 -1 -1 -1 -1
0.5178245902061462 0.5476789474487305 0.09345916658639908 -1 -1 -1 -1 -1 -1 -1 -1 -1
0.519271194934845 0.5400091409683228 0.3162408173084259 -1 -1 -1 -1 -1 -1 -1 -1 -1
0.5241851806640625 0.5352498292922974 0.1037595346570015 -1 -1 -1 -1 -1 -1 -1 -1 -1
0.521154522895813 0.5224326848983765 0.29278385639190674 -1 -1 -1 -1 -1 -1 -1 -1 -1
1 
33 
-1 -1 -1 -1 -1 -1 -1 -1 -1 -1
0.5209503173828125 0.7088375687599182 0.9879252910614014 -1 -1 -1 -1 -1 -1 -1 -1 -1
0.5244794487953186 0.7108032703399658 0.9856389164924622 -1 -1 -1 -1 -1 -1 -1 -1 -1
0.5248706340789795 0.7102756500244141 0.9796714186668396 -1 -1 -1 -1 -1 -1 -1 -1 -1
0.5252498984336853 0.7097342610359192 0.9893139004707336 -1 -1 -1 -1 -1 -1 -1 -1 -1
0.5245213508605957 0.7109634876251221 0.9897857904434204 -1 -1 -1 -1 -1 -1 -1 -1 -1
0.5250688195228577 0.7104865908622742 0.98696368932724 -1 -1 -1 -1 -1 -1 -1 -1 -1
0.5256029963493347 0.7100204229354858 0.9908961653709412 -1 -1 -1 -1 -1 -1 -1 -1 -1
0.5291812419891357 0.7033787369728088 0.9860041737556458 -1 -1 -1 -1 -1 -1 -1 -1 -1
0.5295359492301941 0.7034764289855957 0.9887585639953613 -1 -1 -1 -1 -1 -1 -1 -1 -1
0.5208981037139893 0.7026584148406982 0.9854078888893127 -1 -1 -1 -1 -1 -1 -1 -1 -1
0.5210124254226685 0.7027947306632996 0.9795286655426025 -1 -1 -1 -1 -1 -1 -1 -1 -1
0.522966206073761 0.6792126893997192 0.998559296131134 -1 -1 -1 -1 -1 -1 -1 -1 -1
0.5278154015541077 0.6787053346633911 0.9992130994796753 -1 -1 -1 -1 -1 -1 -1 -1 -1
0.511441171169281 0.6523308753967285 0.009139342233538628 -1 -1 -1 -1 -1 -1 -1 -1 -1
0.5152063965797424 0.6818085312843323 0.7860357165336609 -1 -1 -1 -1 -1 -1 -1 -1 -1
0.5010084509849548 0.6432231068611145 0.016726844012737274 -1 -1 -1 -1 -1 -1 -1 -1 -1
0.5091773867607117 0.7090891599655151 0.7343014478683472 -1 -1 -1 -1 -1 -1 -1 -1 -1
0.4991423785686493 0.6392619013786316 0.03113504871726036 -1 -1 -1 -1 -1 -1 -1 -1 -1
0.5085093379020691 0.7145591974258423 0.7099241018295288 -1 -1 -1 -1 -1 -1 -1 -1 -1
0.49922311305999756 0.6428852081298828 0.03578639402985573 -1 -1 -1 -1 -1 -1 -1 -1 -1
0.5096548199653625 0.7168142199516296 0.7041915059089661 -1 -1 -1 -1 -1 -1 -1 -1 -1
0.4997251033782959 0.6440962553024292 0.03772154822945595 -1 -1 -1 -1 -1 -1 -1 -1 -1
0.5099773406982422 0.7140501737594604 0.5802561044692993 -1 -1 -1 -1 -1 -1 -1 -1 -1
0.5064771175384521 0.5910249948501587 0.9999464750289917 -1 -1 -1 -1 -1 -1 -1 -1 -1
0.5136119723320007 0.5871251225471497 0.9999399185180664 -1 -1 -1 -1 -1 -1 -1 -1 -1
0.49446454644203186 0.5841836333274841 0.28884750604629517 -1 -1 -1 -1 -1 -1 -1 -1 -1
0.5077499747276306 0.5701403021812439 0.7244864702224731 -1 -1 -1 -1 -1 -1 -1 -1 -1
0.5154474377632141 0.5617766976356506 0.49548670649528503 -1 -1 -1 -1 -1 -1 -1 -1 -1
0.5251025557518005 0.5526494383811951 0.5548058152198792 -1 -1 -1 -1 -1 -1 -1 -1 -1
0.5189675688743591 0.5645555853843689 0.6633927822113037 -1 -1 -1 -1 -1 -1 -1 -1 -1
0.5291554927825928 0.5609032511711121 0.7156537175178528 -1 -1 -1 -1 -1 -1 -1 -1 -1
0.5202630162239075 0.5431997776031494 0.77968430519104 -1 -1 -1 -1 -1 -1 -1 -1 -1
0.5272228121757507 0.5196771621704102 0.7689297199249268 -1 -1 -1 -1 -1 -1 -1 -1 -1
1 
33 
-1 -1 -1 -1 -1 -1 -1 -1 -1 -1
0.516987144947052 0.6794695258140564 0.99788898229599 -1 -1 -1 -1 -1 -1 -1 -1 -1
0.5173619389533997 0.6839555501937866 0.9988324046134949 -1 -1 -1 -1 -1 -1 -1 -1 -1
0.5170778036117554 0.6844642758369446 0.998499870300293 -1 -1 -1 -1 -1 -1 -1 -1 -1
0.516784131526947 0.6849516034126282 0.9988716244697571 -1 -1 -1 -1 -1 -1 -1 -1 -1
0.5182908177375793 0.6826342344284058 0.9990103244781494 -1 -1 -1 -1 -1 -1 -1 -1 -1
0.5186821222305298 0.6821985840797424 0.9985242486000061 -1 -1 -1 -1 -1 -1 -1 -1 -1
0.519058346748352 0.6817959547042847 0.9987176656723022 -1 -1 -1 -1 -1 -1 -1 -1 -1
0.5168112516403198 0.6848174929618835 0.9991868138313293 -1 -1 -1 -1 -1 -1 -1 -1 -1
0.519967794418335 0.6801680326461792 0.9988245368003845 -1 -1 -1 -1 -1 -1 -1 -1 -1
0.5163142085075378 0.6764683723449707 0.9992002844810486 -1 -1 -1 -1 -1 -1 -1 -1 -1
0.5173832178115845 0.6750265955924988 0.998775064945221 -1 -1 -1 -1 -1 -1 -1 -1 -1
0.5165249109268188 0.6713489890098572 0.9998002648353577 -1 -1 -1 -1 -1 -1 -1 -1 -1
0.5176944732666016 0.6659368872642517 0.9997884631156921 -1 -1 -1 -1 -1 -1 -1 -1 -1
0.5195671319961548 0.6698693037033081 0.48003703355789185 -1 -1 -1 -1 -1 -1 -1 -1 -1
0.5138939023017883 0.6677464246749878 0.2637879550457001 -1 -1 -1 -1 -1 -1 -1 -1 -1
0.5192259550094604 0.6851553320884705 0.3331645429134369 -1 -1 -1 -1 -1 -1 -1 -1 -1
0.5043029189109802 0.6841715574264526 0.19488798081874847 -1 -1 -1 -1 -1 -1 -1 -1 -1
0.5196439027786255 0.6892099380493164 0.32807156443595886 -1 -1 -1 -1 -1 -1 -1 -1 -1
0.5005975365638733 0.6855508089065552 0.23208442330360413 -1 -1 -1 -1 -1 -1 -1 -1 -1
0.5182780623435974 0.6908965110778809 0.3235958218574524 -1 -1 -1 -1 -1 -1 -1 -1 -1
0.5015568137168884 0.688727617263794 0.22315464913845062 -1 -1 -1 -1 -1 -1 -1 -1 -1
0.51833575963974 0.6888929605484009 0.2943170964717865 -1 -1 -1 -1 -1 -1 -1 -1 -1
0.5031633973121643 0.688265323638916 0.2043173760175705 -1 -1 -1 -1 -1 -1 -1 -1 -1
0.5043800473213196 0.5945408344268799 0.9999878406524658 -1 -1 -1 -1 -1 -1 -1 -1 -1
0.5075109004974365 0.5844110250473022 0.9999940395355225 -1 -1 -1 -1 -1 -1 -1 -1 -1
0.4986071288585663 0.5963327884674072 0.9571718573570251 -1 -1 -1 -1 -1 -1 -1 -1 -1
0.510828971862793 0.5264790654182434 0.9638965129852295 -1 -1 -1 -1 -1 -1 -1 -1 -1
0.5226308703422546 0.6045616865158081 0.7541285157203674 -1 -1 -1 -1 -1 -1 -1 -1 -1
0.514091432094574 0.5195260047912598 0.6490329504013062 -1 -1 -1 -1 -1 -1 -1 -1 -1
0.5260359644889832 0.6052473783493042 0.671002209186554 -1 -1 -1 -1 -1 -1 -1 -1 -1
0.5137758851051331 0.5218774676322937 0.6449425220489502 -1 -1 -1 -1 -1 -1 -1 -1 -1
0.5300353169441223 0.6113905906677246 0.8057904839515686 -1 -1 -1 -1 -1 -1 -1 -1 -1
0.5162734985351562 0.5087486505508423 0.6905872821807861 -1 -1 -1 -1 -1 -1 -1 -1 -1
1 
33 
-1 -1 -1 -1 -1 -1 -1 -1 -1 -1
0.5157321691513062 0.617734432220459 1.0 -1 -1 -1 -1 -1 -1 -1 -1 -1
0.5160147547721863 0.6209301948547363 1.0 -1 -1 -1 -1 -1 -1 -1 -1 -1
0.5156420469284058 0.6213480234146118 1.0 -1 -1 -1 -1 -1 -1 -1 -1 -1
0.5152241587638855 0.6221957802772522 1.0 -1 -1 -1 -1 -1 -1 -1 -1 -1
0.5171407461166382 0.6199893951416016 1.0 -1 -1 -1 -1 -1 -1 -1 -1 -1
0.5176275968551636 0.6197916269302368 1.0 -1 -1 -1 -1 -1 -1 -1 -1 -1
0.5179654955863953 0.6195122003555298 1.0 -1 -1 -1 -1 -1 -1 -1 -1 -1
0.5150375962257385 0.6223516464233398 1.0 -1 -1 -1 -1 -1 -1 -1 -1 -1
0.5184360146522522 0.618667721748352 1.0 -1 -1 -1 -1 -1 -1 -1 -1 -1
0.5140502452850342 0.6166740655899048 1.0 -1 -1 -1 -1 -1 -1 -1 -1 -1
0.5159095525741577 0.6152346134185791 1.0 -1 -1 -1 -1 -1 -1 -1 -1 -1
0.5109842419624329 0.614753246307373 1.0 -1 -1 -1 -1 -1 -1 -1 -1 -1
0.5150658488273621 0.608144223690033 1.0 -1 -1 -1 -1 -1 -1 -1 -1 -1
0.5072339177131653 0.6101751327514648 0.6229368448257446 -1 -1 -1 -1 -1 -1 -1 -1 -1
0.5150974988937378 0.603432297706604 0.8887614011764526 -1 -1 -1 -1 -1 -1 -1 -1 -1
0.5152206420898438 0.614128589630127 0.8089900612831116 -1 -1 -1 -1 -1 -1 -1 -1 -1
0.5203757286071777 0.605816125869751 0.993403971195221 -1 -1 -1 -1 -1 -1 -1 -1 -1
0.5168685913085938 0.6154618263244629 0.85626220703125 -1 -1 -1 -1 -1 -1 -1 -1 -1
0.5223971605300903 0.6031765937805176 0.9494099020957947 -1 -1 -1 -1 -1 -1 -1 -1 -1
0.5167398452758789 0.6127830743789673 0.876410722732544 -1 -1 -1 -1 -1 -1 -1 -1 -1
0.5200507640838623 0.6086764335632324 0.9682741165161133 -1 -1 -1 -1 -1 -1 -1 -1 -1
0.5163248181343079 0.6114537119865417 0.6370905041694641 -1 -1 -1 -1 -1 -1 -1 -1 -1
0.5190941691398621 0.6099383234977722 0.966412365436554 -1 -1 -1 -1 -1 -1 -1 -1 -1
0.5074681639671326 0.5887089967727661 0.8409714102745056 -1 -1 -1 -1 -1 -1 -1 -1 -1
0.512855589389801 0.5824238657951355 0.9154110550880432 -1 -1 -1 -1 -1 -1 -1 -1 -1
0.5050568580627441 0.5646042227745056 0.9651050567626953 -1 -1 -1 -1 -1 -1 -1 -1 -1
0.5078985691070557 0.5645471811294556 0.15060286223888397 -1 -1 -1 -1 -1 -1 -1 -1 -1
0.5019298195838928 0.5519763827323914 0.37286871671676636 -1 -1 -1 -1 -1 -1 -1 -1 -1
0.5109797120094299 0.5434014797210693 0.002269894117489457 -1 -1 -1 -1 -1 -1 -1 -1 -1
0.5008166432380676 0.5520363450050354 0.6925854682922363 -1 -1 -1 -1 -1 -1 -1 -1 -1
0.5130578875541687 0.5378705859184265 0.022599194198846817 -1 -1 -1 -1 -1 -1 -1 -1 -1
0.503618061542511 0.5468742847442627 0.7342209219932556 -1 -1 -1 -1 -1 -1 -1 -1 -1
0.5092495679855347 0.5413041710853577 0.03821728751063347 -1 -1 -1 -1 -1 -1 -1 -1 -1
1 
33 
-1 -1 -1 -1 -1 -1 -1 -1 -1 -1
0.4862871766090393 0.6388860940933228 0.9201696515083313 -1 -1 -1 -1 -1 -1 -1 -1 -1
0.48307740688323975 0.6413324475288391 0.9440160989761353 -1 -1 -1 -1 -1 -1 -1 -1 -1
0.4825286567211151 0.6404865384101868 0.9411460757255554 -1 -1 -1 -1 -1 -1 -1 -1 -1
0.4819846749305725 0.6396055221557617 0.9625861644744873 -1 -1 -1 -1 -1 -1 -1 -1 -1
0.48323866724967957 0.6424103379249573 0.8747624754905701 -1 -1 -1 -1 -1 -1 -1 -1 -1
0.4830333888530731 0.6423964500427246 0.8291323184967041 -1 -1 -1 -1 -1 -1 -1 -1 -1
0.48282551765441895 0.6423934102058411 0.8581482172012329 -1 -1 -1 -1 -1 -1 -1 -1 -1
0.47827211022377014 0.6331114768981934 0.9558108448982239 -1 -1 -1 -1 -1 -1 -1 -1 -1
0.4787238836288452 0.6349988579750061 0.872714102268219 -1 -1 -1 -1 -1 -1 -1 -1 -1
0.48597925901412964 0.631489634513855 0.9601989388465881 -1 -1 -1 -1 -1 -1 -1 -1 -1
0.4865576922893524 0.6324468851089478 0.9059370160102844 -1 -1 -1 -1 -1 -1 -1 -1 -1
0.47806692123413086 0.5940291881561279 0.9993149042129517 -1 -1 -1 -1 -1 -1 -1 -1 -1
0.4828134775161743 0.6230969429016113 0.9952373504638672 -1 -1 -1 -1 -1 -1 -1 -1 -1
0.48336026072502136 0.5454463958740234 0.8548258543014526 -1 -1 -1 -1 -1 -1 -1 -1 -1
0.5034793019294739 0.6212781667709351 0.27892062067985535 -1 -1 -1 -1 -1 -1 -1 -1 -1
0.49128010869026184 0.5006943345069885 0.7200136184692383 -1 -1 -1 -1 -1 -1 -1 -1 -1
0.5128627419471741 0.6267955303192139 0.19200308620929718 -1 -1 -1 -1 -1 -1 -1 -1 -1
0.49054840207099915 0.48747313022613525 0.628278374671936 -1 -1 -1 -1 -1 -1 -1 -1 -1
0.5210023522377014 0.6299619078636169 0.16614148020744324 -1 -1 -1 -1 -1 -1 -1 -1 -1
0.4940530061721802 0.49104371666908264 0.6415414214134216 -1 -1 -1 -1 -1 -1 -1 -1 -1
0.5143257975578308 0.6299252510070801 0.1778290867805481 -1 -1 -1 -1 -1 -1 -1 -1 -1
0.4947551488876343 0.4962317645549774 0.5796709060668945 -1 -1 -1 -1 -1 -1 -1 -1 -1
0.5144274830818176 0.6270185708999634 0.21031607687473297 -1 -1 -1 -1 -1 -1 -1 -1 -1
0.49120715260505676 0.5218556523323059 0.9951732754707336 -1 -1 -1 -1 -1 -1 -1 -1 -1
0.4938044548034668 0.5346053242683411 0.997240424156189 -1 -1 -1 -1 -1 -1 -1 -1 -1
0.5158019065856934 0.5316654443740845 0.6946566700935364 -1 -1 -1 -1 -1 -1 -1 -1 -1
0.5288745760917664 0.5185800790786743 0.6920518279075623 -1 -1 -1 -1 -1 -1 -1 -1 -1
0.5310632586479187 0.5039381980895996 0.6996127963066101 -1 -1 -1 -1 -1 -1 -1 -1 -1
0.5414816737174988 0.4749564230442047 0.5270610451698303 -1 -1 -1 -1 -1 -1 -1 -1 -1
0.532406210899353 0.493998259305954 0.7069106101989746 -1 -1 -1 -1 -1 -1 -1 -1 -1
0.5408127307891846 0.46461546421051025 0.5450637340545654 -1 -1 -1 -1 -1 -1 -1 -1 -1
0.5422285795211792 0.5145559310913086 0.6128912568092346 -1 -1 -1 -1 -1 -1 -1 -1 -1
0.5559576153755188 0.47709745168685913 0.40684640407562256 -1 -1 -1 -1 -1 -1 -1 -1 -1
1 
