11
1 
33 
-1 -1 -1 -1 -1 -1 -1 -1 -1 -1
0.3462187647819519 0.27839627861976624 0.785934567451477 -1 -1 -1 -1 -1 -1 -1 -1 -1
0.3445388078689575 0.2751019597053528 0.69822096824646 -1 -1 -1 -1 -1 -1 -1 -1 -1
0.34455180168151855 0.2752426266670227 0.6904576420783997 -1 -1 -1 -1 -1 -1 -1 -1 -1
0.3445149064064026 0.27526164054870605 0.7275647521018982 -1 -1 -1 -1 -1 -1 -1 -1 -1
0.3449307382106781 0.274657279253006 0.7197334170341492 -1 -1 -1 -1 -1 -1 -1 -1 -1
0.34512418508529663 0.27455586194992065 0.7100741863250732 -1 -1 -1 -1 -1 -1 -1 -1 -1
0.34534168243408203 0.27429309487342834 0.7191568613052368 -1 -1 -1 -1 -1 -1 -1 -1 -1
0.34690070152282715 0.2780453562736511 0.5499953627586365 -1 -1 -1 -1 -1 -1 -1 -1 -1
0.34840238094329834 0.27673983573913574 0.5503958463668823 -1 -1 -1 -1 -1 -1 -1 -1 -1
0.3494853675365448 0.28508079051971436 0.6766881942749023 -1 -1 -1 -1 -1 -1 -1 -1 -1
0.3491295874118805 0.284784734249115 0.622658908367157 -1 -1 -1 -1 -1 -1 -1 -1 -1
0.3572608232498169 0.32063162326812744 0.9609153270721436 -1 -1 -1 -1 -1 -1 -1 -1 -1
0.3578769862651825 0.31768202781677246 0.988425612449646 -1 -1 -1 -1 -1 -1 -1 -1 -1
0.35983940958976746 0.42809462547302246 0.035735998302698135 -1 -1 -1 -1 -1 -1 -1 -1 -1
0.3622353672981262 0.41566014289855957 0.2541705369949341 -1 -1 -1 -1 -1 -1 -1 -1 -1
0.36536678671836853 0.5121904015541077 0.03800778090953827 -1 -1 -1 -1 -1 -1 -1 -1 -1
0.35782307386398315 0.48118528723716736 0.12453357875347137 -1 -1 -1 -1 -1 -1 -1 -1 -1
0.3673606514930725 0.5313604474067688 0.050320833921432495 -1 -1 -1 -1 -1 -1 -1 -1 -1
0.35481494665145874 0.49839842319488525 0.12204810976982117 -1 -1 -1 -1 -1 -1 -1 -1 -1
0.36962777376174927 0.5345684289932251 0.05247336998581886 -1 -1 -1 -1 -1 -1 -1 -1 -1
0.3522576093673706 0.5005266666412354 0.11668409407138824 -1 -1 -1 -1 -1 -1 -1 -1 -1
0.3689192831516266 0.5265745520591736 0.05319613218307495 -1 -1 -1 -1 -1 -1 -1 -1 -1
0.3532869219779968 0.49412164092063904 0.10984179377555847 -1 -1 -1 -1 -1 -1 -1 -1 -1
0.3605203628540039 0.4852693974971771 0.9897391200065613 -1 -1 -1 -1 -1 -1 -1 -1 -1
0.36457735300064087 0.47263357043266296 0.9883518815040588 -1 -1 -1 -1 -1 -1 -1 -1 -1
0.3630751967430115 0.594780683517456 0.09452703595161438 -1 -1 -1 -1 -1 -1 -1 -1 -1
0.37136921286582947 0.575282096862793 0.3812233805656433 -1 -1 -1 -1 -1 -1 -1 -1 -1
0.3528388440608978 0.6887826919555664 0.2189950793981552 -1 -1 -1 -1 -1 -1 -1 -1 -1
0.3640895485877991 0.6868560910224915 0.43046635389328003 -1 -1 -1 -1 -1 -1 -1 -1 -1
0.34974178671836853 0.7001312971115112 0.29472944140434265 -1 -1 -1 -1 -1 -1 -1 -1 -1
0.3584568202495575 0.701299786567688 0.4679674804210663 -1 -1 -1 -1 -1 -1 -1 -1 -1
0.35349759459495544 0.7194643616676331 0.24510537087917328 -1 -1 -1 -1 -1 -1 -1 -1 -1
0.3708151876926422 0.7209679484367371 0.38366028666496277 -1 -1 -1 -1 -1 -1 -1 -1 -1
1 
33 
-1 -1 -1 -1 -1 -1 -1 -1 -1 -1
0.33603712916374207 0.29510217905044556 0.9645677208900452 -1 -1 -1 -1 -1 -1 -1 -1 -1
0.3374403715133667 0.28457146883010864 0.9690127968788147 -1 -1 -1 -1 -1 -1 -1 -1 -1
0.33803287148475647 0.2834509611129761 0.9706183671951294 -1 -1 -1 -1 -1 -1 -1 -1 -1
0.3385894298553467 0.28243792057037354 0.9689739346504211 -1 -1 -1 -1 -1 -1 -1 -1 -1
0.337574303150177 0.2850005328655243 0.9452101588249207 -1 -1 -1 -1 -1 -1 -1 -1 -1
0.3382928967475891 0.2841215431690216 0.9452556371688843 -1 -1 -1 -1 -1 -1 -1 -1 -1
0.33907991647720337 0.283147931098938 0.9480394124984741 -1 -1 -1 -1 -1 -1 -1 -1 -1
0.34530532360076904 0.2807651162147522 0.9516337513923645 -1 -1 -1 -1 -1 -1 -1 -1 -1
0.34644511342048645 0.2807874083518982 0.9138591885566711 -1 -1 -1 -1 -1 -1 -1 -1 -1
0.34073910117149353 0.29758793115615845 0.9275822043418884 -1 -1 -1 -1 -1 -1 -1 -1 -1
0.34069591760635376 0.2983468174934387 0.9108626842498779 -1 -1 -1 -1 -1 -1 -1 -1 -1
0.35755759477615356 0.3182973265647888 0.9967578053474426 -1 -1 -1 -1 -1 -1 -1 -1 -1
0.3610602021217346 0.3185538053512573 0.9791857600212097 -1 -1 -1 -1 -1 -1 -1 -1 -1
0.3601015508174896 0.3994108736515045 0.817761242389679 -1 -1 -1 -1 -1 -1 -1 -1 -1
0.360284686088562 0.37216684222221375 0.030214691534638405 -1 -1 -1 -1 -1 -1 -1 -1 -1
0.3587884306907654 0.4460357427597046 0.5024836659431458 -1 -1 -1 -1 -1 -1 -1 -1 -1
0.3484112620353699 0.39183539152145386 0.024158049374818802 -1 -1 -1 -1 -1 -1 -1 -1 -1
0.35397183895111084 0.4637339115142822 0.49360665678977966 -1 -1 -1 -1 -1 -1 -1 -1 -1
0.3489833474159241 0.3942314386367798 0.03500843048095703 -1 -1 -1 -1 -1 -1 -1 -1 -1
0.3548995852470398 0.46113458275794983 0.4940660893917084 -1 -1 -1 -1 -1 -1 -1 -1 -1
0.3428787589073181 0.3906233608722687 0.035592980682849884 -1 -1 -1 -1 -1 -1 -1 -1 -1
0.3552977740764618 0.45689657330513 0.4701763391494751 -1 -1 -1 -1 -1 -1 -1 -1 -1
0.342242032289505 0.3898966312408447 0.041000284254550934 -1 -1 -1 -1 -1 -1 -1 -1 -1
0.3638244867324829 0.45295488834381104 0.995148241519928 -1 -1 -1 -1 -1 -1 -1 -1 -1
0.36743345856666565 0.44945502281188965 0.9890066385269165 -1 -1 -1 -1 -1 -1 -1 -1 -1
0.3656409680843353 0.5437301397323608 0.8670127987861633 -1 -1 -1 -1 -1 -1 -1 -1 -1
0.37350669503211975 0.5452653169631958 0.1723632961511612 -1 -1 -1 -1 -1 -1 -1 -1 -1
0.3687511384487152 0.6443191766738892 0.8444181084632874 -1 -1 -1 -1 -1 -1 -1 -1 -1
0.3669052720069885 0.6363460421562195 0.26294583082199097 -1 -1 -1 -1 -1 -1 -1 -1 -1
0.37287044525146484 0.6564521789550781 0.903617262840271 -1 -1 -1 -1 -1 -1 -1 -1 -1
0.3701300621032715 0.650162935256958 0.45539742708206177 -1 -1 -1 -1 -1 -1 -1 -1 -1
0.3524421453475952 0.6962957978248596 0.8507832288742065 -1 -1 -1 -1 -1 -1 -1 -1 -1
0.3584088087081909 0.6669895648956299 0.4000130593776703 -1 -1 -1 -1 -1 -1 -1 -1 -1
1 
33 
-1 -1 -1 -1 -1 -1 -1 -1 -1 -1
0.3485141396522522 0.28059297800064087 0.9366928339004517 -1 -1 -1 -1 -1 -1 -1 -1 -1
0.34813910722732544 0.2742583751678467 0.9179255962371826 -1 -1 -1 -1 -1 -1 -1 -1 -1
0.3481854796409607 0.27408841252326965 0.9127453565597534 -1 -1 -1 -1 -1 -1 -1 -1 -1
0.3481962978839874 0.2739085853099823 0.9160463213920593 -1 -1 -1 -1 -1 -1 -1 -1 -1
0.3485894203186035 0.27393490076065063 0.914141833782196 -1 -1 -1 -1 -1 -1 -1 -1 -1
0.3489037752151489 0.2735233008861542 0.9089657068252563 -1 -1 -1 -1 -1 -1 -1 -1 -1
0.3492639362812042 0.2730593979358673 0.913538932800293 -1 -1 -1 -1 -1 -1 -1 -1 -1
0.35104960203170776 0.27464574575424194 0.8399873971939087 -1 -1 -1 -1 -1 -1 -1 -1 -1
0.3530115485191345 0.27321717143058777 0.8361512422561646 -1 -1 -1 -1 -1 -1 -1 -1 -1
0.3509853184223175 0.2848970293998718 0.8657400608062744 -1 -1 -1 -1 -1 -1 -1 -1 -1
0.3509732186794281 0.2846733331680298 0.851071298122406 -1 -1 -1 -1 -1 -1 -1 -1 -1
0.3607322871685028 0.31793665885925293 0.9790050983428955 -1 -1 -1 -1 -1 -1 -1 -1 -1
0.36225682497024536 0.311880499124527 0.9879173636436462 -1 -1 -1 -1 -1 -1 -1 -1 -1
0.3616420328617096 0.409844309091568 0.12455939501523972 -1 -1 -1 -1 -1 -1 -1 -1 -1
0.36377155780792236 0.39856112003326416 0.17048929631710052 -1 -1 -1 -1 -1 -1 -1 -1 -1
0.3627346158027649 0.4599672853946686 0.09698164463043213 -1 -1 -1 -1 -1 -1 -1 -1 -1
0.361053466796875 0.44276660680770874 0.12048447132110596 -1 -1 -1 -1 -1 -1 -1 -1 -1
0.3619143068790436 0.4978138506412506 0.11358189582824707 -1 -1 -1 -1 -1 -1 -1 -1 -1
0.35307514667510986 0.4727349579334259 0.13333584368228912 -1 -1 -1 -1 -1 -1 -1 -1 -1
0.36347371339797974 0.4978097379207611 0.11512143909931183 -1 -1 -1 -1 -1 -1 -1 -1 -1
0.3502117693424225 0.4740564525127411 0.12670063972473145 -1 -1 -1 -1 -1 -1 -1 -1 -1
0.3637809753417969 0.49183031916618347 0.11478246003389359 -1 -1 -1 -1 -1 -1 -1 -1 -1
0.35127222537994385 0.46835508942604065 0.12754246592521667 -1 -1 -1 -1 -1 -1 -1 -1 -1
0.3686072528362274 0.4669906795024872 0.9910269379615784 -1 -1 -1 -1 -1 -1 -1 -1 -1
0.3695354759693146 0.4635216295719147 0.989236056804657 -1 -1 -1 -1 -1 -1 -1 -1 -1
0.36602917313575745 0.5704948902130127 0.3042300343513489 -1 -1 -1 -1 -1 -1 -1 -1 -1
0.3767656683921814 0.570330798625946 0.3153035342693329 -1 -1 -1 -1 -1 -1 -1 -1 -1
0.36122453212738037 0.6789613962173462 0.2939663231372833 -1 -1 -1 -1 -1 -1 -1 -1 -1
0.36623868346214294 0.6787508726119995 0.3132666051387787 -1 -1 -1 -1 -1 -1 -1 -1 -1
0.3601278066635132 0.6936379671096802 0.3711386024951935 -1 -1 -1 -1 -1 -1 -1 -1 -1
0.36204758286476135 0.694973349571228 0.39851126074790955 -1 -1 -1 -1 -1 -1 -1 -1 -1
0.35932689905166626 0.7114222645759583 0.30194753408432007 -1 -1 -1 -1 -1 -1 -1 -1 -1
0.3661429286003113 0.7090535163879395 0.3142755925655365 -1 -1 -1 -1 -1 -1 -1 -1 -1
1 
33 
-1 -1 -1 -1 -1 -1 -1 -1 -1 -1
0.35121244192123413 0.27548012137413025 0.9831253886222839 -1 -1 -1 -1 -1 -1 -1 -1 -1
0.3509785830974579 0.2710830271244049 0.987527072429657 -1 -1 -1 -1 -1 -1 -1 -1 -1
0.35119926929473877 0.27081090211868286 0.9844475984573364 -1 -1 -1 -1 -1 -1 -1 -1 -1
0.351322740316391 0.27027425169944763 0.9862775206565857 -1 -1 -1 -1 -1 -1 -1 -1 -1
0.35128071904182434 0.27029410004615784 0.9840599298477173 -1 -1 -1 -1 -1 -1 -1 -1 -1
0.35144245624542236 0.269616037607193 0.9809331893920898 -1 -1 -1 -1 -1 -1 -1 -1 -1
0.351726233959198 0.2685350477695465 0.9846258759498596 -1 -1 -1 -1 -1 -1 -1 -1 -1
0.3529808819293976 0.27375975251197815 0.9808984398841858 -1 -1 -1 -1 -1 -1 -1 -1 -1
0.35457268357276917 0.27101293206214905 0.9753711223602295 -1 -1 -1 -1 -1 -1 -1 -1 -1
0.3534306585788727 0.28138551115989685 0.9686051607131958 -1 -1 -1 -1 -1 -1 -1 -1 -1
0.35293909907341003 0.28088682889938354 0.9683054089546204 -1 -1 -1 -1 -1 -1 -1 -1 -1
0.36205530166625977 0.3138408958911896 0.9895736575126648 -1 -1 -1 -1 -1 -1 -1 -1 -1
0.3611759543418884 0.30648189783096313 0.9910659193992615 -1 -1 -1 -1 -1 -1 -1 -1 -1
0.3609860837459564 0.34376344084739685 0.3515266478061676 -1 -1 -1 -1 -1 -1 -1 -1 -1
0.34911495447158813 0.31977975368499756 0.15486149489879608 -1 -1 -1 -1 -1 -1 -1 -1 -1
0.3535430431365967 0.305883526802063 0.3011054992675781 -1 -1 -1 -1 -1 -1 -1 -1 -1
0.3531484603881836 0.2914835214614868 0.11022838950157166 -1 -1 -1 -1 -1 -1 -1 -1 -1
0.3507177531719208 0.31229162216186523 0.34153133630752563 -1 -1 -1 -1 -1 -1 -1 -1 -1
0.3531443774700165 0.29014694690704346 0.12491736561059952 -1 -1 -1 -1 -1 -1 -1 -1 -1
0.3536211848258972 0.3039432168006897 0.32978537678718567 -1 -1 -1 -1 -1 -1 -1 -1 -1
0.3524199426174164 0.28021183609962463 0.12269019335508347 -1 -1 -1 -1 -1 -1 -1 -1 -1
0.35470709204673767 0.30639970302581787 0.2946431040763855 -1 -1 -1 -1 -1 -1 -1 -1 -1
0.3516879975795746 0.2892186939716339 0.13406360149383545 -1 -1 -1 -1 -1 -1 -1 -1 -1
0.36486440896987915 0.46196800470352173 0.9957157969474792 -1 -1 -1 -1 -1 -1 -1 -1 -1
0.36539697647094727 0.4581241309642792 0.9947860240936279 -1 -1 -1 -1 -1 -1 -1 -1 -1
0.36959534883499146 0.5305933356285095 0.6815672516822815 -1 -1 -1 -1 -1 -1 -1 -1 -1
0.369272381067276 0.5312629342079163 0.4742898941040039 -1 -1 -1 -1 -1 -1 -1 -1 -1
0.3560296297073364 0.6155825257301331 0.5322843194007874 -1 -1 -1 -1 -1 -1 -1 -1 -1
0.365120530128479 0.6275845766067505 0.4255985915660858 -1 -1 -1 -1 -1 -1 -1 -1 -1
0.35609346628189087 0.6273190975189209 0.6131672263145447 -1 -1 -1 -1 -1 -1 -1 -1 -1
0.3596936762332916 0.6340841054916382 0.5615774989128113 -1 -1 -1 -1 -1 -1 -1 -1 -1
0.34725138545036316 0.6405822038650513 0.5512248277664185 -1 -1 -1 -1 -1 -1 -1 -1 -1
0.3553928732872009 0.6508527398109436 0.4569748044013977 -1 -1 -1 -1 -1 -1 -1 -1 -1
1 
33 
-1 -1 -1 -1 -1 -1 -1 -1 -1 -1
0.34693652391433716 0.2789820730686188 0.9569721221923828 -1 -1 -1 -1 -1 -1 -1 -1 -1
0.34738239645957947 0.27267464995384216 0.9573397040367126 -1 -1 -1 -1 -1 -1 -1 -1 -1
0.3479333221912384 0.27196699380874634 0.9528904557228088 -1 -1 -1 -1 -1 -1 -1 -1 -1
0.34847491979599 0.2710920572280884 0.9548056125640869 -1 -1 -1 -1 -1 -1 -1 -1 -1
0.3472330570220947 0.2726210057735443 0.9371272921562195 -1 -1 -1 -1 -1 -1 -1 -1 -1
0.34770461916923523 0.2719557285308838 0.9310669898986816 -1 -1 -1 -1 -1 -1 -1 -1 -1
0.34825071692466736 0.27108949422836304 0.9381791949272156 -1 -1 -1 -1 -1 -1 -1 -1 -1
0.3532252609729767 0.270467072725296 0.9134179949760437 -1 -1 -1 -1 -1 -1 -1 -1 -1
0.3537871241569519 0.2705102264881134 0.8767901062965393 -1 -1 -1 -1 -1 -1 -1 -1 -1
0.3514309823513031 0.2826271057128906 0.8866671323776245 -1 -1 -1 -1 -1 -1 -1 -1 -1
0.3509952425956726 0.28285276889801025 0.8701750040054321 -1 -1 -1 -1 -1 -1 -1 -1 -1
0.3643338978290558 0.31197312474250793 0.9872915744781494 -1 -1 -1 -1 -1 -1 -1 -1 -1
0.36500850319862366 0.3062421977519989 0.9855104684829712 -1 -1 -1 -1 -1 -1 -1 -1 -1
0.36011865735054016 0.40052032470703125 0.37090376019477844 -1 -1 -1 -1 -1 -1 -1 -1 -1
0.3509106934070587 0.3725987672805786 0.17245280742645264 -1 -1 -1 -1 -1 -1 -1 -1 -1
0.3490545451641083 0.4448719024658203 0.25685858726501465 -1 -1 -1 -1 -1 -1 -1 -1 -1
0.3449218273162842 0.3959181010723114 0.1242799162864685 -1 -1 -1 -1 -1 -1 -1 -1 -1
0.3366629481315613 0.45529547333717346 0.27843859791755676 -1 -1 -1 -1 -1 -1 -1 -1 -1
0.3445843756198883 0.40295469760894775 0.13685542345046997 -1 -1 -1 -1 -1 -1 -1 -1 -1
0.3392968475818634 0.44892629981040955 0.2777153253555298 -1 -1 -1 -1 -1 -1 -1 -1 -1
0.3415370583534241 0.39737415313720703 0.13423031568527222 -1 -1 -1 -1 -1 -1 -1 -1 -1
0.3409517705440521 0.4445854127407074 0.24649548530578613 -1 -1 -1 -1 -1 -1 -1 -1 -1
0.3414142429828644 0.3944550156593323 0.141181081533432 -1 -1 -1 -1 -1 -1 -1 -1 -1
0.36876970529556274 0.46021974086761475 0.9849036931991577 -1 -1 -1 -1 -1 -1 -1 -1 -1
0.3715333044528961 0.458508163690567 0.9849998950958252 -1 -1 -1 -1 -1 -1 -1 -1 -1
0.3683792054653168 0.5455082058906555 0.6160551905632019 -1 -1 -1 -1 -1 -1 -1 -1 -1
0.37605011463165283 0.555249035358429 0.4100538492202759 -1 -1 -1 -1 -1 -1 -1 -1 -1
0.36179280281066895 0.6595999002456665 0.5800468921661377 -1 -1 -1 -1 -1 -1 -1 -1 -1
0.362218976020813 0.6631030440330505 0.41971156001091003 -1 -1 -1 -1 -1 -1 -1 -1 -1
0.36240920424461365 0.6757199764251709 0.6398385167121887 -1 -1 -1 -1 -1 -1 -1 -1 -1
0.3606634736061096 0.6785293817520142 0.5124880075454712 -1 -1 -1 -1 -1 -1 -1 -1 -1
0.35693562030792236 0.6911447048187256 0.5874325037002563 -1 -1 -1 -1 -1 -1 -1 -1 -1
0.3542405068874359 0.6953615546226501 0.44957175850868225 -1 -1 -1 -1 -1 -1 -1 -1 -1
1 
33 
-1 -1 -1 -1 -1 -1 -1 -1 -1 -1
0.342490017414093 0.2821260094642639 0.9936740398406982 -1 -1 -1 -1 -1 -1 -1 -1 -1
0.34449639916419983 0.27391916513442993 0.9946950078010559 -1 -1 -1 -1 -1 -1 -1 -1 -1
0.3453211188316345 0.27295899391174316 0.9952967762947083 -1 -1 -1 -1 -1 -1 -1 -1 -1
0.34615564346313477 0.27191463112831116 0.9953794479370117 -1 -1 -1 -1 -1 -1 -1 -1 -1
0.34454116225242615 0.27350929379463196 0.9907112717628479 -1 -1 -1 -1 -1 -1 -1 -1 -1
0.3454308807849884 0.27239084243774414 0.9904100894927979 -1 -1 -1 -1 -1 -1 -1 -1 -1
0.3464551866054535 0.2710345983505249 0.991084098815918 -1 -1 -1 -1 -1 -1 -1 -1 -1
0.3534192442893982 0.27140387892723083 0.9912689924240112 -1 -1 -1 -1 -1 -1 -1 -1 -1
0.3546774983406067 0.2701159715652466 0.98163902759552 -1 -1 -1 -1 -1 -1 -1 -1 -1
0.3480316698551178 0.2853040099143982 0.9842016100883484 -1 -1 -1 -1 -1 -1 -1 -1 -1
0.34785670042037964 0.28523024916648865 0.9772288799285889 -1 -1 -1 -1 -1 -1 -1 -1 -1
0.36594274640083313 0.3140145540237427 0.9991705417633057 -1 -1 -1 -1 -1 -1 -1 -1 -1
0.3687078654766083 0.31071847677230835 0.9911438226699829 -1 -1 -1 -1 -1 -1 -1 -1 -1
0.3630673587322235 0.3894025683403015 0.9206163287162781 -1 -1 -1 -1 -1 -1 -1 -1 -1
0.35085615515708923 0.37962111830711365 0.04997389391064644 -1 -1 -1 -1 -1 -1 -1 -1 -1
0.3429912328720093 0.44897329807281494 0.7595789432525635 -1 -1 -1 -1 -1 -1 -1 -1 -1
0.34392446279525757 0.4281260073184967 0.04920618236064911 -1 -1 -1 -1 -1 -1 -1 -1 -1
0.33980798721313477 0.45963364839553833 0.7199040055274963 -1 -1 -1 -1 -1 -1 -1 -1 -1
0.33601635694503784 0.42733949422836304 0.06432919949293137 -1 -1 -1 -1 -1 -1 -1 -1 -1
0.34006404876708984 0.45815759897232056 0.7114811539649963 -1 -1 -1 -1 -1 -1 -1 -1 -1
0.3383682370185852 0.4405575096607208 0.06464557349681854 -1 -1 -1 -1 -1 -1 -1 -1 -1
0.34250348806381226 0.45659101009368896 0.6594662070274353 -1 -1 -1 -1 -1 -1 -1 -1 -1
0.34012946486473083 0.43154239654541016 0.07166081666946411 -1 -1 -1 -1 -1 -1 -1 -1 -1
0.3720227777957916 0.4461651146411896 0.9966810345649719 -1 -1 -1 -1 -1 -1 -1 -1 -1
0.3750428557395935 0.4368011951446533 0.9916959404945374 -1 -1 -1 -1 -1 -1 -1 -1 -1
0.3675118684768677 0.5316181182861328 0.8899298906326294 -1 -1 -1 -1 -1 -1 -1 -1 -1
0.37264764308929443 0.5358660817146301 0.16854433715343475 -1 -1 -1 -1 -1 -1 -1 -1 -1
0.3646681606769562 0.6489585041999817 0.8347032070159912 -1 -1 -1 -1 -1 -1 -1 -1 -1
0.36220788955688477 0.6439402103424072 0.19316814839839935 -1 -1 -1 -1 -1 -1 -1 -1 -1
0.3675152361392975 0.6650810241699219 0.870965838432312 -1 -1 -1 -1 -1 -1 -1 -1 -1
0.3676178455352783 0.6625210046768188 0.31736448407173157 -1 -1 -1 -1 -1 -1 -1 -1 -1
0.3426954448223114 0.682979941368103 0.826408326625824 -1 -1 -1 -1 -1 -1 -1 -1 -1
0.3452072739601135 0.6642032861709595 0.28832775354385376 -1 -1 -1 -1 -1 -1 -1 -1 -1
1 
33 
-1 -1 -1 -1 -1 -1 -1 -1 -1 -1
0.34667885303497314 0.28513264656066895 0.9831921458244324 -1 -1 -1 -1 -1 -1 -1 -1 -1
0.3479243218898773 0.27584242820739746 0.987649142742157 -1 -1 -1 -1 -1 -1 -1 -1 -1
0.3482568860054016 0.27525168657302856 0.9896997809410095 -1 -1 -1 -1 -1 -1 -1 -1 -1
0.3485662639141083 0.27466094493865967 0.9897683262825012 -1 -1 -1 -1 -1 -1 -1 -1 -1
0.34856703877449036 0.27486807107925415 0.9773899912834167 -1 -1 -1 -1 -1 -1 -1 -1 -1
0.3494049608707428 0.2736821472644806 0.978011965751648 -1 -1 -1 -1 -1 -1 -1 -1 -1
0.35032257437705994 0.2723870575428009 0.9783869981765747 -1 -1 -1 -1 -1 -1 -1 -1 -1
0.35457390546798706 0.2742224931716919 0.9822809100151062 -1 -1 -1 -1 -1 -1 -1 -1 -1
0.3573359251022339 0.2718268632888794 0.957852303981781 -1 -1 -1 -1 -1 -1 -1 -1 -1
0.3506148159503937 0.2885825037956238 0.9649887681007385 -1 -1 -1 -1 -1 -1 -1 -1 -1
0.35107725858688354 0.28800055384635925 0.952571451663971 -1 -1 -1 -1 -1 -1 -1 -1 -1
0.36587318778038025 0.3130401372909546 0.9992486834526062 -1 -1 -1 -1 -1 -1 -1 -1 -1
0.37264561653137207 0.31055009365081787 0.9879244565963745 -1 -1 -1 -1 -1 -1 -1 -1 -1
0.3579733073711395 0.3708491325378418 0.9634118676185608 -1 -1 -1 -1 -1 -1 -1 -1 -1
0.3552742004394531 0.36693882942199707 0.0698273777961731 -1 -1 -1 -1 -1 -1 -1 -1 -1
0.33691203594207764 0.4241633713245392 0.9031420946121216 -1 -1 -1 -1 -1 -1 -1 -1 -1
0.3419071435928345 0.40618932247161865 0.06469704210758209 -1 -1 -1 -1 -1 -1 -1 -1 -1
0.33258768916130066 0.43430033326148987 0.8731577396392822 -1 -1 -1 -1 -1 -1 -1 -1 -1
0.33641812205314636 0.41383683681488037 0.08565729111433029 -1 -1 -1 -1 -1 -1 -1 -1 -1
0.3318864405155182 0.43525081872940063 0.8666008710861206 -1 -1 -1 -1 -1 -1 -1 -1 -1
0.33322957158088684 0.41619378328323364 0.08817635476589203 -1 -1 -1 -1 -1 -1 -1 -1 -1
0.3340076804161072 0.4328039288520813 0.8193268775939941 -1 -1 -1 -1 -1 -1 -1 -1 -1
0.33571305871009827 0.41619348526000977 0.09881943464279175 -1 -1 -1 -1 -1 -1 -1 -1 -1
0.3776889741420746 0.43932998180389404 0.9953481554985046 -1 -1 -1 -1 -1 -1 -1 -1 -1
0.3815288543701172 0.43185853958129883 0.9887157082557678 -1 -1 -1 -1 -1 -1 -1 -1 -1
0.3663312494754791 0.5241199135780334 0.9413241147994995 -1 -1 -1 -1 -1 -1 -1 -1 -1
0.3649810254573822 0.5221038460731506 0.23905368149280548 -1 -1 -1 -1 -1 -1 -1 -1 -1
0.36785587668418884 0.6386777758598328 0.9172751903533936 -1 -1 -1 -1 -1 -1 -1 -1 -1
0.3653829097747803 0.6334288120269775 0.26248472929000854 -1 -1 -1 -1 -1 -1 -1 -1 -1
0.3716984987258911 0.6495742797851562 0.9163327813148499 -1 -1 -1 -1 -1 -1 -1 -1 -1
0.36954331398010254 0.6451089382171631 0.3478635549545288 -1 -1 -1 -1 -1 -1 -1 -1 -1
0.3525204062461853 0.6763578653335571 0.9112372994422913 -1 -1 -1 -1 -1 -1 -1 -1 -1
0.35476231575012207 0.6666195392608643 0.40343913435935974 -1 -1 -1 -1 -1 -1 -1 -1 -1
1 
33 
-1 -1 -1 -1 -1 -1 -1 -1 -1 -1
0.34639614820480347 0.30182480812072754 0.9859927296638489 -1 -1 -1 -1 -1 -1 -1 -1 -1
0.3469076156616211 0.29239973425865173 0.99310302734375 -1 -1 -1 -1 -1 -1 -1 -1 -1
0.3475266098976135 0.29139161109924316 0.9937631487846375 -1 -1 -1 -1 -1 -1 -1 -1 -1
0.34815943241119385 0.2904526889324188 0.9942349791526794 -1 -1 -1 -1 -1 -1 -1 -1 -1
0.34682127833366394 0.29238641262054443 0.9866394400596619 -1 -1 -1 -1 -1 -1 -1 -1 -1
0.3474273085594177 0.2914716601371765 0.9842047095298767 -1 -1 -1 -1 -1 -1 -1 -1 -1
0.3481437563896179 0.29046398401260376 0.9848204255104065 -1 -1 -1 -1 -1 -1 -1 -1 -1
0.3549600839614868 0.2872166037559509 0.9907488226890564 -1 -1 -1 -1 -1 -1 -1 -1 -1
0.35496553778648376 0.28693920373916626 0.9808470606803894 -1 -1 -1 -1 -1 -1 -1 -1 -1
0.35099276900291443 0.3043838143348694 0.9827349781990051 -1 -1 -1 -1 -1 -1 -1 -1 -1
0.3506155014038086 0.30461910367012024 0.9723817706108093 -1 -1 -1 -1 -1 -1 -1 -1 -1
0.36993423104286194 0.3174022436141968 0.9998202919960022 -1 -1 -1 -1 -1 -1 -1 -1 -1
0.3738268315792084 0.3167257308959961 0.9951170682907104 -1 -1 -1 -1 -1 -1 -1 -1 -1
0.36045053601264954 0.3464634418487549 0.9747034907341003 -1 -1 -1 -1 -1 -1 -1 -1 -1
0.36542442440986633 0.34992673993110657 0.05345236882567406 -1 -1 -1 -1 -1 -1 -1 -1 -1
0.34586283564567566 0.37943366169929504 0.9418997168540955 -1 -1 -1 -1 -1 -1 -1 -1 -1
0.3574100434780121 0.37847232818603516 0.061517585068941116 -1 -1 -1 -1 -1 -1 -1 -1 -1
0.33991020917892456 0.39289259910583496 0.933368444442749 -1 -1 -1 -1 -1 -1 -1 -1 -1
0.35743871331214905 0.38389286398887634 0.09332256764173508 -1 -1 -1 -1 -1 -1 -1 -1 -1
0.3380264639854431 0.39389491081237793 0.9293453097343445 -1 -1 -1 -1 -1 -1 -1 -1 -1
0.3565857708454132 0.3840310573577881 0.09713270515203476 -1 -1 -1 -1 -1 -1 -1 -1 -1
0.3401050269603729 0.39089369773864746 0.8816156387329102 -1 -1 -1 -1 -1 -1 -1 -1 -1
0.35599684715270996 0.38238734006881714 0.10470887273550034 -1 -1 -1 -1 -1 -1 -1 -1 -1
0.38165828585624695 0.44551458954811096 0.9984946250915527 -1 -1 -1 -1 -1 -1 -1 -1 -1
0.3845268785953522 0.44299158453941345 0.9934750199317932 -1 -1 -1 -1 -1 -1 -1 -1 -1
0.36354860663414 0.5265235304832458 0.9387518763542175 -1 -1 -1 -1 -1 -1 -1 -1 -1
0.3646611273288727 0.525274395942688 0.25021398067474365 -1 -1 -1 -1 -1 -1 -1 -1 -1
0.36859333515167236 0.6397894024848938 0.9485423564910889 -1 -1 -1 -1 -1 -1 -1 -1 -1
0.3677901327610016 0.63092440366745 0.222347229719162 -1 -1 -1 -1 -1 -1 -1 -1 -1
0.37379446625709534 0.653617262840271 0.963340163230896 -1 -1 -1 -1 -1 -1 -1 -1 -1
0.3727162480354309 0.6462486386299133 0.3077215850353241 -1 -1 -1 -1 -1 -1 -1 -1 -1
0.35268503427505493 0.6791461110115051 0.9505953788757324 -1 -1 -1 -1 -1 -1 -1 -1 -1
0.3542573153972626 0.6663597822189331 0.36179015040397644 -1 -1 -1 -1 -1 -1 -1 -1 -1
1 
33 
-1 -1 -1 -1 -1 -1 -1 -1 -1 -1
0.34932005405426025 0.3141624331474304 0.9771849513053894 -1 -1 -1 -1 -1 -1 -1 -1 -1
0.34992438554763794 0.30632278323173523 0.9826363325119019 -1 -1 -1 -1 -1 -1 -1 -1 -1
0.35031330585479736 0.30567556619644165 0.981124997138977 -1 -1 -1 -1 -1 -1 -1 -1 -1
0.35068264603614807 0.305186003446579 0.9834607243537903 -1 -1 -1 -1 -1 -1 -1 -1 -1
0.35027840733528137 0.30549246072769165 0.967828631401062 -1 -1 -1 -1 -1 -1 -1 -1 -1
0.350910484790802 0.30435577034950256 0.9621334671974182 -1 -1 -1 -1 -1 -1 -1 -1 -1
0.35161498188972473 0.303339421749115 0.9700732827186584 -1 -1 -1 -1 -1 -1 -1 -1 -1
0.35679304599761963 0.3026832342147827 0.9751836657524109 -1 -1 -1 -1 -1 -1 -1 -1 -1
0.358377069234848 0.30145660042762756 0.9410149455070496 -1 -1 -1 -1 -1 -1 -1 -1 -1
0.35345736145973206 0.3165411353111267 0.9546166658401489 -1 -1 -1 -1 -1 -1 -1 -1 -1
0.3534442186355591 0.3157941997051239 0.933664858341217 -1 -1 -1 -1 -1 -1 -1 -1 -1
0.3676891326904297 0.33492186665534973 0.9973204731941223 -1 -1 -1 -1 -1 -1 -1 -1 -1
0.37320733070373535 0.33077892661094666 0.987360417842865 -1 -1 -1 -1 -1 -1 -1 -1 -1
0.3596446216106415 0.3643788993358612 0.8987289071083069 -1 -1 -1 -1 -1 -1 -1 -1 -1
0.35471147298812866 0.3561931252479553 0.07337362319231033 -1 -1 -1 -1 -1 -1 -1 -1 -1
0.339648962020874 0.34135615825653076 0.637721598148346 -1 -1 -1 -1 -1 -1 -1 -1 -1
0.3354671001434326 0.339810311794281 0.0593101792037487 -1 -1 -1 -1 -1 -1 -1 -1 -1
0.33419421315193176 0.33567968010902405 0.5872290134429932 -1 -1 -1 -1 -1 -1 -1 -1 -1
0.3332095444202423 0.3353683352470398 0.07543312013149261 -1 -1 -1 -1 -1 -1 -1 -1 -1
0.3360525071620941 0.32744652032852173 0.5777148008346558 -1 -1 -1 -1 -1 -1 -1 -1 -1
0.3303513824939728 0.32770460844039917 0.0779528021812439 -1 -1 -1 -1 -1 -1 -1 -1 -1
0.33880722522735596 0.32966482639312744 0.5387914180755615 -1 -1 -1 -1 -1 -1 -1 -1 -1
0.33025234937667847 0.3299415707588196 0.08877981454133987 -1 -1 -1 -1 -1 -1 -1 -1 -1
0.383372962474823 0.465899795293808 0.9959231615066528 -1 -1 -1 -1 -1 -1 -1 -1 -1
0.3892683982849121 0.4591965079307556 0.9924252033233643 -1 -1 -1 -1 -1 -1 -1 -1 -1
0.3652241826057434 0.5307621359825134 0.9013991355895996 -1 -1 -1 -1 -1 -1 -1 -1 -1
0.3777422606945038 0.535881519317627 0.30963605642318726 -1 -1 -1 -1 -1 -1 -1 -1 -1
0.3702172338962555 0.6389042139053345 0.8157151937484741 -1 -1 -1 -1 -1 -1 -1 -1 -1
0.3697497546672821 0.6336767077445984 0.3023426830768585 -1 -1 -1 -1 -1 -1 -1 -1 -1
0.37490320205688477 0.6494791507720947 0.8523960113525391 -1 -1 -1 -1 -1 -1 -1 -1 -1
0.37404170632362366 0.6449512839317322 0.4283718168735504 -1 -1 -1 -1 -1 -1 -1 -1 -1
0.35314321517944336 0.6775587201118469 0.7898951768875122 -1 -1 -1 -1 -1 -1 -1 -1 -1
0.3567071855068207 0.6580485105514526 0.3578715920448303 -1 -1 -1 -1 -1 -1 -1 -1 -1
1 
33 
-1 -1 -1 -1 -1 -1 -1 -1 -1 -1
0.34305012226104736 0.32917988300323486 0.9844079613685608 -1 -1 -1 -1 -1 -1 -1 -1 -1
0.34359055757522583 0.32221710681915283 0.989933431148529 -1 -1 -1 -1 -1 -1 -1 -1 -1
0.34430232644081116 0.32128262519836426 0.9855842590332031 -1 -1 -1 -1 -1 -1 -1 -1 -1
0.34505125880241394 0.32031890749931335 0.9906044602394104 -1 -1 -1 -1 -1 -1 -1 -1 -1
0.34397873282432556 0.32239627838134766 0.9840953946113586 -1 -1 -1 -1 -1 -1 -1 -1 -1
0.34489408135414124 0.32175546884536743 0.9746101498603821 -1 -1 -1 -1 -1 -1 -1 -1 -1
0.34585586190223694 0.3210134506225586 0.9828422665596008 -1 -1 -1 -1 -1 -1 -1 -1 -1
0.35319387912750244 0.31853780150413513 0.9858440160751343 -1 -1 -1 -1 -1 -1 -1 -1 -1
0.3536375164985657 0.31783828139305115 0.9610879421234131 -1 -1 -1 -1 -1 -1 -1 -1 -1
0.34935542941093445 0.33021998405456543 0.9864814281463623 -1 -1 -1 -1 -1 -1 -1 -1 -1
0.34959927201271057 0.33152443170547485 0.9748559594154358 -1 -1 -1 -1 -1 -1 -1 -1 -1
0.3714959919452667 0.35125184059143066 0.9938632249832153 -1 -1 -1 -1 -1 -1 -1 -1 -1
0.3708658516407013 0.34001487493515015 0.957748532295227 -1 -1 -1 -1 -1 -1 -1 -1 -1
0.3807319700717926 0.3521896004676819 0.7730255126953125 -1 -1 -1 -1 -1 -1 -1 -1 -1
0.37064868211746216 0.3225446939468384 0.012326796539127827 -1 -1 -1 -1 -1 -1 -1 -1 -1
0.3783819079399109 0.32618898153305054 0.2847987115383148 -1 -1 -1 -1 -1 -1 -1 -1 -1
0.38090550899505615 0.2777746915817261 0.008135225623846054 -1 -1 -1 -1 -1 -1 -1 -1 -1
0.3768715560436249 0.3202241063117981 0.2606516480445862 -1 -1 -1 -1 -1 -1 -1 -1 -1
0.3873572051525116 0.26874208450317383 0.013211434707045555 -1 -1 -1 -1 -1 -1 -1 -1 -1
0.3790897727012634 0.3131629228591919 0.25703462958335876 -1 -1 -1 -1 -1 -1 -1 -1 -1
0.38562285900115967 0.26132631301879883 0.013625269755721092 -1 -1 -1 -1 -1 -1 -1 -1 -1
0.3803917169570923 0.31481388211250305 0.2454664558172226 -1 -1 -1 -1 -1 -1 -1 -1 -1
0.38217222690582275 0.2640504240989685 0.016517972573637962 -1 -1 -1 -1 -1 -1 -1 -1 -1
0.3867948353290558 0.48613226413726807 0.9969244599342346 -1 -1 -1 -1 -1 -1 -1 -1 -1
0.38713544607162476 0.46972280740737915 0.9935398697853088 -1 -1 -1 -1 -1 -1 -1 -1 -1
0.3642825484275818 0.538034200668335 0.8684750199317932 -1 -1 -1 -1 -1 -1 -1 -1 -1
0.36371251940727234 0.47394877672195435 0.15712527930736542 -1 -1 -1 -1 -1 -1 -1 -1 -1
0.3693617284297943 0.6378380656242371 0.8177670836448669 -1 -1 -1 -1 -1 -1 -1 -1 -1
0.3603510856628418 0.5357860922813416 0.1733068972826004 -1 -1 -1 -1 -1 -1 -1 -1 -1
0.3723585307598114 0.6465499997138977 0.7999379634857178 -1 -1 -1 -1 -1 -1 -1 -1 -1
0.36442041397094727 0.5460174679756165 0.38455480337142944 -1 -1 -1 -1 -1 -1 -1 -1 -1
0.35829052329063416 0.6633400917053223 0.701911449432373 -1 -1 -1 -1 -1 -1 -1 -1 -1
0.3460969626903534 0.5502393245697021 0.17930331826210022 -1 -1 -1 -1 -1 -1 -1 -1 -1
1 
33 
-1 -1 -1 -1 -1 -1 -1 -1 -1 -1
0.38258206844329834 0.407645583152771 0.8932130932807922 -1 -1 -1 -1 -1 -1 -1 -1 -1
0.3765784204006195 0.40081125497817993 0.9311068654060364 -1 -1 -1 -1 -1 -1 -1 -1 -1
0.37568825483322144 0.4017922282218933 0.9300157427787781 -1 -1 -1 -1 -1 -1 -1 -1 -1
0.3747847080230713 0.40283316373825073 0.9215264320373535 -1 -1 -1 -1 -1 -1 -1 -1 -1
0.37667784094810486 0.399993896484375 0.9523752927780151 -1 -1 -1 -1 -1 -1 -1 -1 -1
0.37577953934669495 0.40036511421203613 0.9513252377510071 -1 -1 -1 -1 -1 -1 -1 -1 -1
0.3749559819698334 0.40288692712783813 0.9514207243919373 -1 -1 -1 -1 -1 -1 -1 -1 -1
0.36611559987068176 0.41619783639907837 0.8953652381896973 -1 -1 -1 -1 -1 -1 -1 -1 -1
0.3670825958251953 0.4141767621040344 0.9239524006843567 -1 -1 -1 -1 -1 -1 -1 -1 -1
0.3763934373855591 0.4124850034713745 0.8402063250541687 -1 -1 -1 -1 -1 -1 -1 -1 -1
0.377204567193985 0.4166499376296997 0.868818998336792 -1 -1 -1 -1 -1 -1 -1 -1 -1
0.3681013286113739 0.47235357761383057 0.8564283847808838 -1 -1 -1 -1 -1 -1 -1 -1 -1
0.36959052085876465 0.45419156551361084 0.8989375233650208 -1 -1 -1 -1 -1 -1 -1 -1 -1
0.3765731751918793 0.4937787652015686 0.05376385152339935 -1 -1 -1 -1 -1 -1 -1 -1 -1
0.3638869524002075 0.40960997343063354 0.630152702331543 -1 -1 -1 -1 -1 -1 -1 -1 -1
0.37538644671440125 0.49291205406188965 0.029315629974007607 -1 -1 -1 -1 -1 -1 -1 -1 -1
0.36729153990745544 0.3504040837287903 0.5202881693840027 -1 -1 -1 -1 -1 -1 -1 -1 -1
0.37391188740730286 0.49567437171936035 0.028988193720579147 -1 -1 -1 -1 -1 -1 -1 -1 -1
0.3766562044620514 0.33454984426498413 0.4387170970439911 -1 -1 -1 -1 -1 -1 -1 -1 -1
0.37470543384552 0.4922827482223511 0.029897816479206085 -1 -1 -1 -1 -1 -1 -1 -1 -1
0.3735499680042267 0.33406513929367065 0.41874009370803833 -1 -1 -1 -1 -1 -1 -1 -1 -1
0.37627729773521423 0.4908386766910553 0.03475607931613922 -1 -1 -1 -1 -1 -1 -1 -1 -1
0.37222403287887573 0.33976349234580994 0.384134441614151 -1 -1 -1 -1 -1 -1 -1 -1 -1
0.3531123995780945 0.6596963405609131 0.9834930896759033 -1 -1 -1 -1 -1 -1 -1 -1 -1
0.3566780388355255 0.6555015444755554 0.9837153553962708 -1 -1 -1 -1 -1 -1 -1 -1 -1
0.34240418672561646 0.5795454978942871 0.06247831881046295 -1 -1 -1 -1 -1 -1 -1 -1 -1
0.37575510144233704 0.5149606466293335 0.7022144198417664 -1 -1 -1 -1 -1 -1 -1 -1 -1
0.3622076213359833 0.43928226828575134 0.2396741360425949 -1 -1 -1 -1 -1 -1 -1 -1 -1
0.3717954754829407 0.3633319139480591 0.8551697134971619 -1 -1 -1 -1 -1 -1 -1 -1 -1
0.36786213517189026 0.4208882451057434 0.3709391951560974 -1 -1 -1 -1 -1 -1 -1 -1 -1
0.3934948742389679 0.3567504584789276 0.8449492454528809 -1 -1 -1 -1 -1 -1 -1 -1 -1
0.3532431721687317 0.3950166404247284 0.340505450963974 -1 -1 -1 -1 -1 -1 -1 -1 -1
0.37244680523872375 0.314039945602417 0.8572642207145691 -1 -1 -1 -1 -1 -1 -1 -1 -1
1 
