24
1 
33 
-1 -1 -1 -1 -1 -1 -1 -1 -1 -1
0.40198761224746704 0.5355619788169861 0.9974936246871948 -1 -1 -1 -1 -1 -1 -1 -1 -1
0.40006548166275024 0.5401962399482727 0.9975672960281372 -1 -1 -1 -1 -1 -1 -1 -1 -1
0.39944374561309814 0.5403559803962708 0.9964972138404846 -1 -1 -1 -1 -1 -1 -1 -1 -1
0.3988766074180603 0.5403773784637451 0.9967284202575684 -1 -1 -1 -1 -1 -1 -1 -1 -1
0.4022694230079651 0.5412112474441528 0.9980085492134094 -1 -1 -1 -1 -1 -1 -1 -1 -1
0.4031798839569092 0.5420523881912231 0.9974314570426941 -1 -1 -1 -1 -1 -1 -1 -1 -1
0.40407565236091614 0.5429198741912842 0.9977428913116455 -1 -1 -1 -1 -1 -1 -1 -1 -1
0.3984914720058441 0.5435252785682678 0.9936741590499878 -1 -1 -1 -1 -1 -1 -1 -1 -1
0.4067276120185852 0.5492553114891052 0.9972501397132874 -1 -1 -1 -1 -1 -1 -1 -1 -1
0.40301281213760376 0.5343611240386963 0.9969673752784729 -1 -1 -1 -1 -1 -1 -1 -1 -1
0.4047450125217438 0.5345144271850586 0.9975461363792419 -1 -1 -1 -1 -1 -1 -1 -1 -1
0.39536458253860474 0.5115897059440613 0.9984753727912903 -1 -1 -1 -1 -1 -1 -1 -1 -1
0.4229068160057068 0.5642560720443726 0.9993504881858826 -1 -1 -1 -1 -1 -1 -1 -1 -1
0.3979242146015167 0.443367600440979 0.45305779576301575 -1 -1 -1 -1 -1 -1 -1 -1 -1
0.44635820388793945 0.5953474640846252 0.8688647150993347 -1 -1 -1 -1 -1 -1 -1 -1 -1
0.4029020071029663 0.3838637173175812 0.5696555972099304 -1 -1 -1 -1 -1 -1 -1 -1 -1
0.45154905319213867 0.627224862575531 0.9037915468215942 -1 -1 -1 -1 -1 -1 -1 -1 -1
0.40242448449134827 0.36588314175605774 0.5092570781707764 -1 -1 -1 -1 -1 -1 -1 -1 -1
0.45663735270500183 0.6359245181083679 0.8813295364379883 -1 -1 -1 -1 -1 -1 -1 -1 -1
0.4055109918117523 0.3662320375442505 0.49188655614852905 -1 -1 -1 -1 -1 -1 -1 -1 -1
0.4536014199256897 0.6351197957992554 0.8702278137207031 -1 -1 -1 -1 -1 -1 -1 -1 -1
0.40681740641593933 0.3737940192222595 0.48422470688819885 -1 -1 -1 -1 -1 -1 -1 -1 -1
0.45221424102783203 0.6316098570823669 0.8668714761734009 -1 -1 -1 -1 -1 -1 -1 -1 -1
0.4331415593624115 0.46736979484558105 0.9999700784683228 -1 -1 -1 -1 -1 -1 -1 -1 -1
0.4446072280406952 0.49391689896583557 0.999950647354126 -1 -1 -1 -1 -1 -1 -1 -1 -1
0.4309392273426056 0.37396273016929626 0.9862362742424011 -1 -1 -1 -1 -1 -1 -1 -1 -1
0.44655805826187134 0.47756969928741455 0.8839903473854065 -1 -1 -1 -1 -1 -1 -1 -1 -1
0.41964802145957947 0.34294167160987854 0.9902083873748779 -1 -1 -1 -1 -1 -1 -1 -1 -1
0.4456096589565277 0.5583675503730774 0.7731143236160278 -1 -1 -1 -1 -1 -1 -1 -1 -1
0.4262184202671051 0.345636248588562 0.979904294013977 -1 -1 -1 -1 -1 -1 -1 -1 -1
0.44843000173568726 0.5679602026939392 0.6725189685821533 -1 -1 -1 -1 -1 -1 -1 -1 -1
0.4006194472312927 0.3224027752876282 0.9867867231369019 -1 -1 -1 -1 -1 -1 -1 -1 -1
0.4417300820350647 0.5856156945228577 0.7483865022659302 -1 -1 -1 -1 -1 -1 -1 -1 -1
1 
33 
-1 -1 -1 -1 -1 -1 -1 -1 -1 -1
0.40545207262039185 0.5511111617088318 0.9895736575126648 -1 -1 -1 -1 -1 -1 -1 -1 -1
0.40529727935791016 0.5547956228256226 0.9935751557350159 -1 -1 -1 -1 -1 -1 -1 -1 -1
0.4050460457801819 0.555048406124115 0.9924167394638062 -1 -1 -1 -1 -1 -1 -1 -1 -1
0.4048880338668823 0.5552924871444702 0.9939720034599304 -1 -1 -1 -1 -1 -1 -1 -1 -1
0.40661904215812683 0.5540794730186462 0.9957103729248047 -1 -1 -1 -1 -1 -1 -1 -1 -1
0.40737298130989075 0.5537804961204529 0.9954831600189209 -1 -1 -1 -1 -1 -1 -1 -1 -1
0.4080808758735657 0.5534424185752869 0.9966115355491638 -1 -1 -1 -1 -1 -1 -1 -1 -1
0.4062053859233856 0.5550487637519836 0.9923559427261353 -1 -1 -1 -1 -1 -1 -1 -1 -1
0.4112708270549774 0.553195059299469 0.9955865144729614 -1 -1 -1 -1 -1 -1 -1 -1 -1
0.4059630036354065 0.5482826232910156 0.9917734265327454 -1 -1 -1 -1 -1 -1 -1 -1 -1
0.4069982171058655 0.5471306443214417 0.9934412240982056 -1 -1 -1 -1 -1 -1 -1 -1 -1
0.41216617822647095 0.5578296780586243 0.9896848201751709 -1 -1 -1 -1 -1 -1 -1 -1 -1
0.4173809587955475 0.5471901893615723 0.9989666938781738 -1 -1 -1 -1 -1 -1 -1 -1 -1
0.43556925654411316 0.5329268574714661 0.08710865676403046 -1 -1 -1 -1 -1 -1 -1 -1 -1
0.4483495056629181 0.5635806322097778 0.6721208691596985 -1 -1 -1 -1 -1 -1 -1 -1 -1
0.4355686604976654 0.5866565704345703 0.10886780917644501 -1 -1 -1 -1 -1 -1 -1 -1 -1
0.44606542587280273 0.5806186199188232 0.6684249043464661 -1 -1 -1 -1 -1 -1 -1 -1 -1
0.43469274044036865 0.6035085320472717 0.11899512261152267 -1 -1 -1 -1 -1 -1 -1 -1 -1
0.44893407821655273 0.586182177066803 0.6627880930900574 -1 -1 -1 -1 -1 -1 -1 -1 -1
0.43288204073905945 0.6057481169700623 0.10585705935955048 -1 -1 -1 -1 -1 -1 -1 -1 -1
0.4468141794204712 0.5900894999504089 0.6416527032852173 -1 -1 -1 -1 -1 -1 -1 -1 -1
0.4326595962047577 0.5936477184295654 0.10243453085422516 -1 -1 -1 -1 -1 -1 -1 -1 -1
0.4449577033519745 0.588547945022583 0.5968073606491089 -1 -1 -1 -1 -1 -1 -1 -1 -1
0.4601055979728699 0.5169054269790649 0.9998371601104736 -1 -1 -1 -1 -1 -1 -1 -1 -1
0.45339879393577576 0.5116732716560364 0.9998636245727539 -1 -1 -1 -1 -1 -1 -1 -1 -1
0.4418729245662689 0.394864559173584 0.8886126279830933 -1 -1 -1 -1 -1 -1 -1 -1 -1
0.42945396900177 0.4166180491447449 0.9550725817680359 -1 -1 -1 -1 -1 -1 -1 -1 -1
0.43318647146224976 0.3558492064476013 0.9844126105308533 -1 -1 -1 -1 -1 -1 -1 -1 -1
0.4256344437599182 0.3829926550388336 0.9773488640785217 -1 -1 -1 -1 -1 -1 -1 -1 -1
0.43622714281082153 0.3538525104522705 0.9808927774429321 -1 -1 -1 -1 -1 -1 -1 -1 -1
0.4250182509422302 0.3713354468345642 0.9494872689247131 -1 -1 -1 -1 -1 -1 -1 -1 -1
0.4164440929889679 0.3430382311344147 0.9710580110549927 -1 -1 -1 -1 -1 -1 -1 -1 -1
0.41851523518562317 0.37934863567352295 0.9545996189117432 -1 -1 -1 -1 -1 -1 -1 -1 -1
1 
33 
-1 -1 -1 -1 -1 -1 -1 -1 -1 -1
0.3789388835430145 0.5832657814025879 0.9853277206420898 -1 -1 -1 -1 -1 -1 -1 -1 -1
0.3781857192516327 0.5912954211235046 0.9884814023971558 -1 -1 -1 -1 -1 -1 -1 -1 -1
0.37768447399139404 0.5921537280082703 0.9837360978126526 -1 -1 -1 -1 -1 -1 -1 -1 -1
0.3771917521953583 0.5928952693939209 0.9861017465591431 -1 -1 -1 -1 -1 -1 -1 -1 -1
0.3803570568561554 0.5904279947280884 0.9910762310028076 -1 -1 -1 -1 -1 -1 -1 -1 -1
0.3813892602920532 0.5907764434814453 0.9898099899291992 -1 -1 -1 -1 -1 -1 -1 -1 -1
0.38241276144981384 0.5911460518836975 0.9922325611114502 -1 -1 -1 -1 -1 -1 -1 -1 -1
0.37917664647102356 0.5965582132339478 0.9810094833374023 -1 -1 -1 -1 -1 -1 -1 -1 -1
0.3870745301246643 0.5951458215713501 0.9939464926719666 -1 -1 -1 -1 -1 -1 -1 -1 -1
0.38025811314582825 0.5808232426643372 0.9901754260063171 -1 -1 -1 -1 -1 -1 -1 -1 -1
0.3824979066848755 0.5796942114830017 0.993860125541687 -1 -1 -1 -1 -1 -1 -1 -1 -1
0.3784058094024658 0.5623705983161926 0.9973639845848083 -1 -1 -1 -1 -1 -1 -1 -1 -1
0.40601277351379395 0.5948947072029114 0.9989080429077148 -1 -1 -1 -1 -1 -1 -1 -1 -1
0.38792669773101807 0.5098196864128113 0.12893500924110413 -1 -1 -1 -1 -1 -1 -1 -1 -1
0.4339037537574768 0.600898027420044 0.7291489839553833 -1 -1 -1 -1 -1 -1 -1 -1 -1
0.3973503112792969 0.4731277823448181 0.2137802690267563 -1 -1 -1 -1 -1 -1 -1 -1 -1
0.4385524392127991 0.6243159770965576 0.7530937194824219 -1 -1 -1 -1 -1 -1 -1 -1 -1
0.3985612094402313 0.45982712507247925 0.2005150467157364 -1 -1 -1 -1 -1 -1 -1 -1 -1
0.4432829022407532 0.6309146881103516 0.7058249711990356 -1 -1 -1 -1 -1 -1 -1 -1 -1
0.40105119347572327 0.4631507992744446 0.19227050244808197 -1 -1 -1 -1 -1 -1 -1 -1 -1
0.4410829544067383 0.6321273446083069 0.6951395869255066 -1 -1 -1 -1 -1 -1 -1 -1 -1
0.40130430459976196 0.4695671796798706 0.18277062475681305 -1 -1 -1 -1 -1 -1 -1 -1 -1
0.43965786695480347 0.6296772360801697 0.7073270678520203 -1 -1 -1 -1 -1 -1 -1 -1 -1
0.4221356511116028 0.4936404824256897 0.9998143315315247 -1 -1 -1 -1 -1 -1 -1 -1 -1
0.43514829874038696 0.5146716237068176 0.9998279809951782 -1 -1 -1 -1 -1 -1 -1 -1 -1
0.42803749442100525 0.42581671476364136 0.6862478256225586 -1 -1 -1 -1 -1 -1 -1 -1 -1
0.44768548011779785 0.4666510820388794 0.7344068288803101 -1 -1 -1 -1 -1 -1 -1 -1 -1
0.4322861433029175 0.4525213837623596 0.7531565427780151 -1 -1 -1 -1 -1 -1 -1 -1 -1
0.43661636114120483 0.5913051962852478 0.5592416524887085 -1 -1 -1 -1 -1 -1 -1 -1 -1
0.43396615982055664 0.4609159529209137 0.6739481687545776 -1 -1 -1 -1 -1 -1 -1 -1 -1
0.43411898612976074 0.6052190661430359 0.5027458071708679 -1 -1 -1 -1 -1 -1 -1 -1 -1
0.4341372847557068 0.4464881420135498 0.7558282017707825 -1 -1 -1 -1 -1 -1 -1 -1 -1
0.44133657217025757 0.5926976799964905 0.54056316614151 -1 -1 -1 -1 -1 -1 -1 -1 -1
1 
33 
-1 -1 -1 -1 -1 -1 -1 -1 -1 -1
0.3556705713272095 0.6670088768005371 0.9824436902999878 -1 -1 -1 -1 -1 -1 -1 -1 -1
0.3536708950996399 0.6639068126678467 0.9917594790458679 -1 -1 -1 -1 -1 -1 -1 -1 -1
0.353503555059433 0.6635082364082336 0.9910180568695068 -1 -1 -1 -1 -1 -1 -1 -1 -1
0.353345662355423 0.6631863117218018 0.9899966716766357 -1 -1 -1 -1 -1 -1 -1 -1 -1
0.3548625707626343 0.6666486263275146 0.9879468083381653 -1 -1 -1 -1 -1 -1 -1 -1 -1
0.35465559363365173 0.6699533462524414 0.9867096543312073 -1 -1 -1 -1 -1 -1 -1 -1 -1
0.3550875782966614 0.6710957884788513 0.9856439828872681 -1 -1 -1 -1 -1 -1 -1 -1 -1
0.35671186447143555 0.6606123447418213 0.9899946451187134 -1 -1 -1 -1 -1 -1 -1 -1 -1
0.35906657576560974 0.6704350113868713 0.9755173325538635 -1 -1 -1 -1 -1 -1 -1 -1 -1
0.35818421840667725 0.6670623421669006 0.9649524688720703 -1 -1 -1 -1 -1 -1 -1 -1 -1
0.3601042926311493 0.668868899345398 0.9422764778137207 -1 -1 -1 -1 -1 -1 -1 -1 -1
0.3726920187473297 0.6449498534202576 0.9715622067451477 -1 -1 -1 -1 -1 -1 -1 -1 -1
0.3714197278022766 0.6729511022567749 0.8553987145423889 -1 -1 -1 -1 -1 -1 -1 -1 -1
0.3784746825695038 0.6547447443008423 0.5710055828094482 -1 -1 -1 -1 -1 -1 -1 -1 -1
0.35061129927635193 0.6877791881561279 0.31307634711265564 -1 -1 -1 -1 -1 -1 -1 -1 -1
0.3881712257862091 0.6602219939231873 0.10655755549669266 -1 -1 -1 -1 -1 -1 -1 -1 -1
0.3316373825073242 0.6752219796180725 0.23493695259094238 -1 -1 -1 -1 -1 -1 -1 -1 -1
0.3926186263561249 0.6602492332458496 0.07809402048587799 -1 -1 -1 -1 -1 -1 -1 -1 -1
0.32692670822143555 0.6705650687217712 0.1962696611881256 -1 -1 -1 -1 -1 -1 -1 -1 -1
0.39200133085250854 0.6606197357177734 0.08103442937135696 -1 -1 -1 -1 -1 -1 -1 -1 -1
0.3295908272266388 0.671673595905304 0.19015638530254364 -1 -1 -1 -1 -1 -1 -1 -1 -1
0.39003294706344604 0.6605874300003052 0.06543239951133728 -1 -1 -1 -1 -1 -1 -1 -1 -1
0.33156538009643555 0.6732646226882935 0.16737985610961914 -1 -1 -1 -1 -1 -1 -1 -1 -1
0.41262876987457275 0.5970476269721985 0.9993084669113159 -1 -1 -1 -1 -1 -1 -1 -1 -1
0.41752421855926514 0.6199020743370056 0.9980159997940063 -1 -1 -1 -1 -1 -1 -1 -1 -1
0.4228798449039459 0.5442798733711243 0.9302270412445068 -1 -1 -1 -1 -1 -1 -1 -1 -1
0.44063201546669006 0.5922649502754211 0.38359755277633667 -1 -1 -1 -1 -1 -1 -1 -1 -1
0.4285408556461334 0.5403561592102051 0.7688618898391724 -1 -1 -1 -1 -1 -1 -1 -1 -1
0.42787057161331177 0.598627507686615 0.2963096797466278 -1 -1 -1 -1 -1 -1 -1 -1 -1
0.4290931820869446 0.5440605282783508 0.72115159034729 -1 -1 -1 -1 -1 -1 -1 -1 -1
0.427144318819046 0.5992847681045532 0.3866099715232849 -1 -1 -1 -1 -1 -1 -1 -1 -1
0.43535342812538147 0.526519775390625 0.7268182039260864 -1 -1 -1 -1 -1 -1 -1 -1 -1
0.4311240315437317 0.6025334000587463 0.3118489384651184 -1 -1 -1 -1 -1 -1 -1 -1 -1
1 
33 
-1 -1 -1 -1 -1 -1 -1 -1 -1 -1
0.35602548718452454 0.6542046070098877 1.0 -1 -1 -1 -1 -1 -1 -1 -1 -1
0.3524490296840668 0.6649253964424133 1.0 -1 -1 -1 -1 -1 -1 -1 -1 -1
0.3512227535247803 0.6656169891357422 1.0 -1 -1 -1 -1 -1 -1 -1 -1 -1
0.35004866123199463 0.6659196019172668 1.0 -1 -1 -1 -1 -1 -1 -1 -1 -1
0.35430893301963806 0.6643418073654175 1.0 -1 -1 -1 -1 -1 -1 -1 -1 -1
0.35463327169418335 0.6653962135314941 1.0 -1 -1 -1 -1 -1 -1 -1 -1 -1
0.35510125756263733 0.6661900281906128 1.0 -1 -1 -1 -1 -1 -1 -1 -1 -1
0.3481382131576538 0.6714684963226318 1.0 -1 -1 -1 -1 -1 -1 -1 -1 -1
0.35573866963386536 0.6697474718093872 1.0 -1 -1 -1 -1 -1 -1 -1 -1 -1
0.35462915897369385 0.6476848721504211 1.0 -1 -1 -1 -1 -1 -1 -1 -1 -1
0.35796594619750977 0.6515675783157349 1.0 -1 -1 -1 -1 -1 -1 -1 -1 -1
0.3607162833213806 0.6589261889457703 1.0 -1 -1 -1 -1 -1 -1 -1 -1 -1
0.3571031093597412 0.6728700995445251 1.0 -1 -1 -1 -1 -1 -1 -1 -1 -1
0.3571082055568695 0.6506949663162231 1.0 -1 -1 -1 -1 -1 -1 -1 -1 -1
0.32984212040901184 0.6797075867652893 1.0 -1 -1 -1 -1 -1 -1 -1 -1 -1
0.3512188494205475 0.6581677794456482 1.0 -1 -1 -1 -1 -1 -1 -1 -1 -1
0.3197069466114044 0.6861734390258789 1.0 -1 -1 -1 -1 -1 -1 -1 -1 -1
0.3471378684043884 0.6763285994529724 0.9999990463256836 -1 -1 -1 -1 -1 -1 -1 -1 -1
0.31442224979400635 0.6906698942184448 1.0 -1 -1 -1 -1 -1 -1 -1 -1 -1
0.34892603754997253 0.6575076580047607 0.9999986886978149 -1 -1 -1 -1 -1 -1 -1 -1 -1
0.31589531898498535 0.6946266889572144 1.0 -1 -1 -1 -1 -1 -1 -1 -1 -1
0.35117316246032715 0.6485715508460999 0.9999978542327881 -1 -1 -1 -1 -1 -1 -1 -1 -1
0.3156906068325043 0.6865873336791992 1.0 -1 -1 -1 -1 -1 -1 -1 -1 -1
0.3935379385948181 0.6403443217277527 1.0 -1 -1 -1 -1 -1 -1 -1 -1 -1
0.39251288771629333 0.6665460467338562 1.0 -1 -1 -1 -1 -1 -1 -1 -1 -1
0.41062644124031067 0.6619936227798462 0.9999996423721313 -1 -1 -1 -1 -1 -1 -1 -1 -1
0.3946568965911865 0.6526898741722107 1.0 -1 -1 -1 -1 -1 -1 -1 -1 -1
0.43223831057548523 0.6222143173217773 0.46742764115333557 -1 -1 -1 -1 -1 -1 -1 -1 -1
0.43055596947669983 0.6499254703521729 0.9999452829360962 -1 -1 -1 -1 -1 -1 -1 -1 -1
0.4384157359600067 0.631415605545044 0.6623188853263855 -1 -1 -1 -1 -1 -1 -1 -1 -1
0.43859627842903137 0.6521944999694824 0.9998811483383179 -1 -1 -1 -1 -1 -1 -1 -1 -1
0.4445370137691498 0.5904231071472168 0.9768028259277344 -1 -1 -1 -1 -1 -1 -1 -1 -1
0.43443563580513 0.6296713948249817 0.9999998807907104 -1 -1 -1 -1 -1 -1 -1 -1 -1
1 
33 
-1 -1 -1 -1 -1 -1 -1 -1 -1 -1
0.35245826840400696 0.6500799059867859 0.9243509769439697 -1 -1 -1 -1 -1 -1 -1 -1 -1
0.34652945399284363 0.6594050526618958 0.9344701766967773 -1 -1 -1 -1 -1 -1 -1 -1 -1
0.34626203775405884 0.6591817140579224 0.9215568900108337 -1 -1 -1 -1 -1 -1 -1 -1 -1
0.34994369745254517 0.6531171202659607 0.9301375150680542 -1 -1 -1 -1 -1 -1 -1 -1 -1
0.34694230556488037 0.660491943359375 0.9129030704498291 -1 -1 -1 -1 -1 -1 -1 -1 -1
0.3486132323741913 0.6574715375900269 0.9108346700668335 -1 -1 -1 -1 -1 -1 -1 -1 -1
0.348596453666687 0.659377932548523 0.9253564476966858 -1 -1 -1 -1 -1 -1 -1 -1 -1
0.35402414202690125 0.6626906991004944 0.9315719604492188 -1 -1 -1 -1 -1 -1 -1 -1 -1
0.352384090423584 0.6701333522796631 0.8773811459541321 -1 -1 -1 -1 -1 -1 -1 -1 -1
0.3578624725341797 0.6529799103736877 0.8760694861412048 -1 -1 -1 -1 -1 -1 -1 -1 -1
0.3570581078529358 0.6563616991043091 0.8934028744697571 -1 -1 -1 -1 -1 -1 -1 -1 -1
0.37056660652160645 0.6624504923820496 0.9846121668815613 -1 -1 -1 -1 -1 -1 -1 -1 -1
0.37140214443206787 0.6844097971916199 0.9738803505897522 -1 -1 -1 -1 -1 -1 -1 -1 -1
0.3595789074897766 0.6478641033172607 0.0954471305012703 -1 -1 -1 -1 -1 -1 -1 -1 -1
0.3426000475883484 0.6716247200965881 0.5752058625221252 -1 -1 -1 -1 -1 -1 -1 -1 -1
0.3407706320285797 0.6378865838050842 0.07270127534866333 -1 -1 -1 -1 -1 -1 -1 -1 -1
0.3141351640224457 0.6537693738937378 0.5001524686813354 -1 -1 -1 -1 -1 -1 -1 -1 -1
0.33706194162368774 0.6350358724594116 0.09988574683666229 -1 -1 -1 -1 -1 -1 -1 -1 -1
0.31140393018722534 0.6451464295387268 0.4922047555446625 -1 -1 -1 -1 -1 -1 -1 -1 -1
0.33565160632133484 0.6359575986862183 0.10157417505979538 -1 -1 -1 -1 -1 -1 -1 -1 -1
0.30933672189712524 0.6504920721054077 0.4776747524738312 -1 -1 -1 -1 -1 -1 -1 -1 -1
0.33700332045555115 0.6367729306221008 0.10501143336296082 -1 -1 -1 -1 -1 -1 -1 -1 -1
0.31183481216430664 0.6523235440254211 0.41787901520729065 -1 -1 -1 -1 -1 -1 -1 -1 -1
0.4291864335536957 0.6195389032363892 0.9917261600494385 -1 -1 -1 -1 -1 -1 -1 -1 -1
0.43395209312438965 0.6301621198654175 0.9816325902938843 -1 -1 -1 -1 -1 -1 -1 -1 -1
0.42886123061180115 0.5150094032287598 0.5363598465919495 -1 -1 -1 -1 -1 -1 -1 -1 -1
0.43205416202545166 0.5667738914489746 0.3522357940673828 -1 -1 -1 -1 -1 -1 -1 -1 -1
0.4193839132785797 0.4795577824115753 0.4465813934803009 -1 -1 -1 -1 -1 -1 -1 -1 -1
0.42664003372192383 0.541784942150116 0.3274573087692261 -1 -1 -1 -1 -1 -1 -1 -1 -1
0.41816598176956177 0.47977226972579956 0.5634135007858276 -1 -1 -1 -1 -1 -1 -1 -1 -1
0.42538541555404663 0.5452185273170471 0.4710662364959717 -1 -1 -1 -1 -1 -1 -1 -1 -1
0.41685760021209717 0.4618418216705322 0.39919883012771606 -1 -1 -1 -1 -1 -1 -1 -1 -1
0.42715781927108765 0.5240967273712158 0.3372718393802643 -1 -1 -1 -1 -1 -1 -1 -1 -1
1 
33 
-1 -1 -1 -1 -1 -1 -1 -1 -1 -1
0.4235096275806427 0.48648953437805176 0.9686059355735779 -1 -1 -1 -1 -1 -1 -1 -1 -1
0.42188888788223267 0.48748642206192017 0.9683755040168762 -1 -1 -1 -1 -1 -1 -1 -1 -1
0.42119044065475464 0.48717451095581055 0.9648277163505554 -1 -1 -1 -1 -1 -1 -1 -1 -1
0.4205588400363922 0.4867827296257019 0.9667515754699707 -1 -1 -1 -1 -1 -1 -1 -1 -1
0.42368292808532715 0.488870233297348 0.9822229146957397 -1 -1 -1 -1 -1 -1 -1 -1 -1
0.42423152923583984 0.48942041397094727 0.9825721979141235 -1 -1 -1 -1 -1 -1 -1 -1 -1
0.42474356293678284 0.48995938897132874 0.9819766283035278 -1 -1 -1 -1 -1 -1 -1 -1 -1
0.4182640612125397 0.48603278398513794 0.9627870917320251 -1 -1 -1 -1 -1 -1 -1 -1 -1
0.4247799813747406 0.49245527386665344 0.9758694767951965 -1 -1 -1 -1 -1 -1 -1 -1 -1
0.42234787344932556 0.48476076126098633 0.9320136904716492 -1 -1 -1 -1 -1 -1 -1 -1 -1
0.423946350812912 0.4858662188053131 0.9322551488876343 -1 -1 -1 -1 -1 -1 -1 -1 -1
0.4144972562789917 0.4775661826133728 0.9757365584373474 -1 -1 -1 -1 -1 -1 -1 -1 -1
0.42493587732315063 0.5042421817779541 0.9933706521987915 -1 -1 -1 -1 -1 -1 -1 -1 -1
0.405193567276001 0.4415202736854553 0.1355481892824173 -1 -1 -1 -1 -1 -1 -1 -1 -1
0.440051406621933 0.5564237236976624 0.7306846380233765 -1 -1 -1 -1 -1 -1 -1 -1 -1
0.40334540605545044 0.43356284499168396 0.27659451961517334 -1 -1 -1 -1 -1 -1 -1 -1 -1
0.43239742517471313 0.5957497954368591 0.7958117723464966 -1 -1 -1 -1 -1 -1 -1 -1 -1
0.404867559671402 0.43110543489456177 0.26933127641677856 -1 -1 -1 -1 -1 -1 -1 -1 -1
0.4332720637321472 0.6063646078109741 0.7302567958831787 -1 -1 -1 -1 -1 -1 -1 -1 -1
0.4020634591579437 0.4352463185787201 0.2496187537908554 -1 -1 -1 -1 -1 -1 -1 -1 -1
0.4317634403705597 0.6066983938217163 0.7111017107963562 -1 -1 -1 -1 -1 -1 -1 -1 -1
0.40072834491729736 0.4351425766944885 0.2645658552646637 -1 -1 -1 -1 -1 -1 -1 -1 -1
0.43173012137413025 0.6053690314292908 0.7071669101715088 -1 -1 -1 -1 -1 -1 -1 -1 -1
0.44451749324798584 0.4585666060447693 0.9998645782470703 -1 -1 -1 -1 -1 -1 -1 -1 -1
0.4387332797050476 0.4696338176727295 0.9998477697372437 -1 -1 -1 -1 -1 -1 -1 -1 -1
0.43827152252197266 0.41019484400749207 0.8142021298408508 -1 -1 -1 -1 -1 -1 -1 -1 -1
0.43435317277908325 0.4502270221710205 0.8020486235618591 -1 -1 -1 -1 -1 -1 -1 -1 -1
0.43862539529800415 0.446053147315979 0.9421213269233704 -1 -1 -1 -1 -1 -1 -1 -1 -1
0.4400433897972107 0.4977078437805176 0.9083405137062073 -1 -1 -1 -1 -1 -1 -1 -1 -1
0.4403848648071289 0.45640087127685547 0.9192279577255249 -1 -1 -1 -1 -1 -1 -1 -1 -1
0.44107934832572937 0.5017156004905701 0.8610447645187378 -1 -1 -1 -1 -1 -1 -1 -1 -1
0.43652400374412537 0.4526306688785553 0.8807832598686218 -1 -1 -1 -1 -1 -1 -1 -1 -1
0.4439709484577179 0.5176423788070679 0.8334684371948242 -1 -1 -1 -1 -1 -1 -1 -1 -1
1 
33 
-1 -1 -1 -1 -1 -1 -1 -1 -1 -1
0.34544211626052856 0.6903107166290283 0.951067328453064 -1 -1 -1 -1 -1 -1 -1 -1 -1
0.3442022502422333 0.6892699003219604 0.9630451798439026 -1 -1 -1 -1 -1 -1 -1 -1 -1
0.344769686460495 0.6896277070045471 0.9726668000221252 -1 -1 -1 -1 -1 -1 -1 -1 -1
0.34532618522644043 0.6899287104606628 0.9691455364227295 -1 -1 -1 -1 -1 -1 -1 -1 -1
0.3438633978366852 0.6869558691978455 0.9572134613990784 -1 -1 -1 -1 -1 -1 -1 -1 -1
0.34428122639656067 0.6858969926834106 0.963953971862793 -1 -1 -1 -1 -1 -1 -1 -1 -1
0.34265539050102234 0.6865301728248596 0.9598308801651001 -1 -1 -1 -1 -1 -1 -1 -1 -1
0.3518887758255005 0.688244640827179 0.9761797189712524 -1 -1 -1 -1 -1 -1 -1 -1 -1
0.3510303497314453 0.6803725361824036 0.9720999002456665 -1 -1 -1 -1 -1 -1 -1 -1 -1
0.3510202169418335 0.6915690898895264 0.9650853872299194 -1 -1 -1 -1 -1 -1 -1 -1 -1
0.35075101256370544 0.6895171999931335 0.9622159004211426 -1 -1 -1 -1 -1 -1 -1 -1 -1
0.3687206506729126 0.6851524114608765 0.9977350234985352 -1 -1 -1 -1 -1 -1 -1 -1 -1
0.36928045749664307 0.6725842952728271 0.983716607093811 -1 -1 -1 -1 -1 -1 -1 -1 -1
0.3426291346549988 0.6853238940238953 0.7054322361946106 -1 -1 -1 -1 -1 -1 -1 -1 -1
0.3418106436729431 0.6680043935775757 0.1806037724018097 -1 -1 -1 -1 -1 -1 -1 -1 -1
0.3183358311653137 0.6590009927749634 0.5229250192642212 -1 -1 -1 -1 -1 -1 -1 -1 -1
0.319847047328949 0.6511444449424744 0.19034630060195923 -1 -1 -1 -1 -1 -1 -1 -1 -1
0.31358593702316284 0.6496192216873169 0.502456784248352 -1 -1 -1 -1 -1 -1 -1 -1 -1
0.3152197003364563 0.6417819261550903 0.21632175147533417 -1 -1 -1 -1 -1 -1 -1 -1 -1
0.31357356905937195 0.6496887803077698 0.49117517471313477 -1 -1 -1 -1 -1 -1 -1 -1 -1
0.31560492515563965 0.6431049704551697 0.22303412854671478 -1 -1 -1 -1 -1 -1 -1 -1 -1
0.3178821802139282 0.6507864594459534 0.41788846254348755 -1 -1 -1 -1 -1 -1 -1 -1 -1
0.31777170300483704 0.6470964550971985 0.22788670659065247 -1 -1 -1 -1 -1 -1 -1 -1 -1
0.41710397601127625 0.5942174792289734 0.9978356957435608 -1 -1 -1 -1 -1 -1 -1 -1 -1
0.41512349247932434 0.5920517444610596 0.9972215890884399 -1 -1 -1 -1 -1 -1 -1 -1 -1
0.4302595555782318 0.5408093929290771 0.8653278946876526 -1 -1 -1 -1 -1 -1 -1 -1 -1
0.4266352653503418 0.5461912155151367 0.22638431191444397 -1 -1 -1 -1 -1 -1 -1 -1 -1
0.4258244037628174 0.6056361794471741 0.37643247842788696 -1 -1 -1 -1 -1 -1 -1 -1 -1
0.42407387495040894 0.5945888757705688 0.2374982237815857 -1 -1 -1 -1 -1 -1 -1 -1 -1
0.423771470785141 0.6165033578872681 0.515760064125061 -1 -1 -1 -1 -1 -1 -1 -1 -1
0.41593417525291443 0.5888296961784363 0.35912251472473145 -1 -1 -1 -1 -1 -1 -1 -1 -1
0.41546913981437683 0.6130096316337585 0.38651415705680847 -1 -1 -1 -1 -1 -1 -1 -1 -1
0.4146837890148163 0.584963321685791 0.30002695322036743 -1 -1 -1 -1 -1 -1 -1 -1 -1
1 
33 
-1 -1 -1 -1 -1 -1 -1 -1 -1 -1
0.3739071488380432 0.696094274520874 0.9080861806869507 -1 -1 -1 -1 -1 -1 -1 -1 -1
0.37474605441093445 0.7015224695205688 0.8982453942298889 -1 -1 -1 -1 -1 -1 -1 -1 -1
0.37520742416381836 0.7017058730125427 0.8877649307250977 -1 -1 -1 -1 -1 -1 -1 -1 -1
0.37564870715141296 0.7018525004386902 0.9076870083808899 -1 -1 -1 -1 -1 -1 -1 -1 -1
0.37444931268692017 0.7008756399154663 0.9319397807121277 -1 -1 -1 -1 -1 -1 -1 -1 -1
0.37485983967781067 0.7007597088813782 0.9228608012199402 -1 -1 -1 -1 -1 -1 -1 -1 -1
0.37525931000709534 0.7006598114967346 0.9401935338973999 -1 -1 -1 -1 -1 -1 -1 -1 -1
0.3800802230834961 0.6996482610702515 0.8563920259475708 -1 -1 -1 -1 -1 -1 -1 -1 -1
0.37940219044685364 0.6975165009498596 0.8808032274246216 -1 -1 -1 -1 -1 -1 -1 -1 -1
0.3763452470302582 0.6906617879867554 0.9040354490280151 -1 -1 -1 -1 -1 -1 -1 -1 -1
0.3761305809020996 0.6901996731758118 0.9039778709411621 -1 -1 -1 -1 -1 -1 -1 -1 -1
0.38719916343688965 0.6765077710151672 0.9603708386421204 -1 -1 -1 -1 -1 -1 -1 -1 -1
0.3833565413951874 0.6744714379310608 0.9648522734642029 -1 -1 -1 -1 -1 -1 -1 -1 -1
0.37912118434906006 0.6612686514854431 0.13493725657463074 -1 -1 -1 -1 -1 -1 -1 -1 -1
0.3674968481063843 0.6829357743263245 0.6675412058830261 -1 -1 -1 -1 -1 -1 -1 -1 -1
0.37121710181236267 0.657444953918457 0.12750107049942017 -1 -1 -1 -1 -1 -1 -1 -1 -1
0.3430323600769043 0.6829908490180969 0.7092922329902649 -1 -1 -1 -1 -1 -1 -1 -1 -1
0.37090203166007996 0.6566461324691772 0.17025138437747955 -1 -1 -1 -1 -1 -1 -1 -1 -1
0.3366855978965759 0.6789180636405945 0.6900131702423096 -1 -1 -1 -1 -1 -1 -1 -1 -1
0.3692222833633423 0.6616498827934265 0.16909687221050262 -1 -1 -1 -1 -1 -1 -1 -1 -1
0.3363218307495117 0.6843167543411255 0.6708749532699585 -1 -1 -1 -1 -1 -1 -1 -1 -1
0.3683457374572754 0.6606646776199341 0.15487679839134216 -1 -1 -1 -1 -1 -1 -1 -1 -1
0.3397181034088135 0.6850677132606506 0.5733869671821594 -1 -1 -1 -1 -1 -1 -1 -1 -1
0.4066694676876068 0.5764089822769165 0.9742321968078613 -1 -1 -1 -1 -1 -1 -1 -1 -1
0.40710508823394775 0.5737011432647705 0.972429096698761 -1 -1 -1 -1 -1 -1 -1 -1 -1
0.4177238345146179 0.5422901511192322 0.6110897660255432 -1 -1 -1 -1 -1 -1 -1 -1 -1
0.4203140139579773 0.5350580215454102 0.4277987480163574 -1 -1 -1 -1 -1 -1 -1 -1 -1
0.4178679883480072 0.5642715096473694 0.34188589453697205 -1 -1 -1 -1 -1 -1 -1 -1 -1
0.41909879446029663 0.5578488707542419 0.2592751383781433 -1 -1 -1 -1 -1 -1 -1 -1 -1
0.41784512996673584 0.5664742588996887 0.3465665280818939 -1 -1 -1 -1 -1 -1 -1 -1 -1
0.4188922941684723 0.5604798197746277 0.3731972873210907 -1 -1 -1 -1 -1 -1 -1 -1 -1
0.4203099310398102 0.5779873132705688 0.3684760630130768 -1 -1 -1 -1 -1 -1 -1 -1 -1
0.42084380984306335 0.5681775212287903 0.3417704105377197 -1 -1 -1 -1 -1 -1 -1 -1 -1
1 
33 
-1 -1 -1 -1 -1 -1 -1 -1 -1 -1
0.41349107027053833 0.4768680930137634 0.931098997592926 -1 -1 -1 -1 -1 -1 -1 -1 -1
0.41569459438323975 0.4808881878852844 0.9490340948104858 -1 -1 -1 -1 -1 -1 -1 -1 -1
0.4159380793571472 0.48252803087234497 0.9304336905479431 -1 -1 -1 -1 -1 -1 -1 -1 -1
0.41616135835647583 0.4840644299983978 0.9408944845199585 -1 -1 -1 -1 -1 -1 -1 -1 -1
0.41503435373306274 0.4761008322238922 0.9590907692909241 -1 -1 -1 -1 -1 -1 -1 -1 -1
0.4153824746608734 0.47440460324287415 0.9534944891929626 -1 -1 -1 -1 -1 -1 -1 -1 -1
0.4157494604587555 0.4727526903152466 0.9603056907653809 -1 -1 -1 -1 -1 -1 -1 -1 -1
0.418075293302536 0.4881180226802826 0.9129776954650879 -1 -1 -1 -1 -1 -1 -1 -1 -1
0.4188272953033447 0.47292613983154297 0.9772850275039673 -1 -1 -1 -1 -1 -1 -1 -1 -1
0.4131510853767395 0.48102331161499023 0.9474779963493347 -1 -1 -1 -1 -1 -1 -1 -1 -1
0.4124767482280731 0.4759065508842468 0.9291521906852722 -1 -1 -1 -1 -1 -1 -1 -1 -1
0.4115566611289978 0.5079931020736694 0.9233156442642212 -1 -1 -1 -1 -1 -1 -1 -1 -1
0.42765164375305176 0.4866918623447418 0.914246678352356 -1 -1 -1 -1 -1 -1 -1 -1 -1
0.3947107195854187 0.5201714634895325 0.1171884760260582 -1 -1 -1 -1 -1 -1 -1 -1 -1
0.4285067915916443 0.5094798803329468 0.927302896976471 -1 -1 -1 -1 -1 -1 -1 -1 -1
0.39362719655036926 0.5372936725616455 0.3424343764781952 -1 -1 -1 -1 -1 -1 -1 -1 -1
0.4190792143344879 0.5696710348129272 0.9674879312515259 -1 -1 -1 -1 -1 -1 -1 -1 -1
0.4142627418041229 0.562368631362915 0.38461560010910034 -1 -1 -1 -1 -1 -1 -1 -1 -1
0.4200831949710846 0.5776695609092712 0.9574638605117798 -1 -1 -1 -1 -1 -1 -1 -1 -1
0.41414082050323486 0.5628976225852966 0.33347976207733154 -1 -1 -1 -1 -1 -1 -1 -1 -1
0.419515997171402 0.578981339931488 0.9476081132888794 -1 -1 -1 -1 -1 -1 -1 -1 -1
0.39418885111808777 0.5394056439399719 0.3117872178554535 -1 -1 -1 -1 -1 -1 -1 -1 -1
0.4184953272342682 0.5791540145874023 0.9355972409248352 -1 -1 -1 -1 -1 -1 -1 -1 -1
0.4143558442592621 0.4535464644432068 0.999607503414154 -1 -1 -1 -1 -1 -1 -1 -1 -1
0.42137593030929565 0.46750515699386597 0.9956607222557068 -1 -1 -1 -1 -1 -1 -1 -1 -1
0.41584137082099915 0.34815913438796997 0.6619406342506409 -1 -1 -1 -1 -1 -1 -1 -1 -1
0.430698424577713 0.4977291524410248 0.2904074192047119 -1 -1 -1 -1 -1 -1 -1 -1 -1
0.4137369394302368 0.27399152517318726 0.9644604325294495 -1 -1 -1 -1 -1 -1 -1 -1 -1
0.41268712282180786 0.5565303564071655 0.35389819741249084 -1 -1 -1 -1 -1 -1 -1 -1 -1
0.4153590202331543 0.2637004256248474 0.9698312878608704 -1 -1 -1 -1 -1 -1 -1 -1 -1
0.4052046835422516 0.5620406270027161 0.5450183749198914 -1 -1 -1 -1 -1 -1 -1 -1 -1
0.40565040707588196 0.2543918192386627 0.907271146774292 -1 -1 -1 -1 -1 -1 -1 -1 -1
0.41606318950653076 0.575829029083252 0.3805704414844513 -1 -1 -1 -1 -1 -1 -1 -1 -1
1 
33 
-1 -1 -1 -1 -1 -1 -1 -1 -1 -1
0.4148622751235962 0.49997133016586304 0.8043731451034546 -1 -1 -1 -1 -1 -1 -1 -1 -1
0.41514989733695984 0.5066280364990234 0.8311441540718079 -1 -1 -1 -1 -1 -1 -1 -1 -1
0.4147610366344452 0.5073390603065491 0.8382858037948608 -1 -1 -1 -1 -1 -1 -1 -1 -1
0.4144202470779419 0.5079092979431152 0.8055378198623657 -1 -1 -1 -1 -1 -1 -1 -1 -1
0.4168100953102112 0.5053399205207825 0.9081957340240479 -1 -1 -1 -1 -1 -1 -1 -1 -1
0.41763657331466675 0.5051227807998657 0.9200619459152222 -1 -1 -1 -1 -1 -1 -1 -1 -1
0.4184165596961975 0.5049353837966919 0.9117785692214966 -1 -1 -1 -1 -1 -1 -1 -1 -1
0.41545742750167847 0.5092412233352661 0.7938227653503418 -1 -1 -1 -1 -1 -1 -1 -1 -1
0.4215033948421478 0.5066298842430115 0.9249797463417053 -1 -1 -1 -1 -1 -1 -1 -1 -1
0.4146732687950134 0.4973095655441284 0.7049112319946289 -1 -1 -1 -1 -1 -1 -1 -1 -1
0.4162387251853943 0.4951642155647278 0.7594394683837891 -1 -1 -1 -1 -1 -1 -1 -1 -1
0.41049203276634216 0.48640596866607666 0.9677313566207886 -1 -1 -1 -1 -1 -1 -1 -1 -1
0.4258224666118622 0.5055175423622131 0.9891123175621033 -1 -1 -1 -1 -1 -1 -1 -1 -1
0.40343302488327026 0.44511014223098755 0.1334957629442215 -1 -1 -1 -1 -1 -1 -1 -1 -1
0.4400692880153656 0.5301160216331482 0.6655323505401611 -1 -1 -1 -1 -1 -1 -1 -1 -1
0.39817002415657043 0.42192524671554565 0.2963859736919403 -1 -1 -1 -1 -1 -1 -1 -1 -1
0.42587730288505554 0.5401979684829712 0.6238263845443726 -1 -1 -1 -1 -1 -1 -1 -1 -1
0.39966702461242676 0.4165180027484894 0.32388192415237427 -1 -1 -1 -1 -1 -1 -1 -1 -1
0.4257677495479584 0.5411943197250366 0.5629306435585022 -1 -1 -1 -1 -1 -1 -1 -1 -1
0.39612090587615967 0.4191704988479614 0.316704660654068 -1 -1 -1 -1 -1 -1 -1 -1 -1
0.4232497811317444 0.5472046136856079 0.5280364155769348 -1 -1 -1 -1 -1 -1 -1 -1 -1
0.39478352665901184 0.419597327709198 0.3239525854587555 -1 -1 -1 -1 -1 -1 -1 -1 -1
0.42279818654060364 0.5477753281593323 0.5428630113601685 -1 -1 -1 -1 -1 -1 -1 -1 -1
0.454672247171402 0.4450213313102722 0.999322772026062 -1 -1 -1 -1 -1 -1 -1 -1 -1
0.4527672827243805 0.45559629797935486 0.9996191263198853 -1 -1 -1 -1 -1 -1 -1 -1 -1
0.44134390354156494 0.40891754627227783 0.6664495468139648 -1 -1 -1 -1 -1 -1 -1 -1 -1
0.43709811568260193 0.4443756937980652 0.8343042731285095 -1 -1 -1 -1 -1 -1 -1 -1 -1
0.41894885897636414 0.4752102792263031 0.6821476817131042 -1 -1 -1 -1 -1 -1 -1 -1 -1
0.41600438952445984 0.5255641937255859 0.8648203015327454 -1 -1 -1 -1 -1 -1 -1 -1 -1
0.41601693630218506 0.48646944761276245 0.6369457840919495 -1 -1 -1 -1 -1 -1 -1 -1 -1
0.4149176776409149 0.5320188999176025 0.7678359150886536 -1 -1 -1 -1 -1 -1 -1 -1 -1
0.41531869769096375 0.5026068687438965 0.5953704118728638 -1 -1 -1 -1 -1 -1 -1 -1 -1
0.40687552094459534 0.5645185708999634 0.7888150811195374 -1 -1 -1 -1 -1 -1 -1 -1 -1
1 
33 
-1 -1 -1 -1 -1 -1 -1 -1 -1 -1
0.3928717076778412 0.532611072063446 0.9963028430938721 -1 -1 -1 -1 -1 -1 -1 -1 -1
0.39298591017723083 0.5341303944587708 0.9970464110374451 -1 -1 -1 -1 -1 -1 -1 -1 -1
0.3926638066768646 0.5353394150733948 0.9956940412521362 -1 -1 -1 -1 -1 -1 -1 -1 -1
0.3923686146736145 0.5364521741867065 0.9953328967094421 -1 -1 -1 -1 -1 -1 -1 -1 -1
0.3940492272377014 0.5305010080337524 0.9972954392433167 -1 -1 -1 -1 -1 -1 -1 -1 -1
0.3946034908294678 0.5293753743171692 0.9968366622924805 -1 -1 -1 -1 -1 -1 -1 -1 -1
0.39516302943229675 0.5282912850379944 0.9978445768356323 -1 -1 -1 -1 -1 -1 -1 -1 -1
0.3921675384044647 0.5387356877326965 0.9868403673171997 -1 -1 -1 -1 -1 -1 -1 -1 -1
0.3973008096218109 0.5299887657165527 0.9983844757080078 -1 -1 -1 -1 -1 -1 -1 -1 -1
0.3926042914390564 0.5356104969978333 0.9954919219017029 -1 -1 -1 -1 -1 -1 -1 -1 -1
0.3931489586830139 0.5311092138290405 0.997359573841095 -1 -1 -1 -1 -1 -1 -1 -1 -1
0.38374173641204834 0.5319849252700806 0.9967290163040161 -1 -1 -1 -1 -1 -1 -1 -1 -1
0.4090065062046051 0.5450235605239868 0.9990338087081909 -1 -1 -1 -1 -1 -1 -1 -1 -1
0.38012224435806274 0.4931219518184662 0.39149633049964905 -1 -1 -1 -1 -1 -1 -1 -1 -1
0.42050862312316895 0.5784595608711243 0.8596965074539185 -1 -1 -1 -1 -1 -1 -1 -1 -1
0.39106088876724243 0.45481231808662415 0.34224018454551697 -1 -1 -1 -1 -1 -1 -1 -1 -1
0.4055853486061096 0.5981982350349426 0.8731142282485962 -1 -1 -1 -1 -1 -1 -1 -1 -1
0.3956931531429291 0.44279956817626953 0.3231056034564972 -1 -1 -1 -1 -1 -1 -1 -1 -1
0.4122185707092285 0.6002483367919922 0.7933891415596008 -1 -1 -1 -1 -1 -1 -1 -1 -1
0.3975680470466614 0.4415057897567749 0.28518280386924744 -1 -1 -1 -1 -1 -1 -1 -1 -1
0.4021502435207367 0.6012234091758728 0.7701905965805054 -1 -1 -1 -1 -1 -1 -1 -1 -1
0.3957112729549408 0.445734441280365 0.2435024529695511 -1 -1 -1 -1 -1 -1 -1 -1 -1
0.4029512405395508 0.6023743748664856 0.771202564239502 -1 -1 -1 -1 -1 -1 -1 -1 -1
0.41585713624954224 0.46775928139686584 0.9998949766159058 -1 -1 -1 -1 -1 -1 -1 -1 -1
0.4228934347629547 0.4790841341018677 0.9999727010726929 -1 -1 -1 -1 -1 -1 -1 -1 -1
0.41364365816116333 0.39466679096221924 0.7308892011642456 -1 -1 -1 -1 -1 -1 -1 -1 -1
0.4269088804721832 0.47718822956085205 0.698284387588501 -1 -1 -1 -1 -1 -1 -1 -1 -1
0.4044003188610077 0.37970948219299316 0.9723725318908691 -1 -1 -1 -1 -1 -1 -1 -1 -1
0.4015173614025116 0.5567561388015747 0.7739595770835876 -1 -1 -1 -1 -1 -1 -1 -1 -1
0.4043801724910736 0.3774805963039398 0.9587604999542236 -1 -1 -1 -1 -1 -1 -1 -1 -1
0.39663511514663696 0.561489999294281 0.755323052406311 -1 -1 -1 -1 -1 -1 -1 -1 -1
0.39946797490119934 0.3742982745170593 0.944811999797821 -1 -1 -1 -1 -1 -1 -1 -1 -1
0.40342503786087036 0.6023629903793335 0.7944482564926147 -1 -1 -1 -1 -1 -1 -1 -1 -1
1 
33 
-1 -1 -1 -1 -1 -1 -1 -1 -1 -1
0.3769565522670746 0.26673591136932373 0.9953281879425049 -1 -1 -1 -1 -1 -1 -1 -1 -1
0.3776237368583679 0.26275724172592163 0.9965596795082092 -1 -1 -1 -1 -1 -1 -1 -1 -1
0.37826427817344666 0.26189738512039185 0.9956721067428589 -1 -1 -1 -1 -1 -1 -1 -1 -1
0.3788951635360718 0.2610469162464142 0.9965227842330933 -1 -1 -1 -1 -1 -1 -1 -1 -1
0.3774926960468292 0.2628597021102905 0.9951230883598328 -1 -1 -1 -1 -1 -1 -1 -1 -1
0.3779900372028351 0.2621220350265503 0.9943986535072327 -1 -1 -1 -1 -1 -1 -1 -1 -1
0.3784443140029907 0.26125290989875793 0.9946021437644958 -1 -1 -1 -1 -1 -1 -1 -1 -1
0.38539817929267883 0.2558870017528534 0.9933213591575623 -1 -1 -1 -1 -1 -1 -1 -1 -1
0.3842879831790924 0.25533467531204224 0.9883289337158203 -1 -1 -1 -1 -1 -1 -1 -1 -1
0.38251376152038574 0.2648809552192688 0.9974974989891052 -1 -1 -1 -1 -1 -1 -1 -1 -1
0.3821101486682892 0.26577937602996826 0.9968945980072021 -1 -1 -1 -1 -1 -1 -1 -1 -1
0.40619513392448425 0.26754918694496155 0.9993138313293457 -1 -1 -1 -1 -1 -1 -1 -1 -1
0.40319493412971497 0.2595581114292145 0.9872833490371704 -1 -1 -1 -1 -1 -1 -1 -1 -1
0.4161735773086548 0.2790824770927429 0.958453893661499 -1 -1 -1 -1 -1 -1 -1 -1 -1
0.4042695462703705 0.22952377796173096 0.036628514528274536 -1 -1 -1 -1 -1 -1 -1 -1 -1
0.4115214943885803 0.2791207432746887 0.7381091117858887 -1 -1 -1 -1 -1 -1 -1 -1 -1
0.4053960144519806 0.19214843213558197 0.05545439198613167 -1 -1 -1 -1 -1 -1 -1 -1 -1
0.4069739580154419 0.24812963604927063 0.6765760779380798 -1 -1 -1 -1 -1 -1 -1 -1 -1
0.40873727202415466 0.1820898950099945 0.09455350786447525 -1 -1 -1 -1 -1 -1 -1 -1 -1
0.40735575556755066 0.24531027674674988 0.6447564363479614 -1 -1 -1 -1 -1 -1 -1 -1 -1
0.4069138765335083 0.18144790828227997 0.0940159261226654 -1 -1 -1 -1 -1 -1 -1 -1 -1
0.4121675491333008 0.27567195892333984 0.6221189498901367 -1 -1 -1 -1 -1 -1 -1 -1 -1
0.4048779308795929 0.18478907644748688 0.09929826110601425 -1 -1 -1 -1 -1 -1 -1 -1 -1
0.43601593375205994 0.3841537833213806 0.9994651675224304 -1 -1 -1 -1 -1 -1 -1 -1 -1
0.4295072555541992 0.37406104803085327 0.992946445941925 -1 -1 -1 -1 -1 -1 -1 -1 -1
0.42464005947113037 0.4681627154350281 0.9938459992408752 -1 -1 -1 -1 -1 -1 -1 -1 -1
0.42631006240844727 0.3128737807273865 0.11841853708028793 -1 -1 -1 -1 -1 -1 -1 -1 -1
0.4220903813838959 0.5841795802116394 0.9792559146881104 -1 -1 -1 -1 -1 -1 -1 -1 -1
0.4086776673793793 0.27489304542541504 0.15301015973091125 -1 -1 -1 -1 -1 -1 -1 -1 -1
0.4234147369861603 0.5948836803436279 0.9706994295120239 -1 -1 -1 -1 -1 -1 -1 -1 -1
0.4243975579738617 0.2806428074836731 0.3869679570198059 -1 -1 -1 -1 -1 -1 -1 -1 -1
0.4105641543865204 0.6129916310310364 0.9476178884506226 -1 -1 -1 -1 -1 -1 -1 -1 -1
0.4262458086013794 0.2646763026714325 0.22830574214458466 -1 -1 -1 -1 -1 -1 -1 -1 -1
1 
33 
-1 -1 -1 -1 -1 -1 -1 -1 -1 -1
0.37144309282302856 0.28789591789245605 0.9949434399604797 -1 -1 -1 -1 -1 -1 -1 -1 -1
0.3710973858833313 0.2818600535392761 0.9977225661277771 -1 -1 -1 -1 -1 -1 -1 -1 -1
0.3715265393257141 0.28090834617614746 0.9975391626358032 -1 -1 -1 -1 -1 -1 -1 -1 -1
0.3720446228981018 0.28003036975860596 0.9976165294647217 -1 -1 -1 -1 -1 -1 -1 -1 -1
0.3713229298591614 0.282903254032135 0.9967533946037292 -1 -1 -1 -1 -1 -1 -1 -1 -1
0.3719146251678467 0.28258728981018066 0.9957212209701538 -1 -1 -1 -1 -1 -1 -1 -1 -1
0.37263059616088867 0.28214263916015625 0.996239185333252 -1 -1 -1 -1 -1 -1 -1 -1 -1
0.37890174984931946 0.27751630544662476 0.9963416457176208 -1 -1 -1 -1 -1 -1 -1 -1 -1
0.37941035628318787 0.27754873037338257 0.9948167204856873 -1 -1 -1 -1 -1 -1 -1 -1 -1
0.37677332758903503 0.28682976961135864 0.9922276139259338 -1 -1 -1 -1 -1 -1 -1 -1 -1
0.37717533111572266 0.2890326976776123 0.9904631972312927 -1 -1 -1 -1 -1 -1 -1 -1 -1
0.4059051275253296 0.29223567247390747 0.9989270567893982 -1 -1 -1 -1 -1 -1 -1 -1 -1
0.406924843788147 0.2839454412460327 0.9912748336791992 -1 -1 -1 -1 -1 -1 -1 -1 -1
0.41066262125968933 0.268288254737854 0.9594811201095581 -1 -1 -1 -1 -1 -1 -1 -1 -1
0.405323326587677 0.2514774799346924 0.046670086681842804 -1 -1 -1 -1 -1 -1 -1 -1 -1
0.41906794905662537 0.24084678292274475 0.8273687362670898 -1 -1 -1 -1 -1 -1 -1 -1 -1
0.4139443635940552 0.20731325447559357 0.06410494446754456 -1 -1 -1 -1 -1 -1 -1 -1 -1
0.42098483443260193 0.23168423771858215 0.8144149780273438 -1 -1 -1 -1 -1 -1 -1 -1 -1
0.4189622700214386 0.2053174525499344 0.10355175286531448 -1 -1 -1 -1 -1 -1 -1 -1 -1
0.42150023579597473 0.23056384921073914 0.80663001537323 -1 -1 -1 -1 -1 -1 -1 -1 -1
0.41794776916503906 0.20527906715869904 0.10676787793636322 -1 -1 -1 -1 -1 -1 -1 -1 -1
0.4209483861923218 0.2340993732213974 0.7425087690353394 -1 -1 -1 -1 -1 -1 -1 -1 -1
0.4154309928417206 0.20929118990898132 0.1181875616312027 -1 -1 -1 -1 -1 -1 -1 -1 -1
0.44195181131362915 0.41706350445747375 0.998214602470398 -1 -1 -1 -1 -1 -1 -1 -1 -1
0.438945472240448 0.4135279655456543 0.9966036081314087 -1 -1 -1 -1 -1 -1 -1 -1 -1
0.4258139133453369 0.48034268617630005 0.947921633720398 -1 -1 -1 -1 -1 -1 -1 -1 -1
0.4328628182411194 0.5055996775627136 0.3157687485218048 -1 -1 -1 -1 -1 -1 -1 -1 -1
0.4238346219062805 0.5957129597663879 0.8647357821464539 -1 -1 -1 -1 -1 -1 -1 -1 -1
0.4234207272529602 0.5954926013946533 0.29148250818252563 -1 -1 -1 -1 -1 -1 -1 -1 -1
0.4278497099876404 0.609717071056366 0.9342963695526123 -1 -1 -1 -1 -1 -1 -1 -1 -1
0.4273543059825897 0.613584041595459 0.5010063052177429 -1 -1 -1 -1 -1 -1 -1 -1 -1
0.40436819195747375 0.6245064735412598 0.8548921942710876 -1 -1 -1 -1 -1 -1 -1 -1 -1
0.403341680765152 0.6282274127006531 0.3779146671295166 -1 -1 -1 -1 -1 -1 -1 -1 -1
1 
33 
-1 -1 -1 -1 -1 -1 -1 -1 -1 -1
0.4223838448524475 0.4857169985771179 0.9898142218589783 -1 -1 -1 -1 -1 -1 -1 -1 -1
0.42047375440597534 0.48769915103912354 0.9948921203613281 -1 -1 -1 -1 -1 -1 -1 -1 -1
0.42056480050086975 0.48778674006462097 0.992618978023529 -1 -1 -1 -1 -1 -1 -1 -1 -1
0.42079049348831177 0.48794183135032654 0.9940826296806335 -1 -1 -1 -1 -1 -1 -1 -1 -1
0.4204730689525604 0.4875609874725342 0.9927666187286377 -1 -1 -1 -1 -1 -1 -1 -1 -1
0.42053425312042236 0.48748743534088135 0.9899418950080872 -1 -1 -1 -1 -1 -1 -1 -1 -1
0.4207693338394165 0.48744362592697144 0.9914252758026123 -1 -1 -1 -1 -1 -1 -1 -1 -1
0.4230092167854309 0.48261696100234985 0.9947912693023682 -1 -1 -1 -1 -1 -1 -1 -1 -1
0.4234935939311981 0.4832962453365326 0.9907884001731873 -1 -1 -1 -1 -1 -1 -1 -1 -1
0.4235111474990845 0.4822905659675598 0.9942253232002258 -1 -1 -1 -1 -1 -1 -1 -1 -1
0.42384156584739685 0.4825266897678375 0.9926614761352539 -1 -1 -1 -1 -1 -1 -1 -1 -1
0.42796483635902405 0.474598228931427 0.9705449342727661 -1 -1 -1 -1 -1 -1 -1 -1 -1
0.42770352959632874 0.48044753074645996 0.9680721759796143 -1 -1 -1 -1 -1 -1 -1 -1 -1
0.42485371232032776 0.538030207157135 0.3602943420410156 -1 -1 -1 -1 -1 -1 -1 -1 -1
0.4240456819534302 0.5483514666557312 0.4792875051498413 -1 -1 -1 -1 -1 -1 -1 -1 -1
0.4194270074367523 0.5987009406089783 0.39170268177986145 -1 -1 -1 -1 -1 -1 -1 -1 -1
0.41749271750450134 0.6140830516815186 0.6759076118469238 -1 -1 -1 -1 -1 -1 -1 -1 -1
0.4218309223651886 0.6096119284629822 0.41081154346466064 -1 -1 -1 -1 -1 -1 -1 -1 -1
0.4178236722946167 0.6273254156112671 0.7190801501274109 -1 -1 -1 -1 -1 -1 -1 -1 -1
0.42109549045562744 0.6110774278640747 0.4045729339122772 -1 -1 -1 -1 -1 -1 -1 -1 -1
0.41777896881103516 0.626133382320404 0.6876545548439026 -1 -1 -1 -1 -1 -1 -1 -1 -1
0.4193612337112427 0.607576310634613 0.3899762034416199 -1 -1 -1 -1 -1 -1 -1 -1 -1
0.4171552062034607 0.6228182315826416 0.623603880405426 -1 -1 -1 -1 -1 -1 -1 -1 -1
0.4410781264305115 0.4186527729034424 0.9997242093086243 -1 -1 -1 -1 -1 -1 -1 -1 -1
0.44589316844940186 0.4255881607532501 0.9993337988853455 -1 -1 -1 -1 -1 -1 -1 -1 -1
0.3991697430610657 0.3576333522796631 0.8871601223945618 -1 -1 -1 -1 -1 -1 -1 -1 -1
0.42236828804016113 0.422737181186676 0.7118229866027832 -1 -1 -1 -1 -1 -1 -1 -1 -1
0.40503498911857605 0.33184757828712463 0.9136176705360413 -1 -1 -1 -1 -1 -1 -1 -1 -1
0.4066244959831238 0.44437333941459656 0.8772184252738953 -1 -1 -1 -1 -1 -1 -1 -1 -1
0.4071044921875 0.3343237042427063 0.9351134300231934 -1 -1 -1 -1 -1 -1 -1 -1 -1
0.4056873023509979 0.4499366879463196 0.9086586833000183 -1 -1 -1 -1 -1 -1 -1 -1 -1
0.4030660092830658 0.302804559469223 0.8732094764709473 -1 -1 -1 -1 -1 -1 -1 -1 -1
0.40269187092781067 0.4381144344806671 0.8294117450714111 -1 -1 -1 -1 -1 -1 -1 -1 -1
1 
33 
-1 -1 -1 -1 -1 -1 -1 -1 -1 -1
0.4189207851886749 0.5126646757125854 0.9993966817855835 -1 -1 -1 -1 -1 -1 -1 -1 -1
0.4206821024417877 0.5139400959014893 0.9994563460350037 -1 -1 -1 -1 -1 -1 -1 -1 -1
0.4208001494407654 0.5149738788604736 0.9992837309837341 -1 -1 -1 -1 -1 -1 -1 -1 -1
0.42092767357826233 0.5159310698509216 0.9994879961013794 -1 -1 -1 -1 -1 -1 -1 -1 -1
0.4205624461174011 0.5108070969581604 0.9994828701019287 -1 -1 -1 -1 -1 -1 -1 -1 -1
0.4208654463291168 0.5098114609718323 0.9992189407348633 -1 -1 -1 -1 -1 -1 -1 -1 -1
0.42117178440093994 0.5088657736778259 0.9994332194328308 -1 -1 -1 -1 -1 -1 -1 -1 -1
0.42170873284339905 0.5196509957313538 0.9994478821754456 -1 -1 -1 -1 -1 -1 -1 -1 -1
0.423175573348999 0.5105536580085754 0.9991105198860168 -1 -1 -1 -1 -1 -1 -1 -1 -1
0.4210403561592102 0.5125107765197754 0.9988746047019958 -1 -1 -1 -1 -1 -1 -1 -1 -1
0.42138153314590454 0.5128201842308044 0.9984477758407593 -1 -1 -1 -1 -1 -1 -1 -1 -1
0.4178640842437744 0.5454092025756836 0.9667962789535522 -1 -1 -1 -1 -1 -1 -1 -1 -1
0.42309096455574036 0.5320850014686584 0.9834015369415283 -1 -1 -1 -1 -1 -1 -1 -1 -1
0.41073504090309143 0.586824357509613 0.3485879898071289 -1 -1 -1 -1 -1 -1 -1 -1 -1
0.430605411529541 0.5830256938934326 0.9541776776313782 -1 -1 -1 -1 -1 -1 -1 -1 -1
0.4091602563858032 0.6171166896820068 0.4822680354118347 -1 -1 -1 -1 -1 -1 -1 -1 -1
0.4222910404205322 0.6284706592559814 0.9848433136940002 -1 -1 -1 -1 -1 -1 -1 -1 -1
0.41195106506347656 0.6205576062202454 0.48049232363700867 -1 -1 -1 -1 -1 -1 -1 -1 -1
0.42301785945892334 0.6327359080314636 0.9774284958839417 -1 -1 -1 -1 -1 -1 -1 -1 -1
0.4120614230632782 0.6228870153427124 0.42436686158180237 -1 -1 -1 -1 -1 -1 -1 -1 -1
0.42170044779777527 0.6364179849624634 0.969992995262146 -1 -1 -1 -1 -1 -1 -1 -1 -1
0.4098188579082489 0.6209613084793091 0.3959397077560425 -1 -1 -1 -1 -1 -1 -1 -1 -1
0.4219916760921478 0.636256992816925 0.9529117345809937 -1 -1 -1 -1 -1 -1 -1 -1 -1
0.42212367057800293 0.5172029137611389 0.9981222748756409 -1 -1 -1 -1 -1 -1 -1 -1 -1
0.4222854971885681 0.5116689205169678 0.9990449547767639 -1 -1 -1 -1 -1 -1 -1 -1 -1
0.4184890687465668 0.5104931592941284 0.1858416348695755 -1 -1 -1 -1 -1 -1 -1 -1 -1
0.42843523621559143 0.5179774165153503 0.7473301887512207 -1 -1 -1 -1 -1 -1 -1 -1 -1
0.39905208349227905 0.5284186005592346 0.5810694694519043 -1 -1 -1 -1 -1 -1 -1 -1 -1
0.41233789920806885 0.5386632680892944 0.7107957601547241 -1 -1 -1 -1 -1 -1 -1 -1 -1
0.3981960117816925 0.5278231501579285 0.5911850929260254 -1 -1 -1 -1 -1 -1 -1 -1 -1
0.40984266996383667 0.5395902395248413 0.7192372679710388 -1 -1 -1 -1 -1 -1 -1 -1 -1
0.38907498121261597 0.5413526892662048 0.4259028434753418 -1 -1 -1 -1 -1 -1 -1 -1 -1
0.4094877541065216 0.5470920205116272 0.5998550653457642 -1 -1 -1 -1 -1 -1 -1 -1 -1
1 
33 
-1 -1 -1 -1 -1 -1 -1 -1 -1 -1
0.4354296922683716 0.46108344197273254 0.9986181259155273 -1 -1 -1 -1 -1 -1 -1 -1 -1
0.43535324931144714 0.46378403902053833 0.9990214109420776 -1 -1 -1 -1 -1 -1 -1 -1 -1
0.4348757266998291 0.46391549706459045 0.9985309839248657 -1 -1 -1 -1 -1 -1 -1 -1 -1
0.43437623977661133 0.4639551043510437 0.9987044334411621 -1 -1 -1 -1 -1 -1 -1 -1 -1
0.4371021091938019 0.46332260966300964 0.9987756609916687 -1 -1 -1 -1 -1 -1 -1 -1 -1
0.4381951093673706 0.46328288316726685 0.9985067248344421 -1 -1 -1 -1 -1 -1 -1 -1 -1
0.43928560614585876 0.4632982015609741 0.9987478256225586 -1 -1 -1 -1 -1 -1 -1 -1 -1
0.43610966205596924 0.4662553071975708 0.9990572333335876 -1 -1 -1 -1 -1 -1 -1 -1 -1
0.44382575154304504 0.4655359387397766 0.998672604560852 -1 -1 -1 -1 -1 -1 -1 -1 -1
0.43674761056900024 0.4707353413105011 0.9985859394073486 -1 -1 -1 -1 -1 -1 -1 -1 -1
0.43765953183174133 0.4722520709037781 0.9981156587600708 -1 -1 -1 -1 -1 -1 -1 -1 -1
0.4322258234024048 0.4776788651943207 0.9864213466644287 -1 -1 -1 -1 -1 -1 -1 -1 -1
0.4455823004245758 0.4882352650165558 0.9586731791496277 -1 -1 -1 -1 -1 -1 -1 -1 -1
0.4100796580314636 0.48422664403915405 0.4098191559314728 -1 -1 -1 -1 -1 -1 -1 -1 -1
0.4312704801559448 0.5588698387145996 0.894616425037384 -1 -1 -1 -1 -1 -1 -1 -1 -1
0.4033932387828827 0.49952444434165955 0.5946460962295532 -1 -1 -1 -1 -1 -1 -1 -1 -1
0.4128865897655487 0.6299792528152466 0.9204139113426208 -1 -1 -1 -1 -1 -1 -1 -1 -1
0.40380001068115234 0.49627846479415894 0.588119387626648 -1 -1 -1 -1 -1 -1 -1 -1 -1
0.41209375858306885 0.6415189504623413 0.9086281061172485 -1 -1 -1 -1 -1 -1 -1 -1 -1
0.4046568274497986 0.5019756555557251 0.5045547485351562 -1 -1 -1 -1 -1 -1 -1 -1 -1
0.4096975028514862 0.6428059935569763 0.8710423111915588 -1 -1 -1 -1 -1 -1 -1 -1 -1
0.40377897024154663 0.5023715496063232 0.4674217998981476 -1 -1 -1 -1 -1 -1 -1 -1 -1
0.4103838801383972 0.6388387084007263 0.848288357257843 -1 -1 -1 -1 -1 -1 -1 -1 -1
0.4326644837856293 0.46031245589256287 0.9999730587005615 -1 -1 -1 -1 -1 -1 -1 -1 -1
0.4398469030857086 0.47451063990592957 0.999711811542511 -1 -1 -1 -1 -1 -1 -1 -1 -1
0.4155430495738983 0.39253997802734375 0.875267744064331 -1 -1 -1 -1 -1 -1 -1 -1 -1
0.4376642107963562 0.5025444030761719 0.5858007073402405 -1 -1 -1 -1 -1 -1 -1 -1 -1
0.4151269793510437 0.3614048957824707 0.9468080997467041 -1 -1 -1 -1 -1 -1 -1 -1 -1
0.413878858089447 0.5540294647216797 0.4865492880344391 -1 -1 -1 -1 -1 -1 -1 -1 -1
0.417911171913147 0.3561149835586548 0.9685200452804565 -1 -1 -1 -1 -1 -1 -1 -1 -1
0.4112323224544525 0.55596923828125 0.7771840691566467 -1 -1 -1 -1 -1 -1 -1 -1 -1
0.40961265563964844 0.35484209656715393 0.8999425768852234 -1 -1 -1 -1 -1 -1 -1 -1 -1
0.4083908200263977 0.5775334239006042 0.5158059000968933 -1 -1 -1 -1 -1 -1 -1 -1 -1
1 
33 
-1 -1 -1 -1 -1 -1 -1 -1 -1 -1
0.37726595997810364 0.4005200266838074 0.9818474650382996 -1 -1 -1 -1 -1 -1 -1 -1 -1
0.3755688965320587 0.3904261291027069 0.9851320385932922 -1 -1 -1 -1 -1 -1 -1 -1 -1
0.375823974609375 0.38818657398223877 0.9860737323760986 -1 -1 -1 -1 -1 -1 -1 -1 -1
0.37631887197494507 0.3867532014846802 0.9865108728408813 -1 -1 -1 -1 -1 -1 -1 -1 -1
0.3756805956363678 0.3918629288673401 0.981515109539032 -1 -1 -1 -1 -1 -1 -1 -1 -1
0.37612399458885193 0.3913658559322357 0.9780870079994202 -1 -1 -1 -1 -1 -1 -1 -1 -1
0.37664565443992615 0.39070066809654236 0.982296884059906 -1 -1 -1 -1 -1 -1 -1 -1 -1
0.3819158673286438 0.3803747892379761 0.9795636534690857 -1 -1 -1 -1 -1 -1 -1 -1 -1
0.38174036145210266 0.38348305225372314 0.9762113094329834 -1 -1 -1 -1 -1 -1 -1 -1 -1
0.38502001762390137 0.3971658945083618 0.9545943737030029 -1 -1 -1 -1 -1 -1 -1 -1 -1
0.38405129313468933 0.3995043635368347 0.9312084913253784 -1 -1 -1 -1 -1 -1 -1 -1 -1
0.41707298159599304 0.37652456760406494 0.9942682981491089 -1 -1 -1 -1 -1 -1 -1 -1 -1
0.403490275144577 0.38919681310653687 0.9698935151100159 -1 -1 -1 -1 -1 -1 -1 -1 -1
0.4236060380935669 0.37149402499198914 0.805857241153717 -1 -1 -1 -1 -1 -1 -1 -1 -1
0.4044579267501831 0.3769749104976654 0.07721331715583801 -1 -1 -1 -1 -1 -1 -1 -1 -1
0.427533894777298 0.35173317790031433 0.5014845728874207 -1 -1 -1 -1 -1 -1 -1 -1 -1
0.418118417263031 0.35197222232818604 0.04966107755899429 -1 -1 -1 -1 -1 -1 -1 -1 -1
0.42906346917152405 0.34609895944595337 0.5135611891746521 -1 -1 -1 -1 -1 -1 -1 -1 -1
0.4237106144428253 0.34772199392318726 0.061358604580163956 -1 -1 -1 -1 -1 -1 -1 -1 -1
0.4329724907875061 0.33268609642982483 0.5237420201301575 -1 -1 -1 -1 -1 -1 -1 -1 -1
0.4225198030471802 0.34428876638412476 0.0662686824798584 -1 -1 -1 -1 -1 -1 -1 -1 -1
0.4331855773925781 0.334282249212265 0.45567190647125244 -1 -1 -1 -1 -1 -1 -1 -1 -1
0.41995328664779663 0.34550803899765015 0.07692614197731018 -1 -1 -1 -1 -1 -1 -1 -1 -1
0.4449455738067627 0.49291691184043884 0.9951659440994263 -1 -1 -1 -1 -1 -1 -1 -1 -1
0.4375947117805481 0.4932471811771393 0.995208203792572 -1 -1 -1 -1 -1 -1 -1 -1 -1
0.4021913409233093 0.5149728655815125 0.955652117729187 -1 -1 -1 -1 -1 -1 -1 -1 -1
0.4028591513633728 0.5066328644752502 0.6373628377914429 -1 -1 -1 -1 -1 -1 -1 -1 -1
0.42324551939964294 0.6068453788757324 0.8717144727706909 -1 -1 -1 -1 -1 -1 -1 -1 -1
0.4225430190563202 0.6033243536949158 0.5752978920936584 -1 -1 -1 -1 -1 -1 -1 -1 -1
0.43074193596839905 0.6183669567108154 0.8419352769851685 -1 -1 -1 -1 -1 -1 -1 -1 -1
0.4295085072517395 0.6180042624473572 0.6413927674293518 -1 -1 -1 -1 -1 -1 -1 -1 -1
0.402277410030365 0.626733660697937 0.8302398920059204 -1 -1 -1 -1 -1 -1 -1 -1 -1
0.40270745754241943 0.6257250308990479 0.5452114343643188 -1 -1 -1 -1 -1 -1 -1 -1 -1
1 
33 
-1 -1 -1 -1 -1 -1 -1 -1 -1 -1
0.38059258460998535 0.40822625160217285 0.9326459169387817 -1 -1 -1 -1 -1 -1 -1 -1 -1
0.3790888786315918 0.399206280708313 0.9324674606323242 -1 -1 -1 -1 -1 -1 -1 -1 -1
0.3795548379421234 0.39797502756118774 0.9314829111099243 -1 -1 -1 -1 -1 -1 -1 -1 -1
0.3800811171531677 0.3967396020889282 0.9399346113204956 -1 -1 -1 -1 -1 -1 -1 -1 -1
0.3790788948535919 0.3996812701225281 0.9428285956382751 -1 -1 -1 -1 -1 -1 -1 -1 -1
0.3794722259044647 0.39887475967407227 0.9403844475746155 -1 -1 -1 -1 -1 -1 -1 -1 -1
0.3799210488796234 0.397964745759964 0.9543554782867432 -1 -1 -1 -1 -1 -1 -1 -1 -1
0.3854430615901947 0.39111655950546265 0.9002559185028076 -1 -1 -1 -1 -1 -1 -1 -1 -1
0.38531967997550964 0.39138296246528625 0.9404433369636536 -1 -1 -1 -1 -1 -1 -1 -1 -1
0.38780274987220764 0.4060160219669342 0.8592082858085632 -1 -1 -1 -1 -1 -1 -1 -1 -1
0.3872486352920532 0.40710142254829407 0.8229759931564331 -1 -1 -1 -1 -1 -1 -1 -1 -1
0.41482841968536377 0.409807026386261 0.9758812785148621 -1 -1 -1 -1 -1 -1 -1 -1 -1
0.41041985154151917 0.4048071503639221 0.9279122352600098 -1 -1 -1 -1 -1 -1 -1 -1 -1
0.4349587559700012 0.3929872214794159 0.765150785446167 -1 -1 -1 -1 -1 -1 -1 -1 -1
0.4236534833908081 0.3813045620918274 0.026663927361369133 -1 -1 -1 -1 -1 -1 -1 -1 -1
0.4407419264316559 0.38494428992271423 0.2800123989582062 -1 -1 -1 -1 -1 -1 -1 -1 -1
0.43660423159599304 0.3511972427368164 0.018023060634732246 -1 -1 -1 -1 -1 -1 -1 -1 -1
0.44277772307395935 0.3832360804080963 0.2677631378173828 -1 -1 -1 -1 -1 -1 -1 -1 -1
0.441213995218277 0.3449974060058594 0.027992213144898415 -1 -1 -1 -1 -1 -1 -1 -1 -1
0.4427564740180969 0.38230806589126587 0.2805480360984802 -1 -1 -1 -1 -1 -1 -1 -1 -1
0.4390954375267029 0.3438027799129486 0.031056514009833336 -1 -1 -1 -1 -1 -1 -1 -1 -1
0.44223958253860474 0.3823780417442322 0.2448963224887848 -1 -1 -1 -1 -1 -1 -1 -1 -1
0.4365708529949188 0.3456265926361084 0.03497909754514694 -1 -1 -1 -1 -1 -1 -1 -1 -1
0.44799089431762695 0.5102510452270508 0.9909201860427856 -1 -1 -1 -1 -1 -1 -1 -1 -1
0.4425528645515442 0.5077359080314636 0.9898159503936768 -1 -1 -1 -1 -1 -1 -1 -1 -1
0.40087440609931946 0.5198620557785034 0.9410022497177124 -1 -1 -1 -1 -1 -1 -1 -1 -1
0.4007604122161865 0.5106804966926575 0.2492515593767166 -1 -1 -1 -1 -1 -1 -1 -1 -1
0.42352819442749023 0.6088762283325195 0.7818410992622375 -1 -1 -1 -1 -1 -1 -1 -1 -1
0.42271968722343445 0.6028435230255127 0.23512612283229828 -1 -1 -1 -1 -1 -1 -1 -1 -1
0.4308134615421295 0.6205074191093445 0.7662228941917419 -1 -1 -1 -1 -1 -1 -1 -1 -1
0.4297042787075043 0.6174180507659912 0.2961947023868561 -1 -1 -1 -1 -1 -1 -1 -1 -1
0.4046519100666046 0.6309777498245239 0.7525696754455566 -1 -1 -1 -1 -1 -1 -1 -1 -1
0.4044397473335266 0.6278883814811707 0.2757488489151001 -1 -1 -1 -1 -1 -1 -1 -1 -1
1 
33 
-1 -1 -1 -1 -1 -1 -1 -1 -1 -1
0.3846963047981262 0.40052443742752075 0.9695409536361694 -1 -1 -1 -1 -1 -1 -1 -1 -1
0.3830035328865051 0.3930947184562683 0.972908079624176 -1 -1 -1 -1 -1 -1 -1 -1 -1
0.38288527727127075 0.39271271228790283 0.964952290058136 -1 -1 -1 -1 -1 -1 -1 -1 -1
0.38275355100631714 0.3924367427825928 0.9733827710151672 -1 -1 -1 -1 -1 -1 -1 -1 -1
0.3840066194534302 0.3927426040172577 0.9777675271034241 -1 -1 -1 -1 -1 -1 -1 -1 -1
0.38457298278808594 0.3921617269515991 0.9745128750801086 -1 -1 -1 -1 -1 -1 -1 -1 -1
0.3853738605976105 0.3914676606655121 0.9822540879249573 -1 -1 -1 -1 -1 -1 -1 -1 -1
0.38659539818763733 0.39144331216812134 0.9523962140083313 -1 -1 -1 -1 -1 -1 -1 -1 -1
0.38967978954315186 0.3894907832145691 0.9704735279083252 -1 -1 -1 -1 -1 -1 -1 -1 -1
0.3892732858657837 0.40212830901145935 0.9331225156784058 -1 -1 -1 -1 -1 -1 -1 -1 -1
0.3901505470275879 0.40212300419807434 0.9208185076713562 -1 -1 -1 -1 -1 -1 -1 -1 -1
0.4096260070800781 0.41117939352989197 0.9933578372001648 -1 -1 -1 -1 -1 -1 -1 -1 -1
0.4198043942451477 0.4121056795120239 0.9879376292228699 -1 -1 -1 -1 -1 -1 -1 -1 -1
0.4334948658943176 0.4370924234390259 0.38006970286369324 -1 -1 -1 -1 -1 -1 -1 -1 -1
0.4369643032550812 0.437675416469574 0.039982642978429794 -1 -1 -1 -1 -1 -1 -1 -1 -1
0.4371802806854248 0.4496752619743347 0.18386055529117584 -1 -1 -1 -1 -1 -1 -1 -1 -1
0.4442303478717804 0.440277099609375 0.023115672171115875 -1 -1 -1 -1 -1 -1 -1 -1 -1
0.4391320049762726 0.45348089933395386 0.22085466980934143 -1 -1 -1 -1 -1 -1 -1 -1 -1
0.44812121987342834 0.4424688518047333 0.03208012133836746 -1 -1 -1 -1 -1 -1 -1 -1 -1
0.4379027783870697 0.44824907183647156 0.2269069403409958 -1 -1 -1 -1 -1 -1 -1 -1 -1
0.44484376907348633 0.4372091293334961 0.034037549048662186 -1 -1 -1 -1 -1 -1 -1 -1 -1
0.43826884031295776 0.4465423822402954 0.18355995416641235 -1 -1 -1 -1 -1 -1 -1 -1 -1
0.44259873032569885 0.43578237295150757 0.038509830832481384 -1 -1 -1 -1 -1 -1 -1 -1 -1
0.4449854791164398 0.5238479971885681 0.9855793714523315 -1 -1 -1 -1 -1 -1 -1 -1 -1
0.4486329257488251 0.5221349000930786 0.9839473962783813 -1 -1 -1 -1 -1 -1 -1 -1 -1
0.40051034092903137 0.5155643224716187 0.8430381417274475 -1 -1 -1 -1 -1 -1 -1 -1 -1
0.40828806161880493 0.5083863139152527 0.24070683121681213 -1 -1 -1 -1 -1 -1 -1 -1 -1
0.42277705669403076 0.6155782341957092 0.6630029082298279 -1 -1 -1 -1 -1 -1 -1 -1 -1
0.4236249625682831 0.6029638051986694 0.21396182477474213 -1 -1 -1 -1 -1 -1 -1 -1 -1
0.43046918511390686 0.629986584186554 0.6276755928993225 -1 -1 -1 -1 -1 -1 -1 -1 -1
0.42960408329963684 0.6223387122154236 0.3051854074001312 -1 -1 -1 -1 -1 -1 -1 -1 -1
0.4037151634693146 0.6402475237846375 0.6161500215530396 -1 -1 -1 -1 -1 -1 -1 -1 -1
0.4056537449359894 0.6323426961898804 0.21397466957569122 -1 -1 -1 -1 -1 -1 -1 -1 -1
1 
33 
-1 -1 -1 -1 -1 -1 -1 -1 -1 -1
0.3900564908981323 0.384418785572052 0.9701758623123169 -1 -1 -1 -1 -1 -1 -1 -1 -1
0.3898096978664398 0.37690451741218567 0.9791903495788574 -1 -1 -1 -1 -1 -1 -1 -1 -1
0.3901682496070862 0.3764870762825012 0.9795589447021484 -1 -1 -1 -1 -1 -1 -1 -1 -1
0.3904998004436493 0.37621763348579407 0.9831556081771851 -1 -1 -1 -1 -1 -1 -1 -1 -1
0.39007917046546936 0.37708890438079834 0.9756821990013123 -1 -1 -1 -1 -1 -1 -1 -1 -1
0.3906058073043823 0.37672948837280273 0.9745727777481079 -1 -1 -1 -1 -1 -1 -1 -1 -1
0.39107805490493774 0.37642818689346313 0.9804472923278809 -1 -1 -1 -1 -1 -1 -1 -1 -1
0.39597997069358826 0.3767510950565338 0.9648523926734924 -1 -1 -1 -1 -1 -1 -1 -1 -1
0.3961794972419739 0.3760211765766144 0.9778710603713989 -1 -1 -1 -1 -1 -1 -1 -1 -1
0.39465582370758057 0.3873400390148163 0.9518391489982605 -1 -1 -1 -1 -1 -1 -1 -1 -1
0.3947732448577881 0.3878757059574127 0.937999963760376 -1 -1 -1 -1 -1 -1 -1 -1 -1
0.4141010642051697 0.40601494908332825 0.9857778549194336 -1 -1 -1 -1 -1 -1 -1 -1 -1
0.41593849658966064 0.3990074694156647 0.9747801423072815 -1 -1 -1 -1 -1 -1 -1 -1 -1
0.4331923723220825 0.44624391198158264 0.5838253498077393 -1 -1 -1 -1 -1 -1 -1 -1 -1
0.41646504402160645 0.41971930861473083 0.011572856456041336 -1 -1 -1 -1 -1 -1 -1 -1 -1
0.42415955662727356 0.43350139260292053 0.29211822152137756 -1 -1 -1 -1 -1 -1 -1 -1 -1
0.41657087206840515 0.39690732955932617 0.00784999318420887 -1 -1 -1 -1 -1 -1 -1 -1 -1
0.42287611961364746 0.4279186725616455 0.3314697742462158 -1 -1 -1 -1 -1 -1 -1 -1 -1
0.4192485213279724 0.3895514905452728 0.014279899187386036 -1 -1 -1 -1 -1 -1 -1 -1 -1
0.42320093512535095 0.4209752380847931 0.332328736782074 -1 -1 -1 -1 -1 -1 -1 -1 -1
0.41753190755844116 0.3847537338733673 0.015163627453148365 -1 -1 -1 -1 -1 -1 -1 -1 -1
0.4236137270927429 0.42324402928352356 0.2679089307785034 -1 -1 -1 -1 -1 -1 -1 -1 -1
0.4156787097454071 0.38778966665267944 0.017977191135287285 -1 -1 -1 -1 -1 -1 -1 -1 -1
0.4543851613998413 0.5190465450286865 0.9832087159156799 -1 -1 -1 -1 -1 -1 -1 -1 -1
0.45488959550857544 0.5136170983314514 0.9799567461013794 -1 -1 -1 -1 -1 -1 -1 -1 -1
0.40047797560691833 0.5193147659301758 0.9058130383491516 -1 -1 -1 -1 -1 -1 -1 -1 -1
0.4053732752799988 0.5080482959747314 0.3460766077041626 -1 -1 -1 -1 -1 -1 -1 -1 -1
0.42392227053642273 0.6109548807144165 0.8077303767204285 -1 -1 -1 -1 -1 -1 -1 -1 -1
0.4242526888847351 0.600761353969574 0.27195408940315247 -1 -1 -1 -1 -1 -1 -1 -1 -1
0.43198996782302856 0.6208567023277283 0.7706122398376465 -1 -1 -1 -1 -1 -1 -1 -1 -1
0.43177130818367004 0.6139006614685059 0.3245874047279358 -1 -1 -1 -1 -1 -1 -1 -1 -1
0.4074011445045471 0.6314714550971985 0.7445695400238037 -1 -1 -1 -1 -1 -1 -1 -1 -1
0.4082835912704468 0.6242449283599854 0.306750625371933 -1 -1 -1 -1 -1 -1 -1 -1 -1
1 
33 
-1 -1 -1 -1 -1 -1 -1 -1 -1 -1
0.40536466240882874 0.3710920810699463 0.9807428121566772 -1 -1 -1 -1 -1 -1 -1 -1 -1
0.40529367327690125 0.3625341057777405 0.9865512847900391 -1 -1 -1 -1 -1 -1 -1 -1 -1
0.4055217504501343 0.36213794350624084 0.9853805899620056 -1 -1 -1 -1 -1 -1 -1 -1 -1
0.4056969881057739 0.3618788719177246 0.987905740737915 -1 -1 -1 -1 -1 -1 -1 -1 -1
0.4057617783546448 0.36264705657958984 0.9862380027770996 -1 -1 -1 -1 -1 -1 -1 -1 -1
0.40633946657180786 0.3622804284095764 0.9838459491729736 -1 -1 -1 -1 -1 -1 -1 -1 -1
0.4068634510040283 0.3619493246078491 0.9882988929748535 -1 -1 -1 -1 -1 -1 -1 -1 -1
0.40961968898773193 0.36308640241622925 0.9787059426307678 -1 -1 -1 -1 -1 -1 -1 -1 -1
0.4118657410144806 0.3624722957611084 0.9900776147842407 -1 -1 -1 -1 -1 -1 -1 -1 -1
0.4093591570854187 0.3748774528503418 0.9696943759918213 -1 -1 -1 -1 -1 -1 -1 -1 -1
0.40974709391593933 0.37511521577835083 0.9634403586387634 -1 -1 -1 -1 -1 -1 -1 -1 -1
0.4244231581687927 0.39843302965164185 0.9961310625076294 -1 -1 -1 -1 -1 -1 -1 -1 -1
0.4295218884944916 0.3935176134109497 0.9923073649406433 -1 -1 -1 -1 -1 -1 -1 -1 -1
0.44218552112579346 0.4381338953971863 0.5294283628463745 -1 -1 -1 -1 -1 -1 -1 -1 -1
0.43776968121528625 0.42651426792144775 0.013873723335564137 -1 -1 -1 -1 -1 -1 -1 -1 -1
0.43966591358184814 0.44907283782958984 0.23730692267417908 -1 -1 -1 -1 -1 -1 -1 -1 -1
0.443805456161499 0.41975995898246765 0.008149859495460987 -1 -1 -1 -1 -1 -1 -1 -1 -1
0.4405779242515564 0.4514593482017517 0.2929190993309021 -1 -1 -1 -1 -1 -1 -1 -1 -1
0.44864073395729065 0.4182432293891907 0.013855567201972008 -1 -1 -1 -1 -1 -1 -1 -1 -1
0.4402417838573456 0.4460507035255432 0.28985658288002014 -1 -1 -1 -1 -1 -1 -1 -1 -1
0.4459432065486908 0.4124155044555664 0.014940817840397358 -1 -1 -1 -1 -1 -1 -1 -1 -1
0.4399401843547821 0.44544583559036255 0.22242432832717896 -1 -1 -1 -1 -1 -1 -1 -1 -1
0.44324415922164917 0.412689745426178 0.01817471906542778 -1 -1 -1 -1 -1 -1 -1 -1 -1
0.4525694251060486 0.5212154388427734 0.994629979133606 -1 -1 -1 -1 -1 -1 -1 -1 -1
0.4537499248981476 0.5183218121528625 0.9923349022865295 -1 -1 -1 -1 -1 -1 -1 -1 -1
0.4045839309692383 0.5236964821815491 0.8866155743598938 -1 -1 -1 -1 -1 -1 -1 -1 -1
0.41060158610343933 0.5173159837722778 0.3073403239250183 -1 -1 -1 -1 -1 -1 -1 -1 -1
0.4213915765285492 0.6279746890068054 0.8340646624565125 -1 -1 -1 -1 -1 -1 -1 -1 -1
0.4216041564941406 0.6149396300315857 0.22214166820049286 -1 -1 -1 -1 -1 -1 -1 -1 -1
0.4295494258403778 0.6409313082695007 0.8468669056892395 -1 -1 -1 -1 -1 -1 -1 -1 -1
0.42819473147392273 0.6301703453063965 0.3329896926879883 -1 -1 -1 -1 -1 -1 -1 -1 -1
0.4056829810142517 0.6465847492218018 0.7863223552703857 -1 -1 -1 -1 -1 -1 -1 -1 -1
0.406247079372406 0.6420287489891052 0.24119678139686584 -1 -1 -1 -1 -1 -1 -1 -1 -1
1 
33 
-1 -1 -1 -1 -1 -1 -1 -1 -1 -1
0.4185539782047272 0.35095322132110596 0.9105029106140137 -1 -1 -1 -1 -1 -1 -1 -1 -1
0.4214855134487152 0.34392333030700684 0.9231200814247131 -1 -1 -1 -1 -1 -1 -1 -1 -1
0.42228826880455017 0.34397804737091064 0.9275950789451599 -1 -1 -1 -1 -1 -1 -1 -1 -1
0.4233469069004059 0.34418636560440063 0.9418436884880066 -1 -1 -1 -1 -1 -1 -1 -1 -1
0.4200498163700104 0.3445366322994232 0.8847771883010864 -1 -1 -1 -1 -1 -1 -1 -1 -1
0.41999486088752747 0.3449530601501465 0.8835893273353577 -1 -1 -1 -1 -1 -1 -1 -1 -1
0.4198649227619171 0.34542006254196167 0.9081740975379944 -1 -1 -1 -1 -1 -1 -1 -1 -1
0.42853984236717224 0.34935611486434937 0.8819385766983032 -1 -1 -1 -1 -1 -1 -1 -1 -1
0.4250023663043976 0.35003259778022766 0.8319548964500427 -1 -1 -1 -1 -1 -1 -1 -1 -1
0.4217781126499176 0.3578416109085083 0.881956934928894 -1 -1 -1 -1 -1 -1 -1 -1 -1
0.42024123668670654 0.3580806255340576 0.7997108101844788 -1 -1 -1 -1 -1 -1 -1 -1 -1
0.4360845983028412 0.39323726296424866 0.995648205280304 -1 -1 -1 -1 -1 -1 -1 -1 -1
0.43800851702690125 0.3940961956977844 0.9813947677612305 -1 -1 -1 -1 -1 -1 -1 -1 -1
0.41153326630592346 0.44469237327575684 0.8597864508628845 -1 -1 -1 -1 -1 -1 -1 -1 -1
0.4183652698993683 0.44587528705596924 0.023939266800880432 -1 -1 -1 -1 -1 -1 -1 -1 -1
0.3800717890262604 0.4644634425640106 0.5976409316062927 -1 -1 -1 -1 -1 -1 -1 -1 -1
0.3891352117061615 0.45938050746917725 0.03176279366016388 -1 -1 -1 -1 -1 -1 -1 -1 -1
0.3737573027610779 0.4696434438228607 0.550727903842926 -1 -1 -1 -1 -1 -1 -1 -1 -1
0.38293370604515076 0.4589405059814453 0.041694674640893936 -1 -1 -1 -1 -1 -1 -1 -1 -1
0.3746166229248047 0.4644874334335327 0.5493422150611877 -1 -1 -1 -1 -1 -1 -1 -1 -1
0.37928956747055054 0.45667093992233276 0.04488831385970116 -1 -1 -1 -1 -1 -1 -1 -1 -1
0.3773701786994934 0.46383291482925415 0.45718592405319214 -1 -1 -1 -1 -1 -1 -1 -1 -1
0.3816034197807312 0.45801159739494324 0.05059152841567993 -1 -1 -1 -1 -1 -1 -1 -1 -1
0.4587954878807068 0.5168496966362 0.9946569204330444 -1 -1 -1 -1 -1 -1 -1 -1 -1
0.45434463024139404 0.5132879018783569 0.9926289319992065 -1 -1 -1 -1 -1 -1 -1 -1 -1
0.40576472878456116 0.5226792693138123 0.9365335702896118 -1 -1 -1 -1 -1 -1 -1 -1 -1
0.40634387731552124 0.508901059627533 0.26839590072631836 -1 -1 -1 -1 -1 -1 -1 -1 -1
0.4230269491672516 0.6214544177055359 0.7908650040626526 -1 -1 -1 -1 -1 -1 -1 -1 -1
0.4226644039154053 0.6126682162284851 0.3636208176612854 -1 -1 -1 -1 -1 -1 -1 -1 -1
0.43015098571777344 0.6305229663848877 0.7314014434814453 -1 -1 -1 -1 -1 -1 -1 -1 -1
0.42987746000289917 0.6279948949813843 0.37980571389198303 -1 -1 -1 -1 -1 -1 -1 -1 -1
0.4067995250225067 0.6403075456619263 0.7458736896514893 -1 -1 -1 -1 -1 -1 -1 -1 -1
0.4099573493003845 0.6339542269706726 0.3708760738372803 -1 -1 -1 -1 -1 -1 -1 -1 -1
1 
33 
-1 -1 -1 -1 -1 -1 -1 -1 -1 -1
0.43557921051979065 0.3447256088256836 0.9823042154312134 -1 -1 -1 -1 -1 -1 -1 -1 -1
0.43825751543045044 0.33769702911376953 0.988637387752533 -1 -1 -1 -1 -1 -1 -1 -1 -1
0.43871256709098816 0.33778682351112366 0.9875792860984802 -1 -1 -1 -1 -1 -1 -1 -1 -1
0.4393704831600189 0.3379872441291809 0.9919062852859497 -1 -1 -1 -1 -1 -1 -1 -1 -1
0.43787872791290283 0.3372388482093811 0.984185516834259 -1 -1 -1 -1 -1 -1 -1 -1 -1
0.43815112113952637 0.3371727466583252 0.9793369770050049 -1 -1 -1 -1 -1 -1 -1 -1 -1
0.43834805488586426 0.33719104528427124 0.9864848256111145 -1 -1 -1 -1 -1 -1 -1 -1 -1
0.44305306673049927 0.34243419766426086 0.9804169535636902 -1 -1 -1 -1 -1 -1 -1 -1 -1
0.4420386254787445 0.3425406217575073 0.9753326773643494 -1 -1 -1 -1 -1 -1 -1 -1 -1
0.43749329447746277 0.35144826769828796 0.9562773108482361 -1 -1 -1 -1 -1 -1 -1 -1 -1
0.4366319477558136 0.35063374042510986 0.9363254308700562 -1 -1 -1 -1 -1 -1 -1 -1 -1
0.44742050766944885 0.38446223735809326 0.9920469522476196 -1 -1 -1 -1 -1 -1 -1 -1 -1
0.4491530656814575 0.3821296691894531 0.982252836227417 -1 -1 -1 -1 -1 -1 -1 -1 -1
0.4129957854747772 0.4007382094860077 0.818145215511322 -1 -1 -1 -1 -1 -1 -1 -1 -1
0.42455780506134033 0.4172489047050476 0.048127081245183945 -1 -1 -1 -1 -1 -1 -1 -1 -1
0.40583470463752747 0.384267121553421 0.4715489149093628 -1 -1 -1 -1 -1 -1 -1 -1 -1
0.40257254242897034 0.3948799967765808 0.06283416599035263 -1 -1 -1 -1 -1 -1 -1 -1 -1
0.3989962637424469 0.38342908024787903 0.4388231337070465 -1 -1 -1 -1 -1 -1 -1 -1 -1
0.3911973237991333 0.3857673406600952 0.07866613566875458 -1 -1 -1 -1 -1 -1 -1 -1 -1
0.3986264765262604 0.38154900074005127 0.4483855366706848 -1 -1 -1 -1 -1 -1 -1 -1 -1
0.3906879425048828 0.38549983501434326 0.08761191368103027 -1 -1 -1 -1 -1 -1 -1 -1 -1
0.40699198842048645 0.3812389373779297 0.4391933083534241 -1 -1 -1 -1 -1 -1 -1 -1 -1
0.3991028368473053 0.3872620463371277 0.1055392250418663 -1 -1 -1 -1 -1 -1 -1 -1 -1
0.46228164434432983 0.5189257264137268 0.9931672215461731 -1 -1 -1 -1 -1 -1 -1 -1 -1
0.4622150659561157 0.518613874912262 0.995768666267395 -1 -1 -1 -1 -1 -1 -1 -1 -1
0.4110075533390045 0.5290502905845642 0.8357669711112976 -1 -1 -1 -1 -1 -1 -1 -1 -1
0.415439248085022 0.5234431028366089 0.3035774827003479 -1 -1 -1 -1 -1 -1 -1 -1 -1
0.42191579937934875 0.6259641647338867 0.6887906193733215 -1 -1 -1 -1 -1 -1 -1 -1 -1
0.4222419559955597 0.61960369348526 0.3763924241065979 -1 -1 -1 -1 -1 -1 -1 -1 -1
0.42913955450057983 0.6399288773536682 0.6521817445755005 -1 -1 -1 -1 -1 -1 -1 -1 -1
0.4283198118209839 0.6358765363693237 0.3931346535682678 -1 -1 -1 -1 -1 -1 -1 -1 -1
0.403113454580307 0.646084189414978 0.6497564315795898 -1 -1 -1 -1 -1 -1 -1 -1 -1
0.4053938686847687 0.6374163627624512 0.3984864354133606 -1 -1 -1 -1 -1 -1 -1 -1 -1
1 
