29
1 
33 
-1 -1 -1 -1 -1 -1 -1 -1 -1 -1
0.36927565932273865 0.3170052766799927 0.9994425177574158 -1 -1 -1 -1 -1 -1 -1 -1 -1
0.37013426423072815 0.3132728338241577 0.9996193647384644 -1 -1 -1 -1 -1 -1 -1 -1 -1
0.37054383754730225 0.31395789980888367 0.9996364116668701 -1 -1 -1 -1 -1 -1 -1 -1 -1
0.37096261978149414 0.3146003186702728 0.9996399879455566 -1 -1 -1 -1 -1 -1 -1 -1 -1
0.3690888583660126 0.3140821158885956 0.9994732737541199 -1 -1 -1 -1 -1 -1 -1 -1 -1
0.36872488260269165 0.3154918849468231 0.9994211196899414 -1 -1 -1 -1 -1 -1 -1 -1 -1
0.36839038133621216 0.31680965423583984 0.9994434714317322 -1 -1 -1 -1 -1 -1 -1 -1 -1
0.3724774420261383 0.3265693783760071 0.9996148347854614 -1 -1 -1 -1 -1 -1 -1 -1 -1
0.3693140745162964 0.3285336494445801 0.9990559220314026 -1 -1 -1 -1 -1 -1 -1 -1 -1
0.3706108629703522 0.32712775468826294 0.9980657696723938 -1 -1 -1 -1 -1 -1 -1 -1 -1
0.36879679560661316 0.3286839425563812 0.9973376393318176 -1 -1 -1 -1 -1 -1 -1 -1 -1
0.37884342670440674 0.35130107402801514 0.9997212290763855 -1 -1 -1 -1 -1 -1 -1 -1 -1
0.37388402223587036 0.36616677045822144 0.9953278303146362 -1 -1 -1 -1 -1 -1 -1 -1 -1
0.37380796670913696 0.2816237807273865 0.9858540892601013 -1 -1 -1 -1 -1 -1 -1 -1 -1
0.371261328458786 0.29666003584861755 0.38132500648498535 -1 -1 -1 -1 -1 -1 -1 -1 -1
0.3791196346282959 0.2053426206111908 0.9820241332054138 -1 -1 -1 -1 -1 -1 -1 -1 -1
0.3773488700389862 0.22369036078453064 0.7407517433166504 -1 -1 -1 -1 -1 -1 -1 -1 -1
0.3806670606136322 0.19147825241088867 0.9721911549568176 -1 -1 -1 -1 -1 -1 -1 -1 -1
0.3792465329170227 0.21607330441474915 0.7677705883979797 -1 -1 -1 -1 -1 -1 -1 -1 -1
0.3812517523765564 0.1916353404521942 0.9683243036270142 -1 -1 -1 -1 -1 -1 -1 -1 -1
0.3797268569469452 0.20474481582641602 0.7537051439285278 -1 -1 -1 -1 -1 -1 -1 -1 -1
0.3806467652320862 0.19491609930992126 0.9595326781272888 -1 -1 -1 -1 -1 -1 -1 -1 -1
0.37889397144317627 0.20905691385269165 0.7461325526237488 -1 -1 -1 -1 -1 -1 -1 -1 -1
0.3786684274673462 0.48637598752975464 0.9998550415039062 -1 -1 -1 -1 -1 -1 -1 -1 -1
0.3728276193141937 0.4864736795425415 0.999576985836029 -1 -1 -1 -1 -1 -1 -1 -1 -1
0.3831818103790283 0.6002457141876221 0.9936637878417969 -1 -1 -1 -1 -1 -1 -1 -1 -1
0.3819304406642914 0.6008523106575012 0.7180888652801514 -1 -1 -1 -1 -1 -1 -1 -1 -1
0.38859453797340393 0.7244063019752502 0.9726423025131226 -1 -1 -1 -1 -1 -1 -1 -1 -1
0.3893930912017822 0.7213959693908691 0.656356692314148 -1 -1 -1 -1 -1 -1 -1 -1 -1
0.3952281177043915 0.7372931838035583 0.9456120729446411 -1 -1 -1 -1 -1 -1 -1 -1 -1
0.39558207988739014 0.7347214221954346 0.695367157459259 -1 -1 -1 -1 -1 -1 -1 -1 -1
0.37148916721343994 0.7828525304794312 0.9672749638557434 -1 -1 -1 -1 -1 -1 -1 -1 -1
0.37986883521080017 0.7688487768173218 0.7263580560684204 -1 -1 -1 -1 -1 -1 -1 -1 -1
1 
33 
-1 -1 -1 -1 -1 -1 -1 -1 -1 -1
0.3602692186832428 0.3166370689868927 0.9980744123458862 -1 -1 -1 -1 -1 -1 -1 -1 -1
0.36224207282066345 0.31109747290611267 0.999152660369873 -1 -1 -1 -1 -1 -1 -1 -1 -1
0.3627619445323944 0.3114110231399536 0.9990481734275818 -1 -1 -1 -1 -1 -1 -1 -1 -1
0.36342987418174744 0.3118850290775299 0.9991853833198547 -1 -1 -1 -1 -1 -1 -1 -1 -1
0.3618501126766205 0.3120233118534088 0.9988504648208618 -1 -1 -1 -1 -1 -1 -1 -1 -1
0.36206191778182983 0.3130528926849365 0.9983751773834229 -1 -1 -1 -1 -1 -1 -1 -1 -1
0.36233019828796387 0.3141334056854248 0.9986774325370789 -1 -1 -1 -1 -1 -1 -1 -1 -1
0.36809197068214417 0.3209943473339081 0.9990108013153076 -1 -1 -1 -1 -1 -1 -1 -1 -1
0.3669823408126831 0.32196277379989624 0.9975382089614868 -1 -1 -1 -1 -1 -1 -1 -1 -1
0.3632138967514038 0.32373547554016113 0.9950910806655884 -1 -1 -1 -1 -1 -1 -1 -1 -1
0.36231711506843567 0.32598817348480225 0.99355149269104 -1 -1 -1 -1 -1 -1 -1 -1 -1
0.3772452771663666 0.3458822965621948 0.9994606375694275 -1 -1 -1 -1 -1 -1 -1 -1 -1
0.3763527274131775 0.3632486164569855 0.9895190596580505 -1 -1 -1 -1 -1 -1 -1 -1 -1
0.3728253245353699 0.272321492433548 0.9937275648117065 -1 -1 -1 -1 -1 -1 -1 -1 -1
0.372232049703598 0.29484570026397705 0.06353683769702911 -1 -1 -1 -1 -1 -1 -1 -1 -1
0.38011762499809265 0.19819626212120056 0.9850299954414368 -1 -1 -1 -1 -1 -1 -1 -1 -1
0.3776736855506897 0.2520611882209778 0.15752564370632172 -1 -1 -1 -1 -1 -1 -1 -1 -1
0.38220980763435364 0.18812641501426697 0.9755871891975403 -1 -1 -1 -1 -1 -1 -1 -1 -1
0.3807920813560486 0.2377445101737976 0.21665450930595398 -1 -1 -1 -1 -1 -1 -1 -1 -1
0.3832996189594269 0.1844262182712555 0.972429633140564 -1 -1 -1 -1 -1 -1 -1 -1 -1
0.3804059624671936 0.23309797048568726 0.21460914611816406 -1 -1 -1 -1 -1 -1 -1 -1 -1
0.38233301043510437 0.1900218427181244 0.9586709141731262 -1 -1 -1 -1 -1 -1 -1 -1 -1
0.37797895073890686 0.22547197341918945 0.22864888608455658 -1 -1 -1 -1 -1 -1 -1 -1 -1
0.37654727697372437 0.48196691274642944 0.9997076392173767 -1 -1 -1 -1 -1 -1 -1 -1 -1
0.3760348856449127 0.478323757648468 0.9991100430488586 -1 -1 -1 -1 -1 -1 -1 -1 -1
0.38224801421165466 0.5979466438293457 0.9884880185127258 -1 -1 -1 -1 -1 -1 -1 -1 -1
0.38149282336235046 0.5984793305397034 0.49762624502182007 -1 -1 -1 -1 -1 -1 -1 -1 -1
0.3886090815067291 0.7213767170906067 0.970182478427887 -1 -1 -1 -1 -1 -1 -1 -1 -1
0.38788241147994995 0.7234137058258057 0.5200230479240417 -1 -1 -1 -1 -1 -1 -1 -1 -1
0.39435139298439026 0.7335620522499084 0.9632858037948608 -1 -1 -1 -1 -1 -1 -1 -1 -1
0.3943789601325989 0.7350192070007324 0.6211310029029846 -1 -1 -1 -1 -1 -1 -1 -1 -1
0.3668864965438843 0.7710782289505005 0.9674263596534729 -1 -1 -1 -1 -1 -1 -1 -1 -1
0.37620070576667786 0.7653428316116333 0.619963526725769 -1 -1 -1 -1 -1 -1 -1 -1 -1
1 
33 
-1 -1 -1 -1 -1 -1 -1 -1 -1 -1
0.36224934458732605 0.31554290652275085 0.9985038042068481 -1 -1 -1 -1 -1 -1 -1 -1 -1
0.36448898911476135 0.30902063846588135 0.9991487264633179 -1 -1 -1 -1 -1 -1 -1 -1 -1
0.36489957571029663 0.3093492090702057 0.9991477727890015 -1 -1 -1 -1 -1 -1 -1 -1 -1
0.36533117294311523 0.30986106395721436 0.9991198182106018 -1 -1 -1 -1 -1 -1 -1 -1 -1
0.36462855339050293 0.30914098024368286 0.9988251328468323 -1 -1 -1 -1 -1 -1 -1 -1 -1
0.36506256461143494 0.3095690906047821 0.9986458420753479 -1 -1 -1 -1 -1 -1 -1 -1 -1
0.36552685499191284 0.3100743293762207 0.9987466335296631 -1 -1 -1 -1 -1 -1 -1 -1 -1
0.36973145604133606 0.3163856267929077 0.9991003274917603 -1 -1 -1 -1 -1 -1 -1 -1 -1
0.36983513832092285 0.3163553476333618 0.9979409575462341 -1 -1 -1 -1 -1 -1 -1 -1 -1
0.3647562563419342 0.32178443670272827 0.9965358972549438 -1 -1 -1 -1 -1 -1 -1 -1 -1
0.3643965721130371 0.3223913609981537 0.9959329962730408 -1 -1 -1 -1 -1 -1 -1 -1 -1
0.3765522837638855 0.33794164657592773 0.9991562366485596 -1 -1 -1 -1 -1 -1 -1 -1 -1
0.37871816754341125 0.34825873374938965 0.9920201897621155 -1 -1 -1 -1 -1 -1 -1 -1 -1
0.3727215528488159 0.27026820182800293 0.9921960830688477 -1 -1 -1 -1 -1 -1 -1 -1 -1
0.3749188184738159 0.280482679605484 0.2058415561914444 -1 -1 -1 -1 -1 -1 -1 -1 -1
0.3807871639728546 0.20105522871017456 0.9722157716751099 -1 -1 -1 -1 -1 -1 -1 -1 -1
0.38033151626586914 0.2143474817276001 0.4492863714694977 -1 -1 -1 -1 -1 -1 -1 -1 -1
0.3826821446418762 0.18844640254974365 0.9544869661331177 -1 -1 -1 -1 -1 -1 -1 -1 -1
0.38216254115104675 0.20164009928703308 0.5409967303276062 -1 -1 -1 -1 -1 -1 -1 -1 -1
0.38427090644836426 0.18626174330711365 0.9488542675971985 -1 -1 -1 -1 -1 -1 -1 -1 -1
0.38286641240119934 0.19547590613365173 0.5374239683151245 -1 -1 -1 -1 -1 -1 -1 -1 -1
0.3835146725177765 0.19181323051452637 0.9344079494476318 -1 -1 -1 -1 -1 -1 -1 -1 -1
0.3820829391479492 0.20295870304107666 0.5300103425979614 -1 -1 -1 -1 -1 -1 -1 -1 -1
0.3771044909954071 0.4768458604812622 0.9992664456367493 -1 -1 -1 -1 -1 -1 -1 -1 -1
0.3789072036743164 0.47223159670829773 0.998598039150238 -1 -1 -1 -1 -1 -1 -1 -1 -1
0.3814953863620758 0.5848896503448486 0.9926355481147766 -1 -1 -1 -1 -1 -1 -1 -1 -1
0.3815603256225586 0.5845133066177368 0.7043308615684509 -1 -1 -1 -1 -1 -1 -1 -1 -1
0.3889372646808624 0.7066267132759094 0.9832704663276672 -1 -1 -1 -1 -1 -1 -1 -1 -1
0.38798394799232483 0.7054365873336792 0.7750986814498901 -1 -1 -1 -1 -1 -1 -1 -1 -1
0.39328455924987793 0.7209842205047607 0.9744136333465576 -1 -1 -1 -1 -1 -1 -1 -1 -1
0.392629474401474 0.7220458984375 0.7959831953048706 -1 -1 -1 -1 -1 -1 -1 -1 -1
0.37660157680511475 0.7613735795021057 0.9810407757759094 -1 -1 -1 -1 -1 -1 -1 -1 -1
0.3772332966327667 0.7504507899284363 0.813975989818573 -1 -1 -1 -1 -1 -1 -1 -1 -1
1 
33 
-1 -1 -1 -1 -1 -1 -1 -1 -1 -1
0.36102911829948425 0.31746232509613037 0.9985186457633972 -1 -1 -1 -1 -1 -1 -1 -1 -1
0.36391642689704895 0.3095513582229614 0.9993405938148499 -1 -1 -1 -1 -1 -1 -1 -1 -1
0.36431899666786194 0.3097810447216034 0.9993391633033752 -1 -1 -1 -1 -1 -1 -1 -1 -1
0.3646969199180603 0.31015169620513916 0.9993686079978943 -1 -1 -1 -1 -1 -1 -1 -1 -1
0.36372026801109314 0.31002581119537354 0.9990741014480591 -1 -1 -1 -1 -1 -1 -1 -1 -1
0.3639870584011078 0.31062567234039307 0.9987938404083252 -1 -1 -1 -1 -1 -1 -1 -1 -1
0.36432141065597534 0.3112691342830658 0.9989091157913208 -1 -1 -1 -1 -1 -1 -1 -1 -1
0.36871960759162903 0.31700974702835083 0.9993501305580139 -1 -1 -1 -1 -1 -1 -1 -1 -1
0.36819612979888916 0.31825968623161316 0.9981473684310913 -1 -1 -1 -1 -1 -1 -1 -1 -1
0.36291539669036865 0.32460951805114746 0.9968032836914062 -1 -1 -1 -1 -1 -1 -1 -1 -1
0.36234724521636963 0.3259211480617523 0.996005117893219 -1 -1 -1 -1 -1 -1 -1 -1 -1
0.3765296936035156 0.34240686893463135 0.9995110034942627 -1 -1 -1 -1 -1 -1 -1 -1 -1
0.37828195095062256 0.359170138835907 0.9890734553337097 -1 -1 -1 -1 -1 -1 -1 -1 -1
0.37383443117141724 0.2667309641838074 0.9959000945091248 -1 -1 -1 -1 -1 -1 -1 -1 -1
0.3729226589202881 0.2898740768432617 0.09237167239189148 -1 -1 -1 -1 -1 -1 -1 -1 -1
0.38116422295570374 0.1998055875301361 0.9882638454437256 -1 -1 -1 -1 -1 -1 -1 -1 -1
0.3781137764453888 0.2303827702999115 0.24415931105613708 -1 -1 -1 -1 -1 -1 -1 -1 -1
0.38349154591560364 0.1865236461162567 0.9798805117607117 -1 -1 -1 -1 -1 -1 -1 -1 -1
0.3855620324611664 0.22502803802490234 0.3212133049964905 -1 -1 -1 -1 -1 -1 -1 -1 -1
0.38469988107681274 0.1871410608291626 0.9771086573600769 -1 -1 -1 -1 -1 -1 -1 -1 -1
0.38085392117500305 0.22093650698661804 0.3196539580821991 -1 -1 -1 -1 -1 -1 -1 -1 -1
0.384006142616272 0.19199860095977783 0.9671232104301453 -1 -1 -1 -1 -1 -1 -1 -1 -1
0.38068610429763794 0.2185472548007965 0.3301379084587097 -1 -1 -1 -1 -1 -1 -1 -1 -1
0.37636691331863403 0.4842124283313751 0.9995311498641968 -1 -1 -1 -1 -1 -1 -1 -1 -1
0.3766082525253296 0.48181912302970886 0.998747706413269 -1 -1 -1 -1 -1 -1 -1 -1 -1
0.3815704584121704 0.5948407053947449 0.9932023882865906 -1 -1 -1 -1 -1 -1 -1 -1 -1
0.38044342398643494 0.5962772369384766 0.6238633394241333 -1 -1 -1 -1 -1 -1 -1 -1 -1
0.3892627954483032 0.7145712375640869 0.9846914410591125 -1 -1 -1 -1 -1 -1 -1 -1 -1
0.3884643316268921 0.7118291854858398 0.7079374194145203 -1 -1 -1 -1 -1 -1 -1 -1 -1
0.39504650235176086 0.7227210998535156 0.976387619972229 -1 -1 -1 -1 -1 -1 -1 -1 -1
0.3948564827442169 0.7255718111991882 0.7605798244476318 -1 -1 -1 -1 -1 -1 -1 -1 -1
0.37375959753990173 0.7615350484848022 0.9826589822769165 -1 -1 -1 -1 -1 -1 -1 -1 -1
0.3727249503135681 0.7546020746231079 0.7709296941757202 -1 -1 -1 -1 -1 -1 -1 -1 -1
1 
33 
-1 -1 -1 -1 -1 -1 -1 -1 -1 -1
0.3646843731403351 0.3147791922092438 0.9982274174690247 -1 -1 -1 -1 -1 -1 -1 -1 -1
0.3659781515598297 0.31131988763809204 0.9988755583763123 -1 -1 -1 -1 -1 -1 -1 -1 -1
0.36637353897094727 0.31195884943008423 0.9989055395126343 -1 -1 -1 -1 -1 -1 -1 -1 -1
0.36676743626594543 0.31262513995170593 0.9988731741905212 -1 -1 -1 -1 -1 -1 -1 -1 -1
0.3653341233730316 0.31197965145111084 0.9985490441322327 -1 -1 -1 -1 -1 -1 -1 -1 -1
0.36523720622062683 0.3131832480430603 0.9982800483703613 -1 -1 -1 -1 -1 -1 -1 -1 -1
0.36516550183296204 0.3143433630466461 0.9983311295509338 -1 -1 -1 -1 -1 -1 -1 -1 -1
0.3696325719356537 0.3226456642150879 0.998776376247406 -1 -1 -1 -1 -1 -1 -1 -1 -1
0.36771130561828613 0.323620080947876 0.9970968961715698 -1 -1 -1 -1 -1 -1 -1 -1 -1
0.3666402995586395 0.3230579197406769 0.9950258135795593 -1 -1 -1 -1 -1 -1 -1 -1 -1
0.3653581440448761 0.3248884677886963 0.9938980937004089 -1 -1 -1 -1 -1 -1 -1 -1 -1
0.37792566418647766 0.3490011692047119 0.9990355968475342 -1 -1 -1 -1 -1 -1 -1 -1 -1
0.3746345639228821 0.3637392520904541 0.9897382855415344 -1 -1 -1 -1 -1 -1 -1 -1 -1
0.3726951777935028 0.27988189458847046 0.9895848631858826 -1 -1 -1 -1 -1 -1 -1 -1 -1
0.3705165684223175 0.29126518964767456 0.16044290363788605 -1 -1 -1 -1 -1 -1 -1 -1 -1
0.38054633140563965 0.20604416728019714 0.9785545468330383 -1 -1 -1 -1 -1 -1 -1 -1 -1
0.3781605064868927 0.2249874472618103 0.40603622794151306 -1 -1 -1 -1 -1 -1 -1 -1 -1
0.3830869495868683 0.19221487641334534 0.9659721851348877 -1 -1 -1 -1 -1 -1 -1 -1 -1
0.38127458095550537 0.21026626229286194 0.4905599057674408 -1 -1 -1 -1 -1 -1 -1 -1 -1
0.38377994298934937 0.19243702292442322 0.961444616317749 -1 -1 -1 -1 -1 -1 -1 -1 -1
0.38093075156211853 0.20760691165924072 0.4843931496143341 -1 -1 -1 -1 -1 -1 -1 -1 -1
0.3828693628311157 0.19544100761413574 0.9494032263755798 -1 -1 -1 -1 -1 -1 -1 -1 -1
0.3802177906036377 0.21011677384376526 0.4840382933616638 -1 -1 -1 -1 -1 -1 -1 -1 -1
0.3757420480251312 0.4867230951786041 0.9992615580558777 -1 -1 -1 -1 -1 -1 -1 -1 -1
0.3723383843898773 0.4831946790218353 0.9985271692276001 -1 -1 -1 -1 -1 -1 -1 -1 -1
0.38218703866004944 0.5956578850746155 0.9889053106307983 -1 -1 -1 -1 -1 -1 -1 -1 -1
0.3812973201274872 0.5968272686004639 0.6752564311027527 -1 -1 -1 -1 -1 -1 -1 -1 -1
0.390186607837677 0.717132031917572 0.9711733460426331 -1 -1 -1 -1 -1 -1 -1 -1 -1
0.389583945274353 0.7152039408683777 0.7004218101501465 -1 -1 -1 -1 -1 -1 -1 -1 -1
0.39580634236335754 0.7273813486099243 0.9607017040252686 -1 -1 -1 -1 -1 -1 -1 -1 -1
0.3953739106655121 0.7267517447471619 0.7259131669998169 -1 -1 -1 -1 -1 -1 -1 -1 -1
0.37539246678352356 0.7583770155906677 0.9666664004325867 -1 -1 -1 -1 -1 -1 -1 -1 -1
0.3735477328300476 0.7537763714790344 0.7445244193077087 -1 -1 -1 -1 -1 -1 -1 -1 -1
1 
33 
-1 -1 -1 -1 -1 -1 -1 -1 -1 -1
0.35673245787620544 0.32853639125823975 0.9991136193275452 -1 -1 -1 -1 -1 -1 -1 -1 -1
0.3596234619617462 0.3212464153766632 0.9995792508125305 -1 -1 -1 -1 -1 -1 -1 -1 -1
0.3603532016277313 0.32125499844551086 0.9995785355567932 -1 -1 -1 -1 -1 -1 -1 -1 -1
0.3610791862010956 0.321501761674881 0.9995906949043274 -1 -1 -1 -1 -1 -1 -1 -1 -1
0.35961562395095825 0.3220842182636261 0.9993082284927368 -1 -1 -1 -1 -1 -1 -1 -1 -1
0.3602662682533264 0.32269254326820374 0.9991406202316284 -1 -1 -1 -1 -1 -1 -1 -1 -1
0.3609662652015686 0.32338860630989075 0.9991582632064819 -1 -1 -1 -1 -1 -1 -1 -1 -1
0.36772868037223816 0.3272736966609955 0.9994907379150391 -1 -1 -1 -1 -1 -1 -1 -1 -1
0.3674312233924866 0.32749438285827637 0.998308539390564 -1 -1 -1 -1 -1 -1 -1 -1 -1
0.36067208647727966 0.3335611820220947 0.9979806542396545 -1 -1 -1 -1 -1 -1 -1 -1 -1
0.36020395159721375 0.3358857035636902 0.996614396572113 -1 -1 -1 -1 -1 -1 -1 -1 -1
0.37719422578811646 0.3480929732322693 0.9996862411499023 -1 -1 -1 -1 -1 -1 -1 -1 -1
0.37805867195129395 0.3601000905036926 0.9928376078605652 -1 -1 -1 -1 -1 -1 -1 -1 -1
0.3726225793361664 0.27874699234962463 0.9946818947792053 -1 -1 -1 -1 -1 -1 -1 -1 -1
0.37229326367378235 0.2895001769065857 0.1112864539027214 -1 -1 -1 -1 -1 -1 -1 -1 -1
0.3825409710407257 0.2054276466369629 0.9840381145477295 -1 -1 -1 -1 -1 -1 -1 -1 -1
0.3803829848766327 0.21977540850639343 0.33924639225006104 -1 -1 -1 -1 -1 -1 -1 -1 -1
0.38427528738975525 0.19299927353858948 0.9724948406219482 -1 -1 -1 -1 -1 -1 -1 -1 -1
0.38208842277526855 0.20936846733093262 0.45044636726379395 -1 -1 -1 -1 -1 -1 -1 -1 -1
0.384971022605896 0.19315826892852783 0.9692205786705017 -1 -1 -1 -1 -1 -1 -1 -1 -1
0.3822464346885681 0.2039831578731537 0.442920982837677 -1 -1 -1 -1 -1 -1 -1 -1 -1
0.3843138515949249 0.19762122631072998 0.9553647637367249 -1 -1 -1 -1 -1 -1 -1 -1 -1
0.3815496861934662 0.209385484457016 0.4378642141819 -1 -1 -1 -1 -1 -1 -1 -1 -1
0.37523335218429565 0.48584917187690735 0.9997686743736267 -1 -1 -1 -1 -1 -1 -1 -1 -1
0.37709787487983704 0.47852110862731934 0.9993069171905518 -1 -1 -1 -1 -1 -1 -1 -1 -1
0.37797388434410095 0.5922088623046875 0.9942860007286072 -1 -1 -1 -1 -1 -1 -1 -1 -1
0.3791767358779907 0.5859372615814209 0.7124414443969727 -1 -1 -1 -1 -1 -1 -1 -1 -1
0.3909580409526825 0.7171904444694519 0.9869304895401001 -1 -1 -1 -1 -1 -1 -1 -1 -1
0.3905453085899353 0.7116491794586182 0.7633522152900696 -1 -1 -1 -1 -1 -1 -1 -1 -1
0.39752641320228577 0.7318583130836487 0.9797632098197937 -1 -1 -1 -1 -1 -1 -1 -1 -1
0.39770933985710144 0.7263203263282776 0.7780525088310242 -1 -1 -1 -1 -1 -1 -1 -1 -1
0.3734073042869568 0.764995813369751 0.9857528805732727 -1 -1 -1 -1 -1 -1 -1 -1 -1
0.38097789883613586 0.7614414691925049 0.818269670009613 -1 -1 -1 -1 -1 -1 -1 -1 -1
1 
33 
-1 -1 -1 -1 -1 -1 -1 -1 -1 -1
0.3557545840740204 0.3292093575000763 0.9953349232673645 -1 -1 -1 -1 -1 -1 -1 -1 -1
0.35741862654685974 0.3209158778190613 0.9978275895118713 -1 -1 -1 -1 -1 -1 -1 -1 -1
0.35793745517730713 0.32039475440979004 0.9978797435760498 -1 -1 -1 -1 -1 -1 -1 -1 -1
0.3584776818752289 0.3198593258857727 0.9979311227798462 -1 -1 -1 -1 -1 -1 -1 -1 -1
0.35794392228126526 0.3217827081680298 0.9967206120491028 -1 -1 -1 -1 -1 -1 -1 -1 -1
0.3587592840194702 0.3218628764152527 0.9954219460487366 -1 -1 -1 -1 -1 -1 -1 -1 -1
0.3596187233924866 0.32187068462371826 0.9956133365631104 -1 -1 -1 -1 -1 -1 -1 -1 -1
0.36566194891929626 0.3219739496707916 0.9978622794151306 -1 -1 -1 -1 -1 -1 -1 -1 -1
0.36662498116493225 0.32302796840667725 0.99236661195755 -1 -1 -1 -1 -1 -1 -1 -1 -1
0.35932591557502747 0.33443212509155273 0.9918074011802673 -1 -1 -1 -1 -1 -1 -1 -1 -1
0.359619677066803 0.33623188734054565 0.9887996912002563 -1 -1 -1 -1 -1 -1 -1 -1 -1
0.3771459758281708 0.34888118505477905 0.998847246170044 -1 -1 -1 -1 -1 -1 -1 -1 -1
0.37859636545181274 0.35704824328422546 0.9792891144752502 -1 -1 -1 -1 -1 -1 -1 -1 -1
0.37529516220092773 0.28137603402137756 0.9972710013389587 -1 -1 -1 -1 -1 -1 -1 -1 -1
0.3737731873989105 0.295856773853302 0.03771331161260605 -1 -1 -1 -1 -1 -1 -1 -1 -1
0.38257837295532227 0.21178090572357178 0.9815235733985901 -1 -1 -1 -1 -1 -1 -1 -1 -1
0.3808777332305908 0.22404474020004272 0.11456350982189178 -1 -1 -1 -1 -1 -1 -1 -1 -1
0.38608816266059875 0.19610780477523804 0.9689475297927856 -1 -1 -1 -1 -1 -1 -1 -1 -1
0.3838561773300171 0.21678602695465088 0.19521959125995636 -1 -1 -1 -1 -1 -1 -1 -1 -1
0.3865832984447479 0.1946137547492981 0.9648069739341736 -1 -1 -1 -1 -1 -1 -1 -1 -1
0.3839915096759796 0.2120867371559143 0.19779779016971588 -1 -1 -1 -1 -1 -1 -1 -1 -1
0.38538071513175964 0.20081281661987305 0.9470677375793457 -1 -1 -1 -1 -1 -1 -1 -1 -1
0.3831822872161865 0.21412163972854614 0.2207404375076294 -1 -1 -1 -1 -1 -1 -1 -1 -1
0.3745376765727997 0.48535847663879395 0.9988790154457092 -1 -1 -1 -1 -1 -1 -1 -1 -1
0.3773823380470276 0.48307475447654724 0.9966951608657837 -1 -1 -1 -1 -1 -1 -1 -1 -1
0.3781367242336273 0.5981022715568542 0.9784072041511536 -1 -1 -1 -1 -1 -1 -1 -1 -1
0.3807104229927063 0.5945864319801331 0.33512309193611145 -1 -1 -1 -1 -1 -1 -1 -1 -1
0.3932887017726898 0.713042676448822 0.9775102734565735 -1 -1 -1 -1 -1 -1 -1 -1 -1
0.3929997682571411 0.7074829339981079 0.48125800490379333 -1 -1 -1 -1 -1 -1 -1 -1 -1
0.40063732862472534 0.7269231081008911 0.9850637912750244 -1 -1 -1 -1 -1 -1 -1 -1 -1
0.40012606978416443 0.7237672805786133 0.6617441177368164 -1 -1 -1 -1 -1 -1 -1 -1 -1
0.3703004717826843 0.7614885568618774 0.9764219522476196 -1 -1 -1 -1 -1 -1 -1 -1 -1
0.3745834231376648 0.7483963370323181 0.6166902184486389 -1 -1 -1 -1 -1 -1 -1 -1 -1
1 
33 
-1 -1 -1 -1 -1 -1 -1 -1 -1 -1
0.35567280650138855 0.3304135203361511 0.9939000606536865 -1 -1 -1 -1 -1 -1 -1 -1 -1
0.35732099413871765 0.32219988107681274 0.9970508813858032 -1 -1 -1 -1 -1 -1 -1 -1 -1
0.3578600287437439 0.3217172622680664 0.9972772002220154 -1 -1 -1 -1 -1 -1 -1 -1 -1
0.35843706130981445 0.3212350308895111 0.9972319006919861 -1 -1 -1 -1 -1 -1 -1 -1 -1
0.35771071910858154 0.3229551315307617 0.9956842660903931 -1 -1 -1 -1 -1 -1 -1 -1 -1
0.3585233986377716 0.3229249119758606 0.994403064250946 -1 -1 -1 -1 -1 -1 -1 -1 -1
0.3594408333301544 0.3227905333042145 0.994513988494873 -1 -1 -1 -1 -1 -1 -1 -1 -1
0.36553671956062317 0.32348617911338806 0.9971016049385071 -1 -1 -1 -1 -1 -1 -1 -1 -1
0.3670295774936676 0.3236023485660553 0.9906734824180603 -1 -1 -1 -1 -1 -1 -1 -1 -1
0.3585083484649658 0.33620381355285645 0.9899999499320984 -1 -1 -1 -1 -1 -1 -1 -1 -1
0.3588482737541199 0.3376055359840393 0.9873676896095276 -1 -1 -1 -1 -1 -1 -1 -1 -1
0.3759111762046814 0.3552716374397278 0.9983469247817993 -1 -1 -1 -1 -1 -1 -1 -1 -1
0.37859877943992615 0.3594425916671753 0.9725005626678467 -1 -1 -1 -1 -1 -1 -1 -1 -1
0.3750571310520172 0.29067716002464294 0.9971734285354614 -1 -1 -1 -1 -1 -1 -1 -1 -1
0.3752250373363495 0.29875969886779785 0.04244077950716019 -1 -1 -1 -1 -1 -1 -1 -1 -1
0.38302603363990784 0.22142940759658813 0.9775356650352478 -1 -1 -1 -1 -1 -1 -1 -1 -1
0.3820587396621704 0.2309209108352661 0.11882170289754868 -1 -1 -1 -1 -1 -1 -1 -1 -1
0.3862704634666443 0.20572325587272644 0.9622201323509216 -1 -1 -1 -1 -1 -1 -1 -1 -1
0.3846081495285034 0.22165051102638245 0.21336302161216736 -1 -1 -1 -1 -1 -1 -1 -1 -1
0.38760361075401306 0.20425233244895935 0.9566135406494141 -1 -1 -1 -1 -1 -1 -1 -1 -1
0.3849905729293823 0.2190898060798645 0.21580268442630768 -1 -1 -1 -1 -1 -1 -1 -1 -1
0.3866735100746155 0.21068716049194336 0.9374650716781616 -1 -1 -1 -1 -1 -1 -1 -1 -1
0.3843694031238556 0.221839040517807 0.23373913764953613 -1 -1 -1 -1 -1 -1 -1 -1 -1
0.3744578957557678 0.49638986587524414 0.9984197616577148 -1 -1 -1 -1 -1 -1 -1 -1 -1
0.37783244252204895 0.49155905842781067 0.9948800802230835 -1 -1 -1 -1 -1 -1 -1 -1 -1
0.37849143147468567 0.605837345123291 0.9839363098144531 -1 -1 -1 -1 -1 -1 -1 -1 -1
0.37973350286483765 0.6004132032394409 0.38610583543777466 -1 -1 -1 -1 -1 -1 -1 -1 -1
0.3950657546520233 0.7204886078834534 0.9841206669807434 -1 -1 -1 -1 -1 -1 -1 -1 -1
0.3929995894432068 0.714240550994873 0.5137616395950317 -1 -1 -1 -1 -1 -1 -1 -1 -1
0.4014144539833069 0.7326450347900391 0.9897311329841614 -1 -1 -1 -1 -1 -1 -1 -1 -1
0.3998081684112549 0.7288366556167603 0.6745704412460327 -1 -1 -1 -1 -1 -1 -1 -1 -1
0.3779112696647644 0.7653470635414124 0.9794480204582214 -1 -1 -1 -1 -1 -1 -1 -1 -1
0.37688595056533813 0.7521931529045105 0.630799412727356 -1 -1 -1 -1 -1 -1 -1 -1 -1
1 
33 
-1 -1 -1 -1 -1 -1 -1 -1 -1 -1
0.3550749123096466 0.3371392786502838 0.995654821395874 -1 -1 -1 -1 -1 -1 -1 -1 -1
0.3568665087223053 0.32882314920425415 0.9979402422904968 -1 -1 -1 -1 -1 -1 -1 -1 -1
0.3574258089065552 0.3282831907272339 0.9981001019477844 -1 -1 -1 -1 -1 -1 -1 -1 -1
0.357976496219635 0.3278149962425232 0.9981355667114258 -1 -1 -1 -1 -1 -1 -1 -1 -1
0.3572657108306885 0.3298370838165283 0.9969660639762878 -1 -1 -1 -1 -1 -1 -1 -1 -1
0.3580585718154907 0.3299337327480316 0.9959262609481812 -1 -1 -1 -1 -1 -1 -1 -1 -1
0.3588748872280121 0.3299768567085266 0.9961211085319519 -1 -1 -1 -1 -1 -1 -1 -1 -1
0.3649944067001343 0.33011120557785034 0.9981091022491455 -1 -1 -1 -1 -1 -1 -1 -1 -1
0.3658769130706787 0.33130383491516113 0.9936051964759827 -1 -1 -1 -1 -1 -1 -1 -1 -1
0.3582114279270172 0.3423232436180115 0.9924778342247009 -1 -1 -1 -1 -1 -1 -1 -1 -1
0.35834479331970215 0.34432241320610046 0.9898996949195862 -1 -1 -1 -1 -1 -1 -1 -1 -1
0.37633123993873596 0.3566032648086548 0.998586893081665 -1 -1 -1 -1 -1 -1 -1 -1 -1
0.3778647184371948 0.365628719329834 0.9745780825614929 -1 -1 -1 -1 -1 -1 -1 -1 -1
0.373550683259964 0.2935497462749481 0.997963547706604 -1 -1 -1 -1 -1 -1 -1 -1 -1
0.3732333481311798 0.3038763403892517 0.05377257242798805 -1 -1 -1 -1 -1 -1 -1 -1 -1
0.3831922113895416 0.22457918524742126 0.9808253645896912 -1 -1 -1 -1 -1 -1 -1 -1 -1
0.3822939991950989 0.23756766319274902 0.12459169328212738 -1 -1 -1 -1 -1 -1 -1 -1 -1
0.387551486492157 0.208593487739563 0.9663485288619995 -1 -1 -1 -1 -1 -1 -1 -1 -1
0.385669082403183 0.23079156875610352 0.20867545902729034 -1 -1 -1 -1 -1 -1 -1 -1 -1
0.3892382085323334 0.2080153226852417 0.9613494277000427 -1 -1 -1 -1 -1 -1 -1 -1 -1
0.3862069845199585 0.22961732745170593 0.2095593959093094 -1 -1 -1 -1 -1 -1 -1 -1 -1
0.38804858922958374 0.21390756964683533 0.9454925060272217 -1 -1 -1 -1 -1 -1 -1 -1 -1
0.38556039333343506 0.2304227352142334 0.22604325413703918 -1 -1 -1 -1 -1 -1 -1 -1 -1
0.374691903591156 0.499123752117157 0.9979822635650635 -1 -1 -1 -1 -1 -1 -1 -1 -1
0.3771272897720337 0.4975028336048126 0.993511974811554 -1 -1 -1 -1 -1 -1 -1 -1 -1
0.3786957859992981 0.6125451326370239 0.9829590320587158 -1 -1 -1 -1 -1 -1 -1 -1 -1
0.3789007365703583 0.6086530089378357 0.35559138655662537 -1 -1 -1 -1 -1 -1 -1 -1 -1
0.39580395817756653 0.7231396436691284 0.9781306385993958 -1 -1 -1 -1 -1 -1 -1 -1 -1
0.3930543065071106 0.7175776362419128 0.45091062784194946 -1 -1 -1 -1 -1 -1 -1 -1 -1
0.4019276797771454 0.7332965135574341 0.9860252737998962 -1 -1 -1 -1 -1 -1 -1 -1 -1
0.3997957408428192 0.7302206158638 0.6314815878868103 -1 -1 -1 -1 -1 -1 -1 -1 -1
0.37715181708335876 0.7669283151626587 0.972507894039154 -1 -1 -1 -1 -1 -1 -1 -1 -1
0.3754497468471527 0.7539812922477722 0.5706220269203186 -1 -1 -1 -1 -1 -1 -1 -1 -1
1 
33 
-1 -1 -1 -1 -1 -1 -1 -1 -1 -1
0.3560856878757477 0.33619225025177 0.9917128086090088 -1 -1 -1 -1 -1 -1 -1 -1 -1
0.3576999008655548 0.3273956775665283 0.9963055849075317 -1 -1 -1 -1 -1 -1 -1 -1 -1
0.3582383692264557 0.32690417766571045 0.9965284466743469 -1 -1 -1 -1 -1 -1 -1 -1 -1
0.3587631583213806 0.3264837861061096 0.996588945388794 -1 -1 -1 -1 -1 -1 -1 -1 -1
0.35791316628456116 0.3283974528312683 0.9946657419204712 -1 -1 -1 -1 -1 -1 -1 -1 -1
0.35856929421424866 0.3285332918167114 0.9928326606750488 -1 -1 -1 -1 -1 -1 -1 -1 -1
0.3592727482318878 0.3286300599575043 0.9930932521820068 -1 -1 -1 -1 -1 -1 -1 -1 -1
0.36530864238739014 0.32947680354118347 0.9966068267822266 -1 -1 -1 -1 -1 -1 -1 -1 -1
0.36586785316467285 0.3304961323738098 0.98817378282547 -1 -1 -1 -1 -1 -1 -1 -1 -1
0.3589244484901428 0.3417838215827942 0.9866470098495483 -1 -1 -1 -1 -1 -1 -1 -1 -1
0.35890111327171326 0.3437105417251587 0.9820855855941772 -1 -1 -1 -1 -1 -1 -1 -1 -1
0.37569499015808105 0.3583114743232727 0.9981641173362732 -1 -1 -1 -1 -1 -1 -1 -1 -1
0.3785952627658844 0.3671039342880249 0.964983344078064 -1 -1 -1 -1 -1 -1 -1 -1 -1
0.37496086955070496 0.29273244738578796 0.9967576861381531 -1 -1 -1 -1 -1 -1 -1 -1 -1
0.3750828206539154 0.30616140365600586 0.03247114270925522 -1 -1 -1 -1 -1 -1 -1 -1 -1
0.38342204689979553 0.22458752989768982 0.972150981426239 -1 -1 -1 -1 -1 -1 -1 -1 -1
0.38259732723236084 0.23825481534004211 0.08163627237081528 -1 -1 -1 -1 -1 -1 -1 -1 -1
0.38719749450683594 0.20934343338012695 0.9535723924636841 -1 -1 -1 -1 -1 -1 -1 -1 -1
0.3855520486831665 0.23196861147880554 0.14984826743602753 -1 -1 -1 -1 -1 -1 -1 -1 -1
0.3885163366794586 0.20827946066856384 0.9470024108886719 -1 -1 -1 -1 -1 -1 -1 -1 -1
0.38633131980895996 0.22583094239234924 0.1511879563331604 -1 -1 -1 -1 -1 -1 -1 -1 -1
0.38743120431900024 0.21431538462638855 0.9247675538063049 -1 -1 -1 -1 -1 -1 -1 -1 -1
0.38532936573028564 0.2297000288963318 0.16770759224891663 -1 -1 -1 -1 -1 -1 -1 -1 -1
0.3733448088169098 0.5025202035903931 0.9980894923210144 -1 -1 -1 -1 -1 -1 -1 -1 -1
0.3767402768135071 0.5004522800445557 0.9935436248779297 -1 -1 -1 -1 -1 -1 -1 -1 -1
0.37831011414527893 0.6134545803070068 0.9747117161750793 -1 -1 -1 -1 -1 -1 -1 -1 -1
0.3793145716190338 0.607547402381897 0.30008330941200256 -1 -1 -1 -1 -1 -1 -1 -1 -1
0.39455142617225647 0.7241987586021423 0.9739164113998413 -1 -1 -1 -1 -1 -1 -1 -1 -1
0.39270225167274475 0.7173035144805908 0.41446325182914734 -1 -1 -1 -1 -1 -1 -1 -1 -1
0.40125444531440735 0.7357089519500732 0.9839874505996704 -1 -1 -1 -1 -1 -1 -1 -1 -1
0.39950597286224365 0.7318751811981201 0.6130189895629883 -1 -1 -1 -1 -1 -1 -1 -1 -1
0.3733699321746826 0.7680068016052246 0.9691476821899414 -1 -1 -1 -1 -1 -1 -1 -1 -1
0.37505170702934265 0.7516252398490906 0.5513091087341309 -1 -1 -1 -1 -1 -1 -1 -1 -1
1 
33 
-1 -1 -1 -1 -1 -1 -1 -1 -1 -1
0.35775282979011536 0.3316005766391754 0.9952940344810486 -1 -1 -1 -1 -1 -1 -1 -1 -1
0.3612794280052185 0.32381731271743774 0.9976435303688049 -1 -1 -1 -1 -1 -1 -1 -1 -1
0.3621785640716553 0.32369130849838257 0.9978451728820801 -1 -1 -1 -1 -1 -1 -1 -1 -1
0.3631429374217987 0.3235623240470886 0.9978952407836914 -1 -1 -1 -1 -1 -1 -1 -1 -1
0.36078324913978577 0.3244863450527191 0.9964838027954102 -1 -1 -1 -1 -1 -1 -1 -1 -1
0.3612285256385803 0.32492172718048096 0.9954696893692017 -1 -1 -1 -1 -1 -1 -1 -1 -1
0.36179617047309875 0.3252458870410919 0.9955300688743591 -1 -1 -1 -1 -1 -1 -1 -1 -1
0.3696928918361664 0.32916367053985596 0.9977185726165771 -1 -1 -1 -1 -1 -1 -1 -1 -1
0.3680992126464844 0.32959604263305664 0.9925519227981567 -1 -1 -1 -1 -1 -1 -1 -1 -1
0.36103126406669617 0.33783164620399475 0.9875370860099792 -1 -1 -1 -1 -1 -1 -1 -1 -1
0.35995104908943176 0.33962976932525635 0.9834134578704834 -1 -1 -1 -1 -1 -1 -1 -1 -1
0.37805119156837463 0.3591282367706299 0.9990131855010986 -1 -1 -1 -1 -1 -1 -1 -1 -1
0.37510737776756287 0.3757716417312622 0.9778993129730225 -1 -1 -1 -1 -1 -1 -1 -1 -1
0.37383031845092773 0.28783074021339417 0.9952044486999512 -1 -1 -1 -1 -1 -1 -1 -1 -1
0.37030768394470215 0.31089502573013306 0.03464242443442345 -1 -1 -1 -1 -1 -1 -1 -1 -1
0.3836691677570343 0.21332809329032898 0.9863858222961426 -1 -1 -1 -1 -1 -1 -1 -1 -1
0.3761535584926605 0.2614085078239441 0.08463554829359055 -1 -1 -1 -1 -1 -1 -1 -1 -1
0.38684478402137756 0.20101609826087952 0.9768551588058472 -1 -1 -1 -1 -1 -1 -1 -1 -1
0.3779546022415161 0.26706600189208984 0.13334250450134277 -1 -1 -1 -1 -1 -1 -1 -1 -1
0.3882006108760834 0.20110291242599487 0.9743674397468567 -1 -1 -1 -1 -1 -1 -1 -1 -1
0.37729647755622864 0.2670336067676544 0.1355079710483551 -1 -1 -1 -1 -1 -1 -1 -1 -1
0.38718530535697937 0.20495682954788208 0.9642791748046875 -1 -1 -1 -1 -1 -1 -1 -1 -1
0.37892451882362366 0.25042107701301575 0.15397755801677704 -1 -1 -1 -1 -1 -1 -1 -1 -1
0.37625712156295776 0.5014832615852356 0.9991952776908875 -1 -1 -1 -1 -1 -1 -1 -1 -1
0.37236708402633667 0.49975740909576416 0.9976140260696411 -1 -1 -1 -1 -1 -1 -1 -1 -1
0.38079509139060974 0.6088030934333801 0.9851776957511902 -1 -1 -1 -1 -1 -1 -1 -1 -1
0.37847355008125305 0.6045500040054321 0.5072371959686279 -1 -1 -1 -1 -1 -1 -1 -1 -1
0.3917347192764282 0.7273853421211243 0.9755959510803223 -1 -1 -1 -1 -1 -1 -1 -1 -1
0.3879280388355255 0.7235018014907837 0.5474008917808533 -1 -1 -1 -1 -1 -1 -1 -1 -1
0.3993302583694458 0.7369797229766846 0.9726616740226746 -1 -1 -1 -1 -1 -1 -1 -1 -1
0.3960988521575928 0.7323784828186035 0.6582571268081665 -1 -1 -1 -1 -1 -1 -1 -1 -1
0.3761606812477112 0.7702339291572571 0.9769171476364136 -1 -1 -1 -1 -1 -1 -1 -1 -1
0.3810897469520569 0.7685754299163818 0.6908539533615112 -1 -1 -1 -1 -1 -1 -1 -1 -1
1 
33 
-1 -1 -1 -1 -1 -1 -1 -1 -1 -1
0.3630276918411255 0.32445305585861206 0.9961896538734436 -1 -1 -1 -1 -1 -1 -1 -1 -1
0.36571183800697327 0.3198615610599518 0.9973655343055725 -1 -1 -1 -1 -1 -1 -1 -1 -1
0.36628782749176025 0.32062819600105286 0.9976488947868347 -1 -1 -1 -1 -1 -1 -1 -1 -1
0.36693182587623596 0.32137051224708557 0.9972934126853943 -1 -1 -1 -1 -1 -1 -1 -1 -1
0.3648951053619385 0.3206373155117035 0.9966314435005188 -1 -1 -1 -1 -1 -1 -1 -1 -1
0.3648717999458313 0.32211974263191223 0.9964244961738586 -1 -1 -1 -1 -1 -1 -1 -1 -1
0.36493784189224243 0.32359281182289124 0.995914876461029 -1 -1 -1 -1 -1 -1 -1 -1 -1
0.3705129325389862 0.33193904161453247 0.9981411695480347 -1 -1 -1 -1 -1 -1 -1 -1 -1
0.36840033531188965 0.33297812938690186 0.994807779788971 -1 -1 -1 -1 -1 -1 -1 -1 -1
0.3648827373981476 0.3354726731777191 0.9849177002906799 -1 -1 -1 -1 -1 -1 -1 -1 -1
0.36372584104537964 0.33718353509902954 0.9807623028755188 -1 -1 -1 -1 -1 -1 -1 -1 -1
0.3767334520816803 0.3586418926715851 0.9988541603088379 -1 -1 -1 -1 -1 -1 -1 -1 -1
0.37475985288619995 0.3803675174713135 0.9909960627555847 -1 -1 -1 -1 -1 -1 -1 -1 -1
0.3741298317909241 0.28734585642814636 0.9893584251403809 -1 -1 -1 -1 -1 -1 -1 -1 -1
0.3716150224208832 0.3270992338657379 0.17517440021038055 -1 -1 -1 -1 -1 -1 -1 -1 -1
0.382951945066452 0.20962592959403992 0.981019914150238 -1 -1 -1 -1 -1 -1 -1 -1 -1
0.3745296001434326 0.2806498408317566 0.3154284656047821 -1 -1 -1 -1 -1 -1 -1 -1 -1
0.38379940390586853 0.19759663939476013 0.9630111455917358 -1 -1 -1 -1 -1 -1 -1 -1 -1
0.3772968351840973 0.2645196318626404 0.35638096928596497 -1 -1 -1 -1 -1 -1 -1 -1 -1
0.38541537523269653 0.19289851188659668 0.9580987691879272 -1 -1 -1 -1 -1 -1 -1 -1 -1
0.3731887638568878 0.2589218020439148 0.3527405858039856 -1 -1 -1 -1 -1 -1 -1 -1 -1
0.38481247425079346 0.19811460375785828 0.9515626430511475 -1 -1 -1 -1 -1 -1 -1 -1 -1
0.3769187033176422 0.2514832019805908 0.346926212310791 -1 -1 -1 -1 -1 -1 -1 -1 -1
0.3752814531326294 0.4990175664424896 0.9994621872901917 -1 -1 -1 -1 -1 -1 -1 -1 -1
0.3768523633480072 0.5092878341674805 0.9989811778068542 -1 -1 -1 -1 -1 -1 -1 -1 -1
0.37567877769470215 0.5604723691940308 0.9789278507232666 -1 -1 -1 -1 -1 -1 -1 -1 -1
0.38138118386268616 0.6001149415969849 0.7918148040771484 -1 -1 -1 -1 -1 -1 -1 -1 -1
0.3844575881958008 0.6477007269859314 0.9130333662033081 -1 -1 -1 -1 -1 -1 -1 -1 -1
0.3867785632610321 0.7087718844413757 0.7261260747909546 -1 -1 -1 -1 -1 -1 -1 -1 -1
0.38217517733573914 0.6354724168777466 0.9502177834510803 -1 -1 -1 -1 -1 -1 -1 -1 -1
0.390786349773407 0.7208452820777893 0.8331416249275208 -1 -1 -1 -1 -1 -1 -1 -1 -1
0.3719318211078644 0.6626922488212585 0.9220862984657288 -1 -1 -1 -1 -1 -1 -1 -1 -1
0.37308165431022644 0.7407792210578918 0.7669418454170227 -1 -1 -1 -1 -1 -1 -1 -1 -1
1 
33 
-1 -1 -1 -1 -1 -1 -1 -1 -1 -1
0.36871102452278137 0.30034366250038147 0.9957740902900696 -1 -1 -1 -1 -1 -1 -1 -1 -1
0.3704700767993927 0.2945619225502014 0.9962024092674255 -1 -1 -1 -1 -1 -1 -1 -1 -1
0.37091031670570374 0.2955816090106964 0.9964112639427185 -1 -1 -1 -1 -1 -1 -1 -1 -1
0.37124812602996826 0.2966478765010834 0.9952414035797119 -1 -1 -1 -1 -1 -1 -1 -1 -1
0.36934831738471985 0.29412174224853516 0.9957841038703918 -1 -1 -1 -1 -1 -1 -1 -1 -1
0.3689824640750885 0.2948722243309021 0.9957276582717896 -1 -1 -1 -1 -1 -1 -1 -1 -1
0.3685753643512726 0.2955498695373535 0.9952457547187805 -1 -1 -1 -1 -1 -1 -1 -1 -1
0.372232586145401 0.3077014684677124 0.9971717000007629 -1 -1 -1 -1 -1 -1 -1 -1 -1
0.3690524399280548 0.3041253089904785 0.9941429495811462 -1 -1 -1 -1 -1 -1 -1 -1 -1
0.3695276081562042 0.31222403049468994 0.9890925884246826 -1 -1 -1 -1 -1 -1 -1 -1 -1
0.3679060935974121 0.3120877742767334 0.9886582493782043 -1 -1 -1 -1 -1 -1 -1 -1 -1
0.3764441907405853 0.3415202498435974 0.9985802173614502 -1 -1 -1 -1 -1 -1 -1 -1 -1
0.3727090358734131 0.3432101905345917 0.9960837364196777 -1 -1 -1 -1 -1 -1 -1 -1 -1
0.37309175729751587 0.26823481917381287 0.9832491874694824 -1 -1 -1 -1 -1 -1 -1 -1 -1
0.37295666337013245 0.27558669447898865 0.4930238723754883 -1 -1 -1 -1 -1 -1 -1 -1 -1
0.37906667590141296 0.19527387619018555 0.9696905612945557 -1 -1 -1 -1 -1 -1 -1 -1 -1
0.3783056139945984 0.20674878358840942 0.7140701413154602 -1 -1 -1 -1 -1 -1 -1 -1 -1
0.37882712483406067 0.18320930004119873 0.9503179788589478 -1 -1 -1 -1 -1 -1 -1 -1 -1
0.3798545002937317 0.196517676115036 0.7178587913513184 -1 -1 -1 -1 -1 -1 -1 -1 -1
0.3801979422569275 0.17815452814102173 0.9431734085083008 -1 -1 -1 -1 -1 -1 -1 -1 -1
0.3796122372150421 0.19326600432395935 0.7068641185760498 -1 -1 -1 -1 -1 -1 -1 -1 -1
0.3796534836292267 0.18625864386558533 0.9377052187919617 -1 -1 -1 -1 -1 -1 -1 -1 -1
0.3791804909706116 0.19557136297225952 0.7022643685340881 -1 -1 -1 -1 -1 -1 -1 -1 -1
0.3766830563545227 0.4854651391506195 0.9987427592277527 -1 -1 -1 -1 -1 -1 -1 -1 -1
0.37138575315475464 0.4790789484977722 0.9985985159873962 -1 -1 -1 -1 -1 -1 -1 -1 -1
0.38205966353416443 0.5821555852890015 0.9811145663261414 -1 -1 -1 -1 -1 -1 -1 -1 -1
0.3805851936340332 0.5981528759002686 0.8013138175010681 -1 -1 -1 -1 -1 -1 -1 -1 -1
0.38712358474731445 0.650362491607666 0.9380990862846375 -1 -1 -1 -1 -1 -1 -1 -1 -1
0.38385382294654846 0.7135481834411621 0.8277576565742493 -1 -1 -1 -1 -1 -1 -1 -1 -1
0.38454964756965637 0.6378054618835449 0.9503856301307678 -1 -1 -1 -1 -1 -1 -1 -1 -1
0.3904363811016083 0.7193639278411865 0.9227508306503296 -1 -1 -1 -1 -1 -1 -1 -1 -1
0.36586660146713257 0.6697306036949158 0.9370157122612 -1 -1 -1 -1 -1 -1 -1 -1 -1
0.3642619848251343 0.7405895590782166 0.8436810970306396 -1 -1 -1 -1 -1 -1 -1 -1 -1
1 
33 
-1 -1 -1 -1 -1 -1 -1 -1 -1 -1
0.35912445187568665 0.3007443845272064 0.9968243837356567 -1 -1 -1 -1 -1 -1 -1 -1 -1
0.3621540367603302 0.2931756377220154 0.9976565837860107 -1 -1 -1 -1 -1 -1 -1 -1 -1
0.3626602292060852 0.2938775420188904 0.9977251887321472 -1 -1 -1 -1 -1 -1 -1 -1 -1
0.36316603422164917 0.29462382197380066 0.9972001314163208 -1 -1 -1 -1 -1 -1 -1 -1 -1
0.3618439733982086 0.29272085428237915 0.9969745874404907 -1 -1 -1 -1 -1 -1 -1 -1 -1
0.3621060252189636 0.2931390106678009 0.9967065453529358 -1 -1 -1 -1 -1 -1 -1 -1 -1
0.362400084733963 0.29349246621131897 0.9964609742164612 -1 -1 -1 -1 -1 -1 -1 -1 -1
0.3676765561103821 0.3036380708217621 0.9977734684944153 -1 -1 -1 -1 -1 -1 -1 -1 -1
0.36640340089797974 0.30072617530822754 0.9943811297416687 -1 -1 -1 -1 -1 -1 -1 -1 -1
0.3612864017486572 0.309170663356781 0.9934749007225037 -1 -1 -1 -1 -1 -1 -1 -1 -1
0.36043286323547363 0.3092535734176636 0.9924875497817993 -1 -1 -1 -1 -1 -1 -1 -1 -1
0.37534913420677185 0.3298254609107971 0.9991621971130371 -1 -1 -1 -1 -1 -1 -1 -1 -1
0.3731236755847931 0.3407062888145447 0.9945059418678284 -1 -1 -1 -1 -1 -1 -1 -1 -1
0.3726515471935272 0.2627527713775635 0.9944565296173096 -1 -1 -1 -1 -1 -1 -1 -1 -1
0.3727351129055023 0.28066760301589966 0.17116157710552216 -1 -1 -1 -1 -1 -1 -1 -1 -1
0.37764406204223633 0.1894809901714325 0.9875202178955078 -1 -1 -1 -1 -1 -1 -1 -1 -1
0.3758303225040436 0.21355485916137695 0.4132455885410309 -1 -1 -1 -1 -1 -1 -1 -1 -1
0.3779107332229614 0.17731231451034546 0.977380633354187 -1 -1 -1 -1 -1 -1 -1 -1 -1
0.3828839957714081 0.21735799312591553 0.5053566098213196 -1 -1 -1 -1 -1 -1 -1 -1 -1
0.37852221727371216 0.1728014051914215 0.9744000434875488 -1 -1 -1 -1 -1 -1 -1 -1 -1
0.3813530206680298 0.21259155869483948 0.5083739757537842 -1 -1 -1 -1 -1 -1 -1 -1 -1
0.3782108426094055 0.18067726492881775 0.9680459499359131 -1 -1 -1 -1 -1 -1 -1 -1 -1
0.37916848063468933 0.21671128273010254 0.5078458189964294 -1 -1 -1 -1 -1 -1 -1 -1 -1
0.3771026134490967 0.46780431270599365 0.9993370175361633 -1 -1 -1 -1 -1 -1 -1 -1 -1
0.37193700671195984 0.4660269320011139 0.9989930987358093 -1 -1 -1 -1 -1 -1 -1 -1 -1
0.3808562755584717 0.568763256072998 0.9866641759872437 -1 -1 -1 -1 -1 -1 -1 -1 -1
0.3788931667804718 0.5804260969161987 0.7423207759857178 -1 -1 -1 -1 -1 -1 -1 -1 -1
0.38244399428367615 0.6714308261871338 0.9758948683738708 -1 -1 -1 -1 -1 -1 -1 -1 -1
0.38009408116340637 0.691196084022522 0.8467805981636047 -1 -1 -1 -1 -1 -1 -1 -1 -1
0.3866161108016968 0.668074905872345 0.9754601120948792 -1 -1 -1 -1 -1 -1 -1 -1 -1
0.385366827249527 0.7028221487998962 0.913641631603241 -1 -1 -1 -1 -1 -1 -1 -1 -1
0.3714439272880554 0.7147125601768494 0.9768469929695129 -1 -1 -1 -1 -1 -1 -1 -1 -1
0.3686632513999939 0.7359284162521362 0.8810667395591736 -1 -1 -1 -1 -1 -1 -1 -1 -1
1 
33 
-1 -1 -1 -1 -1 -1 -1 -1 -1 -1
0.35906848311424255 0.28214144706726074 0.99737548828125 -1 -1 -1 -1 -1 -1 -1 -1 -1
0.36255037784576416 0.2739531099796295 0.9979981780052185 -1 -1 -1 -1 -1 -1 -1 -1 -1
0.3630816638469696 0.2746204435825348 0.9982852339744568 -1 -1 -1 -1 -1 -1 -1 -1 -1
0.3636511266231537 0.27536633610725403 0.9978633522987366 -1 -1 -1 -1 -1 -1 -1 -1 -1
0.36249929666519165 0.274190753698349 0.997011661529541 -1 -1 -1 -1 -1 -1 -1 -1 -1
0.3629126250743866 0.2749916911125183 0.9967807531356812 -1 -1 -1 -1 -1 -1 -1 -1 -1
0.36336204409599304 0.27569785714149475 0.9957418441772461 -1 -1 -1 -1 -1 -1 -1 -1 -1
0.3686158359050751 0.2897854447364807 0.9984558820724487 -1 -1 -1 -1 -1 -1 -1 -1 -1
0.36728575825691223 0.28588584065437317 0.9933146834373474 -1 -1 -1 -1 -1 -1 -1 -1 -1
0.3615012466907501 0.29351213574409485 0.9955971837043762 -1 -1 -1 -1 -1 -1 -1 -1 -1
0.36064475774765015 0.29411780834198 0.9929268956184387 -1 -1 -1 -1 -1 -1 -1 -1 -1
0.37623894214630127 0.3321209251880646 0.9989470839500427 -1 -1 -1 -1 -1 -1 -1 -1 -1
0.3697124421596527 0.331184446811676 0.9939666986465454 -1 -1 -1 -1 -1 -1 -1 -1 -1
0.3716844916343689 0.26159021258354187 0.9912295341491699 -1 -1 -1 -1 -1 -1 -1 -1 -1
0.36927881836891174 0.26726922392845154 0.1672520637512207 -1 -1 -1 -1 -1 -1 -1 -1 -1
0.37796658277511597 0.18605786561965942 0.9652174115180969 -1 -1 -1 -1 -1 -1 -1 -1 -1
0.37387290596961975 0.195290207862854 0.4089016020298004 -1 -1 -1 -1 -1 -1 -1 -1 -1
0.3795744478702545 0.1738649308681488 0.9428434371948242 -1 -1 -1 -1 -1 -1 -1 -1 -1
0.3771030604839325 0.18025967478752136 0.5084807276725769 -1 -1 -1 -1 -1 -1 -1 -1 -1
0.3803943693637848 0.1732342541217804 0.9360560774803162 -1 -1 -1 -1 -1 -1 -1 -1 -1
0.3771091401576996 0.17768743634223938 0.4989563524723053 -1 -1 -1 -1 -1 -1 -1 -1 -1
0.37977495789527893 0.17626813054084778 0.9253243207931519 -1 -1 -1 -1 -1 -1 -1 -1 -1
0.37643149495124817 0.18078166246414185 0.48000189661979675 -1 -1 -1 -1 -1 -1 -1 -1 -1
0.3787901699542999 0.4772781729698181 0.9987686276435852 -1 -1 -1 -1 -1 -1 -1 -1 -1
0.3687538206577301 0.4779423475265503 0.9983662962913513 -1 -1 -1 -1 -1 -1 -1 -1 -1
0.38210782408714294 0.5428005456924438 0.9645566940307617 -1 -1 -1 -1 -1 -1 -1 -1 -1
0.37643009424209595 0.5890575647354126 0.7131703495979309 -1 -1 -1 -1 -1 -1 -1 -1 -1
0.37343332171440125 0.5822627544403076 0.9214978814125061 -1 -1 -1 -1 -1 -1 -1 -1 -1
0.3780047297477722 0.6987040042877197 0.8054137229919434 -1 -1 -1 -1 -1 -1 -1 -1 -1
0.3762776553630829 0.5822514891624451 0.9574292302131653 -1 -1 -1 -1 -1 -1 -1 -1 -1
0.3868432343006134 0.7107144594192505 0.921377956867218 -1 -1 -1 -1 -1 -1 -1 -1 -1
0.356801301240921 0.6160759925842285 0.9428196549415588 -1 -1 -1 -1 -1 -1 -1 -1 -1
0.3637685477733612 0.7327516078948975 0.8678845167160034 -1 -1 -1 -1 -1 -1 -1 -1 -1
1 
33 
-1 -1 -1 -1 -1 -1 -1 -1 -1 -1
0.35171738266944885 0.3479657471179962 0.9991563558578491 -1 -1 -1 -1 -1 -1 -1 -1 -1
0.36257404088974 0.3427738547325134 0.9990494847297668 -1 -1 -1 -1 -1 -1 -1 -1 -1
0.3632235825061798 0.3437965214252472 0.9989187717437744 -1 -1 -1 -1 -1 -1 -1 -1 -1
0.36377573013305664 0.34469106793403625 0.9990509152412415 -1 -1 -1 -1 -1 -1 -1 -1 -1
0.3623794913291931 0.3410102128982544 0.9984519481658936 -1 -1 -1 -1 -1 -1 -1 -1 -1
0.36274462938308716 0.3408999741077423 0.9983015060424805 -1 -1 -1 -1 -1 -1 -1 -1 -1
0.3630514144897461 0.3407791554927826 0.9986791014671326 -1 -1 -1 -1 -1 -1 -1 -1 -1
0.3688623011112213 0.3536836802959442 0.9989307522773743 -1 -1 -1 -1 -1 -1 -1 -1 -1
0.3671249449253082 0.34837761521339417 0.9987595081329346 -1 -1 -1 -1 -1 -1 -1 -1 -1
0.3646864593029022 0.366964191198349 0.9983057975769043 -1 -1 -1 -1 -1 -1 -1 -1 -1
0.3642371594905853 0.36504074931144714 0.9976152181625366 -1 -1 -1 -1 -1 -1 -1 -1 -1
0.3759169578552246 0.43344032764434814 0.9993571639060974 -1 -1 -1 -1 -1 -1 -1 -1 -1
0.375735878944397 0.4177842140197754 0.9994639754295349 -1 -1 -1 -1 -1 -1 -1 -1 -1
0.3645703196525574 0.5081498026847839 0.8053847551345825 -1 -1 -1 -1 -1 -1 -1 -1 -1
0.37003302574157715 0.31685805320739746 0.8012645244598389 -1 -1 -1 -1 -1 -1 -1 -1 -1
0.37336331605911255 0.5643695592880249 0.581184983253479 -1 -1 -1 -1 -1 -1 -1 -1 -1
0.3766638934612274 0.21993231773376465 0.8956484198570251 -1 -1 -1 -1 -1 -1 -1 -1 -1
0.37895092368125916 0.5800236463546753 0.5365996360778809 -1 -1 -1 -1 -1 -1 -1 -1 -1
0.38186484575271606 0.20500227808952332 0.8385037779808044 -1 -1 -1 -1 -1 -1 -1 -1 -1
0.3790922164916992 0.5822300910949707 0.5241096615791321 -1 -1 -1 -1 -1 -1 -1 -1 -1
0.3824738562107086 0.19779571890830994 0.8300014734268188 -1 -1 -1 -1 -1 -1 -1 -1 -1
0.3767513036727905 0.5766626000404358 0.5076159238815308 -1 -1 -1 -1 -1 -1 -1 -1 -1
0.38008376955986023 0.2057974636554718 0.8198531866073608 -1 -1 -1 -1 -1 -1 -1 -1 -1
0.3629477620124817 0.6503649353981018 0.9996742010116577 -1 -1 -1 -1 -1 -1 -1 -1 -1
0.3571309447288513 0.6522967219352722 0.9998090863227844 -1 -1 -1 -1 -1 -1 -1 -1 -1
0.3265087902545929 0.7377063035964966 0.6980348229408264 -1 -1 -1 -1 -1 -1 -1 -1 -1
0.3358711302280426 0.7127596735954285 0.3574972152709961 -1 -1 -1 -1 -1 -1 -1 -1 -1
0.35525527596473694 0.7608940601348877 0.3018149137496948 -1 -1 -1 -1 -1 -1 -1 -1 -1
0.3597455322742462 0.7689597606658936 0.18932370841503143 -1 -1 -1 -1 -1 -1 -1 -1 -1
0.36355093121528625 0.7537678480148315 0.3963579535484314 -1 -1 -1 -1 -1 -1 -1 -1 -1
0.3638351261615753 0.7661406993865967 0.32354822754859924 -1 -1 -1 -1 -1 -1 -1 -1 -1
0.3598480522632599 0.7872001528739929 0.39626553654670715 -1 -1 -1 -1 -1 -1 -1 -1 -1
0.36616718769073486 0.8149953484535217 0.3232586085796356 -1 -1 -1 -1 -1 -1 -1 -1 -1
1 
33 
-1 -1 -1 -1 -1 -1 -1 -1 -1 -1
0.35501065850257874 0.3132820725440979 0.9987913966178894 -1 -1 -1 -1 -1 -1 -1 -1 -1
0.3644073009490967 0.307426780462265 0.9991828799247742 -1 -1 -1 -1 -1 -1 -1 -1 -1
0.36528775095939636 0.30794015526771545 0.9990422129631042 -1 -1 -1 -1 -1 -1 -1 -1 -1
0.36572912335395813 0.307732492685318 0.9990565180778503 -1 -1 -1 -1 -1 -1 -1 -1 -1
0.3640196621417999 0.30729106068611145 0.9987384676933289 -1 -1 -1 -1 -1 -1 -1 -1 -1
0.36421212553977966 0.3077521026134491 0.9987127780914307 -1 -1 -1 -1 -1 -1 -1 -1 -1
0.3648275136947632 0.30745014548301697 0.9987394213676453 -1 -1 -1 -1 -1 -1 -1 -1 -1
0.3685135245323181 0.3154425323009491 0.9987491369247437 -1 -1 -1 -1 -1 -1 -1 -1 -1
0.36843186616897583 0.31207650899887085 0.9976295232772827 -1 -1 -1 -1 -1 -1 -1 -1 -1
0.3640355169773102 0.32949116826057434 0.997967541217804 -1 -1 -1 -1 -1 -1 -1 -1 -1
0.36294999718666077 0.32899391651153564 0.9972280859947205 -1 -1 -1 -1 -1 -1 -1 -1 -1
0.3723430335521698 0.3584619164466858 0.9985567927360535 -1 -1 -1 -1 -1 -1 -1 -1 -1
0.37041544914245605 0.3428824543952942 0.9974384307861328 -1 -1 -1 -1 -1 -1 -1 -1 -1
0.37109342217445374 0.3673493266105652 0.851628839969635 -1 -1 -1 -1 -1 -1 -1 -1 -1
0.38129448890686035 0.28050220012664795 0.3837328553199768 -1 -1 -1 -1 -1 -1 -1 -1 -1
0.3747924268245697 0.3542329668998718 0.6400887370109558 -1 -1 -1 -1 -1 -1 -1 -1 -1
0.38390666246414185 0.22757166624069214 0.5013320446014404 -1 -1 -1 -1 -1 -1 -1 -1 -1
0.3766647279262543 0.3517771065235138 0.5947256088256836 -1 -1 -1 -1 -1 -1 -1 -1 -1
0.3883998990058899 0.21625971794128418 0.503033459186554 -1 -1 -1 -1 -1 -1 -1 -1 -1
0.3800015151500702 0.34799420833587646 0.568203866481781 -1 -1 -1 -1 -1 -1 -1 -1 -1
0.3881820738315582 0.21450275182724 0.48890382051467896 -1 -1 -1 -1 -1 -1 -1 -1 -1
0.3792145252227783 0.3482029139995575 0.542448103427887 -1 -1 -1 -1 -1 -1 -1 -1 -1
0.38753604888916016 0.21719828248023987 0.4787469506263733 -1 -1 -1 -1 -1 -1 -1 -1 -1
0.3705487847328186 0.5192070007324219 0.9986170530319214 -1 -1 -1 -1 -1 -1 -1 -1 -1
0.37368860840797424 0.5109627842903137 0.9965241551399231 -1 -1 -1 -1 -1 -1 -1 -1 -1
0.36624404788017273 0.5048420429229736 0.9879113435745239 -1 -1 -1 -1 -1 -1 -1 -1 -1
0.37349367141723633 0.41224539279937744 0.4554440975189209 -1 -1 -1 -1 -1 -1 -1 -1 -1
0.37638965249061584 0.5371364951133728 0.9715282320976257 -1 -1 -1 -1 -1 -1 -1 -1 -1
0.39137640595436096 0.3499927520751953 0.4109046161174774 -1 -1 -1 -1 -1 -1 -1 -1 -1
0.38213226199150085 0.5329815149307251 0.9730046987533569 -1 -1 -1 -1 -1 -1 -1 -1 -1
0.39275968074798584 0.3390992283821106 0.6618983149528503 -1 -1 -1 -1 -1 -1 -1 -1 -1
0.3845183551311493 0.5653825998306274 0.9728428721427917 -1 -1 -1 -1 -1 -1 -1 -1 -1
0.4012155532836914 0.3286656439304352 0.5381585359573364 -1 -1 -1 -1 -1 -1 -1 -1 -1
1 
33 
-1 -1 -1 -1 -1 -1 -1 -1 -1 -1
0.36065438389778137 0.32084813714027405 0.9950189590454102 -1 -1 -1 -1 -1 -1 -1 -1 -1
0.3672020733356476 0.3067592978477478 0.9966673254966736 -1 -1 -1 -1 -1 -1 -1 -1 -1
0.3677433133125305 0.3070722818374634 0.9957063794136047 -1 -1 -1 -1 -1 -1 -1 -1 -1
0.3680645525455475 0.3072235584259033 0.996458113193512 -1 -1 -1 -1 -1 -1 -1 -1 -1
0.3659225106239319 0.30671048164367676 0.99688321352005 -1 -1 -1 -1 -1 -1 -1 -1 -1
0.3657532036304474 0.3071318566799164 0.9962925314903259 -1 -1 -1 -1 -1 -1 -1 -1 -1
0.36563077569007874 0.3072556257247925 0.9970607161521912 -1 -1 -1 -1 -1 -1 -1 -1 -1
0.36945903301239014 0.32457855343818665 0.993854820728302 -1 -1 -1 -1 -1 -1 -1 -1 -1
0.3677513301372528 0.32127755880355835 0.9933356046676636 -1 -1 -1 -1 -1 -1 -1 -1 -1
0.36490267515182495 0.33187058568000793 0.9936158657073975 -1 -1 -1 -1 -1 -1 -1 -1 -1
0.36274126172065735 0.3327418863773346 0.9953422546386719 -1 -1 -1 -1 -1 -1 -1 -1 -1
0.37074926495552063 0.3802639842033386 0.9977527260780334 -1 -1 -1 -1 -1 -1 -1 -1 -1
0.3683236837387085 0.37927383184432983 0.9972683191299438 -1 -1 -1 -1 -1 -1 -1 -1 -1
0.36668193340301514 0.4055595397949219 0.8535422682762146 -1 -1 -1 -1 -1 -1 -1 -1 -1
0.37107014656066895 0.33622676134109497 0.19610729813575745 -1 -1 -1 -1 -1 -1 -1 -1 -1
0.3757461905479431 0.4145103394985199 0.5724225640296936 -1 -1 -1 -1 -1 -1 -1 -1 -1
0.3900150954723358 0.28320953249931335 0.20405445992946625 -1 -1 -1 -1 -1 -1 -1 -1 -1
0.37978118658065796 0.4162587523460388 0.4650675356388092 -1 -1 -1 -1 -1 -1 -1 -1 -1
0.396835058927536 0.2732822597026825 0.174101322889328 -1 -1 -1 -1 -1 -1 -1 -1 -1
0.38151416182518005 0.42033398151397705 0.4317604899406433 -1 -1 -1 -1 -1 -1 -1 -1 -1
0.38369545340538025 0.2763651907444 0.17248563468456268 -1 -1 -1 -1 -1 -1 -1 -1 -1
0.38022202253341675 0.4193844795227051 0.39843592047691345 -1 -1 -1 -1 -1 -1 -1 -1 -1
0.391926109790802 0.27085015177726746 0.16634096205234528 -1 -1 -1 -1 -1 -1 -1 -1 -1
0.3590867817401886 0.5825387835502625 0.9991196990013123 -1 -1 -1 -1 -1 -1 -1 -1 -1
0.36104580760002136 0.5813047885894775 0.9989628791809082 -1 -1 -1 -1 -1 -1 -1 -1 -1
0.3547104597091675 0.5902815461158752 0.850561797618866 -1 -1 -1 -1 -1 -1 -1 -1 -1
0.3814387321472168 0.5153956413269043 0.13271449506282806 -1 -1 -1 -1 -1 -1 -1 -1 -1
0.37554067373275757 0.490627646446228 0.6364486813545227 -1 -1 -1 -1 -1 -1 -1 -1 -1
0.38616830110549927 0.44171661138534546 0.18584567308425903 -1 -1 -1 -1 -1 -1 -1 -1 -1
0.3772728741168976 0.4766887128353119 0.6253339052200317 -1 -1 -1 -1 -1 -1 -1 -1 -1
0.38448062539100647 0.43392425775527954 0.253883421421051 -1 -1 -1 -1 -1 -1 -1 -1 -1
0.3849346935749054 0.44773316383361816 0.6887959241867065 -1 -1 -1 -1 -1 -1 -1 -1 -1
0.3950464129447937 0.40666067600250244 0.2890229821205139 -1 -1 -1 -1 -1 -1 -1 -1 -1
1 
33 
-1 -1 -1 -1 -1 -1 -1 -1 -1 -1
0.3651486039161682 0.3419002592563629 0.9968792200088501 -1 -1 -1 -1 -1 -1 -1 -1 -1
0.3684171438217163 0.3347405791282654 0.9968975782394409 -1 -1 -1 -1 -1 -1 -1 -1 -1
0.3689459264278412 0.33496811985969543 0.9968249797821045 -1 -1 -1 -1 -1 -1 -1 -1 -1
0.36971521377563477 0.3354942202568054 0.9968819618225098 -1 -1 -1 -1 -1 -1 -1 -1 -1
0.36741161346435547 0.3358042538166046 0.9947658777236938 -1 -1 -1 -1 -1 -1 -1 -1 -1
0.36731642484664917 0.33660557866096497 0.9940654039382935 -1 -1 -1 -1 -1 -1 -1 -1 -1
0.3672390580177307 0.3371300995349884 0.9943132400512695 -1 -1 -1 -1 -1 -1 -1 -1 -1
0.3709075152873993 0.3446480631828308 0.996527373790741 -1 -1 -1 -1 -1 -1 -1 -1 -1
0.36924874782562256 0.34055468440055847 0.9911379218101501 -1 -1 -1 -1 -1 -1 -1 -1 -1
0.3671059012413025 0.34866952896118164 0.991800844669342 -1 -1 -1 -1 -1 -1 -1 -1 -1
0.3655339181423187 0.350116491317749 0.988513171672821 -1 -1 -1 -1 -1 -1 -1 -1 -1
0.37360137701034546 0.36742934584617615 0.9988762736320496 -1 -1 -1 -1 -1 -1 -1 -1 -1
0.3700512647628784 0.35635173320770264 0.9977360963821411 -1 -1 -1 -1 -1 -1 -1 -1 -1
0.3636806607246399 0.326804518699646 0.9382935762405396 -1 -1 -1 -1 -1 -1 -1 -1 -1
0.36887314915657043 0.3122425675392151 0.4728367328643799 -1 -1 -1 -1 -1 -1 -1 -1 -1
0.3715152144432068 0.2946230471134186 0.860292911529541 -1 -1 -1 -1 -1 -1 -1 -1 -1
0.37909144163131714 0.2890089452266693 0.47794756293296814 -1 -1 -1 -1 -1 -1 -1 -1 -1
0.37645044922828674 0.2912650406360626 0.8147967457771301 -1 -1 -1 -1 -1 -1 -1 -1 -1
0.38228803873062134 0.2840082049369812 0.4444792568683624 -1 -1 -1 -1 -1 -1 -1 -1 -1
0.3797414004802704 0.29158058762550354 0.8112403154373169 -1 -1 -1 -1 -1 -1 -1 -1 -1
0.3831305503845215 0.2843441367149353 0.43684086203575134 -1 -1 -1 -1 -1 -1 -1 -1 -1
0.37817737460136414 0.29596057534217834 0.7951035499572754 -1 -1 -1 -1 -1 -1 -1 -1 -1
0.38261502981185913 0.28668513894081116 0.42129403352737427 -1 -1 -1 -1 -1 -1 -1 -1 -1
0.3757462501525879 0.49971723556518555 0.9993705153465271 -1 -1 -1 -1 -1 -1 -1 -1 -1
0.371590793132782 0.5028876662254333 0.9992281198501587 -1 -1 -1 -1 -1 -1 -1 -1 -1
0.3678045868873596 0.5827153921127319 0.9721889495849609 -1 -1 -1 -1 -1 -1 -1 -1 -1
0.3682515621185303 0.5921627879142761 0.8177491426467896 -1 -1 -1 -1 -1 -1 -1 -1 -1
0.37959814071655273 0.6776381731033325 0.8210065364837646 -1 -1 -1 -1 -1 -1 -1 -1 -1
0.37998929619789124 0.7030650973320007 0.6887531876564026 -1 -1 -1 -1 -1 -1 -1 -1 -1
0.3854180574417114 0.6899615526199341 0.9098106622695923 -1 -1 -1 -1 -1 -1 -1 -1 -1
0.3841298818588257 0.7126545310020447 0.8481892943382263 -1 -1 -1 -1 -1 -1 -1 -1 -1
0.3772280216217041 0.6933038234710693 0.7885307669639587 -1 -1 -1 -1 -1 -1 -1 -1 -1
0.37383607029914856 0.7264034152030945 0.674760639667511 -1 -1 -1 -1 -1 -1 -1 -1 -1
1 
33 
-1 -1 -1 -1 -1 -1 -1 -1 -1 -1
0.35835495591163635 0.34371519088745117 0.9724359512329102 -1 -1 -1 -1 -1 -1 -1 -1 -1
0.3611896336078644 0.33111336827278137 0.9868391156196594 -1 -1 -1 -1 -1 -1 -1 -1 -1
0.3618118166923523 0.3316141366958618 0.9834954142570496 -1 -1 -1 -1 -1 -1 -1 -1 -1
0.3620051145553589 0.33210331201553345 0.9869994521141052 -1 -1 -1 -1 -1 -1 -1 -1 -1
0.3615754246711731 0.3315627872943878 0.97675621509552 -1 -1 -1 -1 -1 -1 -1 -1 -1
0.36204975843429565 0.33239439129829407 0.9733251929283142 -1 -1 -1 -1 -1 -1 -1 -1 -1
0.3624095916748047 0.33306726813316345 0.976535975933075 -1 -1 -1 -1 -1 -1 -1 -1 -1
0.3649325966835022 0.34375137090682983 0.9843626022338867 -1 -1 -1 -1 -1 -1 -1 -1 -1
0.36599287390708923 0.3401068449020386 0.9646074175834656 -1 -1 -1 -1 -1 -1 -1 -1 -1
0.3608893156051636 0.3550882339477539 0.9765111804008484 -1 -1 -1 -1 -1 -1 -1 -1 -1
0.3610452115535736 0.3564703166484833 0.9785093665122986 -1 -1 -1 -1 -1 -1 -1 -1 -1
0.3730611801147461 0.3854105472564697 0.9989497065544128 -1 -1 -1 -1 -1 -1 -1 -1 -1
0.37236878275871277 0.3742073178291321 0.9894964098930359 -1 -1 -1 -1 -1 -1 -1 -1 -1
0.3587549030780792 0.31359100341796875 0.9061269760131836 -1 -1 -1 -1 -1 -1 -1 -1 -1
0.36599457263946533 0.30765798687934875 0.05206834152340889 -1 -1 -1 -1 -1 -1 -1 -1 -1
0.3751862943172455 0.2856001853942871 0.8116235136985779 -1 -1 -1 -1 -1 -1 -1 -1 -1
0.37940898537635803 0.2821846306324005 0.08687669038772583 -1 -1 -1 -1 -1 -1 -1 -1 -1
0.3801715672016144 0.2806999087333679 0.7769851088523865 -1 -1 -1 -1 -1 -1 -1 -1 -1
0.38472339510917664 0.27610713243484497 0.12797926366329193 -1 -1 -1 -1 -1 -1 -1 -1 -1
0.38187289237976074 0.2823609411716461 0.7708824872970581 -1 -1 -1 -1 -1 -1 -1 -1 -1
0.38616442680358887 0.2764941155910492 0.12390733510255814 -1 -1 -1 -1 -1 -1 -1 -1 -1
0.3807918131351471 0.28456345200538635 0.7424073815345764 -1 -1 -1 -1 -1 -1 -1 -1 -1
0.3852582573890686 0.2786751985549927 0.12609797716140747 -1 -1 -1 -1 -1 -1 -1 -1 -1
0.37771227955818176 0.502704381942749 0.9998183846473694 -1 -1 -1 -1 -1 -1 -1 -1 -1
0.3745558261871338 0.49432048201560974 0.9985587000846863 -1 -1 -1 -1 -1 -1 -1 -1 -1
0.36049067974090576 0.6105664968490601 0.9948354959487915 -1 -1 -1 -1 -1 -1 -1 -1 -1
0.371498703956604 0.4298003315925598 0.3606826961040497 -1 -1 -1 -1 -1 -1 -1 -1 -1
0.3796909749507904 0.7245050072669983 0.9481204152107239 -1 -1 -1 -1 -1 -1 -1 -1 -1
0.3569965958595276 0.3874741196632385 0.3741091787815094 -1 -1 -1 -1 -1 -1 -1 -1 -1
0.3837829828262329 0.7228401899337769 0.9096217155456543 -1 -1 -1 -1 -1 -1 -1 -1 -1
0.35081103444099426 0.38583216071128845 0.4674946367740631 -1 -1 -1 -1 -1 -1 -1 -1 -1
0.3837789297103882 0.7458075284957886 0.8988086581230164 -1 -1 -1 -1 -1 -1 -1 -1 -1
0.3657150864601135 0.3639545738697052 0.4816184639930725 -1 -1 -1 -1 -1 -1 -1 -1 -1
1 
33 
-1 -1 -1 -1 -1 -1 -1 -1 -1 -1
0.3506222367286682 0.39226847887039185 0.9827830791473389 -1 -1 -1 -1 -1 -1 -1 -1 -1
0.35303476452827454 0.38110870122909546 0.9900409579277039 -1 -1 -1 -1 -1 -1 -1 -1 -1
0.35373085737228394 0.38094401359558105 0.9907219409942627 -1 -1 -1 -1 -1 -1 -1 -1 -1
0.3543013334274292 0.38019657135009766 0.9912614822387695 -1 -1 -1 -1 -1 -1 -1 -1 -1
0.35338011384010315 0.3809700012207031 0.9823325276374817 -1 -1 -1 -1 -1 -1 -1 -1 -1
0.354194700717926 0.3797664940357208 0.9790802597999573 -1 -1 -1 -1 -1 -1 -1 -1 -1
0.35510730743408203 0.3795466423034668 0.9812825918197632 -1 -1 -1 -1 -1 -1 -1 -1 -1
0.36154112219810486 0.38236796855926514 0.9849298596382141 -1 -1 -1 -1 -1 -1 -1 -1 -1
0.3625124990940094 0.38054007291793823 0.9634041786193848 -1 -1 -1 -1 -1 -1 -1 -1 -1
0.3564485013484955 0.3950226306915283 0.9620209336280823 -1 -1 -1 -1 -1 -1 -1 -1 -1
0.3564842939376831 0.39501169323921204 0.9531799554824829 -1 -1 -1 -1 -1 -1 -1 -1 -1
0.3711414933204651 0.40381401777267456 0.9973944425582886 -1 -1 -1 -1 -1 -1 -1 -1 -1
0.3750966191291809 0.40350282192230225 0.9860848188400269 -1 -1 -1 -1 -1 -1 -1 -1 -1
0.35040727257728577 0.3462163209915161 0.983871340751648 -1 -1 -1 -1 -1 -1 -1 -1 -1
0.3538954555988312 0.3410106301307678 0.10055136680603027 -1 -1 -1 -1 -1 -1 -1 -1 -1
0.34648457169532776 0.31347280740737915 0.8565745949745178 -1 -1 -1 -1 -1 -1 -1 -1 -1
0.34775471687316895 0.3028189539909363 0.14431333541870117 -1 -1 -1 -1 -1 -1 -1 -1 -1
0.34830525517463684 0.29515689611434937 0.8017809391021729 -1 -1 -1 -1 -1 -1 -1 -1 -1
0.35045886039733887 0.29007452726364136 0.21651248633861542 -1 -1 -1 -1 -1 -1 -1 -1 -1
0.3501691222190857 0.29512035846710205 0.7931081652641296 -1 -1 -1 -1 -1 -1 -1 -1 -1
0.3500087261199951 0.2841867506504059 0.2208528071641922 -1 -1 -1 -1 -1 -1 -1 -1 -1
0.35051488876342773 0.3019289970397949 0.7647279500961304 -1 -1 -1 -1 -1 -1 -1 -1 -1
0.3478054702281952 0.28522545099258423 0.22314704954624176 -1 -1 -1 -1 -1 -1 -1 -1 -1
0.38598278164863586 0.5209982395172119 0.9983289837837219 -1 -1 -1 -1 -1 -1 -1 -1 -1
0.3887176811695099 0.5154232382774353 0.9975664615631104 -1 -1 -1 -1 -1 -1 -1 -1 -1
0.36371538043022156 0.6201668977737427 0.9691726565361023 -1 -1 -1 -1 -1 -1 -1 -1 -1
0.3660663366317749 0.609052836894989 0.4382813572883606 -1 -1 -1 -1 -1 -1 -1 -1 -1
0.3856971561908722 0.7250057458877563 0.9411820769309998 -1 -1 -1 -1 -1 -1 -1 -1 -1
0.3839493989944458 0.7172130346298218 0.45818811655044556 -1 -1 -1 -1 -1 -1 -1 -1 -1
0.3943943381309509 0.7350122332572937 0.9685943126678467 -1 -1 -1 -1 -1 -1 -1 -1 -1
0.3920099139213562 0.7307523488998413 0.5677452683448792 -1 -1 -1 -1 -1 -1 -1 -1 -1
0.36992979049682617 0.766096293926239 0.9447007179260254 -1 -1 -1 -1 -1 -1 -1 -1 -1
0.37055546045303345 0.7561924457550049 0.5526277422904968 -1 -1 -1 -1 -1 -1 -1 -1 -1
1 
33 
-1 -1 -1 -1 -1 -1 -1 -1 -1 -1
0.3579285144805908 0.3674263656139374 0.7204427123069763 -1 -1 -1 -1 -1 -1 -1 -1 -1
0.35619696974754333 0.36821627616882324 0.8213979005813599 -1 -1 -1 -1 -1 -1 -1 -1 -1
0.356726735830307 0.36909258365631104 0.8250721096992493 -1 -1 -1 -1 -1 -1 -1 -1 -1
0.35728418827056885 0.3701364994049072 0.8523654341697693 -1 -1 -1 -1 -1 -1 -1 -1 -1
0.3563893437385559 0.3696325421333313 0.7878561615943909 -1 -1 -1 -1 -1 -1 -1 -1 -1
0.35681381821632385 0.3714488744735718 0.7901642322540283 -1 -1 -1 -1 -1 -1 -1 -1 -1
0.3571661710739136 0.3732436001300812 0.8170654773712158 -1 -1 -1 -1 -1 -1 -1 -1 -1
0.3645654320716858 0.3872959613800049 0.788037121295929 -1 -1 -1 -1 -1 -1 -1 -1 -1
0.36372140049934387 0.38899797201156616 0.7902170419692993 -1 -1 -1 -1 -1 -1 -1 -1 -1
0.36466652154922485 0.3759486675262451 0.6855515837669373 -1 -1 -1 -1 -1 -1 -1 -1 -1
0.3640826642513275 0.3771436810493469 0.6022590398788452 -1 -1 -1 -1 -1 -1 -1 -1 -1
0.3785548210144043 0.4070877432823181 0.9857062101364136 -1 -1 -1 -1 -1 -1 -1 -1 -1
0.37982410192489624 0.41750746965408325 0.9917097687721252 -1 -1 -1 -1 -1 -1 -1 -1 -1
0.3510406017303467 0.34982794523239136 0.3613639175891876 -1 -1 -1 -1 -1 -1 -1 -1 -1
0.3440069258213043 0.35203883051872253 0.420987069606781 -1 -1 -1 -1 -1 -1 -1 -1 -1
0.3361760973930359 0.29815107583999634 0.5442683696746826 -1 -1 -1 -1 -1 -1 -1 -1 -1
0.31751835346221924 0.31641706824302673 0.4425605535507202 -1 -1 -1 -1 -1 -1 -1 -1 -1
0.3206500709056854 0.3090531826019287 0.5486248731613159 -1 -1 -1 -1 -1 -1 -1 -1 -1
0.30872732400894165 0.3070670962333679 0.44355496764183044 -1 -1 -1 -1 -1 -1 -1 -1 -1
0.3186338543891907 0.29926633834838867 0.5547804236412048 -1 -1 -1 -1 -1 -1 -1 -1 -1
0.3074497878551483 0.2980442941188812 0.44303807616233826 -1 -1 -1 -1 -1 -1 -1 -1 -1
0.3348177969455719 0.28923457860946655 0.5277697443962097 -1 -1 -1 -1 -1 -1 -1 -1 -1
0.3120761215686798 0.3049672842025757 0.43839630484580994 -1 -1 -1 -1 -1 -1 -1 -1 -1
0.3880574703216553 0.54576176404953 0.9979894161224365 -1 -1 -1 -1 -1 -1 -1 -1 -1
0.3919455409049988 0.5268288254737854 0.9981454610824585 -1 -1 -1 -1 -1 -1 -1 -1 -1
0.3738265633583069 0.6484839916229248 0.24301040172576904 -1 -1 -1 -1 -1 -1 -1 -1 -1
0.38473832607269287 0.6325430870056152 0.790906548500061 -1 -1 -1 -1 -1 -1 -1 -1 -1
0.37664008140563965 0.7315865159034729 0.2410949021577835 -1 -1 -1 -1 -1 -1 -1 -1 -1
0.3789571225643158 0.7267761826515198 0.4907875061035156 -1 -1 -1 -1 -1 -1 -1 -1 -1
0.37576553225517273 0.7361652255058289 0.4280383288860321 -1 -1 -1 -1 -1 -1 -1 -1 -1
0.37832340598106384 0.7319395542144775 0.5988697409629822 -1 -1 -1 -1 -1 -1 -1 -1 -1
0.3719724416732788 0.734510064125061 0.2642603814601898 -1 -1 -1 -1 -1 -1 -1 -1 -1
0.3866179883480072 0.7588199973106384 0.49528393149375916 -1 -1 -1 -1 -1 -1 -1 -1 -1
1 
33 
-1 -1 -1 -1 -1 -1 -1 -1 -1 -1
0.3417282998561859 0.38363033533096313 0.9636560082435608 -1 -1 -1 -1 -1 -1 -1 -1 -1
0.3416651487350464 0.37364649772644043 0.9765334725379944 -1 -1 -1 -1 -1 -1 -1 -1 -1
0.3419170081615448 0.37265604734420776 0.9718019366264343 -1 -1 -1 -1 -1 -1 -1 -1 -1
0.3423979580402374 0.3718283772468567 0.9727209210395813 -1 -1 -1 -1 -1 -1 -1 -1 -1
0.34268632531166077 0.3733980357646942 0.9625433683395386 -1 -1 -1 -1 -1 -1 -1 -1 -1
0.34381917119026184 0.37197527289390564 0.9508287906646729 -1 -1 -1 -1 -1 -1 -1 -1 -1
0.3449040353298187 0.3708488345146179 0.9560456871986389 -1 -1 -1 -1 -1 -1 -1 -1 -1
0.3494955003261566 0.36650657653808594 0.9718244671821594 -1 -1 -1 -1 -1 -1 -1 -1 -1
0.3521805703639984 0.36464664340019226 0.9319719672203064 -1 -1 -1 -1 -1 -1 -1 -1 -1
0.344806432723999 0.3863871097564697 0.9412926435470581 -1 -1 -1 -1 -1 -1 -1 -1 -1
0.34604379534721375 0.3865905702114105 0.9414966702461243 -1 -1 -1 -1 -1 -1 -1 -1 -1
0.36637791991233826 0.38546910881996155 0.9956824779510498 -1 -1 -1 -1 -1 -1 -1 -1 -1
0.37849748134613037 0.3856378197669983 0.9884479641914368 -1 -1 -1 -1 -1 -1 -1 -1 -1
0.3414936661720276 0.3885349631309509 0.8851267099380493 -1 -1 -1 -1 -1 -1 -1 -1 -1
0.3733331561088562 0.3991183638572693 0.021814627572894096 -1 -1 -1 -1 -1 -1 -1 -1 -1
0.3177807629108429 0.3952968716621399 0.6807260513305664 -1 -1 -1 -1 -1 -1 -1 -1 -1
0.35825926065444946 0.40141624212265015 0.0069130766205489635 -1 -1 -1 -1 -1 -1 -1 -1 -1
0.3117026090621948 0.3940345048904419 0.6118736267089844 -1 -1 -1 -1 -1 -1 -1 -1 -1
0.35764387249946594 0.3996429145336151 0.00999536458402872 -1 -1 -1 -1 -1 -1 -1 -1 -1
0.30729690194129944 0.3881625533103943 0.6035230159759521 -1 -1 -1 -1 -1 -1 -1 -1 -1
0.3530752658843994 0.39474910497665405 0.010040294378995895 -1 -1 -1 -1 -1 -1 -1 -1 -1
0.3170704245567322 0.38675636053085327 0.5090346932411194 -1 -1 -1 -1 -1 -1 -1 -1 -1
0.352266788482666 0.39474520087242126 0.012218475341796875 -1 -1 -1 -1 -1 -1 -1 -1 -1
0.39333656430244446 0.4710109233856201 0.9961923360824585 -1 -1 -1 -1 -1 -1 -1 -1 -1
0.4039289951324463 0.4807100296020508 0.9976373910903931 -1 -1 -1 -1 -1 -1 -1 -1 -1
0.3718239367008209 0.4839591085910797 0.710625946521759 -1 -1 -1 -1 -1 -1 -1 -1 -1
0.3940172791481018 0.5853261947631836 0.8378509283065796 -1 -1 -1 -1 -1 -1 -1 -1 -1
0.352139949798584 0.5634689927101135 0.5430014133453369 -1 -1 -1 -1 -1 -1 -1 -1 -1
0.38072630763053894 0.6959022283554077 0.8734133839607239 -1 -1 -1 -1 -1 -1 -1 -1 -1
0.351117342710495 0.5769884586334229 0.6181853413581848 -1 -1 -1 -1 -1 -1 -1 -1 -1
0.37981972098350525 0.7139720320701599 0.9129177927970886 -1 -1 -1 -1 -1 -1 -1 -1 -1
0.34290236234664917 0.5756567716598511 0.5504331588745117 -1 -1 -1 -1 -1 -1 -1 -1 -1
0.375837117433548 0.7306534051895142 0.7949590086936951 -1 -1 -1 -1 -1 -1 -1 -1 -1
1 
33 
-1 -1 -1 -1 -1 -1 -1 -1 -1 -1
0.33454492688179016 0.39043569564819336 0.7714593410491943 -1 -1 -1 -1 -1 -1 -1 -1 -1
0.3329015076160431 0.38063162565231323 0.8295024633407593 -1 -1 -1 -1 -1 -1 -1 -1 -1
0.3331969082355499 0.37956470251083374 0.7826449871063232 -1 -1 -1 -1 -1 -1 -1 -1 -1
0.3335393965244293 0.3785586357116699 0.8492090702056885 -1 -1 -1 -1 -1 -1 -1 -1 -1
0.3331992030143738 0.3803035616874695 0.8107109069824219 -1 -1 -1 -1 -1 -1 -1 -1 -1
0.33365029096603394 0.3790320158004761 0.8002499938011169 -1 -1 -1 -1 -1 -1 -1 -1 -1
0.3341571092605591 0.3776988685131073 0.8827652931213379 -1 -1 -1 -1 -1 -1 -1 -1 -1
0.3397009074687958 0.37091201543807983 0.6904946565628052 -1 -1 -1 -1 -1 -1 -1 -1 -1
0.3398359715938568 0.3696882724761963 0.7565458416938782 -1 -1 -1 -1 -1 -1 -1 -1 -1
0.3392358720302582 0.39070236682891846 0.7470649480819702 -1 -1 -1 -1 -1 -1 -1 -1 -1
0.3393495976924896 0.3903626501560211 0.7248483896255493 -1 -1 -1 -1 -1 -1 -1 -1 -1
0.3604908287525177 0.38816502690315247 0.990946888923645 -1 -1 -1 -1 -1 -1 -1 -1 -1
0.3704369366168976 0.3856148421764374 0.9804110527038574 -1 -1 -1 -1 -1 -1 -1 -1 -1
0.33548516035079956 0.43061408400535583 0.8420822024345398 -1 -1 -1 -1 -1 -1 -1 -1 -1
0.3502079248428345 0.4321182072162628 0.023518715053796768 -1 -1 -1 -1 -1 -1 -1 -1 -1
0.3067323565483093 0.4578840434551239 0.5060088038444519 -1 -1 -1 -1 -1 -1 -1 -1 -1
0.324047327041626 0.4595493972301483 0.021260147914290428 -1 -1 -1 -1 -1 -1 -1 -1 -1
0.3066657781600952 0.45451977849006653 0.45946162939071655 -1 -1 -1 -1 -1 -1 -1 -1 -1
0.31862691044807434 0.4571673572063446 0.029416609555482864 -1 -1 -1 -1 -1 -1 -1 -1 -1
0.3021674156188965 0.4514489769935608 0.43883535265922546 -1 -1 -1 -1 -1 -1 -1 -1 -1
0.3067106604576111 0.45725083351135254 0.0312887467443943 -1 -1 -1 -1 -1 -1 -1 -1 -1
0.3030497431755066 0.4517177939414978 0.3642277121543884 -1 -1 -1 -1 -1 -1 -1 -1 -1
0.3073570430278778 0.45774680376052856 0.03933754563331604 -1 -1 -1 -1 -1 -1 -1 -1 -1
0.41465020179748535 0.46310123801231384 0.9874857068061829 -1 -1 -1 -1 -1 -1 -1 -1 -1
0.41512584686279297 0.45860493183135986 0.9811920523643494 -1 -1 -1 -1 -1 -1 -1 -1 -1
0.4055955410003662 0.5646359324455261 0.7750343680381775 -1 -1 -1 -1 -1 -1 -1 -1 -1
0.4061262607574463 0.5591971278190613 0.06278765201568604 -1 -1 -1 -1 -1 -1 -1 -1 -1
0.3886549174785614 0.6560409069061279 0.7832198143005371 -1 -1 -1 -1 -1 -1 -1 -1 -1
0.3895353078842163 0.6498832106590271 0.20592628419399261 -1 -1 -1 -1 -1 -1 -1 -1 -1
0.3918921947479248 0.6681351661682129 0.7416984438896179 -1 -1 -1 -1 -1 -1 -1 -1 -1
0.39248770475387573 0.6630478501319885 0.3393055200576782 -1 -1 -1 -1 -1 -1 -1 -1 -1
0.3685806691646576 0.6840571761131287 0.752437174320221 -1 -1 -1 -1 -1 -1 -1 -1 -1
0.3717197775840759 0.6715481281280518 0.32009926438331604 -1 -1 -1 -1 -1 -1 -1 -1 -1
1 
33 
-1 -1 -1 -1 -1 -1 -1 -1 -1 -1
0.3246527910232544 0.4126855134963989 0.997723400592804 -1 -1 -1 -1 -1 -1 -1 -1 -1
0.3240503668785095 0.405177503824234 0.9979887008666992 -1 -1 -1 -1 -1 -1 -1 -1 -1
0.3246718943119049 0.40449750423431396 0.9979045391082764 -1 -1 -1 -1 -1 -1 -1 -1 -1
0.3253299295902252 0.4037414491176605 0.9983727335929871 -1 -1 -1 -1 -1 -1 -1 -1 -1
0.32381606101989746 0.4052082896232605 0.9978460073471069 -1 -1 -1 -1 -1 -1 -1 -1 -1
0.3242441713809967 0.404521644115448 0.9979040622711182 -1 -1 -1 -1 -1 -1 -1 -1 -1
0.3246743679046631 0.4037448465824127 0.9985918402671814 -1 -1 -1 -1 -1 -1 -1 -1 -1
0.33217042684555054 0.39863377809524536 0.9972123503684998 -1 -1 -1 -1 -1 -1 -1 -1 -1
0.33098921179771423 0.39892953634262085 0.9976316690444946 -1 -1 -1 -1 -1 -1 -1 -1 -1
0.3301258087158203 0.415819376707077 0.9962897300720215 -1 -1 -1 -1 -1 -1 -1 -1 -1
0.3302193582057953 0.41606566309928894 0.9949476718902588 -1 -1 -1 -1 -1 -1 -1 -1 -1
0.35607779026031494 0.4145704507827759 0.998465895652771 -1 -1 -1 -1 -1 -1 -1 -1 -1
0.3559476137161255 0.416753888130188 0.9974163770675659 -1 -1 -1 -1 -1 -1 -1 -1 -1
0.35352984070777893 0.4751085638999939 0.8798510432243347 -1 -1 -1 -1 -1 -1 -1 -1 -1
0.3583117127418518 0.48352155089378357 0.20101776719093323 -1 -1 -1 -1 -1 -1 -1 -1 -1
0.3456950783729553 0.5155139565467834 0.7377738356590271 -1 -1 -1 -1 -1 -1 -1 -1 -1
0.34111568331718445 0.5409578680992126 0.2060309201478958 -1 -1 -1 -1 -1 -1 -1 -1 -1
0.3416489362716675 0.5215857028961182 0.6793261766433716 -1 -1 -1 -1 -1 -1 -1 -1 -1
0.3418094217777252 0.5477584600448608 0.18718008697032928 -1 -1 -1 -1 -1 -1 -1 -1 -1
0.34075435996055603 0.5182123780250549 0.6649799942970276 -1 -1 -1 -1 -1 -1 -1 -1 -1
0.3406374156475067 0.5492758750915527 0.2020517736673355 -1 -1 -1 -1 -1 -1 -1 -1 -1
0.34273988008499146 0.5163793563842773 0.6167436838150024 -1 -1 -1 -1 -1 -1 -1 -1 -1
0.3429775834083557 0.546421468257904 0.22735682129859924 -1 -1 -1 -1 -1 -1 -1 -1 -1
0.42288896441459656 0.43147584795951843 0.9856843948364258 -1 -1 -1 -1 -1 -1 -1 -1 -1
0.42116907238960266 0.43450504541397095 0.9924012422561646 -1 -1 -1 -1 -1 -1 -1 -1 -1
0.40702518820762634 0.529504656791687 0.9347240328788757 -1 -1 -1 -1 -1 -1 -1 -1 -1
0.40803298354148865 0.5334108471870422 0.2914586067199707 -1 -1 -1 -1 -1 -1 -1 -1 -1
0.41031119227409363 0.6270086169242859 0.914593517780304 -1 -1 -1 -1 -1 -1 -1 -1 -1
0.41002798080444336 0.6273578405380249 0.4364057183265686 -1 -1 -1 -1 -1 -1 -1 -1 -1
0.4158061742782593 0.6425493359565735 0.8505426049232483 -1 -1 -1 -1 -1 -1 -1 -1 -1
0.41564521193504333 0.6420460939407349 0.4542286694049835 -1 -1 -1 -1 -1 -1 -1 -1 -1
0.39273372292518616 0.6615853905677795 0.9014111757278442 -1 -1 -1 -1 -1 -1 -1 -1 -1
0.39367178082466125 0.6607259511947632 0.5775238871574402 -1 -1 -1 -1 -1 -1 -1 -1 -1
1 
33 
-1 -1 -1 -1 -1 -1 -1 -1 -1 -1
0.34534531831741333 0.46234366297721863 0.9947669506072998 -1 -1 -1 -1 -1 -1 -1 -1 -1
0.34074586629867554 0.4604925811290741 0.9946923851966858 -1 -1 -1 -1 -1 -1 -1 -1 -1
0.3405534327030182 0.45970264077186584 0.9933701753616333 -1 -1 -1 -1 -1 -1 -1 -1 -1
0.34036985039711 0.45899760723114014 0.9959111213684082 -1 -1 -1 -1 -1 -1 -1 -1 -1
0.3406773805618286 0.46017512679100037 0.9953587651252747 -1 -1 -1 -1 -1 -1 -1 -1 -1
0.3404681980609894 0.4591170847415924 0.9941766262054443 -1 -1 -1 -1 -1 -1 -1 -1 -1
0.3402845561504364 0.45810556411743164 0.9958000779151917 -1 -1 -1 -1 -1 -1 -1 -1 -1
0.34010085463523865 0.4480759799480438 0.9890273809432983 -1 -1 -1 -1 -1 -1 -1 -1 -1
0.34022292494773865 0.4466951787471771 0.988654375076294 -1 -1 -1 -1 -1 -1 -1 -1 -1
0.34763386845588684 0.45749685168266296 0.991047203540802 -1 -1 -1 -1 -1 -1 -1 -1 -1
0.34799623489379883 0.4568992257118225 0.9873320460319519 -1 -1 -1 -1 -1 -1 -1 -1 -1
0.35297948122024536 0.43864819407463074 0.999692440032959 -1 -1 -1 -1 -1 -1 -1 -1 -1
0.3637353777885437 0.40936094522476196 0.9965246319770813 -1 -1 -1 -1 -1 -1 -1 -1 -1
0.3749012351036072 0.48012638092041016 0.808121919631958 -1 -1 -1 -1 -1 -1 -1 -1 -1
0.3955010771751404 0.4067186117172241 0.05748577043414116 -1 -1 -1 -1 -1 -1 -1 -1 -1
0.38883987069129944 0.5234732031822205 0.5406646728515625 -1 -1 -1 -1 -1 -1 -1 -1 -1
0.41379618644714355 0.4195425808429718 0.03483099117875099 -1 -1 -1 -1 -1 -1 -1 -1 -1
0.3894102871417999 0.5361711382865906 0.4918197691440582 -1 -1 -1 -1 -1 -1 -1 -1 -1
0.4202432632446289 0.41967344284057617 0.04333127290010452 -1 -1 -1 -1 -1 -1 -1 -1 -1
0.3898845613002777 0.5350018739700317 0.48677483201026917 -1 -1 -1 -1 -1 -1 -1 -1 -1
0.41791483759880066 0.42520299553871155 0.04412870109081268 -1 -1 -1 -1 -1 -1 -1 -1 -1
0.38803762197494507 0.5275253653526306 0.40583038330078125 -1 -1 -1 -1 -1 -1 -1 -1 -1
0.41545620560646057 0.4251044988632202 0.045006901025772095 -1 -1 -1 -1 -1 -1 -1 -1 -1
0.4209586977958679 0.4213535785675049 0.993107259273529 -1 -1 -1 -1 -1 -1 -1 -1 -1
0.424154669046402 0.4129345417022705 0.9892672300338745 -1 -1 -1 -1 -1 -1 -1 -1 -1
0.4028187394142151 0.5161353349685669 0.8659568428993225 -1 -1 -1 -1 -1 -1 -1 -1 -1
0.40545088052749634 0.509035050868988 0.23158109188079834 -1 -1 -1 -1 -1 -1 -1 -1 -1
0.435729444026947 0.5875876545906067 0.8094685673713684 -1 -1 -1 -1 -1 -1 -1 -1 -1
0.4340609908103943 0.5823966860771179 0.4210357964038849 -1 -1 -1 -1 -1 -1 -1 -1 -1
0.4473356008529663 0.5939157605171204 0.7686368823051453 -1 -1 -1 -1 -1 -1 -1 -1 -1
0.4474447965621948 0.5910176634788513 0.571609377861023 -1 -1 -1 -1 -1 -1 -1 -1 -1
0.4327080547809601 0.6364904642105103 0.819923460483551 -1 -1 -1 -1 -1 -1 -1 -1 -1
0.43141698837280273 0.6310886740684509 0.5750097036361694 -1 -1 -1 -1 -1 -1 -1 -1 -1
1 
33 
-1 -1 -1 -1 -1 -1 -1 -1 -1 -1
0.36284977197647095 0.5115243196487427 0.9967978596687317 -1 -1 -1 -1 -1 -1 -1 -1 -1
0.35832852125167847 0.5123644471168518 0.9977284073829651 -1 -1 -1 -1 -1 -1 -1 -1 -1
0.3579186499118805 0.51153963804245 0.9972074627876282 -1 -1 -1 -1 -1 -1 -1 -1 -1
0.35746437311172485 0.5106103420257568 0.9980576634407043 -1 -1 -1 -1 -1 -1 -1 -1 -1
0.3582528829574585 0.5122036337852478 0.9978827834129333 -1 -1 -1 -1 -1 -1 -1 -1 -1
0.35784608125686646 0.5112980008125305 0.9974615573883057 -1 -1 -1 -1 -1 -1 -1 -1 -1
0.35736796259880066 0.5102999210357666 0.9979522228240967 -1 -1 -1 -1 -1 -1 -1 -1 -1
0.3548687696456909 0.4978788495063782 0.9966222047805786 -1 -1 -1 -1 -1 -1 -1 -1 -1
0.3546077609062195 0.49838346242904663 0.99566251039505 -1 -1 -1 -1 -1 -1 -1 -1 -1
0.3639405071735382 0.5035579204559326 0.9971339702606201 -1 -1 -1 -1 -1 -1 -1 -1 -1
0.36405283212661743 0.5033510327339172 0.9961056113243103 -1 -1 -1 -1 -1 -1 -1 -1 -1
0.3657339811325073 0.46556857228279114 0.9998586177825928 -1 -1 -1 -1 -1 -1 -1 -1 -1
0.3664763271808624 0.4510124623775482 0.9975295662879944 -1 -1 -1 -1 -1 -1 -1 -1 -1
0.3916393220424652 0.4582529366016388 0.7665716409683228 -1 -1 -1 -1 -1 -1 -1 -1 -1
0.3900752663612366 0.4334785044193268 0.013276548124849796 -1 -1 -1 -1 -1 -1 -1 -1 -1
0.4026559889316559 0.4547950029373169 0.38405129313468933 -1 -1 -1 -1 -1 -1 -1 -1 -1
0.3991759717464447 0.4239785075187683 0.0048323399387300014 -1 -1 -1 -1 -1 -1 -1 -1 -1
0.4063228368759155 0.4555515944957733 0.3471982777118683 -1 -1 -1 -1 -1 -1 -1 -1 -1
0.40226683020591736 0.41882357001304626 0.007767894305288792 -1 -1 -1 -1 -1 -1 -1 -1 -1
0.402535617351532 0.45600470900535583 0.3481331467628479 -1 -1 -1 -1 -1 -1 -1 -1 -1
0.4000486135482788 0.4260355830192566 0.008169764652848244 -1 -1 -1 -1 -1 -1 -1 -1 -1
0.40026912093162537 0.4546476900577545 0.27867040038108826 -1 -1 -1 -1 -1 -1 -1 -1 -1
0.3982918858528137 0.42876118421554565 0.00984208844602108 -1 -1 -1 -1 -1 -1 -1 -1 -1
0.41959285736083984 0.4102698862552643 0.994666576385498 -1 -1 -1 -1 -1 -1 -1 -1 -1
0.4193819463253021 0.4078086316585541 0.9887868762016296 -1 -1 -1 -1 -1 -1 -1 -1 -1
0.40763726830482483 0.502568781375885 0.9408149123191833 -1 -1 -1 -1 -1 -1 -1 -1 -1
0.40838193893432617 0.5025746822357178 0.20787373185157776 -1 -1 -1 -1 -1 -1 -1 -1 -1
0.46437570452690125 0.5203397274017334 0.9336228966712952 -1 -1 -1 -1 -1 -1 -1 -1 -1
0.45944198966026306 0.5228326916694641 0.34221798181533813 -1 -1 -1 -1 -1 -1 -1 -1 -1
0.47495514154434204 0.5143761038780212 0.895287275314331 -1 -1 -1 -1 -1 -1 -1 -1 -1
0.46632182598114014 0.5252186059951782 0.5032718777656555 -1 -1 -1 -1 -1 -1 -1 -1 -1
0.47102412581443787 0.5659249424934387 0.9189833998680115 -1 -1 -1 -1 -1 -1 -1 -1 -1
0.4684908092021942 0.5660673975944519 0.4522046446800232 -1 -1 -1 -1 -1 -1 -1 -1 -1
1 
33 
-1 -1 -1 -1 -1 -1 -1 -1 -1 -1
0.3932220935821533 0.46907496452331543 0.9974420070648193 -1 -1 -1 -1 -1 -1 -1 -1 -1
0.3901430368423462 0.4654581844806671 0.9980838298797607 -1 -1 -1 -1 -1 -1 -1 -1 -1
0.3901640772819519 0.4631650745868683 0.9977974891662598 -1 -1 -1 -1 -1 -1 -1 -1 -1
0.3901992440223694 0.4608819782733917 0.9983231425285339 -1 -1 -1 -1 -1 -1 -1 -1 -1
0.3890528678894043 0.4712075889110565 0.9956150054931641 -1 -1 -1 -1 -1 -1 -1 -1 -1
0.38837355375289917 0.4730379581451416 0.9940343499183655 -1 -1 -1 -1 -1 -1 -1 -1 -1
0.38768407702445984 0.47487080097198486 0.9946058392524719 -1 -1 -1 -1 -1 -1 -1 -1 -1
0.3864600360393524 0.45384204387664795 0.9979401230812073 -1 -1 -1 -1 -1 -1 -1 -1 -1
0.38367223739624023 0.47390347719192505 0.9934410452842712 -1 -1 -1 -1 -1 -1 -1 -1 -1
0.39403006434440613 0.463454008102417 0.9982946515083313 -1 -1 -1 -1 -1 -1 -1 -1 -1
0.3930213153362274 0.4693387448787689 0.9962838292121887 -1 -1 -1 -1 -1 -1 -1 -1 -1
0.39294397830963135 0.4311074912548065 0.9998435974121094 -1 -1 -1 -1 -1 -1 -1 -1 -1
0.3762010633945465 0.47497302293777466 0.9996299743652344 -1 -1 -1 -1 -1 -1 -1 -1 -1
0.4206717908382416 0.4352068305015564 0.9562467932701111 -1 -1 -1 -1 -1 -1 -1 -1 -1
0.38986971974372864 0.49252867698669434 0.31489595770835876 -1 -1 -1 -1 -1 -1 -1 -1 -1
0.4413595199584961 0.4530012905597687 0.8271079063415527 -1 -1 -1 -1 -1 -1 -1 -1 -1
0.3978925049304962 0.49656665325164795 0.3340696692466736 -1 -1 -1 -1 -1 -1 -1 -1 -1
0.4486222267150879 0.45394209027290344 0.7280473709106445 -1 -1 -1 -1 -1 -1 -1 -1 -1
0.4001809060573578 0.4975264370441437 0.3426474928855896 -1 -1 -1 -1 -1 -1 -1 -1 -1
0.44535067677497864 0.4591255486011505 0.7374767661094666 -1 -1 -1 -1 -1 -1 -1 -1 -1
0.3998340666294098 0.4986201226711273 0.3662300407886505 -1 -1 -1 -1 -1 -1 -1 -1 -1
0.4421751797199249 0.4590468406677246 0.6641406416893005 -1 -1 -1 -1 -1 -1 -1 -1 -1
0.39995431900024414 0.4968060851097107 0.3739526569843292 -1 -1 -1 -1 -1 -1 -1 -1 -1
0.41847720742225647 0.40179339051246643 0.9999643564224243 -1 -1 -1 -1 -1 -1 -1 -1 -1
0.4087684154510498 0.4271596670150757 0.9999147653579712 -1 -1 -1 -1 -1 -1 -1 -1 -1
0.42899981141090393 0.47201406955718994 0.7976022958755493 -1 -1 -1 -1 -1 -1 -1 -1 -1
0.41572752594947815 0.47274747490882874 0.30756092071533203 -1 -1 -1 -1 -1 -1 -1 -1 -1
0.4640425145626068 0.43075308203697205 0.841640293598175 -1 -1 -1 -1 -1 -1 -1 -1 -1
0.4535387456417084 0.4400785565376282 0.42310813069343567 -1 -1 -1 -1 -1 -1 -1 -1 -1
0.46678411960601807 0.41641995310783386 0.8363946676254272 -1 -1 -1 -1 -1 -1 -1 -1 -1
0.4579109251499176 0.4285229742527008 0.3932741582393646 -1 -1 -1 -1 -1 -1 -1 -1 -1
0.47977110743522644 0.44752365350723267 0.8413535356521606 -1 -1 -1 -1 -1 -1 -1 -1 -1
0.4680323004722595 0.45640644431114197 0.3884473741054535 -1 -1 -1 -1 -1 -1 -1 -1 -1
1 
33 
-1 -1 -1 -1 -1 -1 -1 -1 -1 -1
0.4220203161239624 0.5285990834236145 0.9979299306869507 -1 -1 -1 -1 -1 -1 -1 -1 -1
0.42015379667282104 0.5349301695823669 0.9985706806182861 -1 -1 -1 -1 -1 -1 -1 -1 -1
0.4192695915699005 0.5351981520652771 0.9983516931533813 -1 -1 -1 -1 -1 -1 -1 -1 -1
0.41838276386260986 0.5354439616203308 0.9988400340080261 -1 -1 -1 -1 -1 -1 -1 -1 -1
0.4238269627094269 0.5411306023597717 0.9982530474662781 -1 -1 -1 -1 -1 -1 -1 -1 -1
0.4236530065536499 0.5408681631088257 0.9977827668190002 -1 -1 -1 -1 -1 -1 -1 -1 -1
0.423437237739563 0.5405423045158386 0.9983571171760559 -1 -1 -1 -1 -1 -1 -1 -1 -1
0.41535982489585876 0.54124915599823 0.9984795451164246 -1 -1 -1 -1 -1 -1 -1 -1 -1
0.41788381338119507 0.5404203534126282 0.9979123473167419 -1 -1 -1 -1 -1 -1 -1 -1 -1
0.4196324944496155 0.5254858732223511 0.9991555213928223 -1 -1 -1 -1 -1 -1 -1 -1 -1
0.42123427987098694 0.5256334543228149 0.9986633062362671 -1 -1 -1 -1 -1 -1 -1 -1 -1
0.39851143956184387 0.5006979703903198 0.9997784495353699 -1 -1 -1 -1 -1 -1 -1 -1 -1
0.4125533998012543 0.5052269697189331 0.9975194334983826 -1 -1 -1 -1 -1 -1 -1 -1 -1
0.40821099281311035 0.44528529047966003 0.8771024942398071 -1 -1 -1 -1 -1 -1 -1 -1 -1
0.42197737097740173 0.4606572985649109 0.045994751155376434 -1 -1 -1 -1 -1 -1 -1 -1 -1
0.43030983209609985 0.43289273977279663 0.808476448059082 -1 -1 -1 -1 -1 -1 -1 -1 -1
0.428088515996933 0.4365711510181427 0.03786392882466316 -1 -1 -1 -1 -1 -1 -1 -1 -1
0.43535739183425903 0.4279765784740448 0.7428126931190491 -1 -1 -1 -1 -1 -1 -1 -1 -1
0.42967456579208374 0.4295411705970764 0.04266540706157684 -1 -1 -1 -1 -1 -1 -1 -1 -1
0.43689972162246704 0.43394333124160767 0.7373926639556885 -1 -1 -1 -1 -1 -1 -1 -1 -1
0.4294639527797699 0.4324142038822174 0.04464059695601463 -1 -1 -1 -1 -1 -1 -1 -1 -1
0.4350634515285492 0.43538546562194824 0.6665806770324707 -1 -1 -1 -1 -1 -1 -1 -1 -1
0.4288145899772644 0.4341498911380768 0.05259312316775322 -1 -1 -1 -1 -1 -1 -1 -1 -1
0.4049384891986847 0.4212180972099304 0.9995864033699036 -1 -1 -1 -1 -1 -1 -1 -1 -1
0.41390639543533325 0.42874953150749207 0.9996287822723389 -1 -1 -1 -1 -1 -1 -1 -1 -1
0.4310510456562042 0.4472958445549011 0.8156955242156982 -1 -1 -1 -1 -1 -1 -1 -1 -1
0.4395279884338379 0.46127602458000183 0.3423243761062622 -1 -1 -1 -1 -1 -1 -1 -1 -1
0.4457157552242279 0.39168280363082886 0.6456077694892883 -1 -1 -1 -1 -1 -1 -1 -1 -1
0.44747740030288696 0.3966476023197174 0.24854545295238495 -1 -1 -1 -1 -1 -1 -1 -1 -1
0.4437861442565918 0.38099735975265503 0.6544581651687622 -1 -1 -1 -1 -1 -1 -1 -1 -1
0.44438818097114563 0.38421115279197693 0.35643628239631653 -1 -1 -1 -1 -1 -1 -1 -1 -1
0.4596728980541229 0.3812556862831116 0.7178578972816467 -1 -1 -1 -1 -1 -1 -1 -1 -1
0.46005845069885254 0.384185791015625 0.3991432189941406 -1 -1 -1 -1 -1 -1 -1 -1 -1
1 
