26
1 
33 
-1 -1 -1 -1 -1 -1 -1 -1 -1 -1
0.5816636681556702 0.5368008613586426 0.9992194175720215 -1 -1 -1 -1 -1 -1 -1 -1 -1
0.5863538384437561 0.5294017791748047 0.999060332775116 -1 -1 -1 -1 -1 -1 -1 -1 -1
0.5880776643753052 0.5306558012962341 0.9987769722938538 -1 -1 -1 -1 -1 -1 -1 -1 -1
0.5898022055625916 0.5320093631744385 0.9991495609283447 -1 -1 -1 -1 -1 -1 -1 -1 -1
0.5830247402191162 0.5261304974555969 0.996748685836792 -1 -1 -1 -1 -1 -1 -1 -1 -1
0.5822097063064575 0.5251942873001099 0.9956848621368408 -1 -1 -1 -1 -1 -1 -1 -1 -1
0.5813934803009033 0.5242649912834167 0.9968692660331726 -1 -1 -1 -1 -1 -1 -1 -1 -1
0.5970011353492737 0.5377374887466431 0.9985612034797668 -1 -1 -1 -1 -1 -1 -1 -1 -1
0.5861019492149353 0.5265575647354126 0.9966700673103333 -1 -1 -1 -1 -1 -1 -1 -1 -1
0.5849900841712952 0.5480602979660034 0.9995055198669434 -1 -1 -1 -1 -1 -1 -1 -1 -1
0.5810852646827698 0.5455963611602783 0.9987454414367676 -1 -1 -1 -1 -1 -1 -1 -1 -1
0.6115383505821228 0.5913506150245667 0.9998031258583069 -1 -1 -1 -1 -1 -1 -1 -1 -1
0.5811684131622314 0.5305860042572021 0.9990826845169067 -1 -1 -1 -1 -1 -1 -1 -1 -1
0.6080373525619507 0.598063588142395 0.9408708810806274 -1 -1 -1 -1 -1 -1 -1 -1 -1
0.5510274767875671 0.4836691617965698 0.8087988495826721 -1 -1 -1 -1 -1 -1 -1 -1 -1
0.5966761112213135 0.5575658082962036 0.8960446715354919 -1 -1 -1 -1 -1 -1 -1 -1 -1
0.5394414663314819 0.44429630041122437 0.879493236541748 -1 -1 -1 -1 -1 -1 -1 -1 -1
0.5948110222816467 0.5530185699462891 0.877248227596283 -1 -1 -1 -1 -1 -1 -1 -1 -1
0.5368484258651733 0.43504077196121216 0.8426154851913452 -1 -1 -1 -1 -1 -1 -1 -1 -1
0.5959020853042603 0.5432770848274231 0.8708456754684448 -1 -1 -1 -1 -1 -1 -1 -1 -1
0.5390725135803223 0.44037294387817383 0.8356292247772217 -1 -1 -1 -1 -1 -1 -1 -1 -1
0.5961202383041382 0.5463403463363647 0.7966707348823547 -1 -1 -1 -1 -1 -1 -1 -1 -1
0.5400853753089905 0.447778582572937 0.838411271572113 -1 -1 -1 -1 -1 -1 -1 -1 -1
0.6218355894088745 0.701600193977356 0.9998887777328491 -1 -1 -1 -1 -1 -1 -1 -1 -1
0.5967215299606323 0.6637545824050903 0.9995137453079224 -1 -1 -1 -1 -1 -1 -1 -1 -1
0.6001160740852356 0.8126655220985413 0.9992626309394836 -1 -1 -1 -1 -1 -1 -1 -1 -1
0.5368946194648743 0.673585057258606 0.9877383708953857 -1 -1 -1 -1 -1 -1 -1 -1 -1
0.6051302552223206 0.9208816885948181 0.9992091059684753 -1 -1 -1 -1 -1 -1 -1 -1 -1
0.5435946583747864 0.784364640712738 0.9792541265487671 -1 -1 -1 -1 -1 -1 -1 -1 -1
0.6106536388397217 0.9327512383460999 0.9833052754402161 -1 -1 -1 -1 -1 -1 -1 -1 -1
0.5503936409950256 0.7994144558906555 0.942129909992218 -1 -1 -1 -1 -1 -1 -1 -1 -1
0.582747757434845 0.9500346183776855 0.9959784746170044 -1 -1 -1 -1 -1 -1 -1 -1 -1
0.5124775171279907 0.8119972944259644 0.9757676124572754 -1 -1 -1 -1 -1 -1 -1 -1 -1
1 
33 
-1 -1 -1 -1 -1 -1 -1 -1 -1 -1
0.5541254878044128 0.46971815824508667 0.9992719292640686 -1 -1 -1 -1 -1 -1 -1 -1 -1
0.5582062005996704 0.461969256401062 0.9991577863693237 -1 -1 -1 -1 -1 -1 -1 -1 -1
0.5589641332626343 0.46309638023376465 0.9990068078041077 -1 -1 -1 -1 -1 -1 -1 -1 -1
0.5597251653671265 0.46426916122436523 0.9989743232727051 -1 -1 -1 -1 -1 -1 -1 -1 -1
0.5581672191619873 0.45965084433555603 0.9991329312324524 -1 -1 -1 -1 -1 -1 -1 -1 -1
0.5588743686676025 0.4591572880744934 0.9990662932395935 -1 -1 -1 -1 -1 -1 -1 -1 -1
0.5596116781234741 0.45866507291793823 0.9992865920066833 -1 -1 -1 -1 -1 -1 -1 -1 -1
0.5678442120552063 0.4721967875957489 0.9987490177154541 -1 -1 -1 -1 -1 -1 -1 -1 -1
0.5678821206092834 0.46455758810043335 0.9989296793937683 -1 -1 -1 -1 -1 -1 -1 -1 -1
0.5570306181907654 0.483997106552124 0.9983848333358765 -1 -1 -1 -1 -1 -1 -1 -1 -1
0.5569822192192078 0.48205840587615967 0.9984900951385498 -1 -1 -1 -1 -1 -1 -1 -1 -1
0.5790265798568726 0.5447347164154053 0.9994401335716248 -1 -1 -1 -1 -1 -1 -1 -1 -1
0.5840583443641663 0.5079119205474854 0.9995716214179993 -1 -1 -1 -1 -1 -1 -1 -1 -1
0.5876439809799194 0.6308563947677612 0.5658884644508362 -1 -1 -1 -1 -1 -1 -1 -1 -1
0.6123663187026978 0.5757818818092346 0.12579040229320526 -1 -1 -1 -1 -1 -1 -1 -1 -1
0.5936723947525024 0.64930260181427 0.36562272906303406 -1 -1 -1 -1 -1 -1 -1 -1 -1
0.6110982298851013 0.6117390394210815 0.16432911157608032 -1 -1 -1 -1 -1 -1 -1 -1 -1
0.5976659655570984 0.6551508903503418 0.354541152715683 -1 -1 -1 -1 -1 -1 -1 -1 -1
0.6119419932365417 0.6250495314598083 0.1974831521511078 -1 -1 -1 -1 -1 -1 -1 -1 -1
0.5979655981063843 0.6474133729934692 0.35098937153816223 -1 -1 -1 -1 -1 -1 -1 -1 -1
0.6100693941116333 0.6221374273300171 0.2073076069355011 -1 -1 -1 -1 -1 -1 -1 -1 -1
0.5961934328079224 0.6449140310287476 0.2814466953277588 -1 -1 -1 -1 -1 -1 -1 -1 -1
0.6102204322814941 0.6165810227394104 0.20813171565532684 -1 -1 -1 -1 -1 -1 -1 -1 -1
0.613477885723114 0.690679132938385 0.9997201561927795 -1 -1 -1 -1 -1 -1 -1 -1 -1
0.6067492365837097 0.6764557361602783 0.9999086856842041 -1 -1 -1 -1 -1 -1 -1 -1 -1
0.5638847351074219 0.7270609140396118 0.9894990921020508 -1 -1 -1 -1 -1 -1 -1 -1 -1
0.5770328044891357 0.7408674955368042 0.9543482065200806 -1 -1 -1 -1 -1 -1 -1 -1 -1
0.5651946067810059 0.8046788573265076 0.9741979241371155 -1 -1 -1 -1 -1 -1 -1 -1 -1
0.6038761138916016 0.8867701292037964 0.9853377342224121 -1 -1 -1 -1 -1 -1 -1 -1 -1
0.5731402635574341 0.8088130950927734 0.9263671040534973 -1 -1 -1 -1 -1 -1 -1 -1 -1
0.6122615337371826 0.9142975211143494 0.9717803597450256 -1 -1 -1 -1 -1 -1 -1 -1 -1
0.5576958060264587 0.8447793126106262 0.9603193998336792 -1 -1 -1 -1 -1 -1 -1 -1 -1
0.5755600333213806 0.9216415882110596 0.9777195453643799 -1 -1 -1 -1 -1 -1 -1 -1 -1
1 
33 
-1 -1 -1 -1 -1 -1 -1 -1 -1 -1
0.5748558044433594 0.4379046857357025 0.9999774694442749 -1 -1 -1 -1 -1 -1 -1 -1 -1
0.5751209855079651 0.4200502336025238 0.9999659061431885 -1 -1 -1 -1 -1 -1 -1 -1 -1
0.5768982172012329 0.4193243980407715 0.9999567270278931 -1 -1 -1 -1 -1 -1 -1 -1 -1
0.5788408517837524 0.4188426733016968 0.999940037727356 -1 -1 -1 -1 -1 -1 -1 -1 -1
0.5694493651390076 0.42247170209884644 0.9999709129333496 -1 -1 -1 -1 -1 -1 -1 -1 -1
0.5672105550765991 0.4234926104545593 0.9999549388885498 -1 -1 -1 -1 -1 -1 -1 -1 -1
0.564899742603302 0.4247817397117615 0.9999439716339111 -1 -1 -1 -1 -1 -1 -1 -1 -1
0.5892873406410217 0.4312744140625 0.9999254941940308 -1 -1 -1 -1 -1 -1 -1 -1 -1
0.5621677041053772 0.4294641613960266 0.9999557733535767 -1 -1 -1 -1 -1 -1 -1 -1 -1
0.5799762010574341 0.4524722099304199 0.9999474287033081 -1 -1 -1 -1 -1 -1 -1 -1 -1
0.5730558633804321 0.4559493362903595 0.9999563694000244 -1 -1 -1 -1 -1 -1 -1 -1 -1
0.6047731041908264 0.4867115914821625 0.9998584985733032 -1 -1 -1 -1 -1 -1 -1 -1 -1
0.5670130848884583 0.49426335096359253 0.9998944997787476 -1 -1 -1 -1 -1 -1 -1 -1 -1
0.6071552038192749 0.5659663677215576 0.9127820134162903 -1 -1 -1 -1 -1 -1 -1 -1 -1
0.5672307014465332 0.5864244103431702 0.37272319197654724 -1 -1 -1 -1 -1 -1 -1 -1 -1
0.5872214436531067 0.5192309021949768 0.8433294296264648 -1 -1 -1 -1 -1 -1 -1 -1 -1
0.5406520366668701 0.6622188687324524 0.3837745189666748 -1 -1 -1 -1 -1 -1 -1 -1 -1
0.5827573537826538 0.5048955678939819 0.8220998048782349 -1 -1 -1 -1 -1 -1 -1 -1 -1
0.5468510985374451 0.6756559610366821 0.36755314469337463 -1 -1 -1 -1 -1 -1 -1 -1 -1
0.5847212076187134 0.494265079498291 0.8115628361701965 -1 -1 -1 -1 -1 -1 -1 -1 -1
0.5471262335777283 0.6747909784317017 0.37208712100982666 -1 -1 -1 -1 -1 -1 -1 -1 -1
0.5852316617965698 0.5037532448768616 0.7029244303703308 -1 -1 -1 -1 -1 -1 -1 -1 -1
0.5517721772193909 0.6690724492073059 0.35939422249794006 -1 -1 -1 -1 -1 -1 -1 -1 -1
0.62010657787323 0.6524075269699097 0.9996498823165894 -1 -1 -1 -1 -1 -1 -1 -1 -1
0.5947195291519165 0.6520572900772095 0.9996738433837891 -1 -1 -1 -1 -1 -1 -1 -1 -1
0.5875945687294006 0.6569640636444092 0.991824209690094 -1 -1 -1 -1 -1 -1 -1 -1 -1
0.5571395754814148 0.6731051802635193 0.9766455888748169 -1 -1 -1 -1 -1 -1 -1 -1 -1
0.5742989778518677 0.7845849990844727 0.9940746426582336 -1 -1 -1 -1 -1 -1 -1 -1 -1
0.5736194849014282 0.7903797030448914 0.9854320883750916 -1 -1 -1 -1 -1 -1 -1 -1 -1
0.5883034467697144 0.822609007358551 0.9832947254180908 -1 -1 -1 -1 -1 -1 -1 -1 -1
0.5975021719932556 0.8475999236106873 0.9786271452903748 -1 -1 -1 -1 -1 -1 -1 -1 -1
0.559091329574585 0.8467357158660889 0.9915542006492615 -1 -1 -1 -1 -1 -1 -1 -1 -1
0.5377263426780701 0.8312180042266846 0.9808339476585388 -1 -1 -1 -1 -1 -1 -1 -1 -1
1 
33 
-1 -1 -1 -1 -1 -1 -1 -1 -1 -1
0.5854038000106812 0.40807706117630005 0.9976964592933655 -1 -1 -1 -1 -1 -1 -1 -1 -1
0.5839656591415405 0.4024144411087036 0.9985005855560303 -1 -1 -1 -1 -1 -1 -1 -1 -1
0.5832624435424805 0.40287500619888306 0.9980694651603699 -1 -1 -1 -1 -1 -1 -1 -1 -1
0.5825841426849365 0.40336522459983826 0.9978533387184143 -1 -1 -1 -1 -1 -1 -1 -1 -1
0.5862727761268616 0.4012404680252075 0.9987097978591919 -1 -1 -1 -1 -1 -1 -1 -1 -1
0.5870605707168579 0.4008832275867462 0.9985408782958984 -1 -1 -1 -1 -1 -1 -1 -1 -1
0.5878827571868896 0.4005122482776642 0.9987756609916687 -1 -1 -1 -1 -1 -1 -1 -1 -1
0.5815297365188599 0.40963464975357056 0.996745228767395 -1 -1 -1 -1 -1 -1 -1 -1 -1
0.5904394388198853 0.4066399931907654 0.9982585310935974 -1 -1 -1 -1 -1 -1 -1 -1 -1
0.5845637321472168 0.4178536534309387 0.9941762685775757 -1 -1 -1 -1 -1 -1 -1 -1 -1
0.5866419076919556 0.4165077805519104 0.9956602454185486 -1 -1 -1 -1 -1 -1 -1 -1 -1
0.5780078172683716 0.46370771527290344 0.9991887211799622 -1 -1 -1 -1 -1 -1 -1 -1 -1
0.6092032194137573 0.44665923714637756 0.9991239905357361 -1 -1 -1 -1 -1 -1 -1 -1 -1
0.5689525008201599 0.5354028940200806 0.5120905637741089 -1 -1 -1 -1 -1 -1 -1 -1 -1
0.6214945316314697 0.515016496181488 0.2688019871711731 -1 -1 -1 -1 -1 -1 -1 -1 -1
0.5725945830345154 0.5019242763519287 0.2392883151769638 -1 -1 -1 -1 -1 -1 -1 -1 -1
0.6112914085388184 0.5156828165054321 0.16816739737987518 -1 -1 -1 -1 -1 -1 -1 -1 -1
0.5701780319213867 0.49521249532699585 0.25819966197013855 -1 -1 -1 -1 -1 -1 -1 -1 -1
0.6103005409240723 0.5211195945739746 0.21364450454711914 -1 -1 -1 -1 -1 -1 -1 -1 -1
0.5761439800262451 0.4885843098163605 0.24159851670265198 -1 -1 -1 -1 -1 -1 -1 -1 -1
0.6057060956954956 0.5164440870285034 0.19904036819934845 -1 -1 -1 -1 -1 -1 -1 -1 -1
0.5775257349014282 0.49117913842201233 0.21524696052074432 -1 -1 -1 -1 -1 -1 -1 -1 -1
0.6056697368621826 0.5136759877204895 0.19570647180080414 -1 -1 -1 -1 -1 -1 -1 -1 -1
0.6000784039497375 0.6045255064964294 0.9999551773071289 -1 -1 -1 -1 -1 -1 -1 -1 -1
0.6124627590179443 0.5869216918945312 0.9999299049377441 -1 -1 -1 -1 -1 -1 -1 -1 -1
0.5659705400466919 0.6475587487220764 0.9494697451591492 -1 -1 -1 -1 -1 -1 -1 -1 -1
0.6061691045761108 0.6286749243736267 0.5670852661132812 -1 -1 -1 -1 -1 -1 -1 -1 -1
0.5763401389122009 0.7562913298606873 0.9714387655258179 -1 -1 -1 -1 -1 -1 -1 -1 -1
0.6147505640983582 0.7808125615119934 0.9051774740219116 -1 -1 -1 -1 -1 -1 -1 -1 -1
0.5870480537414551 0.7942087650299072 0.9490262269973755 -1 -1 -1 -1 -1 -1 -1 -1 -1
0.622090756893158 0.8078094720840454 0.8447852730751038 -1 -1 -1 -1 -1 -1 -1 -1 -1
0.5637524724006653 0.8061199188232422 0.9409494996070862 -1 -1 -1 -1 -1 -1 -1 -1 -1
0.5993236303329468 0.8163741230964661 0.8186106085777283 -1 -1 -1 -1 -1 -1 -1 -1 -1
1 
33 
-1 -1 -1 -1 -1 -1 -1 -1 -1 -1
0.5757471919059753 0.38263842463493347 0.9999456405639648 -1 -1 -1 -1 -1 -1 -1 -1 -1
0.5786777138710022 0.38581109046936035 0.9999682903289795 -1 -1 -1 -1 -1 -1 -1 -1 -1
0.5789138078689575 0.3880765438079834 0.9999562501907349 -1 -1 -1 -1 -1 -1 -1 -1 -1
0.5788143873214722 0.3893083930015564 0.9999638795852661 -1 -1 -1 -1 -1 -1 -1 -1 -1
0.5787679553031921 0.38607925176620483 0.9999748468399048 -1 -1 -1 -1 -1 -1 -1 -1 -1
0.578744113445282 0.3870335817337036 0.9999710321426392 -1 -1 -1 -1 -1 -1 -1 -1 -1
0.5777015089988708 0.38855886459350586 0.9999725818634033 -1 -1 -1 -1 -1 -1 -1 -1 -1
0.57647705078125 0.40041428804397583 0.9999575614929199 -1 -1 -1 -1 -1 -1 -1 -1 -1
0.5765149593353271 0.3985365033149719 0.9999754428863525 -1 -1 -1 -1 -1 -1 -1 -1 -1
0.5733400583267212 0.38751915097236633 0.9997711777687073 -1 -1 -1 -1 -1 -1 -1 -1 -1
0.5734164118766785 0.3877716064453125 0.99982750415802 -1 -1 -1 -1 -1 -1 -1 -1 -1
0.5718708634376526 0.4315606355667114 0.9998053908348083 -1 -1 -1 -1 -1 -1 -1 -1 -1
0.571721613407135 0.43621301651000977 0.9974493384361267 -1 -1 -1 -1 -1 -1 -1 -1 -1
0.5771015286445618 0.404445081949234 0.8885997533798218 -1 -1 -1 -1 -1 -1 -1 -1 -1
0.5808387398719788 0.41351673007011414 0.19249644875526428 -1 -1 -1 -1 -1 -1 -1 -1 -1
0.5792508721351624 0.3816811740398407 0.6720852851867676 -1 -1 -1 -1 -1 -1 -1 -1 -1
0.5767068862915039 0.38044533133506775 0.2664321959018707 -1 -1 -1 -1 -1 -1 -1 -1 -1
0.5808078050613403 0.3743476867675781 0.5952886939048767 -1 -1 -1 -1 -1 -1 -1 -1 -1
0.5777504444122314 0.3749878406524658 0.2863571345806122 -1 -1 -1 -1 -1 -1 -1 -1 -1
0.5811848640441895 0.37875932455062866 0.5745040774345398 -1 -1 -1 -1 -1 -1 -1 -1 -1
0.5772214531898499 0.37465420365333557 0.2802877724170685 -1 -1 -1 -1 -1 -1 -1 -1 -1
0.5799598693847656 0.3826174736022949 0.5815277099609375 -1 -1 -1 -1 -1 -1 -1 -1 -1
0.5760489702224731 0.376862108707428 0.29077520966529846 -1 -1 -1 -1 -1 -1 -1 -1 -1
0.5931431651115417 0.5368601083755493 0.9999982118606567 -1 -1 -1 -1 -1 -1 -1 -1 -1
0.591471254825592 0.5303753614425659 0.9999828338623047 -1 -1 -1 -1 -1 -1 -1 -1 -1
0.571578860282898 0.5959814786911011 0.9993764758110046 -1 -1 -1 -1 -1 -1 -1 -1 -1
0.5586467385292053 0.5070951581001282 0.6999770998954773 -1 -1 -1 -1 -1 -1 -1 -1 -1
0.5762209892272949 0.6922993659973145 0.9975618124008179 -1 -1 -1 -1 -1 -1 -1 -1 -1
0.5556889176368713 0.5548056960105896 0.8694270849227905 -1 -1 -1 -1 -1 -1 -1 -1 -1
0.580854594707489 0.7062784433364868 0.9923393726348877 -1 -1 -1 -1 -1 -1 -1 -1 -1
0.5598244667053223 0.5632321238517761 0.8266282677650452 -1 -1 -1 -1 -1 -1 -1 -1 -1
0.5682113766670227 0.7162960171699524 0.9924764037132263 -1 -1 -1 -1 -1 -1 -1 -1 -1
0.5440143942832947 0.5615348815917969 0.8788037300109863 -1 -1 -1 -1 -1 -1 -1 -1 -1
1 
33 
-1 -1 -1 -1 -1 -1 -1 -1 -1 -1
0.5901153683662415 0.41263946890830994 0.9984005093574524 -1 -1 -1 -1 -1 -1 -1 -1 -1
0.5926329493522644 0.4121880531311035 0.9987885355949402 -1 -1 -1 -1 -1 -1 -1 -1 -1
0.5929507613182068 0.41296833753585815 0.9984188079833984 -1 -1 -1 -1 -1 -1 -1 -1 -1
0.593190610408783 0.4135531783103943 0.9984177350997925 -1 -1 -1 -1 -1 -1 -1 -1 -1
0.5916503667831421 0.4112296402454376 0.9984135627746582 -1 -1 -1 -1 -1 -1 -1 -1 -1
0.5913295745849609 0.4113387167453766 0.9977715611457825 -1 -1 -1 -1 -1 -1 -1 -1 -1
0.5910496711730957 0.41150349378585815 0.9983915686607361 -1 -1 -1 -1 -1 -1 -1 -1 -1
0.5980108976364136 0.4203270971775055 0.9983977675437927 -1 -1 -1 -1 -1 -1 -1 -1 -1
0.5935631990432739 0.4156067371368408 0.9979251623153687 -1 -1 -1 -1 -1 -1 -1 -1 -1
0.5925793051719666 0.422851026058197 0.9957787990570068 -1 -1 -1 -1 -1 -1 -1 -1 -1
0.5917804837226868 0.4217081069946289 0.9952095150947571 -1 -1 -1 -1 -1 -1 -1 -1 -1
0.6009349226951599 0.45654091238975525 0.992904007434845 -1 -1 -1 -1 -1 -1 -1 -1 -1
0.5895925164222717 0.4493371546268463 0.9983009696006775 -1 -1 -1 -1 -1 -1 -1 -1 -1
0.6056202054023743 0.3937314450740814 0.8949683308601379 -1 -1 -1 -1 -1 -1 -1 -1 -1
0.568938672542572 0.37159186601638794 0.7505637407302856 -1 -1 -1 -1 -1 -1 -1 -1 -1
0.602336049079895 0.31760990619659424 0.8344009518623352 -1 -1 -1 -1 -1 -1 -1 -1 -1
0.567052960395813 0.30274760723114014 0.9256529808044434 -1 -1 -1 -1 -1 -1 -1 -1 -1
0.6006510853767395 0.30158331990242004 0.790744423866272 -1 -1 -1 -1 -1 -1 -1 -1 -1
0.5671101212501526 0.2892884612083435 0.8956781625747681 -1 -1 -1 -1 -1 -1 -1 -1 -1
0.6020352244377136 0.29862675070762634 0.7800694704055786 -1 -1 -1 -1 -1 -1 -1 -1 -1
0.5687591433525085 0.2880539000034332 0.8918935060501099 -1 -1 -1 -1 -1 -1 -1 -1 -1
0.6020083427429199 0.30421361327171326 0.7490001320838928 -1 -1 -1 -1 -1 -1 -1 -1 -1
0.5691229701042175 0.2917119860649109 0.8771675229072571 -1 -1 -1 -1 -1 -1 -1 -1 -1
0.6020910143852234 0.584930419921875 0.9998121857643127 -1 -1 -1 -1 -1 -1 -1 -1 -1
0.6055489182472229 0.5961504578590393 0.9999181032180786 -1 -1 -1 -1 -1 -1 -1 -1 -1
0.5703738331794739 0.5639069676399231 0.8295732140541077 -1 -1 -1 -1 -1 -1 -1 -1 -1
0.6187560558319092 0.6946110129356384 0.9353117346763611 -1 -1 -1 -1 -1 -1 -1 -1 -1
0.5584896802902222 0.5923132300376892 0.9732488393783569 -1 -1 -1 -1 -1 -1 -1 -1 -1
0.6193369626998901 0.8034734129905701 0.9922155737876892 -1 -1 -1 -1 -1 -1 -1 -1 -1
0.5568503141403198 0.5999530553817749 0.9641828536987305 -1 -1 -1 -1 -1 -1 -1 -1 -1
0.621535062789917 0.8188135623931885 0.9911636114120483 -1 -1 -1 -1 -1 -1 -1 -1 -1
0.5476610660552979 0.5935385227203369 0.9797794222831726 -1 -1 -1 -1 -1 -1 -1 -1 -1
0.6079776883125305 0.8193543553352356 0.987096905708313 -1 -1 -1 -1 -1 -1 -1 -1 -1
1 
33 
-1 -1 -1 -1 -1 -1 -1 -1 -1 -1
0.6072801351547241 0.4629300832748413 0.9998382329940796 -1 -1 -1 -1 -1 -1 -1 -1 -1
0.6074835062026978 0.4599861204624176 0.9997828602790833 -1 -1 -1 -1 -1 -1 -1 -1 -1
0.6078343391418457 0.45957475900650024 0.999763548374176 -1 -1 -1 -1 -1 -1 -1 -1 -1
0.6082202196121216 0.45916223526000977 0.9996910095214844 -1 -1 -1 -1 -1 -1 -1 -1 -1
0.6062228083610535 0.46164557337760925 0.9999113082885742 -1 -1 -1 -1 -1 -1 -1 -1 -1
0.6057985424995422 0.4622843861579895 0.999922513961792 -1 -1 -1 -1 -1 -1 -1 -1 -1
0.6053882241249084 0.4629290997982025 0.9998917579650879 -1 -1 -1 -1 -1 -1 -1 -1 -1
0.6083875894546509 0.46081459522247314 0.9998131394386292 -1 -1 -1 -1 -1 -1 -1 -1 -1
0.6040127873420715 0.46707475185394287 0.9999679327011108 -1 -1 -1 -1 -1 -1 -1 -1 -1
0.6080908179283142 0.46596693992614746 0.9997414946556091 -1 -1 -1 -1 -1 -1 -1 -1 -1
0.6066529750823975 0.46760618686676025 0.9998302459716797 -1 -1 -1 -1 -1 -1 -1 -1 -1
0.6166940927505493 0.46599090099334717 0.9988957643508911 -1 -1 -1 -1 -1 -1 -1 -1 -1
0.5977582931518555 0.49876701831817627 0.9996271133422852 -1 -1 -1 -1 -1 -1 -1 -1 -1
0.636164128780365 0.44588702917099 0.34835687279701233 -1 -1 -1 -1 -1 -1 -1 -1 -1
0.6001030802726746 0.5330566763877869 0.680914044380188 -1 -1 -1 -1 -1 -1 -1 -1 -1
0.639485239982605 0.4174768328666687 0.3066515326499939 -1 -1 -1 -1 -1 -1 -1 -1 -1
0.6084973216056824 0.5594669580459595 0.7370925545692444 -1 -1 -1 -1 -1 -1 -1 -1 -1
0.6398472785949707 0.40795841813087463 0.2998230755329132 -1 -1 -1 -1 -1 -1 -1 -1 -1
0.6090392470359802 0.569175124168396 0.6730833649635315 -1 -1 -1 -1 -1 -1 -1 -1 -1
0.638820230960846 0.40772631764411926 0.3214678466320038 -1 -1 -1 -1 -1 -1 -1 -1 -1
0.6107230186462402 0.5664361715316772 0.6863723397254944 -1 -1 -1 -1 -1 -1 -1 -1 -1
0.6384127736091614 0.41253185272216797 0.31153514981269836 -1 -1 -1 -1 -1 -1 -1 -1 -1
0.6112275123596191 0.5617627501487732 0.6621527075767517 -1 -1 -1 -1 -1 -1 -1 -1 -1
0.625469446182251 0.5194336175918579 0.9999871253967285 -1 -1 -1 -1 -1 -1 -1 -1 -1
0.6156322956085205 0.5300219655036926 0.9999300241470337 -1 -1 -1 -1 -1 -1 -1 -1 -1
0.6133152842521667 0.5406553745269775 0.9921736717224121 -1 -1 -1 -1 -1 -1 -1 -1 -1
0.6016173362731934 0.5184335112571716 0.4579424560070038 -1 -1 -1 -1 -1 -1 -1 -1 -1
0.6137264966964722 0.5679143071174622 0.9711319804191589 -1 -1 -1 -1 -1 -1 -1 -1 -1
0.5983927249908447 0.5083829164505005 0.24724046885967255 -1 -1 -1 -1 -1 -1 -1 -1 -1
0.6148120164871216 0.5741588473320007 0.9643677473068237 -1 -1 -1 -1 -1 -1 -1 -1 -1
0.6013983488082886 0.5081943869590759 0.15638525784015656 -1 -1 -1 -1 -1 -1 -1 -1 -1
0.6089900135993958 0.5704624056816101 0.9518585801124573 -1 -1 -1 -1 -1 -1 -1 -1 -1
0.5897005796432495 0.502097487449646 0.24293264746665955 -1 -1 -1 -1 -1 -1 -1 -1 -1
1 
33 
-1 -1 -1 -1 -1 -1 -1 -1 -1 -1
0.5750516653060913 0.36234211921691895 0.9992771744728088 -1 -1 -1 -1 -1 -1 -1 -1 -1
0.5773311853408813 0.3622705340385437 0.9994499087333679 -1 -1 -1 -1 -1 -1 -1 -1 -1
0.5772661566734314 0.3640297055244446 0.9991845488548279 -1 -1 -1 -1 -1 -1 -1 -1 -1
0.5772129893302917 0.3658226430416107 0.9993731379508972 -1 -1 -1 -1 -1 -1 -1 -1 -1
0.577886700630188 0.35849303007125854 0.9987533092498779 -1 -1 -1 -1 -1 -1 -1 -1 -1
0.5783634781837463 0.3576253652572632 0.9981358051300049 -1 -1 -1 -1 -1 -1 -1 -1 -1
0.5788618922233582 0.35672807693481445 0.9986721277236938 -1 -1 -1 -1 -1 -1 -1 -1 -1
0.57861328125 0.376434862613678 0.9991251826286316 -1 -1 -1 -1 -1 -1 -1 -1 -1
0.5810587406158447 0.3633439838886261 0.9976258873939514 -1 -1 -1 -1 -1 -1 -1 -1 -1
0.5736773610115051 0.37292224168777466 0.9992889165878296 -1 -1 -1 -1 -1 -1 -1 -1 -1
0.5744834542274475 0.36877012252807617 0.9989022016525269 -1 -1 -1 -1 -1 -1 -1 -1 -1
0.5737273693084717 0.42261168360710144 0.9998083710670471 -1 -1 -1 -1 -1 -1 -1 -1 -1
0.584624171257019 0.3834751844406128 0.9999499320983887 -1 -1 -1 -1 -1 -1 -1 -1 -1
0.5590732097625732 0.47461122274398804 0.7262959480285645 -1 -1 -1 -1 -1 -1 -1 -1 -1
0.5812543034553528 0.331352174282074 0.4661911427974701 -1 -1 -1 -1 -1 -1 -1 -1 -1
0.5581778287887573 0.5135687589645386 0.4472282826900482 -1 -1 -1 -1 -1 -1 -1 -1 -1
0.5645068883895874 0.27283579111099243 0.7817357778549194 -1 -1 -1 -1 -1 -1 -1 -1 -1
0.5586128830909729 0.527208149433136 0.3633456826210022 -1 -1 -1 -1 -1 -1 -1 -1 -1
0.573845386505127 0.2603398263454437 0.7140177488327026 -1 -1 -1 -1 -1 -1 -1 -1 -1
0.5598598122596741 0.5254587531089783 0.3635947108268738 -1 -1 -1 -1 -1 -1 -1 -1 -1
0.5713174939155579 0.2614017724990845 0.7006341218948364 -1 -1 -1 -1 -1 -1 -1 -1 -1
0.5594218969345093 0.5200139880180359 0.3232160806655884 -1 -1 -1 -1 -1 -1 -1 -1 -1
0.5702025294303894 0.2676992416381836 0.6512542963027954 -1 -1 -1 -1 -1 -1 -1 -1 -1
0.5978800654411316 0.5012064576148987 0.9998399019241333 -1 -1 -1 -1 -1 -1 -1 -1 -1
0.6013767719268799 0.5165701508522034 0.999990701675415 -1 -1 -1 -1 -1 -1 -1 -1 -1
0.6106297373771667 0.40428829193115234 0.9370163679122925 -1 -1 -1 -1 -1 -1 -1 -1 -1
0.6017532348632812 0.602074146270752 0.9965316653251648 -1 -1 -1 -1 -1 -1 -1 -1 -1
0.5908582210540771 0.3868640661239624 0.9373767375946045 -1 -1 -1 -1 -1 -1 -1 -1 -1
0.5945171117782593 0.696749210357666 0.999171257019043 -1 -1 -1 -1 -1 -1 -1 -1 -1
0.5883917808532715 0.3907301425933838 0.8447854518890381 -1 -1 -1 -1 -1 -1 -1 -1 -1
0.5981288552284241 0.7079401016235352 0.9954649806022644 -1 -1 -1 -1 -1 -1 -1 -1 -1
0.5833923816680908 0.3623848557472229 0.9489657878875732 -1 -1 -1 -1 -1 -1 -1 -1 -1
0.58223557472229 0.7273147106170654 0.9983568787574768 -1 -1 -1 -1 -1 -1 -1 -1 -1
1 
33 
-1 -1 -1 -1 -1 -1 -1 -1 -1 -1
0.5889236330986023 0.4342670738697052 1.0 -1 -1 -1 -1 -1 -1 -1 -1 -1
0.5862399935722351 0.4374995529651642 1.0 -1 -1 -1 -1 -1 -1 -1 -1 -1
0.5863316655158997 0.43795475363731384 1.0 -1 -1 -1 -1 -1 -1 -1 -1 -1
0.5877648591995239 0.4355430603027344 1.0 -1 -1 -1 -1 -1 -1 -1 -1 -1
0.5854173302650452 0.4389156103134155 1.0 -1 -1 -1 -1 -1 -1 -1 -1 -1
0.5843344330787659 0.4384181499481201 1.0 -1 -1 -1 -1 -1 -1 -1 -1 -1
0.5844274759292603 0.4382913410663605 1.0 -1 -1 -1 -1 -1 -1 -1 -1 -1
0.5909683108329773 0.42371293902397156 1.0 -1 -1 -1 -1 -1 -1 -1 -1 -1
0.5822142362594604 0.436983585357666 1.0 -1 -1 -1 -1 -1 -1 -1 -1 -1
0.5884190797805786 0.4372619688510895 1.0 -1 -1 -1 -1 -1 -1 -1 -1 -1
0.5857893228530884 0.44075682759284973 1.0 -1 -1 -1 -1 -1 -1 -1 -1 -1
0.5850112438201904 0.4433234930038452 0.9998972415924072 -1 -1 -1 -1 -1 -1 -1 -1 -1
0.5702796578407288 0.4691653847694397 0.9995823502540588 -1 -1 -1 -1 -1 -1 -1 -1 -1
0.5690135359764099 0.424873024225235 0.9246318936347961 -1 -1 -1 -1 -1 -1 -1 -1 -1
0.5547695159912109 0.5254781246185303 0.8886581063270569 -1 -1 -1 -1 -1 -1 -1 -1 -1
0.5486397743225098 0.4361235499382019 0.9306744337081909 -1 -1 -1 -1 -1 -1 -1 -1 -1
0.5660773515701294 0.5782210826873779 0.5747157335281372 -1 -1 -1 -1 -1 -1 -1 -1 -1
0.5437846779823303 0.43859347701072693 0.8566220998764038 -1 -1 -1 -1 -1 -1 -1 -1 -1
0.5675882697105408 0.5900061130523682 0.3776114881038666 -1 -1 -1 -1 -1 -1 -1 -1 -1
0.5408608317375183 0.43948113918304443 0.872162401676178 -1 -1 -1 -1 -1 -1 -1 -1 -1
0.5704293847084045 0.5903914570808411 0.42772990465164185 -1 -1 -1 -1 -1 -1 -1 -1 -1
0.5434023141860962 0.43865710496902466 0.8525483012199402 -1 -1 -1 -1 -1 -1 -1 -1 -1
0.5702544450759888 0.5858410000801086 0.4280952513217926 -1 -1 -1 -1 -1 -1 -1 -1 -1
0.6170287132263184 0.503891110420227 0.9999871253967285 -1 -1 -1 -1 -1 -1 -1 -1 -1
0.6120918989181519 0.49127745628356934 0.9998651742935181 -1 -1 -1 -1 -1 -1 -1 -1 -1
0.6203826069831848 0.6194819808006287 0.9995729327201843 -1 -1 -1 -1 -1 -1 -1 -1 -1
0.6273354291915894 0.414966344833374 0.9467144012451172 -1 -1 -1 -1 -1 -1 -1 -1 -1
0.6162134408950806 0.7044680118560791 0.996068000793457 -1 -1 -1 -1 -1 -1 -1 -1 -1
0.6132899522781372 0.3299749195575714 0.8135025501251221 -1 -1 -1 -1 -1 -1 -1 -1 -1
0.6091265678405762 0.6977673768997192 0.9856897592544556 -1 -1 -1 -1 -1 -1 -1 -1 -1
0.6117137670516968 0.3236473500728607 0.6789398193359375 -1 -1 -1 -1 -1 -1 -1 -1 -1
0.6030999422073364 0.7137221097946167 0.9769725799560547 -1 -1 -1 -1 -1 -1 -1 -1 -1
0.6031322479248047 0.290216863155365 0.6700271964073181 -1 -1 -1 -1 -1 -1 -1 -1 -1
1 
33 
-1 -1 -1 -1 -1 -1 -1 -1 -1 -1
0.5812456607818604 0.521729052066803 0.9999885559082031 -1 -1 -1 -1 -1 -1 -1 -1 -1
0.5879558324813843 0.5043390989303589 0.9999947547912598 -1 -1 -1 -1 -1 -1 -1 -1 -1
0.5897941589355469 0.505331814289093 0.9999914169311523 -1 -1 -1 -1 -1 -1 -1 -1 -1
0.5909433364868164 0.5060534477233887 0.999990701675415 -1 -1 -1 -1 -1 -1 -1 -1 -1
0.5832716226577759 0.5021999478340149 0.9999940395355225 -1 -1 -1 -1 -1 -1 -1 -1 -1
0.5810023546218872 0.5006512999534607 0.9999904632568359 -1 -1 -1 -1 -1 -1 -1 -1 -1
0.5764674544334412 0.5035973191261292 0.9999936819076538 -1 -1 -1 -1 -1 -1 -1 -1 -1
0.6010922789573669 0.5083457231521606 0.9999953508377075 -1 -1 -1 -1 -1 -1 -1 -1 -1
0.577382504940033 0.49423378705978394 0.9999966621398926 -1 -1 -1 -1 -1 -1 -1 -1 -1
0.5871069431304932 0.5268710255622864 0.9999914169311523 -1 -1 -1 -1 -1 -1 -1 -1 -1
0.5794650316238403 0.5232816338539124 0.9999942779541016 -1 -1 -1 -1 -1 -1 -1 -1 -1
0.6233537793159485 0.5293675065040588 0.9999393224716187 -1 -1 -1 -1 -1 -1 -1 -1 -1
0.5701447129249573 0.5031390190124512 0.9998906850814819 -1 -1 -1 -1 -1 -1 -1 -1 -1
0.6214705109596252 0.607825517654419 0.9994082450866699 -1 -1 -1 -1 -1 -1 -1 -1 -1
0.5541435480117798 0.5578237771987915 0.9695837497711182 -1 -1 -1 -1 -1 -1 -1 -1 -1
0.6136941313743591 0.6845149397850037 0.9991167187690735 -1 -1 -1 -1 -1 -1 -1 -1 -1
0.5554375052452087 0.611946165561676 0.9923801422119141 -1 -1 -1 -1 -1 -1 -1 -1 -1
0.6141003370285034 0.6945288777351379 0.9985698461532593 -1 -1 -1 -1 -1 -1 -1 -1 -1
0.5519944429397583 0.6230050325393677 0.996853768825531 -1 -1 -1 -1 -1 -1 -1 -1 -1
0.6097138524055481 0.6927516460418701 0.9984216690063477 -1 -1 -1 -1 -1 -1 -1 -1 -1
0.554890513420105 0.6242358684539795 0.9968906044960022 -1 -1 -1 -1 -1 -1 -1 -1 -1
0.6091492176055908 0.6900290250778198 0.9976018071174622 -1 -1 -1 -1 -1 -1 -1 -1 -1
0.5575116276741028 0.6213400363922119 0.9958859086036682 -1 -1 -1 -1 -1 -1 -1 -1 -1
0.6193304657936096 0.4587269723415375 0.9999978542327881 -1 -1 -1 -1 -1 -1 -1 -1 -1
0.5919691324234009 0.45450037717819214 0.9999978542327881 -1 -1 -1 -1 -1 -1 -1 -1 -1
0.6199819445610046 0.35933589935302734 0.9991402626037598 -1 -1 -1 -1 -1 -1 -1 -1 -1
0.5652207732200623 0.3612050414085388 0.9282478094100952 -1 -1 -1 -1 -1 -1 -1 -1 -1
0.6212821006774902 0.2768504023551941 0.9987161159515381 -1 -1 -1 -1 -1 -1 -1 -1 -1
0.5580747127532959 0.2945500314235687 0.9529440999031067 -1 -1 -1 -1 -1 -1 -1 -1 -1
0.6183690428733826 0.26869943737983704 0.9982084035873413 -1 -1 -1 -1 -1 -1 -1 -1 -1
0.5541402101516724 0.2850145399570465 0.9409921169281006 -1 -1 -1 -1 -1 -1 -1 -1 -1
0.6229812502861023 0.2421530932188034 0.9966623783111572 -1 -1 -1 -1 -1 -1 -1 -1 -1
0.5515340566635132 0.26554566621780396 0.9695557355880737 -1 -1 -1 -1 -1 -1 -1 -1 -1
1 
33 
-1 -1 -1 -1 -1 -1 -1 -1 -1 -1
0.5811632871627808 0.5309500694274902 0.999901294708252 -1 -1 -1 -1 -1 -1 -1 -1 -1
0.5784792304039001 0.5421450138092041 0.9999200105667114 -1 -1 -1 -1 -1 -1 -1 -1 -1
0.5777952075004578 0.541728138923645 0.9998539686203003 -1 -1 -1 -1 -1 -1 -1 -1 -1
0.5770745873451233 0.541206955909729 0.9999065399169922 -1 -1 -1 -1 -1 -1 -1 -1 -1
0.5814562439918518 0.5437987446784973 0.9998987913131714 -1 -1 -1 -1 -1 -1 -1 -1 -1
0.5831913352012634 0.5448786616325378 0.9997319579124451 -1 -1 -1 -1 -1 -1 -1 -1 -1
0.5839473009109497 0.5449188947677612 0.9998575448989868 -1 -1 -1 -1 -1 -1 -1 -1 -1
0.5770480036735535 0.5364944934844971 0.9997052550315857 -1 -1 -1 -1 -1 -1 -1 -1 -1
0.5867905020713806 0.5381137728691101 0.9997875094413757 -1 -1 -1 -1 -1 -1 -1 -1 -1
0.5801259279251099 0.5211536884307861 0.9996973276138306 -1 -1 -1 -1 -1 -1 -1 -1 -1
0.5854974985122681 0.5246545672416687 0.9998015761375427 -1 -1 -1 -1 -1 -1 -1 -1 -1
0.5720587968826294 0.5001643896102905 0.9951419830322266 -1 -1 -1 -1 -1 -1 -1 -1 -1
0.6121283769607544 0.5291097164154053 0.9990317821502686 -1 -1 -1 -1 -1 -1 -1 -1 -1
0.5595938563346863 0.5299641489982605 0.937334418296814 -1 -1 -1 -1 -1 -1 -1 -1 -1
0.6152496933937073 0.5911829471588135 0.923755407333374 -1 -1 -1 -1 -1 -1 -1 -1 -1
0.5487825274467468 0.5959631204605103 0.9179433584213257 -1 -1 -1 -1 -1 -1 -1 -1 -1
0.6090205907821655 0.6549156308174133 0.9068069458007812 -1 -1 -1 -1 -1 -1 -1 -1 -1
0.5459808111190796 0.6090747714042664 0.8784847855567932 -1 -1 -1 -1 -1 -1 -1 -1 -1
0.6076722145080566 0.6757691502571106 0.842644453048706 -1 -1 -1 -1 -1 -1 -1 -1 -1
0.551835298538208 0.6065281629562378 0.8660115003585815 -1 -1 -1 -1 -1 -1 -1 -1 -1
0.6051353812217712 0.6752719879150391 0.8218030333518982 -1 -1 -1 -1 -1 -1 -1 -1 -1
0.5532882213592529 0.605189859867096 0.8106393814086914 -1 -1 -1 -1 -1 -1 -1 -1 -1
0.6052185297012329 0.666770875453949 0.7852545976638794 -1 -1 -1 -1 -1 -1 -1 -1 -1
0.5972581505775452 0.4232959449291229 0.9980520009994507 -1 -1 -1 -1 -1 -1 -1 -1 -1
0.6221185326576233 0.4318814277648926 0.9992546439170837 -1 -1 -1 -1 -1 -1 -1 -1 -1
0.5678257942199707 0.3528066575527191 0.8503934144973755 -1 -1 -1 -1 -1 -1 -1 -1 -1
0.6173316240310669 0.36208173632621765 0.9277952909469604 -1 -1 -1 -1 -1 -1 -1 -1 -1
0.5617894530296326 0.2601534128189087 0.8358701467514038 -1 -1 -1 -1 -1 -1 -1 -1 -1
0.6187353134155273 0.24540571868419647 0.9524044394493103 -1 -1 -1 -1 -1 -1 -1 -1 -1
0.5652272701263428 0.24861690402030945 0.7966716885566711 -1 -1 -1 -1 -1 -1 -1 -1 -1
0.6222601532936096 0.2415599375963211 0.7890251874923706 -1 -1 -1 -1 -1 -1 -1 -1 -1
0.5491995215415955 0.22152195870876312 0.8124434947967529 -1 -1 -1 -1 -1 -1 -1 -1 -1
0.6261556148529053 0.2069568783044815 0.8949466347694397 -1 -1 -1 -1 -1 -1 -1 -1 -1
1 
33 
-1 -1 -1 -1 -1 -1 -1 -1 -1 -1
0.5809452533721924 0.5339486598968506 0.9977372884750366 -1 -1 -1 -1 -1 -1 -1 -1 -1
0.5811654329299927 0.5395070314407349 0.998685896396637 -1 -1 -1 -1 -1 -1 -1 -1 -1
0.5811164379119873 0.5390278100967407 0.9974898099899292 -1 -1 -1 -1 -1 -1 -1 -1 -1
0.5796538591384888 0.5379498600959778 0.9986292123794556 -1 -1 -1 -1 -1 -1 -1 -1 -1
0.5817224979400635 0.5404486656188965 0.9980619549751282 -1 -1 -1 -1 -1 -1 -1 -1 -1
0.5837787389755249 0.5413295030593872 0.9959320425987244 -1 -1 -1 -1 -1 -1 -1 -1 -1
0.5844130516052246 0.541559100151062 0.9981972575187683 -1 -1 -1 -1 -1 -1 -1 -1 -1
0.5813442468643188 0.5322763919830322 0.996948778629303 -1 -1 -1 -1 -1 -1 -1 -1 -1
0.587303876876831 0.538045346736908 0.99676513671875 -1 -1 -1 -1 -1 -1 -1 -1 -1
0.5818899273872375 0.5268123149871826 0.9972718358039856 -1 -1 -1 -1 -1 -1 -1 -1 -1
0.5852665305137634 0.522516667842865 0.9977580904960632 -1 -1 -1 -1 -1 -1 -1 -1 -1
0.5722931623458862 0.5000476837158203 0.9949946403503418 -1 -1 -1 -1 -1 -1 -1 -1 -1
0.6040299534797668 0.5172304511070251 0.9982325434684753 -1 -1 -1 -1 -1 -1 -1 -1 -1
0.5640177130699158 0.5333903431892395 0.9080882668495178 -1 -1 -1 -1 -1 -1 -1 -1 -1
0.6090561151504517 0.5715897083282471 0.9580119252204895 -1 -1 -1 -1 -1 -1 -1 -1 -1
0.5590649843215942 0.5978556871414185 0.8776865005493164 -1 -1 -1 -1 -1 -1 -1 -1 -1
0.6014330983161926 0.6528500318527222 0.9681028127670288 -1 -1 -1 -1 -1 -1 -1 -1 -1
0.5566301345825195 0.6121464371681213 0.8146476745605469 -1 -1 -1 -1 -1 -1 -1 -1 -1
0.6002252101898193 0.6670573353767395 0.9363240003585815 -1 -1 -1 -1 -1 -1 -1 -1 -1
0.558356761932373 0.6135959029197693 0.7933595776557922 -1 -1 -1 -1 -1 -1 -1 -1 -1
0.5973985195159912 0.6675281524658203 0.925873339176178 -1 -1 -1 -1 -1 -1 -1 -1 -1
0.5593291521072388 0.6089581251144409 0.768086314201355 -1 -1 -1 -1 -1 -1 -1 -1 -1
0.5972524285316467 0.6612521409988403 0.9069855809211731 -1 -1 -1 -1 -1 -1 -1 -1 -1
0.584972620010376 0.420084148645401 0.9998393058776855 -1 -1 -1 -1 -1 -1 -1 -1 -1
0.6112314462661743 0.42063677310943604 0.9997819066047668 -1 -1 -1 -1 -1 -1 -1 -1 -1
0.5644039511680603 0.351798951625824 0.7483164072036743 -1 -1 -1 -1 -1 -1 -1 -1 -1
0.6165249943733215 0.34766727685928345 0.836347222328186 -1 -1 -1 -1 -1 -1 -1 -1 -1
0.560102641582489 0.24068091809749603 0.7040951251983643 -1 -1 -1 -1 -1 -1 -1 -1 -1
0.6121104955673218 0.23980069160461426 0.8705613613128662 -1 -1 -1 -1 -1 -1 -1 -1 -1
0.5697872638702393 0.22963228821754456 0.6291247606277466 -1 -1 -1 -1 -1 -1 -1 -1 -1
0.6097776293754578 0.23064076900482178 0.566381573677063 -1 -1 -1 -1 -1 -1 -1 -1 -1
0.5575592517852783 0.2005118876695633 0.7563782930374146 -1 -1 -1 -1 -1 -1 -1 -1 -1
0.6108812093734741 0.2002076357603073 0.8219847083091736 -1 -1 -1 -1 -1 -1 -1 -1 -1
1 
33 
-1 -1 -1 -1 -1 -1 -1 -1 -1 -1
0.5887271165847778 0.47437456250190735 0.9746331572532654 -1 -1 -1 -1 -1 -1 -1 -1 -1
0.5869191884994507 0.4695156514644623 0.9861621856689453 -1 -1 -1 -1 -1 -1 -1 -1 -1
0.5870060920715332 0.468986839056015 0.979915201663971 -1 -1 -1 -1 -1 -1 -1 -1 -1
0.5870827436447144 0.4684053659439087 0.9871406555175781 -1 -1 -1 -1 -1 -1 -1 -1 -1
0.5873209834098816 0.47126471996307373 0.9863492250442505 -1 -1 -1 -1 -1 -1 -1 -1 -1
0.5874597430229187 0.4718615710735321 0.9782177805900574 -1 -1 -1 -1 -1 -1 -1 -1 -1
0.5875747203826904 0.47243866324424744 0.9876698851585388 -1 -1 -1 -1 -1 -1 -1 -1 -1
0.5895291566848755 0.46947091817855835 0.9843579530715942 -1 -1 -1 -1 -1 -1 -1 -1 -1
0.5908142328262329 0.4734356999397278 0.9836445450782776 -1 -1 -1 -1 -1 -1 -1 -1 -1
0.5919431447982788 0.47544875741004944 0.9865259528160095 -1 -1 -1 -1 -1 -1 -1 -1 -1
0.5920029282569885 0.477679967880249 0.9816385507583618 -1 -1 -1 -1 -1 -1 -1 -1 -1
0.5954428315162659 0.48410433530807495 0.9967876672744751 -1 -1 -1 -1 -1 -1 -1 -1 -1
0.6060428023338318 0.48198965191841125 0.9990764856338501 -1 -1 -1 -1 -1 -1 -1 -1 -1
0.5746266841888428 0.5189225673675537 0.3324719965457916 -1 -1 -1 -1 -1 -1 -1 -1 -1
0.5881410837173462 0.5125079154968262 0.1167563796043396 -1 -1 -1 -1 -1 -1 -1 -1 -1
0.567517876625061 0.5468301773071289 0.06344840675592422 -1 -1 -1 -1 -1 -1 -1 -1 -1
0.5731521248817444 0.5489529371261597 0.0214435625821352 -1 -1 -1 -1 -1 -1 -1 -1 -1
0.5663057565689087 0.5525550842285156 0.05610813573002815 -1 -1 -1 -1 -1 -1 -1 -1 -1
0.5696170330047607 0.5584220886230469 0.017930589616298676 -1 -1 -1 -1 -1 -1 -1 -1 -1
0.567083477973938 0.5532320141792297 0.05364738404750824 -1 -1 -1 -1 -1 -1 -1 -1 -1
0.5713720917701721 0.5557195544242859 0.017064031213521957 -1 -1 -1 -1 -1 -1 -1 -1 -1
0.5675345659255981 0.5511953830718994 0.04670781269669533 -1 -1 -1 -1 -1 -1 -1 -1 -1
0.5716766119003296 0.5539839267730713 0.019452841952443123 -1 -1 -1 -1 -1 -1 -1 -1 -1
0.5961973071098328 0.458719402551651 0.9999021291732788 -1 -1 -1 -1 -1 -1 -1 -1 -1
0.6117307543754578 0.4437834918498993 0.9999866485595703 -1 -1 -1 -1 -1 -1 -1 -1 -1
0.5603742599487305 0.4856354594230652 0.9205443859100342 -1 -1 -1 -1 -1 -1 -1 -1 -1
0.6115984916687012 0.3980955481529236 0.9681792259216309 -1 -1 -1 -1 -1 -1 -1 -1 -1
0.5711252093315125 0.5516683459281921 0.8708996176719666 -1 -1 -1 -1 -1 -1 -1 -1 -1
0.602817952632904 0.38672342896461487 0.9785624146461487 -1 -1 -1 -1 -1 -1 -1 -1 -1
0.5770714282989502 0.5587490797042847 0.7881162166595459 -1 -1 -1 -1 -1 -1 -1 -1 -1
0.6018646955490112 0.3849908113479614 0.9086391925811768 -1 -1 -1 -1 -1 -1 -1 -1 -1
0.5645763874053955 0.5764231085777283 0.8256208300590515 -1 -1 -1 -1 -1 -1 -1 -1 -1
0.6012755036354065 0.3850008249282837 0.9517901539802551 -1 -1 -1 -1 -1 -1 -1 -1 -1
1 
33 
-1 -1 -1 -1 -1 -1 -1 -1 -1 -1
0.5706086158752441 0.5366067290306091 0.999976396560669 -1 -1 -1 -1 -1 -1 -1 -1 -1
0.5725367069244385 0.5331050157546997 0.9999947547912598 -1 -1 -1 -1 -1 -1 -1 -1 -1
0.5737508535385132 0.5333336591720581 0.9999897480010986 -1 -1 -1 -1 -1 -1 -1 -1 -1
0.5749528408050537 0.5335155725479126 0.9999905824661255 -1 -1 -1 -1 -1 -1 -1 -1 -1
0.5692115426063538 0.5315870046615601 0.9999924898147583 -1 -1 -1 -1 -1 -1 -1 -1 -1
0.5680918097496033 0.5308271646499634 0.9999892711639404 -1 -1 -1 -1 -1 -1 -1 -1 -1
0.5669669508934021 0.5300838947296143 0.9999923706054688 -1 -1 -1 -1 -1 -1 -1 -1 -1
0.5780686736106873 0.52967768907547 0.9999972581863403 -1 -1 -1 -1 -1 -1 -1 -1 -1
0.5661572813987732 0.5241863131523132 0.9999970197677612 -1 -1 -1 -1 -1 -1 -1 -1 -1
0.5731805562973022 0.5371992588043213 0.999982476234436 -1 -1 -1 -1 -1 -1 -1 -1 -1
0.5691903829574585 0.535850465297699 0.9999783039093018 -1 -1 -1 -1 -1 -1 -1 -1 -1
0.5888532996177673 0.5338547825813293 0.9999750852584839 -1 -1 -1 -1 -1 -1 -1 -1 -1
0.5614728927612305 0.5182323455810547 0.9996875524520874 -1 -1 -1 -1 -1 -1 -1 -1 -1
0.588972270488739 0.5761115550994873 0.8931013345718384 -1 -1 -1 -1 -1 -1 -1 -1 -1
0.5589643716812134 0.5396085977554321 0.34827378392219543 -1 -1 -1 -1 -1 -1 -1 -1 -1
0.589445948600769 0.6079578399658203 0.9034799337387085 -1 -1 -1 -1 -1 -1 -1 -1 -1
0.5630424618721008 0.5613531470298767 0.30474865436553955 -1 -1 -1 -1 -1 -1 -1 -1 -1
0.5915973782539368 0.6169486045837402 0.869784414768219 -1 -1 -1 -1 -1 -1 -1 -1 -1
0.5623998045921326 0.5642014741897583 0.35416170954704285 -1 -1 -1 -1 -1 -1 -1 -1 -1
0.5882593393325806 0.6132909059524536 0.8703787922859192 -1 -1 -1 -1 -1 -1 -1 -1 -1
0.5651814341545105 0.5663561224937439 0.3410716950893402 -1 -1 -1 -1 -1 -1 -1 -1 -1
0.5866469740867615 0.6102008819580078 0.8141800761222839 -1 -1 -1 -1 -1 -1 -1 -1 -1
0.5667049288749695 0.5667837858200073 0.3318108022212982 -1 -1 -1 -1 -1 -1 -1 -1 -1
0.5852720141410828 0.462564617395401 0.9999990463256836 -1 -1 -1 -1 -1 -1 -1 -1 -1
0.5678325891494751 0.46401849389076233 0.9999924898147583 -1 -1 -1 -1 -1 -1 -1 -1 -1
0.6047857403755188 0.431777685880661 0.9888101816177368 -1 -1 -1 -1 -1 -1 -1 -1 -1
0.5429234504699707 0.4483426809310913 0.6438337564468384 -1 -1 -1 -1 -1 -1 -1 -1 -1
0.6008744835853577 0.3751625716686249 0.7795954942703247 -1 -1 -1 -1 -1 -1 -1 -1 -1
0.5488596558570862 0.500969648361206 0.5411875247955322 -1 -1 -1 -1 -1 -1 -1 -1 -1
0.5984156727790833 0.3713044226169586 0.7620114684104919 -1 -1 -1 -1 -1 -1 -1 -1 -1
0.5529415607452393 0.5091500878334045 0.5503295063972473 -1 -1 -1 -1 -1 -1 -1 -1 -1
0.6001388430595398 0.35671138763427734 0.6870295405387878 -1 -1 -1 -1 -1 -1 -1 -1 -1
0.5457503199577332 0.5212470293045044 0.6213900446891785 -1 -1 -1 -1 -1 -1 -1 -1 -1
1 
33 
-1 -1 -1 -1 -1 -1 -1 -1 -1 -1
0.5760108828544617 0.46038076281547546 0.9906071424484253 -1 -1 -1 -1 -1 -1 -1 -1 -1
0.5719438791275024 0.460174024105072 0.9926838278770447 -1 -1 -1 -1 -1 -1 -1 -1 -1
0.570107102394104 0.4597894549369812 0.9880979657173157 -1 -1 -1 -1 -1 -1 -1 -1 -1
0.5682425498962402 0.45941174030303955 0.989267885684967 -1 -1 -1 -1 -1 -1 -1 -1 -1
0.5774160623550415 0.46140050888061523 0.9915403723716736 -1 -1 -1 -1 -1 -1 -1 -1 -1
0.5790347456932068 0.46186181902885437 0.9894854426383972 -1 -1 -1 -1 -1 -1 -1 -1 -1
0.5806533098220825 0.4623028039932251 0.9956119060516357 -1 -1 -1 -1 -1 -1 -1 -1 -1
0.5650748610496521 0.46073031425476074 0.9962249994277954 -1 -1 -1 -1 -1 -1 -1 -1 -1
0.5843461155891418 0.4637029469013214 0.9959837198257446 -1 -1 -1 -1 -1 -1 -1 -1 -1
0.5741254091262817 0.4595884382724762 0.9969075322151184 -1 -1 -1 -1 -1 -1 -1 -1 -1
0.5799619555473328 0.4611941874027252 0.9970210194587708 -1 -1 -1 -1 -1 -1 -1 -1 -1
0.5561192631721497 0.4662415385246277 0.9993077516555786 -1 -1 -1 -1 -1 -1 -1 -1 -1
0.6045162677764893 0.4703175127506256 0.9998389482498169 -1 -1 -1 -1 -1 -1 -1 -1 -1
0.5290088057518005 0.479335218667984 0.5912953615188599 -1 -1 -1 -1 -1 -1 -1 -1 -1
0.607016921043396 0.49615946412086487 0.6435901522636414 -1 -1 -1 -1 -1 -1 -1 -1 -1
0.5475902557373047 0.4962833523750305 0.5179890394210815 -1 -1 -1 -1 -1 -1 -1 -1 -1
0.5960668921470642 0.5344492197036743 0.8703463673591614 -1 -1 -1 -1 -1 -1 -1 -1 -1
0.5508971810340881 0.49459120631217957 0.4421340227127075 -1 -1 -1 -1 -1 -1 -1 -1 -1
0.5975759625434875 0.5420674085617065 0.8146343231201172 -1 -1 -1 -1 -1 -1 -1 -1 -1
0.5581727623939514 0.496629536151886 0.3736395239830017 -1 -1 -1 -1 -1 -1 -1 -1 -1
0.5938156247138977 0.5402222275733948 0.7783167958259583 -1 -1 -1 -1 -1 -1 -1 -1 -1
0.5579378604888916 0.49690282344818115 0.3295862078666687 -1 -1 -1 -1 -1 -1 -1 -1 -1
0.5923047661781311 0.5377776622772217 0.7656566500663757 -1 -1 -1 -1 -1 -1 -1 -1 -1
0.5666266083717346 0.42617589235305786 0.9999743700027466 -1 -1 -1 -1 -1 -1 -1 -1 -1
0.6052719354629517 0.4235503673553467 0.9999895095825195 -1 -1 -1 -1 -1 -1 -1 -1 -1
0.5577846765518188 0.3264373242855072 0.8891922831535339 -1 -1 -1 -1 -1 -1 -1 -1 -1
0.6047890186309814 0.33152681589126587 0.902951180934906 -1 -1 -1 -1 -1 -1 -1 -1 -1
0.5468169450759888 0.24494434893131256 0.844539225101471 -1 -1 -1 -1 -1 -1 -1 -1 -1
0.5983794927597046 0.220739483833313 0.9878972768783569 -1 -1 -1 -1 -1 -1 -1 -1 -1
0.5502379536628723 0.2342420220375061 0.7600215673446655 -1 -1 -1 -1 -1 -1 -1 -1 -1
0.5939832925796509 0.2074737250804901 0.8647695779800415 -1 -1 -1 -1 -1 -1 -1 -1 -1
0.5454584956169128 0.19340911507606506 0.9329324960708618 -1 -1 -1 -1 -1 -1 -1 -1 -1
0.5955129265785217 0.192339226603508 0.9774178862571716 -1 -1 -1 -1 -1 -1 -1 -1 -1
1 
33 
-1 -1 -1 -1 -1 -1 -1 -1 -1 -1
0.5833296179771423 0.5442450642585754 0.9971042275428772 -1 -1 -1 -1 -1 -1 -1 -1 -1
0.5803894996643066 0.5503769516944885 0.9963255524635315 -1 -1 -1 -1 -1 -1 -1 -1 -1
0.5784143209457397 0.5505158305168152 0.9954967498779297 -1 -1 -1 -1 -1 -1 -1 -1 -1
0.5764238834381104 0.5506426095962524 0.9945307374000549 -1 -1 -1 -1 -1 -1 -1 -1 -1
0.5862353444099426 0.549755871295929 0.9953988194465637 -1 -1 -1 -1 -1 -1 -1 -1 -1
0.5881856083869934 0.5495942831039429 0.994882345199585 -1 -1 -1 -1 -1 -1 -1 -1 -1
0.5901086330413818 0.5493962168693542 0.9955289959907532 -1 -1 -1 -1 -1 -1 -1 -1 -1
0.5733342170715332 0.5471773743629456 0.994342565536499 -1 -1 -1 -1 -1 -1 -1 -1 -1
0.5934047698974609 0.5452778935432434 0.9949406385421753 -1 -1 -1 -1 -1 -1 -1 -1 -1
0.5797978043556213 0.5371335744857788 0.9958192110061646 -1 -1 -1 -1 -1 -1 -1 -1 -1
0.5868582725524902 0.5367319583892822 0.9962722063064575 -1 -1 -1 -1 -1 -1 -1 -1 -1
0.5576188564300537 0.5240672826766968 0.9991563558578491 -1 -1 -1 -1 -1 -1 -1 -1 -1
0.6062020063400269 0.5112900733947754 0.9974806904792786 -1 -1 -1 -1 -1 -1 -1 -1 -1
0.5338483452796936 0.5226625204086304 0.7229313850402832 -1 -1 -1 -1 -1 -1 -1 -1 -1
0.6192556023597717 0.48510849475860596 0.2967332601547241 -1 -1 -1 -1 -1 -1 -1 -1 -1
0.5407750606536865 0.5403128266334534 0.7457304000854492 -1 -1 -1 -1 -1 -1 -1 -1 -1
0.6193543672561646 0.4907798767089844 0.4806714951992035 -1 -1 -1 -1 -1 -1 -1 -1 -1
0.5410996079444885 0.5421562194824219 0.7954197525978088 -1 -1 -1 -1 -1 -1 -1 -1 -1
0.6209970712661743 0.48716020584106445 0.506197988986969 -1 -1 -1 -1 -1 -1 -1 -1 -1
0.5460011959075928 0.5443606376647949 0.753426194190979 -1 -1 -1 -1 -1 -1 -1 -1 -1
0.6173372864723206 0.49310940504074097 0.45998695492744446 -1 -1 -1 -1 -1 -1 -1 -1 -1
0.5472909808158875 0.5422914028167725 0.6658664345741272 -1 -1 -1 -1 -1 -1 -1 -1 -1
0.6160277128219604 0.493649423122406 0.45989570021629333 -1 -1 -1 -1 -1 -1 -1 -1 -1
0.5647675395011902 0.4332667291164398 0.999066174030304 -1 -1 -1 -1 -1 -1 -1 -1 -1
0.6002018451690674 0.42691925168037415 0.9991434812545776 -1 -1 -1 -1 -1 -1 -1 -1 -1
0.5520143508911133 0.3430587649345398 0.722196102142334 -1 -1 -1 -1 -1 -1 -1 -1 -1
0.6065248847007751 0.3475150763988495 0.8592180609703064 -1 -1 -1 -1 -1 -1 -1 -1 -1
0.5469739437103271 0.254672110080719 0.4425252079963684 -1 -1 -1 -1 -1 -1 -1 -1 -1
0.6000232100486755 0.25076133012771606 0.9578203558921814 -1 -1 -1 -1 -1 -1 -1 -1 -1
0.5514114499092102 0.24067676067352295 0.331519216299057 -1 -1 -1 -1 -1 -1 -1 -1 -1
0.592944860458374 0.23308344185352325 0.6844813227653503 -1 -1 -1 -1 -1 -1 -1 -1 -1
0.533811628818512 0.22295260429382324 0.7035379409790039 -1 -1 -1 -1 -1 -1 -1 -1 -1
0.5996394753456116 0.21673698723316193 0.9287877082824707 -1 -1 -1 -1 -1 -1 -1 -1 -1
1 
33 
-1 -1 -1 -1 -1 -1 -1 -1 -1 -1
0.5711116790771484 0.5119852423667908 0.9982975125312805 -1 -1 -1 -1 -1 -1 -1 -1 -1
0.5688194632530212 0.5071672201156616 0.9989374279975891 -1 -1 -1 -1 -1 -1 -1 -1 -1
0.5681780576705933 0.5069074630737305 0.9980691075325012 -1 -1 -1 -1 -1 -1 -1 -1 -1
0.5675233006477356 0.506603479385376 0.9987875819206238 -1 -1 -1 -1 -1 -1 -1 -1 -1
0.5713207721710205 0.5085068941116333 0.9989475607872009 -1 -1 -1 -1 -1 -1 -1 -1 -1
0.5719664692878723 0.5091673135757446 0.9979598522186279 -1 -1 -1 -1 -1 -1 -1 -1 -1
0.5725929141044617 0.5097968578338623 0.9992089867591858 -1 -1 -1 -1 -1 -1 -1 -1 -1
0.5672358870506287 0.5062156915664673 0.9992449283599854 -1 -1 -1 -1 -1 -1 -1 -1 -1
0.5753790736198425 0.5100795030593872 0.9988101720809937 -1 -1 -1 -1 -1 -1 -1 -1 -1
0.5702479481697083 0.5047386884689331 0.9991441965103149 -1 -1 -1 -1 -1 -1 -1 -1 -1
0.572773277759552 0.5064538717269897 0.9992387294769287 -1 -1 -1 -1 -1 -1 -1 -1 -1
0.5646976828575134 0.5004432201385498 0.9992662072181702 -1 -1 -1 -1 -1 -1 -1 -1 -1
0.588452160358429 0.5077716112136841 0.9998852014541626 -1 -1 -1 -1 -1 -1 -1 -1 -1
0.5503340363502502 0.5396751761436462 0.8331241011619568 -1 -1 -1 -1 -1 -1 -1 -1 -1
0.5942472219467163 0.5385190844535828 0.5760476589202881 -1 -1 -1 -1 -1 -1 -1 -1 -1
0.5485106110572815 0.6015755534172058 0.5977018475532532 -1 -1 -1 -1 -1 -1 -1 -1 -1
0.5949791073799133 0.5834990739822388 0.5567092299461365 -1 -1 -1 -1 -1 -1 -1 -1 -1
0.5480822920799255 0.6182457208633423 0.5528960824012756 -1 -1 -1 -1 -1 -1 -1 -1 -1
0.59672611951828 0.5951120257377625 0.5478426218032837 -1 -1 -1 -1 -1 -1 -1 -1 -1
0.5517523288726807 0.6161132454872131 0.4928092062473297 -1 -1 -1 -1 -1 -1 -1 -1 -1
0.5945165157318115 0.5948132872581482 0.49275171756744385 -1 -1 -1 -1 -1 -1 -1 -1 -1
0.5524286031723022 0.6093046069145203 0.4196479320526123 -1 -1 -1 -1 -1 -1 -1 -1 -1
0.5933085083961487 0.5906106233596802 0.4568597376346588 -1 -1 -1 -1 -1 -1 -1 -1 -1
0.5711960196495056 0.42684948444366455 0.9999810457229614 -1 -1 -1 -1 -1 -1 -1 -1 -1
0.590454638004303 0.4316883385181427 0.9999951124191284 -1 -1 -1 -1 -1 -1 -1 -1 -1
0.5706177353858948 0.3471493422985077 0.7787961363792419 -1 -1 -1 -1 -1 -1 -1 -1 -1
0.5796250700950623 0.3566884994506836 0.8676670789718628 -1 -1 -1 -1 -1 -1 -1 -1 -1
0.5688600540161133 0.26285019516944885 0.7184507250785828 -1 -1 -1 -1 -1 -1 -1 -1 -1
0.556135892868042 0.25380295515060425 0.9386756420135498 -1 -1 -1 -1 -1 -1 -1 -1 -1
0.5715635418891907 0.2556764483451843 0.8325983285903931 -1 -1 -1 -1 -1 -1 -1 -1 -1
0.5518414974212646 0.23969629406929016 0.9197506904602051 -1 -1 -1 -1 -1 -1 -1 -1 -1
0.5611650943756104 0.22255176305770874 0.8538474440574646 -1 -1 -1 -1 -1 -1 -1 -1 -1
0.5548524856567383 0.22400406002998352 0.9203412532806396 -1 -1 -1 -1 -1 -1 -1 -1 -1
1 
33 
-1 -1 -1 -1 -1 -1 -1 -1 -1 -1
0.567973256111145 0.5022596120834351 0.999160647392273 -1 -1 -1 -1 -1 -1 -1 -1 -1
0.5642809271812439 0.5099427103996277 0.9989884495735168 -1 -1 -1 -1 -1 -1 -1 -1 -1
0.5625619888305664 0.5099082589149475 0.9982613921165466 -1 -1 -1 -1 -1 -1 -1 -1 -1
0.5608595609664917 0.5098240375518799 0.99888676404953 -1 -1 -1 -1 -1 -1 -1 -1 -1
0.5693466663360596 0.511370062828064 0.9989603757858276 -1 -1 -1 -1 -1 -1 -1 -1 -1
0.5709839463233948 0.5123679637908936 0.9980073571205139 -1 -1 -1 -1 -1 -1 -1 -1 -1
0.5725948810577393 0.5133358836174011 0.9990787506103516 -1 -1 -1 -1 -1 -1 -1 -1 -1
0.5584606528282166 0.5136747360229492 0.9981979727745056 -1 -1 -1 -1 -1 -1 -1 -1 -1
0.5757231712341309 0.5185949802398682 0.9991594552993774 -1 -1 -1 -1 -1 -1 -1 -1 -1
0.5664364695549011 0.49833711981773376 0.9986850619316101 -1 -1 -1 -1 -1 -1 -1 -1 -1
0.571922779083252 0.5002041459083557 0.9992521405220032 -1 -1 -1 -1 -1 -1 -1 -1 -1
0.5517809987068176 0.5055524706840515 0.9994920492172241 -1 -1 -1 -1 -1 -1 -1 -1 -1
0.59163498878479 0.5109845399856567 0.9996474981307983 -1 -1 -1 -1 -1 -1 -1 -1 -1
0.5336779952049255 0.5455287098884583 0.9495586156845093 -1 -1 -1 -1 -1 -1 -1 -1 -1
0.5962954759597778 0.5434778332710266 0.7738218307495117 -1 -1 -1 -1 -1 -1 -1 -1 -1
0.547460675239563 0.6010873913764954 0.8442828059196472 -1 -1 -1 -1 -1 -1 -1 -1 -1
0.5884634256362915 0.5897418260574341 0.6076473593711853 -1 -1 -1 -1 -1 -1 -1 -1 -1
0.5497295260429382 0.6132714152336121 0.7078580856323242 -1 -1 -1 -1 -1 -1 -1 -1 -1
0.5868219137191772 0.6000952124595642 0.4548860490322113 -1 -1 -1 -1 -1 -1 -1 -1 -1
0.5543809533119202 0.6117427349090576 0.6632301807403564 -1 -1 -1 -1 -1 -1 -1 -1 -1
0.5877037644386292 0.5990989208221436 0.4141607880592346 -1 -1 -1 -1 -1 -1 -1 -1 -1
0.5542461276054382 0.607177197933197 0.5687195062637329 -1 -1 -1 -1 -1 -1 -1 -1 -1
0.5878667235374451 0.5953238010406494 0.38827574253082275 -1 -1 -1 -1 -1 -1 -1 -1 -1
0.5659410357475281 0.3987034857273102 0.9999310970306396 -1 -1 -1 -1 -1 -1 -1 -1 -1
0.5949664115905762 0.403272420167923 0.9999799728393555 -1 -1 -1 -1 -1 -1 -1 -1 -1
0.5505854487419128 0.319638192653656 0.9023751020431519 -1 -1 -1 -1 -1 -1 -1 -1 -1
0.6065705418586731 0.3468077778816223 0.9419727325439453 -1 -1 -1 -1 -1 -1 -1 -1 -1
0.5403044819831848 0.24748365581035614 0.7476611137390137 -1 -1 -1 -1 -1 -1 -1 -1 -1
0.5951815247535706 0.2433958351612091 0.9489931464195251 -1 -1 -1 -1 -1 -1 -1 -1 -1
0.5406424403190613 0.24130301177501678 0.6884779930114746 -1 -1 -1 -1 -1 -1 -1 -1 -1
0.5910930633544922 0.232925146818161 0.8097195625305176 -1 -1 -1 -1 -1 -1 -1 -1 -1
0.5295670628547668 0.21409691870212555 0.7778573632240295 -1 -1 -1 -1 -1 -1 -1 -1 -1
0.5942049026489258 0.20292341709136963 0.9359261989593506 -1 -1 -1 -1 -1 -1 -1 -1 -1
1 
33 
-1 -1 -1 -1 -1 -1 -1 -1 -1 -1
0.5745013356208801 0.4673585891723633 0.9994673132896423 -1 -1 -1 -1 -1 -1 -1 -1 -1
0.5741602182388306 0.4675799012184143 0.9998807907104492 -1 -1 -1 -1 -1 -1 -1 -1 -1
0.5732043981552124 0.4675157964229584 0.9996904134750366 -1 -1 -1 -1 -1 -1 -1 -1 -1
0.5722445249557495 0.467372864484787 0.999864935874939 -1 -1 -1 -1 -1 -1 -1 -1 -1
0.5769340991973877 0.4682157039642334 0.999647855758667 -1 -1 -1 -1 -1 -1 -1 -1 -1
0.5779343843460083 0.46851682662963867 0.9988961219787598 -1 -1 -1 -1 -1 -1 -1 -1 -1
0.5789291858673096 0.46883121132850647 0.9996328353881836 -1 -1 -1 -1 -1 -1 -1 -1 -1
0.5713509917259216 0.4677414894104004 0.9998542070388794 -1 -1 -1 -1 -1 -1 -1 -1 -1
0.5817006826400757 0.4700314402580261 0.9995822310447693 -1 -1 -1 -1 -1 -1 -1 -1 -1
0.573096752166748 0.4670827090740204 0.9996784925460815 -1 -1 -1 -1 -1 -1 -1 -1 -1
0.5762258172035217 0.4675254225730896 0.9993394017219543 -1 -1 -1 -1 -1 -1 -1 -1 -1
0.5614364743232727 0.4693654775619507 0.999944806098938 -1 -1 -1 -1 -1 -1 -1 -1 -1
0.5901780724525452 0.47746145725250244 0.9991601705551147 -1 -1 -1 -1 -1 -1 -1 -1 -1
0.5419357419013977 0.5105932354927063 0.8765435218811035 -1 -1 -1 -1 -1 -1 -1 -1 -1
0.5878075957298279 0.5224997401237488 0.4876064658164978 -1 -1 -1 -1 -1 -1 -1 -1 -1
0.5484533309936523 0.5669338703155518 0.8558508157730103 -1 -1 -1 -1 -1 -1 -1 -1 -1
0.5833559036254883 0.584291398525238 0.5253718495368958 -1 -1 -1 -1 -1 -1 -1 -1 -1
0.5511763691902161 0.5759199261665344 0.8316310048103333 -1 -1 -1 -1 -1 -1 -1 -1 -1
0.5841721296310425 0.597409188747406 0.6154234409332275 -1 -1 -1 -1 -1 -1 -1 -1 -1
0.5539734959602356 0.5793574452400208 0.783336877822876 -1 -1 -1 -1 -1 -1 -1 -1 -1
0.5833808779716492 0.5989137887954712 0.5352819561958313 -1 -1 -1 -1 -1 -1 -1 -1 -1
0.5527992844581604 0.5756567120552063 0.7032679915428162 -1 -1 -1 -1 -1 -1 -1 -1 -1
0.5821911692619324 0.595425009727478 0.5147079825401306 -1 -1 -1 -1 -1 -1 -1 -1 -1
0.5717322826385498 0.41455087065696716 0.9999990463256836 -1 -1 -1 -1 -1 -1 -1 -1 -1
0.5950040817260742 0.42112666368484497 0.9999985694885254 -1 -1 -1 -1 -1 -1 -1 -1 -1
0.5574079155921936 0.3680765628814697 0.8617132902145386 -1 -1 -1 -1 -1 -1 -1 -1 -1
0.6169901490211487 0.3666173219680786 0.9023378491401672 -1 -1 -1 -1 -1 -1 -1 -1 -1
0.5547223091125488 0.32159724831581116 0.7488195896148682 -1 -1 -1 -1 -1 -1 -1 -1 -1
0.5875666737556458 0.3410928249359131 0.7021060585975647 -1 -1 -1 -1 -1 -1 -1 -1 -1
0.5556623339653015 0.32192131876945496 0.8782541751861572 -1 -1 -1 -1 -1 -1 -1 -1 -1
0.5816330313682556 0.3410905599594116 0.8491557836532593 -1 -1 -1 -1 -1 -1 -1 -1 -1
0.5500760674476624 0.29277095198631287 0.8106840252876282 -1 -1 -1 -1 -1 -1 -1 -1 -1
0.5857354402542114 0.326970636844635 0.7419987320899963 -1 -1 -1 -1 -1 -1 -1 -1 -1
1 
33 
-1 -1 -1 -1 -1 -1 -1 -1 -1 -1
0.5722825527191162 0.5292592644691467 0.9992075562477112 -1 -1 -1 -1 -1 -1 -1 -1 -1
0.5702054500579834 0.5350390672683716 0.9993114471435547 -1 -1 -1 -1 -1 -1 -1 -1 -1
0.5693650841712952 0.5347841382026672 0.9988793730735779 -1 -1 -1 -1 -1 -1 -1 -1 -1
0.56852787733078 0.5344975590705872 0.9992789626121521 -1 -1 -1 -1 -1 -1 -1 -1 -1
0.5723736882209778 0.5362061858177185 0.9986825585365295 -1 -1 -1 -1 -1 -1 -1 -1 -1
0.5730997920036316 0.5368338823318481 0.996931791305542 -1 -1 -1 -1 -1 -1 -1 -1 -1
0.5738152265548706 0.5374391674995422 0.998124897480011 -1 -1 -1 -1 -1 -1 -1 -1 -1
0.5671148896217346 0.5331929922103882 0.9993958473205566 -1 -1 -1 -1 -1 -1 -1 -1 -1
0.5743650197982788 0.5371763110160828 0.9964660406112671 -1 -1 -1 -1 -1 -1 -1 -1 -1
0.5713381767272949 0.523902952671051 0.9984367489814758 -1 -1 -1 -1 -1 -1 -1 -1 -1
0.5740061402320862 0.5251654386520386 0.9969600439071655 -1 -1 -1 -1 -1 -1 -1 -1 -1
0.5642396211624146 0.5087306499481201 0.9991167187690735 -1 -1 -1 -1 -1 -1 -1 -1 -1
0.5821429491043091 0.5216949582099915 0.9981781244277954 -1 -1 -1 -1 -1 -1 -1 -1 -1
0.5615271925926208 0.5268465876579285 0.9324522614479065 -1 -1 -1 -1 -1 -1 -1 -1 -1
0.5797872543334961 0.5408275723457336 0.7289908528327942 -1 -1 -1 -1 -1 -1 -1 -1 -1
0.5678146481513977 0.5737366080284119 0.7305506467819214 -1 -1 -1 -1 -1 -1 -1 -1 -1
0.5815750360488892 0.5713361501693726 0.4977080225944519 -1 -1 -1 -1 -1 -1 -1 -1 -1
0.5700435638427734 0.5837064981460571 0.5860284566879272 -1 -1 -1 -1 -1 -1 -1 -1 -1
0.5821072459220886 0.5801548361778259 0.4117845594882965 -1 -1 -1 -1 -1 -1 -1 -1 -1
0.5702718496322632 0.5855013132095337 0.5714887380599976 -1 -1 -1 -1 -1 -1 -1 -1 -1
0.5824137330055237 0.5780047178268433 0.39918971061706543 -1 -1 -1 -1 -1 -1 -1 -1 -1
0.5695789456367493 0.5811525583267212 0.461873322725296 -1 -1 -1 -1 -1 -1 -1 -1 -1
0.5819202065467834 0.5744503736495972 0.40191471576690674 -1 -1 -1 -1 -1 -1 -1 -1 -1
0.5829933881759644 0.42968040704727173 0.9996311664581299 -1 -1 -1 -1 -1 -1 -1 -1 -1
0.5983230471611023 0.4340519607067108 0.9997139573097229 -1 -1 -1 -1 -1 -1 -1 -1 -1
0.5710626244544983 0.3698791563510895 0.8402324914932251 -1 -1 -1 -1 -1 -1 -1 -1 -1
0.6064749956130981 0.3579266667366028 0.758033037185669 -1 -1 -1 -1 -1 -1 -1 -1 -1
0.5486685037612915 0.3098699450492859 0.7152174711227417 -1 -1 -1 -1 -1 -1 -1 -1 -1
0.5904625058174133 0.3167123794555664 0.47018519043922424 -1 -1 -1 -1 -1 -1 -1 -1 -1
0.5473858714103699 0.3033742308616638 0.6902987360954285 -1 -1 -1 -1 -1 -1 -1 -1 -1
0.5868395566940308 0.31351417303085327 0.4888315796852112 -1 -1 -1 -1 -1 -1 -1 -1 -1
0.5365100502967834 0.2801753878593445 0.6915194392204285 -1 -1 -1 -1 -1 -1 -1 -1 -1
0.5900002121925354 0.2948828935623169 0.36548057198524475 -1 -1 -1 -1 -1 -1 -1 -1 -1
1 
33 
-1 -1 -1 -1 -1 -1 -1 -1 -1 -1
0.5640043020248413 0.49443718791007996 0.9986829161643982 -1 -1 -1 -1 -1 -1 -1 -1 -1
0.5602060556411743 0.4927278757095337 0.999244213104248 -1 -1 -1 -1 -1 -1 -1 -1 -1
0.5588349103927612 0.49222078919410706 0.9985988736152649 -1 -1 -1 -1 -1 -1 -1 -1 -1
0.5574288368225098 0.4917137026786804 0.9992936849594116 -1 -1 -1 -1 -1 -1 -1 -1 -1
0.5644219517707825 0.49421727657318115 0.9988862872123718 -1 -1 -1 -1 -1 -1 -1 -1 -1
0.5656225681304932 0.4946869909763336 0.9981916546821594 -1 -1 -1 -1 -1 -1 -1 -1 -1
0.5668310523033142 0.49519282579421997 0.9994376301765442 -1 -1 -1 -1 -1 -1 -1 -1 -1
0.5568913817405701 0.489581823348999 0.999157190322876 -1 -1 -1 -1 -1 -1 -1 -1 -1
0.5711856484413147 0.49289023876190186 0.9976329803466797 -1 -1 -1 -1 -1 -1 -1 -1 -1
0.5643837451934814 0.491100937128067 0.9988206028938293 -1 -1 -1 -1 -1 -1 -1 -1 -1
0.568686306476593 0.493072509765625 0.9981800317764282 -1 -1 -1 -1 -1 -1 -1 -1 -1
0.554186999797821 0.48635050654411316 0.9989781379699707 -1 -1 -1 -1 -1 -1 -1 -1 -1
0.5952070355415344 0.4843864440917969 0.9993147850036621 -1 -1 -1 -1 -1 -1 -1 -1 -1
0.5432486534118652 0.5313974618911743 0.6266242861747742 -1 -1 -1 -1 -1 -1 -1 -1 -1
0.5902265310287476 0.5158522725105286 0.3446582555770874 -1 -1 -1 -1 -1 -1 -1 -1 -1
0.5423773527145386 0.6017035245895386 0.6787998080253601 -1 -1 -1 -1 -1 -1 -1 -1 -1
0.582718014717102 0.5985713005065918 0.5324360132217407 -1 -1 -1 -1 -1 -1 -1 -1 -1
0.5415423512458801 0.6180784702301025 0.670080840587616 -1 -1 -1 -1 -1 -1 -1 -1 -1
0.5831416249275208 0.6167392134666443 0.6146249771118164 -1 -1 -1 -1 -1 -1 -1 -1 -1
0.5450620651245117 0.6176518201828003 0.6003029942512512 -1 -1 -1 -1 -1 -1 -1 -1 -1
0.5808831453323364 0.6208263635635376 0.5473195314407349 -1 -1 -1 -1 -1 -1 -1 -1 -1
0.5460661053657532 0.6108564734458923 0.5342589616775513 -1 -1 -1 -1 -1 -1 -1 -1 -1
0.5793914198875427 0.6159149408340454 0.4576314091682434 -1 -1 -1 -1 -1 -1 -1 -1 -1
0.5603429079055786 0.42792561650276184 0.9999972581863403 -1 -1 -1 -1 -1 -1 -1 -1 -1
0.5930600762367249 0.4327174723148346 0.9999991655349731 -1 -1 -1 -1 -1 -1 -1 -1 -1
0.5444242358207703 0.3768663704395294 0.9305552244186401 -1 -1 -1 -1 -1 -1 -1 -1 -1
0.5985251069068909 0.3982316255569458 0.9636545181274414 -1 -1 -1 -1 -1 -1 -1 -1 -1
0.5287904143333435 0.31508877873420715 0.8565730452537537 -1 -1 -1 -1 -1 -1 -1 -1 -1
0.5785492658615112 0.3366628885269165 0.9299502372741699 -1 -1 -1 -1 -1 -1 -1 -1 -1
0.5297194123268127 0.3122410476207733 0.9310992360115051 -1 -1 -1 -1 -1 -1 -1 -1 -1
0.5737199783325195 0.3280949890613556 0.922408938407898 -1 -1 -1 -1 -1 -1 -1 -1 -1
0.5190310478210449 0.281863808631897 0.9525953531265259 -1 -1 -1 -1 -1 -1 -1 -1 -1
0.5775961875915527 0.31980669498443604 0.956550121307373 -1 -1 -1 -1 -1 -1 -1 -1 -1
1 
33 
-1 -1 -1 -1 -1 -1 -1 -1 -1 -1
0.5697084665298462 0.4989258050918579 0.9998164772987366 -1 -1 -1 -1 -1 -1 -1 -1 -1
0.5718683004379272 0.49474936723709106 0.9999158382415771 -1 -1 -1 -1 -1 -1 -1 -1 -1
0.5741398334503174 0.49452340602874756 0.9998321533203125 -1 -1 -1 -1 -1 -1 -1 -1 -1
0.5731357336044312 0.4938913583755493 0.9998760223388672 -1 -1 -1 -1 -1 -1 -1 -1 -1
0.5679106712341309 0.49434101581573486 0.9998735189437866 -1 -1 -1 -1 -1 -1 -1 -1 -1
0.5664975047111511 0.49403223395347595 0.9997511506080627 -1 -1 -1 -1 -1 -1 -1 -1 -1
0.5647709369659424 0.4937407374382019 0.99985671043396 -1 -1 -1 -1 -1 -1 -1 -1 -1
0.5793352127075195 0.49312007427215576 0.9998972415924072 -1 -1 -1 -1 -1 -1 -1 -1 -1
0.5594652891159058 0.48570504784584045 0.9998878240585327 -1 -1 -1 -1 -1 -1 -1 -1 -1
0.5722030997276306 0.5038759708404541 0.9998817443847656 -1 -1 -1 -1 -1 -1 -1 -1 -1
0.5680424571037292 0.5031441450119019 0.9998212456703186 -1 -1 -1 -1 -1 -1 -1 -1 -1
0.596587061882019 0.5142475366592407 0.9998205304145813 -1 -1 -1 -1 -1 -1 -1 -1 -1
0.5521485805511475 0.49616092443466187 0.9996346235275269 -1 -1 -1 -1 -1 -1 -1 -1 -1
0.5871280431747437 0.5518603324890137 0.8486373424530029 -1 -1 -1 -1 -1 -1 -1 -1 -1
0.5382866263389587 0.5350896120071411 0.7721825242042542 -1 -1 -1 -1 -1 -1 -1 -1 -1
0.5806277990341187 0.6008776426315308 0.956089973449707 -1 -1 -1 -1 -1 -1 -1 -1 -1
0.5437628626823425 0.5943216681480408 0.9373961091041565 -1 -1 -1 -1 -1 -1 -1 -1 -1
0.5832524299621582 0.6135236024856567 0.9485260844230652 -1 -1 -1 -1 -1 -1 -1 -1 -1
0.5435868501663208 0.6060380935668945 0.9539819955825806 -1 -1 -1 -1 -1 -1 -1 -1 -1
0.5785962343215942 0.6097233295440674 0.9452649354934692 -1 -1 -1 -1 -1 -1 -1 -1 -1
0.5503509640693665 0.6078466176986694 0.9463840126991272 -1 -1 -1 -1 -1 -1 -1 -1 -1
0.5759286284446716 0.6048043370246887 0.9315768480300903 -1 -1 -1 -1 -1 -1 -1 -1 -1
0.5518509149551392 0.606116771697998 0.9281045198440552 -1 -1 -1 -1 -1 -1 -1 -1 -1
0.5934170484542847 0.4241800606250763 0.9999970197677612 -1 -1 -1 -1 -1 -1 -1 -1 -1
0.5690029859542847 0.418075829744339 0.9999935626983643 -1 -1 -1 -1 -1 -1 -1 -1 -1
0.6003795862197876 0.36771973967552185 0.8585429787635803 -1 -1 -1 -1 -1 -1 -1 -1 -1
0.5452957153320312 0.37044137716293335 0.6827245354652405 -1 -1 -1 -1 -1 -1 -1 -1 -1
0.594244658946991 0.2939758896827698 0.9261128306388855 -1 -1 -1 -1 -1 -1 -1 -1 -1
0.5210769772529602 0.30635562539100647 0.90859454870224 -1 -1 -1 -1 -1 -1 -1 -1 -1
0.5907232761383057 0.2923618257045746 0.9826611876487732 -1 -1 -1 -1 -1 -1 -1 -1 -1
0.5228312611579895 0.3054335117340088 0.9327839612960815 -1 -1 -1 -1 -1 -1 -1 -1 -1
0.5922108888626099 0.24075667560100555 0.9637286067008972 -1 -1 -1 -1 -1 -1 -1 -1 -1
0.5181683301925659 0.2622178792953491 0.959549605846405 -1 -1 -1 -1 -1 -1 -1 -1 -1
1 
33 
-1 -1 -1 -1 -1 -1 -1 -1 -1 -1
0.5610452890396118 0.491557240486145 0.913855254650116 -1 -1 -1 -1 -1 -1 -1 -1 -1
0.5581066608428955 0.4881167411804199 0.9419392943382263 -1 -1 -1 -1 -1 -1 -1 -1 -1
0.5572019219398499 0.4891895353794098 0.9496979713439941 -1 -1 -1 -1 -1 -1 -1 -1 -1
0.5563380718231201 0.49022674560546875 0.9556427597999573 -1 -1 -1 -1 -1 -1 -1 -1 -1
0.5612257122993469 0.48534953594207764 0.9612036943435669 -1 -1 -1 -1 -1 -1 -1 -1 -1
0.5622767806053162 0.4842698574066162 0.9544745087623596 -1 -1 -1 -1 -1 -1 -1 -1 -1
0.5632883310317993 0.4831620454788208 0.9695576429367065 -1 -1 -1 -1 -1 -1 -1 -1 -1
0.5559076070785522 0.4940701127052307 0.9473857283592224 -1 -1 -1 -1 -1 -1 -1 -1 -1
0.5660103559494019 0.4862200915813446 0.9784640073776245 -1 -1 -1 -1 -1 -1 -1 -1 -1
0.5559375882148743 0.49231067299842834 0.9652748107910156 -1 -1 -1 -1 -1 -1 -1 -1 -1
0.5582464933395386 0.488698810338974 0.974785566329956 -1 -1 -1 -1 -1 -1 -1 -1 -1
0.5468035340309143 0.5145226120948792 0.9977207779884338 -1 -1 -1 -1 -1 -1 -1 -1 -1
0.5765601396560669 0.5036797523498535 0.9997715353965759 -1 -1 -1 -1 -1 -1 -1 -1 -1
0.5479835867881775 0.5655133128166199 0.3440144658088684 -1 -1 -1 -1 -1 -1 -1 -1 -1
0.5897602438926697 0.5320910811424255 0.5709069967269897 -1 -1 -1 -1 -1 -1 -1 -1 -1
0.5611828565597534 0.6099923253059387 0.6129724979400635 -1 -1 -1 -1 -1 -1 -1 -1 -1
0.5763701796531677 0.5483943223953247 0.443372517824173 -1 -1 -1 -1 -1 -1 -1 -1 -1
0.5683097839355469 0.6216949820518494 0.612932026386261 -1 -1 -1 -1 -1 -1 -1 -1 -1
0.5763611793518066 0.5472149848937988 0.4349518418312073 -1 -1 -1 -1 -1 -1 -1 -1 -1
0.5690075159072876 0.6225649118423462 0.5990718603134155 -1 -1 -1 -1 -1 -1 -1 -1 -1
0.5737397074699402 0.5547927618026733 0.46245113015174866 -1 -1 -1 -1 -1 -1 -1 -1 -1
0.5657591819763184 0.6169033050537109 0.5508456230163574 -1 -1 -1 -1 -1 -1 -1 -1 -1
0.5721806883811951 0.5575610399246216 0.4724264442920685 -1 -1 -1 -1 -1 -1 -1 -1 -1
0.5830801725387573 0.4736788272857666 0.9999181032180786 -1 -1 -1 -1 -1 -1 -1 -1 -1
0.6027992367744446 0.4800547659397125 0.9999877214431763 -1 -1 -1 -1 -1 -1 -1 -1 -1
0.5552796721458435 0.4119088351726532 0.46579891443252563 -1 -1 -1 -1 -1 -1 -1 -1 -1
0.5871683955192566 0.4019360840320587 0.9814557433128357 -1 -1 -1 -1 -1 -1 -1 -1 -1
0.5424551963806152 0.3158445358276367 0.7413247227668762 -1 -1 -1 -1 -1 -1 -1 -1 -1
0.5842628479003906 0.2864113450050354 0.980749249458313 -1 -1 -1 -1 -1 -1 -1 -1 -1
0.5458537340164185 0.2949948310852051 0.8519268035888672 -1 -1 -1 -1 -1 -1 -1 -1 -1
0.5860366821289062 0.26932793855667114 0.9527351260185242 -1 -1 -1 -1 -1 -1 -1 -1 -1
0.523220956325531 0.30344703793525696 0.8950846195220947 -1 -1 -1 -1 -1 -1 -1 -1 -1
0.5703637599945068 0.25718367099761963 0.9812471270561218 -1 -1 -1 -1 -1 -1 -1 -1 -1
1 
33 
-1 -1 -1 -1 -1 -1 -1 -1 -1 -1
0.567153811454773 0.48663023114204407 0.9992415904998779 -1 -1 -1 -1 -1 -1 -1 -1 -1
0.5656415224075317 0.48684054613113403 0.9990721940994263 -1 -1 -1 -1 -1 -1 -1 -1 -1
0.5630211234092712 0.4883006811141968 0.9989408850669861 -1 -1 -1 -1 -1 -1 -1 -1 -1
0.5632404685020447 0.47561943531036377 0.9986959099769592 -1 -1 -1 -1 -1 -1 -1 -1 -1
0.5663462281227112 0.4886782765388489 0.9993820190429688 -1 -1 -1 -1 -1 -1 -1 -1 -1
0.5662617683410645 0.4896159768104553 0.999339759349823 -1 -1 -1 -1 -1 -1 -1 -1 -1
0.5698152780532837 0.4779607653617859 0.9991717338562012 -1 -1 -1 -1 -1 -1 -1 -1 -1
0.5609226822853088 0.48113730549812317 0.9978945851325989 -1 -1 -1 -1 -1 -1 -1 -1 -1
0.5705620050430298 0.4858154356479645 0.999474823474884 -1 -1 -1 -1 -1 -1 -1 -1 -1
0.5671721696853638 0.47801128029823303 0.9980201721191406 -1 -1 -1 -1 -1 -1 -1 -1 -1
0.5697306990623474 0.47914305329322815 0.9991118311882019 -1 -1 -1 -1 -1 -1 -1 -1 -1
0.557126522064209 0.4951026141643524 0.9996857643127441 -1 -1 -1 -1 -1 -1 -1 -1 -1
0.5827541947364807 0.5032356977462769 0.9999128580093384 -1 -1 -1 -1 -1 -1 -1 -1 -1
0.5471711158752441 0.5453956127166748 0.9137104749679565 -1 -1 -1 -1 -1 -1 -1 -1 -1
0.5814024806022644 0.5082529783248901 0.9116184115409851 -1 -1 -1 -1 -1 -1 -1 -1 -1
0.5471380949020386 0.5949912071228027 0.783277690410614 -1 -1 -1 -1 -1 -1 -1 -1 -1
0.5663527846336365 0.49785715341567993 0.7648527026176453 -1 -1 -1 -1 -1 -1 -1 -1 -1
0.5484448075294495 0.6071983575820923 0.7273674607276917 -1 -1 -1 -1 -1 -1 -1 -1 -1
0.5655025839805603 0.4940639138221741 0.6742932200431824 -1 -1 -1 -1 -1 -1 -1 -1 -1
0.5495245456695557 0.6087385416030884 0.6950601935386658 -1 -1 -1 -1 -1 -1 -1 -1 -1
0.5619323253631592 0.49678540229797363 0.6557067036628723 -1 -1 -1 -1 -1 -1 -1 -1 -1
0.5486235618591309 0.6033536791801453 0.6319935321807861 -1 -1 -1 -1 -1 -1 -1 -1 -1
0.5611865520477295 0.5003148913383484 0.5989536643028259 -1 -1 -1 -1 -1 -1 -1 -1 -1
0.5906744599342346 0.4680882394313812 0.9999970197677612 -1 -1 -1 -1 -1 -1 -1 -1 -1
0.6041867136955261 0.49427351355552673 0.9999971389770508 -1 -1 -1 -1 -1 -1 -1 -1 -1
0.5624925494194031 0.41214436292648315 0.9936601519584656 -1 -1 -1 -1 -1 -1 -1 -1 -1
0.5855736136436462 0.5454558730125427 0.9752770066261292 -1 -1 -1 -1 -1 -1 -1 -1 -1
0.5478125214576721 0.3002609312534332 0.9961053729057312 -1 -1 -1 -1 -1 -1 -1 -1 -1
0.5900630950927734 0.6085668802261353 0.9835280179977417 -1 -1 -1 -1 -1 -1 -1 -1 -1
0.5507422089576721 0.27875763177871704 0.9935593605041504 -1 -1 -1 -1 -1 -1 -1 -1 -1
0.5966497659683228 0.6162987947463989 0.9753071665763855 -1 -1 -1 -1 -1 -1 -1 -1 -1
0.5303379893302917 0.2827324867248535 0.9984625577926636 -1 -1 -1 -1 -1 -1 -1 -1 -1
0.5778278112411499 0.641297459602356 0.9954931735992432 -1 -1 -1 -1 -1 -1 -1 -1 -1
1 
33 
-1 -1 -1 -1 -1 -1 -1 -1 -1 -1
0.563969075679779 0.5723101496696472 0.8514811992645264 -1 -1 -1 -1 -1 -1 -1 -1 -1
0.5649097561836243 0.5763422250747681 0.9654248356819153 -1 -1 -1 -1 -1 -1 -1 -1 -1
0.565048098564148 0.5762787461280823 0.9448159337043762 -1 -1 -1 -1 -1 -1 -1 -1 -1
0.5651495456695557 0.5761951208114624 0.9675965309143066 -1 -1 -1 -1 -1 -1 -1 -1 -1
0.5653327703475952 0.5762899518013 0.9604314565658569 -1 -1 -1 -1 -1 -1 -1 -1 -1
0.5656476020812988 0.5761608481407166 0.9315468072891235 -1 -1 -1 -1 -1 -1 -1 -1 -1
0.5659543871879578 0.5760104060173035 0.9538195133209229 -1 -1 -1 -1 -1 -1 -1 -1 -1
0.5675555467605591 0.5717391967773438 0.9893442392349243 -1 -1 -1 -1 -1 -1 -1 -1 -1
0.5688683390617371 0.5715624094009399 0.9728850722312927 -1 -1 -1 -1 -1 -1 -1 -1 -1
0.5648594498634338 0.5664951801300049 0.9201741218566895 -1 -1 -1 -1 -1 -1 -1 -1 -1
0.5653108954429626 0.5663719773292542 0.8931308388710022 -1 -1 -1 -1 -1 -1 -1 -1 -1
0.5675091743469238 0.5407519340515137 0.9958757758140564 -1 -1 -1 -1 -1 -1 -1 -1 -1
0.5759187936782837 0.5511775016784668 0.9883363842964172 -1 -1 -1 -1 -1 -1 -1 -1 -1
0.5681703090667725 0.5437081456184387 0.6495794057846069 -1 -1 -1 -1 -1 -1 -1 -1 -1
0.5737497210502625 0.565881609916687 0.4862614870071411 -1 -1 -1 -1 -1 -1 -1 -1 -1
0.5658227205276489 0.5777373909950256 0.04851268604397774 -1 -1 -1 -1 -1 -1 -1 -1 -1
0.5832576155662537 0.5908087491989136 0.303645521402359 -1 -1 -1 -1 -1 -1 -1 -1 -1
0.5667548179626465 0.5866960287094116 0.02878335490822792 -1 -1 -1 -1 -1 -1 -1 -1 -1
0.5871517062187195 0.597161054611206 0.18393538892269135 -1 -1 -1 -1 -1 -1 -1 -1 -1
0.5667065382003784 0.5869321823120117 0.02652738243341446 -1 -1 -1 -1 -1 -1 -1 -1 -1
0.5869963765144348 0.5957828164100647 0.18263386189937592 -1 -1 -1 -1 -1 -1 -1 -1 -1
0.5666356086730957 0.5829963684082031 0.03160373121500015 -1 -1 -1 -1 -1 -1 -1 -1 -1
0.5856152176856995 0.593093991279602 0.17173218727111816 -1 -1 -1 -1 -1 -1 -1 -1 -1
0.5777594447135925 0.4760405421257019 0.9988234639167786 -1 -1 -1 -1 -1 -1 -1 -1 -1
0.5865198373794556 0.48185256123542786 0.9972264170646667 -1 -1 -1 -1 -1 -1 -1 -1 -1
0.5743504166603088 0.4081423878669739 0.3613607883453369 -1 -1 -1 -1 -1 -1 -1 -1 -1
0.5839349031448364 0.42909130454063416 0.1235312819480896 -1 -1 -1 -1 -1 -1 -1 -1 -1
0.5789743661880493 0.3456837236881256 0.12830573320388794 -1 -1 -1 -1 -1 -1 -1 -1 -1
0.5733537673950195 0.3826636075973511 0.1481982171535492 -1 -1 -1 -1 -1 -1 -1 -1 -1
0.5813922882080078 0.3375181555747986 0.30631524324417114 -1 -1 -1 -1 -1 -1 -1 -1 -1
0.5714202523231506 0.3748783469200134 0.39318686723709106 -1 -1 -1 -1 -1 -1 -1 -1 -1
0.5783799886703491 0.33079200983047485 0.11792869865894318 -1 -1 -1 -1 -1 -1 -1 -1 -1
0.5757656693458557 0.37458354234695435 0.1901896446943283 -1 -1 -1 -1 -1 -1 -1 -1 -1
1 
33 
-1 -1 -1 -1 -1 -1 -1 -1 -1 -1
0.5491635799407959 0.507975161075592 0.9967654943466187 -1 -1 -1 -1 -1 -1 -1 -1 -1
0.5484642386436462 0.5034268498420715 0.9965465664863586 -1 -1 -1 -1 -1 -1 -1 -1 -1
0.5486548542976379 0.5026907920837402 0.9960669875144958 -1 -1 -1 -1 -1 -1 -1 -1 -1
0.5488680601119995 0.5019431710243225 0.995640754699707 -1 -1 -1 -1 -1 -1 -1 -1 -1
0.5483764410018921 0.5056145787239075 0.997721254825592 -1 -1 -1 -1 -1 -1 -1 -1 -1
0.5484157204627991 0.5063831806182861 0.9973245859146118 -1 -1 -1 -1 -1 -1 -1 -1 -1
0.548446774482727 0.5070860385894775 0.9977982044219971 -1 -1 -1 -1 -1 -1 -1 -1 -1
0.5516369342803955 0.5030950903892517 0.9974380731582642 -1 -1 -1 -1 -1 -1 -1 -1 -1
0.5512849688529968 0.5096267461776733 0.9979705214500427 -1 -1 -1 -1 -1 -1 -1 -1 -1
0.5522998571395874 0.5116891860961914 0.9939589500427246 -1 -1 -1 -1 -1 -1 -1 -1 -1
0.5517522096633911 0.5139387249946594 0.9982690811157227 -1 -1 -1 -1 -1 -1 -1 -1 -1
0.557563841342926 0.5253683924674988 0.9998167157173157 -1 -1 -1 -1 -1 -1 -1 -1 -1
0.5613870620727539 0.5260355472564697 0.999945878982544 -1 -1 -1 -1 -1 -1 -1 -1 -1
0.5552874803543091 0.5845667123794556 0.4891347289085388 -1 -1 -1 -1 -1 -1 -1 -1 -1
0.5659211277961731 0.5574248433113098 0.37655508518218994 -1 -1 -1 -1 -1 -1 -1 -1 -1
0.5426957607269287 0.6168406009674072 0.4175475835800171 -1 -1 -1 -1 -1 -1 -1 -1 -1
0.5694901347160339 0.5785660743713379 0.41525575518608093 -1 -1 -1 -1 -1 -1 -1 -1 -1
0.5400362610816956 0.6267024278640747 0.4304177463054657 -1 -1 -1 -1 -1 -1 -1 -1 -1
0.5689712166786194 0.5801214575767517 0.392434686422348 -1 -1 -1 -1 -1 -1 -1 -1 -1
0.5377513766288757 0.6360061168670654 0.39755985140800476 -1 -1 -1 -1 -1 -1 -1 -1 -1
0.5694800615310669 0.5838743448257446 0.4114994406700134 -1 -1 -1 -1 -1 -1 -1 -1 -1
0.5393905639648438 0.6217020750045776 0.33318209648132324 -1 -1 -1 -1 -1 -1 -1 -1 -1
0.5698050260543823 0.5836713910102844 0.4028111398220062 -1 -1 -1 -1 -1 -1 -1 -1 -1
0.5925554633140564 0.5273920893669128 0.9999871253967285 -1 -1 -1 -1 -1 -1 -1 -1 -1
0.5958605408668518 0.5368123650550842 0.9999889135360718 -1 -1 -1 -1 -1 -1 -1 -1 -1
0.5765396952629089 0.4508938491344452 0.7409390807151794 -1 -1 -1 -1 -1 -1 -1 -1 -1
0.5839191675186157 0.5266860127449036 0.6509943604469299 -1 -1 -1 -1 -1 -1 -1 -1 -1
0.5757424831390381 0.41119998693466187 0.6244285702705383 -1 -1 -1 -1 -1 -1 -1 -1 -1
0.5683541893959045 0.5457091331481934 0.8321826457977295 -1 -1 -1 -1 -1 -1 -1 -1 -1
0.5785414576530457 0.4120994508266449 0.7029592990875244 -1 -1 -1 -1 -1 -1 -1 -1 -1
0.5699719190597534 0.551367461681366 0.8150244355201721 -1 -1 -1 -1 -1 -1 -1 -1 -1
0.5687726736068726 0.386740505695343 0.5834487080574036 -1 -1 -1 -1 -1 -1 -1 -1 -1
0.5530135631561279 0.5429516434669495 0.79865962266922 -1 -1 -1 -1 -1 -1 -1 -1 -1
1 
