19
1 
33 
-1 -1 -1 -1 -1 -1 -1 -1 -1 -1
0.6326013207435608 0.3808883726596832 0.9998390674591064 -1 -1 -1 -1 -1 -1 -1 -1 -1
0.6367124319076538 0.3732277750968933 0.9998369216918945 -1 -1 -1 -1 -1 -1 -1 -1 -1
0.6381289958953857 0.37252748012542725 0.999822199344635 -1 -1 -1 -1 -1 -1 -1 -1 -1
0.6395860314369202 0.3719087839126587 0.9998610019683838 -1 -1 -1 -1 -1 -1 -1 -1 -1
0.6337260007858276 0.37590843439102173 0.9999046325683594 -1 -1 -1 -1 -1 -1 -1 -1 -1
0.6329363584518433 0.37703269720077515 0.9998821020126343 -1 -1 -1 -1 -1 -1 -1 -1 -1
0.6322081089019775 0.37816762924194336 0.9999001026153564 -1 -1 -1 -1 -1 -1 -1 -1 -1
0.6432512402534485 0.3776390552520752 0.9998683929443359 -1 -1 -1 -1 -1 -1 -1 -1 -1
0.6333144903182983 0.38597556948661804 0.9999493360519409 -1 -1 -1 -1 -1 -1 -1 -1 -1
0.6341292262077332 0.3900611996650696 0.999652624130249 -1 -1 -1 -1 -1 -1 -1 -1 -1
0.630378246307373 0.39252710342407227 0.9998089671134949 -1 -1 -1 -1 -1 -1 -1 -1 -1
0.6481058597564697 0.39633455872535706 0.9999933242797852 -1 -1 -1 -1 -1 -1 -1 -1 -1
0.6299681663513184 0.43874937295913696 0.9998558759689331 -1 -1 -1 -1 -1 -1 -1 -1 -1
0.6474473476409912 0.3283177316188812 0.9650388360023499 -1 -1 -1 -1 -1 -1 -1 -1 -1
0.6314433813095093 0.4603526294231415 0.068527951836586 -1 -1 -1 -1 -1 -1 -1 -1 -1
0.6408866047859192 0.2679307758808136 0.9527501463890076 -1 -1 -1 -1 -1 -1 -1 -1 -1
0.6208567023277283 0.4583611488342285 0.1977148950099945 -1 -1 -1 -1 -1 -1 -1 -1 -1
0.6414985656738281 0.24652665853500366 0.9428101181983948 -1 -1 -1 -1 -1 -1 -1 -1 -1
0.620141863822937 0.4636939764022827 0.21151340007781982 -1 -1 -1 -1 -1 -1 -1 -1 -1
0.6419954895973206 0.246988445520401 0.9340887069702148 -1 -1 -1 -1 -1 -1 -1 -1 -1
0.6189589500427246 0.45875605940818787 0.21730569005012512 -1 -1 -1 -1 -1 -1 -1 -1 -1
0.6411634087562561 0.2566390335559845 0.9161766767501831 -1 -1 -1 -1 -1 -1 -1 -1 -1
0.618230938911438 0.45639485120773315 0.2267853319644928 -1 -1 -1 -1 -1 -1 -1 -1 -1
0.6678941249847412 0.530613362789154 0.9999996423721313 -1 -1 -1 -1 -1 -1 -1 -1 -1
0.6561567187309265 0.542805552482605 0.9999887943267822 -1 -1 -1 -1 -1 -1 -1 -1 -1
0.6562502980232239 0.6428149938583374 0.999047577381134 -1 -1 -1 -1 -1 -1 -1 -1 -1
0.633452832698822 0.5788677334785461 0.6958048343658447 -1 -1 -1 -1 -1 -1 -1 -1 -1
0.6461793184280396 0.8068757057189941 0.9987416863441467 -1 -1 -1 -1 -1 -1 -1 -1 -1
0.6329398155212402 0.6546583771705627 0.7223051190376282 -1 -1 -1 -1 -1 -1 -1 -1 -1
0.6488196849822998 0.8243497610092163 0.996699869632721 -1 -1 -1 -1 -1 -1 -1 -1 -1
0.6379599571228027 0.6631248593330383 0.7682303190231323 -1 -1 -1 -1 -1 -1 -1 -1 -1
0.6149786710739136 0.8424738645553589 0.9986300468444824 -1 -1 -1 -1 -1 -1 -1 -1 -1
0.619185745716095 0.6855100989341736 0.8481173515319824 -1 -1 -1 -1 -1 -1 -1 -1 -1
1 
33 
-1 -1 -1 -1 -1 -1 -1 -1 -1 -1
0.6357021331787109 0.3894007205963135 0.9987320303916931 -1 -1 -1 -1 -1 -1 -1 -1 -1
0.6354383826255798 0.3878670036792755 0.9988852143287659 -1 -1 -1 -1 -1 -1 -1 -1 -1
0.6356693506240845 0.38749855756759644 0.9983616471290588 -1 -1 -1 -1 -1 -1 -1 -1 -1
0.6359293460845947 0.3872329592704773 0.9988435506820679 -1 -1 -1 -1 -1 -1 -1 -1 -1
0.6355458498001099 0.38839828968048096 0.9988538026809692 -1 -1 -1 -1 -1 -1 -1 -1 -1
0.6358868479728699 0.38830888271331787 0.9980337023735046 -1 -1 -1 -1 -1 -1 -1 -1 -1
0.6362166404724121 0.3882153034210205 0.9985641837120056 -1 -1 -1 -1 -1 -1 -1 -1 -1
0.6392442584037781 0.3866662383079529 0.9977248311042786 -1 -1 -1 -1 -1 -1 -1 -1 -1
0.6401417255401611 0.3883857727050781 0.997794508934021 -1 -1 -1 -1 -1 -1 -1 -1 -1
0.6388662457466125 0.3906063139438629 0.9958869814872742 -1 -1 -1 -1 -1 -1 -1 -1 -1
0.6391833424568176 0.3909255266189575 0.9942528605461121 -1 -1 -1 -1 -1 -1 -1 -1 -1
0.6529504060745239 0.39315804839134216 0.9976493716239929 -1 -1 -1 -1 -1 -1 -1 -1 -1
0.6466763615608215 0.390880286693573 0.9977052807807922 -1 -1 -1 -1 -1 -1 -1 -1 -1
0.6504684686660767 0.31911057233810425 0.9654860496520996 -1 -1 -1 -1 -1 -1 -1 -1 -1
0.6475841999053955 0.3230804204940796 0.8541846871376038 -1 -1 -1 -1 -1 -1 -1 -1 -1
0.6506386399269104 0.24355164170265198 0.9548006057739258 -1 -1 -1 -1 -1 -1 -1 -1 -1
0.646967887878418 0.24891141057014465 0.914425253868103 -1 -1 -1 -1 -1 -1 -1 -1 -1
0.6494185328483582 0.23368385434150696 0.9362900257110596 -1 -1 -1 -1 -1 -1 -1 -1 -1
0.6485369205474854 0.2338656187057495 0.8714936971664429 -1 -1 -1 -1 -1 -1 -1 -1 -1
0.6497394442558289 0.2358083426952362 0.9367486834526062 -1 -1 -1 -1 -1 -1 -1 -1 -1
0.6483756303787231 0.2347230613231659 0.8631194829940796 -1 -1 -1 -1 -1 -1 -1 -1 -1
0.6495463252067566 0.23822805285453796 0.9102586507797241 -1 -1 -1 -1 -1 -1 -1 -1 -1
0.6478064060211182 0.24086427688598633 0.8213169574737549 -1 -1 -1 -1 -1 -1 -1 -1 -1
0.6586185097694397 0.5239214897155762 0.999988317489624 -1 -1 -1 -1 -1 -1 -1 -1 -1
0.6497249603271484 0.5159074068069458 0.9999939203262329 -1 -1 -1 -1 -1 -1 -1 -1 -1
0.6507529020309448 0.5712908506393433 0.9575061798095703 -1 -1 -1 -1 -1 -1 -1 -1 -1
0.6413952112197876 0.5584108829498291 0.9538877606391907 -1 -1 -1 -1 -1 -1 -1 -1 -1
0.6282235980033875 0.6434503197669983 0.9810910224914551 -1 -1 -1 -1 -1 -1 -1 -1 -1
0.6298568844795227 0.644553542137146 0.9934087991714478 -1 -1 -1 -1 -1 -1 -1 -1 -1
0.6342763304710388 0.6403464674949646 0.962373673915863 -1 -1 -1 -1 -1 -1 -1 -1 -1
0.6429022550582886 0.6578725576400757 0.9823316335678101 -1 -1 -1 -1 -1 -1 -1 -1 -1
0.6316159963607788 0.7079386115074158 0.9831128716468811 -1 -1 -1 -1 -1 -1 -1 -1 -1
0.6274939179420471 0.7081966996192932 0.9939813017845154 -1 -1 -1 -1 -1 -1 -1 -1 -1
1 
33 
-1 -1 -1 -1 -1 -1 -1 -1 -1 -1
0.6338386535644531 0.3712925612926483 0.9997643828392029 -1 -1 -1 -1 -1 -1 -1 -1 -1
0.6339043974876404 0.365267276763916 0.9999580383300781 -1 -1 -1 -1 -1 -1 -1 -1 -1
0.6343333721160889 0.3636118769645691 0.999943733215332 -1 -1 -1 -1 -1 -1 -1 -1 -1
0.6348145008087158 0.36196815967559814 0.999942421913147 -1 -1 -1 -1 -1 -1 -1 -1 -1
0.6331174969673157 0.36723119020462036 0.9999085664749146 -1 -1 -1 -1 -1 -1 -1 -1 -1
0.6332541704177856 0.3668059706687927 0.9998894929885864 -1 -1 -1 -1 -1 -1 -1 -1 -1
0.6333803534507751 0.36636996269226074 0.9999431371688843 -1 -1 -1 -1 -1 -1 -1 -1 -1
0.6383153796195984 0.35139089822769165 0.9999833106994629 -1 -1 -1 -1 -1 -1 -1 -1 -1
0.6350381970405579 0.3588506579399109 0.9999699592590332 -1 -1 -1 -1 -1 -1 -1 -1 -1
0.636539876461029 0.3695366382598877 0.9998998641967773 -1 -1 -1 -1 -1 -1 -1 -1 -1
0.6363278031349182 0.37092769145965576 0.9998619556427002 -1 -1 -1 -1 -1 -1 -1 -1 -1
0.6523499488830566 0.3336411118507385 0.9999862909317017 -1 -1 -1 -1 -1 -1 -1 -1 -1
0.6406461000442505 0.37014445662498474 0.9994726777076721 -1 -1 -1 -1 -1 -1 -1 -1 -1
0.6554833650588989 0.28106069564819336 0.9556074738502502 -1 -1 -1 -1 -1 -1 -1 -1 -1
0.6544941067695618 0.36989331245422363 0.10387994349002838 -1 -1 -1 -1 -1 -1 -1 -1 -1
0.6580837965011597 0.20959147810935974 0.9361072778701782 -1 -1 -1 -1 -1 -1 -1 -1 -1
0.6545946598052979 0.3315170407295227 0.2132738083600998 -1 -1 -1 -1 -1 -1 -1 -1 -1
0.6588612794876099 0.20031118392944336 0.8973594903945923 -1 -1 -1 -1 -1 -1 -1 -1 -1
0.6553125977516174 0.31997784972190857 0.2034691870212555 -1 -1 -1 -1 -1 -1 -1 -1 -1
0.6592860221862793 0.2099093496799469 0.8867101669311523 -1 -1 -1 -1 -1 -1 -1 -1 -1
0.6522330045700073 0.3159257769584656 0.1785822957754135 -1 -1 -1 -1 -1 -1 -1 -1 -1
0.6566139459609985 0.2065146565437317 0.8382264971733093 -1 -1 -1 -1 -1 -1 -1 -1 -1
0.6516268849372864 0.3184686601161957 0.17978155612945557 -1 -1 -1 -1 -1 -1 -1 -1 -1
0.6719328761100769 0.44000011682510376 0.999997615814209 -1 -1 -1 -1 -1 -1 -1 -1 -1
0.6690255999565125 0.4645279347896576 0.9999948740005493 -1 -1 -1 -1 -1 -1 -1 -1 -1
0.6507195830345154 0.4377480149269104 0.9996646642684937 -1 -1 -1 -1 -1 -1 -1 -1 -1
0.6556873321533203 0.524681806564331 0.9941788911819458 -1 -1 -1 -1 -1 -1 -1 -1 -1
0.6463190317153931 0.5162173509597778 0.9979986548423767 -1 -1 -1 -1 -1 -1 -1 -1 -1
0.6598409414291382 0.5661472678184509 0.9930857419967651 -1 -1 -1 -1 -1 -1 -1 -1 -1
0.6464792490005493 0.5284695625305176 0.9968462586402893 -1 -1 -1 -1 -1 -1 -1 -1 -1
0.6638783812522888 0.5732474327087402 0.9942793846130371 -1 -1 -1 -1 -1 -1 -1 -1 -1
0.6422581672668457 0.5353506207466125 0.9972794651985168 -1 -1 -1 -1 -1 -1 -1 -1 -1
0.6494415998458862 0.5771028995513916 0.993505597114563 -1 -1 -1 -1 -1 -1 -1 -1 -1
1 
33 
-1 -1 -1 -1 -1 -1 -1 -1 -1 -1
0.6196094751358032 0.4620564877986908 0.9998214840888977 -1 -1 -1 -1 -1 -1 -1 -1 -1
0.6169458031654358 0.46115246415138245 0.9997465014457703 -1 -1 -1 -1 -1 -1 -1 -1 -1
0.6166665554046631 0.45946556329727173 0.9997057318687439 -1 -1 -1 -1 -1 -1 -1 -1 -1
0.6163994073867798 0.4577450752258301 0.999648928642273 -1 -1 -1 -1 -1 -1 -1 -1 -1
0.6179559230804443 0.4665698707103729 0.9998058676719666 -1 -1 -1 -1 -1 -1 -1 -1 -1
0.6183057427406311 0.468295156955719 0.9997628331184387 -1 -1 -1 -1 -1 -1 -1 -1 -1
0.6186635494232178 0.47001203894615173 0.999800980091095 -1 -1 -1 -1 -1 -1 -1 -1 -1
0.6181226968765259 0.4538966119289398 0.9994097948074341 -1 -1 -1 -1 -1 -1 -1 -1 -1
0.621190071105957 0.47243061661720276 0.9999004602432251 -1 -1 -1 -1 -1 -1 -1 -1 -1
0.6220505237579346 0.4576421082019806 0.9996846914291382 -1 -1 -1 -1 -1 -1 -1 -1 -1
0.6232255697250366 0.4635118842124939 0.9999042749404907 -1 -1 -1 -1 -1 -1 -1 -1 -1
0.6312031745910645 0.42872050404548645 0.9999805688858032 -1 -1 -1 -1 -1 -1 -1 -1 -1
0.6368156671524048 0.486956924200058 0.9999916553497314 -1 -1 -1 -1 -1 -1 -1 -1 -1
0.6432405710220337 0.400910884141922 0.4117377698421478 -1 -1 -1 -1 -1 -1 -1 -1 -1
0.6607865691184998 0.5245863199234009 0.6151713132858276 -1 -1 -1 -1 -1 -1 -1 -1 -1
0.6339254379272461 0.38285309076309204 0.5307498574256897 -1 -1 -1 -1 -1 -1 -1 -1 -1
0.6739960312843323 0.5491127371788025 0.8222479224205017 -1 -1 -1 -1 -1 -1 -1 -1 -1
0.6302874684333801 0.37768635153770447 0.5713849663734436 -1 -1 -1 -1 -1 -1 -1 -1 -1
0.6758766770362854 0.555055558681488 0.7950713038444519 -1 -1 -1 -1 -1 -1 -1 -1 -1
0.6281268000602722 0.37882527709007263 0.5290292501449585 -1 -1 -1 -1 -1 -1 -1 -1 -1
0.6747550368309021 0.5541046857833862 0.7842403650283813 -1 -1 -1 -1 -1 -1 -1 -1 -1
0.6296493411064148 0.3821309506893158 0.4570710361003876 -1 -1 -1 -1 -1 -1 -1 -1 -1
0.6743118166923523 0.5507396459579468 0.7678795456886292 -1 -1 -1 -1 -1 -1 -1 -1 -1
0.6737803816795349 0.4323045611381531 0.9999483823776245 -1 -1 -1 -1 -1 -1 -1 -1 -1
0.6749467849731445 0.4743563234806061 0.9999557733535767 -1 -1 -1 -1 -1 -1 -1 -1 -1
0.6698876619338989 0.3579823076725006 0.9928027987480164 -1 -1 -1 -1 -1 -1 -1 -1 -1
0.6666749119758606 0.49319514632225037 0.9788081645965576 -1 -1 -1 -1 -1 -1 -1 -1 -1
0.6630054116249084 0.31227654218673706 0.9510462284088135 -1 -1 -1 -1 -1 -1 -1 -1 -1
0.6496573090553284 0.48599761724472046 0.9644700884819031 -1 -1 -1 -1 -1 -1 -1 -1 -1
0.6677166819572449 0.31062015891075134 0.9755085706710815 -1 -1 -1 -1 -1 -1 -1 -1 -1
0.6530815362930298 0.4835326373577118 0.9795464873313904 -1 -1 -1 -1 -1 -1 -1 -1 -1
0.6484169363975525 0.29593420028686523 0.9663643836975098 -1 -1 -1 -1 -1 -1 -1 -1 -1
0.6305363178253174 0.4848007261753082 0.9788892269134521 -1 -1 -1 -1 -1 -1 -1 -1 -1
1 
33 
-1 -1 -1 -1 -1 -1 -1 -1 -1 -1
0.6481970548629761 0.516446590423584 0.9962109327316284 -1 -1 -1 -1 -1 -1 -1 -1 -1
0.6458902359008789 0.5175086855888367 0.9934786558151245 -1 -1 -1 -1 -1 -1 -1 -1 -1
0.6449889540672302 0.5157791972160339 0.9953733086585999 -1 -1 -1 -1 -1 -1 -1 -1 -1
0.6441030502319336 0.5140184164047241 0.9892237782478333 -1 -1 -1 -1 -1 -1 -1 -1 -1
0.6488997340202332 0.522620677947998 0.967653751373291 -1 -1 -1 -1 -1 -1 -1 -1 -1
0.6497840285301208 0.5238985419273376 0.9835151433944702 -1 -1 -1 -1 -1 -1 -1 -1 -1
0.6506691575050354 0.5251239538192749 0.9638587236404419 -1 -1 -1 -1 -1 -1 -1 -1 -1
0.6426261067390442 0.5052464604377747 0.9976660013198853 -1 -1 -1 -1 -1 -1 -1 -1 -1
0.653221845626831 0.5229178071022034 0.967983603477478 -1 -1 -1 -1 -1 -1 -1 -1 -1
0.6474867463111877 0.507882297039032 0.9982295632362366 -1 -1 -1 -1 -1 -1 -1 -1 -1
0.6511014699935913 0.5129880905151367 0.9931256771087646 -1 -1 -1 -1 -1 -1 -1 -1 -1
0.6372037529945374 0.46578171849250793 0.9999973773956299 -1 -1 -1 -1 -1 -1 -1 -1 -1
0.6626408696174622 0.5201799273490906 0.9997480511665344 -1 -1 -1 -1 -1 -1 -1 -1 -1
0.6266037225723267 0.43208494782447815 0.405618280172348 -1 -1 -1 -1 -1 -1 -1 -1 -1
0.6754917502403259 0.5652257204055786 0.7818104028701782 -1 -1 -1 -1 -1 -1 -1 -1 -1
0.6152290105819702 0.42194056510925293 0.4386388659477234 -1 -1 -1 -1 -1 -1 -1 -1 -1
0.6552884578704834 0.599269449710846 0.9097990989685059 -1 -1 -1 -1 -1 -1 -1 -1 -1
0.6130101084709167 0.4172074794769287 0.5591953992843628 -1 -1 -1 -1 -1 -1 -1 -1 -1
0.6511816382408142 0.6114134192466736 0.9528279900550842 -1 -1 -1 -1 -1 -1 -1 -1 -1
0.6121078729629517 0.4239961504936218 0.5116822719573975 -1 -1 -1 -1 -1 -1 -1 -1 -1
0.6480842232704163 0.6087337732315063 0.9226138591766357 -1 -1 -1 -1 -1 -1 -1 -1 -1
0.6144676208496094 0.42607274651527405 0.505744218826294 -1 -1 -1 -1 -1 -1 -1 -1 -1
0.648088276386261 0.6017488241195679 0.9129444360733032 -1 -1 -1 -1 -1 -1 -1 -1 -1
0.6570316553115845 0.42807409167289734 0.9999986886978149 -1 -1 -1 -1 -1 -1 -1 -1 -1
0.6779142618179321 0.46773797273635864 0.9999626874923706 -1 -1 -1 -1 -1 -1 -1 -1 -1
0.6315755844116211 0.36401134729385376 0.9977080821990967 -1 -1 -1 -1 -1 -1 -1 -1 -1
0.6930018067359924 0.5144615173339844 0.9911508560180664 -1 -1 -1 -1 -1 -1 -1 -1 -1
0.6562780141830444 0.2939905524253845 0.9571621417999268 -1 -1 -1 -1 -1 -1 -1 -1 -1
0.6724489331245422 0.5563890933990479 0.9211596846580505 -1 -1 -1 -1 -1 -1 -1 -1 -1
0.6663607954978943 0.28755003213882446 0.9869441986083984 -1 -1 -1 -1 -1 -1 -1 -1 -1
0.6757501363754272 0.5520056486129761 0.9981479644775391 -1 -1 -1 -1 -1 -1 -1 -1 -1
0.6495988965034485 0.27199476957321167 0.993720531463623 -1 -1 -1 -1 -1 -1 -1 -1 -1
0.6539158821105957 0.587590217590332 0.9947187900543213 -1 -1 -1 -1 -1 -1 -1 -1 -1
1 
33 
-1 -1 -1 -1 -1 -1 -1 -1 -1 -1
0.6521012187004089 0.5267820954322815 0.9981637597084045 -1 -1 -1 -1 -1 -1 -1 -1 -1
0.6532990336418152 0.5250633358955383 0.9984160661697388 -1 -1 -1 -1 -1 -1 -1 -1 -1
0.6550048589706421 0.5257734060287476 0.9979023933410645 -1 -1 -1 -1 -1 -1 -1 -1 -1
0.6566945910453796 0.5263797044754028 0.9988642930984497 -1 -1 -1 -1 -1 -1 -1 -1 -1
0.6493198871612549 0.5225775241851807 0.9983839988708496 -1 -1 -1 -1 -1 -1 -1 -1 -1
0.6480952501296997 0.5214861035346985 0.997421145439148 -1 -1 -1 -1 -1 -1 -1 -1 -1
0.6468369960784912 0.5203922986984253 0.9987249970436096 -1 -1 -1 -1 -1 -1 -1 -1 -1
0.6640806794166565 0.5222545862197876 0.998643696308136 -1 -1 -1 -1 -1 -1 -1 -1 -1
0.650065004825592 0.5122162699699402 0.998372495174408 -1 -1 -1 -1 -1 -1 -1 -1 -1
0.6580516695976257 0.5257989168167114 0.9973989725112915 -1 -1 -1 -1 -1 -1 -1 -1 -1
0.6532524824142456 0.5236130952835083 0.9974768757820129 -1 -1 -1 -1 -1 -1 -1 -1 -1
0.6881200075149536 0.5262067317962646 0.9999430179595947 -1 -1 -1 -1 -1 -1 -1 -1 -1
0.6492263674736023 0.497881680727005 0.9999551773071289 -1 -1 -1 -1 -1 -1 -1 -1 -1
0.6772133111953735 0.6022685766220093 0.9578622579574585 -1 -1 -1 -1 -1 -1 -1 -1 -1
0.6247652769088745 0.5450788140296936 0.5383772850036621 -1 -1 -1 -1 -1 -1 -1 -1 -1
0.6666705012321472 0.6602264046669006 0.9771485328674316 -1 -1 -1 -1 -1 -1 -1 -1 -1
0.6228802800178528 0.6139580607414246 0.9223299026489258 -1 -1 -1 -1 -1 -1 -1 -1 -1
0.6665708422660828 0.6639991998672485 0.9749171137809753 -1 -1 -1 -1 -1 -1 -1 -1 -1
0.6202017664909363 0.6270754337310791 0.9479569792747498 -1 -1 -1 -1 -1 -1 -1 -1 -1
0.6621918678283691 0.6627047061920166 0.9719350337982178 -1 -1 -1 -1 -1 -1 -1 -1 -1
0.6253246665000916 0.631023645401001 0.9315934777259827 -1 -1 -1 -1 -1 -1 -1 -1 -1
0.6615653038024902 0.6615496873855591 0.9531306624412537 -1 -1 -1 -1 -1 -1 -1 -1 -1
0.6264297366142273 0.6286672353744507 0.8845031261444092 -1 -1 -1 -1 -1 -1 -1 -1 -1
0.6876882314682007 0.41700243949890137 0.9999964237213135 -1 -1 -1 -1 -1 -1 -1 -1 -1
0.6610676050186157 0.40327396988868713 0.999998927116394 -1 -1 -1 -1 -1 -1 -1 -1 -1
0.6844100952148438 0.3220066726207733 0.5592474937438965 -1 -1 -1 -1 -1 -1 -1 -1 -1
0.641723096370697 0.2865545451641083 0.43049657344818115 -1 -1 -1 -1 -1 -1 -1 -1 -1
0.6676291823387146 0.26804208755493164 0.581310510635376 -1 -1 -1 -1 -1 -1 -1 -1 -1
0.6402179002761841 0.19293053448200226 0.8124071359634399 -1 -1 -1 -1 -1 -1 -1 -1 -1
0.661451518535614 0.26959696412086487 0.9168328642845154 -1 -1 -1 -1 -1 -1 -1 -1 -1
0.6392917037010193 0.18552909791469574 0.9469990134239197 -1 -1 -1 -1 -1 -1 -1 -1 -1
0.6650704145431519 0.2280292958021164 0.8761709928512573 -1 -1 -1 -1 -1 -1 -1 -1 -1
0.6478134393692017 0.14960694313049316 0.9324944019317627 -1 -1 -1 -1 -1 -1 -1 -1 -1
1 
33 
-1 -1 -1 -1 -1 -1 -1 -1 -1 -1
0.6421820521354675 0.5430711507797241 0.9932146072387695 -1 -1 -1 -1 -1 -1 -1 -1 -1
0.6393665075302124 0.5496174693107605 0.9945244789123535 -1 -1 -1 -1 -1 -1 -1 -1 -1
0.638131320476532 0.5489521026611328 0.9910656809806824 -1 -1 -1 -1 -1 -1 -1 -1 -1
0.6368768811225891 0.5482332706451416 0.9941664934158325 -1 -1 -1 -1 -1 -1 -1 -1 -1
0.6434729695320129 0.5522850155830383 0.9888534545898438 -1 -1 -1 -1 -1 -1 -1 -1 -1
0.6450395584106445 0.553439736366272 0.9807689189910889 -1 -1 -1 -1 -1 -1 -1 -1 -1
0.6465982794761658 0.5545666217803955 0.9873787760734558 -1 -1 -1 -1 -1 -1 -1 -1 -1
0.6379613280296326 0.5455185770988464 0.9885643124580383 -1 -1 -1 -1 -1 -1 -1 -1 -1
0.6513533592224121 0.5542801022529602 0.9836245775222778 -1 -1 -1 -1 -1 -1 -1 -1 -1
0.6422261595726013 0.5344648361206055 0.9975104331970215 -1 -1 -1 -1 -1 -1 -1 -1 -1
0.6472373604774475 0.5376749038696289 0.996807873249054 -1 -1 -1 -1 -1 -1 -1 -1 -1
0.6335077881813049 0.49586430191993713 0.9989769458770752 -1 -1 -1 -1 -1 -1 -1 -1 -1
0.6752147674560547 0.5327780842781067 0.9993202686309814 -1 -1 -1 -1 -1 -1 -1 -1 -1
0.6245635747909546 0.44951486587524414 0.7440891861915588 -1 -1 -1 -1 -1 -1 -1 -1 -1
0.6769391298294067 0.5609925985336304 0.993208110332489 -1 -1 -1 -1 -1 -1 -1 -1 -1
0.6237266063690186 0.4731733500957489 0.5795177221298218 -1 -1 -1 -1 -1 -1 -1 -1 -1
0.6676807999610901 0.6378563046455383 0.9926619529724121 -1 -1 -1 -1 -1 -1 -1 -1 -1
0.6235767006874084 0.47427043318748474 0.4889119863510132 -1 -1 -1 -1 -1 -1 -1 -1 -1
0.6597957015037537 0.644095778465271 0.9822326898574829 -1 -1 -1 -1 -1 -1 -1 -1 -1
0.6230131983757019 0.48270267248153687 0.4656214416027069 -1 -1 -1 -1 -1 -1 -1 -1 -1
0.6621110439300537 0.6436883211135864 0.9791233539581299 -1 -1 -1 -1 -1 -1 -1 -1 -1
0.6244964003562927 0.4835784435272217 0.4260415732860565 -1 -1 -1 -1 -1 -1 -1 -1 -1
0.6622852087020874 0.6360769867897034 0.9707776308059692 -1 -1 -1 -1 -1 -1 -1 -1 -1
0.6563202738761902 0.39641857147216797 0.9987620115280151 -1 -1 -1 -1 -1 -1 -1 -1 -1
0.6837361454963684 0.40559202432632446 0.9995008707046509 -1 -1 -1 -1 -1 -1 -1 -1 -1
0.6469712853431702 0.2835471034049988 0.8166748285293579 -1 -1 -1 -1 -1 -1 -1 -1 -1
0.6793025135993958 0.3258686065673828 0.9238001704216003 -1 -1 -1 -1 -1 -1 -1 -1 -1
0.6571970582008362 0.20362161099910736 0.7264299988746643 -1 -1 -1 -1 -1 -1 -1 -1 -1
0.6676278710365295 0.22110846638679504 0.9354127049446106 -1 -1 -1 -1 -1 -1 -1 -1 -1
0.6620221138000488 0.19842058420181274 0.6271069645881653 -1 -1 -1 -1 -1 -1 -1 -1 -1
0.666059136390686 0.21366995573043823 0.7807267904281616 -1 -1 -1 -1 -1 -1 -1 -1 -1
0.6544857621192932 0.16149410605430603 0.70308917760849 -1 -1 -1 -1 -1 -1 -1 -1 -1
0.6626217365264893 0.1740230917930603 0.9144664406776428 -1 -1 -1 -1 -1 -1 -1 -1 -1
1 
33 
-1 -1 -1 -1 -1 -1 -1 -1 -1 -1
0.6467563509941101 0.550163984298706 0.9999281167984009 -1 -1 -1 -1 -1 -1 -1 -1 -1
0.647039532661438 0.5554322600364685 0.9999533891677856 -1 -1 -1 -1 -1 -1 -1 -1 -1
0.6480200290679932 0.5548171997070312 0.9999467134475708 -1 -1 -1 -1 -1 -1 -1 -1 -1
0.6499180197715759 0.5543106198310852 0.9999488592147827 -1 -1 -1 -1 -1 -1 -1 -1 -1
0.6440842747688293 0.5520327687263489 0.999934196472168 -1 -1 -1 -1 -1 -1 -1 -1 -1
0.6422867178916931 0.5506079196929932 0.9999068975448608 -1 -1 -1 -1 -1 -1 -1 -1 -1
0.6410970091819763 0.5491293668746948 0.9999146461486816 -1 -1 -1 -1 -1 -1 -1 -1 -1
0.6558429002761841 0.5421706438064575 0.9999635219573975 -1 -1 -1 -1 -1 -1 -1 -1 -1
0.6362035870552063 0.5321405529975891 0.9999562501907349 -1 -1 -1 -1 -1 -1 -1 -1 -1
0.6489006280899048 0.5418120622634888 0.9999560117721558 -1 -1 -1 -1 -1 -1 -1 -1 -1
0.6426874995231628 0.5392998456954956 0.9999555349349976 -1 -1 -1 -1 -1 -1 -1 -1 -1
0.6717884540557861 0.5157595872879028 0.9998058676719666 -1 -1 -1 -1 -1 -1 -1 -1 -1
0.6397949457168579 0.489755243062973 0.9998230338096619 -1 -1 -1 -1 -1 -1 -1 -1 -1
0.6781240105628967 0.5694209933280945 0.9449187517166138 -1 -1 -1 -1 -1 -1 -1 -1 -1
0.6216885447502136 0.521733283996582 0.887900173664093 -1 -1 -1 -1 -1 -1 -1 -1 -1
0.665477454662323 0.6171385049819946 0.9023255109786987 -1 -1 -1 -1 -1 -1 -1 -1 -1
0.6151015758514404 0.569739580154419 0.9144859313964844 -1 -1 -1 -1 -1 -1 -1 -1 -1
0.6645261645317078 0.6332730650901794 0.8870379328727722 -1 -1 -1 -1 -1 -1 -1 -1 -1
0.6124192476272583 0.5773975849151611 0.91184002161026 -1 -1 -1 -1 -1 -1 -1 -1 -1
0.6597530841827393 0.6288288235664368 0.8895810842514038 -1 -1 -1 -1 -1 -1 -1 -1 -1
0.6178225874900818 0.5795016884803772 0.9094312191009521 -1 -1 -1 -1 -1 -1 -1 -1 -1
0.6614693403244019 0.6253502368927002 0.8540600538253784 -1 -1 -1 -1 -1 -1 -1 -1 -1
0.6177945137023926 0.5774780511856079 0.8681368827819824 -1 -1 -1 -1 -1 -1 -1 -1 -1
0.6733496785163879 0.38594165444374084 0.9999796152114868 -1 -1 -1 -1 -1 -1 -1 -1 -1
0.659558892250061 0.3831234872341156 0.9999908208847046 -1 -1 -1 -1 -1 -1 -1 -1 -1
0.6789000630378723 0.2672652304172516 0.8362520933151245 -1 -1 -1 -1 -1 -1 -1 -1 -1
0.6521841287612915 0.27579736709594727 0.5531843304634094 -1 -1 -1 -1 -1 -1 -1 -1 -1
0.6642444133758545 0.2037246972322464 0.6771586537361145 -1 -1 -1 -1 -1 -1 -1 -1 -1
0.6538969278335571 0.17849761247634888 0.9107089042663574 -1 -1 -1 -1 -1 -1 -1 -1 -1
0.6630488038063049 0.20367808640003204 0.7981781363487244 -1 -1 -1 -1 -1 -1 -1 -1 -1
0.6543914079666138 0.16869990527629852 0.8454388380050659 -1 -1 -1 -1 -1 -1 -1 -1 -1
0.6537883877754211 0.1634281873703003 0.6683239340782166 -1 -1 -1 -1 -1 -1 -1 -1 -1
0.6522629857063293 0.14033320546150208 0.8827528357505798 -1 -1 -1 -1 -1 -1 -1 -1 -1
1 
33 
-1 -1 -1 -1 -1 -1 -1 -1 -1 -1
0.6459019184112549 0.5388017296791077 0.9995220899581909 -1 -1 -1 -1 -1 -1 -1 -1 -1
0.6427676677703857 0.5423451662063599 0.999833345413208 -1 -1 -1 -1 -1 -1 -1 -1 -1
0.6413565874099731 0.5416252017021179 0.9997414946556091 -1 -1 -1 -1 -1 -1 -1 -1 -1
0.6399502754211426 0.5408799648284912 0.9998014569282532 -1 -1 -1 -1 -1 -1 -1 -1 -1
0.6468162536621094 0.543796181678772 0.999658465385437 -1 -1 -1 -1 -1 -1 -1 -1 -1
0.6482262015342712 0.5440747141838074 0.9994813799858093 -1 -1 -1 -1 -1 -1 -1 -1 -1
0.6496268510818481 0.5443490743637085 0.9996132254600525 -1 -1 -1 -1 -1 -1 -1 -1 -1
0.6390383839607239 0.5352209806442261 0.999821126461029 -1 -1 -1 -1 -1 -1 -1 -1 -1
0.652592658996582 0.5395359992980957 0.9995456337928772 -1 -1 -1 -1 -1 -1 -1 -1 -1
0.6448651552200317 0.5314507484436035 0.9995416402816772 -1 -1 -1 -1 -1 -1 -1 -1 -1
0.6499375104904175 0.5334026217460632 0.99920254945755 -1 -1 -1 -1 -1 -1 -1 -1 -1
0.6354029774665833 0.5105793476104736 0.9998677968978882 -1 -1 -1 -1 -1 -1 -1 -1 -1
0.6676779389381409 0.5134314894676208 0.9982775449752808 -1 -1 -1 -1 -1 -1 -1 -1 -1
0.6212955117225647 0.5095226764678955 0.6207407712936401 -1 -1 -1 -1 -1 -1 -1 -1 -1
0.6646841764450073 0.5047117471694946 0.5557413101196289 -1 -1 -1 -1 -1 -1 -1 -1 -1
0.6221169829368591 0.5377213954925537 0.3612247705459595 -1 -1 -1 -1 -1 -1 -1 -1 -1
0.6408618688583374 0.5348370671272278 0.5070356726646423 -1 -1 -1 -1 -1 -1 -1 -1 -1
0.6211449503898621 0.545369029045105 0.35460948944091797 -1 -1 -1 -1 -1 -1 -1 -1 -1
0.6341398358345032 0.541553258895874 0.44249090552330017 -1 -1 -1 -1 -1 -1 -1 -1 -1
0.6213664412498474 0.5444115400314331 0.32586345076560974 -1 -1 -1 -1 -1 -1 -1 -1 -1
0.635432779788971 0.5445582866668701 0.40605801343917847 -1 -1 -1 -1 -1 -1 -1 -1 -1
0.6225195527076721 0.5409998893737793 0.32591021060943604 -1 -1 -1 -1 -1 -1 -1 -1 -1
0.6372869610786438 0.5410513877868652 0.3927961587905884 -1 -1 -1 -1 -1 -1 -1 -1 -1
0.6548008918762207 0.41693446040153503 0.9999881982803345 -1 -1 -1 -1 -1 -1 -1 -1 -1
0.6750254034996033 0.42265045642852783 0.9999532699584961 -1 -1 -1 -1 -1 -1 -1 -1 -1
0.6400821805000305 0.4100193679332733 0.8300578594207764 -1 -1 -1 -1 -1 -1 -1 -1 -1
0.6820727586746216 0.4323757290840149 0.7057936787605286 -1 -1 -1 -1 -1 -1 -1 -1 -1
0.6575042605400085 0.42019131779670715 0.4741126596927643 -1 -1 -1 -1 -1 -1 -1 -1 -1
0.6491686701774597 0.5206310153007507 0.30289867520332336 -1 -1 -1 -1 -1 -1 -1 -1 -1
0.6608887910842896 0.4274991750717163 0.5197160840034485 -1 -1 -1 -1 -1 -1 -1 -1 -1
0.6474832892417908 0.5364989042282104 0.5135911703109741 -1 -1 -1 -1 -1 -1 -1 -1 -1
0.659307599067688 0.4136187732219696 0.5945221781730652 -1 -1 -1 -1 -1 -1 -1 -1 -1
0.6320345401763916 0.5385024547576904 0.5830774307250977 -1 -1 -1 -1 -1 -1 -1 -1 -1
1 
33 
-1 -1 -1 -1 -1 -1 -1 -1 -1 -1
0.6457250118255615 0.2616574466228485 0.9994980096817017 -1 -1 -1 -1 -1 -1 -1 -1 -1
0.6492300033569336 0.2521519660949707 0.9997490048408508 -1 -1 -1 -1 -1 -1 -1 -1 -1
0.6506563425064087 0.2512056529521942 0.9996811151504517 -1 -1 -1 -1 -1 -1 -1 -1 -1
0.6500897407531738 0.24884437024593353 0.9998065829277039 -1 -1 -1 -1 -1 -1 -1 -1 -1
0.6461228132247925 0.258340984582901 0.9994837045669556 -1 -1 -1 -1 -1 -1 -1 -1 -1
0.645979642868042 0.2584184408187866 0.9991685152053833 -1 -1 -1 -1 -1 -1 -1 -1 -1
0.6456984877586365 0.2579953670501709 0.9994016885757446 -1 -1 -1 -1 -1 -1 -1 -1 -1
0.661194384098053 0.24834762513637543 0.9997360110282898 -1 -1 -1 -1 -1 -1 -1 -1 -1
0.6454693675041199 0.253054141998291 0.9991387128829956 -1 -1 -1 -1 -1 -1 -1 -1 -1
0.651349663734436 0.2707694172859192 0.9996694326400757 -1 -1 -1 -1 -1 -1 -1 -1 -1
0.6479611992835999 0.2724316716194153 0.9993869066238403 -1 -1 -1 -1 -1 -1 -1 -1 -1
0.6793696880340576 0.28029465675354004 0.9988607168197632 -1 -1 -1 -1 -1 -1 -1 -1 -1
0.6386005878448486 0.2990858554840088 0.9981593489646912 -1 -1 -1 -1 -1 -1 -1 -1 -1
0.6715879440307617 0.2535792589187622 0.9589827060699463 -1 -1 -1 -1 -1 -1 -1 -1 -1
0.6305662989616394 0.30959266424179077 0.5573965311050415 -1 -1 -1 -1 -1 -1 -1 -1 -1
0.6637316346168518 0.17167887091636658 0.963251531124115 -1 -1 -1 -1 -1 -1 -1 -1 -1
0.6315814852714539 0.2567096948623657 0.7332879304885864 -1 -1 -1 -1 -1 -1 -1 -1 -1
0.6616392135620117 0.15191727876663208 0.942440390586853 -1 -1 -1 -1 -1 -1 -1 -1 -1
0.6298515796661377 0.2468639463186264 0.6635484099388123 -1 -1 -1 -1 -1 -1 -1 -1 -1
0.6603856086730957 0.1491623818874359 0.9376713037490845 -1 -1 -1 -1 -1 -1 -1 -1 -1
0.6320464015007019 0.24042300879955292 0.6586669087409973 -1 -1 -1 -1 -1 -1 -1 -1 -1
0.6600794792175293 0.1589336395263672 0.9090603590011597 -1 -1 -1 -1 -1 -1 -1 -1 -1
0.6336687207221985 0.24621160328388214 0.6299666166305542 -1 -1 -1 -1 -1 -1 -1 -1 -1
0.6847658753395081 0.4437282085418701 0.9997814297676086 -1 -1 -1 -1 -1 -1 -1 -1 -1
0.6475110650062561 0.44001758098602295 0.9994738698005676 -1 -1 -1 -1 -1 -1 -1 -1 -1
0.6830281615257263 0.4647485315799713 0.8858477473258972 -1 -1 -1 -1 -1 -1 -1 -1 -1
0.6403951048851013 0.43818455934524536 0.8435462117195129 -1 -1 -1 -1 -1 -1 -1 -1 -1
0.6660507321357727 0.5632481575012207 0.7549296021461487 -1 -1 -1 -1 -1 -1 -1 -1 -1
0.6469221711158752 0.5401023626327515 0.7899230718612671 -1 -1 -1 -1 -1 -1 -1 -1 -1
0.6628437042236328 0.5783751010894775 0.7482948303222656 -1 -1 -1 -1 -1 -1 -1 -1 -1
0.6508397459983826 0.5549281239509583 0.7246693968772888 -1 -1 -1 -1 -1 -1 -1 -1 -1
0.6642826795578003 0.5873967409133911 0.8505949378013611 -1 -1 -1 -1 -1 -1 -1 -1 -1
0.6445836424827576 0.5672427415847778 0.8777946829795837 -1 -1 -1 -1 -1 -1 -1 -1 -1
1 
33 
-1 -1 -1 -1 -1 -1 -1 -1 -1 -1
0.6405645608901978 0.5586245059967041 0.9991069436073303 -1 -1 -1 -1 -1 -1 -1 -1 -1
0.6388044357299805 0.5676143169403076 0.9990598559379578 -1 -1 -1 -1 -1 -1 -1 -1 -1
0.6374937891960144 0.567115843296051 0.9988943934440613 -1 -1 -1 -1 -1 -1 -1 -1 -1
0.6363922357559204 0.5669607520103455 0.999207079410553 -1 -1 -1 -1 -1 -1 -1 -1 -1
0.6423616409301758 0.5688734650611877 0.9975366592407227 -1 -1 -1 -1 -1 -1 -1 -1 -1
0.6435483694076538 0.5690066814422607 0.9959119558334351 -1 -1 -1 -1 -1 -1 -1 -1 -1
0.6447727680206299 0.5692023038864136 0.9967387318611145 -1 -1 -1 -1 -1 -1 -1 -1 -1
0.6349173188209534 0.5617315769195557 0.9990409016609192 -1 -1 -1 -1 -1 -1 -1 -1 -1
0.6471373438835144 0.5643978118896484 0.9969950914382935 -1 -1 -1 -1 -1 -1 -1 -1 -1
0.6380923390388489 0.5470438003540039 0.999329686164856 -1 -1 -1 -1 -1 -1 -1 -1 -1
0.6426961421966553 0.5501570701599121 0.998735249042511 -1 -1 -1 -1 -1 -1 -1 -1 -1
0.6238225698471069 0.5112268328666687 0.9996991157531738 -1 -1 -1 -1 -1 -1 -1 -1 -1
0.6633763313293457 0.5240681171417236 0.9978589415550232 -1 -1 -1 -1 -1 -1 -1 -1 -1
0.6231937408447266 0.4760304093360901 0.7835503220558167 -1 -1 -1 -1 -1 -1 -1 -1 -1
0.6640368103981018 0.5294740796089172 0.6618379354476929 -1 -1 -1 -1 -1 -1 -1 -1 -1
0.6220802664756775 0.5264714956283569 0.8715587258338928 -1 -1 -1 -1 -1 -1 -1 -1 -1
0.6630999445915222 0.5942151546478271 0.8031238913536072 -1 -1 -1 -1 -1 -1 -1 -1 -1
0.6197077035903931 0.5385942459106445 0.8365935683250427 -1 -1 -1 -1 -1 -1 -1 -1 -1
0.6623075008392334 0.6062297821044922 0.7885693311691284 -1 -1 -1 -1 -1 -1 -1 -1 -1
0.6198773384094238 0.5424721837043762 0.8219558596611023 -1 -1 -1 -1 -1 -1 -1 -1 -1
0.6619541645050049 0.6071072220802307 0.7788494229316711 -1 -1 -1 -1 -1 -1 -1 -1 -1
0.6226328611373901 0.5378985404968262 0.7731584310531616 -1 -1 -1 -1 -1 -1 -1 -1 -1
0.6614846587181091 0.6024607419967651 0.748628556728363 -1 -1 -1 -1 -1 -1 -1 -1 -1
0.6447518467903137 0.37974992394447327 0.999527096748352 -1 -1 -1 -1 -1 -1 -1 -1 -1
0.6716597080230713 0.3903721868991852 0.9996774196624756 -1 -1 -1 -1 -1 -1 -1 -1 -1
0.6507037281990051 0.26949575543403625 0.9169204235076904 -1 -1 -1 -1 -1 -1 -1 -1 -1
0.6777326464653015 0.33286258578300476 0.9788099527359009 -1 -1 -1 -1 -1 -1 -1 -1 -1
0.6448089480400085 0.17931444942951202 0.9486868381500244 -1 -1 -1 -1 -1 -1 -1 -1 -1
0.6589142084121704 0.24944473803043365 0.9471778869628906 -1 -1 -1 -1 -1 -1 -1 -1 -1
0.6461166143417358 0.16706141829490662 0.8421925902366638 -1 -1 -1 -1 -1 -1 -1 -1 -1
0.6556878089904785 0.24345701932907104 0.8175297975540161 -1 -1 -1 -1 -1 -1 -1 -1 -1
0.6344503164291382 0.13761019706726074 0.9232387542724609 -1 -1 -1 -1 -1 -1 -1 -1 -1
0.6511247158050537 0.2094024121761322 0.9313243627548218 -1 -1 -1 -1 -1 -1 -1 -1 -1
1 
33 
-1 -1 -1 -1 -1 -1 -1 -1 -1 -1
0.6593291163444519 0.2533491253852844 0.998195230960846 -1 -1 -1 -1 -1 -1 -1 -1 -1
0.6618317365646362 0.24615806341171265 0.9988055229187012 -1 -1 -1 -1 -1 -1 -1 -1 -1
0.6635285019874573 0.24618123471736908 0.9985907673835754 -1 -1 -1 -1 -1 -1 -1 -1 -1
0.6651919484138489 0.24628110229969025 0.9991405010223389 -1 -1 -1 -1 -1 -1 -1 -1 -1
0.6567236185073853 0.24557723104953766 0.9985963702201843 -1 -1 -1 -1 -1 -1 -1 -1 -1
0.6552274823188782 0.24521076679229736 0.9982782602310181 -1 -1 -1 -1 -1 -1 -1 -1 -1
0.6537754535675049 0.2448352426290512 0.99885094165802 -1 -1 -1 -1 -1 -1 -1 -1 -1
0.668532133102417 0.24941286444664001 0.9990056157112122 -1 -1 -1 -1 -1 -1 -1 -1 -1
0.6514343023300171 0.24794794619083405 0.9983976483345032 -1 -1 -1 -1 -1 -1 -1 -1 -1
0.6620245575904846 0.262546569108963 0.997572124004364 -1 -1 -1 -1 -1 -1 -1 -1 -1
0.6565046906471252 0.2622188329696655 0.9974372386932373 -1 -1 -1 -1 -1 -1 -1 -1 -1
0.6745877265930176 0.2821117639541626 0.9993792772293091 -1 -1 -1 -1 -1 -1 -1 -1 -1
0.6388606429100037 0.2849867045879364 0.9996340274810791 -1 -1 -1 -1 -1 -1 -1 -1 -1
0.6726025938987732 0.2797425389289856 0.7681914567947388 -1 -1 -1 -1 -1 -1 -1 -1 -1
0.631818950176239 0.26563000679016113 0.7081952095031738 -1 -1 -1 -1 -1 -1 -1 -1 -1
0.6596866250038147 0.20455363392829895 0.6673223972320557 -1 -1 -1 -1 -1 -1 -1 -1 -1
0.6443283557891846 0.1863948106765747 0.770070493221283 -1 -1 -1 -1 -1 -1 -1 -1 -1
0.6575425863265991 0.1824692189693451 0.6060991287231445 -1 -1 -1 -1 -1 -1 -1 -1 -1
0.6476802229881287 0.16384416818618774 0.7446993589401245 -1 -1 -1 -1 -1 -1 -1 -1 -1
0.6570826768875122 0.18276026844978333 0.5773261785507202 -1 -1 -1 -1 -1 -1 -1 -1 -1
0.644296407699585 0.16518163681030273 0.7199151515960693 -1 -1 -1 -1 -1 -1 -1 -1 -1
0.6559088826179504 0.19330233335494995 0.5523086786270142 -1 -1 -1 -1 -1 -1 -1 -1 -1
0.645054817199707 0.17620572447776794 0.660559892654419 -1 -1 -1 -1 -1 -1 -1 -1 -1
0.682020902633667 0.4559616446495056 0.9999744892120361 -1 -1 -1 -1 -1 -1 -1 -1 -1
0.6521369218826294 0.4492962956428528 0.9999861717224121 -1 -1 -1 -1 -1 -1 -1 -1 -1
0.6866119503974915 0.504037618637085 0.7820714712142944 -1 -1 -1 -1 -1 -1 -1 -1 -1
0.6443015336990356 0.4613739550113678 0.7646117806434631 -1 -1 -1 -1 -1 -1 -1 -1 -1
0.6600844860076904 0.5187138915061951 0.4793558120727539 -1 -1 -1 -1 -1 -1 -1 -1 -1
0.6428521275520325 0.5555635094642639 0.6932658553123474 -1 -1 -1 -1 -1 -1 -1 -1 -1
0.6591769456863403 0.516821563243866 0.7111102342605591 -1 -1 -1 -1 -1 -1 -1 -1 -1
0.6441701650619507 0.5672901272773743 0.7447676062583923 -1 -1 -1 -1 -1 -1 -1 -1 -1
0.6460660696029663 0.5312170386314392 0.7112477421760559 -1 -1 -1 -1 -1 -1 -1 -1 -1
0.6427663564682007 0.5827106237411499 0.8381803035736084 -1 -1 -1 -1 -1 -1 -1 -1 -1
1 
33 
-1 -1 -1 -1 -1 -1 -1 -1 -1 -1
0.6459819674491882 0.25555646419525146 0.9998397827148438 -1 -1 -1 -1 -1 -1 -1 -1 -1
0.6473830938339233 0.24457617104053497 0.9998928308486938 -1 -1 -1 -1 -1 -1 -1 -1 -1
0.6486958861351013 0.24375131726264954 0.9998502731323242 -1 -1 -1 -1 -1 -1 -1 -1 -1
0.6500083208084106 0.2429519146680832 0.9999176263809204 -1 -1 -1 -1 -1 -1 -1 -1 -1
0.6442552208900452 0.2466329038143158 0.9998080134391785 -1 -1 -1 -1 -1 -1 -1 -1 -1
0.643598735332489 0.24722237884998322 0.9997026324272156 -1 -1 -1 -1 -1 -1 -1 -1 -1
0.6429555416107178 0.2478538304567337 0.9998061060905457 -1 -1 -1 -1 -1 -1 -1 -1 -1
0.6557035446166992 0.24571815133094788 0.9998667240142822 -1 -1 -1 -1 -1 -1 -1 -1 -1
0.6457179188728333 0.2522503435611725 0.9997739195823669 -1 -1 -1 -1 -1 -1 -1 -1 -1
0.6508232355117798 0.26466619968414307 0.9998161196708679 -1 -1 -1 -1 -1 -1 -1 -1 -1
0.6477197408676147 0.267122745513916 0.999672532081604 -1 -1 -1 -1 -1 -1 -1 -1 -1
0.677368700504303 0.2827540636062622 0.999439537525177 -1 -1 -1 -1 -1 -1 -1 -1 -1
0.6454901695251465 0.2932285964488983 0.9995638728141785 -1 -1 -1 -1 -1 -1 -1 -1 -1
0.6589516997337341 0.22936305403709412 0.902126669883728 -1 -1 -1 -1 -1 -1 -1 -1 -1
0.6497232913970947 0.22433972358703613 0.8684115409851074 -1 -1 -1 -1 -1 -1 -1 -1 -1
0.6559314131736755 0.1587885022163391 0.9239389300346375 -1 -1 -1 -1 -1 -1 -1 -1 -1
0.6462374925613403 0.16615745425224304 0.9521497488021851 -1 -1 -1 -1 -1 -1 -1 -1 -1
0.6549892425537109 0.151055246591568 0.8860943913459778 -1 -1 -1 -1 -1 -1 -1 -1 -1
0.6461018919944763 0.14719802141189575 0.9143316745758057 -1 -1 -1 -1 -1 -1 -1 -1 -1
0.655236542224884 0.15099599957466125 0.876196026802063 -1 -1 -1 -1 -1 -1 -1 -1 -1
0.6458299160003662 0.14856722950935364 0.9092288613319397 -1 -1 -1 -1 -1 -1 -1 -1 -1
0.6542649865150452 0.15405943989753723 0.8478786945343018 -1 -1 -1 -1 -1 -1 -1 -1 -1
0.6471615433692932 0.15600469708442688 0.8862850069999695 -1 -1 -1 -1 -1 -1 -1 -1 -1
0.6754177212715149 0.44559696316719055 0.9999591112136841 -1 -1 -1 -1 -1 -1 -1 -1 -1
0.6511432528495789 0.44498130679130554 0.9999685287475586 -1 -1 -1 -1 -1 -1 -1 -1 -1
0.6786834597587585 0.46535545587539673 0.8636963963508606 -1 -1 -1 -1 -1 -1 -1 -1 -1
0.6414722204208374 0.43805572390556335 0.8957310318946838 -1 -1 -1 -1 -1 -1 -1 -1 -1
0.650687575340271 0.5487856864929199 0.861099123954773 -1 -1 -1 -1 -1 -1 -1 -1 -1
0.6335589289665222 0.5423893332481384 0.8675973415374756 -1 -1 -1 -1 -1 -1 -1 -1 -1
0.6460098028182983 0.5584814548492432 0.8896403312683105 -1 -1 -1 -1 -1 -1 -1 -1 -1
0.6339769959449768 0.5534182190895081 0.8886409401893616 -1 -1 -1 -1 -1 -1 -1 -1 -1
0.6470798850059509 0.5756381750106812 0.9409027099609375 -1 -1 -1 -1 -1 -1 -1 -1 -1
0.6317338943481445 0.5821075439453125 0.9570545554161072 -1 -1 -1 -1 -1 -1 -1 -1 -1
1 
33 
-1 -1 -1 -1 -1 -1 -1 -1 -1 -1
0.6445112228393555 0.2344547063112259 0.9998631477355957 -1 -1 -1 -1 -1 -1 -1 -1 -1
0.6473112106323242 0.22514450550079346 0.9999207258224487 -1 -1 -1 -1 -1 -1 -1 -1 -1
0.6495277285575867 0.22456252574920654 0.9998917579650879 -1 -1 -1 -1 -1 -1 -1 -1 -1
0.6515797972679138 0.22350886464118958 0.9999414682388306 -1 -1 -1 -1 -1 -1 -1 -1 -1
0.6428896188735962 0.22631171345710754 0.99982088804245 -1 -1 -1 -1 -1 -1 -1 -1 -1
0.6421679258346558 0.22665372490882874 0.9997155070304871 -1 -1 -1 -1 -1 -1 -1 -1 -1
0.6413289308547974 0.22654354572296143 0.9998258948326111 -1 -1 -1 -1 -1 -1 -1 -1 -1
0.6562047004699707 0.22775503993034363 0.9998645782470703 -1 -1 -1 -1 -1 -1 -1 -1 -1
0.6420327425003052 0.23448064923286438 0.9996379613876343 -1 -1 -1 -1 -1 -1 -1 -1 -1
0.6491478085517883 0.2429557591676712 0.9997819066047668 -1 -1 -1 -1 -1 -1 -1 -1 -1
0.6427103877067566 0.24590614438056946 0.9995982050895691 -1 -1 -1 -1 -1 -1 -1 -1 -1
0.6764730215072632 0.2746170163154602 0.9993845224380493 -1 -1 -1 -1 -1 -1 -1 -1 -1
0.6328703165054321 0.2628397047519684 0.9987342953681946 -1 -1 -1 -1 -1 -1 -1 -1 -1
0.6673648953437805 0.22311648726463318 0.9749245047569275 -1 -1 -1 -1 -1 -1 -1 -1 -1
0.6271994113922119 0.21111595630645752 0.9391924738883972 -1 -1 -1 -1 -1 -1 -1 -1 -1
0.6617697477340698 0.15514105558395386 0.9835297465324402 -1 -1 -1 -1 -1 -1 -1 -1 -1
0.612967312335968 0.15293800830841064 0.96344393491745 -1 -1 -1 -1 -1 -1 -1 -1 -1
0.66202312707901 0.1460203230381012 0.9669299721717834 -1 -1 -1 -1 -1 -1 -1 -1 -1
0.6091993451118469 0.14453184604644775 0.9277245402336121 -1 -1 -1 -1 -1 -1 -1 -1 -1
0.6588045358657837 0.14725476503372192 0.962960422039032 -1 -1 -1 -1 -1 -1 -1 -1 -1
0.6100527048110962 0.1444573998451233 0.924383282661438 -1 -1 -1 -1 -1 -1 -1 -1 -1
0.6575769186019897 0.15343865752220154 0.9473061561584473 -1 -1 -1 -1 -1 -1 -1 -1 -1
0.6135935187339783 0.14756637811660767 0.9201568365097046 -1 -1 -1 -1 -1 -1 -1 -1 -1
0.670380711555481 0.4377700388431549 0.999937891960144 -1 -1 -1 -1 -1 -1 -1 -1 -1
0.6404727697372437 0.42959800362586975 0.9998573064804077 -1 -1 -1 -1 -1 -1 -1 -1 -1
0.6695827841758728 0.4599868357181549 0.9299221038818359 -1 -1 -1 -1 -1 -1 -1 -1 -1
0.6283226013183594 0.44501662254333496 0.9338866472244263 -1 -1 -1 -1 -1 -1 -1 -1 -1
0.6574862599372864 0.5926960110664368 0.8667805194854736 -1 -1 -1 -1 -1 -1 -1 -1 -1
0.6241445541381836 0.563804030418396 0.8330425024032593 -1 -1 -1 -1 -1 -1 -1 -1 -1
0.6537068486213684 0.6081134080886841 0.8261463046073914 -1 -1 -1 -1 -1 -1 -1 -1 -1
0.6258971095085144 0.5796759128570557 0.7053635716438293 -1 -1 -1 -1 -1 -1 -1 -1 -1
0.6542059779167175 0.6095705032348633 0.9172027707099915 -1 -1 -1 -1 -1 -1 -1 -1 -1
0.6238740682601929 0.5963370203971863 0.8955860733985901 -1 -1 -1 -1 -1 -1 -1 -1 -1
1 
33 
-1 -1 -1 -1 -1 -1 -1 -1 -1 -1
0.6410495638847351 0.48232144117355347 0.9996803998947144 -1 -1 -1 -1 -1 -1 -1 -1 -1
0.6379806399345398 0.48616352677345276 0.9998877048492432 -1 -1 -1 -1 -1 -1 -1 -1 -1
0.6364201307296753 0.48610755801200867 0.9997501969337463 -1 -1 -1 -1 -1 -1 -1 -1 -1
0.6348559856414795 0.4859830439090729 0.9998549222946167 -1 -1 -1 -1 -1 -1 -1 -1 -1
0.6425972580909729 0.4876294434070587 0.9997920393943787 -1 -1 -1 -1 -1 -1 -1 -1 -1
0.6441896557807922 0.4885980784893036 0.9995167255401611 -1 -1 -1 -1 -1 -1 -1 -1 -1
0.6457629799842834 0.4895520508289337 0.9997702240943909 -1 -1 -1 -1 -1 -1 -1 -1 -1
0.6341127753257751 0.4901386797428131 0.9998512268066406 -1 -1 -1 -1 -1 -1 -1 -1 -1
0.6504455804824829 0.4949025809764862 0.9998903274536133 -1 -1 -1 -1 -1 -1 -1 -1 -1
0.640590250492096 0.481356680393219 0.9999295473098755 -1 -1 -1 -1 -1 -1 -1 -1 -1
0.6455513834953308 0.48323193192481995 0.999913215637207 -1 -1 -1 -1 -1 -1 -1 -1 -1
0.6279506087303162 0.48961079120635986 0.9998370409011841 -1 -1 -1 -1 -1 -1 -1 -1 -1
0.6701096296310425 0.49734705686569214 0.9997546076774597 -1 -1 -1 -1 -1 -1 -1 -1 -1
0.6132347583770752 0.5135204195976257 0.3929835557937622 -1 -1 -1 -1 -1 -1 -1 -1 -1
0.6786696910858154 0.5231813788414001 0.4879588484764099 -1 -1 -1 -1 -1 -1 -1 -1 -1
0.6116330027580261 0.5570650100708008 0.28925222158432007 -1 -1 -1 -1 -1 -1 -1 -1 -1
0.6679091453552246 0.5871795415878296 0.293571412563324 -1 -1 -1 -1 -1 -1 -1 -1 -1
0.6092784404754639 0.5647706389427185 0.28129321336746216 -1 -1 -1 -1 -1 -1 -1 -1 -1
0.6694321036338806 0.5897599458694458 0.31120607256889343 -1 -1 -1 -1 -1 -1 -1 -1 -1
0.6133524179458618 0.5654529929161072 0.26018026471138 -1 -1 -1 -1 -1 -1 -1 -1 -1
0.6682958006858826 0.5892024636268616 0.26805779337882996 -1 -1 -1 -1 -1 -1 -1 -1 -1
0.615172266960144 0.5627956986427307 0.22681768238544464 -1 -1 -1 -1 -1 -1 -1 -1 -1
0.6670958995819092 0.5856271982192993 0.2664923071861267 -1 -1 -1 -1 -1 -1 -1 -1 -1
0.6406867504119873 0.40412724018096924 0.9999889135360718 -1 -1 -1 -1 -1 -1 -1 -1 -1
0.6678815484046936 0.399338960647583 0.999993085861206 -1 -1 -1 -1 -1 -1 -1 -1 -1
0.6293109655380249 0.3624652326107025 0.7250131964683533 -1 -1 -1 -1 -1 -1 -1 -1 -1
0.6825743317604065 0.36843717098236084 0.9619676470756531 -1 -1 -1 -1 -1 -1 -1 -1 -1
0.6336719393730164 0.3482963442802429 0.505694568157196 -1 -1 -1 -1 -1 -1 -1 -1 -1
0.6456317901611328 0.3159024715423584 0.8242985010147095 -1 -1 -1 -1 -1 -1 -1 -1 -1
0.6358073949813843 0.3486308455467224 0.6437874436378479 -1 -1 -1 -1 -1 -1 -1 -1 -1
0.6399032473564148 0.31397074460983276 0.7864618301391602 -1 -1 -1 -1 -1 -1 -1 -1 -1
0.6330103874206543 0.340631902217865 0.6983932256698608 -1 -1 -1 -1 -1 -1 -1 -1 -1
0.6365879774093628 0.2923734188079834 0.8475568890571594 -1 -1 -1 -1 -1 -1 -1 -1 -1
1 
33 
-1 -1 -1 -1 -1 -1 -1 -1 -1 -1
0.6385587453842163 0.4791545271873474 0.9980030655860901 -1 -1 -1 -1 -1 -1 -1 -1 -1
0.6429641842842102 0.4727935492992401 0.9989677667617798 -1 -1 -1 -1 -1 -1 -1 -1 -1
0.6450543999671936 0.47387591004371643 0.9984683394432068 -1 -1 -1 -1 -1 -1 -1 -1 -1
0.6471499800682068 0.4747885763645172 0.9990317821502686 -1 -1 -1 -1 -1 -1 -1 -1 -1
0.6372790932655334 0.46976372599601746 0.9985878467559814 -1 -1 -1 -1 -1 -1 -1 -1 -1
0.635356605052948 0.468814492225647 0.9973800778388977 -1 -1 -1 -1 -1 -1 -1 -1 -1
0.6334290504455566 0.4678577184677124 0.9984830021858215 -1 -1 -1 -1 -1 -1 -1 -1 -1
0.6530073285102844 0.4735342264175415 0.9989715814590454 -1 -1 -1 -1 -1 -1 -1 -1 -1
0.6325941681861877 0.46267420053482056 0.9988794922828674 -1 -1 -1 -1 -1 -1 -1 -1 -1
0.6421718001365662 0.4831423759460449 0.9987192153930664 -1 -1 -1 -1 -1 -1 -1 -1 -1
0.6416646242141724 0.4790583550930023 0.9984005093574524 -1 -1 -1 -1 -1 -1 -1 -1 -1
0.6659175157546997 0.49179619550704956 0.9994878768920898 -1 -1 -1 -1 -1 -1 -1 -1 -1
0.6255282163619995 0.4629792869091034 0.9965609908103943 -1 -1 -1 -1 -1 -1 -1 -1 -1
0.6538668870925903 0.5593044757843018 0.9561411738395691 -1 -1 -1 -1 -1 -1 -1 -1 -1
0.611196756362915 0.524133563041687 0.8386244773864746 -1 -1 -1 -1 -1 -1 -1 -1 -1
0.6476949453353882 0.6048003435134888 0.9330272078514099 -1 -1 -1 -1 -1 -1 -1 -1 -1
0.6119586229324341 0.5926898717880249 0.8734893202781677 -1 -1 -1 -1 -1 -1 -1 -1 -1
0.6523332595825195 0.6237504482269287 0.8791037797927856 -1 -1 -1 -1 -1 -1 -1 -1 -1
0.6121296882629395 0.6019980907440186 0.8447160124778748 -1 -1 -1 -1 -1 -1 -1 -1 -1
0.6460576057434082 0.6205270886421204 0.8744784593582153 -1 -1 -1 -1 -1 -1 -1 -1 -1
0.6175329685211182 0.6045653223991394 0.8389268517494202 -1 -1 -1 -1 -1 -1 -1 -1 -1
0.6404659748077393 0.6145825386047363 0.8517311215400696 -1 -1 -1 -1 -1 -1 -1 -1 -1
0.619624137878418 0.6033695936203003 0.7789169549942017 -1 -1 -1 -1 -1 -1 -1 -1 -1
0.667023241519928 0.3832544684410095 0.999992847442627 -1 -1 -1 -1 -1 -1 -1 -1 -1
0.6455312967300415 0.375751793384552 0.9999860525131226 -1 -1 -1 -1 -1 -1 -1 -1 -1
0.6774941086769104 0.2931888699531555 0.7730281949043274 -1 -1 -1 -1 -1 -1 -1 -1 -1
0.6341404914855957 0.29325518012046814 0.6477343440055847 -1 -1 -1 -1 -1 -1 -1 -1 -1
0.6599606275558472 0.2168295830488205 0.8870447874069214 -1 -1 -1 -1 -1 -1 -1 -1 -1
0.6250560283660889 0.21494747698307037 0.9313604235649109 -1 -1 -1 -1 -1 -1 -1 -1 -1
0.657103955745697 0.21630501747131348 0.9649354815483093 -1 -1 -1 -1 -1 -1 -1 -1 -1
0.6178717613220215 0.20645809173583984 0.9358528852462769 -1 -1 -1 -1 -1 -1 -1 -1 -1
0.6525301337242126 0.15617671608924866 0.9269989132881165 -1 -1 -1 -1 -1 -1 -1 -1 -1
0.6178170442581177 0.15665984153747559 0.9544704556465149 -1 -1 -1 -1 -1 -1 -1 -1 -1
1 
33 
-1 -1 -1 -1 -1 -1 -1 -1 -1 -1
0.643462061882019 0.46753382682800293 0.9999963045120239 -1 -1 -1 -1 -1 -1 -1 -1 -1
0.6430307626724243 0.45948415994644165 0.9999978542327881 -1 -1 -1 -1 -1 -1 -1 -1 -1
0.6435728073120117 0.4547414481639862 0.9999970197677612 -1 -1 -1 -1 -1 -1 -1 -1 -1
0.6452792286872864 0.45508259534835815 0.9999963045120239 -1 -1 -1 -1 -1 -1 -1 -1 -1
0.6396151185035706 0.46092018485069275 0.9999973773956299 -1 -1 -1 -1 -1 -1 -1 -1 -1
0.6389827132225037 0.46106404066085815 0.9999974966049194 -1 -1 -1 -1 -1 -1 -1 -1 -1
0.6353009939193726 0.44901517033576965 0.9999977350234985 -1 -1 -1 -1 -1 -1 -1 -1 -1
0.6516001224517822 0.45208075642585754 0.9999995231628418 -1 -1 -1 -1 -1 -1 -1 -1 -1
0.6373565196990967 0.44222718477249146 0.9999996423721313 -1 -1 -1 -1 -1 -1 -1 -1 -1
0.6464040875434875 0.4672204256057739 0.9999990463256836 -1 -1 -1 -1 -1 -1 -1 -1 -1
0.6411056518554688 0.46506360173225403 0.999998927116394 -1 -1 -1 -1 -1 -1 -1 -1 -1
0.6702714562416077 0.46741920709609985 0.9999986886978149 -1 -1 -1 -1 -1 -1 -1 -1 -1
0.6418949365615845 0.44509467482566833 0.9999253749847412 -1 -1 -1 -1 -1 -1 -1 -1 -1
0.6557426452636719 0.5247097611427307 0.9858690500259399 -1 -1 -1 -1 -1 -1 -1 -1 -1
0.6326395869255066 0.4542853832244873 0.36760345101356506 -1 -1 -1 -1 -1 -1 -1 -1 -1
0.6453843712806702 0.5647624135017395 0.9692866802215576 -1 -1 -1 -1 -1 -1 -1 -1 -1
0.6328278183937073 0.48343542218208313 0.24271544814109802 -1 -1 -1 -1 -1 -1 -1 -1 -1
0.6442992091178894 0.573206901550293 0.9405403733253479 -1 -1 -1 -1 -1 -1 -1 -1 -1
0.6299334764480591 0.48176050186157227 0.31350475549697876 -1 -1 -1 -1 -1 -1 -1 -1 -1
0.641754150390625 0.5676982402801514 0.9357882738113403 -1 -1 -1 -1 -1 -1 -1 -1 -1
0.6329402923583984 0.4848359227180481 0.29490289092063904 -1 -1 -1 -1 -1 -1 -1 -1 -1
0.6414830088615417 0.5665931701660156 0.8934159278869629 -1 -1 -1 -1 -1 -1 -1 -1 -1
0.6353896856307983 0.4885215163230896 0.30800455808639526 -1 -1 -1 -1 -1 -1 -1 -1 -1
0.6646623015403748 0.3907080292701721 1.0 -1 -1 -1 -1 -1 -1 -1 -1 -1
0.6467573046684265 0.40236085653305054 0.9999998807907104 -1 -1 -1 -1 -1 -1 -1 -1 -1
0.6676350831985474 0.2978336215019226 0.9992092847824097 -1 -1 -1 -1 -1 -1 -1 -1 -1
0.602527379989624 0.37914639711380005 0.9122731685638428 -1 -1 -1 -1 -1 -1 -1 -1 -1
0.657703697681427 0.32350432872772217 0.9486491084098816 -1 -1 -1 -1 -1 -1 -1 -1 -1
0.616834282875061 0.4889923334121704 0.848166823387146 -1 -1 -1 -1 -1 -1 -1 -1 -1
0.6597778797149658 0.33279213309288025 0.9100192785263062 -1 -1 -1 -1 -1 -1 -1 -1 -1
0.6255546808242798 0.5038312673568726 0.7568422555923462 -1 -1 -1 -1 -1 -1 -1 -1 -1
0.6461954712867737 0.3217865824699402 0.9114331007003784 -1 -1 -1 -1 -1 -1 -1 -1 -1
0.6073283553123474 0.5272324085235596 0.8661808371543884 -1 -1 -1 -1 -1 -1 -1 -1 -1
1 
33 
-1 -1 -1 -1 -1 -1 -1 -1 -1 -1
0.6467522978782654 0.4841921031475067 0.9998154044151306 -1 -1 -1 -1 -1 -1 -1 -1 -1
0.6444677710533142 0.486150324344635 0.9999010562896729 -1 -1 -1 -1 -1 -1 -1 -1 -1
0.642598569393158 0.486318439245224 0.9998433589935303 -1 -1 -1 -1 -1 -1 -1 -1 -1
0.6412302255630493 0.48613670468330383 0.9999353885650635 -1 -1 -1 -1 -1 -1 -1 -1 -1
0.6473836302757263 0.4837943911552429 0.9998875856399536 -1 -1 -1 -1 -1 -1 -1 -1 -1
0.6490561962127686 0.48486870527267456 0.999811589717865 -1 -1 -1 -1 -1 -1 -1 -1 -1
0.6506933569908142 0.4859303832054138 0.9999065399169922 -1 -1 -1 -1 -1 -1 -1 -1 -1
0.6371950507164001 0.47651904821395874 0.9998637437820435 -1 -1 -1 -1 -1 -1 -1 -1 -1
0.6551064252853394 0.484401136636734 0.9998233914375305 -1 -1 -1 -1 -1 -1 -1 -1 -1
0.645389974117279 0.47790810465812683 0.9996829032897949 -1 -1 -1 -1 -1 -1 -1 -1 -1
0.650778591632843 0.4760478436946869 0.9994482398033142 -1 -1 -1 -1 -1 -1 -1 -1 -1
0.6274918913841248 0.45472604036331177 0.9996535778045654 -1 -1 -1 -1 -1 -1 -1 -1 -1
0.6725955009460449 0.48071902990341187 0.9999864101409912 -1 -1 -1 -1 -1 -1 -1 -1 -1
0.6215229034423828 0.5255086421966553 0.2707330584526062 -1 -1 -1 -1 -1 -1 -1 -1 -1
0.6647878289222717 0.5468329191207886 0.3970995843410492 -1 -1 -1 -1 -1 -1 -1 -1 -1
0.6100869178771973 0.5625403523445129 0.4689103960990906 -1 -1 -1 -1 -1 -1 -1 -1 -1
0.6613172888755798 0.6229196190834045 0.8070282936096191 -1 -1 -1 -1 -1 -1 -1 -1 -1
0.6111302375793457 0.6106621026992798 0.4657195210456848 -1 -1 -1 -1 -1 -1 -1 -1 -1
0.6608096361160278 0.636519730091095 0.9094244241714478 -1 -1 -1 -1 -1 -1 -1 -1 -1
0.6151311993598938 0.6059116721153259 0.42040902376174927 -1 -1 -1 -1 -1 -1 -1 -1 -1
0.6575794219970703 0.6389601230621338 0.8642920851707458 -1 -1 -1 -1 -1 -1 -1 -1 -1
0.6174265146255493 0.6029757261276245 0.41668766736984253 -1 -1 -1 -1 -1 -1 -1 -1 -1
0.6571173667907715 0.6363633871078491 0.7799001336097717 -1 -1 -1 -1 -1 -1 -1 -1 -1
0.6358716487884521 0.4045036733150482 0.9999922513961792 -1 -1 -1 -1 -1 -1 -1 -1 -1
0.6672882437705994 0.4086955189704895 0.9999992847442627 -1 -1 -1 -1 -1 -1 -1 -1 -1
0.6137621998786926 0.4814647138118744 0.9395108819007874 -1 -1 -1 -1 -1 -1 -1 -1 -1
0.6672534942626953 0.3965299427509308 0.9745331406593323 -1 -1 -1 -1 -1 -1 -1 -1 -1
0.617322564125061 0.5021399855613708 0.7871228456497192 -1 -1 -1 -1 -1 -1 -1 -1 -1
0.6609544157981873 0.3002987504005432 0.9028214812278748 -1 -1 -1 -1 -1 -1 -1 -1 -1
0.6169633269309998 0.4980483055114746 0.9793944954872131 -1 -1 -1 -1 -1 -1 -1 -1 -1
0.652932345867157 0.2721792459487915 0.9783103466033936 -1 -1 -1 -1 -1 -1 -1 -1 -1
0.6224275827407837 0.5381162166595459 0.9716372489929199 -1 -1 -1 -1 -1 -1 -1 -1 -1
0.6624786257743835 0.27104121446609497 0.9677890539169312 -1 -1 -1 -1 -1 -1 -1 -1 -1
1 
33 
-1 -1 -1 -1 -1 -1 -1 -1 -1 -1
0.646928071975708 0.520969808101654 0.9999542236328125 -1 -1 -1 -1 -1 -1 -1 -1 -1
0.6484322547912598 0.5208007097244263 0.9999514818191528 -1 -1 -1 -1 -1 -1 -1 -1 -1
0.6489648222923279 0.5212215185165405 0.999932050704956 -1 -1 -1 -1 -1 -1 -1 -1 -1
0.6494690775871277 0.5216035842895508 0.9999289512634277 -1 -1 -1 -1 -1 -1 -1 -1 -1
0.6477847099304199 0.5188697576522827 0.999964714050293 -1 -1 -1 -1 -1 -1 -1 -1 -1
0.6477991938591003 0.5180683135986328 0.9999634027481079 -1 -1 -1 -1 -1 -1 -1 -1 -1
0.6477553844451904 0.5173186659812927 0.9999585151672363 -1 -1 -1 -1 -1 -1 -1 -1 -1
0.6529855132102966 0.5195935368537903 0.9999575614929199 -1 -1 -1 -1 -1 -1 -1 -1 -1
0.650864839553833 0.5121229887008667 0.9999145269393921 -1 -1 -1 -1 -1 -1 -1 -1 -1
0.6485133171081543 0.5201752185821533 0.9999021291732788 -1 -1 -1 -1 -1 -1 -1 -1 -1
0.6481096744537354 0.5184217691421509 0.9998669624328613 -1 -1 -1 -1 -1 -1 -1 -1 -1
0.6611586213111877 0.5184557437896729 0.9999251365661621 -1 -1 -1 -1 -1 -1 -1 -1 -1
0.6501843929290771 0.49639156460762024 0.999230146408081 -1 -1 -1 -1 -1 -1 -1 -1 -1
0.6583709120750427 0.5343166589736938 0.6777369976043701 -1 -1 -1 -1 -1 -1 -1 -1 -1
0.635177731513977 0.47732308506965637 0.7671088576316833 -1 -1 -1 -1 -1 -1 -1 -1 -1
0.6475916504859924 0.5621519088745117 0.8221378326416016 -1 -1 -1 -1 -1 -1 -1 -1 -1
0.6172306537628174 0.46670255064964294 0.8503043055534363 -1 -1 -1 -1 -1 -1 -1 -1 -1
0.6461983323097229 0.5714713931083679 0.8181695342063904 -1 -1 -1 -1 -1 -1 -1 -1 -1
0.6124145984649658 0.46928098797798157 0.7992874979972839 -1 -1 -1 -1 -1 -1 -1 -1 -1
0.6451942920684814 0.5709924101829529 0.7962236404418945 -1 -1 -1 -1 -1 -1 -1 -1 -1
0.613909125328064 0.4733181595802307 0.7677955627441406 -1 -1 -1 -1 -1 -1 -1 -1 -1
0.6454786658287048 0.567390501499176 0.7664337158203125 -1 -1 -1 -1 -1 -1 -1 -1 -1
0.6159843802452087 0.47133302688598633 0.7958730459213257 -1 -1 -1 -1 -1 -1 -1 -1 -1
0.6579293012619019 0.4550067186355591 0.9999995231628418 -1 -1 -1 -1 -1 -1 -1 -1 -1
0.6529505848884583 0.458738774061203 0.9999845027923584 -1 -1 -1 -1 -1 -1 -1 -1 -1
0.6568048596382141 0.3845064043998718 0.9993958473205566 -1 -1 -1 -1 -1 -1 -1 -1 -1
0.6300417184829712 0.4558870792388916 0.9544289708137512 -1 -1 -1 -1 -1 -1 -1 -1 -1
0.6553083062171936 0.3512606620788574 0.9496740102767944 -1 -1 -1 -1 -1 -1 -1 -1 -1
0.6361669898033142 0.5201107859611511 0.6972019076347351 -1 -1 -1 -1 -1 -1 -1 -1 -1
0.6553593277931213 0.3503425419330597 0.9671456217765808 -1 -1 -1 -1 -1 -1 -1 -1 -1
0.638619065284729 0.5275520086288452 0.6686782836914062 -1 -1 -1 -1 -1 -1 -1 -1 -1
0.652517557144165 0.33498409390449524 0.7289344668388367 -1 -1 -1 -1 -1 -1 -1 -1 -1
0.6339539289474487 0.5450731515884399 0.4073716700077057 -1 -1 -1 -1 -1 -1 -1 -1 -1
1 
