34
1 
33 
-1 -1 -1 -1 -1 -1 -1 -1 -1 -1
0.3761824667453766 0.20533153414726257 0.9997650980949402 -1 -1 -1 -1 -1 -1 -1 -1 -1
0.3735092580318451 0.19210290908813477 0.9996416568756104 -1 -1 -1 -1 -1 -1 -1 -1 -1
0.37293776869773865 0.1918700635433197 0.999414324760437 -1 -1 -1 -1 -1 -1 -1 -1 -1
0.37225526571273804 0.19168269634246826 0.999618411064148 -1 -1 -1 -1 -1 -1 -1 -1 -1
0.371745765209198 0.1912306845188141 0.9997376799583435 -1 -1 -1 -1 -1 -1 -1 -1 -1
0.3700384795665741 0.19022095203399658 0.9996833801269531 -1 -1 -1 -1 -1 -1 -1 -1 -1
0.3682026267051697 0.18924492597579956 0.9997465014457703 -1 -1 -1 -1 -1 -1 -1 -1 -1
0.36012083292007446 0.19433289766311646 0.9992538094520569 -1 -1 -1 -1 -1 -1 -1 -1 -1
0.3555936813354492 0.19195562601089478 0.9997604489326477 -1 -1 -1 -1 -1 -1 -1 -1 -1
0.37188243865966797 0.2165496051311493 0.9991728663444519 -1 -1 -1 -1 -1 -1 -1 -1 -1
0.3699148893356323 0.2150428146123886 0.9993423819541931 -1 -1 -1 -1 -1 -1 -1 -1 -1
0.34775781631469727 0.2506561279296875 0.9992557168006897 -1 -1 -1 -1 -1 -1 -1 -1 -1
0.33358246088027954 0.23312489688396454 0.9997108578681946 -1 -1 -1 -1 -1 -1 -1 -1 -1
0.3640326261520386 0.15976250171661377 0.33663231134414673 -1 -1 -1 -1 -1 -1 -1 -1 -1
0.35657522082328796 0.13749727606773376 0.9906051754951477 -1 -1 -1 -1 -1 -1 -1 -1 -1
0.36908066272735596 0.0828561782836914 0.5524373054504395 -1 -1 -1 -1 -1 -1 -1 -1 -1
0.36935868859291077 0.03753742575645447 0.979872465133667 -1 -1 -1 -1 -1 -1 -1 -1 -1
0.37230774760246277 0.06347787380218506 0.5466281175613403 -1 -1 -1 -1 -1 -1 -1 -1 -1
0.37346091866493225 0.017770349979400635 0.9668862223625183 -1 -1 -1 -1 -1 -1 -1 -1 -1
0.37384694814682007 0.05372202396392822 0.5515090227127075 -1 -1 -1 -1 -1 -1 -1 -1 -1
0.37465351819992065 0.017876088619232178 0.9607493281364441 -1 -1 -1 -1 -1 -1 -1 -1 -1
0.37201640009880066 0.06476575136184692 0.5818111896514893 -1 -1 -1 -1 -1 -1 -1 -1 -1
0.3736112117767334 0.024366676807403564 0.9493703842163086 -1 -1 -1 -1 -1 -1 -1 -1 -1
0.3477972745895386 0.4554259777069092 0.9998561143875122 -1 -1 -1 -1 -1 -1 -1 -1 -1
0.3446049988269806 0.435989111661911 0.9997968077659607 -1 -1 -1 -1 -1 -1 -1 -1 -1
0.37401503324508667 0.5664077997207642 0.5205360054969788 -1 -1 -1 -1 -1 -1 -1 -1 -1
0.39626631140708923 0.47715169191360474 0.9839878082275391 -1 -1 -1 -1 -1 -1 -1 -1 -1
0.36039918661117554 0.7087310552597046 0.8317480087280273 -1 -1 -1 -1 -1 -1 -1 -1 -1
0.3621043860912323 0.5888293981552124 0.986375093460083 -1 -1 -1 -1 -1 -1 -1 -1 -1
0.3474619686603546 0.7170649766921997 0.8392572402954102 -1 -1 -1 -1 -1 -1 -1 -1 -1
0.3532789647579193 0.5916919708251953 0.9811983108520508 -1 -1 -1 -1 -1 -1 -1 -1 -1
0.38106009364128113 0.7389571070671082 0.880668580532074 -1 -1 -1 -1 -1 -1 -1 -1 -1
0.36912551522254944 0.6490952968597412 0.9834929704666138 -1 -1 -1 -1 -1 -1 -1 -1 -1
1 
33 
-1 -1 -1 -1 -1 -1 -1 -1 -1 -1
0.37633129954338074 0.21330592036247253 0.9990159273147583 -1 -1 -1 -1 -1 -1 -1 -1 -1
0.3732168674468994 0.20056059956550598 0.9987552165985107 -1 -1 -1 -1 -1 -1 -1 -1 -1
0.3724565804004669 0.1999760866165161 0.9978634715080261 -1 -1 -1 -1 -1 -1 -1 -1 -1
0.37163814902305603 0.19941943883895874 0.9987879395484924 -1 -1 -1 -1 -1 -1 -1 -1 -1
0.37182801961898804 0.19964030385017395 0.9991236329078674 -1 -1 -1 -1 -1 -1 -1 -1 -1
0.3701372444629669 0.19840291142463684 0.9989577531814575 -1 -1 -1 -1 -1 -1 -1 -1 -1
0.36829233169555664 0.19719266891479492 0.9992992877960205 -1 -1 -1 -1 -1 -1 -1 -1 -1
0.3597986102104187 0.19899573922157288 0.9973284006118774 -1 -1 -1 -1 -1 -1 -1 -1 -1
0.3560195565223694 0.19703522324562073 0.9990875720977783 -1 -1 -1 -1 -1 -1 -1 -1 -1
0.3711966574192047 0.2221662849187851 0.996756374835968 -1 -1 -1 -1 -1 -1 -1 -1 -1
0.3697107136249542 0.2210577428340912 0.9972221851348877 -1 -1 -1 -1 -1 -1 -1 -1 -1
0.34251439571380615 0.24620699882507324 0.9973328113555908 -1 -1 -1 -1 -1 -1 -1 -1 -1
0.3345712125301361 0.2309369444847107 0.9993005990982056 -1 -1 -1 -1 -1 -1 -1 -1 -1
0.35534098744392395 0.16307690739631653 0.14135640859603882 -1 -1 -1 -1 -1 -1 -1 -1 -1
0.35561731457710266 0.1413898468017578 0.9928320646286011 -1 -1 -1 -1 -1 -1 -1 -1 -1
0.36824095249176025 0.08485150337219238 0.44234615564346313 -1 -1 -1 -1 -1 -1 -1 -1 -1
0.36835798621177673 0.04536363482475281 0.9895315170288086 -1 -1 -1 -1 -1 -1 -1 -1 -1
0.3698507845401764 0.06725937128067017 0.47277501225471497 -1 -1 -1 -1 -1 -1 -1 -1 -1
0.3728461265563965 0.0248185396194458 0.9821620583534241 -1 -1 -1 -1 -1 -1 -1 -1 -1
0.3656288981437683 0.0677168071269989 0.4715738296508789 -1 -1 -1 -1 -1 -1 -1 -1 -1
0.37213748693466187 0.022684216499328613 0.978640079498291 -1 -1 -1 -1 -1 -1 -1 -1 -1
0.3656253218650818 0.06920063495635986 0.4931270480155945 -1 -1 -1 -1 -1 -1 -1 -1 -1
0.37093502283096313 0.029714137315750122 0.9675438404083252 -1 -1 -1 -1 -1 -1 -1 -1 -1
0.3486047685146332 0.4483840763568878 0.9994833469390869 -1 -1 -1 -1 -1 -1 -1 -1 -1
0.34885159134864807 0.4267902672290802 0.999256432056427 -1 -1 -1 -1 -1 -1 -1 -1 -1
0.3711927533149719 0.5766795873641968 0.43351128697395325 -1 -1 -1 -1 -1 -1 -1 -1 -1
0.38644808530807495 0.507785439491272 0.9801258444786072 -1 -1 -1 -1 -1 -1 -1 -1 -1
0.35059934854507446 0.7150148153305054 0.6368824243545532 -1 -1 -1 -1 -1 -1 -1 -1 -1
0.36534833908081055 0.640381932258606 0.9774917960166931 -1 -1 -1 -1 -1 -1 -1 -1 -1
0.3400460481643677 0.7455475330352783 0.6756218075752258 -1 -1 -1 -1 -1 -1 -1 -1 -1
0.34152892231941223 0.6559126377105713 0.976669192314148 -1 -1 -1 -1 -1 -1 -1 -1 -1
0.3653765916824341 0.7590600848197937 0.7619976997375488 -1 -1 -1 -1 -1 -1 -1 -1 -1
0.3669763505458832 0.7089167833328247 0.9758387804031372 -1 -1 -1 -1 -1 -1 -1 -1 -1
1 
33 
-1 -1 -1 -1 -1 -1 -1 -1 -1 -1
0.3753587007522583 0.21100637316703796 0.9989562034606934 -1 -1 -1 -1 -1 -1 -1 -1 -1
0.3732011318206787 0.1994207799434662 0.9984298348426819 -1 -1 -1 -1 -1 -1 -1 -1 -1
0.37231069803237915 0.19887065887451172 0.9974096417427063 -1 -1 -1 -1 -1 -1 -1 -1 -1
0.3713456094264984 0.19828113913536072 0.9985866546630859 -1 -1 -1 -1 -1 -1 -1 -1 -1
0.3722565472126007 0.19857904314994812 0.9988534450531006 -1 -1 -1 -1 -1 -1 -1 -1 -1
0.37079060077667236 0.19755589962005615 0.9986318945884705 -1 -1 -1 -1 -1 -1 -1 -1 -1
0.369220495223999 0.19646692276000977 0.9990517497062683 -1 -1 -1 -1 -1 -1 -1 -1 -1
0.35900065302848816 0.19634801149368286 0.9970901012420654 -1 -1 -1 -1 -1 -1 -1 -1 -1
0.35717228055000305 0.19365736842155457 0.9985772371292114 -1 -1 -1 -1 -1 -1 -1 -1 -1
0.36972659826278687 0.21803854405879974 0.9961444139480591 -1 -1 -1 -1 -1 -1 -1 -1 -1
0.36855220794677734 0.21633094549179077 0.9965670108795166 -1 -1 -1 -1 -1 -1 -1 -1 -1
0.34331101179122925 0.24262522161006927 0.9969118237495422 -1 -1 -1 -1 -1 -1 -1 -1 -1
0.33644863963127136 0.22232264280319214 0.9994139671325684 -1 -1 -1 -1 -1 -1 -1 -1 -1
0.358833372592926 0.16394871473312378 0.1316092610359192 -1 -1 -1 -1 -1 -1 -1 -1 -1
0.3546571135520935 0.14254680275917053 0.9938865303993225 -1 -1 -1 -1 -1 -1 -1 -1 -1
0.3704841732978821 0.08895465731620789 0.36565881967544556 -1 -1 -1 -1 -1 -1 -1 -1 -1
0.36572471261024475 0.0500735342502594 0.9921982884407043 -1 -1 -1 -1 -1 -1 -1 -1 -1
0.3682706952095032 0.07046148180961609 0.39757218956947327 -1 -1 -1 -1 -1 -1 -1 -1 -1
0.36957746744155884 0.031899869441986084 0.9869199991226196 -1 -1 -1 -1 -1 -1 -1 -1 -1
0.3675530254840851 0.06841269135475159 0.39984819293022156 -1 -1 -1 -1 -1 -1 -1 -1 -1
0.3693912625312805 0.029969245195388794 0.9844549894332886 -1 -1 -1 -1 -1 -1 -1 -1 -1
0.3663753569126129 0.07843896746635437 0.4336909353733063 -1 -1 -1 -1 -1 -1 -1 -1 -1
0.36831098794937134 0.03717970848083496 0.9754949808120728 -1 -1 -1 -1 -1 -1 -1 -1 -1
0.3474428951740265 0.436442106962204 0.9991463422775269 -1 -1 -1 -1 -1 -1 -1 -1 -1
0.34664592146873474 0.4225751757621765 0.9991538524627686 -1 -1 -1 -1 -1 -1 -1 -1 -1
0.37264320254325867 0.5739218592643738 0.38966432213783264 -1 -1 -1 -1 -1 -1 -1 -1 -1
0.38204240798950195 0.5283526182174683 0.976599395275116 -1 -1 -1 -1 -1 -1 -1 -1 -1
0.35257938504219055 0.7179574370384216 0.5427935123443604 -1 -1 -1 -1 -1 -1 -1 -1 -1
0.3647190034389496 0.6744284629821777 0.9772093892097473 -1 -1 -1 -1 -1 -1 -1 -1 -1
0.34115883708000183 0.7241268754005432 0.5452931523323059 -1 -1 -1 -1 -1 -1 -1 -1 -1
0.35672804713249207 0.6904088258743286 0.9686200618743896 -1 -1 -1 -1 -1 -1 -1 -1 -1
0.3735707104206085 0.7676469087600708 0.6938615441322327 -1 -1 -1 -1 -1 -1 -1 -1 -1
0.37370774149894714 0.741850733757019 0.9736118912696838 -1 -1 -1 -1 -1 -1 -1 -1 -1
1 
33 
-1 -1 -1 -1 -1 -1 -1 -1 -1 -1
0.37598031759262085 0.2133437991142273 0.9981386661529541 -1 -1 -1 -1 -1 -1 -1 -1 -1
0.37268781661987305 0.20125047862529755 0.9976217150688171 -1 -1 -1 -1 -1 -1 -1 -1 -1
0.37160494923591614 0.20057423412799835 0.9959818124771118 -1 -1 -1 -1 -1 -1 -1 -1 -1
0.3704117238521576 0.1998763382434845 0.9977335929870605 -1 -1 -1 -1 -1 -1 -1 -1 -1
0.37257930636405945 0.20077024400234222 0.9982417821884155 -1 -1 -1 -1 -1 -1 -1 -1 -1
0.3714764416217804 0.19987447559833527 0.9977803826332092 -1 -1 -1 -1 -1 -1 -1 -1 -1
0.3702164888381958 0.19897088408470154 0.9984039664268494 -1 -1 -1 -1 -1 -1 -1 -1 -1
0.3582279086112976 0.2003069967031479 0.9947385191917419 -1 -1 -1 -1 -1 -1 -1 -1 -1
0.35772234201431274 0.19911402463912964 0.9973630309104919 -1 -1 -1 -1 -1 -1 -1 -1 -1
0.3702705502510071 0.2210267186164856 0.9941220879554749 -1 -1 -1 -1 -1 -1 -1 -1 -1
0.3704644441604614 0.21973173320293427 0.9949401617050171 -1 -1 -1 -1 -1 -1 -1 -1 -1
0.33986443281173706 0.2478688359260559 0.9927957653999329 -1 -1 -1 -1 -1 -1 -1 -1 -1
0.33731362223625183 0.22716599702835083 0.9990291595458984 -1 -1 -1 -1 -1 -1 -1 -1 -1
0.35457372665405273 0.1674402356147766 0.14513540267944336 -1 -1 -1 -1 -1 -1 -1 -1 -1
0.35431110858917236 0.13744968175888062 0.9912664294242859 -1 -1 -1 -1 -1 -1 -1 -1 -1
0.3655737042427063 0.08982795476913452 0.3779449462890625 -1 -1 -1 -1 -1 -1 -1 -1 -1
0.36741840839385986 0.04487699270248413 0.9908831715583801 -1 -1 -1 -1 -1 -1 -1 -1 -1
0.3663492798805237 0.07424139976501465 0.4129924178123474 -1 -1 -1 -1 -1 -1 -1 -1 -1
0.3710598349571228 0.02341371774673462 0.9850199222564697 -1 -1 -1 -1 -1 -1 -1 -1 -1
0.36418837308883667 0.06896689534187317 0.4169696867465973 -1 -1 -1 -1 -1 -1 -1 -1 -1
0.37029632925987244 0.020703256130218506 0.9815130233764648 -1 -1 -1 -1 -1 -1 -1 -1 -1
0.3637017607688904 0.07435372471809387 0.4502522945404053 -1 -1 -1 -1 -1 -1 -1 -1 -1
0.36907655000686646 0.031015127897262573 0.9702607989311218 -1 -1 -1 -1 -1 -1 -1 -1 -1
0.34677329659461975 0.4338523745536804 0.9982084035873413 -1 -1 -1 -1 -1 -1 -1 -1 -1
0.346697598695755 0.4267854392528534 0.9986070990562439 -1 -1 -1 -1 -1 -1 -1 -1 -1
0.3788141906261444 0.5630142092704773 0.23462361097335815 -1 -1 -1 -1 -1 -1 -1 -1 -1
0.37359529733657837 0.5358438491821289 0.9611234068870544 -1 -1 -1 -1 -1 -1 -1 -1 -1
0.37158089876174927 0.6774348020553589 0.36331358551979065 -1 -1 -1 -1 -1 -1 -1 -1 -1
0.3689911365509033 0.6834774017333984 0.9706695675849915 -1 -1 -1 -1 -1 -1 -1 -1 -1
0.3627084791660309 0.6899800300598145 0.4846416413784027 -1 -1 -1 -1 -1 -1 -1 -1 -1
0.3608860373497009 0.6980698704719543 0.9633144736289978 -1 -1 -1 -1 -1 -1 -1 -1 -1
0.39102697372436523 0.7288952469825745 0.5155458450317383 -1 -1 -1 -1 -1 -1 -1 -1 -1
0.38132625818252563 0.7462325692176819 0.9560193419456482 -1 -1 -1 -1 -1 -1 -1 -1 -1
1 
33 
-1 -1 -1 -1 -1 -1 -1 -1 -1 -1
0.3788437843322754 0.2264191061258316 0.9979006052017212 -1 -1 -1 -1 -1 -1 -1 -1 -1
0.37757253646850586 0.2142878919839859 0.9969151020050049 -1 -1 -1 -1 -1 -1 -1 -1 -1
0.3768693804740906 0.2135613113641739 0.9952065348625183 -1 -1 -1 -1 -1 -1 -1 -1 -1
0.3759925961494446 0.21270722150802612 0.9968822002410889 -1 -1 -1 -1 -1 -1 -1 -1 -1
0.376583456993103 0.21322830021381378 0.9976786971092224 -1 -1 -1 -1 -1 -1 -1 -1 -1
0.3752458989620209 0.21187764406204224 0.9971283078193665 -1 -1 -1 -1 -1 -1 -1 -1 -1
0.3736923635005951 0.21039879322052002 0.9976859092712402 -1 -1 -1 -1 -1 -1 -1 -1 -1
0.3632062077522278 0.20930589735507965 0.9934087991714478 -1 -1 -1 -1 -1 -1 -1 -1 -1
0.36122003197669983 0.20706750452518463 0.997186005115509 -1 -1 -1 -1 -1 -1 -1 -1 -1
0.3734167814254761 0.23360709846019745 0.9943209886550903 -1 -1 -1 -1 -1 -1 -1 -1 -1
0.37229567766189575 0.2322961837053299 0.9954878687858582 -1 -1 -1 -1 -1 -1 -1 -1 -1
0.3435823917388916 0.24919281899929047 0.9947025179862976 -1 -1 -1 -1 -1 -1 -1 -1 -1
0.3341689705848694 0.2373034954071045 0.9993317723274231 -1 -1 -1 -1 -1 -1 -1 -1 -1
0.35767412185668945 0.16367852687835693 0.15047810971736908 -1 -1 -1 -1 -1 -1 -1 -1 -1
0.3516189754009247 0.1509976089000702 0.9928915500640869 -1 -1 -1 -1 -1 -1 -1 -1 -1
0.3668813705444336 0.07800909876823425 0.3685869872570038 -1 -1 -1 -1 -1 -1 -1 -1 -1
0.36189690232276917 0.05868890881538391 0.9879926443099976 -1 -1 -1 -1 -1 -1 -1 -1 -1
0.36900418996810913 0.05465379357337952 0.4166294038295746 -1 -1 -1 -1 -1 -1 -1 -1 -1
0.36573290824890137 0.0427892804145813 0.9821242690086365 -1 -1 -1 -1 -1 -1 -1 -1 -1
0.3694455325603485 0.05234670639038086 0.42095595598220825 -1 -1 -1 -1 -1 -1 -1 -1 -1
0.36611998081207275 0.03864666819572449 0.978192150592804 -1 -1 -1 -1 -1 -1 -1 -1 -1
0.36785653233528137 0.05786585807800293 0.45859625935554504 -1 -1 -1 -1 -1 -1 -1 -1 -1
0.36513039469718933 0.04460787773132324 0.9653443694114685 -1 -1 -1 -1 -1 -1 -1 -1 -1
0.35117435455322266 0.43360069394111633 0.9973127245903015 -1 -1 -1 -1 -1 -1 -1 -1 -1
0.3487247824668884 0.4318094849586487 0.998363196849823 -1 -1 -1 -1 -1 -1 -1 -1 -1
0.3723185360431671 0.5587490797042847 0.19032874703407288 -1 -1 -1 -1 -1 -1 -1 -1 -1
0.3665292263031006 0.5578820705413818 0.9721336960792542 -1 -1 -1 -1 -1 -1 -1 -1 -1
0.3765387535095215 0.667088508605957 0.3597572445869446 -1 -1 -1 -1 -1 -1 -1 -1 -1
0.36924371123313904 0.6902481317520142 0.9761714339256287 -1 -1 -1 -1 -1 -1 -1 -1 -1
0.36832916736602783 0.6888964772224426 0.54253751039505 -1 -1 -1 -1 -1 -1 -1 -1 -1
0.36188220977783203 0.7077190279960632 0.9720498919487 -1 -1 -1 -1 -1 -1 -1 -1 -1
0.4056296944618225 0.7198989391326904 0.5114552974700928 -1 -1 -1 -1 -1 -1 -1 -1 -1
0.3818136751651764 0.7443011999130249 0.9503170251846313 -1 -1 -1 -1 -1 -1 -1 -1 -1
1 
33 
-1 -1 -1 -1 -1 -1 -1 -1 -1 -1
0.3767227530479431 0.2264687865972519 0.99506014585495 -1 -1 -1 -1 -1 -1 -1 -1 -1
0.37348243594169617 0.21601741015911102 0.9934493899345398 -1 -1 -1 -1 -1 -1 -1 -1 -1
0.3726181387901306 0.21568265557289124 0.9903665781021118 -1 -1 -1 -1 -1 -1 -1 -1 -1
0.37176090478897095 0.21533116698265076 0.9933595061302185 -1 -1 -1 -1 -1 -1 -1 -1 -1
0.3727053999900818 0.21501114964485168 0.9944221377372742 -1 -1 -1 -1 -1 -1 -1 -1 -1
0.37136781215667725 0.21404631435871124 0.9929553866386414 -1 -1 -1 -1 -1 -1 -1 -1 -1
0.37006667256355286 0.21319280564785004 0.9941002726554871 -1 -1 -1 -1 -1 -1 -1 -1 -1
0.3616119921207428 0.21666106581687927 0.9861007332801819 -1 -1 -1 -1 -1 -1 -1 -1 -1
0.360646516084671 0.21572327613830566 0.9928232431411743 -1 -1 -1 -1 -1 -1 -1 -1 -1
0.3713338077068329 0.23275499045848846 0.989081621170044 -1 -1 -1 -1 -1 -1 -1 -1 -1
0.3704277276992798 0.2314700037240982 0.9907495379447937 -1 -1 -1 -1 -1 -1 -1 -1 -1
0.34355226159095764 0.2502172589302063 0.9912012815475464 -1 -1 -1 -1 -1 -1 -1 -1 -1
0.3401722013950348 0.24235497415065765 0.9986196756362915 -1 -1 -1 -1 -1 -1 -1 -1 -1
0.35734421014785767 0.1656470000743866 0.1498362421989441 -1 -1 -1 -1 -1 -1 -1 -1 -1
0.35416972637176514 0.1564517617225647 0.9864470958709717 -1 -1 -1 -1 -1 -1 -1 -1 -1
0.36492919921875 0.08353736996650696 0.3925771117210388 -1 -1 -1 -1 -1 -1 -1 -1 -1
0.36198657751083374 0.06814885139465332 0.9783552885055542 -1 -1 -1 -1 -1 -1 -1 -1 -1
0.3671230375766754 0.06584474444389343 0.4304869472980499 -1 -1 -1 -1 -1 -1 -1 -1 -1
0.36519041657447815 0.051268547773361206 0.9665152430534363 -1 -1 -1 -1 -1 -1 -1 -1 -1
0.3670102655887604 0.06466108560562134 0.4373323321342468 -1 -1 -1 -1 -1 -1 -1 -1 -1
0.3650591969490051 0.04976662993431091 0.9586356282234192 -1 -1 -1 -1 -1 -1 -1 -1 -1
0.36622440814971924 0.06980320811271667 0.4736096262931824 -1 -1 -1 -1 -1 -1 -1 -1 -1
0.3641078770160675 0.054614752531051636 0.9398505687713623 -1 -1 -1 -1 -1 -1 -1 -1 -1
0.34980008006095886 0.4453645646572113 0.997124969959259 -1 -1 -1 -1 -1 -1 -1 -1 -1
0.35007011890411377 0.44718995690345764 0.9983941912651062 -1 -1 -1 -1 -1 -1 -1 -1 -1
0.36905208230018616 0.5650579333305359 0.2279016673564911 -1 -1 -1 -1 -1 -1 -1 -1 -1
0.36450785398483276 0.5702461004257202 0.9701086282730103 -1 -1 -1 -1 -1 -1 -1 -1 -1
0.37094026803970337 0.6743813753128052 0.4287804663181305 -1 -1 -1 -1 -1 -1 -1 -1 -1
0.3676467537879944 0.6982628107070923 0.9773334264755249 -1 -1 -1 -1 -1 -1 -1 -1 -1
0.36336666345596313 0.6888932585716248 0.6013392806053162 -1 -1 -1 -1 -1 -1 -1 -1 -1
0.35967475175857544 0.7135718464851379 0.9715928435325623 -1 -1 -1 -1 -1 -1 -1 -1 -1
0.38916000723838806 0.709550142288208 0.5908924341201782 -1 -1 -1 -1 -1 -1 -1 -1 -1
0.38521701097488403 0.7474446296691895 0.9531998634338379 -1 -1 -1 -1 -1 -1 -1 -1 -1
1 
33 
-1 -1 -1 -1 -1 -1 -1 -1 -1 -1
0.37768614292144775 0.2456495314836502 0.9967806339263916 -1 -1 -1 -1 -1 -1 -1 -1 -1
0.37548190355300903 0.23326221108436584 0.9951613545417786 -1 -1 -1 -1 -1 -1 -1 -1 -1
0.37468162178993225 0.23251976072788239 0.9931107759475708 -1 -1 -1 -1 -1 -1 -1 -1 -1
0.37379351258277893 0.23160283267498016 0.9951533079147339 -1 -1 -1 -1 -1 -1 -1 -1 -1
0.3746815025806427 0.23193269968032837 0.9960609078407288 -1 -1 -1 -1 -1 -1 -1 -1 -1
0.3733912408351898 0.23037904500961304 0.9951541423797607 -1 -1 -1 -1 -1 -1 -1 -1 -1
0.37202024459838867 0.22877468168735504 0.995849609375 -1 -1 -1 -1 -1 -1 -1 -1 -1
0.36330974102020264 0.2283952832221985 0.9886317849159241 -1 -1 -1 -1 -1 -1 -1 -1 -1
0.3613343834877014 0.22637075185775757 0.994439959526062 -1 -1 -1 -1 -1 -1 -1 -1 -1
0.37192076444625854 0.2510674297809601 0.9899056553840637 -1 -1 -1 -1 -1 -1 -1 -1 -1
0.37097278237342834 0.24963222444057465 0.9918165802955627 -1 -1 -1 -1 -1 -1 -1 -1 -1
0.34512078762054443 0.2618977427482605 0.9938067197799683 -1 -1 -1 -1 -1 -1 -1 -1 -1
0.3388170599937439 0.24709567427635193 0.999247670173645 -1 -1 -1 -1 -1 -1 -1 -1 -1
0.35850414633750916 0.18098148703575134 0.1542583554983139 -1 -1 -1 -1 -1 -1 -1 -1 -1
0.3547767996788025 0.1670500934123993 0.9906517267227173 -1 -1 -1 -1 -1 -1 -1 -1 -1
0.3634181618690491 0.09421533346176147 0.3532103896141052 -1 -1 -1 -1 -1 -1 -1 -1 -1
0.361456036567688 0.0793515145778656 0.9815822839736938 -1 -1 -1 -1 -1 -1 -1 -1 -1
0.366475373506546 0.0736633837223053 0.3991643488407135 -1 -1 -1 -1 -1 -1 -1 -1 -1
0.3651964068412781 0.06176277995109558 0.9734749794006348 -1 -1 -1 -1 -1 -1 -1 -1 -1
0.3665142357349396 0.06816563010215759 0.40438011288642883 -1 -1 -1 -1 -1 -1 -1 -1 -1
0.3651474118232727 0.059591084718704224 0.9679114818572998 -1 -1 -1 -1 -1 -1 -1 -1 -1
0.3648432195186615 0.07785946130752563 0.44384121894836426 -1 -1 -1 -1 -1 -1 -1 -1 -1
0.3636428713798523 0.06550699472427368 0.9523240327835083 -1 -1 -1 -1 -1 -1 -1 -1 -1
0.3499453067779541 0.45160141587257385 0.9970356225967407 -1 -1 -1 -1 -1 -1 -1 -1 -1
0.34857648611068726 0.45068132877349854 0.9987689852714539 -1 -1 -1 -1 -1 -1 -1 -1 -1
0.3697831630706787 0.5661670565605164 0.19451366364955902 -1 -1 -1 -1 -1 -1 -1 -1 -1
0.36547237634658813 0.5596551895141602 0.9766644239425659 -1 -1 -1 -1 -1 -1 -1 -1 -1
0.3749801516532898 0.6696422100067139 0.39126184582710266 -1 -1 -1 -1 -1 -1 -1 -1 -1
0.36841312050819397 0.7019330859184265 0.9802595973014832 -1 -1 -1 -1 -1 -1 -1 -1 -1
0.3704497814178467 0.6883635520935059 0.533141553401947 -1 -1 -1 -1 -1 -1 -1 -1 -1
0.3626713156700134 0.7168019413948059 0.9731301665306091 -1 -1 -1 -1 -1 -1 -1 -1 -1
0.3913117051124573 0.7095000743865967 0.5555421710014343 -1 -1 -1 -1 -1 -1 -1 -1 -1
0.38651132583618164 0.7498348355293274 0.9590092301368713 -1 -1 -1 -1 -1 -1 -1 -1 -1
1 
33 
-1 -1 -1 -1 -1 -1 -1 -1 -1 -1
0.37496161460876465 0.24763387441635132 0.990702748298645 -1 -1 -1 -1 -1 -1 -1 -1 -1
0.3731521964073181 0.2359810173511505 0.9883755445480347 -1 -1 -1 -1 -1 -1 -1 -1 -1
0.3724251687526703 0.2353643923997879 0.9811714887619019 -1 -1 -1 -1 -1 -1 -1 -1 -1
0.3716709315776825 0.23463189601898193 0.9887425899505615 -1 -1 -1 -1 -1 -1 -1 -1 -1
0.37258440256118774 0.23526915907859802 0.990462601184845 -1 -1 -1 -1 -1 -1 -1 -1 -1
0.37152495980262756 0.2342527061700821 0.9872315526008606 -1 -1 -1 -1 -1 -1 -1 -1 -1
0.3704545199871063 0.23320771753787994 0.9903968572616577 -1 -1 -1 -1 -1 -1 -1 -1 -1
0.3619231581687927 0.23378966748714447 0.9674971699714661 -1 -1 -1 -1 -1 -1 -1 -1 -1
0.3614318370819092 0.23362068831920624 0.9865058064460754 -1 -1 -1 -1 -1 -1 -1 -1 -1
0.3696822226047516 0.2542458772659302 0.9770334362983704 -1 -1 -1 -1 -1 -1 -1 -1 -1
0.3688690662384033 0.2532805800437927 0.9818853735923767 -1 -1 -1 -1 -1 -1 -1 -1 -1
0.3431536555290222 0.26830828189849854 0.9895505309104919 -1 -1 -1 -1 -1 -1 -1 -1 -1
0.3404495418071747 0.2610628008842468 0.9980372786521912 -1 -1 -1 -1 -1 -1 -1 -1 -1
0.35619619488716125 0.17879068851470947 0.14454959332942963 -1 -1 -1 -1 -1 -1 -1 -1 -1
0.3546380400657654 0.17894098162651062 0.9834154844284058 -1 -1 -1 -1 -1 -1 -1 -1 -1
0.3643941879272461 0.09536448121070862 0.4058533012866974 -1 -1 -1 -1 -1 -1 -1 -1 -1
0.3617566227912903 0.0945453941822052 0.9735206961631775 -1 -1 -1 -1 -1 -1 -1 -1 -1
0.3661350905895233 0.07630658149719238 0.46898534893989563 -1 -1 -1 -1 -1 -1 -1 -1 -1
0.3643222451210022 0.07508060336112976 0.9618237018585205 -1 -1 -1 -1 -1 -1 -1 -1 -1
0.3663884699344635 0.07458001375198364 0.4747914671897888 -1 -1 -1 -1 -1 -1 -1 -1 -1
0.3646608591079712 0.07215645909309387 0.9541544318199158 -1 -1 -1 -1 -1 -1 -1 -1 -1
0.36563482880592346 0.07913246750831604 0.500457227230072 -1 -1 -1 -1 -1 -1 -1 -1 -1
0.36359450221061707 0.07873579859733582 0.9318014979362488 -1 -1 -1 -1 -1 -1 -1 -1 -1
0.3489339053630829 0.46205857396125793 0.9959681034088135 -1 -1 -1 -1 -1 -1 -1 -1 -1
0.3519161641597748 0.4615565240383148 0.9971351623535156 -1 -1 -1 -1 -1 -1 -1 -1 -1
0.3700382709503174 0.5786247849464417 0.16614198684692383 -1 -1 -1 -1 -1 -1 -1 -1 -1
0.3662620484828949 0.5746815204620361 0.9538094401359558 -1 -1 -1 -1 -1 -1 -1 -1 -1
0.3754566013813019 0.6844961047172546 0.3085778057575226 -1 -1 -1 -1 -1 -1 -1 -1 -1
0.37134790420532227 0.7004228830337524 0.9666197896003723 -1 -1 -1 -1 -1 -1 -1 -1 -1
0.3706570863723755 0.7021433115005493 0.45882368087768555 -1 -1 -1 -1 -1 -1 -1 -1 -1
0.3650411069393158 0.7185397148132324 0.9607177376747131 -1 -1 -1 -1 -1 -1 -1 -1 -1
0.39825162291526794 0.7289441823959351 0.46130579710006714 -1 -1 -1 -1 -1 -1 -1 -1 -1
0.38557854294776917 0.7557093501091003 0.9404435753822327 -1 -1 -1 -1 -1 -1 -1 -1 -1
1 
33 
-1 -1 -1 -1 -1 -1 -1 -1 -1 -1
0.3792945146560669 0.26050058007240295 0.9949491024017334 -1 -1 -1 -1 -1 -1 -1 -1 -1
0.37814632058143616 0.2483297735452652 0.9925559163093567 -1 -1 -1 -1 -1 -1 -1 -1 -1
0.3774959444999695 0.24764959514141083 0.9893263578414917 -1 -1 -1 -1 -1 -1 -1 -1 -1
0.37676146626472473 0.24697747826576233 0.9931241869926453 -1 -1 -1 -1 -1 -1 -1 -1 -1
0.3773238956928253 0.24794963002204895 0.993842601776123 -1 -1 -1 -1 -1 -1 -1 -1 -1
0.37605950236320496 0.2469109445810318 0.992295503616333 -1 -1 -1 -1 -1 -1 -1 -1 -1
0.37467673420906067 0.24576686322689056 0.9934687614440918 -1 -1 -1 -1 -1 -1 -1 -1 -1
0.36545902490615845 0.24468694627285004 0.9834499955177307 -1 -1 -1 -1 -1 -1 -1 -1 -1
0.3635881841182709 0.24219819903373718 0.9919483661651611 -1 -1 -1 -1 -1 -1 -1 -1 -1
0.3740093410015106 0.266512930393219 0.9860042929649353 -1 -1 -1 -1 -1 -1 -1 -1 -1
0.37307265400886536 0.2655406594276428 0.9878732562065125 -1 -1 -1 -1 -1 -1 -1 -1 -1
0.34710896015167236 0.2801060676574707 0.9943549633026123 -1 -1 -1 -1 -1 -1 -1 -1 -1
0.34107133746147156 0.2668589949607849 0.9990378618240356 -1 -1 -1 -1 -1 -1 -1 -1 -1
0.36048048734664917 0.1958431899547577 0.17260527610778809 -1 -1 -1 -1 -1 -1 -1 -1 -1
0.3575476109981537 0.18273356556892395 0.9926349520683289 -1 -1 -1 -1 -1 -1 -1 -1 -1
0.3659653067588806 0.11069914698600769 0.41515374183654785 -1 -1 -1 -1 -1 -1 -1 -1 -1
0.36373424530029297 0.09748765826225281 0.987343430519104 -1 -1 -1 -1 -1 -1 -1 -1 -1
0.36876508593559265 0.08930087089538574 0.46762704849243164 -1 -1 -1 -1 -1 -1 -1 -1 -1
0.36584633588790894 0.079599529504776 0.9829826951026917 -1 -1 -1 -1 -1 -1 -1 -1 -1
0.36790984869003296 0.08486336469650269 0.47395676374435425 -1 -1 -1 -1 -1 -1 -1 -1 -1
0.3656631410121918 0.07531222701072693 0.9794470071792603 -1 -1 -1 -1 -1 -1 -1 -1 -1
0.3670882284641266 0.09149277210235596 0.5103607177734375 -1 -1 -1 -1 -1 -1 -1 -1 -1
0.36513474583625793 0.08153414726257324 0.9680395722389221 -1 -1 -1 -1 -1 -1 -1 -1 -1
0.3508991003036499 0.46274885535240173 0.9974803328514099 -1 -1 -1 -1 -1 -1 -1 -1 -1
0.349640429019928 0.45972740650177 0.9983900785446167 -1 -1 -1 -1 -1 -1 -1 -1 -1
0.36984723806381226 0.5842767357826233 0.1597515344619751 -1 -1 -1 -1 -1 -1 -1 -1 -1
0.36724838614463806 0.5745079517364502 0.9601758718490601 -1 -1 -1 -1 -1 -1 -1 -1 -1
0.3738263249397278 0.6919952034950256 0.28728005290031433 -1 -1 -1 -1 -1 -1 -1 -1 -1
0.3702571392059326 0.7063258290290833 0.9666644930839539 -1 -1 -1 -1 -1 -1 -1 -1 -1
0.367223858833313 0.7074611186981201 0.4479890763759613 -1 -1 -1 -1 -1 -1 -1 -1 -1
0.36275747418403625 0.7199405431747437 0.9654842615127563 -1 -1 -1 -1 -1 -1 -1 -1 -1
0.3993285894393921 0.7319600582122803 0.4696608781814575 -1 -1 -1 -1 -1 -1 -1 -1 -1
0.3876143991947174 0.758110523223877 0.9438695907592773 -1 -1 -1 -1 -1 -1 -1 -1 -1
1 
33 
-1 -1 -1 -1 -1 -1 -1 -1 -1 -1
0.3777655363082886 0.2744879722595215 0.9948974251747131 -1 -1 -1 -1 -1 -1 -1 -1 -1
0.37682580947875977 0.2620200514793396 0.9936394095420837 -1 -1 -1 -1 -1 -1 -1 -1 -1
0.3761320114135742 0.26104989647865295 0.9900100827217102 -1 -1 -1 -1 -1 -1 -1 -1 -1
0.37535399198532104 0.2601116895675659 0.9937064051628113 -1 -1 -1 -1 -1 -1 -1 -1 -1
0.376128613948822 0.26168549060821533 0.994838297367096 -1 -1 -1 -1 -1 -1 -1 -1 -1
0.3749891221523285 0.26051050424575806 0.9930971264839172 -1 -1 -1 -1 -1 -1 -1 -1 -1
0.3738066256046295 0.2593976855278015 0.9944536089897156 -1 -1 -1 -1 -1 -1 -1 -1 -1
0.3651793897151947 0.25684666633605957 0.9844260215759277 -1 -1 -1 -1 -1 -1 -1 -1 -1
0.3640446662902832 0.2564586400985718 0.9935430288314819 -1 -1 -1 -1 -1 -1 -1 -1 -1
0.3728374242782593 0.2795340120792389 0.9881155490875244 -1 -1 -1 -1 -1 -1 -1 -1 -1
0.3716558516025543 0.2789058983325958 0.988906741142273 -1 -1 -1 -1 -1 -1 -1 -1 -1
0.3464147746562958 0.2904418706893921 0.9961710572242737 -1 -1 -1 -1 -1 -1 -1 -1 -1
0.34008318185806274 0.28500431776046753 0.9988459348678589 -1 -1 -1 -1 -1 -1 -1 -1 -1
0.3608362078666687 0.20173031091690063 0.2334216982126236 -1 -1 -1 -1 -1 -1 -1 -1 -1
0.35641101002693176 0.20673325657844543 0.9900920987129211 -1 -1 -1 -1 -1 -1 -1 -1 -1
0.36760565638542175 0.11955532431602478 0.5228424668312073 -1 -1 -1 -1 -1 -1 -1 -1 -1
0.36173322796821594 0.11436817049980164 0.9883070588111877 -1 -1 -1 -1 -1 -1 -1 -1 -1
0.3701455891132355 0.10059520602226257 0.5845872759819031 -1 -1 -1 -1 -1 -1 -1 -1 -1
0.3640456795692444 0.09518980979919434 0.9822011590003967 -1 -1 -1 -1 -1 -1 -1 -1 -1
0.37000617384910583 0.09747865796089172 0.5933495759963989 -1 -1 -1 -1 -1 -1 -1 -1 -1
0.3641277551651001 0.09220138192176819 0.9792748093605042 -1 -1 -1 -1 -1 -1 -1 -1 -1
0.36918139457702637 0.10565316677093506 0.6170893907546997 -1 -1 -1 -1 -1 -1 -1 -1 -1
0.36378735303878784 0.09851816296577454 0.9679033160209656 -1 -1 -1 -1 -1 -1 -1 -1 -1
0.35538679361343384 0.4716111123561859 0.9985421895980835 -1 -1 -1 -1 -1 -1 -1 -1 -1
0.3534042239189148 0.470472127199173 0.9984471201896667 -1 -1 -1 -1 -1 -1 -1 -1 -1
0.36811399459838867 0.6058698892593384 0.15320760011672974 -1 -1 -1 -1 -1 -1 -1 -1 -1
0.3724788725376129 0.5855587124824524 0.896907389163971 -1 -1 -1 -1 -1 -1 -1 -1 -1
0.3746017813682556 0.7015416026115417 0.2684667706489563 -1 -1 -1 -1 -1 -1 -1 -1 -1
0.3742818832397461 0.7069668173789978 0.9164431095123291 -1 -1 -1 -1 -1 -1 -1 -1 -1
0.3683910071849823 0.7174638509750366 0.41144248843193054 -1 -1 -1 -1 -1 -1 -1 -1 -1
0.3669832944869995 0.7200411558151245 0.9240745902061462 -1 -1 -1 -1 -1 -1 -1 -1 -1
0.38844627141952515 0.7446142435073853 0.3865617513656616 -1 -1 -1 -1 -1 -1 -1 -1 -1
0.3881502151489258 0.751675009727478 0.8843053579330444 -1 -1 -1 -1 -1 -1 -1 -1 -1
1 
33 
-1 -1 -1 -1 -1 -1 -1 -1 -1 -1
0.38311588764190674 0.2890510559082031 0.9959347248077393 -1 -1 -1 -1 -1 -1 -1 -1 -1
0.38203057646751404 0.27556395530700684 0.9960018992424011 -1 -1 -1 -1 -1 -1 -1 -1 -1
0.3814071714878082 0.27463626861572266 0.9931320548057556 -1 -1 -1 -1 -1 -1 -1 -1 -1
0.38079550862312317 0.27366188168525696 0.9956496357917786 -1 -1 -1 -1 -1 -1 -1 -1 -1
0.3813108205795288 0.27516376972198486 0.9970096349716187 -1 -1 -1 -1 -1 -1 -1 -1 -1
0.38015127182006836 0.27418798208236694 0.9959232807159424 -1 -1 -1 -1 -1 -1 -1 -1 -1
0.3789444863796234 0.27327388525009155 0.9970734119415283 -1 -1 -1 -1 -1 -1 -1 -1 -1
0.37007230520248413 0.27083781361579895 0.989434540271759 -1 -1 -1 -1 -1 -1 -1 -1 -1
0.3678687810897827 0.2713523507118225 0.996337890625 -1 -1 -1 -1 -1 -1 -1 -1 -1
0.37897032499313354 0.29430025815963745 0.9910236597061157 -1 -1 -1 -1 -1 -1 -1 -1 -1
0.37749525904655457 0.2933385670185089 0.9936360120773315 -1 -1 -1 -1 -1 -1 -1 -1 -1
0.35178008675575256 0.3027750551700592 0.9925622344017029 -1 -1 -1 -1 -1 -1 -1 -1 -1
0.3455042839050293 0.2988584339618683 0.9987898468971252 -1 -1 -1 -1 -1 -1 -1 -1 -1
0.3635096251964569 0.2147458791732788 0.2169589400291443 -1 -1 -1 -1 -1 -1 -1 -1 -1
0.36004284024238586 0.21051716804504395 0.9814639687538147 -1 -1 -1 -1 -1 -1 -1 -1 -1
0.37140268087387085 0.1265004277229309 0.5988419055938721 -1 -1 -1 -1 -1 -1 -1 -1 -1
0.3624751567840576 0.1218070387840271 0.9868133068084717 -1 -1 -1 -1 -1 -1 -1 -1 -1
0.3733314871788025 0.10699677467346191 0.6544577479362488 -1 -1 -1 -1 -1 -1 -1 -1 -1
0.36052024364471436 0.10950684547424316 0.9787681698799133 -1 -1 -1 -1 -1 -1 -1 -1 -1
0.3742113411426544 0.10580518841743469 0.6580958366394043 -1 -1 -1 -1 -1 -1 -1 -1 -1
0.3643033802509308 0.10342827439308167 0.9751596450805664 -1 -1 -1 -1 -1 -1 -1 -1 -1
0.37313613295555115 0.10982188582420349 0.6571813225746155 -1 -1 -1 -1 -1 -1 -1 -1 -1
0.3641754388809204 0.10714948177337646 0.9620508551597595 -1 -1 -1 -1 -1 -1 -1 -1 -1
0.35639140009880066 0.4817935824394226 0.9980972409248352 -1 -1 -1 -1 -1 -1 -1 -1 -1
0.355019211769104 0.4833810031414032 0.9988219141960144 -1 -1 -1 -1 -1 -1 -1 -1 -1
0.37062588334083557 0.6128395795822144 0.14989306032657623 -1 -1 -1 -1 -1 -1 -1 -1 -1
0.36909371614456177 0.6069297790527344 0.8478235602378845 -1 -1 -1 -1 -1 -1 -1 -1 -1
0.3600209355354309 0.7337643504142761 0.2546444833278656 -1 -1 -1 -1 -1 -1 -1 -1 -1
0.366266131401062 0.7410911321640015 0.9007481336593628 -1 -1 -1 -1 -1 -1 -1 -1 -1
0.3523307144641876 0.752116322517395 0.37690868973731995 -1 -1 -1 -1 -1 -1 -1 -1 -1
0.35065698623657227 0.7677398920059204 0.8972318172454834 -1 -1 -1 -1 -1 -1 -1 -1 -1
0.3816879987716675 0.7662389278411865 0.35623663663864136 -1 -1 -1 -1 -1 -1 -1 -1 -1
0.37939298152923584 0.780177891254425 0.8858991861343384 -1 -1 -1 -1 -1 -1 -1 -1 -1
1 
33 
-1 -1 -1 -1 -1 -1 -1 -1 -1 -1
0.38382524251937866 0.29348981380462646 0.9778873324394226 -1 -1 -1 -1 -1 -1 -1 -1 -1
0.3826689124107361 0.2834530472755432 0.9778627157211304 -1 -1 -1 -1 -1 -1 -1 -1 -1
0.3822992146015167 0.2833431661128998 0.9638029932975769 -1 -1 -1 -1 -1 -1 -1 -1 -1
0.38197070360183716 0.28306686878204346 0.978523850440979 -1 -1 -1 -1 -1 -1 -1 -1 -1
0.3816286623477936 0.2829037606716156 0.9822496175765991 -1 -1 -1 -1 -1 -1 -1 -1 -1
0.3804638683795929 0.2823944091796875 0.9765798449516296 -1 -1 -1 -1 -1 -1 -1 -1 -1
0.3793066740036011 0.28171396255493164 0.9839649200439453 -1 -1 -1 -1 -1 -1 -1 -1 -1
0.3719455897808075 0.2828475832939148 0.9486846923828125 -1 -1 -1 -1 -1 -1 -1 -1 -1
0.36916759610176086 0.2820524573326111 0.9788928031921387 -1 -1 -1 -1 -1 -1 -1 -1 -1
0.3805515468120575 0.3020835518836975 0.9555731415748596 -1 -1 -1 -1 -1 -1 -1 -1 -1
0.3788696825504303 0.3007955551147461 0.9654004573822021 -1 -1 -1 -1 -1 -1 -1 -1 -1
0.3561467230319977 0.31915283203125 0.9861146211624146 -1 -1 -1 -1 -1 -1 -1 -1 -1
0.34686022996902466 0.3115139901638031 0.9970645308494568 -1 -1 -1 -1 -1 -1 -1 -1 -1
0.37104955315589905 0.2319747507572174 0.2178322821855545 -1 -1 -1 -1 -1 -1 -1 -1 -1
0.35923588275909424 0.2247316837310791 0.9810015559196472 -1 -1 -1 -1 -1 -1 -1 -1 -1
0.3760753273963928 0.1447993516921997 0.5254175066947937 -1 -1 -1 -1 -1 -1 -1 -1 -1
0.36085325479507446 0.13647258281707764 0.9851217269897461 -1 -1 -1 -1 -1 -1 -1 -1 -1
0.3787608742713928 0.1283741295337677 0.5634020566940308 -1 -1 -1 -1 -1 -1 -1 -1 -1
0.3589468002319336 0.11485430598258972 0.9751611351966858 -1 -1 -1 -1 -1 -1 -1 -1 -1
0.3782374858856201 0.12606316804885864 0.5655272006988525 -1 -1 -1 -1 -1 -1 -1 -1 -1
0.36029747128486633 0.11316806077957153 0.9711378216743469 -1 -1 -1 -1 -1 -1 -1 -1 -1
0.37679848074913025 0.1305578052997589 0.571989893913269 -1 -1 -1 -1 -1 -1 -1 -1 -1
0.36132052540779114 0.12257334589958191 0.9578239917755127 -1 -1 -1 -1 -1 -1 -1 -1 -1
0.3572935461997986 0.5075375437736511 0.996325671672821 -1 -1 -1 -1 -1 -1 -1 -1 -1
0.3543536365032196 0.5046414732933044 0.9971559047698975 -1 -1 -1 -1 -1 -1 -1 -1 -1
0.37545400857925415 0.6249127388000488 0.12495861947536469 -1 -1 -1 -1 -1 -1 -1 -1 -1
0.3739964962005615 0.613603413105011 0.72575443983078 -1 -1 -1 -1 -1 -1 -1 -1 -1
0.3549666404724121 0.7495979070663452 0.186039000749588 -1 -1 -1 -1 -1 -1 -1 -1 -1
0.367046982049942 0.7404435873031616 0.7662701606750488 -1 -1 -1 -1 -1 -1 -1 -1 -1
0.3462357521057129 0.7658637762069702 0.2894960045814514 -1 -1 -1 -1 -1 -1 -1 -1 -1
0.351730614900589 0.7708066701889038 0.8048277497291565 -1 -1 -1 -1 -1 -1 -1 -1 -1
0.3675443232059479 0.7852389812469482 0.27319908142089844 -1 -1 -1 -1 -1 -1 -1 -1 -1
0.37774229049682617 0.7847557663917542 0.7753996253013611 -1 -1 -1 -1 -1 -1 -1 -1 -1
1 
33 
-1 -1 -1 -1 -1 -1 -1 -1 -1 -1
0.3880610466003418 0.3174384534358978 0.9912217855453491 -1 -1 -1 -1 -1 -1 -1 -1 -1
0.38744693994522095 0.30528897047042847 0.9897463321685791 -1 -1 -1 -1 -1 -1 -1 -1 -1
0.3873338997364044 0.304676353931427 0.9843373894691467 -1 -1 -1 -1 -1 -1 -1 -1 -1
0.3873245120048523 0.3040708899497986 0.9889761209487915 -1 -1 -1 -1 -1 -1 -1 -1 -1
0.3857521116733551 0.3050360083580017 0.991661548614502 -1 -1 -1 -1 -1 -1 -1 -1 -1
0.3843027949333191 0.3041917681694031 0.9900184869766235 -1 -1 -1 -1 -1 -1 -1 -1 -1
0.3828916549682617 0.3033658564090729 0.9927302002906799 -1 -1 -1 -1 -1 -1 -1 -1 -1
0.3781924843788147 0.3016921877861023 0.9788269996643066 -1 -1 -1 -1 -1 -1 -1 -1 -1
0.37257298827171326 0.3019621968269348 0.9893348813056946 -1 -1 -1 -1 -1 -1 -1 -1 -1
0.38421615958213806 0.324451208114624 0.9781411290168762 -1 -1 -1 -1 -1 -1 -1 -1 -1
0.3818899989128113 0.32402876019477844 0.9862281084060669 -1 -1 -1 -1 -1 -1 -1 -1 -1
0.3597511947154999 0.327548086643219 0.988868236541748 -1 -1 -1 -1 -1 -1 -1 -1 -1
0.3523539900779724 0.3298681378364563 0.9986825585365295 -1 -1 -1 -1 -1 -1 -1 -1 -1
0.3705402612686157 0.251369446516037 0.28362923860549927 -1 -1 -1 -1 -1 -1 -1 -1 -1
0.357805460691452 0.24360740184783936 0.9755708575248718 -1 -1 -1 -1 -1 -1 -1 -1 -1
0.37719184160232544 0.16494441032409668 0.6334876418113708 -1 -1 -1 -1 -1 -1 -1 -1 -1
0.3550761044025421 0.15255975723266602 0.9868671894073486 -1 -1 -1 -1 -1 -1 -1 -1 -1
0.377738893032074 0.14451536536216736 0.6617727279663086 -1 -1 -1 -1 -1 -1 -1 -1 -1
0.35073527693748474 0.13040292263031006 0.9797120690345764 -1 -1 -1 -1 -1 -1 -1 -1 -1
0.3782202899456024 0.14316874742507935 0.659865140914917 -1 -1 -1 -1 -1 -1 -1 -1 -1
0.3526271879673004 0.12980219721794128 0.9770291447639465 -1 -1 -1 -1 -1 -1 -1 -1 -1
0.37714076042175293 0.1495327353477478 0.6586284041404724 -1 -1 -1 -1 -1 -1 -1 -1 -1
0.3550972044467926 0.13690218329429626 0.966719388961792 -1 -1 -1 -1 -1 -1 -1 -1 -1
0.35935598611831665 0.522615373134613 0.9968808889389038 -1 -1 -1 -1 -1 -1 -1 -1 -1
0.3543846011161804 0.5263846516609192 0.9990399479866028 -1 -1 -1 -1 -1 -1 -1 -1 -1
0.38489240407943726 0.6229112148284912 0.27126216888427734 -1 -1 -1 -1 -1 -1 -1 -1 -1
0.3794873356819153 0.6133307814598083 0.9363574385643005 -1 -1 -1 -1 -1 -1 -1 -1 -1
0.3605346381664276 0.7233322858810425 0.2923184335231781 -1 -1 -1 -1 -1 -1 -1 -1 -1
0.3708491027355194 0.7515032291412354 0.9370778799057007 -1 -1 -1 -1 -1 -1 -1 -1 -1
0.3539862632751465 0.7396958470344543 0.38156113028526306 -1 -1 -1 -1 -1 -1 -1 -1 -1
0.3620229959487915 0.769650399684906 0.9238663911819458 -1 -1 -1 -1 -1 -1 -1 -1 -1
0.3733697235584259 0.7743207216262817 0.36398550868034363 -1 -1 -1 -1 -1 -1 -1 -1 -1
0.3900357186794281 0.7966549396514893 0.9215759038925171 -1 -1 -1 -1 -1 -1 -1 -1 -1
1 
33 
-1 -1 -1 -1 -1 -1 -1 -1 -1 -1
0.38578152656555176 0.32310056686401367 0.9995508790016174 -1 -1 -1 -1 -1 -1 -1 -1 -1
0.3856041431427002 0.31289851665496826 0.9994571805000305 -1 -1 -1 -1 -1 -1 -1 -1 -1
0.3855136036872864 0.31288498640060425 0.9991886019706726 -1 -1 -1 -1 -1 -1 -1 -1 -1
0.38548049330711365 0.3127516508102417 0.9993708729743958 -1 -1 -1 -1 -1 -1 -1 -1 -1
0.38393715023994446 0.31114235520362854 0.9996309280395508 -1 -1 -1 -1 -1 -1 -1 -1 -1
0.3826163411140442 0.30998262763023376 0.9995985627174377 -1 -1 -1 -1 -1 -1 -1 -1 -1
0.3813394606113434 0.30871447920799255 0.999687671661377 -1 -1 -1 -1 -1 -1 -1 -1 -1
0.37811949849128723 0.3125450611114502 0.9988786578178406 -1 -1 -1 -1 -1 -1 -1 -1 -1
0.37324759364128113 0.3090818524360657 0.9994266033172607 -1 -1 -1 -1 -1 -1 -1 -1 -1
0.38251081109046936 0.32968807220458984 0.9988009929656982 -1 -1 -1 -1 -1 -1 -1 -1 -1
0.3799508213996887 0.3270712196826935 0.9992881417274475 -1 -1 -1 -1 -1 -1 -1 -1 -1
0.3641431927680969 0.34752029180526733 0.9952746629714966 -1 -1 -1 -1 -1 -1 -1 -1 -1
0.3487870991230011 0.3356855511665344 0.9997952580451965 -1 -1 -1 -1 -1 -1 -1 -1 -1
0.3850767910480499 0.2841404676437378 0.2835017144680023 -1 -1 -1 -1 -1 -1 -1 -1 -1
0.35366106033325195 0.2551005184650421 0.9890041947364807 -1 -1 -1 -1 -1 -1 -1 -1 -1
0.3902043402194977 0.21213218569755554 0.5709465146064758 -1 -1 -1 -1 -1 -1 -1 -1 -1
0.3553231656551361 0.17345476150512695 0.9895406365394592 -1 -1 -1 -1 -1 -1 -1 -1 -1
0.381611704826355 0.19105175137519836 0.5935369729995728 -1 -1 -1 -1 -1 -1 -1 -1 -1
0.3500753939151764 0.15480995178222656 0.9834226369857788 -1 -1 -1 -1 -1 -1 -1 -1 -1
0.39216405153274536 0.18507343530654907 0.5924162864685059 -1 -1 -1 -1 -1 -1 -1 -1 -1
0.3538972735404968 0.15584680438041687 0.9811679124832153 -1 -1 -1 -1 -1 -1 -1 -1 -1
0.3919801115989685 0.19035419821739197 0.606816291809082 -1 -1 -1 -1 -1 -1 -1 -1 -1
0.3553141951560974 0.16277623176574707 0.97304767370224 -1 -1 -1 -1 -1 -1 -1 -1 -1
0.3589223027229309 0.5250120759010315 0.9989643096923828 -1 -1 -1 -1 -1 -1 -1 -1 -1
0.3503994643688202 0.5271928310394287 0.9998624324798584 -1 -1 -1 -1 -1 -1 -1 -1 -1
0.3756420910358429 0.620243489742279 0.339236319065094 -1 -1 -1 -1 -1 -1 -1 -1 -1
0.37719330191612244 0.6171608567237854 0.9835280179977417 -1 -1 -1 -1 -1 -1 -1 -1 -1
0.3445577025413513 0.7138175964355469 0.48182323575019836 -1 -1 -1 -1 -1 -1 -1 -1 -1
0.36788567900657654 0.7565531134605408 0.9844176769256592 -1 -1 -1 -1 -1 -1 -1 -1 -1
0.3353188633918762 0.7248321175575256 0.6085114479064941 -1 -1 -1 -1 -1 -1 -1 -1 -1
0.3595277667045593 0.7748205661773682 0.9796041250228882 -1 -1 -1 -1 -1 -1 -1 -1 -1
0.36028560996055603 0.7574741840362549 0.5206813216209412 -1 -1 -1 -1 -1 -1 -1 -1 -1
0.38341501355171204 0.8000015616416931 0.9705283045768738 -1 -1 -1 -1 -1 -1 -1 -1 -1
1 
33 
-1 -1 -1 -1 -1 -1 -1 -1 -1 -1
0.39267104864120483 0.34762316942214966 0.9962769150733948 -1 -1 -1 -1 -1 -1 -1 -1 -1
0.3915644586086273 0.33465060591697693 0.9954676628112793 -1 -1 -1 -1 -1 -1 -1 -1 -1
0.3910161852836609 0.33371809124946594 0.993035614490509 -1 -1 -1 -1 -1 -1 -1 -1 -1
0.3904029130935669 0.33260807394981384 0.9947822690010071 -1 -1 -1 -1 -1 -1 -1 -1 -1
0.39029228687286377 0.33388298749923706 0.9965909719467163 -1 -1 -1 -1 -1 -1 -1 -1 -1
0.38881805539131165 0.3324826955795288 0.9958791732788086 -1 -1 -1 -1 -1 -1 -1 -1 -1
0.3872399628162384 0.3309890627861023 0.9967171549797058 -1 -1 -1 -1 -1 -1 -1 -1 -1
0.3801308572292328 0.3264960050582886 0.9891728162765503 -1 -1 -1 -1 -1 -1 -1 -1 -1
0.3768511414527893 0.3266783356666565 0.9943623542785645 -1 -1 -1 -1 -1 -1 -1 -1 -1
0.3880837857723236 0.3542320430278778 0.9909111857414246 -1 -1 -1 -1 -1 -1 -1 -1 -1
0.3865537643432617 0.35344693064689636 0.9938509464263916 -1 -1 -1 -1 -1 -1 -1 -1 -1
0.36048999428749084 0.3542807996273041 0.9915581941604614 -1 -1 -1 -1 -1 -1 -1 -1 -1
0.3557260036468506 0.35808777809143066 0.99919193983078 -1 -1 -1 -1 -1 -1 -1 -1 -1
0.37380966544151306 0.2963581681251526 0.22387567162513733 -1 -1 -1 -1 -1 -1 -1 -1 -1
0.3589317202568054 0.2786848843097687 0.9700188040733337 -1 -1 -1 -1 -1 -1 -1 -1 -1
0.3705291748046875 0.21496108174324036 0.565467357635498 -1 -1 -1 -1 -1 -1 -1 -1 -1
0.3464811146259308 0.19319677352905273 0.9788428544998169 -1 -1 -1 -1 -1 -1 -1 -1 -1
0.3632737398147583 0.19933417439460754 0.6041691303253174 -1 -1 -1 -1 -1 -1 -1 -1 -1
0.3430711030960083 0.18395328521728516 0.9713194370269775 -1 -1 -1 -1 -1 -1 -1 -1 -1
0.3628745377063751 0.19941672682762146 0.6016247272491455 -1 -1 -1 -1 -1 -1 -1 -1 -1
0.3403463363647461 0.1826162040233612 0.9678922295570374 -1 -1 -1 -1 -1 -1 -1 -1 -1
0.3634488880634308 0.20348870754241943 0.6075176000595093 -1 -1 -1 -1 -1 -1 -1 -1 -1
0.3443051278591156 0.18686014413833618 0.9554067850112915 -1 -1 -1 -1 -1 -1 -1 -1 -1
0.36098599433898926 0.5434765815734863 0.9985552430152893 -1 -1 -1 -1 -1 -1 -1 -1 -1
0.35608309507369995 0.551620602607727 0.9997511506080627 -1 -1 -1 -1 -1 -1 -1 -1 -1
0.3679185211658478 0.6468387246131897 0.16113778948783875 -1 -1 -1 -1 -1 -1 -1 -1 -1
0.3733789324760437 0.6397584080696106 0.9426096081733704 -1 -1 -1 -1 -1 -1 -1 -1 -1
0.35307765007019043 0.7403448820114136 0.38766127824783325 -1 -1 -1 -1 -1 -1 -1 -1 -1
0.37231704592704773 0.766718864440918 0.9649055600166321 -1 -1 -1 -1 -1 -1 -1 -1 -1
0.3462046980857849 0.7529945969581604 0.537424623966217 -1 -1 -1 -1 -1 -1 -1 -1 -1
0.3649272918701172 0.7800332903862 0.9698019027709961 -1 -1 -1 -1 -1 -1 -1 -1 -1
0.371877521276474 0.7799062728881836 0.4771350026130676 -1 -1 -1 -1 -1 -1 -1 -1 -1
0.3815781772136688 0.8222223520278931 0.9507316946983337 -1 -1 -1 -1 -1 -1 -1 -1 -1
1 
33 
-1 -1 -1 -1 -1 -1 -1 -1 -1 -1
0.3928874731063843 0.36272913217544556 0.9985026121139526 -1 -1 -1 -1 -1 -1 -1 -1 -1
0.392244815826416 0.35269469022750854 0.9986717700958252 -1 -1 -1 -1 -1 -1 -1 -1 -1
0.39161500334739685 0.35215309262275696 0.9981702566146851 -1 -1 -1 -1 -1 -1 -1 -1 -1
0.3909430205821991 0.35137900710105896 0.9985224604606628 -1 -1 -1 -1 -1 -1 -1 -1 -1
0.3909619152545929 0.3512157201766968 0.9990541338920593 -1 -1 -1 -1 -1 -1 -1 -1 -1
0.38936933875083923 0.3497592806816101 0.9989184141159058 -1 -1 -1 -1 -1 -1 -1 -1 -1
0.38766372203826904 0.348096638917923 0.9990277290344238 -1 -1 -1 -1 -1 -1 -1 -1 -1
0.38079699873924255 0.34823715686798096 0.9966379404067993 -1 -1 -1 -1 -1 -1 -1 -1 -1
0.3772277534008026 0.3452788293361664 0.9982672929763794 -1 -1 -1 -1 -1 -1 -1 -1 -1
0.38657429814338684 0.36908429861068726 0.9948707818984985 -1 -1 -1 -1 -1 -1 -1 -1 -1
0.3850042521953583 0.36677563190460205 0.9973817467689514 -1 -1 -1 -1 -1 -1 -1 -1 -1
0.3609537184238434 0.3846549689769745 0.9943497776985168 -1 -1 -1 -1 -1 -1 -1 -1 -1
0.35624849796295166 0.3751896321773529 0.9997270703315735 -1 -1 -1 -1 -1 -1 -1 -1 -1
0.36591359972953796 0.3138969838619232 0.19335834681987762 -1 -1 -1 -1 -1 -1 -1 -1 -1
0.34385326504707336 0.2955552041530609 0.9603955745697021 -1 -1 -1 -1 -1 -1 -1 -1 -1
0.3597108721733093 0.24110230803489685 0.4274219572544098 -1 -1 -1 -1 -1 -1 -1 -1 -1
0.3241752088069916 0.22813445329666138 0.9507510662078857 -1 -1 -1 -1 -1 -1 -1 -1 -1
0.35653409361839294 0.22379669547080994 0.4594213664531708 -1 -1 -1 -1 -1 -1 -1 -1 -1
0.3195410370826721 0.21367594599723816 0.9372486472129822 -1 -1 -1 -1 -1 -1 -1 -1 -1
0.35487398505210876 0.2226056456565857 0.4589974880218506 -1 -1 -1 -1 -1 -1 -1 -1 -1
0.3180869519710541 0.21484264731407166 0.9320999979972839 -1 -1 -1 -1 -1 -1 -1 -1 -1
0.3560601472854614 0.22876721620559692 0.4663749635219574 -1 -1 -1 -1 -1 -1 -1 -1 -1
0.31981727480888367 0.2217588722705841 0.9069161415100098 -1 -1 -1 -1 -1 -1 -1 -1 -1
0.36102479696273804 0.561698853969574 0.9995229244232178 -1 -1 -1 -1 -1 -1 -1 -1 -1
0.35009610652923584 0.568487823009491 0.99997878074646 -1 -1 -1 -1 -1 -1 -1 -1 -1
0.3737223744392395 0.6505220532417297 0.17547200620174408 -1 -1 -1 -1 -1 -1 -1 -1 -1
0.3730015754699707 0.6510710716247559 0.986208438873291 -1 -1 -1 -1 -1 -1 -1 -1 -1
0.3473413586616516 0.6911773681640625 0.3114495277404785 -1 -1 -1 -1 -1 -1 -1 -1 -1
0.3684232532978058 0.7958199977874756 0.9881041646003723 -1 -1 -1 -1 -1 -1 -1 -1 -1
0.33945125341415405 0.6957756876945496 0.4387773275375366 -1 -1 -1 -1 -1 -1 -1 -1 -1
0.36035507917404175 0.8157730102539062 0.9844192862510681 -1 -1 -1 -1 -1 -1 -1 -1 -1
0.3598659038543701 0.7166851758956909 0.45312103629112244 -1 -1 -1 -1 -1 -1 -1 -1 -1
0.38667938113212585 0.84385085105896 0.9842984676361084 -1 -1 -1 -1 -1 -1 -1 -1 -1
1 
33 
-1 -1 -1 -1 -1 -1 -1 -1 -1 -1
0.39876580238342285 0.3833472430706024 0.9998315572738647 -1 -1 -1 -1 -1 -1 -1 -1 -1
0.3979816436767578 0.37007570266723633 0.9998948574066162 -1 -1 -1 -1 -1 -1 -1 -1 -1
0.39746570587158203 0.3692725896835327 0.9998273253440857 -1 -1 -1 -1 -1 -1 -1 -1 -1
0.3969452381134033 0.3683496117591858 0.9998964071273804 -1 -1 -1 -1 -1 -1 -1 -1 -1
0.3975410759449005 0.36951783299446106 0.999896764755249 -1 -1 -1 -1 -1 -1 -1 -1 -1
0.39666450023651123 0.3683663606643677 0.999883770942688 -1 -1 -1 -1 -1 -1 -1 -1 -1
0.39570263028144836 0.3670590817928314 0.9999139308929443 -1 -1 -1 -1 -1 -1 -1 -1 -1
0.3894451856613159 0.368149995803833 0.9999240636825562 -1 -1 -1 -1 -1 -1 -1 -1 -1
0.3870497941970825 0.36543479561805725 0.9998934268951416 -1 -1 -1 -1 -1 -1 -1 -1 -1
0.3926308751106262 0.39200568199157715 0.9997698664665222 -1 -1 -1 -1 -1 -1 -1 -1 -1
0.39209482073783875 0.3912854790687561 0.9997966885566711 -1 -1 -1 -1 -1 -1 -1 -1 -1
0.3657442331314087 0.4221394658088684 0.9993426203727722 -1 -1 -1 -1 -1 -1 -1 -1 -1
0.3645939230918884 0.4039996564388275 0.9997642636299133 -1 -1 -1 -1 -1 -1 -1 -1 -1
0.3751835525035858 0.4968031644821167 0.07382361590862274 -1 -1 -1 -1 -1 -1 -1 -1 -1
0.33521267771720886 0.36277255415916443 0.9834743142127991 -1 -1 -1 -1 -1 -1 -1 -1 -1
0.38047367334365845 0.5189667344093323 0.24538776278495789 -1 -1 -1 -1 -1 -1 -1 -1 -1
0.3174160420894623 0.31827422976493835 0.9799230694770813 -1 -1 -1 -1 -1 -1 -1 -1 -1
0.3869515359401703 0.5429037809371948 0.26825666427612305 -1 -1 -1 -1 -1 -1 -1 -1 -1
0.3076631426811218 0.3064710795879364 0.9656602740287781 -1 -1 -1 -1 -1 -1 -1 -1 -1
0.3842330574989319 0.5246017575263977 0.28385037183761597 -1 -1 -1 -1 -1 -1 -1 -1 -1
0.31303054094314575 0.3075597286224365 0.9629780650138855 -1 -1 -1 -1 -1 -1 -1 -1 -1
0.38309958577156067 0.522663414478302 0.288840651512146 -1 -1 -1 -1 -1 -1 -1 -1 -1
0.31606000661849976 0.31379076838493347 0.9483137726783752 -1 -1 -1 -1 -1 -1 -1 -1 -1
0.3465527594089508 0.5883105397224426 0.9998013377189636 -1 -1 -1 -1 -1 -1 -1 -1 -1
0.34417328238487244 0.584717333316803 0.999722421169281 -1 -1 -1 -1 -1 -1 -1 -1 -1
0.37628281116485596 0.6900716423988342 0.3403221070766449 -1 -1 -1 -1 -1 -1 -1 -1 -1
0.37626439332962036 0.6679543256759644 0.9707217812538147 -1 -1 -1 -1 -1 -1 -1 -1 -1
0.3647516071796417 0.8053268790245056 0.5297520160675049 -1 -1 -1 -1 -1 -1 -1 -1 -1
0.3638586401939392 0.8011396527290344 0.959122359752655 -1 -1 -1 -1 -1 -1 -1 -1 -1
0.3546038866043091 0.818925142288208 0.6486808061599731 -1 -1 -1 -1 -1 -1 -1 -1 -1
0.3510031998157501 0.809224009513855 0.9235937595367432 -1 -1 -1 -1 -1 -1 -1 -1 -1
0.38395822048187256 0.8467615842819214 0.7379926443099976 -1 -1 -1 -1 -1 -1 -1 -1 -1
0.38012662529945374 0.8485702276229858 0.966642439365387 -1 -1 -1 -1 -1 -1 -1 -1 -1
1 
33 
-1 -1 -1 -1 -1 -1 -1 -1 -1 -1
0.4039387106895447 0.41295677423477173 0.9997386336326599 -1 -1 -1 -1 -1 -1 -1 -1 -1
0.4043569266796112 0.3997149169445038 0.9997410178184509 -1 -1 -1 -1 -1 -1 -1 -1 -1
0.4039003849029541 0.39891329407691956 0.9996440410614014 -1 -1 -1 -1 -1 -1 -1 -1 -1
0.4034440517425537 0.39801400899887085 0.9997020363807678 -1 -1 -1 -1 -1 -1 -1 -1 -1
0.40343135595321655 0.3988499343395233 0.9998268485069275 -1 -1 -1 -1 -1 -1 -1 -1 -1
0.4023256301879883 0.3974919617176056 0.9998432397842407 -1 -1 -1 -1 -1 -1 -1 -1 -1
0.40113627910614014 0.39599287509918213 0.9998703002929688 -1 -1 -1 -1 -1 -1 -1 -1 -1
0.3956540822982788 0.3930216133594513 0.9998424053192139 -1 -1 -1 -1 -1 -1 -1 -1 -1
0.39261770248413086 0.39098653197288513 0.9998809099197388 -1 -1 -1 -1 -1 -1 -1 -1 -1
0.3981885612010956 0.41908857226371765 0.9993500113487244 -1 -1 -1 -1 -1 -1 -1 -1 -1
0.397060364484787 0.4176592230796814 0.9996769428253174 -1 -1 -1 -1 -1 -1 -1 -1 -1
0.3761872351169586 0.4343717694282532 0.9986230134963989 -1 -1 -1 -1 -1 -1 -1 -1 -1
0.3675287067890167 0.4192942976951599 0.9998641014099121 -1 -1 -1 -1 -1 -1 -1 -1 -1
0.38384342193603516 0.41562598943710327 0.1689712107181549 -1 -1 -1 -1 -1 -1 -1 -1 -1
0.3346165120601654 0.41012728214263916 0.948577880859375 -1 -1 -1 -1 -1 -1 -1 -1 -1
0.3874710500240326 0.3941662907600403 0.3038090765476227 -1 -1 -1 -1 -1 -1 -1 -1 -1
0.3042730987071991 0.4013768434524536 0.9325621128082275 -1 -1 -1 -1 -1 -1 -1 -1 -1
0.3859007656574249 0.3899105489253998 0.33644115924835205 -1 -1 -1 -1 -1 -1 -1 -1 -1
0.2927001416683197 0.3977909982204437 0.9225836992263794 -1 -1 -1 -1 -1 -1 -1 -1 -1
0.3856958746910095 0.38376855850219727 0.34561195969581604 -1 -1 -1 -1 -1 -1 -1 -1 -1
0.2960261106491089 0.39965784549713135 0.9220488667488098 -1 -1 -1 -1 -1 -1 -1 -1 -1
0.3865589499473572 0.386258065700531 0.36180755496025085 -1 -1 -1 -1 -1 -1 -1 -1 -1
0.30058181285858154 0.40443235635757446 0.8877264261245728 -1 -1 -1 -1 -1 -1 -1 -1 -1
0.3419085741043091 0.5951269865036011 0.999311089515686 -1 -1 -1 -1 -1 -1 -1 -1 -1
0.33133363723754883 0.5902127623558044 0.9993118047714233 -1 -1 -1 -1 -1 -1 -1 -1 -1
0.3831382989883423 0.6836265325546265 0.6774750351905823 -1 -1 -1 -1 -1 -1 -1 -1 -1
0.378166526556015 0.6749421954154968 0.9940544962882996 -1 -1 -1 -1 -1 -1 -1 -1 -1
0.3638315200805664 0.7926750183105469 0.7449238300323486 -1 -1 -1 -1 -1 -1 -1 -1 -1
0.3595663011074066 0.7937594056129456 0.9881304502487183 -1 -1 -1 -1 -1 -1 -1 -1 -1
0.35474318265914917 0.8050238490104675 0.7394761443138123 -1 -1 -1 -1 -1 -1 -1 -1 -1
0.34869384765625 0.8053328990936279 0.9548061490058899 -1 -1 -1 -1 -1 -1 -1 -1 -1
0.3819851577281952 0.8310508728027344 0.8328586220741272 -1 -1 -1 -1 -1 -1 -1 -1 -1
0.3780752122402191 0.8383160829544067 0.9802407026290894 -1 -1 -1 -1 -1 -1 -1 -1 -1
1 
33 
-1 -1 -1 -1 -1 -1 -1 -1 -1 -1
0.40704259276390076 0.44018375873565674 0.9979941844940186 -1 -1 -1 -1 -1 -1 -1 -1 -1
0.40742048621177673 0.4275921583175659 0.9976492524147034 -1 -1 -1 -1 -1 -1 -1 -1 -1
0.4071611762046814 0.426846444606781 0.9973806738853455 -1 -1 -1 -1 -1 -1 -1 -1 -1
0.4068892002105713 0.42602720856666565 0.997761607170105 -1 -1 -1 -1 -1 -1 -1 -1 -1
0.4061603248119354 0.42558029294013977 0.9979629516601562 -1 -1 -1 -1 -1 -1 -1 -1 -1
0.40508267283439636 0.423528790473938 0.9980111122131348 -1 -1 -1 -1 -1 -1 -1 -1 -1
0.4039436876773834 0.4213332235813141 0.9981958270072937 -1 -1 -1 -1 -1 -1 -1 -1 -1
0.39945024251937866 0.42080599069595337 0.9968708157539368 -1 -1 -1 -1 -1 -1 -1 -1 -1
0.3959197402000427 0.4163702726364136 0.9974662065505981 -1 -1 -1 -1 -1 -1 -1 -1 -1
0.4002149701118469 0.44644108414649963 0.996071457862854 -1 -1 -1 -1 -1 -1 -1 -1 -1
0.39841195940971375 0.4444606900215149 0.9976697564125061 -1 -1 -1 -1 -1 -1 -1 -1 -1
0.3742547333240509 0.4652497172355652 0.9984355568885803 -1 -1 -1 -1 -1 -1 -1 -1 -1
0.36626991629600525 0.4479960799217224 0.9997820258140564 -1 -1 -1 -1 -1 -1 -1 -1 -1
0.34836429357528687 0.523746132850647 0.04466944560408592 -1 -1 -1 -1 -1 -1 -1 -1 -1
0.33664509654045105 0.4878199100494385 0.871639609336853 -1 -1 -1 -1 -1 -1 -1 -1 -1
0.3297273516654968 0.5692813396453857 0.06469455361366272 -1 -1 -1 -1 -1 -1 -1 -1 -1
0.31725603342056274 0.5451400279998779 0.8449438214302063 -1 -1 -1 -1 -1 -1 -1 -1 -1
0.3223857879638672 0.5848475098609924 0.08621469885110855 -1 -1 -1 -1 -1 -1 -1 -1 -1
0.30783161520957947 0.5563341975212097 0.8405321836471558 -1 -1 -1 -1 -1 -1 -1 -1 -1
0.32523995637893677 0.5821956396102905 0.08818693459033966 -1 -1 -1 -1 -1 -1 -1 -1 -1
0.31329864263534546 0.5615544319152832 0.8278321027755737 -1 -1 -1 -1 -1 -1 -1 -1 -1
0.32754167914390564 0.5763579607009888 0.08873743563890457 -1 -1 -1 -1 -1 -1 -1 -1 -1
0.31676989793777466 0.5585578680038452 0.7524126768112183 -1 -1 -1 -1 -1 -1 -1 -1 -1
0.3318744897842407 0.6073040962219238 0.9992241859436035 -1 -1 -1 -1 -1 -1 -1 -1 -1
0.3217228949069977 0.6014135479927063 0.9987890124320984 -1 -1 -1 -1 -1 -1 -1 -1 -1
0.37864553928375244 0.6820470094680786 0.5132501125335693 -1 -1 -1 -1 -1 -1 -1 -1 -1
0.3798006772994995 0.6675461530685425 0.9662079811096191 -1 -1 -1 -1 -1 -1 -1 -1 -1
0.3537471890449524 0.777766764163971 0.5898311734199524 -1 -1 -1 -1 -1 -1 -1 -1 -1
0.3485528826713562 0.7724179029464722 0.934808075428009 -1 -1 -1 -1 -1 -1 -1 -1 -1
0.33968570828437805 0.7918868660926819 0.6124864220619202 -1 -1 -1 -1 -1 -1 -1 -1 -1
0.336025595664978 0.7813899517059326 0.8312581181526184 -1 -1 -1 -1 -1 -1 -1 -1 -1
0.37272152304649353 0.8170391917228699 0.7124201059341431 -1 -1 -1 -1 -1 -1 -1 -1 -1
0.36924201250076294 0.8172507286071777 0.9222376346588135 -1 -1 -1 -1 -1 -1 -1 -1 -1
1 
33 
-1 -1 -1 -1 -1 -1 -1 -1 -1 -1
0.41146406531333923 0.4779343008995056 0.9984532594680786 -1 -1 -1 -1 -1 -1 -1 -1 -1
0.41183456778526306 0.46558451652526855 0.9987938404083252 -1 -1 -1 -1 -1 -1 -1 -1 -1
0.4113950729370117 0.46481990814208984 0.9990758895874023 -1 -1 -1 -1 -1 -1 -1 -1 -1
0.41087639331817627 0.4640265107154846 0.9989863038063049 -1 -1 -1 -1 -1 -1 -1 -1 -1
0.4106728732585907 0.4651433825492859 0.9984550476074219 -1 -1 -1 -1 -1 -1 -1 -1 -1
0.4094080328941345 0.46399345993995667 0.9985062479972839 -1 -1 -1 -1 -1 -1 -1 -1 -1
0.40798693895339966 0.4626772999763489 0.9985836744308472 -1 -1 -1 -1 -1 -1 -1 -1 -1
0.4023296535015106 0.45965397357940674 0.9989097118377686 -1 -1 -1 -1 -1 -1 -1 -1 -1
0.39842066168785095 0.4582691192626953 0.9988359808921814 -1 -1 -1 -1 -1 -1 -1 -1 -1
0.4057886600494385 0.48479780554771423 0.9969441294670105 -1 -1 -1 -1 -1 -1 -1 -1 -1
0.40425989031791687 0.4849640727043152 0.998464822769165 -1 -1 -1 -1 -1 -1 -1 -1 -1
0.3758893311023712 0.48915934562683105 0.998965859413147 -1 -1 -1 -1 -1 -1 -1 -1 -1
0.3686705231666565 0.4966150224208832 0.9996626377105713 -1 -1 -1 -1 -1 -1 -1 -1 -1
0.34127840399742126 0.5405766367912292 0.056079089641571045 -1 -1 -1 -1 -1 -1 -1 -1 -1
0.3250219225883484 0.5435088276863098 0.9195033311843872 -1 -1 -1 -1 -1 -1 -1 -1 -1
0.33116549253463745 0.5929480195045471 0.07078323513269424 -1 -1 -1 -1 -1 -1 -1 -1 -1
0.3111302852630615 0.5849826335906982 0.7081079483032227 -1 -1 -1 -1 -1 -1 -1 -1 -1
0.3292767405509949 0.6079985499382019 0.09154780954122543 -1 -1 -1 -1 -1 -1 -1 -1 -1
0.3068150579929352 0.5941392183303833 0.6644590497016907 -1 -1 -1 -1 -1 -1 -1 -1 -1
0.32953575253486633 0.6083369255065918 0.09427142888307571 -1 -1 -1 -1 -1 -1 -1 -1 -1
0.30924737453460693 0.5946529507637024 0.6644214391708374 -1 -1 -1 -1 -1 -1 -1 -1 -1
0.32561513781547546 0.5994731783866882 0.09999553859233856 -1 -1 -1 -1 -1 -1 -1 -1 -1
0.31034567952156067 0.5922869443893433 0.6063781976699829 -1 -1 -1 -1 -1 -1 -1 -1 -1
0.33154770731925964 0.6066380143165588 0.9982119798660278 -1 -1 -1 -1 -1 -1 -1 -1 -1
0.3197701573371887 0.6170807480812073 0.9987074136734009 -1 -1 -1 -1 -1 -1 -1 -1 -1
0.3817800283432007 0.6649899482727051 0.6883835196495056 -1 -1 -1 -1 -1 -1 -1 -1 -1
0.37653398513793945 0.6725766658782959 0.9908575415611267 -1 -1 -1 -1 -1 -1 -1 -1 -1
0.3568950891494751 0.7425844669342041 0.7465283870697021 -1 -1 -1 -1 -1 -1 -1 -1 -1
0.3508225083351135 0.7704446315765381 0.9708772897720337 -1 -1 -1 -1 -1 -1 -1 -1 -1
0.3514713644981384 0.7610313296318054 0.6348655223846436 -1 -1 -1 -1 -1 -1 -1 -1 -1
0.34073615074157715 0.7834140062332153 0.8709097504615784 -1 -1 -1 -1 -1 -1 -1 -1 -1
0.38037195801734924 0.7786498069763184 0.8214411735534668 -1 -1 -1 -1 -1 -1 -1 -1 -1
0.3783362805843353 0.7989025115966797 0.9579135775566101 -1 -1 -1 -1 -1 -1 -1 -1 -1
1 
33 
-1 -1 -1 -1 -1 -1 -1 -1 -1 -1
0.32372191548347473 0.6147944927215576 0.993760883808136 -1 -1 -1 -1 -1 -1 -1 -1 -1
0.3226105272769928 0.6270065307617188 0.9895416498184204 -1 -1 -1 -1 -1 -1 -1 -1 -1
0.32262104749679565 0.6280824542045593 0.9859834313392639 -1 -1 -1 -1 -1 -1 -1 -1 -1
0.3227003216743469 0.6293404698371887 0.990233302116394 -1 -1 -1 -1 -1 -1 -1 -1 -1
0.3231639862060547 0.625106155872345 0.9899757504463196 -1 -1 -1 -1 -1 -1 -1 -1 -1
0.3236221671104431 0.6249985098838806 0.9876096248626709 -1 -1 -1 -1 -1 -1 -1 -1 -1
0.3228146433830261 0.6218580603599548 0.9908906817436218 -1 -1 -1 -1 -1 -1 -1 -1 -1
0.3234047591686249 0.6276030540466309 0.9855374693870544 -1 -1 -1 -1 -1 -1 -1 -1 -1
0.32429274916648865 0.6224973201751709 0.9823441505432129 -1 -1 -1 -1 -1 -1 -1 -1 -1
0.3250410258769989 0.6102614998817444 0.9910078644752502 -1 -1 -1 -1 -1 -1 -1 -1 -1
0.32379287481307983 0.6065047979354858 0.9893966317176819 -1 -1 -1 -1 -1 -1 -1 -1 -1
0.3314049541950226 0.5925987362861633 0.9983388185501099 -1 -1 -1 -1 -1 -1 -1 -1 -1
0.3307463526725769 0.5917130708694458 0.9994708895683289 -1 -1 -1 -1 -1 -1 -1 -1 -1
0.35807275772094727 0.6562835574150085 0.3062705397605896 -1 -1 -1 -1 -1 -1 -1 -1 -1
0.3536134362220764 0.6540430188179016 0.7793489098548889 -1 -1 -1 -1 -1 -1 -1 -1 -1
0.35819724202156067 0.7280164361000061 0.4626609683036804 -1 -1 -1 -1 -1 -1 -1 -1 -1
0.3568463921546936 0.7212517261505127 0.9195224046707153 -1 -1 -1 -1 -1 -1 -1 -1 -1
0.3598482310771942 0.7503939867019653 0.48005467653274536 -1 -1 -1 -1 -1 -1 -1 -1 -1
0.355555921792984 0.7412115335464478 0.9099626541137695 -1 -1 -1 -1 -1 -1 -1 -1 -1
0.35628175735473633 0.74395352602005 0.48272180557250977 -1 -1 -1 -1 -1 -1 -1 -1 -1
0.35313940048217773 0.7433228492736816 0.9114980101585388 -1 -1 -1 -1 -1 -1 -1 -1 -1
0.35449451208114624 0.7426356673240662 0.4445987939834595 -1 -1 -1 -1 -1 -1 -1 -1 -1
0.3554305136203766 0.7357000112533569 0.8822636008262634 -1 -1 -1 -1 -1 -1 -1 -1 -1
0.43090659379959106 0.5162319540977478 0.9978296160697937 -1 -1 -1 -1 -1 -1 -1 -1 -1
0.4298877716064453 0.5109624862670898 0.9977182149887085 -1 -1 -1 -1 -1 -1 -1 -1 -1
0.44364333152770996 0.5654627084732056 0.1925576776266098 -1 -1 -1 -1 -1 -1 -1 -1 -1
0.43186068534851074 0.5196057558059692 0.25567615032196045 -1 -1 -1 -1 -1 -1 -1 -1 -1
0.4500806927680969 0.5469989776611328 0.10647647827863693 -1 -1 -1 -1 -1 -1 -1 -1 -1
0.4638287425041199 0.5612906217575073 0.2411489635705948 -1 -1 -1 -1 -1 -1 -1 -1 -1
0.44811058044433594 0.5440604090690613 0.1439642310142517 -1 -1 -1 -1 -1 -1 -1 -1 -1
0.46626076102256775 0.5717090368270874 0.4126257002353668 -1 -1 -1 -1 -1 -1 -1 -1 -1
0.4553321599960327 0.5456815361976624 0.16995754837989807 -1 -1 -1 -1 -1 -1 -1 -1 -1
0.4806438088417053 0.5781351923942566 0.37186896800994873 -1 -1 -1 -1 -1 -1 -1 -1 -1
1 
33 
-1 -1 -1 -1 -1 -1 -1 -1 -1 -1
0.40259504318237305 0.517279326915741 0.9938209652900696 -1 -1 -1 -1 -1 -1 -1 -1 -1
0.4013289511203766 0.5071771144866943 0.9923198819160461 -1 -1 -1 -1 -1 -1 -1 -1 -1
0.4007773697376251 0.5067859292030334 0.990620493888855 -1 -1 -1 -1 -1 -1 -1 -1 -1
0.4001408517360687 0.5063201189041138 0.9949324727058411 -1 -1 -1 -1 -1 -1 -1 -1 -1
0.4010279178619385 0.506726861000061 0.9915769100189209 -1 -1 -1 -1 -1 -1 -1 -1 -1
0.40029650926589966 0.5061155557632446 0.988303005695343 -1 -1 -1 -1 -1 -1 -1 -1 -1
0.39951661229133606 0.5054337978363037 0.9923191666603088 -1 -1 -1 -1 -1 -1 -1 -1 -1
0.39397668838500977 0.5055046081542969 0.9901368618011475 -1 -1 -1 -1 -1 -1 -1 -1 -1
0.39308252930641174 0.5056766867637634 0.9874294400215149 -1 -1 -1 -1 -1 -1 -1 -1 -1
0.3964303731918335 0.5220659971237183 0.9947847723960876 -1 -1 -1 -1 -1 -1 -1 -1 -1
0.3960629403591156 0.5214331746101379 0.9957488775253296 -1 -1 -1 -1 -1 -1 -1 -1 -1
0.3742401599884033 0.5435658693313599 0.9977343082427979 -1 -1 -1 -1 -1 -1 -1 -1 -1
0.37023186683654785 0.545860767364502 0.9991070628166199 -1 -1 -1 -1 -1 -1 -1 -1 -1
0.36424708366394043 0.61330646276474 0.028967106714844704 -1 -1 -1 -1 -1 -1 -1 -1 -1
0.3603050112724304 0.624261200428009 0.6954973340034485 -1 -1 -1 -1 -1 -1 -1 -1 -1
0.36576151847839355 0.6643325686454773 0.05327562242746353 -1 -1 -1 -1 -1 -1 -1 -1 -1
0.36289703845977783 0.688968300819397 0.6570413112640381 -1 -1 -1 -1 -1 -1 -1 -1 -1
0.36581137776374817 0.6764214634895325 0.06767284870147705 -1 -1 -1 -1 -1 -1 -1 -1 -1
0.3614947199821472 0.7036311626434326 0.613348662853241 -1 -1 -1 -1 -1 -1 -1 -1 -1
0.3669092059135437 0.6756631731987 0.07154017686843872 -1 -1 -1 -1 -1 -1 -1 -1 -1
0.3656439781188965 0.7034856677055359 0.5891527533531189 -1 -1 -1 -1 -1 -1 -1 -1 -1
0.36670342087745667 0.6714145541191101 0.06933034956455231 -1 -1 -1 -1 -1 -1 -1 -1 -1
0.36604607105255127 0.6982681751251221 0.4772106409072876 -1 -1 -1 -1 -1 -1 -1 -1 -1
0.3514103889465332 0.6438674926757812 0.9972999691963196 -1 -1 -1 -1 -1 -1 -1 -1 -1
0.34629714488983154 0.6461101770401001 0.9977169036865234 -1 -1 -1 -1 -1 -1 -1 -1 -1
0.36853906512260437 0.6794808506965637 0.1649455428123474 -1 -1 -1 -1 -1 -1 -1 -1 -1
0.3593733012676239 0.704702615737915 0.771156370639801 -1 -1 -1 -1 -1 -1 -1 -1 -1
0.34013840556144714 0.7293289303779602 0.3108850121498108 -1 -1 -1 -1 -1 -1 -1 -1 -1
0.3417600989341736 0.779914915561676 0.7606856226921082 -1 -1 -1 -1 -1 -1 -1 -1 -1
0.33286207914352417 0.732214629650116 0.4384183883666992 -1 -1 -1 -1 -1 -1 -1 -1 -1
0.33494898676872253 0.7860053181648254 0.765743613243103 -1 -1 -1 -1 -1 -1 -1 -1 -1
0.34256160259246826 0.7530863285064697 0.42377811670303345 -1 -1 -1 -1 -1 -1 -1 -1 -1
0.3513220250606537 0.8117910623550415 0.7730710506439209 -1 -1 -1 -1 -1 -1 -1 -1 -1
1 
33 
-1 -1 -1 -1 -1 -1 -1 -1 -1 -1
0.3957310914993286 0.5308619737625122 0.9937594532966614 -1 -1 -1 -1 -1 -1 -1 -1 -1
0.3945329189300537 0.5177792310714722 0.9935722351074219 -1 -1 -1 -1 -1 -1 -1 -1 -1
0.3941863477230072 0.5171781778335571 0.9933932423591614 -1 -1 -1 -1 -1 -1 -1 -1 -1
0.3937475085258484 0.516532838344574 0.9950602650642395 -1 -1 -1 -1 -1 -1 -1 -1 -1
0.39363011717796326 0.5181023478507996 0.995717465877533 -1 -1 -1 -1 -1 -1 -1 -1 -1
0.3927287459373474 0.5178838968276978 0.9957746863365173 -1 -1 -1 -1 -1 -1 -1 -1 -1
0.391743540763855 0.5176969170570374 0.996816098690033 -1 -1 -1 -1 -1 -1 -1 -1 -1
0.3868241608142853 0.5176094770431519 0.9890494346618652 -1 -1 -1 -1 -1 -1 -1 -1 -1
0.3845934271812439 0.5193213224411011 0.9950188398361206 -1 -1 -1 -1 -1 -1 -1 -1 -1
0.3926621079444885 0.5398747324943542 0.9864637851715088 -1 -1 -1 -1 -1 -1 -1 -1 -1
0.39118415117263794 0.539411187171936 0.9920420050621033 -1 -1 -1 -1 -1 -1 -1 -1 -1
0.37165120244026184 0.568081796169281 0.9884385466575623 -1 -1 -1 -1 -1 -1 -1 -1 -1
0.36540746688842773 0.5749179720878601 0.9981663823127747 -1 -1 -1 -1 -1 -1 -1 -1 -1
0.38887467980384827 0.6120471358299255 0.08618301898241043 -1 -1 -1 -1 -1 -1 -1 -1 -1
0.38383468985557556 0.6417968273162842 0.9548884630203247 -1 -1 -1 -1 -1 -1 -1 -1 -1
0.41060346364974976 0.6341081857681274 0.11911480873823166 -1 -1 -1 -1 -1 -1 -1 -1 -1
0.41008710861206055 0.6573194861412048 0.7973649501800537 -1 -1 -1 -1 -1 -1 -1 -1 -1
0.41699838638305664 0.6378262639045715 0.1626734733581543 -1 -1 -1 -1 -1 -1 -1 -1 -1
0.41865837574005127 0.6489088535308838 0.76389080286026 -1 -1 -1 -1 -1 -1 -1 -1 -1
0.4202840030193329 0.6335862874984741 0.17458941042423248 -1 -1 -1 -1 -1 -1 -1 -1 -1
0.41620728373527527 0.6415612101554871 0.7537218332290649 -1 -1 -1 -1 -1 -1 -1 -1 -1
0.41572773456573486 0.637092649936676 0.1976090520620346 -1 -1 -1 -1 -1 -1 -1 -1 -1
0.4152127504348755 0.6417468786239624 0.6810711026191711 -1 -1 -1 -1 -1 -1 -1 -1 -1
0.31653475761413574 0.679840087890625 0.9966933727264404 -1 -1 -1 -1 -1 -1 -1 -1 -1
0.30577683448791504 0.6858553290367126 0.9976544976234436 -1 -1 -1 -1 -1 -1 -1 -1 -1
0.3512110710144043 0.756564199924469 0.6016936302185059 -1 -1 -1 -1 -1 -1 -1 -1 -1
0.3489205539226532 0.7715297937393188 0.9974748492240906 -1 -1 -1 -1 -1 -1 -1 -1 -1
0.3221525549888611 0.846860408782959 0.8143777251243591 -1 -1 -1 -1 -1 -1 -1 -1 -1
0.33112096786499023 0.8796960115432739 0.9960162043571472 -1 -1 -1 -1 -1 -1 -1 -1 -1
0.3113839328289032 0.8572943210601807 0.7615945339202881 -1 -1 -1 -1 -1 -1 -1 -1 -1
0.3230115473270416 0.8931109309196472 0.979963481426239 -1 -1 -1 -1 -1 -1 -1 -1 -1
0.3391939699649811 0.8781328201293945 0.872604250907898 -1 -1 -1 -1 -1 -1 -1 -1 -1
0.3556288182735443 0.9144399166107178 0.9920646548271179 -1 -1 -1 -1 -1 -1 -1 -1 -1
1 
33 
-1 -1 -1 -1 -1 -1 -1 -1 -1 -1
0.3968997299671173 0.5360202789306641 0.9991067051887512 -1 -1 -1 -1 -1 -1 -1 -1 -1
0.39451003074645996 0.5265516042709351 0.999077558517456 -1 -1 -1 -1 -1 -1 -1 -1 -1
0.39420217275619507 0.5262885093688965 0.9990625977516174 -1 -1 -1 -1 -1 -1 -1 -1 -1
0.39376673102378845 0.5259883403778076 0.9993419051170349 -1 -1 -1 -1 -1 -1 -1 -1 -1
0.39310887455940247 0.5267080068588257 0.9992647767066956 -1 -1 -1 -1 -1 -1 -1 -1 -1
0.39183732867240906 0.5266060829162598 0.9993371367454529 -1 -1 -1 -1 -1 -1 -1 -1 -1
0.39040443301200867 0.5265687704086304 0.9994503855705261 -1 -1 -1 -1 -1 -1 -1 -1 -1
0.38540762662887573 0.5283918380737305 0.9993860721588135 -1 -1 -1 -1 -1 -1 -1 -1 -1
0.3817858397960663 0.5304628610610962 0.9994292855262756 -1 -1 -1 -1 -1 -1 -1 -1 -1
0.3944023847579956 0.5460572242736816 0.9980278611183167 -1 -1 -1 -1 -1 -1 -1 -1 -1
0.39242199063301086 0.5458551645278931 0.998659610748291 -1 -1 -1 -1 -1 -1 -1 -1 -1
0.37321123480796814 0.5812774896621704 0.990841269493103 -1 -1 -1 -1 -1 -1 -1 -1 -1
0.3641353249549866 0.575705349445343 0.9962922930717468 -1 -1 -1 -1 -1 -1 -1 -1 -1
0.41057685017585754 0.6050047874450684 0.33176887035369873 -1 -1 -1 -1 -1 -1 -1 -1 -1
0.3960149884223938 0.5997918248176575 0.9869087338447571 -1 -1 -1 -1 -1 -1 -1 -1 -1
0.43490108847618103 0.5703587532043457 0.3201794922351837 -1 -1 -1 -1 -1 -1 -1 -1 -1
0.42976123094558716 0.5749669671058655 0.938633918762207 -1 -1 -1 -1 -1 -1 -1 -1 -1
0.4377669394016266 0.555861234664917 0.34080970287323 -1 -1 -1 -1 -1 -1 -1 -1 -1
0.4382953643798828 0.5644744038581848 0.8976855874061584 -1 -1 -1 -1 -1 -1 -1 -1 -1
0.4374205470085144 0.5494885444641113 0.34211021661758423 -1 -1 -1 -1 -1 -1 -1 -1 -1
0.43415164947509766 0.5573700666427612 0.8855829834938049 -1 -1 -1 -1 -1 -1 -1 -1 -1
0.43646469712257385 0.5545305609703064 0.35648539662361145 -1 -1 -1 -1 -1 -1 -1 -1 -1
0.43181511759757996 0.5618576407432556 0.8469201922416687 -1 -1 -1 -1 -1 -1 -1 -1 -1
0.323299378156662 0.699885904788971 0.9985003471374512 -1 -1 -1 -1 -1 -1 -1 -1 -1
0.3113168179988861 0.703292191028595 0.9974117875099182 -1 -1 -1 -1 -1 -1 -1 -1 -1
0.3570760488510132 0.786920964717865 0.5797688961029053 -1 -1 -1 -1 -1 -1 -1 -1 -1
0.35056909918785095 0.7980309724807739 0.9920444488525391 -1 -1 -1 -1 -1 -1 -1 -1 -1
0.32632675766944885 0.8858727812767029 0.6324778199195862 -1 -1 -1 -1 -1 -1 -1 -1 -1
0.32282939553260803 0.9039387106895447 0.9904678463935852 -1 -1 -1 -1 -1 -1 -1 -1 -1
0.31578850746154785 0.8998818397521973 0.6741939187049866 -1 -1 -1 -1 -1 -1 -1 -1 -1
0.3124149441719055 0.9159653782844543 0.9815587401390076 -1 -1 -1 -1 -1 -1 -1 -1 -1
0.34750938415527344 0.9339408874511719 0.6917952299118042 -1 -1 -1 -1 -1 -1 -1 -1 -1
0.34549397230148315 0.9457782506942749 0.9757299423217773 -1 -1 -1 -1 -1 -1 -1 -1 -1
1 
33 
-1 -1 -1 -1 -1 -1 -1 -1 -1 -1
0.4063825011253357 0.538458526134491 0.9969568252563477 -1 -1 -1 -1 -1 -1 -1 -1 -1
0.40232351422309875 0.5327072143554688 0.9982500672340393 -1 -1 -1 -1 -1 -1 -1 -1 -1
0.4015505313873291 0.533256471157074 0.9978054165840149 -1 -1 -1 -1 -1 -1 -1 -1 -1
0.4009682834148407 0.5340510606765747 0.9987013339996338 -1 -1 -1 -1 -1 -1 -1 -1 -1
0.4013487696647644 0.532430112361908 0.9983313679695129 -1 -1 -1 -1 -1 -1 -1 -1 -1
0.40007972717285156 0.5332009196281433 0.9977676868438721 -1 -1 -1 -1 -1 -1 -1 -1 -1
0.3986077904701233 0.5336236953735352 0.9984984397888184 -1 -1 -1 -1 -1 -1 -1 -1 -1
0.3909045457839966 0.5405386090278625 0.9985902905464172 -1 -1 -1 -1 -1 -1 -1 -1 -1
0.38834768533706665 0.5398434400558472 0.9981409311294556 -1 -1 -1 -1 -1 -1 -1 -1 -1
0.4027044475078583 0.5521395206451416 0.9953352808952332 -1 -1 -1 -1 -1 -1 -1 -1 -1
0.40114516019821167 0.551577091217041 0.9951007962226868 -1 -1 -1 -1 -1 -1 -1 -1 -1
0.36829668283462524 0.5809704065322876 0.9830397963523865 -1 -1 -1 -1 -1 -1 -1 -1 -1
0.3664095401763916 0.588260293006897 0.987387478351593 -1 -1 -1 -1 -1 -1 -1 -1 -1
0.3947177529335022 0.5674152374267578 0.06521999090909958 -1 -1 -1 -1 -1 -1 -1 -1 -1
0.37312760949134827 0.5802000761032104 0.644468367099762 -1 -1 -1 -1 -1 -1 -1 -1 -1
0.4247843623161316 0.5373154878616333 0.06784497201442719 -1 -1 -1 -1 -1 -1 -1 -1 -1
0.4017477035522461 0.5572739839553833 0.2282656729221344 -1 -1 -1 -1 -1 -1 -1 -1 -1
0.4293445348739624 0.5279459953308105 0.09593134373426437 -1 -1 -1 -1 -1 -1 -1 -1 -1
0.4083421528339386 0.5558715462684631 0.23103150725364685 -1 -1 -1 -1 -1 -1 -1 -1 -1
0.4293619990348816 0.5235891342163086 0.10044543445110321 -1 -1 -1 -1 -1 -1 -1 -1 -1
0.4085306227207184 0.548867404460907 0.21105831861495972 -1 -1 -1 -1 -1 -1 -1 -1 -1
0.4280945360660553 0.5287476181983948 0.11217644065618515 -1 -1 -1 -1 -1 -1 -1 -1 -1
0.40553125739097595 0.5492541790008545 0.18109358847141266 -1 -1 -1 -1 -1 -1 -1 -1 -1
0.3042179346084595 0.7369406223297119 0.9975316524505615 -1 -1 -1 -1 -1 -1 -1 -1 -1
0.30356258153915405 0.7428288459777832 0.9962815642356873 -1 -1 -1 -1 -1 -1 -1 -1 -1
0.32260334491729736 0.820192277431488 0.19626860320568085 -1 -1 -1 -1 -1 -1 -1 -1 -1
0.30641499161720276 0.8078179359436035 0.9684336185455322 -1 -1 -1 -1 -1 -1 -1 -1 -1
0.3024389445781708 0.903039813041687 0.32950228452682495 -1 -1 -1 -1 -1 -1 -1 -1 -1
0.3055194020271301 0.9175993800163269 0.9269243478775024 -1 -1 -1 -1 -1 -1 -1 -1 -1
0.2718472182750702 0.931591272354126 0.3991045653820038 -1 -1 -1 -1 -1 -1 -1 -1 -1
0.27985280752182007 0.9429500699043274 0.8672095537185669 -1 -1 -1 -1 -1 -1 -1 -1 -1
0.3230960965156555 0.9383332133293152 0.4190598726272583 -1 -1 -1 -1 -1 -1 -1 -1 -1
0.3322453200817108 0.9654772877693176 0.8678492307662964 -1 -1 -1 -1 -1 -1 -1 -1 -1
1 
33 
-1 -1 -1 -1 -1 -1 -1 -1 -1 -1
0.3991473913192749 0.533266007900238 0.9916071891784668 -1 -1 -1 -1 -1 -1 -1 -1 -1
0.39554962515830994 0.5181571245193481 0.9893130660057068 -1 -1 -1 -1 -1 -1 -1 -1 -1
0.3945828378200531 0.5173975229263306 0.9856430888175964 -1 -1 -1 -1 -1 -1 -1 -1 -1
0.39364463090896606 0.5165716409683228 0.991064190864563 -1 -1 -1 -1 -1 -1 -1 -1 -1
0.3953203558921814 0.5179107785224915 0.9910705089569092 -1 -1 -1 -1 -1 -1 -1 -1 -1
0.39416080713272095 0.5170859694480896 0.9902830123901367 -1 -1 -1 -1 -1 -1 -1 -1 -1
0.39297404885292053 0.516223669052124 0.9929292798042297 -1 -1 -1 -1 -1 -1 -1 -1 -1
0.38595473766326904 0.5200603008270264 0.9913032054901123 -1 -1 -1 -1 -1 -1 -1 -1 -1
0.3844284117221832 0.5201681852340698 0.9898588061332703 -1 -1 -1 -1 -1 -1 -1 -1 -1
0.39441826939582825 0.542019784450531 0.9862804412841797 -1 -1 -1 -1 -1 -1 -1 -1 -1
0.3939078450202942 0.5412893295288086 0.988596498966217 -1 -1 -1 -1 -1 -1 -1 -1 -1
0.37349873781204224 0.5631775856018066 0.9748825430870056 -1 -1 -1 -1 -1 -1 -1 -1 -1
0.3712076246738434 0.5643982291221619 0.9936187267303467 -1 -1 -1 -1 -1 -1 -1 -1 -1
0.38680773973464966 0.5072445869445801 0.06947475671768188 -1 -1 -1 -1 -1 -1 -1 -1 -1
0.3835528790950775 0.49979469180107117 0.9220022559165955 -1 -1 -1 -1 -1 -1 -1 -1 -1
0.3762381672859192 0.48864543437957764 0.03485490754246712 -1 -1 -1 -1 -1 -1 -1 -1 -1
0.3771989345550537 0.4730166494846344 0.49785080552101135 -1 -1 -1 -1 -1 -1 -1 -1 -1
0.37161457538604736 0.4814886152744293 0.04230913147330284 -1 -1 -1 -1 -1 -1 -1 -1 -1
0.3707698583602905 0.4727943241596222 0.4690383970737457 -1 -1 -1 -1 -1 -1 -1 -1 -1
0.3717603087425232 0.4837389290332794 0.04602557793259621 -1 -1 -1 -1 -1 -1 -1 -1 -1
0.36798521876335144 0.4765748977661133 0.45079606771469116 -1 -1 -1 -1 -1 -1 -1 -1 -1
0.37402135133743286 0.48775291442871094 0.05453258380293846 -1 -1 -1 -1 -1 -1 -1 -1 -1
0.36765068769454956 0.48056894540786743 0.39120879769325256 -1 -1 -1 -1 -1 -1 -1 -1 -1
0.3414902687072754 0.7185134887695312 0.9979178309440613 -1 -1 -1 -1 -1 -1 -1 -1 -1
0.33676132559776306 0.7221034169197083 0.9976146221160889 -1 -1 -1 -1 -1 -1 -1 -1 -1
0.34976479411125183 0.8164451122283936 0.27957040071487427 -1 -1 -1 -1 -1 -1 -1 -1 -1
0.34537771344184875 0.8222073316574097 0.9829844236373901 -1 -1 -1 -1 -1 -1 -1 -1 -1
0.31495827436447144 0.9087324738502502 0.45147714018821716 -1 -1 -1 -1 -1 -1 -1 -1 -1
0.308065265417099 0.9216327667236328 0.9752371907234192 -1 -1 -1 -1 -1 -1 -1 -1 -1
0.30601799488067627 0.9417099356651306 0.529723584651947 -1 -1 -1 -1 -1 -1 -1 -1 -1
0.2946126461029053 0.9352251887321472 0.9534050822257996 -1 -1 -1 -1 -1 -1 -1 -1 -1
0.3388915956020355 0.9450143575668335 0.6141993999481201 -1 -1 -1 -1 -1 -1 -1 -1 -1
0.3348208963871002 0.9603841304779053 0.9579787254333496 -1 -1 -1 -1 -1 -1 -1 -1 -1
1 
33 
-1 -1 -1 -1 -1 -1 -1 -1 -1 -1
0.40479591488838196 0.47419223189353943 0.9964184761047363 -1 -1 -1 -1 -1 -1 -1 -1 -1
0.40141811966896057 0.46268194913864136 0.9960705041885376 -1 -1 -1 -1 -1 -1 -1 -1 -1
0.40084874629974365 0.46263575553894043 0.9956148862838745 -1 -1 -1 -1 -1 -1 -1 -1 -1
0.4002784192562103 0.4625333249568939 0.9966350197792053 -1 -1 -1 -1 -1 -1 -1 -1 -1
0.4011791944503784 0.4628971815109253 0.9966532588005066 -1 -1 -1 -1 -1 -1 -1 -1 -1
0.4004579782485962 0.4630279242992401 0.9967449903488159 -1 -1 -1 -1 -1 -1 -1 -1 -1
0.39970722794532776 0.4630671739578247 0.9970818161964417 -1 -1 -1 -1 -1 -1 -1 -1 -1
0.39470094442367554 0.4684385061264038 0.994964599609375 -1 -1 -1 -1 -1 -1 -1 -1 -1
0.3939783573150635 0.46902382373809814 0.9980606436729431 -1 -1 -1 -1 -1 -1 -1 -1 -1
0.40153592824935913 0.4860273599624634 0.9960954785346985 -1 -1 -1 -1 -1 -1 -1 -1 -1
0.40099141001701355 0.4863896369934082 0.997366726398468 -1 -1 -1 -1 -1 -1 -1 -1 -1
0.37572669982910156 0.5294121503829956 0.9970273375511169 -1 -1 -1 -1 -1 -1 -1 -1 -1
0.37834107875823975 0.5243412852287292 0.9996597766876221 -1 -1 -1 -1 -1 -1 -1 -1 -1
0.35846230387687683 0.5998898148536682 0.01741383969783783 -1 -1 -1 -1 -1 -1 -1 -1 -1
0.3533287048339844 0.5958467125892639 0.8433982133865356 -1 -1 -1 -1 -1 -1 -1 -1 -1
0.3548373579978943 0.655076265335083 0.013046596199274063 -1 -1 -1 -1 -1 -1 -1 -1 -1
0.3563973307609558 0.6464040279388428 0.5424456000328064 -1 -1 -1 -1 -1 -1 -1 -1 -1
0.35266807675361633 0.6713153123855591 0.01810142770409584 -1 -1 -1 -1 -1 -1 -1 -1 -1
0.35553494095802307 0.6606367230415344 0.5256990194320679 -1 -1 -1 -1 -1 -1 -1 -1 -1
0.3562786877155304 0.6699284911155701 0.01840653456747532 -1 -1 -1 -1 -1 -1 -1 -1 -1
0.35944655537605286 0.6575134992599487 0.5047788023948669 -1 -1 -1 -1 -1 -1 -1 -1 -1
0.3569275438785553 0.6639149188995361 0.020446695387363434 -1 -1 -1 -1 -1 -1 -1 -1 -1
0.35825198888778687 0.6524340510368347 0.4185834527015686 -1 -1 -1 -1 -1 -1 -1 -1 -1
0.3515585958957672 0.6852544546127319 0.9969714879989624 -1 -1 -1 -1 -1 -1 -1 -1 -1
0.3511526882648468 0.6852529048919678 0.9958386421203613 -1 -1 -1 -1 -1 -1 -1 -1 -1
0.35080206394195557 0.7916936278343201 0.31246256828308105 -1 -1 -1 -1 -1 -1 -1 -1 -1
0.3503970503807068 0.7993963956832886 0.9609078168869019 -1 -1 -1 -1 -1 -1 -1 -1 -1
0.3163098096847534 0.8853459358215332 0.5594756007194519 -1 -1 -1 -1 -1 -1 -1 -1 -1
0.31158244609832764 0.8940246105194092 0.9586007595062256 -1 -1 -1 -1 -1 -1 -1 -1 -1
0.3046248257160187 0.8934423923492432 0.589985728263855 -1 -1 -1 -1 -1 -1 -1 -1 -1
0.30040377378463745 0.8971942663192749 0.9046724438667297 -1 -1 -1 -1 -1 -1 -1 -1 -1
0.3321740925312042 0.9110134840011597 0.7127434015274048 -1 -1 -1 -1 -1 -1 -1 -1 -1
0.3295826315879822 0.9135270118713379 0.954059898853302 -1 -1 -1 -1 -1 -1 -1 -1 -1
1 
33 
-1 -1 -1 -1 -1 -1 -1 -1 -1 -1
0.38605406880378723 0.4696539044380188 0.4260998070240021 -1 -1 -1 -1 -1 -1 -1 -1 -1
0.38314303755760193 0.460983544588089 0.4765382707118988 -1 -1 -1 -1 -1 -1 -1 -1 -1
0.3826208710670471 0.46074849367141724 0.44813793897628784 -1 -1 -1 -1 -1 -1 -1 -1 -1
0.38213470578193665 0.4606636166572571 0.4363156855106354 -1 -1 -1 -1 -1 -1 -1 -1 -1
0.38365527987480164 0.46136781573295593 0.5603879690170288 -1 -1 -1 -1 -1 -1 -1 -1 -1
0.3831288814544678 0.46135205030441284 0.5573673248291016 -1 -1 -1 -1 -1 -1 -1 -1 -1
0.3826044499874115 0.4613090753555298 0.5500270128250122 -1 -1 -1 -1 -1 -1 -1 -1 -1
0.3765750229358673 0.46192917227745056 0.4573917090892792 -1 -1 -1 -1 -1 -1 -1 -1 -1
0.37752997875213623 0.4642070233821869 0.4485486149787903 -1 -1 -1 -1 -1 -1 -1 -1 -1
0.38501808047294617 0.4769286811351776 0.53557950258255 -1 -1 -1 -1 -1 -1 -1 -1 -1
0.3851766586303711 0.4771510362625122 0.44985055923461914 -1 -1 -1 -1 -1 -1 -1 -1 -1
0.3777877688407898 0.490363210439682 0.8085440397262573 -1 -1 -1 -1 -1 -1 -1 -1 -1
0.3776386082172394 0.48652198910713196 0.9746875166893005 -1 -1 -1 -1 -1 -1 -1 -1 -1
0.39713001251220703 0.4737439751625061 0.034433577209711075 -1 -1 -1 -1 -1 -1 -1 -1 -1
0.3892291486263275 0.4244769215583801 0.2603004574775696 -1 -1 -1 -1 -1 -1 -1 -1 -1
0.40170854330062866 0.49257439374923706 0.04979995638132095 -1 -1 -1 -1 -1 -1 -1 -1 -1
0.37548235058784485 0.3727271854877472 0.1923242062330246 -1 -1 -1 -1 -1 -1 -1 -1 -1
0.3963579535484314 0.4957083761692047 0.0790620669722557 -1 -1 -1 -1 -1 -1 -1 -1 -1
0.3732406198978424 0.36233198642730713 0.2513396143913269 -1 -1 -1 -1 -1 -1 -1 -1 -1
0.39731481671333313 0.4839901030063629 0.0844043642282486 -1 -1 -1 -1 -1 -1 -1 -1 -1
0.3741845488548279 0.3607221841812134 0.2316020131111145 -1 -1 -1 -1 -1 -1 -1 -1 -1
0.4000359773635864 0.4837413430213928 0.07771272212266922 -1 -1 -1 -1 -1 -1 -1 -1 -1
0.3749665319919586 0.3640729486942291 0.21349771320819855 -1 -1 -1 -1 -1 -1 -1 -1 -1
0.3631383180618286 0.640159010887146 0.9960877895355225 -1 -1 -1 -1 -1 -1 -1 -1 -1
0.3578474223613739 0.6443935632705688 0.9988604784011841 -1 -1 -1 -1 -1 -1 -1 -1 -1
0.38604238629341125 0.7053855657577515 0.614761233329773 -1 -1 -1 -1 -1 -1 -1 -1 -1
0.3460478186607361 0.779232382774353 0.9766545295715332 -1 -1 -1 -1 -1 -1 -1 -1 -1
0.3435370922088623 0.7277311682701111 0.5513706207275391 -1 -1 -1 -1 -1 -1 -1 -1 -1
0.3166481852531433 0.8682660460472107 0.9831173419952393 -1 -1 -1 -1 -1 -1 -1 -1 -1
0.334744930267334 0.7281825542449951 0.7531575560569763 -1 -1 -1 -1 -1 -1 -1 -1 -1
0.3031461238861084 0.885286808013916 0.9747844338417053 -1 -1 -1 -1 -1 -1 -1 -1 -1
0.34263041615486145 0.7577597498893738 0.6023934483528137 -1 -1 -1 -1 -1 -1 -1 -1 -1
0.33652976155281067 0.9136216044425964 0.9568613171577454 -1 -1 -1 -1 -1 -1 -1 -1 -1
1 
33 
-1 -1 -1 -1 -1 -1 -1 -1 -1 -1
0.4157164990901947 0.36990875005722046 0.3389701843261719 -1 -1 -1 -1 -1 -1 -1 -1 -1
0.41836076974868774 0.36024171113967896 0.32940277457237244 -1 -1 -1 -1 -1 -1 -1 -1 -1
0.41927585005760193 0.3584931790828705 0.32048553228378296 -1 -1 -1 -1 -1 -1 -1 -1 -1
0.4202219843864441 0.3569595217704773 0.31320616602897644 -1 -1 -1 -1 -1 -1 -1 -1 -1
0.41534870862960815 0.36316001415252686 0.36675402522087097 -1 -1 -1 -1 -1 -1 -1 -1 -1
0.41400274634361267 0.36337581276893616 0.35264796018600464 -1 -1 -1 -1 -1 -1 -1 -1 -1
0.4126725196838379 0.3635498285293579 0.361393004655838 -1 -1 -1 -1 -1 -1 -1 -1 -1
0.4197135269641876 0.3486298620700836 0.3285987079143524 -1 -1 -1 -1 -1 -1 -1 -1 -1
0.4084095060825348 0.35754814743995667 0.3073307275772095 -1 -1 -1 -1 -1 -1 -1 -1 -1
0.4151044189929962 0.370002806186676 0.4232974350452423 -1 -1 -1 -1 -1 -1 -1 -1 -1
0.4120318591594696 0.373027503490448 0.31829744577407837 -1 -1 -1 -1 -1 -1 -1 -1 -1
0.4201832413673401 0.3516983389854431 0.9385622143745422 -1 -1 -1 -1 -1 -1 -1 -1 -1
0.3881763219833374 0.3501680791378021 0.9767556190490723 -1 -1 -1 -1 -1 -1 -1 -1 -1
0.43018704652786255 0.33407652378082275 0.04718409478664398 -1 -1 -1 -1 -1 -1 -1 -1 -1
0.39310479164123535 0.3000272214412689 0.23402799665927887 -1 -1 -1 -1 -1 -1 -1 -1 -1
0.43932875990867615 0.31523680686950684 0.1552390456199646 -1 -1 -1 -1 -1 -1 -1 -1 -1
0.38221755623817444 0.23060186207294464 0.2619376480579376 -1 -1 -1 -1 -1 -1 -1 -1 -1
0.43678727746009827 0.31343144178390503 0.2075509876012802 -1 -1 -1 -1 -1 -1 -1 -1 -1
0.3778475224971771 0.2182251513004303 0.30860790610313416 -1 -1 -1 -1 -1 -1 -1 -1 -1
0.43752843141555786 0.30187252163887024 0.21608170866966248 -1 -1 -1 -1 -1 -1 -1 -1 -1
0.37717878818511963 0.21674510836601257 0.29619932174682617 -1 -1 -1 -1 -1 -1 -1 -1 -1
0.43827006220817566 0.302198588848114 0.2057100236415863 -1 -1 -1 -1 -1 -1 -1 -1 -1
0.3790961503982544 0.22028888761997223 0.2832043766975403 -1 -1 -1 -1 -1 -1 -1 -1 -1
0.39822742342948914 0.4965927004814148 0.9985210299491882 -1 -1 -1 -1 -1 -1 -1 -1 -1
0.37348952889442444 0.49488598108291626 0.9995550513267517 -1 -1 -1 -1 -1 -1 -1 -1 -1
0.4107345938682556 0.5845574140548706 0.7496752142906189 -1 -1 -1 -1 -1 -1 -1 -1 -1
0.3620854616165161 0.6458269357681274 0.9700024127960205 -1 -1 -1 -1 -1 -1 -1 -1 -1
0.37641435861587524 0.6435186862945557 0.6743797063827515 -1 -1 -1 -1 -1 -1 -1 -1 -1
0.3336673080921173 0.8076407313346863 0.975071132183075 -1 -1 -1 -1 -1 -1 -1 -1 -1
0.3675324618816376 0.6461588144302368 0.8103802800178528 -1 -1 -1 -1 -1 -1 -1 -1 -1
0.335332453250885 0.8197870254516602 0.9582163095474243 -1 -1 -1 -1 -1 -1 -1 -1 -1
0.37605732679367065 0.6963820457458496 0.7572104930877686 -1 -1 -1 -1 -1 -1 -1 -1 -1
0.3453127145767212 0.85781329870224 0.9564242959022522 -1 -1 -1 -1 -1 -1 -1 -1 -1
1 
33 
-1 -1 -1 -1 -1 -1 -1 -1 -1 -1
0.36391568183898926 0.5555338859558105 0.9176286458969116 -1 -1 -1 -1 -1 -1 -1 -1 -1
0.36313942074775696 0.5630793571472168 0.92535799741745 -1 -1 -1 -1 -1 -1 -1 -1 -1
0.3630686402320862 0.5633000135421753 0.9006280303001404 -1 -1 -1 -1 -1 -1 -1 -1 -1
0.3630230724811554 0.5633727312088013 0.9243147969245911 -1 -1 -1 -1 -1 -1 -1 -1 -1
0.36451250314712524 0.5631670951843262 0.945741593837738 -1 -1 -1 -1 -1 -1 -1 -1 -1
0.36554640531539917 0.5636115074157715 0.935745894908905 -1 -1 -1 -1 -1 -1 -1 -1 -1
0.3665473163127899 0.5640460848808289 0.9506341814994812 -1 -1 -1 -1 -1 -1 -1 -1 -1
0.3663959205150604 0.5650734305381775 0.9021946787834167 -1 -1 -1 -1 -1 -1 -1 -1 -1
0.37184038758277893 0.5662704706192017 0.9287589192390442 -1 -1 -1 -1 -1 -1 -1 -1 -1
0.37348929047584534 0.5552973747253418 0.9215783476829529 -1 -1 -1 -1 -1 -1 -1 -1 -1
0.3740502595901489 0.5556025505065918 0.9042413234710693 -1 -1 -1 -1 -1 -1 -1 -1 -1
0.3739739954471588 0.5579594969749451 0.982761561870575 -1 -1 -1 -1 -1 -1 -1 -1 -1
0.38316166400909424 0.5584993362426758 0.9924429059028625 -1 -1 -1 -1 -1 -1 -1 -1 -1
0.3537113070487976 0.625190019607544 0.13833165168762207 -1 -1 -1 -1 -1 -1 -1 -1 -1
0.3654479384422302 0.6275457739830017 0.7853490114212036 -1 -1 -1 -1 -1 -1 -1 -1 -1
0.34161460399627686 0.6833776235580444 0.17724260687828064 -1 -1 -1 -1 -1 -1 -1 -1 -1
0.35491979122161865 0.7144169211387634 0.7557583451271057 -1 -1 -1 -1 -1 -1 -1 -1 -1
0.34268420934677124 0.6923463940620422 0.21253012120723724 -1 -1 -1 -1 -1 -1 -1 -1 -1
0.3526848554611206 0.7299213409423828 0.7326590418815613 -1 -1 -1 -1 -1 -1 -1 -1 -1
0.34368035197257996 0.6970421075820923 0.21220074594020844 -1 -1 -1 -1 -1 -1 -1 -1 -1
0.3555013835430145 0.7335861325263977 0.7177894115447998 -1 -1 -1 -1 -1 -1 -1 -1 -1
0.3429408669471741 0.694384753704071 0.21372736990451813 -1 -1 -1 -1 -1 -1 -1 -1 -1
0.3559029698371887 0.7293133735656738 0.6704989075660706 -1 -1 -1 -1 -1 -1 -1 -1 -1
0.4134482145309448 0.38243016600608826 0.999171257019043 -1 -1 -1 -1 -1 -1 -1 -1 -1
0.4133414924144745 0.38392454385757446 0.9989457726478577 -1 -1 -1 -1 -1 -1 -1 -1 -1
0.4534207582473755 0.2767046391963959 0.4120907485485077 -1 -1 -1 -1 -1 -1 -1 -1 -1
0.4426500201225281 0.2936226725578308 0.519141435623169 -1 -1 -1 -1 -1 -1 -1 -1 -1
0.47909659147262573 0.2286234050989151 0.4990481436252594 -1 -1 -1 -1 -1 -1 -1 -1 -1
0.4762561023235321 0.24913746118545532 0.603061854839325 -1 -1 -1 -1 -1 -1 -1 -1 -1
0.483024001121521 0.22425195574760437 0.5775649547576904 -1 -1 -1 -1 -1 -1 -1 -1 -1
0.4826861023902893 0.24580036103725433 0.6771538257598877 -1 -1 -1 -1 -1 -1 -1 -1 -1
0.4876450002193451 0.21114329993724823 0.46257591247558594 -1 -1 -1 -1 -1 -1 -1 -1 -1
0.4854046106338501 0.2329866737127304 0.590399980545044 -1 -1 -1 -1 -1 -1 -1 -1 -1
1 
33 
-1 -1 -1 -1 -1 -1 -1 -1 -1 -1
0.3663114011287689 0.5453028082847595 0.8666712641716003 -1 -1 -1 -1 -1 -1 -1 -1 -1
0.36245253682136536 0.5565561056137085 0.8228471875190735 -1 -1 -1 -1 -1 -1 -1 -1 -1
0.36243560910224915 0.5559972524642944 0.8134021759033203 -1 -1 -1 -1 -1 -1 -1 -1 -1
0.3624058663845062 0.555300235748291 0.8315702676773071 -1 -1 -1 -1 -1 -1 -1 -1 -1
0.36091506481170654 0.5579037070274353 0.7691178917884827 -1 -1 -1 -1 -1 -1 -1 -1 -1
0.36041152477264404 0.5586332678794861 0.7407866716384888 -1 -1 -1 -1 -1 -1 -1 -1 -1
0.35986337065696716 0.5593609809875488 0.7771832942962646 -1 -1 -1 -1 -1 -1 -1 -1 -1
0.36164435744285583 0.550639271736145 0.8343926072120667 -1 -1 -1 -1 -1 -1 -1 -1 -1
0.3603231906890869 0.5606957674026489 0.7270763516426086 -1 -1 -1 -1 -1 -1 -1 -1 -1
0.36903610825538635 0.5330043435096741 0.8679880499839783 -1 -1 -1 -1 -1 -1 -1 -1 -1
0.36797165870666504 0.5350098609924316 0.821746826171875 -1 -1 -1 -1 -1 -1 -1 -1 -1
0.37841519713401794 0.4923511743545532 0.9979594945907593 -1 -1 -1 -1 -1 -1 -1 -1 -1
0.3573606014251709 0.505581796169281 0.9974107146263123 -1 -1 -1 -1 -1 -1 -1 -1 -1
0.42522573471069336 0.3971005380153656 0.5187668204307556 -1 -1 -1 -1 -1 -1 -1 -1 -1
0.38604721426963806 0.4380544424057007 0.2380361258983612 -1 -1 -1 -1 -1 -1 -1 -1 -1
0.47136610746383667 0.3291032612323761 0.6794701218605042 -1 -1 -1 -1 -1 -1 -1 -1 -1
0.4310731589794159 0.4307025671005249 0.6386901140213013 -1 -1 -1 -1 -1 -1 -1 -1 -1
0.4807896912097931 0.3052351176738739 0.6754658818244934 -1 -1 -1 -1 -1 -1 -1 -1 -1
0.442770779132843 0.427156537771225 0.6551041007041931 -1 -1 -1 -1 -1 -1 -1 -1 -1
0.4837210476398468 0.31277745962142944 0.6679406762123108 -1 -1 -1 -1 -1 -1 -1 -1 -1
0.44669270515441895 0.4332227408885956 0.6474528908729553 -1 -1 -1 -1 -1 -1 -1 -1 -1
0.4798685312271118 0.3222053349018097 0.604857861995697 -1 -1 -1 -1 -1 -1 -1 -1 -1
0.44366347789764404 0.4319959282875061 0.6112760305404663 -1 -1 -1 -1 -1 -1 -1 -1 -1
0.41933053731918335 0.31965428590774536 0.9988030195236206 -1 -1 -1 -1 -1 -1 -1 -1 -1
0.4096592366695404 0.3242129683494568 0.9981400966644287 -1 -1 -1 -1 -1 -1 -1 -1 -1
0.4926743507385254 0.28604674339294434 0.5989635586738586 -1 -1 -1 -1 -1 -1 -1 -1 -1
0.4659300148487091 0.2602723240852356 0.1125873550772667 -1 -1 -1 -1 -1 -1 -1 -1 -1
0.4883013367652893 0.19236955046653748 0.4645957052707672 -1 -1 -1 -1 -1 -1 -1 -1 -1
0.48828810453414917 0.18638306856155396 0.13743720948696136 -1 -1 -1 -1 -1 -1 -1 -1 -1
0.4800206422805786 0.1792609691619873 0.6353118419647217 -1 -1 -1 -1 -1 -1 -1 -1 -1
0.487606406211853 0.1712513417005539 0.30776670575141907 -1 -1 -1 -1 -1 -1 -1 -1 -1
0.5035297870635986 0.1621052473783493 0.48321595788002014 -1 -1 -1 -1 -1 -1 -1 -1 -1
0.5118749141693115 0.17550843954086304 0.2127356231212616 -1 -1 -1 -1 -1 -1 -1 -1 -1
1 
33 
-1 -1 -1 -1 -1 -1 -1 -1 -1 -1
0.47359490394592285 0.25002723932266235 0.8165485262870789 -1 -1 -1 -1 -1 -1 -1 -1 -1
0.4709378480911255 0.24197225272655487 0.8770225048065186 -1 -1 -1 -1 -1 -1 -1 -1 -1
0.4675208330154419 0.24147887527942657 0.8463723659515381 -1 -1 -1 -1 -1 -1 -1 -1 -1
0.464144229888916 0.24105602502822876 0.8761786222457886 -1 -1 -1 -1 -1 -1 -1 -1 -1
0.4799031615257263 0.24260829389095306 0.8672033548355103 -1 -1 -1 -1 -1 -1 -1 -1 -1
0.4826532304286957 0.2423030287027359 0.8438278436660767 -1 -1 -1 -1 -1 -1 -1 -1 -1
0.48547908663749695 0.24195028841495514 0.8616610169410706 -1 -1 -1 -1 -1 -1 -1 -1 -1
0.45587316155433655 0.24115237593650818 0.9251464605331421 -1 -1 -1 -1 -1 -1 -1 -1 -1
0.4861490726470947 0.2425232231616974 0.8116504549980164 -1 -1 -1 -1 -1 -1 -1 -1 -1
0.4649377465248108 0.25251537561416626 0.8094382286071777 -1 -1 -1 -1 -1 -1 -1 -1 -1
0.47381702065467834 0.2527392506599426 0.7344787120819092 -1 -1 -1 -1 -1 -1 -1 -1 -1
0.4155782461166382 0.27618587017059326 0.9975535273551941 -1 -1 -1 -1 -1 -1 -1 -1 -1
0.49908697605133057 0.25991499423980713 0.9913771152496338 -1 -1 -1 -1 -1 -1 -1 -1 -1
0.3961470425128937 0.420396625995636 0.5893207788467407 -1 -1 -1 -1 -1 -1 -1 -1 -1
0.5167644023895264 0.3629522919654846 0.06034349650144577 -1 -1 -1 -1 -1 -1 -1 -1 -1
0.3695347309112549 0.5610219240188599 0.8790107369422913 -1 -1 -1 -1 -1 -1 -1 -1 -1
0.5195174813270569 0.41123029589653015 0.19868506491184235 -1 -1 -1 -1 -1 -1 -1 -1 -1
0.36450549960136414 0.592775285243988 0.7644789814949036 -1 -1 -1 -1 -1 -1 -1 -1 -1
0.5217751860618591 0.420063853263855 0.1510390341281891 -1 -1 -1 -1 -1 -1 -1 -1 -1
0.3607984483242035 0.5913155674934387 0.7637516260147095 -1 -1 -1 -1 -1 -1 -1 -1 -1
0.514288067817688 0.41243863105773926 0.15246939659118652 -1 -1 -1 -1 -1 -1 -1 -1 -1
0.36490097641944885 0.5767741799354553 0.7071749567985535 -1 -1 -1 -1 -1 -1 -1 -1 -1
0.5109400153160095 0.40873846411705017 0.1511678546667099 -1 -1 -1 -1 -1 -1 -1 -1 -1
0.4284936785697937 0.3936941623687744 0.9999927282333374 -1 -1 -1 -1 -1 -1 -1 -1 -1
0.48634496331214905 0.3813026249408722 0.9999904632568359 -1 -1 -1 -1 -1 -1 -1 -1 -1
0.37021297216415405 0.4074368178844452 0.9898577332496643 -1 -1 -1 -1 -1 -1 -1 -1 -1
0.5401976108551025 0.4210822582244873 0.9647855758666992 -1 -1 -1 -1 -1 -1 -1 -1 -1
0.3561156988143921 0.5793513059616089 0.9716792702674866 -1 -1 -1 -1 -1 -1 -1 -1 -1
0.5231276154518127 0.5580757856369019 0.9176218509674072 -1 -1 -1 -1 -1 -1 -1 -1 -1
0.36169201135635376 0.6045085191726685 0.9176758527755737 -1 -1 -1 -1 -1 -1 -1 -1 -1
0.5189318060874939 0.5771631598472595 0.8521161675453186 -1 -1 -1 -1 -1 -1 -1 -1 -1
0.3271768093109131 0.6166865825653076 0.7997466921806335 -1 -1 -1 -1 -1 -1 -1 -1 -1
0.5176303386688232 0.594572901725769 0.6728813052177429 -1 -1 -1 -1 -1 -1 -1 -1 -1
1 
33 
-1 -1 -1 -1 -1 -1 -1 -1 -1 -1
0.5561267137527466 0.15785852074623108 0.9970425963401794 -1 -1 -1 -1 -1 -1 -1 -1 -1
0.5620310306549072 0.1661446988582611 0.9984506368637085 -1 -1 -1 -1 -1 -1 -1 -1 -1
0.562646210193634 0.1699671447277069 0.9980337023735046 -1 -1 -1 -1 -1 -1 -1 -1 -1
0.5628524422645569 0.17186476290225983 0.998418927192688 -1 -1 -1 -1 -1 -1 -1 -1 -1
0.5616803169250488 0.1646823287010193 0.9966103434562683 -1 -1 -1 -1 -1 -1 -1 -1 -1
0.5617746114730835 0.1656644642353058 0.9954114556312561 -1 -1 -1 -1 -1 -1 -1 -1 -1
0.561815619468689 0.16632699966430664 0.9978024363517761 -1 -1 -1 -1 -1 -1 -1 -1 -1
0.5621676445007324 0.18253342807292938 0.9977713823318481 -1 -1 -1 -1 -1 -1 -1 -1 -1
0.5615724325180054 0.17796337604522705 0.9969569444656372 -1 -1 -1 -1 -1 -1 -1 -1 -1
0.5524435043334961 0.16651012003421783 0.9950658082962036 -1 -1 -1 -1 -1 -1 -1 -1 -1
0.5520200133323669 0.16393685340881348 0.9943945407867432 -1 -1 -1 -1 -1 -1 -1 -1 -1
0.5377458333969116 0.20290622115135193 0.9981235861778259 -1 -1 -1 -1 -1 -1 -1 -1 -1
0.5366066098213196 0.19493219256401062 0.9993467926979065 -1 -1 -1 -1 -1 -1 -1 -1 -1
0.5109980702400208 0.1665695458650589 0.8291715383529663 -1 -1 -1 -1 -1 -1 -1 -1 -1
0.5141774415969849 0.1458437144756317 0.18277508020401 -1 -1 -1 -1 -1 -1 -1 -1 -1
0.5039346218109131 0.11197853088378906 0.7368199229240417 -1 -1 -1 -1 -1 -1 -1 -1 -1
0.5091813802719116 0.09000903367996216 0.27711552381515503 -1 -1 -1 -1 -1 -1 -1 -1 -1
0.5015865564346313 0.10000103712081909 0.6563578844070435 -1 -1 -1 -1 -1 -1 -1 -1 -1
0.5108979940414429 0.07759568095207214 0.2961185872554779 -1 -1 -1 -1 -1 -1 -1 -1 -1
0.5056385397911072 0.09745563566684723 0.6392606496810913 -1 -1 -1 -1 -1 -1 -1 -1 -1
0.5127465724945068 0.07320334017276764 0.3168520927429199 -1 -1 -1 -1 -1 -1 -1 -1 -1
0.5062631368637085 0.10292254388332367 0.6066758632659912 -1 -1 -1 -1 -1 -1 -1 -1 -1
0.5111420154571533 0.07747790217399597 0.3406643271446228 -1 -1 -1 -1 -1 -1 -1 -1 -1
0.47192949056625366 0.2572803497314453 0.9983869791030884 -1 -1 -1 -1 -1 -1 -1 -1 -1
0.46529051661491394 0.25071844458580017 0.9993719458580017 -1 -1 -1 -1 -1 -1 -1 -1 -1
0.46726909279823303 0.32220885157585144 0.6463640928268433 -1 -1 -1 -1 -1 -1 -1 -1 -1
0.4309437572956085 0.33300718665122986 0.6456555724143982 -1 -1 -1 -1 -1 -1 -1 -1 -1
0.4852980375289917 0.41998597979545593 0.6622599959373474 -1 -1 -1 -1 -1 -1 -1 -1 -1
0.44570451974868774 0.4335402846336365 0.5940355062484741 -1 -1 -1 -1 -1 -1 -1 -1 -1
0.48799607157707214 0.43074625730514526 0.7345165610313416 -1 -1 -1 -1 -1 -1 -1 -1 -1
0.45036739110946655 0.44598448276519775 0.565360426902771 -1 -1 -1 -1 -1 -1 -1 -1 -1
0.492869108915329 0.46239179372787476 0.6644107103347778 -1 -1 -1 -1 -1 -1 -1 -1 -1
0.44872206449508667 0.4722549021244049 0.5696373581886292 -1 -1 -1 -1 -1 -1 -1 -1 -1
1 
33 
-1 -1 -1 -1 -1 -1 -1 -1 -1 -1
0.4459567368030548 0.21289625763893127 0.10973380506038666 -1 -1 -1 -1 -1 -1 -1 -1 -1
0.4441257119178772 0.20839422941207886 0.09403517842292786 -1 -1 -1 -1 -1 -1 -1 -1 -1
0.44267383217811584 0.20738567411899567 0.11156700551509857 -1 -1 -1 -1 -1 -1 -1 -1 -1
0.4412229657173157 0.20642924308776855 0.08251974731683731 -1 -1 -1 -1 -1 -1 -1 -1 -1
0.44818171858787537 0.2120649516582489 0.14489500224590302 -1 -1 -1 -1 -1 -1 -1 -1 -1
0.44941800832748413 0.2135172188282013 0.17087939381599426 -1 -1 -1 -1 -1 -1 -1 -1 -1
0.45067477226257324 0.21500146389007568 0.1257142573595047 -1 -1 -1 -1 -1 -1 -1 -1 -1
0.43665173649787903 0.20997923612594604 0.08701057732105255 -1 -1 -1 -1 -1 -1 -1 -1 -1
0.45060381293296814 0.22347404062747955 0.130155548453331 -1 -1 -1 -1 -1 -1 -1 -1 -1
0.44272738695144653 0.21616679430007935 0.11499197781085968 -1 -1 -1 -1 -1 -1 -1 -1 -1
0.44650381803512573 0.21941086649894714 0.1780354529619217 -1 -1 -1 -1 -1 -1 -1 -1 -1
0.4225502908229828 0.23142708837985992 0.9317045211791992 -1 -1 -1 -1 -1 -1 -1 -1 -1
0.4520287811756134 0.25562143325805664 0.9627218842506409 -1 -1 -1 -1 -1 -1 -1 -1 -1
0.39713576436042786 0.2536028027534485 0.6736656427383423 -1 -1 -1 -1 -1 -1 -1 -1 -1
0.4525512754917145 0.2946361303329468 0.46212440729141235 -1 -1 -1 -1 -1 -1 -1 -1 -1
0.3823706805706024 0.24289366602897644 0.44777581095695496 -1 -1 -1 -1 -1 -1 -1 -1 -1
0.4586925208568573 0.3049805760383606 0.3632179796695709 -1 -1 -1 -1 -1 -1 -1 -1 -1
0.37455064058303833 0.24033460021018982 0.47467732429504395 -1 -1 -1 -1 -1 -1 -1 -1 -1
0.4607229232788086 0.3112143874168396 0.4028557538986206 -1 -1 -1 -1 -1 -1 -1 -1 -1
0.37778007984161377 0.23848944902420044 0.43933767080307007 -1 -1 -1 -1 -1 -1 -1 -1 -1
0.4596852958202362 0.30864453315734863 0.3559553027153015 -1 -1 -1 -1 -1 -1 -1 -1 -1
0.3818022608757019 0.24072414636611938 0.30498793721199036 -1 -1 -1 -1 -1 -1 -1 -1 -1
0.45845434069633484 0.30519193410873413 0.2907523512840271 -1 -1 -1 -1 -1 -1 -1 -1 -1
0.41611894965171814 0.28903162479400635 0.9988197684288025 -1 -1 -1 -1 -1 -1 -1 -1 -1
0.4313087463378906 0.3010854125022888 0.9982536435127258 -1 -1 -1 -1 -1 -1 -1 -1 -1
0.4156883955001831 0.3105691075325012 0.04481532424688339 -1 -1 -1 -1 -1 -1 -1 -1 -1
0.4298350214958191 0.33217233419418335 0.07582162320613861 -1 -1 -1 -1 -1 -1 -1 -1 -1
0.405756413936615 0.34179162979125977 0.17759987711906433 -1 -1 -1 -1 -1 -1 -1 -1 -1
0.4184761345386505 0.3577088415622711 0.08638950437307358 -1 -1 -1 -1 -1 -1 -1 -1 -1
0.4036087095737457 0.35170572996139526 0.22541537880897522 -1 -1 -1 -1 -1 -1 -1 -1 -1
0.4164978563785553 0.3650989234447479 0.19972755014896393 -1 -1 -1 -1 -1 -1 -1 -1 -1
0.407327800989151 0.3345924913883209 0.020748155191540718 -1 -1 -1 -1 -1 -1 -1 -1 -1
0.418840616941452 0.35665324330329895 0.008321801200509071 -1 -1 -1 -1 -1 -1 -1 -1 -1
1 
