16
1 
33 
-1 -1 -1 -1 -1 -1 -1 -1 -1 -1
0.6012569665908813 0.4338642656803131 0.9632691144943237 -1 -1 -1 -1 -1 -1 -1 -1 -1
0.6002717614173889 0.4250650405883789 0.968048632144928 -1 -1 -1 -1 -1 -1 -1 -1 -1
0.5997396111488342 0.42455703020095825 0.9530362486839294 -1 -1 -1 -1 -1 -1 -1 -1 -1
0.5992226600646973 0.4240514039993286 0.9702469706535339 -1 -1 -1 -1 -1 -1 -1 -1 -1
0.6000827550888062 0.42528611421585083 0.9787060618400574 -1 -1 -1 -1 -1 -1 -1 -1 -1
0.5994017720222473 0.424982488155365 0.9761528968811035 -1 -1 -1 -1 -1 -1 -1 -1 -1
0.5987343192100525 0.4246886074542999 0.9831922650337219 -1 -1 -1 -1 -1 -1 -1 -1 -1
0.5910282135009766 0.4235408902168274 0.9685134887695312 -1 -1 -1 -1 -1 -1 -1 -1 -1
0.5919895172119141 0.4241304397583008 0.965973973274231 -1 -1 -1 -1 -1 -1 -1 -1 -1
0.5972729921340942 0.4407040476799011 0.9358484745025635 -1 -1 -1 -1 -1 -1 -1 -1 -1
0.5968457460403442 0.44074904918670654 0.938283383846283 -1 -1 -1 -1 -1 -1 -1 -1 -1
0.5685994625091553 0.447561651468277 0.9859517812728882 -1 -1 -1 -1 -1 -1 -1 -1 -1
0.5847214460372925 0.4486948847770691 0.9961771965026855 -1 -1 -1 -1 -1 -1 -1 -1 -1
0.5770179033279419 0.4388526976108551 0.023847680538892746 -1 -1 -1 -1 -1 -1 -1 -1 -1
0.5836846232414246 0.4611583948135376 0.5523357391357422 -1 -1 -1 -1 -1 -1 -1 -1 -1
0.5824450254440308 0.43006840348243713 0.03985094279050827 -1 -1 -1 -1 -1 -1 -1 -1 -1
0.5899266004562378 0.4422761797904968 0.6241914629936218 -1 -1 -1 -1 -1 -1 -1 -1 -1
0.5807578563690186 0.42691242694854736 0.06593485921621323 -1 -1 -1 -1 -1 -1 -1 -1 -1
0.5905154347419739 0.4390551447868347 0.693294107913971 -1 -1 -1 -1 -1 -1 -1 -1 -1
0.582114577293396 0.42570191621780396 0.06899278610944748 -1 -1 -1 -1 -1 -1 -1 -1 -1
0.5906026363372803 0.4338509738445282 0.6921665668487549 -1 -1 -1 -1 -1 -1 -1 -1 -1
0.5836982727050781 0.42754828929901123 0.0782717615365982 -1 -1 -1 -1 -1 -1 -1 -1 -1
0.5905513763427734 0.4351311922073364 0.5898842215538025 -1 -1 -1 -1 -1 -1 -1 -1 -1
0.5679389238357544 0.5707257390022278 0.9986252784729004 -1 -1 -1 -1 -1 -1 -1 -1 -1
0.5811349749565125 0.5690398216247559 0.9987139701843262 -1 -1 -1 -1 -1 -1 -1 -1 -1
0.5685307383537292 0.6326091289520264 0.1091969758272171 -1 -1 -1 -1 -1 -1 -1 -1 -1
0.5776408910751343 0.6315193176269531 0.5338824391365051 -1 -1 -1 -1 -1 -1 -1 -1 -1
0.5630378723144531 0.6848857402801514 0.21256932616233826 -1 -1 -1 -1 -1 -1 -1 -1 -1
0.5691389441490173 0.688500702381134 0.6803317666053772 -1 -1 -1 -1 -1 -1 -1 -1 -1
0.5576989054679871 0.6955935955047607 0.3964592218399048 -1 -1 -1 -1 -1 -1 -1 -1 -1
0.5624005198478699 0.6977740526199341 0.7670347690582275 -1 -1 -1 -1 -1 -1 -1 -1 -1
0.5757155418395996 0.7067225575447083 0.2446145862340927 -1 -1 -1 -1 -1 -1 -1 -1 -1
0.5780571699142456 0.7124822735786438 0.6172240972518921 -1 -1 -1 -1 -1 -1 -1 -1 -1
1 
33 
-1 -1 -1 -1 -1 -1 -1 -1 -1 -1
0.6002514362335205 0.43200746178627014 0.9765225648880005 -1 -1 -1 -1 -1 -1 -1 -1 -1
0.5987324714660645 0.42298150062561035 0.982451856136322 -1 -1 -1 -1 -1 -1 -1 -1 -1
0.5981410145759583 0.4223613739013672 0.9737783670425415 -1 -1 -1 -1 -1 -1 -1 -1 -1
0.5975728034973145 0.4216606616973877 0.9837760329246521 -1 -1 -1 -1 -1 -1 -1 -1 -1
0.5988439917564392 0.4232217073440552 0.9874489307403564 -1 -1 -1 -1 -1 -1 -1 -1 -1
0.5982693433761597 0.42281222343444824 0.9853766560554504 -1 -1 -1 -1 -1 -1 -1 -1 -1
0.5976957082748413 0.4223753809928894 0.9895690083503723 -1 -1 -1 -1 -1 -1 -1 -1 -1
0.590684175491333 0.4208087921142578 0.9804217219352722 -1 -1 -1 -1 -1 -1 -1 -1 -1
0.5918179750442505 0.4224246144294739 0.9807819128036499 -1 -1 -1 -1 -1 -1 -1 -1 -1
0.5968134999275208 0.4380626082420349 0.9556952118873596 -1 -1 -1 -1 -1 -1 -1 -1 -1
0.5967023372650146 0.4381444454193115 0.9530708193778992 -1 -1 -1 -1 -1 -1 -1 -1 -1
0.5685535669326782 0.44838446378707886 0.9884074330329895 -1 -1 -1 -1 -1 -1 -1 -1 -1
0.5858638286590576 0.4460608661174774 0.9957461953163147 -1 -1 -1 -1 -1 -1 -1 -1 -1
0.5777420401573181 0.4360694885253906 0.041194088757038116 -1 -1 -1 -1 -1 -1 -1 -1 -1
0.584880530834198 0.44984331727027893 0.49720263481140137 -1 -1 -1 -1 -1 -1 -1 -1 -1
0.5860914587974548 0.4255012273788452 0.040502797812223434 -1 -1 -1 -1 -1 -1 -1 -1 -1
0.5917410254478455 0.43374043703079224 0.5934399962425232 -1 -1 -1 -1 -1 -1 -1 -1 -1
0.5852036476135254 0.42251211404800415 0.061111439019441605 -1 -1 -1 -1 -1 -1 -1 -1 -1
0.5921677947044373 0.4313367009162903 0.6650496125221252 -1 -1 -1 -1 -1 -1 -1 -1 -1
0.5859244465827942 0.42085251212120056 0.0642738789319992 -1 -1 -1 -1 -1 -1 -1 -1 -1
0.5928781628608704 0.4286210536956787 0.6601213812828064 -1 -1 -1 -1 -1 -1 -1 -1 -1
0.587189793586731 0.42286744713783264 0.07522278279066086 -1 -1 -1 -1 -1 -1 -1 -1 -1
0.593054473400116 0.4295613765716553 0.565433144569397 -1 -1 -1 -1 -1 -1 -1 -1 -1
0.5704987645149231 0.574218213558197 0.9975340366363525 -1 -1 -1 -1 -1 -1 -1 -1 -1
0.5811232328414917 0.5717901587486267 0.9972767233848572 -1 -1 -1 -1 -1 -1 -1 -1 -1
0.5703588724136353 0.6397509574890137 0.16001003980636597 -1 -1 -1 -1 -1 -1 -1 -1 -1
0.5782140493392944 0.639950692653656 0.5086371898651123 -1 -1 -1 -1 -1 -1 -1 -1 -1
0.5669291019439697 0.6844440698623657 0.14758291840553284 -1 -1 -1 -1 -1 -1 -1 -1 -1
0.5689077973365784 0.686327338218689 0.5146487951278687 -1 -1 -1 -1 -1 -1 -1 -1 -1
0.5625824332237244 0.6924972534179688 0.29641374945640564 -1 -1 -1 -1 -1 -1 -1 -1 -1
0.5622919797897339 0.693407416343689 0.7007634043693542 -1 -1 -1 -1 -1 -1 -1 -1 -1
0.5790649652481079 0.7077250480651855 0.10296735912561417 -1 -1 -1 -1 -1 -1 -1 -1 -1
0.5796814560890198 0.7070301175117493 0.37445297837257385 -1 -1 -1 -1 -1 -1 -1 -1 -1
1 
33 
-1 -1 -1 -1 -1 -1 -1 -1 -1 -1
0.6022093296051025 0.42578524351119995 0.9483007788658142 -1 -1 -1 -1 -1 -1 -1 -1 -1
0.6010229587554932 0.41674166917800903 0.9522411823272705 -1 -1 -1 -1 -1 -1 -1 -1 -1
0.60063636302948 0.41629523038864136 0.9372776746749878 -1 -1 -1 -1 -1 -1 -1 -1 -1
0.6002373099327087 0.4158393144607544 0.9527310132980347 -1 -1 -1 -1 -1 -1 -1 -1 -1
0.6004443764686584 0.41694045066833496 0.9698026776313782 -1 -1 -1 -1 -1 -1 -1 -1 -1
0.599614679813385 0.4166560173034668 0.9689657688140869 -1 -1 -1 -1 -1 -1 -1 -1 -1
0.5987067222595215 0.41639941930770874 0.9759547114372253 -1 -1 -1 -1 -1 -1 -1 -1 -1
0.5929166078567505 0.4160081148147583 0.9227491021156311 -1 -1 -1 -1 -1 -1 -1 -1 -1
0.5923505425453186 0.41715753078460693 0.9392370581626892 -1 -1 -1 -1 -1 -1 -1 -1 -1
0.5985416173934937 0.4343221187591553 0.8794277310371399 -1 -1 -1 -1 -1 -1 -1 -1 -1
0.5978505611419678 0.434447705745697 0.9099128246307373 -1 -1 -1 -1 -1 -1 -1 -1 -1
0.5684857964515686 0.44250762462615967 0.9834713339805603 -1 -1 -1 -1 -1 -1 -1 -1 -1
0.586378812789917 0.44769221544265747 0.9955989122390747 -1 -1 -1 -1 -1 -1 -1 -1 -1
0.5749792456626892 0.45035499334335327 0.03607881814241409 -1 -1 -1 -1 -1 -1 -1 -1 -1
0.5806322693824768 0.45410776138305664 0.49266958236694336 -1 -1 -1 -1 -1 -1 -1 -1 -1
0.5852778553962708 0.44500821828842163 0.04207110032439232 -1 -1 -1 -1 -1 -1 -1 -1 -1
0.5906168818473816 0.4290763735771179 0.5725386142730713 -1 -1 -1 -1 -1 -1 -1 -1 -1
0.5854348540306091 0.44215667247772217 0.06933241337537766 -1 -1 -1 -1 -1 -1 -1 -1 -1
0.5919660329818726 0.4242817163467407 0.6640550494194031 -1 -1 -1 -1 -1 -1 -1 -1 -1
0.586754322052002 0.4410508871078491 0.07181674242019653 -1 -1 -1 -1 -1 -1 -1 -1 -1
0.5922703742980957 0.4161304533481598 0.6549899578094482 -1 -1 -1 -1 -1 -1 -1 -1 -1
0.587494432926178 0.44305989146232605 0.07948245853185654 -1 -1 -1 -1 -1 -1 -1 -1 -1
0.5921482443809509 0.42113423347473145 0.5443775653839111 -1 -1 -1 -1 -1 -1 -1 -1 -1
0.5676665902137756 0.5745365023612976 0.9982457160949707 -1 -1 -1 -1 -1 -1 -1 -1 -1
0.5803317427635193 0.5753322243690491 0.9989669322967529 -1 -1 -1 -1 -1 -1 -1 -1 -1
0.5697455406188965 0.630622923374176 0.11007865518331528 -1 -1 -1 -1 -1 -1 -1 -1 -1
0.5827584266662598 0.6344317197799683 0.5890064835548401 -1 -1 -1 -1 -1 -1 -1 -1 -1
0.5709344148635864 0.6795222163200378 0.2702963650226593 -1 -1 -1 -1 -1 -1 -1 -1 -1
0.5730583667755127 0.6817374229431152 0.772155225276947 -1 -1 -1 -1 -1 -1 -1 -1 -1
0.5675021409988403 0.6880602240562439 0.3993755578994751 -1 -1 -1 -1 -1 -1 -1 -1 -1
0.5686222910881042 0.684796929359436 0.818368136882782 -1 -1 -1 -1 -1 -1 -1 -1 -1
0.5837531089782715 0.6902711391448975 0.32360801100730896 -1 -1 -1 -1 -1 -1 -1 -1 -1
0.5865436792373657 0.692209005355835 0.7441936135292053 -1 -1 -1 -1 -1 -1 -1 -1 -1
1 
33 
-1 -1 -1 -1 -1 -1 -1 -1 -1 -1
0.6023379564285278 0.423585444688797 0.9733881950378418 -1 -1 -1 -1 -1 -1 -1 -1 -1
0.6014277935028076 0.41423431038856506 0.9759264588356018 -1 -1 -1 -1 -1 -1 -1 -1 -1
0.6009682416915894 0.4135832190513611 0.9689578413963318 -1 -1 -1 -1 -1 -1 -1 -1 -1
0.6004804968833923 0.41282862424850464 0.9812160134315491 -1 -1 -1 -1 -1 -1 -1 -1 -1
0.6012330055236816 0.41422295570373535 0.9816733598709106 -1 -1 -1 -1 -1 -1 -1 -1 -1
0.6006145477294922 0.4136817455291748 0.9791316986083984 -1 -1 -1 -1 -1 -1 -1 -1 -1
0.5999571681022644 0.4131244421005249 0.9845914840698242 -1 -1 -1 -1 -1 -1 -1 -1 -1
0.5932745933532715 0.41169485449790955 0.9636965990066528 -1 -1 -1 -1 -1 -1 -1 -1 -1
0.5937678813934326 0.4131764769554138 0.9543273448944092 -1 -1 -1 -1 -1 -1 -1 -1 -1
0.5989373922348022 0.4304947853088379 0.9319678544998169 -1 -1 -1 -1 -1 -1 -1 -1 -1
0.5985786318778992 0.4299783706665039 0.9263609647750854 -1 -1 -1 -1 -1 -1 -1 -1 -1
0.5681055188179016 0.44131410121917725 0.9952579140663147 -1 -1 -1 -1 -1 -1 -1 -1 -1
0.583849310874939 0.4413967728614807 0.9980588555335999 -1 -1 -1 -1 -1 -1 -1 -1 -1
0.5724785923957825 0.4475083649158478 0.05449916422367096 -1 -1 -1 -1 -1 -1 -1 -1 -1
0.5851126909255981 0.4577992856502533 0.5253094434738159 -1 -1 -1 -1 -1 -1 -1 -1 -1
0.5840107202529907 0.4464241564273834 0.02810286171734333 -1 -1 -1 -1 -1 -1 -1 -1 -1
0.5904049873352051 0.438686728477478 0.5450546741485596 -1 -1 -1 -1 -1 -1 -1 -1 -1
0.585519552230835 0.4464626908302307 0.03918895497918129 -1 -1 -1 -1 -1 -1 -1 -1 -1
0.5904284715652466 0.4354884624481201 0.6123170256614685 -1 -1 -1 -1 -1 -1 -1 -1 -1
0.585832953453064 0.44461590051651 0.04125245288014412 -1 -1 -1 -1 -1 -1 -1 -1 -1
0.5908641815185547 0.43124693632125854 0.6105049848556519 -1 -1 -1 -1 -1 -1 -1 -1 -1
0.5860221982002258 0.4453718364238739 0.04325350746512413 -1 -1 -1 -1 -1 -1 -1 -1 -1
0.5909309387207031 0.4325543940067291 0.5011959671974182 -1 -1 -1 -1 -1 -1 -1 -1 -1
0.5685005187988281 0.5609560608863831 0.999046266078949 -1 -1 -1 -1 -1 -1 -1 -1 -1
0.5789535641670227 0.559541642665863 0.9992425441741943 -1 -1 -1 -1 -1 -1 -1 -1 -1
0.5699367523193359 0.6158027648925781 0.13194134831428528 -1 -1 -1 -1 -1 -1 -1 -1 -1
0.5750206708908081 0.6090514659881592 0.5361865758895874 -1 -1 -1 -1 -1 -1 -1 -1 -1
0.570893406867981 0.67120760679245 0.23649558424949646 -1 -1 -1 -1 -1 -1 -1 -1 -1
0.5709934234619141 0.6784873008728027 0.5427646636962891 -1 -1 -1 -1 -1 -1 -1 -1 -1
0.5655563473701477 0.6848309636116028 0.3161364197731018 -1 -1 -1 -1 -1 -1 -1 -1 -1
0.5641911029815674 0.6858508586883545 0.6343756318092346 -1 -1 -1 -1 -1 -1 -1 -1 -1
0.5812332034111023 0.6893752217292786 0.41693204641342163 -1 -1 -1 -1 -1 -1 -1 -1 -1
0.5811948776245117 0.6969228386878967 0.7111732363700867 -1 -1 -1 -1 -1 -1 -1 -1 -1
1 
33 
-1 -1 -1 -1 -1 -1 -1 -1 -1 -1
0.6004675626754761 0.41713476181030273 0.8825832605361938 -1 -1 -1 -1 -1 -1 -1 -1 -1
0.5994271636009216 0.40828126668930054 0.8832659125328064 -1 -1 -1 -1 -1 -1 -1 -1 -1
0.5989653468132019 0.4078049063682556 0.8555501103401184 -1 -1 -1 -1 -1 -1 -1 -1 -1
0.5984341502189636 0.4072414040565491 0.899492621421814 -1 -1 -1 -1 -1 -1 -1 -1 -1
0.5991235971450806 0.4082411527633667 0.9173734784126282 -1 -1 -1 -1 -1 -1 -1 -1 -1
0.5984228849411011 0.4078042507171631 0.9167038202285767 -1 -1 -1 -1 -1 -1 -1 -1 -1
0.5976344347000122 0.4073271155357361 0.9326958060264587 -1 -1 -1 -1 -1 -1 -1 -1 -1
0.5916964411735535 0.4074207544326782 0.8737867474555969 -1 -1 -1 -1 -1 -1 -1 -1 -1
0.5917190313339233 0.40831005573272705 0.8611807823181152 -1 -1 -1 -1 -1 -1 -1 -1 -1
0.597393274307251 0.4242405891418457 0.7811346650123596 -1 -1 -1 -1 -1 -1 -1 -1 -1
0.5966604948043823 0.42376473546028137 0.7979057431221008 -1 -1 -1 -1 -1 -1 -1 -1 -1
0.5720082521438599 0.4372028112411499 0.9508199691772461 -1 -1 -1 -1 -1 -1 -1 -1 -1
0.580552875995636 0.43579423427581787 0.9895569682121277 -1 -1 -1 -1 -1 -1 -1 -1 -1
0.5739681720733643 0.46138352155685425 0.01378609612584114 -1 -1 -1 -1 -1 -1 -1 -1 -1
0.5800206065177917 0.4447508156299591 0.5155838131904602 -1 -1 -1 -1 -1 -1 -1 -1 -1
0.5800652503967285 0.4624966084957123 0.018699193373322487 -1 -1 -1 -1 -1 -1 -1 -1 -1
0.5909882187843323 0.42597508430480957 0.5742061734199524 -1 -1 -1 -1 -1 -1 -1 -1 -1
0.5798040628433228 0.4654085338115692 0.031013930216431618 -1 -1 -1 -1 -1 -1 -1 -1 -1
0.5929132699966431 0.4245285987854004 0.6621083617210388 -1 -1 -1 -1 -1 -1 -1 -1 -1
0.5816969871520996 0.4615364372730255 0.033064231276512146 -1 -1 -1 -1 -1 -1 -1 -1 -1
0.5942604541778564 0.4191780686378479 0.6511561870574951 -1 -1 -1 -1 -1 -1 -1 -1 -1
0.5828178524971008 0.46051740646362305 0.037125371396541595 -1 -1 -1 -1 -1 -1 -1 -1 -1
0.5930705666542053 0.4197016656398773 0.5264801383018494 -1 -1 -1 -1 -1 -1 -1 -1 -1
0.5695117712020874 0.5517863035202026 0.9957863688468933 -1 -1 -1 -1 -1 -1 -1 -1 -1
0.5775198936462402 0.549948513507843 0.9947124719619751 -1 -1 -1 -1 -1 -1 -1 -1 -1
0.5723722577095032 0.6160901188850403 0.14805051684379578 -1 -1 -1 -1 -1 -1 -1 -1 -1
0.5732762217521667 0.60987788438797 0.6106024980545044 -1 -1 -1 -1 -1 -1 -1 -1 -1
0.5738944411277771 0.6808817982673645 0.2577580511569977 -1 -1 -1 -1 -1 -1 -1 -1 -1
0.5738224983215332 0.6841249465942383 0.7063162922859192 -1 -1 -1 -1 -1 -1 -1 -1 -1
0.5701559782028198 0.6942563652992249 0.3768390715122223 -1 -1 -1 -1 -1 -1 -1 -1 -1
0.5688785910606384 0.6921733021736145 0.7101006507873535 -1 -1 -1 -1 -1 -1 -1 -1 -1
0.586051881313324 0.6999462842941284 0.348966509103775 -1 -1 -1 -1 -1 -1 -1 -1 -1
0.5869768261909485 0.7045817375183105 0.651953935623169 -1 -1 -1 -1 -1 -1 -1 -1 -1
1 
33 
-1 -1 -1 -1 -1 -1 -1 -1 -1 -1
0.60066157579422 0.41480135917663574 0.9578557014465332 -1 -1 -1 -1 -1 -1 -1 -1 -1
0.5996703505516052 0.40644901990890503 0.9519818425178528 -1 -1 -1 -1 -1 -1 -1 -1 -1
0.5992987751960754 0.4059438705444336 0.9397962093353271 -1 -1 -1 -1 -1 -1 -1 -1 -1
0.5989540815353394 0.405442476272583 0.9584646224975586 -1 -1 -1 -1 -1 -1 -1 -1 -1
0.5993374586105347 0.40641289949417114 0.9610718488693237 -1 -1 -1 -1 -1 -1 -1 -1 -1
0.5987197756767273 0.4059433937072754 0.9593608379364014 -1 -1 -1 -1 -1 -1 -1 -1 -1
0.5981113910675049 0.40551507472991943 0.9657312035560608 -1 -1 -1 -1 -1 -1 -1 -1 -1
0.5928921699523926 0.405258446931839 0.9302622079849243 -1 -1 -1 -1 -1 -1 -1 -1 -1
0.5926324725151062 0.40539389848709106 0.9224221110343933 -1 -1 -1 -1 -1 -1 -1 -1 -1
0.5975200533866882 0.420715868473053 0.8983500599861145 -1 -1 -1 -1 -1 -1 -1 -1 -1
0.5970090627670288 0.42017677426338196 0.9031558036804199 -1 -1 -1 -1 -1 -1 -1 -1 -1
0.5726521015167236 0.43366557359695435 0.9697955250740051 -1 -1 -1 -1 -1 -1 -1 -1 -1
0.5821205973625183 0.4268791079521179 0.9956687688827515 -1 -1 -1 -1 -1 -1 -1 -1 -1
0.5702532529830933 0.4665883183479309 0.01562785543501377 -1 -1 -1 -1 -1 -1 -1 -1 -1
0.5805456638336182 0.4292815923690796 0.7046253085136414 -1 -1 -1 -1 -1 -1 -1 -1 -1
0.5743203163146973 0.4850032925605774 0.013269510120153427 -1 -1 -1 -1 -1 -1 -1 -1 -1
0.592826247215271 0.41832178831100464 0.7228232622146606 -1 -1 -1 -1 -1 -1 -1 -1 -1
0.573722779750824 0.49244579672813416 0.020966116338968277 -1 -1 -1 -1 -1 -1 -1 -1 -1
0.5943090915679932 0.4175477623939514 0.7732618451118469 -1 -1 -1 -1 -1 -1 -1 -1 -1
0.5759620666503906 0.48909878730773926 0.022370595484972 -1 -1 -1 -1 -1 -1 -1 -1 -1
0.594511866569519 0.4091084599494934 0.7632526755332947 -1 -1 -1 -1 -1 -1 -1 -1 -1
0.5769975781440735 0.48667681217193604 0.026134124025702477 -1 -1 -1 -1 -1 -1 -1 -1 -1
0.5943124890327454 0.4106576144695282 0.6627511382102966 -1 -1 -1 -1 -1 -1 -1 -1 -1
0.5692411065101624 0.5473326444625854 0.9948539137840271 -1 -1 -1 -1 -1 -1 -1 -1 -1
0.5749742984771729 0.5473417043685913 0.9955865144729614 -1 -1 -1 -1 -1 -1 -1 -1 -1
0.5724004507064819 0.6160539388656616 0.15255364775657654 -1 -1 -1 -1 -1 -1 -1 -1 -1
0.5729750990867615 0.6099408864974976 0.8317404985427856 -1 -1 -1 -1 -1 -1 -1 -1 -1
0.5727273225784302 0.6836652159690857 0.31506672501564026 -1 -1 -1 -1 -1 -1 -1 -1 -1
0.5734929442405701 0.6874050498008728 0.8862582445144653 -1 -1 -1 -1 -1 -1 -1 -1 -1
0.5673786401748657 0.6977587938308716 0.44074296951293945 -1 -1 -1 -1 -1 -1 -1 -1 -1
0.567676305770874 0.6976719498634338 0.8624613881111145 -1 -1 -1 -1 -1 -1 -1 -1 -1
0.5870499610900879 0.7076786756515503 0.4531129002571106 -1 -1 -1 -1 -1 -1 -1 -1 -1
0.587878406047821 0.7168245911598206 0.8558180928230286 -1 -1 -1 -1 -1 -1 -1 -1 -1
1 
33 
-1 -1 -1 -1 -1 -1 -1 -1 -1 -1
0.6020399332046509 0.41333913803100586 0.9929611086845398 -1 -1 -1 -1 -1 -1 -1 -1 -1
0.6006113290786743 0.40570691227912903 0.9924612641334534 -1 -1 -1 -1 -1 -1 -1 -1 -1
0.6001257300376892 0.4052090048789978 0.9910180568695068 -1 -1 -1 -1 -1 -1 -1 -1 -1
0.5996679067611694 0.40466463565826416 0.993902325630188 -1 -1 -1 -1 -1 -1 -1 -1 -1
0.6006364822387695 0.40573257207870483 0.9926100373268127 -1 -1 -1 -1 -1 -1 -1 -1 -1
0.600128173828125 0.4052494168281555 0.9928097724914551 -1 -1 -1 -1 -1 -1 -1 -1 -1
0.5996149182319641 0.40470749139785767 0.9934872388839722 -1 -1 -1 -1 -1 -1 -1 -1 -1
0.593830943107605 0.40550696849823 0.9901155233383179 -1 -1 -1 -1 -1 -1 -1 -1 -1
0.5942195653915405 0.4052421450614929 0.9888949394226074 -1 -1 -1 -1 -1 -1 -1 -1 -1
0.5991089344024658 0.4189770817756653 0.9858258366584778 -1 -1 -1 -1 -1 -1 -1 -1 -1
0.5989125967025757 0.4185672402381897 0.9862676858901978 -1 -1 -1 -1 -1 -1 -1 -1 -1
0.5740470886230469 0.434552401304245 0.9878947138786316 -1 -1 -1 -1 -1 -1 -1 -1 -1
0.5834476947784424 0.4256414771080017 0.9986552000045776 -1 -1 -1 -1 -1 -1 -1 -1 -1
0.566681981086731 0.4821852445602417 0.02855662815272808 -1 -1 -1 -1 -1 -1 -1 -1 -1
0.5838031768798828 0.42615848779678345 0.8549308776855469 -1 -1 -1 -1 -1 -1 -1 -1 -1
0.5652692914009094 0.5134714841842651 0.014590542763471603 -1 -1 -1 -1 -1 -1 -1 -1 -1
0.5967985391616821 0.4170074462890625 0.7932761311531067 -1 -1 -1 -1 -1 -1 -1 -1 -1
0.5635879635810852 0.5237698554992676 0.01994183100759983 -1 -1 -1 -1 -1 -1 -1 -1 -1
0.5980058312416077 0.4166162610054016 0.7935312986373901 -1 -1 -1 -1 -1 -1 -1 -1 -1
0.5653495192527771 0.5221624970436096 0.021206803619861603 -1 -1 -1 -1 -1 -1 -1 -1 -1
0.5999754667282104 0.4147106111049652 0.7805130481719971 -1 -1 -1 -1 -1 -1 -1 -1 -1
0.5663391947746277 0.5182545185089111 0.023789046332240105 -1 -1 -1 -1 -1 -1 -1 -1 -1
0.5990306735038757 0.41499054431915283 0.6879549622535706 -1 -1 -1 -1 -1 -1 -1 -1 -1
0.5668606758117676 0.5443962812423706 0.9986230134963989 -1 -1 -1 -1 -1 -1 -1 -1 -1
0.5730839371681213 0.5415974259376526 0.9988160133361816 -1 -1 -1 -1 -1 -1 -1 -1 -1
0.575890064239502 0.6100090742111206 0.3454529047012329 -1 -1 -1 -1 -1 -1 -1 -1 -1
0.574891209602356 0.6040948033332825 0.9434781074523926 -1 -1 -1 -1 -1 -1 -1 -1 -1
0.573981761932373 0.6782321929931641 0.5161511898040771 -1 -1 -1 -1 -1 -1 -1 -1 -1
0.5747555494308472 0.6790101528167725 0.9606823325157166 -1 -1 -1 -1 -1 -1 -1 -1 -1
0.5689318776130676 0.688519299030304 0.5328109860420227 -1 -1 -1 -1 -1 -1 -1 -1 -1
0.5696589350700378 0.6891023516654968 0.9186116456985474 -1 -1 -1 -1 -1 -1 -1 -1 -1
0.5877641439437866 0.70240318775177 0.6633840203285217 -1 -1 -1 -1 -1 -1 -1 -1 -1
0.5879768133163452 0.7067650556564331 0.9582187533378601 -1 -1 -1 -1 -1 -1 -1 -1 -1
1 
33 
-1 -1 -1 -1 -1 -1 -1 -1 -1 -1
0.6015959978103638 0.416204571723938 0.993005096912384 -1 -1 -1 -1 -1 -1 -1 -1 -1
0.6011844277381897 0.40742984414100647 0.9930398464202881 -1 -1 -1 -1 -1 -1 -1 -1 -1
0.6007827520370483 0.40685370564460754 0.9919608235359192 -1 -1 -1 -1 -1 -1 -1 -1 -1
0.6003414988517761 0.4062042534351349 0.9937020540237427 -1 -1 -1 -1 -1 -1 -1 -1 -1
0.600883424282074 0.4074770510196686 0.9941837191581726 -1 -1 -1 -1 -1 -1 -1 -1 -1
0.600244402885437 0.4069415330886841 0.9950987696647644 -1 -1 -1 -1 -1 -1 -1 -1 -1
0.5995569825172424 0.40633440017700195 0.9955240488052368 -1 -1 -1 -1 -1 -1 -1 -1 -1
0.593818724155426 0.40496015548706055 0.9954240918159485 -1 -1 -1 -1 -1 -1 -1 -1 -1
0.5935894250869751 0.40513914823532104 0.9935293793678284 -1 -1 -1 -1 -1 -1 -1 -1 -1
0.5985658168792725 0.4219514727592468 0.9904229640960693 -1 -1 -1 -1 -1 -1 -1 -1 -1
0.5979689359664917 0.42164069414138794 0.9925906658172607 -1 -1 -1 -1 -1 -1 -1 -1 -1
0.578291118144989 0.43464282155036926 0.9745038151741028 -1 -1 -1 -1 -1 -1 -1 -1 -1
0.5823228359222412 0.42926472425460815 0.9977311491966248 -1 -1 -1 -1 -1 -1 -1 -1 -1
0.5707308053970337 0.4656720757484436 0.010171554051339626 -1 -1 -1 -1 -1 -1 -1 -1 -1
0.5848903656005859 0.42640504240989685 0.8058516383171082 -1 -1 -1 -1 -1 -1 -1 -1 -1
0.569201648235321 0.486865371465683 0.005524038802832365 -1 -1 -1 -1 -1 -1 -1 -1 -1
0.5990487337112427 0.41492220759391785 0.7392716407775879 -1 -1 -1 -1 -1 -1 -1 -1 -1
0.5666438937187195 0.49481093883514404 0.0088473130017519 -1 -1 -1 -1 -1 -1 -1 -1 -1
0.5962082147598267 0.41556140780448914 0.7681701183319092 -1 -1 -1 -1 -1 -1 -1 -1 -1
0.5684574246406555 0.49294933676719666 0.009323344565927982 -1 -1 -1 -1 -1 -1 -1 -1 -1
0.5989108681678772 0.4109353721141815 0.7477545738220215 -1 -1 -1 -1 -1 -1 -1 -1 -1
0.5698862671852112 0.48987555503845215 0.010448900982737541 -1 -1 -1 -1 -1 -1 -1 -1 -1
0.5988976955413818 0.41157859563827515 0.6560114026069641 -1 -1 -1 -1 -1 -1 -1 -1 -1
0.5654000043869019 0.5372658371925354 0.998362123966217 -1 -1 -1 -1 -1 -1 -1 -1 -1
0.5694571733474731 0.5378774404525757 0.9990401864051819 -1 -1 -1 -1 -1 -1 -1 -1 -1
0.5748551487922668 0.6060022115707397 0.49006080627441406 -1 -1 -1 -1 -1 -1 -1 -1 -1
0.5765868425369263 0.6013517379760742 0.9657919406890869 -1 -1 -1 -1 -1 -1 -1 -1 -1
0.5735241174697876 0.670630693435669 0.6640515327453613 -1 -1 -1 -1 -1 -1 -1 -1 -1
0.5734593272209167 0.6757616400718689 0.9849435091018677 -1 -1 -1 -1 -1 -1 -1 -1 -1
0.5679091215133667 0.6839701533317566 0.6563947200775146 -1 -1 -1 -1 -1 -1 -1 -1 -1
0.5667385458946228 0.6861069798469543 0.9645510911941528 -1 -1 -1 -1 -1 -1 -1 -1 -1
0.5867525935173035 0.6960465908050537 0.7815470695495605 -1 -1 -1 -1 -1 -1 -1 -1 -1
0.5886315703392029 0.7026818990707397 0.9806631207466125 -1 -1 -1 -1 -1 -1 -1 -1 -1
1 
33 
-1 -1 -1 -1 -1 -1 -1 -1 -1 -1
0.6039684414863586 0.4151768088340759 0.9797651171684265 -1 -1 -1 -1 -1 -1 -1 -1 -1
0.6023440361022949 0.4074338674545288 0.9801090359687805 -1 -1 -1 -1 -1 -1 -1 -1 -1
0.6019365787506104 0.4068630039691925 0.9734308123588562 -1 -1 -1 -1 -1 -1 -1 -1 -1
0.601525068283081 0.40620309114456177 0.9826029539108276 -1 -1 -1 -1 -1 -1 -1 -1 -1
0.6019125580787659 0.40743422508239746 0.9861254096031189 -1 -1 -1 -1 -1 -1 -1 -1 -1
0.6012195348739624 0.4069613218307495 0.986068844795227 -1 -1 -1 -1 -1 -1 -1 -1 -1
0.6005043387413025 0.40643417835235596 0.988547682762146 -1 -1 -1 -1 -1 -1 -1 -1 -1
0.5948649048805237 0.4054346978664398 0.9811376333236694 -1 -1 -1 -1 -1 -1 -1 -1 -1
0.5947479605674744 0.406003475189209 0.9785906076431274 -1 -1 -1 -1 -1 -1 -1 -1 -1
0.6011589169502258 0.4207249879837036 0.9618637561798096 -1 -1 -1 -1 -1 -1 -1 -1 -1
0.6004465222358704 0.42049336433410645 0.9661895036697388 -1 -1 -1 -1 -1 -1 -1 -1 -1
0.578887939453125 0.4300919771194458 0.9816577434539795 -1 -1 -1 -1 -1 -1 -1 -1 -1
0.5862153768539429 0.4257664978504181 0.9966752529144287 -1 -1 -1 -1 -1 -1 -1 -1 -1
0.5780649781227112 0.4464341104030609 0.028422532603144646 -1 -1 -1 -1 -1 -1 -1 -1 -1
0.5867589116096497 0.43016231060028076 0.7036731243133545 -1 -1 -1 -1 -1 -1 -1 -1 -1
0.5832138061523438 0.4511094093322754 0.03988475725054741 -1 -1 -1 -1 -1 -1 -1 -1 -1
0.5977376103401184 0.42178377509117126 0.7754732966423035 -1 -1 -1 -1 -1 -1 -1 -1 -1
0.5820640921592712 0.4547574520111084 0.057150598615407944 -1 -1 -1 -1 -1 -1 -1 -1 -1
0.5986522436141968 0.4221249222755432 0.8054110407829285 -1 -1 -1 -1 -1 -1 -1 -1 -1
0.5836008787155151 0.45107248425483704 0.06034272536635399 -1 -1 -1 -1 -1 -1 -1 -1 -1
0.5992412567138672 0.4150983691215515 0.7940973043441772 -1 -1 -1 -1 -1 -1 -1 -1 -1
0.5848658680915833 0.45044568181037903 0.06845367699861526 -1 -1 -1 -1 -1 -1 -1 -1 -1
0.5991635918617249 0.41664552688598633 0.6938033699989319 -1 -1 -1 -1 -1 -1 -1 -1 -1
0.5647206902503967 0.5495843291282654 0.9987025260925293 -1 -1 -1 -1 -1 -1 -1 -1 -1
0.5668174028396606 0.5511125326156616 0.9987119436264038 -1 -1 -1 -1 -1 -1 -1 -1 -1
0.5761278867721558 0.6099684238433838 0.3867684304714203 -1 -1 -1 -1 -1 -1 -1 -1 -1
0.5745864510536194 0.6035429835319519 0.9348913431167603 -1 -1 -1 -1 -1 -1 -1 -1 -1
0.5745305418968201 0.6737551689147949 0.5092364549636841 -1 -1 -1 -1 -1 -1 -1 -1 -1
0.5720124244689941 0.6777930855751038 0.9611411094665527 -1 -1 -1 -1 -1 -1 -1 -1 -1
0.5683178305625916 0.6830360889434814 0.5218538641929626 -1 -1 -1 -1 -1 -1 -1 -1 -1
0.5653996467590332 0.6857486963272095 0.9125617742538452 -1 -1 -1 -1 -1 -1 -1 -1 -1
0.5867752432823181 0.6991893649101257 0.6556972861289978 -1 -1 -1 -1 -1 -1 -1 -1 -1
0.5859243273735046 0.7055054903030396 0.9565545916557312 -1 -1 -1 -1 -1 -1 -1 -1 -1
1 
33 
-1 -1 -1 -1 -1 -1 -1 -1 -1 -1
0.6045808792114258 0.42030251026153564 0.9949192404747009 -1 -1 -1 -1 -1 -1 -1 -1 -1
0.6028684377670288 0.4129101037979126 0.994419276714325 -1 -1 -1 -1 -1 -1 -1 -1 -1
0.6023556590080261 0.412197470664978 0.9918518662452698 -1 -1 -1 -1 -1 -1 -1 -1 -1
0.6018934845924377 0.41143324971199036 0.9943491816520691 -1 -1 -1 -1 -1 -1 -1 -1 -1
0.6026360988616943 0.4131386876106262 0.9967473745346069 -1 -1 -1 -1 -1 -1 -1 -1 -1
0.6019715666770935 0.4127277731895447 0.9966893196105957 -1 -1 -1 -1 -1 -1 -1 -1 -1
0.6013206839561462 0.4122898578643799 0.9976671934127808 -1 -1 -1 -1 -1 -1 -1 -1 -1
0.5955039858818054 0.41067326068878174 0.9921795129776001 -1 -1 -1 -1 -1 -1 -1 -1 -1
0.5953811407089233 0.4117281138896942 0.9965929388999939 -1 -1 -1 -1 -1 -1 -1 -1 -1
0.6012853980064392 0.42520928382873535 0.9839707016944885 -1 -1 -1 -1 -1 -1 -1 -1 -1
0.6007705330848694 0.4250538945198059 0.9905996918678284 -1 -1 -1 -1 -1 -1 -1 -1 -1
0.5799010396003723 0.43136265873908997 0.9942278861999512 -1 -1 -1 -1 -1 -1 -1 -1 -1
0.5874713659286499 0.4331853687763214 0.9994732737541199 -1 -1 -1 -1 -1 -1 -1 -1 -1
0.5795261263847351 0.4438016414642334 0.0416204035282135 -1 -1 -1 -1 -1 -1 -1 -1 -1
0.5758388638496399 0.4616498053073883 0.6697925925254822 -1 -1 -1 -1 -1 -1 -1 -1 -1
0.5861034989356995 0.4479144215583801 0.05405488982796669 -1 -1 -1 -1 -1 -1 -1 -1 -1
0.569229245185852 0.4996214509010315 0.7028857469558716 -1 -1 -1 -1 -1 -1 -1 -1 -1
0.5861215591430664 0.449781209230423 0.06861238926649094 -1 -1 -1 -1 -1 -1 -1 -1 -1
0.5655115842819214 0.5071867108345032 0.7247521877288818 -1 -1 -1 -1 -1 -1 -1 -1 -1
0.5873156785964966 0.44744521379470825 0.07061770558357239 -1 -1 -1 -1 -1 -1 -1 -1 -1
0.5696101188659668 0.5072432160377502 0.7151870727539062 -1 -1 -1 -1 -1 -1 -1 -1 -1
0.5879600048065186 0.4480653405189514 0.0757245272397995 -1 -1 -1 -1 -1 -1 -1 -1 -1
0.5711630582809448 0.5052621364593506 0.6071032285690308 -1 -1 -1 -1 -1 -1 -1 -1 -1
0.5638306140899658 0.5572420954704285 0.9990806579589844 -1 -1 -1 -1 -1 -1 -1 -1 -1
0.564570426940918 0.5575308799743652 0.9991152882575989 -1 -1 -1 -1 -1 -1 -1 -1 -1
0.5789103507995605 0.6088393926620483 0.3095349371433258 -1 -1 -1 -1 -1 -1 -1 -1 -1
0.5755670070648193 0.6002508401870728 0.9457968473434448 -1 -1 -1 -1 -1 -1 -1 -1 -1
0.5746030807495117 0.6751735210418701 0.463713675737381 -1 -1 -1 -1 -1 -1 -1 -1 -1
0.5703551173210144 0.6802374720573425 0.9428478479385376 -1 -1 -1 -1 -1 -1 -1 -1 -1
0.5682397484779358 0.7006692290306091 0.4906194806098938 -1 -1 -1 -1 -1 -1 -1 -1 -1
0.5622078776359558 0.6887688636779785 0.8761711716651917 -1 -1 -1 -1 -1 -1 -1 -1 -1
0.589179515838623 0.702918291091919 0.6513208150863647 -1 -1 -1 -1 -1 -1 -1 -1 -1
0.5871295928955078 0.7092630863189697 0.9513566493988037 -1 -1 -1 -1 -1 -1 -1 -1 -1
1 
33 
-1 -1 -1 -1 -1 -1 -1 -1 -1 -1
0.6032671928405762 0.42537033557891846 0.993574321269989 -1 -1 -1 -1 -1 -1 -1 -1 -1
0.601341962814331 0.4182613790035248 0.9909479022026062 -1 -1 -1 -1 -1 -1 -1 -1 -1
0.6009092330932617 0.41776973009109497 0.9875106811523438 -1 -1 -1 -1 -1 -1 -1 -1 -1
0.6005176305770874 0.4171714186668396 0.9902724623680115 -1 -1 -1 -1 -1 -1 -1 -1 -1
0.6008943319320679 0.41854143142700195 0.9954124093055725 -1 -1 -1 -1 -1 -1 -1 -1 -1
0.6001461744308472 0.41846543550491333 0.9953613877296448 -1 -1 -1 -1 -1 -1 -1 -1 -1
0.5994106531143188 0.41837936639785767 0.9966953992843628 -1 -1 -1 -1 -1 -1 -1 -1 -1
0.5945765376091003 0.41645434498786926 0.9869058728218079 -1 -1 -1 -1 -1 -1 -1 -1 -1
0.5938031673431396 0.4186542332172394 0.9954837560653687 -1 -1 -1 -1 -1 -1 -1 -1 -1
0.6003726124763489 0.43039095401763916 0.9779356718063354 -1 -1 -1 -1 -1 -1 -1 -1 -1
0.5993489623069763 0.43050673604011536 0.9883912801742554 -1 -1 -1 -1 -1 -1 -1 -1 -1
0.5801920890808105 0.434345006942749 0.994767427444458 -1 -1 -1 -1 -1 -1 -1 -1 -1
0.5848901271820068 0.4412025809288025 0.9991350769996643 -1 -1 -1 -1 -1 -1 -1 -1 -1
0.5908322334289551 0.42599135637283325 0.11065710335969925 -1 -1 -1 -1 -1 -1 -1 -1 -1
0.5693516135215759 0.48959168791770935 0.7313946485519409 -1 -1 -1 -1 -1 -1 -1 -1 -1
0.602546215057373 0.41263753175735474 0.20926381647586823 -1 -1 -1 -1 -1 -1 -1 -1 -1
0.566451907157898 0.5160905718803406 0.6859071850776672 -1 -1 -1 -1 -1 -1 -1 -1 -1
0.6040377020835876 0.40738970041275024 0.21400706470012665 -1 -1 -1 -1 -1 -1 -1 -1 -1
0.5628894567489624 0.5224978923797607 0.6900530457496643 -1 -1 -1 -1 -1 -1 -1 -1 -1
0.6053836345672607 0.40492871403694153 0.2170860767364502 -1 -1 -1 -1 -1 -1 -1 -1 -1
0.5655838847160339 0.5222672820091248 0.6838913559913635 -1 -1 -1 -1 -1 -1 -1 -1 -1
0.6053672432899475 0.4082368016242981 0.2296038717031479 -1 -1 -1 -1 -1 -1 -1 -1 -1
0.5672060251235962 0.5209041237831116 0.584800124168396 -1 -1 -1 -1 -1 -1 -1 -1 -1
0.5628055334091187 0.5569666028022766 0.9982984662055969 -1 -1 -1 -1 -1 -1 -1 -1 -1
0.5634269118309021 0.5608587861061096 0.9988043308258057 -1 -1 -1 -1 -1 -1 -1 -1 -1
0.5813776254653931 0.6083974242210388 0.32544049620628357 -1 -1 -1 -1 -1 -1 -1 -1 -1
0.576256275177002 0.6074186563491821 0.9663510918617249 -1 -1 -1 -1 -1 -1 -1 -1 -1
0.5731155276298523 0.671477198600769 0.46371424198150635 -1 -1 -1 -1 -1 -1 -1 -1 -1
0.5687665939331055 0.6803882122039795 0.9456371068954468 -1 -1 -1 -1 -1 -1 -1 -1 -1
0.5676854848861694 0.6979023218154907 0.4665336310863495 -1 -1 -1 -1 -1 -1 -1 -1 -1
0.5582886934280396 0.6880138516426086 0.8928245306015015 -1 -1 -1 -1 -1 -1 -1 -1 -1
0.586449146270752 0.6970608234405518 0.5898343920707703 -1 -1 -1 -1 -1 -1 -1 -1 -1
0.5801836848258972 0.7122780084609985 0.9437080025672913 -1 -1 -1 -1 -1 -1 -1 -1 -1
1 
33 
-1 -1 -1 -1 -1 -1 -1 -1 -1 -1
0.6019560694694519 0.43477147817611694 0.9969436526298523 -1 -1 -1 -1 -1 -1 -1 -1 -1
0.601697564125061 0.42709773778915405 0.9941883087158203 -1 -1 -1 -1 -1 -1 -1 -1 -1
0.6015834808349609 0.42642074823379517 0.9925193786621094 -1 -1 -1 -1 -1 -1 -1 -1 -1
0.6015267968177795 0.42565828561782837 0.9927823543548584 -1 -1 -1 -1 -1 -1 -1 -1 -1
0.6006112694740295 0.42764049768447876 0.9974134564399719 -1 -1 -1 -1 -1 -1 -1 -1 -1
0.5996435284614563 0.4274887442588806 0.9975115060806274 -1 -1 -1 -1 -1 -1 -1 -1 -1
0.5986843109130859 0.42735618352890015 0.9979268312454224 -1 -1 -1 -1 -1 -1 -1 -1 -1
0.5956266522407532 0.42332932353019714 0.9909095168113708 -1 -1 -1 -1 -1 -1 -1 -1 -1
0.5924045443534851 0.4266382157802582 0.9974390268325806 -1 -1 -1 -1 -1 -1 -1 -1 -1
0.5991851091384888 0.4378945827484131 0.9818498492240906 -1 -1 -1 -1 -1 -1 -1 -1 -1
0.5976497530937195 0.43826228380203247 0.9919936656951904 -1 -1 -1 -1 -1 -1 -1 -1 -1
0.5806484818458557 0.445358008146286 0.998124897480011 -1 -1 -1 -1 -1 -1 -1 -1 -1
0.5810465216636658 0.4582121670246124 0.9996107220649719 -1 -1 -1 -1 -1 -1 -1 -1 -1
0.5811880230903625 0.4184081554412842 0.20879055559635162 -1 -1 -1 -1 -1 -1 -1 -1 -1
0.56564861536026 0.5074362754821777 0.8547476530075073 -1 -1 -1 -1 -1 -1 -1 -1 -1
0.5889737010002136 0.39213934540748596 0.49747520685195923 -1 -1 -1 -1 -1 -1 -1 -1 -1
0.559410810470581 0.5468024015426636 0.8271970152854919 -1 -1 -1 -1 -1 -1 -1 -1 -1
0.5902169942855835 0.382968544960022 0.4726286232471466 -1 -1 -1 -1 -1 -1 -1 -1 -1
0.5548436045646667 0.558747410774231 0.8143532276153564 -1 -1 -1 -1 -1 -1 -1 -1 -1
0.591291069984436 0.3816303014755249 0.4661659598350525 -1 -1 -1 -1 -1 -1 -1 -1 -1
0.554679274559021 0.5561074018478394 0.8143749237060547 -1 -1 -1 -1 -1 -1 -1 -1 -1
0.5915422439575195 0.38671770691871643 0.4733467698097229 -1 -1 -1 -1 -1 -1 -1 -1 -1
0.5566009283065796 0.5534021854400635 0.7362542152404785 -1 -1 -1 -1 -1 -1 -1 -1 -1
0.5650996565818787 0.5636166334152222 0.9994532465934753 -1 -1 -1 -1 -1 -1 -1 -1 -1
0.5635762810707092 0.5689097046852112 0.9994661211967468 -1 -1 -1 -1 -1 -1 -1 -1 -1
0.5830931663513184 0.6161289215087891 0.303249716758728 -1 -1 -1 -1 -1 -1 -1 -1 -1
0.5801016092300415 0.6111195683479309 0.95113205909729 -1 -1 -1 -1 -1 -1 -1 -1 -1
0.5716357827186584 0.6729079484939575 0.5211513638496399 -1 -1 -1 -1 -1 -1 -1 -1 -1
0.5679081082344055 0.6792193055152893 0.941105306148529 -1 -1 -1 -1 -1 -1 -1 -1 -1
0.5655404329299927 0.6983247399330139 0.556502103805542 -1 -1 -1 -1 -1 -1 -1 -1 -1
0.5571839809417725 0.6895307302474976 0.8940527439117432 -1 -1 -1 -1 -1 -1 -1 -1 -1
0.5824677348136902 0.696516215801239 0.6934717297554016 -1 -1 -1 -1 -1 -1 -1 -1 -1
0.5828145742416382 0.7137245535850525 0.9566762447357178 -1 -1 -1 -1 -1 -1 -1 -1 -1
1 
33 
-1 -1 -1 -1 -1 -1 -1 -1 -1 -1
0.5577365756034851 0.5859948396682739 0.9991348385810852 -1 -1 -1 -1 -1 -1 -1 -1 -1
0.5563185811042786 0.5890999436378479 0.9993897676467896 -1 -1 -1 -1 -1 -1 -1 -1 -1
0.5560246109962463 0.5899546146392822 0.9989386200904846 -1 -1 -1 -1 -1 -1 -1 -1 -1
0.555712878704071 0.5907562375068665 0.9993378520011902 -1 -1 -1 -1 -1 -1 -1 -1 -1
0.5577553510665894 0.5877498388290405 0.9995290040969849 -1 -1 -1 -1 -1 -1 -1 -1 -1
0.5583673715591431 0.5877689123153687 0.9993243217468262 -1 -1 -1 -1 -1 -1 -1 -1 -1
0.5589635372161865 0.5878110527992249 0.9994701743125916 -1 -1 -1 -1 -1 -1 -1 -1 -1
0.5571973919868469 0.5975895524024963 0.9991210103034973 -1 -1 -1 -1 -1 -1 -1 -1 -1
0.5627063512802124 0.593075156211853 0.9994654059410095 -1 -1 -1 -1 -1 -1 -1 -1 -1
0.5613530278205872 0.5854323506355286 0.9998194575309753 -1 -1 -1 -1 -1 -1 -1 -1 -1
0.5602664947509766 0.586966872215271 0.9996657371520996 -1 -1 -1 -1 -1 -1 -1 -1 -1
0.5609537363052368 0.6024523377418518 0.9996757507324219 -1 -1 -1 -1 -1 -1 -1 -1 -1
0.5733168125152588 0.5953341722488403 0.9999626874923706 -1 -1 -1 -1 -1 -1 -1 -1 -1
0.5550996661186218 0.5841847658157349 0.061322398483753204 -1 -1 -1 -1 -1 -1 -1 -1 -1
0.5678553581237793 0.5899392366409302 0.613389253616333 -1 -1 -1 -1 -1 -1 -1 -1 -1
0.5491805076599121 0.5740447044372559 0.07793766260147095 -1 -1 -1 -1 -1 -1 -1 -1 -1
0.5558634400367737 0.591051459312439 0.37388381361961365 -1 -1 -1 -1 -1 -1 -1 -1 -1
0.5471895933151245 0.5688241720199585 0.10426925122737885 -1 -1 -1 -1 -1 -1 -1 -1 -1
0.5533739328384399 0.5861273407936096 0.40154406428337097 -1 -1 -1 -1 -1 -1 -1 -1 -1
0.5466011762619019 0.5706495046615601 0.1158846989274025 -1 -1 -1 -1 -1 -1 -1 -1 -1
0.5516175627708435 0.5890324115753174 0.3903321921825409 -1 -1 -1 -1 -1 -1 -1 -1 -1
0.5476129055023193 0.5729879140853882 0.1261415034532547 -1 -1 -1 -1 -1 -1 -1 -1 -1
0.5524212121963501 0.5919691324234009 0.3464605510234833 -1 -1 -1 -1 -1 -1 -1 -1 -1
0.5573514103889465 0.5618488788604736 0.9999983310699463 -1 -1 -1 -1 -1 -1 -1 -1 -1
0.5666255950927734 0.5517485737800598 0.9999997615814209 -1 -1 -1 -1 -1 -1 -1 -1 -1
0.5601128339767456 0.5713788270950317 0.9761298298835754 -1 -1 -1 -1 -1 -1 -1 -1 -1
0.5760130882263184 0.5066624879837036 0.9976233839988708 -1 -1 -1 -1 -1 -1 -1 -1 -1
0.5874396562576294 0.6019040942192078 0.9639428853988647 -1 -1 -1 -1 -1 -1 -1 -1 -1
0.5728691816329956 0.45704084634780884 0.9982681274414062 -1 -1 -1 -1 -1 -1 -1 -1 -1
0.590692400932312 0.6074676513671875 0.9190362095832825 -1 -1 -1 -1 -1 -1 -1 -1 -1
0.5714293122291565 0.4526746869087219 0.9857165813446045 -1 -1 -1 -1 -1 -1 -1 -1 -1
0.6005257368087769 0.6109731197357178 0.9822760224342346 -1 -1 -1 -1 -1 -1 -1 -1 -1
0.5723828673362732 0.4411313831806183 0.9988113641738892 -1 -1 -1 -1 -1 -1 -1 -1 -1
1 
33 
-1 -1 -1 -1 -1 -1 -1 -1 -1 -1
0.5691555738449097 0.6518840789794922 0.9992627501487732 -1 -1 -1 -1 -1 -1 -1 -1 -1
0.5695372819900513 0.6556735634803772 0.9984408020973206 -1 -1 -1 -1 -1 -1 -1 -1 -1
0.5696555972099304 0.6555213928222656 0.9980290532112122 -1 -1 -1 -1 -1 -1 -1 -1 -1
0.5697542428970337 0.6553559303283691 0.9984772801399231 -1 -1 -1 -1 -1 -1 -1 -1 -1
0.5700902342796326 0.656609058380127 0.9986801743507385 -1 -1 -1 -1 -1 -1 -1 -1 -1
0.570425808429718 0.6571998596191406 0.9983824491500854 -1 -1 -1 -1 -1 -1 -1 -1 -1
0.570744514465332 0.6577771902084351 0.9987000226974487 -1 -1 -1 -1 -1 -1 -1 -1 -1
0.5708365440368652 0.6555444002151489 0.9970847964286804 -1 -1 -1 -1 -1 -1 -1 -1 -1
0.57293701171875 0.6590116024017334 0.9964802861213684 -1 -1 -1 -1 -1 -1 -1 -1 -1
0.5694421529769897 0.6480973362922668 0.9986292123794556 -1 -1 -1 -1 -1 -1 -1 -1 -1
0.56993567943573 0.6492111682891846 0.9976262450218201 -1 -1 -1 -1 -1 -1 -1 -1 -1
0.562698245048523 0.6305272579193115 0.99924635887146 -1 -1 -1 -1 -1 -1 -1 -1 -1
0.5793258547782898 0.6450668573379517 0.9996414184570312 -1 -1 -1 -1 -1 -1 -1 -1 -1
0.551161527633667 0.5841162800788879 0.547602117061615 -1 -1 -1 -1 -1 -1 -1 -1 -1
0.5823957324028015 0.6287662982940674 0.8843168020248413 -1 -1 -1 -1 -1 -1 -1 -1 -1
0.543043851852417 0.555067777633667 0.5850830674171448 -1 -1 -1 -1 -1 -1 -1 -1 -1
0.5706555843353271 0.6443824768066406 0.8778366446495056 -1 -1 -1 -1 -1 -1 -1 -1 -1
0.5402664542198181 0.547076404094696 0.4804288148880005 -1 -1 -1 -1 -1 -1 -1 -1 -1
0.5691367983818054 0.6482141613960266 0.8136380910873413 -1 -1 -1 -1 -1 -1 -1 -1 -1
0.5404889583587646 0.5473332405090332 0.5104928612709045 -1 -1 -1 -1 -1 -1 -1 -1 -1
0.569206714630127 0.6467498540878296 0.8017023801803589 -1 -1 -1 -1 -1 -1 -1 -1 -1
0.5421567559242249 0.5498977899551392 0.47958558797836304 -1 -1 -1 -1 -1 -1 -1 -1 -1
0.569250226020813 0.6443880796432495 0.7359200119972229 -1 -1 -1 -1 -1 -1 -1 -1 -1
0.5633384585380554 0.5417832732200623 0.9999563694000244 -1 -1 -1 -1 -1 -1 -1 -1 -1
0.5766611695289612 0.5434607267379761 0.9999690055847168 -1 -1 -1 -1 -1 -1 -1 -1 -1
0.5665112137794495 0.502288281917572 0.8124125599861145 -1 -1 -1 -1 -1 -1 -1 -1 -1
0.5877717137336731 0.4852162301540375 0.8287952542304993 -1 -1 -1 -1 -1 -1 -1 -1 -1
0.572408139705658 0.47128742933273315 0.7329937815666199 -1 -1 -1 -1 -1 -1 -1 -1 -1
0.5766927599906921 0.4468934237957001 0.6343551278114319 -1 -1 -1 -1 -1 -1 -1 -1 -1
0.5725077986717224 0.4680519998073578 0.7877806425094604 -1 -1 -1 -1 -1 -1 -1 -1 -1
0.5726568102836609 0.44689375162124634 0.551758348941803 -1 -1 -1 -1 -1 -1 -1 -1 -1
0.5739172101020813 0.4561460018157959 0.8920864462852478 -1 -1 -1 -1 -1 -1 -1 -1 -1
0.5758937001228333 0.42017877101898193 0.6960940957069397 -1 -1 -1 -1 -1 -1 -1 -1 -1
1 
33 
-1 -1 -1 -1 -1 -1 -1 -1 -1 -1
0.5713643431663513 0.6546298265457153 0.9993571639060974 -1 -1 -1 -1 -1 -1 -1 -1 -1
0.5725050568580627 0.6573050022125244 0.9995360374450684 -1 -1 -1 -1 -1 -1 -1 -1 -1
0.5730012059211731 0.6571363806724548 0.999381422996521 -1 -1 -1 -1 -1 -1 -1 -1 -1
0.573494553565979 0.6569578051567078 0.9994959831237793 -1 -1 -1 -1 -1 -1 -1 -1 -1
0.5717637538909912 0.6576918363571167 0.999553382396698 -1 -1 -1 -1 -1 -1 -1 -1 -1
0.5715039372444153 0.6577581763267517 0.999390721321106 -1 -1 -1 -1 -1 -1 -1 -1 -1
0.5712263584136963 0.65781569480896 0.999609649181366 -1 -1 -1 -1 -1 -1 -1 -1 -1
0.5752180218696594 0.6533096432685852 0.9991507530212402 -1 -1 -1 -1 -1 -1 -1 -1 -1
0.5722324848175049 0.6539229154586792 0.9992958307266235 -1 -1 -1 -1 -1 -1 -1 -1 -1
0.5722359418869019 0.6499091982841492 0.9991737008094788 -1 -1 -1 -1 -1 -1 -1 -1 -1
0.5713301301002502 0.6503207683563232 0.9989664554595947 -1 -1 -1 -1 -1 -1 -1 -1 -1
0.5757598280906677 0.6337186098098755 0.9980207681655884 -1 -1 -1 -1 -1 -1 -1 -1 -1
0.5732705593109131 0.6337873339653015 0.9996141195297241 -1 -1 -1 -1 -1 -1 -1 -1 -1
0.5710777044296265 0.6426056027412415 0.3145134449005127 -1 -1 -1 -1 -1 -1 -1 -1 -1
0.5700820684432983 0.6491658687591553 0.8413952589035034 -1 -1 -1 -1 -1 -1 -1 -1 -1
0.5697751045227051 0.6803529262542725 0.5272770524024963 -1 -1 -1 -1 -1 -1 -1 -1 -1
0.5671495199203491 0.6832011938095093 0.935864269733429 -1 -1 -1 -1 -1 -1 -1 -1 -1
0.570298433303833 0.6904973983764648 0.49023011326789856 -1 -1 -1 -1 -1 -1 -1 -1 -1
0.5662857294082642 0.6898112297058105 0.941835343837738 -1 -1 -1 -1 -1 -1 -1 -1 -1
0.5697401762008667 0.6886211037635803 0.4694296419620514 -1 -1 -1 -1 -1 -1 -1 -1 -1
0.5680617690086365 0.6907131671905518 0.9292313456535339 -1 -1 -1 -1 -1 -1 -1 -1 -1
0.5692320466041565 0.6841659545898438 0.4371506869792938 -1 -1 -1 -1 -1 -1 -1 -1 -1
0.5686779022216797 0.6876347064971924 0.8751587867736816 -1 -1 -1 -1 -1 -1 -1 -1 -1
0.5708730220794678 0.5601055026054382 0.9999876022338867 -1 -1 -1 -1 -1 -1 -1 -1 -1
0.571954607963562 0.5574424266815186 0.9999959468841553 -1 -1 -1 -1 -1 -1 -1 -1 -1
0.5730925798416138 0.5115160942077637 0.9685830473899841 -1 -1 -1 -1 -1 -1 -1 -1 -1
0.5826282501220703 0.48754367232322693 0.9771589040756226 -1 -1 -1 -1 -1 -1 -1 -1 -1
0.5673865675926208 0.49709004163742065 0.896011471748352 -1 -1 -1 -1 -1 -1 -1 -1 -1
0.5646043419837952 0.4616549611091614 0.9330309629440308 -1 -1 -1 -1 -1 -1 -1 -1 -1
0.566856861114502 0.49422794580459595 0.9443343281745911 -1 -1 -1 -1 -1 -1 -1 -1 -1
0.5610129237174988 0.46327048540115356 0.9285250306129456 -1 -1 -1 -1 -1 -1 -1 -1 -1
0.5679572224617004 0.49717390537261963 0.9629863500595093 -1 -1 -1 -1 -1 -1 -1 -1 -1
0.5587367415428162 0.4434909224510193 0.9425240159034729 -1 -1 -1 -1 -1 -1 -1 -1 -1
1 
33 
-1 -1 -1 -1 -1 -1 -1 -1 -1 -1
0.5918179750442505 0.5995075702667236 0.6277481317520142 -1 -1 -1 -1 -1 -1 -1 -1 -1
0.589311420917511 0.5985587239265442 0.7390958666801453 -1 -1 -1 -1 -1 -1 -1 -1 -1
0.5892096161842346 0.5986490845680237 0.7654726505279541 -1 -1 -1 -1 -1 -1 -1 -1 -1
0.5890973210334778 0.5987277626991272 0.7605036497116089 -1 -1 -1 -1 -1 -1 -1 -1 -1
0.589282751083374 0.5985262393951416 0.5514271855354309 -1 -1 -1 -1 -1 -1 -1 -1 -1
0.5891671180725098 0.598575234413147 0.4740137457847595 -1 -1 -1 -1 -1 -1 -1 -1 -1
0.5890459418296814 0.5986263155937195 0.40859255194664 -1 -1 -1 -1 -1 -1 -1 -1 -1
0.5879809856414795 0.5988539457321167 0.9511576294898987 -1 -1 -1 -1 -1 -1 -1 -1 -1
0.5880095362663269 0.598686695098877 0.5502680540084839 -1 -1 -1 -1 -1 -1 -1 -1 -1
0.5884275436401367 0.5964374542236328 0.5797093510627747 -1 -1 -1 -1 -1 -1 -1 -1 -1
0.5883225798606873 0.5963594317436218 0.4316037893295288 -1 -1 -1 -1 -1 -1 -1 -1 -1
0.5846568942070007 0.5967919826507568 0.9974465370178223 -1 -1 -1 -1 -1 -1 -1 -1 -1
0.5842840671539307 0.5936327576637268 0.9401111602783203 -1 -1 -1 -1 -1 -1 -1 -1 -1
0.589863657951355 0.604547381401062 0.9927213788032532 -1 -1 -1 -1 -1 -1 -1 -1 -1
0.5866076350212097 0.5927819013595581 0.07618290185928345 -1 -1 -1 -1 -1 -1 -1 -1 -1
0.5955781936645508 0.6108152270317078 0.9433897137641907 -1 -1 -1 -1 -1 -1 -1 -1 -1
0.5879068970680237 0.5909505486488342 0.10702845454216003 -1 -1 -1 -1 -1 -1 -1 -1 -1
0.5969370007514954 0.6127203106880188 0.8754115104675293 -1 -1 -1 -1 -1 -1 -1 -1 -1
0.5871376395225525 0.590552806854248 0.12104494124650955 -1 -1 -1 -1 -1 -1 -1 -1 -1
0.5964880585670471 0.6129316687583923 0.866592288017273 -1 -1 -1 -1 -1 -1 -1 -1 -1
0.5882498621940613 0.5909132361412048 0.11850830912590027 -1 -1 -1 -1 -1 -1 -1 -1 -1
0.5959630012512207 0.6119750738143921 0.8376718759536743 -1 -1 -1 -1 -1 -1 -1 -1 -1
0.5890353322029114 0.5908416509628296 0.12642993032932281 -1 -1 -1 -1 -1 -1 -1 -1 -1
0.5800613164901733 0.5741367936134338 0.9993352293968201 -1 -1 -1 -1 -1 -1 -1 -1 -1
0.5824959874153137 0.5684544444084167 0.9987058639526367 -1 -1 -1 -1 -1 -1 -1 -1 -1
0.5739445686340332 0.5695180892944336 0.9576839208602905 -1 -1 -1 -1 -1 -1 -1 -1 -1
0.5820417404174805 0.554981529712677 0.9602476358413696 -1 -1 -1 -1 -1 -1 -1 -1 -1
0.5764905214309692 0.5737798810005188 0.4306981563568115 -1 -1 -1 -1 -1 -1 -1 -1 -1
0.5829509496688843 0.550967276096344 0.869491696357727 -1 -1 -1 -1 -1 -1 -1 -1 -1
0.5773513317108154 0.5740482807159424 0.41755807399749756 -1 -1 -1 -1 -1 -1 -1 -1 -1
0.5824390053749084 0.5490961074829102 0.9316865801811218 -1 -1 -1 -1 -1 -1 -1 -1 -1
0.5755733847618103 0.5742478966712952 0.4768677353858948 -1 -1 -1 -1 -1 -1 -1 -1 -1
0.5862478017807007 0.5508413314819336 0.733196496963501 -1 -1 -1 -1 -1 -1 -1 -1 -1
1 
