22
1 
33 
-1 -1 -1 -1 -1 -1 -1 -1 -1 -1
0.5690466165542603 0.6353305578231812 0.9988296627998352 -1 -1 -1 -1 -1 -1 -1 -1 -1
0.5672212243080139 0.6384263038635254 0.9988611936569214 -1 -1 -1 -1 -1 -1 -1 -1 -1
0.5671457648277283 0.637819766998291 0.9988492727279663 -1 -1 -1 -1 -1 -1 -1 -1 -1
0.5670716166496277 0.6371897459030151 0.9989880919456482 -1 -1 -1 -1 -1 -1 -1 -1 -1
0.5674043893814087 0.6394212245941162 0.9980083107948303 -1 -1 -1 -1 -1 -1 -1 -1 -1
0.5674863457679749 0.6394726634025574 0.9978699684143066 -1 -1 -1 -1 -1 -1 -1 -1 -1
0.5675787329673767 0.6395153999328613 0.9982818365097046 -1 -1 -1 -1 -1 -1 -1 -1 -1
0.5678619742393494 0.6318607926368713 0.9989246726036072 -1 -1 -1 -1 -1 -1 -1 -1 -1
0.5688827633857727 0.6346954703330994 0.9977957010269165 -1 -1 -1 -1 -1 -1 -1 -1 -1
0.5710065364837646 0.6280643939971924 0.9993422627449036 -1 -1 -1 -1 -1 -1 -1 -1 -1
0.5710536241531372 0.629378080368042 0.9991043210029602 -1 -1 -1 -1 -1 -1 -1 -1 -1
0.5691494941711426 0.604465126991272 0.9990723133087158 -1 -1 -1 -1 -1 -1 -1 -1 -1
0.5833542346954346 0.6058357954025269 0.9976722598075867 -1 -1 -1 -1 -1 -1 -1 -1 -1
0.5627989768981934 0.5943546295166016 0.9183330535888672 -1 -1 -1 -1 -1 -1 -1 -1 -1
0.5839742422103882 0.6110670566558838 0.8217239379882812 -1 -1 -1 -1 -1 -1 -1 -1 -1
0.5669100284576416 0.6266085505485535 0.8166456818580627 -1 -1 -1 -1 -1 -1 -1 -1 -1
0.5793749690055847 0.6425422430038452 0.8811008930206299 -1 -1 -1 -1 -1 -1 -1 -1 -1
0.5675676465034485 0.6349812746047974 0.7454050183296204 -1 -1 -1 -1 -1 -1 -1 -1 -1
0.5777777433395386 0.649232029914856 0.850921094417572 -1 -1 -1 -1 -1 -1 -1 -1 -1
0.5681477785110474 0.6364363431930542 0.7275523543357849 -1 -1 -1 -1 -1 -1 -1 -1 -1
0.5786600708961487 0.6519761085510254 0.8519012928009033 -1 -1 -1 -1 -1 -1 -1 -1 -1
0.5684722661972046 0.6324290037155151 0.6772056818008423 -1 -1 -1 -1 -1 -1 -1 -1 -1
0.5857889652252197 0.6648927927017212 0.8094186782836914 -1 -1 -1 -1 -1 -1 -1 -1 -1
0.5741219520568848 0.49358782172203064 0.999846339225769 -1 -1 -1 -1 -1 -1 -1 -1 -1
0.5841944813728333 0.49601733684539795 0.9997829794883728 -1 -1 -1 -1 -1 -1 -1 -1 -1
0.5777640342712402 0.4092216491699219 0.9935452938079834 -1 -1 -1 -1 -1 -1 -1 -1 -1
0.5762011408805847 0.4268648028373718 0.9750493764877319 -1 -1 -1 -1 -1 -1 -1 -1 -1
0.5825603008270264 0.35578301548957825 0.9823970794677734 -1 -1 -1 -1 -1 -1 -1 -1 -1
0.5660691261291504 0.35374078154563904 0.9869308471679688 -1 -1 -1 -1 -1 -1 -1 -1 -1
0.5853942036628723 0.35296720266342163 0.9795572757720947 -1 -1 -1 -1 -1 -1 -1 -1 -1
0.5634323358535767 0.34538954496383667 0.9626772403717041 -1 -1 -1 -1 -1 -1 -1 -1 -1
0.5864658355712891 0.32172852754592896 0.9566628336906433 -1 -1 -1 -1 -1 -1 -1 -1 -1
0.5639101266860962 0.3219708204269409 0.9706511497497559 -1 -1 -1 -1 -1 -1 -1 -1 -1
1 
33 
-1 -1 -1 -1 -1 -1 -1 -1 -1 -1
0.575842559337616 0.6483317613601685 0.996505618095398 -1 -1 -1 -1 -1 -1 -1 -1 -1
0.5728009343147278 0.6516458988189697 0.9970487952232361 -1 -1 -1 -1 -1 -1 -1 -1 -1
0.5728268027305603 0.6506236791610718 0.9972472786903381 -1 -1 -1 -1 -1 -1 -1 -1 -1
0.5728522539138794 0.6495709419250488 0.9975066781044006 -1 -1 -1 -1 -1 -1 -1 -1 -1
0.5718042850494385 0.6530117988586426 0.9940481185913086 -1 -1 -1 -1 -1 -1 -1 -1 -1
0.5712223052978516 0.6530143618583679 0.9936050772666931 -1 -1 -1 -1 -1 -1 -1 -1 -1
0.5706390738487244 0.6530070304870605 0.994641900062561 -1 -1 -1 -1 -1 -1 -1 -1 -1
0.5715751051902771 0.64106285572052 0.9970377683639526 -1 -1 -1 -1 -1 -1 -1 -1 -1
0.5687709450721741 0.6457499265670776 0.9947053790092468 -1 -1 -1 -1 -1 -1 -1 -1 -1
0.5779129862785339 0.638839840888977 0.9982910752296448 -1 -1 -1 -1 -1 -1 -1 -1 -1
0.5769489407539368 0.6404778957366943 0.9978547692298889 -1 -1 -1 -1 -1 -1 -1 -1 -1
0.5719456672668457 0.5981521010398865 0.9996755123138428 -1 -1 -1 -1 -1 -1 -1 -1 -1
0.5844233632087708 0.6126354932785034 0.9973166584968567 -1 -1 -1 -1 -1 -1 -1 -1 -1
0.5722899436950684 0.570724606513977 0.9606901407241821 -1 -1 -1 -1 -1 -1 -1 -1 -1
0.5872117280960083 0.629484236240387 0.35531526803970337 -1 -1 -1 -1 -1 -1 -1 -1 -1
0.5848481059074402 0.5826798677444458 0.9040759801864624 -1 -1 -1 -1 -1 -1 -1 -1 -1
0.5829591751098633 0.6449257135391235 0.45736128091812134 -1 -1 -1 -1 -1 -1 -1 -1 -1
0.5871336460113525 0.5832235813140869 0.8291530013084412 -1 -1 -1 -1 -1 -1 -1 -1 -1
0.5807691812515259 0.64731764793396 0.43494948744773865 -1 -1 -1 -1 -1 -1 -1 -1 -1
0.588450014591217 0.5894699096679688 0.8215095400810242 -1 -1 -1 -1 -1 -1 -1 -1 -1
0.5806043148040771 0.6472791433334351 0.45180585980415344 -1 -1 -1 -1 -1 -1 -1 -1 -1
0.5880001783370972 0.5886133909225464 0.7463670969009399 -1 -1 -1 -1 -1 -1 -1 -1 -1
0.5820183753967285 0.6455544233322144 0.4225938618183136 -1 -1 -1 -1 -1 -1 -1 -1 -1
0.5723801851272583 0.477077841758728 0.9998028874397278 -1 -1 -1 -1 -1 -1 -1 -1 -1
0.5856283903121948 0.4833223223686218 0.9998002648353577 -1 -1 -1 -1 -1 -1 -1 -1 -1
0.5767984390258789 0.4008480906486511 0.972542405128479 -1 -1 -1 -1 -1 -1 -1 -1 -1
0.5837408900260925 0.41273924708366394 0.9362854361534119 -1 -1 -1 -1 -1 -1 -1 -1 -1
0.569296658039093 0.3306567072868347 0.9483615756034851 -1 -1 -1 -1 -1 -1 -1 -1 -1
0.5817047357559204 0.33836686611175537 0.9683101177215576 -1 -1 -1 -1 -1 -1 -1 -1 -1
0.5725378394126892 0.32865822315216064 0.8944051265716553 -1 -1 -1 -1 -1 -1 -1 -1 -1
0.5797359347343445 0.3312840461730957 0.8837593197822571 -1 -1 -1 -1 -1 -1 -1 -1 -1
0.5668271780014038 0.2951207160949707 0.9402852058410645 -1 -1 -1 -1 -1 -1 -1 -1 -1
0.581004798412323 0.3006467819213867 0.9658929109573364 -1 -1 -1 -1 -1 -1 -1 -1 -1
1 
33 
-1 -1 -1 -1 -1 -1 -1 -1 -1 -1
0.5969632863998413 0.640912652015686 0.9966478943824768 -1 -1 -1 -1 -1 -1 -1 -1 -1
0.5946587920188904 0.6489324569702148 0.9956658482551575 -1 -1 -1 -1 -1 -1 -1 -1 -1
0.5935952067375183 0.648876428604126 0.9952170848846436 -1 -1 -1 -1 -1 -1 -1 -1 -1
0.5925387144088745 0.6487908363342285 0.9964214563369751 -1 -1 -1 -1 -1 -1 -1 -1 -1
0.5969406366348267 0.6493731141090393 0.9923747181892395 -1 -1 -1 -1 -1 -1 -1 -1 -1
0.5975173711776733 0.6495833396911621 0.9900810122489929 -1 -1 -1 -1 -1 -1 -1 -1 -1
0.5980805158615112 0.6497790813446045 0.9908556938171387 -1 -1 -1 -1 -1 -1 -1 -1 -1
0.5961517691612244 0.6486344933509827 0.9950690269470215 -1 -1 -1 -1 -1 -1 -1 -1 -1
0.5969754457473755 0.6499730348587036 0.98149174451828 -1 -1 -1 -1 -1 -1 -1 -1 -1
0.5948402881622314 0.6325379014015198 0.9979115128517151 -1 -1 -1 -1 -1 -1 -1 -1 -1
0.5973048806190491 0.6327446699142456 0.9958641529083252 -1 -1 -1 -1 -1 -1 -1 -1 -1
0.5783706903457642 0.6102546453475952 0.9999083280563354 -1 -1 -1 -1 -1 -1 -1 -1 -1
0.5980223417282104 0.6121456623077393 0.9974485039710999 -1 -1 -1 -1 -1 -1 -1 -1 -1
0.563792884349823 0.559431791305542 0.9565178751945496 -1 -1 -1 -1 -1 -1 -1 -1 -1
0.5829699635505676 0.5672452449798584 0.326006680727005 -1 -1 -1 -1 -1 -1 -1 -1 -1
0.5622658729553223 0.5487105846405029 0.9498596787452698 -1 -1 -1 -1 -1 -1 -1 -1 -1
0.5763698220252991 0.5539478063583374 0.2908329367637634 -1 -1 -1 -1 -1 -1 -1 -1 -1
0.5604729652404785 0.5427905917167664 0.9214621186256409 -1 -1 -1 -1 -1 -1 -1 -1 -1
0.5744205713272095 0.5464117527008057 0.3082069456577301 -1 -1 -1 -1 -1 -1 -1 -1 -1
0.5624250173568726 0.5504569411277771 0.922188937664032 -1 -1 -1 -1 -1 -1 -1 -1 -1
0.5756874680519104 0.5515645742416382 0.31564652919769287 -1 -1 -1 -1 -1 -1 -1 -1 -1
0.5636035203933716 0.551911473274231 0.8721471428871155 -1 -1 -1 -1 -1 -1 -1 -1 -1
0.5761346220970154 0.5548365712165833 0.27993273735046387 -1 -1 -1 -1 -1 -1 -1 -1 -1
0.574638307094574 0.48607495427131653 0.9996694326400757 -1 -1 -1 -1 -1 -1 -1 -1 -1
0.5935070514678955 0.48679929971694946 0.9990206956863403 -1 -1 -1 -1 -1 -1 -1 -1 -1
0.5795274376869202 0.38962027430534363 0.9869235157966614 -1 -1 -1 -1 -1 -1 -1 -1 -1
0.5919499397277832 0.4015086889266968 0.9609848856925964 -1 -1 -1 -1 -1 -1 -1 -1 -1
0.5644174814224243 0.3121650218963623 0.9777472615242004 -1 -1 -1 -1 -1 -1 -1 -1 -1
0.5861797332763672 0.3233485221862793 0.9616063833236694 -1 -1 -1 -1 -1 -1 -1 -1 -1
0.5637654662132263 0.3090648651123047 0.8899579048156738 -1 -1 -1 -1 -1 -1 -1 -1 -1
0.5832287669181824 0.315694123506546 0.8691850900650024 -1 -1 -1 -1 -1 -1 -1 -1 -1
0.5676541924476624 0.27250975370407104 0.9681918621063232 -1 -1 -1 -1 -1 -1 -1 -1 -1
0.5833197236061096 0.284668505191803 0.9565951824188232 -1 -1 -1 -1 -1 -1 -1 -1 -1
1 
33 
-1 -1 -1 -1 -1 -1 -1 -1 -1 -1
0.5859225392341614 0.5995673537254333 0.9963666200637817 -1 -1 -1 -1 -1 -1 -1 -1 -1
0.5859794616699219 0.6026387810707092 0.9964080452919006 -1 -1 -1 -1 -1 -1 -1 -1 -1
0.5863035917282104 0.6020674705505371 0.9957446455955505 -1 -1 -1 -1 -1 -1 -1 -1 -1
0.5866003632545471 0.6014630198478699 0.9968222379684448 -1 -1 -1 -1 -1 -1 -1 -1 -1
0.5856764316558838 0.6035720109939575 0.9959483742713928 -1 -1 -1 -1 -1 -1 -1 -1 -1
0.5858092308044434 0.6036231517791748 0.9955481290817261 -1 -1 -1 -1 -1 -1 -1 -1 -1
0.5859355330467224 0.6036661863327026 0.9973498582839966 -1 -1 -1 -1 -1 -1 -1 -1 -1
0.5895293354988098 0.5967724323272705 0.9959483742713928 -1 -1 -1 -1 -1 -1 -1 -1 -1
0.5886034369468689 0.5992016792297363 0.9960252046585083 -1 -1 -1 -1 -1 -1 -1 -1 -1
0.5911206603050232 0.6016727089881897 0.9958863854408264 -1 -1 -1 -1 -1 -1 -1 -1 -1
0.5877851843833923 0.5942175388336182 0.994002640247345 -1 -1 -1 -1 -1 -1 -1 -1 -1
0.5893765687942505 0.5729409456253052 0.9982184767723083 -1 -1 -1 -1 -1 -1 -1 -1 -1
0.5967786312103271 0.5748609900474548 0.9979501366615295 -1 -1 -1 -1 -1 -1 -1 -1 -1
0.5681474804878235 0.556219756603241 0.40515294671058655 -1 -1 -1 -1 -1 -1 -1 -1 -1
0.5940433740615845 0.5845498442649841 0.6975772380828857 -1 -1 -1 -1 -1 -1 -1 -1 -1
0.5679503083229065 0.5811334848403931 0.38620367646217346 -1 -1 -1 -1 -1 -1 -1 -1 -1
0.5953338146209717 0.6231079697608948 0.8037624359130859 -1 -1 -1 -1 -1 -1 -1 -1 -1
0.5681713223457336 0.5862293839454651 0.35103753209114075 -1 -1 -1 -1 -1 -1 -1 -1 -1
0.5952897071838379 0.6307308673858643 0.7770245671272278 -1 -1 -1 -1 -1 -1 -1 -1 -1
0.5690423846244812 0.5913386940956116 0.35319027304649353 -1 -1 -1 -1 -1 -1 -1 -1 -1
0.596790075302124 0.6325490474700928 0.7738229036331177 -1 -1 -1 -1 -1 -1 -1 -1 -1
0.5690678954124451 0.5893348455429077 0.3282028138637543 -1 -1 -1 -1 -1 -1 -1 -1 -1
0.5969104766845703 0.6296833753585815 0.7242969274520874 -1 -1 -1 -1 -1 -1 -1 -1 -1
0.5781304836273193 0.4808603525161743 0.9997748732566833 -1 -1 -1 -1 -1 -1 -1 -1 -1
0.5817844271659851 0.47993966937065125 0.9996939897537231 -1 -1 -1 -1 -1 -1 -1 -1 -1
0.5846467018127441 0.38145017623901367 0.945458710193634 -1 -1 -1 -1 -1 -1 -1 -1 -1
0.5807675123214722 0.39861828088760376 0.8661236763000488 -1 -1 -1 -1 -1 -1 -1 -1 -1
0.5728697776794434 0.3022839426994324 0.9612544178962708 -1 -1 -1 -1 -1 -1 -1 -1 -1
0.5821537375450134 0.31185591220855713 0.9366284012794495 -1 -1 -1 -1 -1 -1 -1 -1 -1
0.5720894932746887 0.29625630378723145 0.9324908256530762 -1 -1 -1 -1 -1 -1 -1 -1 -1
0.5734156966209412 0.3061886429786682 0.8593555092811584 -1 -1 -1 -1 -1 -1 -1 -1 -1
0.5737463235855103 0.2651931047439575 0.9649731516838074 -1 -1 -1 -1 -1 -1 -1 -1 -1
0.5795044898986816 0.26930877566337585 0.9440183043479919 -1 -1 -1 -1 -1 -1 -1 -1 -1
1 
33 
-1 -1 -1 -1 -1 -1 -1 -1 -1 -1
0.5794582962989807 0.5878405570983887 0.9932003617286682 -1 -1 -1 -1 -1 -1 -1 -1 -1
0.5777860283851624 0.5942378640174866 0.9931342601776123 -1 -1 -1 -1 -1 -1 -1 -1 -1
0.5772364735603333 0.5938981771469116 0.9923526644706726 -1 -1 -1 -1 -1 -1 -1 -1 -1
0.5766788721084595 0.5935113430023193 0.9935832619667053 -1 -1 -1 -1 -1 -1 -1 -1 -1
0.5789039731025696 0.5952103137969971 0.9859938621520996 -1 -1 -1 -1 -1 -1 -1 -1 -1
0.579352080821991 0.5955327749252319 0.9825233817100525 -1 -1 -1 -1 -1 -1 -1 -1 -1
0.579820990562439 0.5958496928215027 0.9858841300010681 -1 -1 -1 -1 -1 -1 -1 -1 -1
0.575504720211029 0.5892618298530579 0.9898395538330078 -1 -1 -1 -1 -1 -1 -1 -1 -1
0.5801668763160706 0.59261155128479 0.9732297658920288 -1 -1 -1 -1 -1 -1 -1 -1 -1
0.5791752338409424 0.5798081159591675 0.9918133020401001 -1 -1 -1 -1 -1 -1 -1 -1 -1
0.5807018280029297 0.5808653235435486 0.9874396324157715 -1 -1 -1 -1 -1 -1 -1 -1 -1
0.5686278343200684 0.5566606521606445 0.9954937696456909 -1 -1 -1 -1 -1 -1 -1 -1 -1
0.5931156873703003 0.5659021139144897 0.9927012920379639 -1 -1 -1 -1 -1 -1 -1 -1 -1
0.5767358541488647 0.5482240915298462 0.9151192307472229 -1 -1 -1 -1 -1 -1 -1 -1 -1
0.6087518334388733 0.5890552401542664 0.6753494739532471 -1 -1 -1 -1 -1 -1 -1 -1 -1
0.5887877941131592 0.5982348918914795 0.8401297330856323 -1 -1 -1 -1 -1 -1 -1 -1 -1
0.615043580532074 0.6403794884681702 0.7964686155319214 -1 -1 -1 -1 -1 -1 -1 -1 -1
0.5918365716934204 0.6086939573287964 0.7540296316146851 -1 -1 -1 -1 -1 -1 -1 -1 -1
0.6169490218162537 0.6520700454711914 0.7651047110557556 -1 -1 -1 -1 -1 -1 -1 -1 -1
0.5917802453041077 0.6141345500946045 0.7416173815727234 -1 -1 -1 -1 -1 -1 -1 -1 -1
0.6166803240776062 0.6553734540939331 0.763802170753479 -1 -1 -1 -1 -1 -1 -1 -1 -1
0.5909914374351501 0.6100783348083496 0.6930947303771973 -1 -1 -1 -1 -1 -1 -1 -1 -1
0.6161106824874878 0.650781512260437 0.7203871011734009 -1 -1 -1 -1 -1 -1 -1 -1 -1
0.573007345199585 0.44003039598464966 0.9992954730987549 -1 -1 -1 -1 -1 -1 -1 -1 -1
0.5889149904251099 0.4464222192764282 0.9993939399719238 -1 -1 -1 -1 -1 -1 -1 -1 -1
0.5817875862121582 0.3604447841644287 0.9527791738510132 -1 -1 -1 -1 -1 -1 -1 -1 -1
0.5796745419502258 0.3666960895061493 0.9218147993087769 -1 -1 -1 -1 -1 -1 -1 -1 -1
0.5707793235778809 0.27837657928466797 0.9193409085273743 -1 -1 -1 -1 -1 -1 -1 -1 -1
0.5784717202186584 0.29283520579338074 0.9463764429092407 -1 -1 -1 -1 -1 -1 -1 -1 -1
0.57027667760849 0.2739253640174866 0.9187114238739014 -1 -1 -1 -1 -1 -1 -1 -1 -1
0.5765565037727356 0.27535316348075867 0.8904420733451843 -1 -1 -1 -1 -1 -1 -1 -1 -1
0.5655797123908997 0.23916326463222504 0.8442066311836243 -1 -1 -1 -1 -1 -1 -1 -1 -1
0.5833829641342163 0.25111857056617737 0.8952346444129944 -1 -1 -1 -1 -1 -1 -1 -1 -1
1 
33 
-1 -1 -1 -1 -1 -1 -1 -1 -1 -1
0.5791635513305664 0.5647972226142883 0.9990400671958923 -1 -1 -1 -1 -1 -1 -1 -1 -1
0.5796679854393005 0.5711187124252319 0.9987851977348328 -1 -1 -1 -1 -1 -1 -1 -1 -1
0.5808125734329224 0.5709956884384155 0.9989601373672485 -1 -1 -1 -1 -1 -1 -1 -1 -1
0.5819566249847412 0.5707841515541077 0.9987976551055908 -1 -1 -1 -1 -1 -1 -1 -1 -1
0.5764111280441284 0.5710732340812683 0.9980669617652893 -1 -1 -1 -1 -1 -1 -1 -1 -1
0.5752122402191162 0.5709158182144165 0.9983286261558533 -1 -1 -1 -1 -1 -1 -1 -1 -1
0.5740021467208862 0.5707643032073975 0.9983282685279846 -1 -1 -1 -1 -1 -1 -1 -1 -1
0.5832627415657043 0.5659499764442444 0.9984363913536072 -1 -1 -1 -1 -1 -1 -1 -1 -1
0.5722479820251465 0.566088080406189 0.9979127049446106 -1 -1 -1 -1 -1 -1 -1 -1 -1
0.5815367698669434 0.5583467483520508 0.9990555644035339 -1 -1 -1 -1 -1 -1 -1 -1 -1
0.5780255794525146 0.558173656463623 0.9988881945610046 -1 -1 -1 -1 -1 -1 -1 -1 -1
0.5892786979675293 0.5301468372344971 0.9982282519340515 -1 -1 -1 -1 -1 -1 -1 -1 -1
0.5748864412307739 0.5422111749649048 0.9985009431838989 -1 -1 -1 -1 -1 -1 -1 -1 -1
0.5775741934776306 0.5143752694129944 0.8400949239730835 -1 -1 -1 -1 -1 -1 -1 -1 -1
0.5921533703804016 0.5708416700363159 0.6325479745864868 -1 -1 -1 -1 -1 -1 -1 -1 -1
0.5834304690361023 0.5599969625473022 0.8460134863853455 -1 -1 -1 -1 -1 -1 -1 -1 -1
0.6137787699699402 0.619371771812439 0.8715484142303467 -1 -1 -1 -1 -1 -1 -1 -1 -1
0.5854356288909912 0.572130024433136 0.8365226984024048 -1 -1 -1 -1 -1 -1 -1 -1 -1
0.6163871884346008 0.6261870265007019 0.8894701600074768 -1 -1 -1 -1 -1 -1 -1 -1 -1
0.58542400598526 0.5776495933532715 0.8304917812347412 -1 -1 -1 -1 -1 -1 -1 -1 -1
0.6173584461212158 0.6277317404747009 0.8927082419395447 -1 -1 -1 -1 -1 -1 -1 -1 -1
0.5841371417045593 0.572860598564148 0.7706972360610962 -1 -1 -1 -1 -1 -1 -1 -1 -1
0.6167094111442566 0.6225786209106445 0.8499566316604614 -1 -1 -1 -1 -1 -1 -1 -1 -1
0.5878334641456604 0.4088445007801056 0.9996531009674072 -1 -1 -1 -1 -1 -1 -1 -1 -1
0.5752819776535034 0.4176066219806671 0.9996138215065002 -1 -1 -1 -1 -1 -1 -1 -1 -1
0.5875311493873596 0.3486918807029724 0.988321840763092 -1 -1 -1 -1 -1 -1 -1 -1 -1
0.564856231212616 0.35039201378822327 0.9713101983070374 -1 -1 -1 -1 -1 -1 -1 -1 -1
0.5889870524406433 0.2721850872039795 0.988986611366272 -1 -1 -1 -1 -1 -1 -1 -1 -1
0.5565274953842163 0.27475571632385254 0.9859896898269653 -1 -1 -1 -1 -1 -1 -1 -1 -1
0.5904738903045654 0.26860007643699646 0.9912057518959045 -1 -1 -1 -1 -1 -1 -1 -1 -1
0.5552695989608765 0.26415392756462097 0.9836677312850952 -1 -1 -1 -1 -1 -1 -1 -1 -1
0.5940834879875183 0.23851722478866577 0.9588080644607544 -1 -1 -1 -1 -1 -1 -1 -1 -1
0.5532466173171997 0.2442314326763153 0.9555994868278503 -1 -1 -1 -1 -1 -1 -1 -1 -1
1 
33 
-1 -1 -1 -1 -1 -1 -1 -1 -1 -1
0.5751796364784241 0.5624066591262817 0.9996277093887329 -1 -1 -1 -1 -1 -1 -1 -1 -1
0.576800525188446 0.5687363147735596 0.999553382396698 -1 -1 -1 -1 -1 -1 -1 -1 -1
0.5779024362564087 0.5687867999076843 0.9994233846664429 -1 -1 -1 -1 -1 -1 -1 -1 -1
0.5790000557899475 0.5687944889068604 0.9994845390319824 -1 -1 -1 -1 -1 -1 -1 -1 -1
0.5744871497154236 0.5682685375213623 0.9994163513183594 -1 -1 -1 -1 -1 -1 -1 -1 -1
0.5739007592201233 0.5679930448532104 0.999373733997345 -1 -1 -1 -1 -1 -1 -1 -1 -1
0.5732934474945068 0.5677087903022766 0.9994801878929138 -1 -1 -1 -1 -1 -1 -1 -1 -1
0.5827699303627014 0.563895583152771 0.9994083642959595 -1 -1 -1 -1 -1 -1 -1 -1 -1
0.5748826861381531 0.5624150037765503 0.9991412162780762 -1 -1 -1 -1 -1 -1 -1 -1 -1
0.5778355598449707 0.555896520614624 0.9996114373207092 -1 -1 -1 -1 -1 -1 -1 -1 -1
0.5754231810569763 0.5553499460220337 0.9994688630104065 -1 -1 -1 -1 -1 -1 -1 -1 -1
0.5873863697052002 0.5280324220657349 0.9979285001754761 -1 -1 -1 -1 -1 -1 -1 -1 -1
0.5761256217956543 0.5309914350509644 0.9952510595321655 -1 -1 -1 -1 -1 -1 -1 -1 -1
0.5702593922615051 0.5165475606918335 0.5120840072631836 -1 -1 -1 -1 -1 -1 -1 -1 -1
0.5712651610374451 0.5605117082595825 0.581516683101654 -1 -1 -1 -1 -1 -1 -1 -1 -1
0.562019407749176 0.5256911516189575 0.39261525869369507 -1 -1 -1 -1 -1 -1 -1 -1 -1
0.5831653475761414 0.5923106074333191 0.7230259776115417 -1 -1 -1 -1 -1 -1 -1 -1 -1
0.5602469444274902 0.5263429880142212 0.4115291237831116 -1 -1 -1 -1 -1 -1 -1 -1 -1
0.5855976343154907 0.5992794036865234 0.7428796291351318 -1 -1 -1 -1 -1 -1 -1 -1 -1
0.5611311197280884 0.5310149192810059 0.4263386130332947 -1 -1 -1 -1 -1 -1 -1 -1 -1
0.5879870653152466 0.6002228856086731 0.7431036829948425 -1 -1 -1 -1 -1 -1 -1 -1 -1
0.56121826171875 0.5305045247077942 0.3981235921382904 -1 -1 -1 -1 -1 -1 -1 -1 -1
0.5878082513809204 0.597528874874115 0.6768696308135986 -1 -1 -1 -1 -1 -1 -1 -1 -1
0.5873933434486389 0.4132319688796997 0.9995245933532715 -1 -1 -1 -1 -1 -1 -1 -1 -1
0.5807241201400757 0.4168350398540497 0.9991856217384338 -1 -1 -1 -1 -1 -1 -1 -1 -1
0.5832310914993286 0.3393344283103943 0.9841997623443604 -1 -1 -1 -1 -1 -1 -1 -1 -1
0.5700452923774719 0.34902045130729675 0.9697312712669373 -1 -1 -1 -1 -1 -1 -1 -1 -1
0.591605544090271 0.2701219320297241 0.985767662525177 -1 -1 -1 -1 -1 -1 -1 -1 -1
0.5618399381637573 0.27279290556907654 0.9868855476379395 -1 -1 -1 -1 -1 -1 -1 -1 -1
0.5923100113868713 0.2628905773162842 0.9862385988235474 -1 -1 -1 -1 -1 -1 -1 -1 -1
0.5593569278717041 0.27354729175567627 0.975359320640564 -1 -1 -1 -1 -1 -1 -1 -1 -1
0.5905113220214844 0.23712144792079926 0.951729953289032 -1 -1 -1 -1 -1 -1 -1 -1 -1
0.5597531199455261 0.2514055371284485 0.9456995129585266 -1 -1 -1 -1 -1 -1 -1 -1 -1
1 
33 
-1 -1 -1 -1 -1 -1 -1 -1 -1 -1
0.5828954577445984 0.5678275227546692 0.9993896484375 -1 -1 -1 -1 -1 -1 -1 -1 -1
0.5821425914764404 0.574986457824707 0.9994308352470398 -1 -1 -1 -1 -1 -1 -1 -1 -1
0.5825241208076477 0.5748831629753113 0.9993700385093689 -1 -1 -1 -1 -1 -1 -1 -1 -1
0.5829125046730042 0.5747495293617249 0.9995338916778564 -1 -1 -1 -1 -1 -1 -1 -1 -1
0.5807318687438965 0.5753925442695618 0.9986988306045532 -1 -1 -1 -1 -1 -1 -1 -1 -1
0.5801922082901001 0.5756306648254395 0.9982373714447021 -1 -1 -1 -1 -1 -1 -1 -1 -1
0.5796478986740112 0.5758538246154785 0.9979088306427002 -1 -1 -1 -1 -1 -1 -1 -1 -1
0.5812696814537048 0.5754979252815247 0.9997403025627136 -1 -1 -1 -1 -1 -1 -1 -1 -1
0.5789148807525635 0.5756016373634338 0.9973168969154358 -1 -1 -1 -1 -1 -1 -1 -1 -1
0.5837710499763489 0.561185359954834 0.9997918009757996 -1 -1 -1 -1 -1 -1 -1 -1 -1
0.5824092626571655 0.5615365505218506 0.9994483590126038 -1 -1 -1 -1 -1 -1 -1 -1 -1
0.5804538726806641 0.5341241955757141 0.9999752044677734 -1 -1 -1 -1 -1 -1 -1 -1 -1
0.5809577703475952 0.5472851395606995 0.9984946250915527 -1 -1 -1 -1 -1 -1 -1 -1 -1
0.5535194873809814 0.5023684501647949 0.9810377955436707 -1 -1 -1 -1 -1 -1 -1 -1 -1
0.5821459293365479 0.5748350024223328 0.6216168999671936 -1 -1 -1 -1 -1 -1 -1 -1 -1
0.5773223042488098 0.4537160098552704 0.9801836609840393 -1 -1 -1 -1 -1 -1 -1 -1 -1
0.6052722930908203 0.58751380443573 0.8070787787437439 -1 -1 -1 -1 -1 -1 -1 -1 -1
0.5802955031394958 0.43905097246170044 0.9667761325836182 -1 -1 -1 -1 -1 -1 -1 -1 -1
0.6125603914260864 0.5936490297317505 0.8058214783668518 -1 -1 -1 -1 -1 -1 -1 -1 -1
0.5846558809280396 0.44399216771125793 0.9666091203689575 -1 -1 -1 -1 -1 -1 -1 -1 -1
0.6090428829193115 0.5948536992073059 0.8092226982116699 -1 -1 -1 -1 -1 -1 -1 -1 -1
0.5844959020614624 0.45127880573272705 0.9429115653038025 -1 -1 -1 -1 -1 -1 -1 -1 -1
0.6080012321472168 0.5929999947547913 0.7789226770401001 -1 -1 -1 -1 -1 -1 -1 -1 -1
0.5862831473350525 0.42105379700660706 0.9998579025268555 -1 -1 -1 -1 -1 -1 -1 -1 -1
0.587867796421051 0.4239915609359741 0.9996887445449829 -1 -1 -1 -1 -1 -1 -1 -1 -1
0.5780380368232727 0.3389629125595093 0.9815830588340759 -1 -1 -1 -1 -1 -1 -1 -1 -1
0.580033004283905 0.3433257043361664 0.9411197900772095 -1 -1 -1 -1 -1 -1 -1 -1 -1
0.57546067237854 0.27703648805618286 0.9756238460540771 -1 -1 -1 -1 -1 -1 -1 -1 -1
0.5626884698867798 0.28303277492523193 0.9683454632759094 -1 -1 -1 -1 -1 -1 -1 -1 -1
0.576613187789917 0.2731305956840515 0.9747633934020996 -1 -1 -1 -1 -1 -1 -1 -1 -1
0.5594278573989868 0.2760266959667206 0.9338541030883789 -1 -1 -1 -1 -1 -1 -1 -1 -1
0.5791935324668884 0.2353789359331131 0.9328309297561646 -1 -1 -1 -1 -1 -1 -1 -1 -1
0.5612279772758484 0.2545827031135559 0.9140475392341614 -1 -1 -1 -1 -1 -1 -1 -1 -1
1 
33 
-1 -1 -1 -1 -1 -1 -1 -1 -1 -1
0.59054034948349 0.5682936310768127 0.9997351765632629 -1 -1 -1 -1 -1 -1 -1 -1 -1
0.5956925749778748 0.5782362222671509 0.9997792840003967 -1 -1 -1 -1 -1 -1 -1 -1 -1
0.5955299735069275 0.5781456828117371 0.9997186064720154 -1 -1 -1 -1 -1 -1 -1 -1 -1
0.5953994989395142 0.5781657695770264 0.9997115731239319 -1 -1 -1 -1 -1 -1 -1 -1 -1
0.5960241556167603 0.5784383416175842 0.9996562004089355 -1 -1 -1 -1 -1 -1 -1 -1 -1
0.5959916114807129 0.578454315662384 0.9996347427368164 -1 -1 -1 -1 -1 -1 -1 -1 -1
0.5959421396255493 0.5785890221595764 0.9995843768119812 -1 -1 -1 -1 -1 -1 -1 -1 -1
0.5940102934837341 0.5752445459365845 0.9998284578323364 -1 -1 -1 -1 -1 -1 -1 -1 -1
0.5942644476890564 0.5749529004096985 0.9997323155403137 -1 -1 -1 -1 -1 -1 -1 -1 -1
0.589424729347229 0.5616294145584106 0.999833345413208 -1 -1 -1 -1 -1 -1 -1 -1 -1
0.5897101163864136 0.5614820718765259 0.9997374415397644 -1 -1 -1 -1 -1 -1 -1 -1 -1
0.5879026055335999 0.5415911674499512 0.9998587369918823 -1 -1 -1 -1 -1 -1 -1 -1 -1
0.5862390398979187 0.5387884378433228 0.999365508556366 -1 -1 -1 -1 -1 -1 -1 -1 -1
0.5651999115943909 0.5229811668395996 0.6306576728820801 -1 -1 -1 -1 -1 -1 -1 -1 -1
0.5718353390693665 0.5175805687904358 0.42792052030563354 -1 -1 -1 -1 -1 -1 -1 -1 -1
0.5705196857452393 0.5483918786048889 0.8584654927253723 -1 -1 -1 -1 -1 -1 -1 -1 -1
0.5843715071678162 0.5178795456886292 0.663841187953949 -1 -1 -1 -1 -1 -1 -1 -1 -1
0.5726470351219177 0.5559418797492981 0.8589975833892822 -1 -1 -1 -1 -1 -1 -1 -1 -1
0.5871855616569519 0.5168435573577881 0.7206889390945435 -1 -1 -1 -1 -1 -1 -1 -1 -1
0.5734918117523193 0.5600898861885071 0.8514171838760376 -1 -1 -1 -1 -1 -1 -1 -1 -1
0.5908975601196289 0.519690990447998 0.7168183326721191 -1 -1 -1 -1 -1 -1 -1 -1 -1
0.5728227496147156 0.5563955903053284 0.7958381175994873 -1 -1 -1 -1 -1 -1 -1 -1 -1
0.5904549360275269 0.5190746784210205 0.6751524209976196 -1 -1 -1 -1 -1 -1 -1 -1 -1
0.5848709940910339 0.42657914757728577 0.9999769926071167 -1 -1 -1 -1 -1 -1 -1 -1 -1
0.5813485980033875 0.43616896867752075 0.9997745156288147 -1 -1 -1 -1 -1 -1 -1 -1 -1
0.5831969380378723 0.34175169467926025 0.9980892539024353 -1 -1 -1 -1 -1 -1 -1 -1 -1
0.5622768402099609 0.4157235622406006 0.9848685264587402 -1 -1 -1 -1 -1 -1 -1 -1 -1
0.5794346332550049 0.2608675956726074 0.9979016780853271 -1 -1 -1 -1 -1 -1 -1 -1 -1
0.546952486038208 0.39083272218704224 0.9956134557723999 -1 -1 -1 -1 -1 -1 -1 -1 -1
0.5789212584495544 0.25039324164390564 0.9987587928771973 -1 -1 -1 -1 -1 -1 -1 -1 -1
0.5444688200950623 0.38488584756851196 0.992317795753479 -1 -1 -1 -1 -1 -1 -1 -1 -1
0.5789408683776855 0.24743281304836273 0.9819921255111694 -1 -1 -1 -1 -1 -1 -1 -1 -1
0.5442801713943481 0.3943081498146057 0.9742437601089478 -1 -1 -1 -1 -1 -1 -1 -1 -1
1 
33 
-1 -1 -1 -1 -1 -1 -1 -1 -1 -1
0.5838950872421265 0.577576756477356 0.9992594122886658 -1 -1 -1 -1 -1 -1 -1 -1 -1
0.5824037790298462 0.58212810754776 0.9992983341217041 -1 -1 -1 -1 -1 -1 -1 -1 -1
0.5827642679214478 0.5815594792366028 0.9993715882301331 -1 -1 -1 -1 -1 -1 -1 -1 -1
0.583134651184082 0.5809460878372192 0.9994656443595886 -1 -1 -1 -1 -1 -1 -1 -1 -1
0.5806695222854614 0.5826448798179626 0.9988656044006348 -1 -1 -1 -1 -1 -1 -1 -1 -1
0.5798689723014832 0.5824481844902039 0.9989128112792969 -1 -1 -1 -1 -1 -1 -1 -1 -1
0.5790464878082275 0.5822852849960327 0.9989318251609802 -1 -1 -1 -1 -1 -1 -1 -1 -1
0.5840321779251099 0.5763710141181946 0.9995096921920776 -1 -1 -1 -1 -1 -1 -1 -1 -1
0.5797463059425354 0.5791970491409302 0.9986550807952881 -1 -1 -1 -1 -1 -1 -1 -1 -1
0.5857338309288025 0.5692508220672607 0.9996253252029419 -1 -1 -1 -1 -1 -1 -1 -1 -1
0.5838426947593689 0.5695708990097046 0.9992488026618958 -1 -1 -1 -1 -1 -1 -1 -1 -1
0.5834290385246277 0.5345166921615601 0.9999759197235107 -1 -1 -1 -1 -1 -1 -1 -1 -1
0.5787969827651978 0.5436757802963257 0.9992068409919739 -1 -1 -1 -1 -1 -1 -1 -1 -1
0.5508211851119995 0.5050429701805115 0.9862602353096008 -1 -1 -1 -1 -1 -1 -1 -1 -1
0.5679873824119568 0.520196795463562 0.09503082185983658 -1 -1 -1 -1 -1 -1 -1 -1 -1
0.572046160697937 0.46008163690567017 0.9733837842941284 -1 -1 -1 -1 -1 -1 -1 -1 -1
0.5813211798667908 0.5283433794975281 0.47096869349479675 -1 -1 -1 -1 -1 -1 -1 -1 -1
0.5690450072288513 0.45221635699272156 0.956877589225769 -1 -1 -1 -1 -1 -1 -1 -1 -1
0.584039568901062 0.5328272581100464 0.5901435017585754 -1 -1 -1 -1 -1 -1 -1 -1 -1
0.5745514035224915 0.4597918689250946 0.9552772045135498 -1 -1 -1 -1 -1 -1 -1 -1 -1
0.5865225791931152 0.5347999334335327 0.6134935021400452 -1 -1 -1 -1 -1 -1 -1 -1 -1
0.5737142562866211 0.4625745117664337 0.9259735941886902 -1 -1 -1 -1 -1 -1 -1 -1 -1
0.5863422155380249 0.5325689315795898 0.5732017159461975 -1 -1 -1 -1 -1 -1 -1 -1 -1
0.5824005603790283 0.4104103446006775 0.9999302625656128 -1 -1 -1 -1 -1 -1 -1 -1 -1
0.5762927532196045 0.4184742569923401 0.9997017979621887 -1 -1 -1 -1 -1 -1 -1 -1 -1
0.5808525085449219 0.33685874938964844 0.9927901029586792 -1 -1 -1 -1 -1 -1 -1 -1 -1
0.5598440766334534 0.3515497148036957 0.7407843470573425 -1 -1 -1 -1 -1 -1 -1 -1 -1
0.5738346576690674 0.25297385454177856 0.9944711923599243 -1 -1 -1 -1 -1 -1 -1 -1 -1
0.5396342873573303 0.28327447175979614 0.9123762249946594 -1 -1 -1 -1 -1 -1 -1 -1 -1
0.5703564286231995 0.245815247297287 0.9964975714683533 -1 -1 -1 -1 -1 -1 -1 -1 -1
0.5298466682434082 0.27315253019332886 0.935955822467804 -1 -1 -1 -1 -1 -1 -1 -1 -1
0.5772921442985535 0.22200462222099304 0.9811428189277649 -1 -1 -1 -1 -1 -1 -1 -1 -1
0.5354362726211548 0.2505095601081848 0.8548312783241272 -1 -1 -1 -1 -1 -1 -1 -1 -1
1 
33 
-1 -1 -1 -1 -1 -1 -1 -1 -1 -1
0.5704421401023865 0.5089505910873413 0.9871346354484558 -1 -1 -1 -1 -1 -1 -1 -1 -1
0.5721405148506165 0.5162453651428223 0.9820016622543335 -1 -1 -1 -1 -1 -1 -1 -1 -1
0.5729259848594666 0.5169881582260132 0.9769694805145264 -1 -1 -1 -1 -1 -1 -1 -1 -1
0.5744607448577881 0.517890989780426 0.9792267680168152 -1 -1 -1 -1 -1 -1 -1 -1 -1
0.5697641372680664 0.5159928798675537 0.985280454158783 -1 -1 -1 -1 -1 -1 -1 -1 -1
0.5690889358520508 0.5165386199951172 0.9836162328720093 -1 -1 -1 -1 -1 -1 -1 -1 -1
0.5684463381767273 0.5174275040626526 0.9854159951210022 -1 -1 -1 -1 -1 -1 -1 -1 -1
0.5768654346466064 0.5160914659500122 0.966242790222168 -1 -1 -1 -1 -1 -1 -1 -1 -1
0.569972574710846 0.510848879814148 0.9701098799705505 -1 -1 -1 -1 -1 -1 -1 -1 -1
0.5718214511871338 0.506507396697998 0.9857859015464783 -1 -1 -1 -1 -1 -1 -1 -1 -1
0.5702438950538635 0.5066311359405518 0.9848158359527588 -1 -1 -1 -1 -1 -1 -1 -1 -1
0.5903162956237793 0.49042952060699463 0.99680495262146 -1 -1 -1 -1 -1 -1 -1 -1 -1
0.5735470652580261 0.4855439364910126 0.9974237680435181 -1 -1 -1 -1 -1 -1 -1 -1 -1
0.5756104588508606 0.5344873070716858 0.19735489785671234 -1 -1 -1 -1 -1 -1 -1 -1 -1
0.5586705803871155 0.530539333820343 0.5958423614501953 -1 -1 -1 -1 -1 -1 -1 -1 -1
0.5673179626464844 0.5765975713729858 0.3683321475982666 -1 -1 -1 -1 -1 -1 -1 -1 -1
0.5787341594696045 0.592960774898529 0.8441218137741089 -1 -1 -1 -1 -1 -1 -1 -1 -1
0.566925048828125 0.5865567326545715 0.4588596224784851 -1 -1 -1 -1 -1 -1 -1 -1 -1
0.5798692107200623 0.5962929725646973 0.8732491135597229 -1 -1 -1 -1 -1 -1 -1 -1 -1
0.567952573299408 0.5868628025054932 0.4615474343299866 -1 -1 -1 -1 -1 -1 -1 -1 -1
0.5835692286491394 0.599700927734375 0.8673573732376099 -1 -1 -1 -1 -1 -1 -1 -1 -1
0.5674232840538025 0.5826131105422974 0.4450764060020447 -1 -1 -1 -1 -1 -1 -1 -1 -1
0.5827276706695557 0.5968401432037354 0.8228576183319092 -1 -1 -1 -1 -1 -1 -1 -1 -1
0.5829569101333618 0.35454878211021423 0.9999181032180786 -1 -1 -1 -1 -1 -1 -1 -1 -1
0.5657586455345154 0.3586518168449402 0.9998400211334229 -1 -1 -1 -1 -1 -1 -1 -1 -1
0.5726420283317566 0.3023427724838257 0.6774416565895081 -1 -1 -1 -1 -1 -1 -1 -1 -1
0.5518242120742798 0.3432590067386627 0.3902773857116699 -1 -1 -1 -1 -1 -1 -1 -1 -1
0.5612348914146423 0.26730358600616455 0.8104684948921204 -1 -1 -1 -1 -1 -1 -1 -1 -1
0.5401595234870911 0.3010627329349518 0.7848642468452454 -1 -1 -1 -1 -1 -1 -1 -1 -1
0.5593323111534119 0.2649080455303192 0.9184849858283997 -1 -1 -1 -1 -1 -1 -1 -1 -1
0.5405179262161255 0.29681164026260376 0.9057997465133667 -1 -1 -1 -1 -1 -1 -1 -1 -1
0.5551010966300964 0.2467922568321228 0.6362186670303345 -1 -1 -1 -1 -1 -1 -1 -1 -1
0.5344938039779663 0.27629879117012024 0.6252198815345764 -1 -1 -1 -1 -1 -1 -1 -1 -1
1 
33 
-1 -1 -1 -1 -1 -1 -1 -1 -1 -1
0.5560621023178101 0.5348509550094604 0.9762051701545715 -1 -1 -1 -1 -1 -1 -1 -1 -1
0.5602214336395264 0.544156551361084 0.9596871137619019 -1 -1 -1 -1 -1 -1 -1 -1 -1
0.5614384412765503 0.5444349050521851 0.9425269961357117 -1 -1 -1 -1 -1 -1 -1 -1 -1
0.5626415014266968 0.5446304082870483 0.9581347703933716 -1 -1 -1 -1 -1 -1 -1 -1 -1
0.5592982769012451 0.5432264804840088 0.9737604260444641 -1 -1 -1 -1 -1 -1 -1 -1 -1
0.5598185658454895 0.5429388284683228 0.9645724892616272 -1 -1 -1 -1 -1 -1 -1 -1 -1
0.5603028535842896 0.542637288570404 0.9726787209510803 -1 -1 -1 -1 -1 -1 -1 -1 -1
0.5710701942443848 0.540799617767334 0.914478600025177 -1 -1 -1 -1 -1 -1 -1 -1 -1
0.5674870014190674 0.5375252962112427 0.9398930072784424 -1 -1 -1 -1 -1 -1 -1 -1 -1
0.5636566281318665 0.5286366939544678 0.9638384580612183 -1 -1 -1 -1 -1 -1 -1 -1 -1
0.56312096118927 0.5283732414245605 0.9700512886047363 -1 -1 -1 -1 -1 -1 -1 -1 -1
0.580745279788971 0.5099964737892151 0.9962185025215149 -1 -1 -1 -1 -1 -1 -1 -1 -1
0.5723264813423157 0.5041185021400452 0.9980906844139099 -1 -1 -1 -1 -1 -1 -1 -1 -1
0.5727792978286743 0.5564236640930176 0.3432666063308716 -1 -1 -1 -1 -1 -1 -1 -1 -1
0.5627632141113281 0.5543796420097351 0.8148580193519592 -1 -1 -1 -1 -1 -1 -1 -1 -1
0.5602203011512756 0.5979067087173462 0.5104526281356812 -1 -1 -1 -1 -1 -1 -1 -1 -1
0.5757721662521362 0.5977309346199036 0.914117157459259 -1 -1 -1 -1 -1 -1 -1 -1 -1
0.5622652173042297 0.608325719833374 0.5465564131736755 -1 -1 -1 -1 -1 -1 -1 -1 -1
0.5822473764419556 0.6090492010116577 0.911237895488739 -1 -1 -1 -1 -1 -1 -1 -1 -1
0.5596702098846436 0.6103028655052185 0.5616519451141357 -1 -1 -1 -1 -1 -1 -1 -1 -1
0.5822399854660034 0.6102487444877625 0.9080343842506409 -1 -1 -1 -1 -1 -1 -1 -1 -1
0.5593374967575073 0.6047244071960449 0.5317609310150146 -1 -1 -1 -1 -1 -1 -1 -1 -1
0.5815960168838501 0.60843825340271 0.8546885251998901 -1 -1 -1 -1 -1 -1 -1 -1 -1
0.5688207745552063 0.3652707040309906 0.999895453453064 -1 -1 -1 -1 -1 -1 -1 -1 -1
0.5652319192886353 0.3678629696369171 0.9999293088912964 -1 -1 -1 -1 -1 -1 -1 -1 -1
0.5491942763328552 0.31705811619758606 0.5912522673606873 -1 -1 -1 -1 -1 -1 -1 -1 -1
0.5610322952270508 0.34605032205581665 0.569248616695404 -1 -1 -1 -1 -1 -1 -1 -1 -1
0.5581335425376892 0.2814115285873413 0.8016834259033203 -1 -1 -1 -1 -1 -1 -1 -1 -1
0.5514237880706787 0.282953679561615 0.8412113189697266 -1 -1 -1 -1 -1 -1 -1 -1 -1
0.5605191588401794 0.27988868951797485 0.847685694694519 -1 -1 -1 -1 -1 -1 -1 -1 -1
0.5526991486549377 0.2762785255908966 0.853898286819458 -1 -1 -1 -1 -1 -1 -1 -1 -1
0.554587185382843 0.26331639289855957 0.8723421692848206 -1 -1 -1 -1 -1 -1 -1 -1 -1
0.5422733426094055 0.2581144869327545 0.8999239802360535 -1 -1 -1 -1 -1 -1 -1 -1 -1
1 
33 
-1 -1 -1 -1 -1 -1 -1 -1 -1 -1
0.5634825229644775 0.5503077507019043 0.9999704360961914 -1 -1 -1 -1 -1 -1 -1 -1 -1
0.5673147439956665 0.5599049925804138 0.9999716281890869 -1 -1 -1 -1 -1 -1 -1 -1 -1
0.5682433247566223 0.5556055307388306 0.9999767541885376 -1 -1 -1 -1 -1 -1 -1 -1 -1
0.5663294792175293 0.5551148056983948 0.9999706745147705 -1 -1 -1 -1 -1 -1 -1 -1 -1
0.5622432827949524 0.5596825480461121 0.9999628067016602 -1 -1 -1 -1 -1 -1 -1 -1 -1
0.5603514909744263 0.555374264717102 0.9999676942825317 -1 -1 -1 -1 -1 -1 -1 -1 -1
0.5587813258171082 0.555233359336853 0.9999566078186035 -1 -1 -1 -1 -1 -1 -1 -1 -1
0.5684789419174194 0.5467296242713928 0.9999843835830688 -1 -1 -1 -1 -1 -1 -1 -1 -1
0.5549086928367615 0.548244297504425 0.9999701976776123 -1 -1 -1 -1 -1 -1 -1 -1 -1
0.5678250193595886 0.5436413288116455 0.9999842643737793 -1 -1 -1 -1 -1 -1 -1 -1 -1
0.5642200112342834 0.5437654256820679 0.9999778270721436 -1 -1 -1 -1 -1 -1 -1 -1 -1
0.5846444964408875 0.5154509544372559 0.999976634979248 -1 -1 -1 -1 -1 -1 -1 -1 -1
0.5549245476722717 0.5204316973686218 0.9999852180480957 -1 -1 -1 -1 -1 -1 -1 -1 -1
0.5822721719741821 0.5759378671646118 0.9831905364990234 -1 -1 -1 -1 -1 -1 -1 -1 -1
0.5508283972740173 0.5647725462913513 0.9421451687812805 -1 -1 -1 -1 -1 -1 -1 -1 -1
0.5805367231369019 0.6198194026947021 0.944973886013031 -1 -1 -1 -1 -1 -1 -1 -1 -1
0.5487520694732666 0.618973433971405 0.9675696492195129 -1 -1 -1 -1 -1 -1 -1 -1 -1
0.5791468620300293 0.6345021724700928 0.9388493895530701 -1 -1 -1 -1 -1 -1 -1 -1 -1
0.5446056127548218 0.6315212845802307 0.9667155146598816 -1 -1 -1 -1 -1 -1 -1 -1 -1
0.5774880051612854 0.636993408203125 0.9356173872947693 -1 -1 -1 -1 -1 -1 -1 -1 -1
0.5483660101890564 0.6332602500915527 0.9664765000343323 -1 -1 -1 -1 -1 -1 -1 -1 -1
0.5760526657104492 0.6303268671035767 0.912672758102417 -1 -1 -1 -1 -1 -1 -1 -1 -1
0.5540991425514221 0.6281431317329407 0.9511624574661255 -1 -1 -1 -1 -1 -1 -1 -1 -1
0.5781945586204529 0.3619391918182373 0.9999996423721313 -1 -1 -1 -1 -1 -1 -1 -1 -1
0.5550394654273987 0.3712961971759796 0.9999991655349731 -1 -1 -1 -1 -1 -1 -1 -1 -1
0.5687329769134521 0.2794908583164215 0.971247673034668 -1 -1 -1 -1 -1 -1 -1 -1 -1
0.5392242670059204 0.29182344675064087 0.766814112663269 -1 -1 -1 -1 -1 -1 -1 -1 -1
0.5664271116256714 0.2998809516429901 0.9160795211791992 -1 -1 -1 -1 -1 -1 -1 -1 -1
0.540691077709198 0.28723329305648804 0.913152813911438 -1 -1 -1 -1 -1 -1 -1 -1 -1
0.5661508440971375 0.30777499079704285 0.9730537533760071 -1 -1 -1 -1 -1 -1 -1 -1 -1
0.5444656014442444 0.2865302562713623 0.9625688195228577 -1 -1 -1 -1 -1 -1 -1 -1 -1
0.5610868334770203 0.2878532111644745 0.8623872399330139 -1 -1 -1 -1 -1 -1 -1 -1 -1
0.5365843176841736 0.27141910791397095 0.9020081162452698 -1 -1 -1 -1 -1 -1 -1 -1 -1
1 
33 
-1 -1 -1 -1 -1 -1 -1 -1 -1 -1
0.5505184531211853 0.3694518804550171 0.9985111355781555 -1 -1 -1 -1 -1 -1 -1 -1 -1
0.5530550479888916 0.3587666153907776 0.9991299510002136 -1 -1 -1 -1 -1 -1 -1 -1 -1
0.5542275905609131 0.3579017221927643 0.9991748929023743 -1 -1 -1 -1 -1 -1 -1 -1 -1
0.5553641319274902 0.357145220041275 0.9993377327919006 -1 -1 -1 -1 -1 -1 -1 -1 -1
0.5511630773544312 0.3606128692626953 0.9980564117431641 -1 -1 -1 -1 -1 -1 -1 -1 -1
0.5512266159057617 0.36090099811553955 0.9964045286178589 -1 -1 -1 -1 -1 -1 -1 -1 -1
0.5508739948272705 0.36270153522491455 0.996982753276825 -1 -1 -1 -1 -1 -1 -1 -1 -1
0.5621857643127441 0.3578583598136902 0.9995042085647583 -1 -1 -1 -1 -1 -1 -1 -1 -1
0.5561100840568542 0.36228978633880615 0.997525155544281 -1 -1 -1 -1 -1 -1 -1 -1 -1
0.5554042458534241 0.3715667724609375 0.9986355900764465 -1 -1 -1 -1 -1 -1 -1 -1 -1
0.5524208545684814 0.37745893001556396 0.9949129819869995 -1 -1 -1 -1 -1 -1 -1 -1 -1
0.5796157717704773 0.3882116377353668 0.9997588992118835 -1 -1 -1 -1 -1 -1 -1 -1 -1
0.5565419793128967 0.3966725170612335 0.9953473210334778 -1 -1 -1 -1 -1 -1 -1 -1 -1
0.578416109085083 0.3557284474372864 0.9901480078697205 -1 -1 -1 -1 -1 -1 -1 -1 -1
0.5539268851280212 0.37553492188453674 0.3466697335243225 -1 -1 -1 -1 -1 -1 -1 -1 -1
0.5730963349342346 0.3198152482509613 0.974180281162262 -1 -1 -1 -1 -1 -1 -1 -1 -1
0.5563356280326843 0.33556678891181946 0.588117241859436 -1 -1 -1 -1 -1 -1 -1 -1 -1
0.5740067362785339 0.3114425241947174 0.9570452570915222 -1 -1 -1 -1 -1 -1 -1 -1 -1
0.5561849474906921 0.3262799382209778 0.5225018858909607 -1 -1 -1 -1 -1 -1 -1 -1 -1
0.5733228921890259 0.311023473739624 0.9528346061706543 -1 -1 -1 -1 -1 -1 -1 -1 -1
0.5576077103614807 0.32646286487579346 0.5134747624397278 -1 -1 -1 -1 -1 -1 -1 -1 -1
0.5710778832435608 0.3152005970478058 0.9169977307319641 -1 -1 -1 -1 -1 -1 -1 -1 -1
0.5578193664550781 0.3291398584842682 0.5160104036331177 -1 -1 -1 -1 -1 -1 -1 -1 -1
0.5793256759643555 0.4927762746810913 0.9999151229858398 -1 -1 -1 -1 -1 -1 -1 -1 -1
0.5601381659507751 0.49953287839889526 0.999797523021698 -1 -1 -1 -1 -1 -1 -1 -1 -1
0.5667803287506104 0.5580654144287109 0.9922094345092773 -1 -1 -1 -1 -1 -1 -1 -1 -1
0.5431976318359375 0.5559321641921997 0.9207962155342102 -1 -1 -1 -1 -1 -1 -1 -1 -1
0.5777651071548462 0.62905353307724 0.9907301068305969 -1 -1 -1 -1 -1 -1 -1 -1 -1
0.5505487322807312 0.6307226419448853 0.9426573514938354 -1 -1 -1 -1 -1 -1 -1 -1 -1
0.5848567485809326 0.6412822008132935 0.9263899326324463 -1 -1 -1 -1 -1 -1 -1 -1 -1
0.5548386573791504 0.6400395631790161 0.8787550330162048 -1 -1 -1 -1 -1 -1 -1 -1 -1
0.5648403167724609 0.657172441482544 0.9891096353530884 -1 -1 -1 -1 -1 -1 -1 -1 -1
0.5377019047737122 0.6527647376060486 0.9519659876823425 -1 -1 -1 -1 -1 -1 -1 -1 -1
1 
33 
-1 -1 -1 -1 -1 -1 -1 -1 -1 -1
0.5475196838378906 0.374586284160614 0.9702656269073486 -1 -1 -1 -1 -1 -1 -1 -1 -1
0.5529286861419678 0.36739951372146606 0.9613144993782043 -1 -1 -1 -1 -1 -1 -1 -1 -1
0.554178774356842 0.3672717809677124 0.9764078855514526 -1 -1 -1 -1 -1 -1 -1 -1 -1
0.555310845375061 0.3671077489852905 0.976986825466156 -1 -1 -1 -1 -1 -1 -1 -1 -1
0.551306962966919 0.36707359552383423 0.9560726284980774 -1 -1 -1 -1 -1 -1 -1 -1 -1
0.5514651536941528 0.36677420139312744 0.9575214385986328 -1 -1 -1 -1 -1 -1 -1 -1 -1
0.5515832304954529 0.36636120080947876 0.969028651714325 -1 -1 -1 -1 -1 -1 -1 -1 -1
0.561377763748169 0.37056154012680054 0.9629517793655396 -1 -1 -1 -1 -1 -1 -1 -1 -1
0.5552893877029419 0.36860573291778564 0.954014003276825 -1 -1 -1 -1 -1 -1 -1 -1 -1
0.5500339865684509 0.3804781436920166 0.9187358021736145 -1 -1 -1 -1 -1 -1 -1 -1 -1
0.5483318567276001 0.3789156675338745 0.8520951271057129 -1 -1 -1 -1 -1 -1 -1 -1 -1
0.5708898901939392 0.3918886184692383 0.9967769980430603 -1 -1 -1 -1 -1 -1 -1 -1 -1
0.5483300089836121 0.39659833908081055 0.9637007117271423 -1 -1 -1 -1 -1 -1 -1 -1 -1
0.5773476958274841 0.3619188070297241 0.9795033931732178 -1 -1 -1 -1 -1 -1 -1 -1 -1
0.5391528606414795 0.38129758834838867 0.17780877649784088 -1 -1 -1 -1 -1 -1 -1 -1 -1
0.5704545974731445 0.36254292726516724 0.7982227802276611 -1 -1 -1 -1 -1 -1 -1 -1 -1
0.5435970425605774 0.3757367432117462 0.2406555712223053 -1 -1 -1 -1 -1 -1 -1 -1 -1
0.5704092979431152 0.36265531182289124 0.6638218760490417 -1 -1 -1 -1 -1 -1 -1 -1 -1
0.5435025095939636 0.3769823908805847 0.22317886352539062 -1 -1 -1 -1 -1 -1 -1 -1 -1
0.5693627595901489 0.36436307430267334 0.6555320024490356 -1 -1 -1 -1 -1 -1 -1 -1 -1
0.5480993986129761 0.3771807551383972 0.23655875027179718 -1 -1 -1 -1 -1 -1 -1 -1 -1
0.56868577003479 0.3648685812950134 0.5728873014450073 -1 -1 -1 -1 -1 -1 -1 -1 -1
0.5476788282394409 0.3754444122314453 0.22549642622470856 -1 -1 -1 -1 -1 -1 -1 -1 -1
0.5799813866615295 0.5053959488868713 0.9998965263366699 -1 -1 -1 -1 -1 -1 -1 -1 -1
0.5601404905319214 0.5103885531425476 0.9996322393417358 -1 -1 -1 -1 -1 -1 -1 -1 -1
0.5723315477371216 0.5720729231834412 0.996597945690155 -1 -1 -1 -1 -1 -1 -1 -1 -1
0.5403246283531189 0.5757701992988586 0.9393472671508789 -1 -1 -1 -1 -1 -1 -1 -1 -1
0.5793314576148987 0.65139240026474 0.9943905472755432 -1 -1 -1 -1 -1 -1 -1 -1 -1
0.552120566368103 0.6472986936569214 0.9400151968002319 -1 -1 -1 -1 -1 -1 -1 -1 -1
0.5838460326194763 0.66539466381073 0.9757490158081055 -1 -1 -1 -1 -1 -1 -1 -1 -1
0.5597115755081177 0.6620539426803589 0.8503974676132202 -1 -1 -1 -1 -1 -1 -1 -1 -1
0.5688971281051636 0.6782197952270508 0.9966045618057251 -1 -1 -1 -1 -1 -1 -1 -1 -1
0.5396989583969116 0.6815329790115356 0.9590641260147095 -1 -1 -1 -1 -1 -1 -1 -1 -1
1 
33 
-1 -1 -1 -1 -1 -1 -1 -1 -1 -1
0.5407803058624268 0.3919348120689392 0.9847971796989441 -1 -1 -1 -1 -1 -1 -1 -1 -1
0.5452179908752441 0.38538551330566406 0.9881269335746765 -1 -1 -1 -1 -1 -1 -1 -1 -1
0.5464563965797424 0.38511180877685547 0.9921765923500061 -1 -1 -1 -1 -1 -1 -1 -1 -1
0.5477542281150818 0.3847322463989258 0.9933441877365112 -1 -1 -1 -1 -1 -1 -1 -1 -1
0.5441064834594727 0.38583242893218994 0.9791264533996582 -1 -1 -1 -1 -1 -1 -1 -1 -1
0.5445634126663208 0.3859715461730957 0.9728662967681885 -1 -1 -1 -1 -1 -1 -1 -1 -1
0.5449972152709961 0.38601136207580566 0.9792919754981995 -1 -1 -1 -1 -1 -1 -1 -1 -1
0.5547919273376465 0.3904663026332855 0.9924954175949097 -1 -1 -1 -1 -1 -1 -1 -1 -1
0.5510449409484863 0.39026743173599243 0.9791265726089478 -1 -1 -1 -1 -1 -1 -1 -1 -1
0.5432716012001038 0.39957311749458313 0.9743959903717041 -1 -1 -1 -1 -1 -1 -1 -1 -1
0.5422350168228149 0.399830162525177 0.9443091750144958 -1 -1 -1 -1 -1 -1 -1 -1 -1
0.5653280019760132 0.41584426164627075 0.9988338351249695 -1 -1 -1 -1 -1 -1 -1 -1 -1
0.5474205017089844 0.42419862747192383 0.9637959599494934 -1 -1 -1 -1 -1 -1 -1 -1 -1
0.5718265771865845 0.4046383500099182 0.9815636873245239 -1 -1 -1 -1 -1 -1 -1 -1 -1
0.5468711853027344 0.40376484394073486 0.03293056786060333 -1 -1 -1 -1 -1 -1 -1 -1 -1
0.5700002908706665 0.3710514307022095 0.9268178343772888 -1 -1 -1 -1 -1 -1 -1 -1 -1
0.5509206652641296 0.3772386312484741 0.11760718375444412 -1 -1 -1 -1 -1 -1 -1 -1 -1
0.5710332989692688 0.36748331785202026 0.9016758799552917 -1 -1 -1 -1 -1 -1 -1 -1 -1
0.5517406463623047 0.3725040555000305 0.16005335748195648 -1 -1 -1 -1 -1 -1 -1 -1 -1
0.5705212354660034 0.36922410130500793 0.8857021331787109 -1 -1 -1 -1 -1 -1 -1 -1 -1
0.5534820556640625 0.3724926710128784 0.16486158967018127 -1 -1 -1 -1 -1 -1 -1 -1 -1
0.5690597295761108 0.3709492087364197 0.8018695712089539 -1 -1 -1 -1 -1 -1 -1 -1 -1
0.5527687072753906 0.37312906980514526 0.15951578319072723 -1 -1 -1 -1 -1 -1 -1 -1 -1
0.5725411772727966 0.5173856019973755 0.9999555349349976 -1 -1 -1 -1 -1 -1 -1 -1 -1
0.5536072850227356 0.5263286232948303 0.9997910857200623 -1 -1 -1 -1 -1 -1 -1 -1 -1
0.563676655292511 0.5883533954620361 0.9912319779396057 -1 -1 -1 -1 -1 -1 -1 -1 -1
0.5372328758239746 0.5935133695602417 0.7888255715370178 -1 -1 -1 -1 -1 -1 -1 -1 -1
0.579448938369751 0.6649463176727295 0.9893641471862793 -1 -1 -1 -1 -1 -1 -1 -1 -1
0.558017373085022 0.665777325630188 0.7685646414756775 -1 -1 -1 -1 -1 -1 -1 -1 -1
0.5846272110939026 0.6758735179901123 0.9570794701576233 -1 -1 -1 -1 -1 -1 -1 -1 -1
0.5659756064414978 0.6766380071640015 0.7023645639419556 -1 -1 -1 -1 -1 -1 -1 -1 -1
0.5664839148521423 0.6951016783714294 0.9919925928115845 -1 -1 -1 -1 -1 -1 -1 -1 -1
0.5469658970832825 0.6902917623519897 0.8352298140525818 -1 -1 -1 -1 -1 -1 -1 -1 -1
1 
33 
-1 -1 -1 -1 -1 -1 -1 -1 -1 -1
0.5682932138442993 0.6492631435394287 0.9985873699188232 -1 -1 -1 -1 -1 -1 -1 -1 -1
0.5655018091201782 0.6512336730957031 0.9994899034500122 -1 -1 -1 -1 -1 -1 -1 -1 -1
0.5646462440490723 0.650766134262085 0.9994708895683289 -1 -1 -1 -1 -1 -1 -1 -1 -1
0.5637996196746826 0.6502848863601685 0.9996078610420227 -1 -1 -1 -1 -1 -1 -1 -1 -1
0.5684443712234497 0.6523008346557617 0.9991822838783264 -1 -1 -1 -1 -1 -1 -1 -1 -1
0.5685635805130005 0.6517515182495117 0.9987614154815674 -1 -1 -1 -1 -1 -1 -1 -1 -1
0.5686962008476257 0.6513127088546753 0.998676598072052 -1 -1 -1 -1 -1 -1 -1 -1 -1
0.5605898499488831 0.6444244384765625 0.9997184872627258 -1 -1 -1 -1 -1 -1 -1 -1 -1
0.5669693946838379 0.6452620625495911 0.9972931742668152 -1 -1 -1 -1 -1 -1 -1 -1 -1
0.5668897032737732 0.6429468393325806 0.996812641620636 -1 -1 -1 -1 -1 -1 -1 -1 -1
0.568220317363739 0.6410528421401978 0.9954167604446411 -1 -1 -1 -1 -1 -1 -1 -1 -1
0.5548555254936218 0.6244823932647705 0.9926249384880066 -1 -1 -1 -1 -1 -1 -1 -1 -1
0.5738557577133179 0.6192042827606201 0.9827961325645447 -1 -1 -1 -1 -1 -1 -1 -1 -1
0.5556396842002869 0.6541380286216736 0.8104996085166931 -1 -1 -1 -1 -1 -1 -1 -1 -1
0.5791300535202026 0.6393116116523743 0.088065966963768 -1 -1 -1 -1 -1 -1 -1 -1 -1
0.5606809258460999 0.6843740344047546 0.5729336738586426 -1 -1 -1 -1 -1 -1 -1 -1 -1
0.5782807469367981 0.6687412261962891 0.13249748945236206 -1 -1 -1 -1 -1 -1 -1 -1 -1
0.5606297254562378 0.6916171312332153 0.5685374736785889 -1 -1 -1 -1 -1 -1 -1 -1 -1
0.5773230791091919 0.6746800541877747 0.1609754115343094 -1 -1 -1 -1 -1 -1 -1 -1 -1
0.5606319904327393 0.6892921924591064 0.5721301436424255 -1 -1 -1 -1 -1 -1 -1 -1 -1
0.5782421827316284 0.6745784282684326 0.16233158111572266 -1 -1 -1 -1 -1 -1 -1 -1 -1
0.5610857009887695 0.686413586139679 0.4676310420036316 -1 -1 -1 -1 -1 -1 -1 -1 -1
0.5785786509513855 0.6724181175231934 0.16469734907150269 -1 -1 -1 -1 -1 -1 -1 -1 -1
0.5580260753631592 0.5422230362892151 0.9967834949493408 -1 -1 -1 -1 -1 -1 -1 -1 -1
0.5689370632171631 0.5396391153335571 0.9937020540237427 -1 -1 -1 -1 -1 -1 -1 -1 -1
0.5504706501960754 0.606413722038269 0.7405946254730225 -1 -1 -1 -1 -1 -1 -1 -1 -1
0.5643786191940308 0.5964928269386292 0.26766034960746765 -1 -1 -1 -1 -1 -1 -1 -1 -1
0.5655403733253479 0.6562731266021729 0.6393225789070129 -1 -1 -1 -1 -1 -1 -1 -1 -1
0.5677358508110046 0.6569059491157532 0.17911264300346375 -1 -1 -1 -1 -1 -1 -1 -1 -1
0.5702165961265564 0.6593565940856934 0.6981850266456604 -1 -1 -1 -1 -1 -1 -1 -1 -1
0.57123863697052 0.6614442467689514 0.21625715494155884 -1 -1 -1 -1 -1 -1 -1 -1 -1
0.561919629573822 0.6817595958709717 0.6418955326080322 -1 -1 -1 -1 -1 -1 -1 -1 -1
0.5619040727615356 0.6859548687934875 0.2531908452510834 -1 -1 -1 -1 -1 -1 -1 -1 -1
1 
33 
-1 -1 -1 -1 -1 -1 -1 -1 -1 -1
0.5494310259819031 0.638890266418457 0.9994243383407593 -1 -1 -1 -1 -1 -1 -1 -1 -1
0.548141598701477 0.6406522393226624 0.9996232986450195 -1 -1 -1 -1 -1 -1 -1 -1 -1
0.5476415753364563 0.6396971940994263 0.9994816184043884 -1 -1 -1 -1 -1 -1 -1 -1 -1
0.5471437573432922 0.6386947631835938 0.9995372295379639 -1 -1 -1 -1 -1 -1 -1 -1 -1
0.5510568618774414 0.640839695930481 0.9996007084846497 -1 -1 -1 -1 -1 -1 -1 -1 -1
0.5523706078529358 0.6401035785675049 0.9995331764221191 -1 -1 -1 -1 -1 -1 -1 -1 -1
0.5536487102508545 0.6393687129020691 0.9996742010116577 -1 -1 -1 -1 -1 -1 -1 -1 -1
0.5503619909286499 0.6259288787841797 0.9996886253356934 -1 -1 -1 -1 -1 -1 -1 -1 -1
0.5599925518035889 0.6303871870040894 0.999453604221344 -1 -1 -1 -1 -1 -1 -1 -1 -1
0.551466703414917 0.6280297636985779 0.9995366334915161 -1 -1 -1 -1 -1 -1 -1 -1 -1
0.554706871509552 0.6285634636878967 0.9995610117912292 -1 -1 -1 -1 -1 -1 -1 -1 -1
0.551949143409729 0.5861972570419312 0.9991512298583984 -1 -1 -1 -1 -1 -1 -1 -1 -1
0.5725389122962952 0.5765817761421204 0.9994657635688782 -1 -1 -1 -1 -1 -1 -1 -1 -1
0.557680606842041 0.6209540367126465 0.7246267199516296 -1 -1 -1 -1 -1 -1 -1 -1 -1
0.5773061513900757 0.6216543316841125 0.7006217837333679 -1 -1 -1 -1 -1 -1 -1 -1 -1
0.5651031732559204 0.6754369139671326 0.4668503403663635 -1 -1 -1 -1 -1 -1 -1 -1 -1
0.5760558247566223 0.6776467561721802 0.5836249589920044 -1 -1 -1 -1 -1 -1 -1 -1 -1
0.5659786462783813 0.6860019564628601 0.45647120475769043 -1 -1 -1 -1 -1 -1 -1 -1 -1
0.5667782425880432 0.6958732008934021 0.5367127060890198 -1 -1 -1 -1 -1 -1 -1 -1 -1
0.5655238032341003 0.6875603199005127 0.4322880208492279 -1 -1 -1 -1 -1 -1 -1 -1 -1
0.5696770548820496 0.698222815990448 0.5260044932365417 -1 -1 -1 -1 -1 -1 -1 -1 -1
0.5658963918685913 0.6851678490638733 0.3942599892616272 -1 -1 -1 -1 -1 -1 -1 -1 -1
0.5710424780845642 0.6949354410171509 0.5142128467559814 -1 -1 -1 -1 -1 -1 -1 -1 -1
0.5421066880226135 0.4380515515804291 0.9998319149017334 -1 -1 -1 -1 -1 -1 -1 -1 -1
0.5505805611610413 0.43274998664855957 0.9998631477355957 -1 -1 -1 -1 -1 -1 -1 -1 -1
0.5295331478118896 0.40173211693763733 0.938630223274231 -1 -1 -1 -1 -1 -1 -1 -1 -1
0.5313699245452881 0.3402814567089081 0.7160581946372986 -1 -1 -1 -1 -1 -1 -1 -1 -1
0.551925003528595 0.5355911254882812 0.5009370446205139 -1 -1 -1 -1 -1 -1 -1 -1 -1
0.5492019653320312 0.4505111873149872 0.2752753496170044 -1 -1 -1 -1 -1 -1 -1 -1 -1
0.5578399896621704 0.5529608726501465 0.5814516544342041 -1 -1 -1 -1 -1 -1 -1 -1 -1
0.5551403760910034 0.46144890785217285 0.37098172307014465 -1 -1 -1 -1 -1 -1 -1 -1 -1
0.5556935667991638 0.582395076751709 0.5367692112922668 -1 -1 -1 -1 -1 -1 -1 -1 -1
0.5432044267654419 0.48521745204925537 0.3428090214729309 -1 -1 -1 -1 -1 -1 -1 -1 -1
1 
33 
-1 -1 -1 -1 -1 -1 -1 -1 -1 -1
0.5599992275238037 0.5464839339256287 0.9986054301261902 -1 -1 -1 -1 -1 -1 -1 -1 -1
0.5617178082466125 0.5502047538757324 0.9994409680366516 -1 -1 -1 -1 -1 -1 -1 -1 -1
0.5613532066345215 0.5505094528198242 0.9991869330406189 -1 -1 -1 -1 -1 -1 -1 -1 -1
0.5609813928604126 0.550780177116394 0.9992289543151855 -1 -1 -1 -1 -1 -1 -1 -1 -1
0.5636398792266846 0.5491750836372375 0.9993085861206055 -1 -1 -1 -1 -1 -1 -1 -1 -1
0.5645280480384827 0.5486229658126831 0.9993513226509094 -1 -1 -1 -1 -1 -1 -1 -1 -1
0.5653924345970154 0.5481034517288208 0.9994089603424072 -1 -1 -1 -1 -1 -1 -1 -1 -1
0.5631285905838013 0.5459005832672119 0.9987360835075378 -1 -1 -1 -1 -1 -1 -1 -1 -1
0.5689723491668701 0.540603756904602 0.9989457726478577 -1 -1 -1 -1 -1 -1 -1 -1 -1
0.5588451027870178 0.5409234166145325 0.9945380091667175 -1 -1 -1 -1 -1 -1 -1 -1 -1
0.5609511733055115 0.5394501090049744 0.992756187915802 -1 -1 -1 -1 -1 -1 -1 -1 -1
0.5593846440315247 0.5187079906463623 0.9991459846496582 -1 -1 -1 -1 -1 -1 -1 -1 -1
0.5733469128608704 0.5225673317909241 0.9981682300567627 -1 -1 -1 -1 -1 -1 -1 -1 -1
0.5504745841026306 0.5367199182510376 0.05408388748764992 -1 -1 -1 -1 -1 -1 -1 -1 -1
0.5694286823272705 0.5847931504249573 0.31661656498908997 -1 -1 -1 -1 -1 -1 -1 -1 -1
0.5445370674133301 0.5632497072219849 0.18640150129795074 -1 -1 -1 -1 -1 -1 -1 -1 -1
0.5785101652145386 0.6513710618019104 0.6122381687164307 -1 -1 -1 -1 -1 -1 -1 -1 -1
0.5437052845954895 0.5683434009552002 0.22281263768672943 -1 -1 -1 -1 -1 -1 -1 -1 -1
0.580251157283783 0.668005645275116 0.7003670930862427 -1 -1 -1 -1 -1 -1 -1 -1 -1
0.5444079041481018 0.5700312256813049 0.21176709234714508 -1 -1 -1 -1 -1 -1 -1 -1 -1
0.5835198760032654 0.6643329858779907 0.6551561951637268 -1 -1 -1 -1 -1 -1 -1 -1 -1
0.5448209643363953 0.5694527626037598 0.20784151554107666 -1 -1 -1 -1 -1 -1 -1 -1 -1
0.58238285779953 0.659619927406311 0.541991114616394 -1 -1 -1 -1 -1 -1 -1 -1 -1
0.5386072993278503 0.4365628659725189 0.9999922513961792 -1 -1 -1 -1 -1 -1 -1 -1 -1
0.5528476238250732 0.45338067412376404 0.999882698059082 -1 -1 -1 -1 -1 -1 -1 -1 -1
0.5065714120864868 0.4030221700668335 0.9714250564575195 -1 -1 -1 -1 -1 -1 -1 -1 -1
0.5701805949211121 0.5440489053726196 0.7640838623046875 -1 -1 -1 -1 -1 -1 -1 -1 -1
0.49733665585517883 0.3759177327156067 0.9151314496994019 -1 -1 -1 -1 -1 -1 -1 -1 -1
0.5600489974021912 0.647997260093689 0.5896728038787842 -1 -1 -1 -1 -1 -1 -1 -1 -1
0.49764367938041687 0.37415775656700134 0.980352520942688 -1 -1 -1 -1 -1 -1 -1 -1 -1
0.5555046796798706 0.6542084217071533 0.8263725638389587 -1 -1 -1 -1 -1 -1 -1 -1 -1
0.49364545941352844 0.3600514829158783 0.9451776742935181 -1 -1 -1 -1 -1 -1 -1 -1 -1
0.5677429437637329 0.6916376352310181 0.8740875720977783 -1 -1 -1 -1 -1 -1 -1 -1 -1
1 
33 
-1 -1 -1 -1 -1 -1 -1 -1 -1 -1
0.48531946539878845 0.44467440247535706 0.9988085031509399 -1 -1 -1 -1 -1 -1 -1 -1 -1
0.48567527532577515 0.43189695477485657 0.9982054233551025 -1 -1 -1 -1 -1 -1 -1 -1 -1
0.4857232868671417 0.42923104763031006 0.9977567791938782 -1 -1 -1 -1 -1 -1 -1 -1 -1
0.4857897162437439 0.42655840516090393 0.9984960556030273 -1 -1 -1 -1 -1 -1 -1 -1 -1
0.48538440465927124 0.43843874335289 0.9980359673500061 -1 -1 -1 -1 -1 -1 -1 -1 -1
0.4852628707885742 0.4406641125679016 0.9975759387016296 -1 -1 -1 -1 -1 -1 -1 -1 -1
0.48514237999916077 0.4428728222846985 0.9980654120445251 -1 -1 -1 -1 -1 -1 -1 -1 -1
0.4862005114555359 0.4218612611293793 0.9986031651496887 -1 -1 -1 -1 -1 -1 -1 -1 -1
0.4856612980365753 0.4435635507106781 0.9980151653289795 -1 -1 -1 -1 -1 -1 -1 -1 -1
0.48988983035087585 0.44065505266189575 0.999119222164154 -1 -1 -1 -1 -1 -1 -1 -1 -1
0.48708561062812805 0.4454517066478729 0.9985156655311584 -1 -1 -1 -1 -1 -1 -1 -1 -1
0.502636194229126 0.4158819615840912 0.999754011631012 -1 -1 -1 -1 -1 -1 -1 -1 -1
0.4990973174571991 0.46405261754989624 0.9997836947441101 -1 -1 -1 -1 -1 -1 -1 -1 -1
0.5413504838943481 0.4130685329437256 0.9357904195785522 -1 -1 -1 -1 -1 -1 -1 -1 -1
0.5347042679786682 0.4822993278503418 0.6988025903701782 -1 -1 -1 -1 -1 -1 -1 -1 -1
0.5658356547355652 0.45366331934928894 0.8397158980369568 -1 -1 -1 -1 -1 -1 -1 -1 -1
0.5568960309028625 0.5166093707084656 0.6229283809661865 -1 -1 -1 -1 -1 -1 -1 -1 -1
0.5765566229820251 0.4613839089870453 0.7892199158668518 -1 -1 -1 -1 -1 -1 -1 -1 -1
0.5650626420974731 0.5276553630828857 0.4828234910964966 -1 -1 -1 -1 -1 -1 -1 -1 -1
0.5739208459854126 0.4688775837421417 0.7941259145736694 -1 -1 -1 -1 -1 -1 -1 -1 -1
0.5656289458274841 0.5298853516578674 0.45948725938796997 -1 -1 -1 -1 -1 -1 -1 -1 -1
0.5704193711280823 0.4667951762676239 0.7255711555480957 -1 -1 -1 -1 -1 -1 -1 -1 -1
0.5632297992706299 0.5231797099113464 0.42914310097694397 -1 -1 -1 -1 -1 -1 -1 -1 -1
0.552624523639679 0.4157821238040924 0.999841570854187 -1 -1 -1 -1 -1 -1 -1 -1 -1
0.5464079976081848 0.4412270784378052 0.999850869178772 -1 -1 -1 -1 -1 -1 -1 -1 -1
0.5744942426681519 0.5247327089309692 0.9078831672668457 -1 -1 -1 -1 -1 -1 -1 -1 -1
0.5755177140235901 0.5323556065559387 0.8138115406036377 -1 -1 -1 -1 -1 -1 -1 -1 -1
0.5677571892738342 0.6204854846000671 0.9768539071083069 -1 -1 -1 -1 -1 -1 -1 -1 -1
0.580817461013794 0.6229172348976135 0.7919066548347473 -1 -1 -1 -1 -1 -1 -1 -1 -1
0.5706775188446045 0.6320348381996155 0.9502987265586853 -1 -1 -1 -1 -1 -1 -1 -1 -1
0.5852695107460022 0.6294766664505005 0.605245053768158 -1 -1 -1 -1 -1 -1 -1 -1 -1
0.5512562990188599 0.6518065929412842 0.9748934507369995 -1 -1 -1 -1 -1 -1 -1 -1 -1
0.5696380138397217 0.6559218764305115 0.7281347513198853 -1 -1 -1 -1 -1 -1 -1 -1 -1
1 
33 
-1 -1 -1 -1 -1 -1 -1 -1 -1 -1
0.5128424167633057 0.44786521792411804 0.9780076146125793 -1 -1 -1 -1 -1 -1 -1 -1 -1
0.5097212195396423 0.4433004856109619 0.9895185828208923 -1 -1 -1 -1 -1 -1 -1 -1 -1
0.509949803352356 0.4411778748035431 0.9866895079612732 -1 -1 -1 -1 -1 -1 -1 -1 -1
0.5101925730705261 0.4390561580657959 0.9924991726875305 -1 -1 -1 -1 -1 -1 -1 -1 -1
0.5088593363761902 0.44756850600242615 0.9592463970184326 -1 -1 -1 -1 -1 -1 -1 -1 -1
0.5085605978965759 0.44891422986984253 0.9274437427520752 -1 -1 -1 -1 -1 -1 -1 -1 -1
0.5082659721374512 0.4502579867839813 0.9358688592910767 -1 -1 -1 -1 -1 -1 -1 -1 -1
0.5109652876853943 0.4320716857910156 0.9949356317520142 -1 -1 -1 -1 -1 -1 -1 -1 -1
0.5083891153335571 0.44692912697792053 0.9246567487716675 -1 -1 -1 -1 -1 -1 -1 -1 -1
0.5159232020378113 0.4430901110172272 0.9971011281013489 -1 -1 -1 -1 -1 -1 -1 -1 -1
0.515260636806488 0.4486963450908661 0.9812917709350586 -1 -1 -1 -1 -1 -1 -1 -1 -1
0.5273460149765015 0.41478824615478516 0.9997100234031677 -1 -1 -1 -1 -1 -1 -1 -1 -1
0.5138841271400452 0.4522605240345001 0.9818751215934753 -1 -1 -1 -1 -1 -1 -1 -1 -1
0.5527454614639282 0.41159504652023315 0.9618557095527649 -1 -1 -1 -1 -1 -1 -1 -1 -1
0.5180953145027161 0.46402597427368164 0.40719401836395264 -1 -1 -1 -1 -1 -1 -1 -1 -1
0.5714560151100159 0.43223556876182556 0.9092513918876648 -1 -1 -1 -1 -1 -1 -1 -1 -1
0.5064721703529358 0.48280608654022217 0.3747728765010834 -1 -1 -1 -1 -1 -1 -1 -1 -1
0.5805355906486511 0.43443232774734497 0.8344036936759949 -1 -1 -1 -1 -1 -1 -1 -1 -1
0.5036657452583313 0.488656610250473 0.35117077827453613 -1 -1 -1 -1 -1 -1 -1 -1 -1
0.5764060616493225 0.4410843849182129 0.8313156366348267 -1 -1 -1 -1 -1 -1 -1 -1 -1
0.5041173100471497 0.49086111783981323 0.3366124927997589 -1 -1 -1 -1 -1 -1 -1 -1 -1
0.5736427903175354 0.4415740370750427 0.79572594165802 -1 -1 -1 -1 -1 -1 -1 -1 -1
0.5057526230812073 0.48703405261039734 0.33288612961769104 -1 -1 -1 -1 -1 -1 -1 -1 -1
0.5549532771110535 0.41886645555496216 0.9996824264526367 -1 -1 -1 -1 -1 -1 -1 -1 -1
0.5458492636680603 0.4419439136981964 0.9986255168914795 -1 -1 -1 -1 -1 -1 -1 -1 -1
0.5568181872367859 0.48366621136665344 0.7114814519882202 -1 -1 -1 -1 -1 -1 -1 -1 -1
0.5458433628082275 0.5023304224014282 0.4560270309448242 -1 -1 -1 -1 -1 -1 -1 -1 -1
0.5808614492416382 0.502798318862915 0.550265371799469 -1 -1 -1 -1 -1 -1 -1 -1 -1
0.570029616355896 0.506369411945343 0.2252226322889328 -1 -1 -1 -1 -1 -1 -1 -1 -1
0.5844082832336426 0.5016645193099976 0.6469703912734985 -1 -1 -1 -1 -1 -1 -1 -1 -1
0.5745189189910889 0.5020890831947327 0.18677128851413727 -1 -1 -1 -1 -1 -1 -1 -1 -1
0.5872378945350647 0.5203536748886108 0.5127525329589844 -1 -1 -1 -1 -1 -1 -1 -1 -1
0.5752225518226624 0.5238124132156372 0.1792818009853363 -1 -1 -1 -1 -1 -1 -1 -1 -1
1 
33 
-1 -1 -1 -1 -1 -1 -1 -1 -1 -1
0.5587471127510071 0.5025160312652588 0.20852801203727722 -1 -1 -1 -1 -1 -1 -1 -1 -1
0.5591576099395752 0.503054678440094 0.4513840973377228 -1 -1 -1 -1 -1 -1 -1 -1 -1
0.5591506361961365 0.5031251907348633 0.4135221242904663 -1 -1 -1 -1 -1 -1 -1 -1 -1
0.5591410994529724 0.5031861066818237 0.6079477071762085 -1 -1 -1 -1 -1 -1 -1 -1 -1
0.5592116713523865 0.5029118657112122 0.4511064291000366 -1 -1 -1 -1 -1 -1 -1 -1 -1
0.5592777729034424 0.5028414130210876 0.37489572167396545 -1 -1 -1 -1 -1 -1 -1 -1 -1
0.5593398213386536 0.5027667880058289 0.5634075999259949 -1 -1 -1 -1 -1 -1 -1 -1 -1
0.5592973232269287 0.5028002262115479 0.8452431559562683 -1 -1 -1 -1 -1 -1 -1 -1 -1
0.5595372319221497 0.5023460984230042 0.5192902088165283 -1 -1 -1 -1 -1 -1 -1 -1 -1
0.5585117936134338 0.5021340847015381 0.15933533012866974 -1 -1 -1 -1 -1 -1 -1 -1 -1
0.5586367249488831 0.5018630027770996 0.09584219753742218 -1 -1 -1 -1 -1 -1 -1 -1 -1
0.5578893423080444 0.5013653635978699 0.10354261100292206 -1 -1 -1 -1 -1 -1 -1 -1 -1
0.5592036843299866 0.5000141859054565 0.011993437074124813 -1 -1 -1 -1 -1 -1 -1 -1 -1
0.559182345867157 0.5019612908363342 0.19927512109279633 -1 -1 -1 -1 -1 -1 -1 -1 -1
0.5602021813392639 0.49902260303497314 0.020689941942691803 -1 -1 -1 -1 -1 -1 -1 -1 -1
0.5628632307052612 0.5011430978775024 0.05495224520564079 -1 -1 -1 -1 -1 -1 -1 -1 -1
0.5609539747238159 0.5008074045181274 0.0028745774179697037 -1 -1 -1 -1 -1 -1 -1 -1 -1
0.563684344291687 0.5007193088531494 0.03506503999233246 -1 -1 -1 -1 -1 -1 -1 -1 -1
0.5609183311462402 0.5011959075927734 0.0022340265568345785 -1 -1 -1 -1 -1 -1 -1 -1 -1
0.5636298656463623 0.5009464621543884 0.04802592098712921 -1 -1 -1 -1 -1 -1 -1 -1 -1
0.5610845685005188 0.5013266801834106 0.003233129857107997 -1 -1 -1 -1 -1 -1 -1 -1 -1
0.5632684826850891 0.5011576414108276 0.0702732503414154 -1 -1 -1 -1 -1 -1 -1 -1 -1
0.5611134171485901 0.5010336637496948 0.0028601274825632572 -1 -1 -1 -1 -1 -1 -1 -1 -1
0.5561114549636841 0.49381595849990845 0.0055650463327765465 -1 -1 -1 -1 -1 -1 -1 -1 -1
0.5576415061950684 0.4921192526817322 0.0014238707954064012 -1 -1 -1 -1 -1 -1 -1 -1 -1
0.5539640784263611 0.4899653196334839 8.233808330260217e-05 -1 -1 -1 -1 -1 -1 -1 -1 -1
0.5566246509552002 0.48655590415000916 0.0003926974895875901 -1 -1 -1 -1 -1 -1 -1 -1 -1
0.5544649362564087 0.4851748049259186 1.4191214177117217e-05 -1 -1 -1 -1 -1 -1 -1 -1 -1
0.5558803081512451 0.48446008563041687 0.00011808021372416988 -1 -1 -1 -1 -1 -1 -1 -1 -1
0.5544282793998718 0.4849511384963989 2.3360757040791214e-05 -1 -1 -1 -1 -1 -1 -1 -1 -1
0.5557129383087158 0.4845048487186432 0.0032419301569461823 -1 -1 -1 -1 -1 -1 -1 -1 -1
0.5549503564834595 0.482416033744812 4.350400558905676e-05 -1 -1 -1 -1 -1 -1 -1 -1 -1
0.555091142654419 0.48240724205970764 0.0003150639240629971 -1 -1 -1 -1 -1 -1 -1 -1 -1
1 
