12
1 
33 
-1 -1 -1 -1 -1 -1 -1 -1 -1 -1
0.5327412486076355 0.3554668128490448 0.9984671473503113 -1 -1 -1 -1 -1 -1 -1 -1 -1
0.5323653221130371 0.34315359592437744 0.9969642758369446 -1 -1 -1 -1 -1 -1 -1 -1 -1
0.5320780277252197 0.3427848815917969 0.9964613318443298 -1 -1 -1 -1 -1 -1 -1 -1 -1
0.5317448973655701 0.3423289656639099 0.9970704317092896 -1 -1 -1 -1 -1 -1 -1 -1 -1
0.5314950346946716 0.3427155315876007 0.9980936646461487 -1 -1 -1 -1 -1 -1 -1 -1 -1
0.5305692553520203 0.34215426445007324 0.9979888200759888 -1 -1 -1 -1 -1 -1 -1 -1 -1
0.5294643044471741 0.3414992094039917 0.9983207583427429 -1 -1 -1 -1 -1 -1 -1 -1 -1
0.522547721862793 0.34091418981552124 0.9899347424507141 -1 -1 -1 -1 -1 -1 -1 -1 -1
0.5210002064704895 0.3408144414424896 0.9972134232521057 -1 -1 -1 -1 -1 -1 -1 -1 -1
0.5292404890060425 0.3656371831893921 0.9964792132377625 -1 -1 -1 -1 -1 -1 -1 -1 -1
0.5278439521789551 0.36458444595336914 0.9979150891304016 -1 -1 -1 -1 -1 -1 -1 -1 -1
0.5058513283729553 0.3998015522956848 0.996364414691925 -1 -1 -1 -1 -1 -1 -1 -1 -1
0.5062244534492493 0.3996219038963318 0.9999524354934692 -1 -1 -1 -1 -1 -1 -1 -1 -1
0.5042680501937866 0.4860556423664093 0.034349340945482254 -1 -1 -1 -1 -1 -1 -1 -1 -1
0.511143684387207 0.4900685250759125 0.9829013347625732 -1 -1 -1 -1 -1 -1 -1 -1 -1
0.5098699927330017 0.5605427622795105 0.045038528740406036 -1 -1 -1 -1 -1 -1 -1 -1 -1
0.5179500579833984 0.5669090151786804 0.9333724975585938 -1 -1 -1 -1 -1 -1 -1 -1 -1
0.5102186799049377 0.5820684432983398 0.057822130620479584 -1 -1 -1 -1 -1 -1 -1 -1 -1
0.5165321826934814 0.5895645022392273 0.9075146317481995 -1 -1 -1 -1 -1 -1 -1 -1 -1
0.5118306875228882 0.5815280079841614 0.060826536267995834 -1 -1 -1 -1 -1 -1 -1 -1 -1
0.5186525583267212 0.5882944464683533 0.9009620547294617 -1 -1 -1 -1 -1 -1 -1 -1 -1
0.5120418071746826 0.5739208459854126 0.0648752748966217 -1 -1 -1 -1 -1 -1 -1 -1 -1
0.5191057920455933 0.5811768770217896 0.8383184671401978 -1 -1 -1 -1 -1 -1 -1 -1 -1
0.5006087422370911 0.5553123950958252 0.9928213953971863 -1 -1 -1 -1 -1 -1 -1 -1 -1
0.4998030364513397 0.5566025376319885 0.9982764720916748 -1 -1 -1 -1 -1 -1 -1 -1 -1
0.4967884123325348 0.6772616505622864 0.23117363452911377 -1 -1 -1 -1 -1 -1 -1 -1 -1
0.49395084381103516 0.6855289936065674 0.9376366138458252 -1 -1 -1 -1 -1 -1 -1 -1 -1
0.49460330605506897 0.7808389663696289 0.4532339572906494 -1 -1 -1 -1 -1 -1 -1 -1 -1
0.4879038333892822 0.8116558790206909 0.9508867859840393 -1 -1 -1 -1 -1 -1 -1 -1 -1
0.48160961270332336 0.8111053705215454 0.5492507815361023 -1 -1 -1 -1 -1 -1 -1 -1 -1
0.47870373725891113 0.8282709121704102 0.8838629722595215 -1 -1 -1 -1 -1 -1 -1 -1 -1
0.5164054036140442 0.8048909306526184 0.6660260558128357 -1 -1 -1 -1 -1 -1 -1 -1 -1
0.5109370946884155 0.8568254709243774 0.9408873319625854 -1 -1 -1 -1 -1 -1 -1 -1 -1
1 
33 
-1 -1 -1 -1 -1 -1 -1 -1 -1 -1
0.5336318612098694 0.34967923164367676 0.996253252029419 -1 -1 -1 -1 -1 -1 -1 -1 -1
0.5330132842063904 0.33829250931739807 0.9929515719413757 -1 -1 -1 -1 -1 -1 -1 -1 -1
0.5327395796775818 0.3376321792602539 0.9915292263031006 -1 -1 -1 -1 -1 -1 -1 -1 -1
0.5324282050132751 0.33689773082733154 0.9936675429344177 -1 -1 -1 -1 -1 -1 -1 -1 -1
0.5318928360939026 0.33792877197265625 0.9957700371742249 -1 -1 -1 -1 -1 -1 -1 -1 -1
0.5308898687362671 0.3371444344520569 0.9953476786613464 -1 -1 -1 -1 -1 -1 -1 -1 -1
0.5297260284423828 0.3362574577331543 0.9963639378547668 -1 -1 -1 -1 -1 -1 -1 -1 -1
0.5238529443740845 0.33506688475608826 0.9799392223358154 -1 -1 -1 -1 -1 -1 -1 -1 -1
0.5213204026222229 0.33516889810562134 0.9941179752349854 -1 -1 -1 -1 -1 -1 -1 -1 -1
0.5297666788101196 0.3597492575645447 0.9943063855171204 -1 -1 -1 -1 -1 -1 -1 -1 -1
0.5280437469482422 0.35882025957107544 0.9964279532432556 -1 -1 -1 -1 -1 -1 -1 -1 -1
0.5092424154281616 0.3941541314125061 0.996313750743866 -1 -1 -1 -1 -1 -1 -1 -1 -1
0.5053131580352783 0.3911627531051636 0.9999308586120605 -1 -1 -1 -1 -1 -1 -1 -1 -1
0.5111267566680908 0.4812663197517395 0.052520859986543655 -1 -1 -1 -1 -1 -1 -1 -1 -1
0.5151656866073608 0.48336493968963623 0.9728577733039856 -1 -1 -1 -1 -1 -1 -1 -1 -1
0.5235385894775391 0.5528364777565002 0.04731089621782303 -1 -1 -1 -1 -1 -1 -1 -1 -1
0.5266306400299072 0.5575833916664124 0.9159470796585083 -1 -1 -1 -1 -1 -1 -1 -1 -1
0.5254175066947937 0.5739941596984863 0.05592929571866989 -1 -1 -1 -1 -1 -1 -1 -1 -1
0.5269215106964111 0.5809695720672607 0.8903402090072632 -1 -1 -1 -1 -1 -1 -1 -1 -1
0.5269609689712524 0.5733646154403687 0.058323316276073456 -1 -1 -1 -1 -1 -1 -1 -1 -1
0.5292421579360962 0.5780724883079529 0.8798248171806335 -1 -1 -1 -1 -1 -1 -1 -1 -1
0.5259057879447937 0.5655850768089294 0.06438058614730835 -1 -1 -1 -1 -1 -1 -1 -1 -1
0.5288947224617004 0.5707011818885803 0.8037784695625305 -1 -1 -1 -1 -1 -1 -1 -1 -1
0.49995312094688416 0.5458635687828064 0.9925000071525574 -1 -1 -1 -1 -1 -1 -1 -1 -1
0.49339374899864197 0.5485250353813171 0.997042715549469 -1 -1 -1 -1 -1 -1 -1 -1 -1
0.5022946000099182 0.6656572818756104 0.202262282371521 -1 -1 -1 -1 -1 -1 -1 -1 -1
0.49685391783714294 0.6809548735618591 0.9281591773033142 -1 -1 -1 -1 -1 -1 -1 -1 -1
0.5090550780296326 0.7568612098693848 0.36891818046569824 -1 -1 -1 -1 -1 -1 -1 -1 -1
0.4913444519042969 0.808728814125061 0.9444165229797363 -1 -1 -1 -1 -1 -1 -1 -1 -1
0.5052962303161621 0.7587788701057434 0.47694945335388184 -1 -1 -1 -1 -1 -1 -1 -1 -1
0.4824991822242737 0.8242460489273071 0.8775637149810791 -1 -1 -1 -1 -1 -1 -1 -1 -1
0.5360739231109619 0.7843117713928223 0.58025062084198 -1 -1 -1 -1 -1 -1 -1 -1 -1
0.5158852934837341 0.850783109664917 0.9292095899581909 -1 -1 -1 -1 -1 -1 -1 -1 -1
1 
33 
-1 -1 -1 -1 -1 -1 -1 -1 -1 -1
0.5344542264938354 0.35199403762817383 0.995429515838623 -1 -1 -1 -1 -1 -1 -1 -1 -1
0.5339992642402649 0.34061962366104126 0.9918671250343323 -1 -1 -1 -1 -1 -1 -1 -1 -1
0.5336188673973083 0.3398894667625427 0.9910317659378052 -1 -1 -1 -1 -1 -1 -1 -1 -1
0.5331943035125732 0.3391003906726837 0.9928930401802063 -1 -1 -1 -1 -1 -1 -1 -1 -1
0.5330220460891724 0.3402416706085205 0.9945694804191589 -1 -1 -1 -1 -1 -1 -1 -1 -1
0.5319971442222595 0.3393712043762207 0.9944424033164978 -1 -1 -1 -1 -1 -1 -1 -1 -1
0.5307905077934265 0.33845579624176025 0.9953778982162476 -1 -1 -1 -1 -1 -1 -1 -1 -1
0.5244274735450745 0.336891770362854 0.978285551071167 -1 -1 -1 -1 -1 -1 -1 -1 -1
0.5222227573394775 0.33683913946151733 0.9932786822319031 -1 -1 -1 -1 -1 -1 -1 -1 -1
0.5300866961479187 0.3619406819343567 0.9929981231689453 -1 -1 -1 -1 -1 -1 -1 -1 -1
0.5285348892211914 0.36093366146087646 0.9954296350479126 -1 -1 -1 -1 -1 -1 -1 -1 -1
0.5076066851615906 0.39192771911621094 0.9965358972549438 -1 -1 -1 -1 -1 -1 -1 -1 -1
0.5041639804840088 0.387576162815094 0.9999539852142334 -1 -1 -1 -1 -1 -1 -1 -1 -1
0.512153148651123 0.4755041301250458 0.05135125666856766 -1 -1 -1 -1 -1 -1 -1 -1 -1
0.5164357423782349 0.4754454493522644 0.9800692796707153 -1 -1 -1 -1 -1 -1 -1 -1 -1
0.5250632166862488 0.5445553064346313 0.05449937283992767 -1 -1 -1 -1 -1 -1 -1 -1 -1
0.5306147336959839 0.5447597503662109 0.9546475410461426 -1 -1 -1 -1 -1 -1 -1 -1 -1
0.5280463695526123 0.56456059217453 0.06158892810344696 -1 -1 -1 -1 -1 -1 -1 -1 -1
0.530864417552948 0.5669529438018799 0.9383065700531006 -1 -1 -1 -1 -1 -1 -1 -1 -1
0.5302822589874268 0.5628387928009033 0.06374695897102356 -1 -1 -1 -1 -1 -1 -1 -1 -1
0.5330519676208496 0.5644204020500183 0.9316758513450623 -1 -1 -1 -1 -1 -1 -1 -1 -1
0.5290166735649109 0.5563849210739136 0.072413869202137 -1 -1 -1 -1 -1 -1 -1 -1 -1
0.533143162727356 0.5573505163192749 0.8771256804466248 -1 -1 -1 -1 -1 -1 -1 -1 -1
0.49379992485046387 0.5410912036895752 0.9931930899620056 -1 -1 -1 -1 -1 -1 -1 -1 -1
0.48751750588417053 0.543829619884491 0.9978132247924805 -1 -1 -1 -1 -1 -1 -1 -1 -1
0.4989369213581085 0.6641792058944702 0.21436946094036102 -1 -1 -1 -1 -1 -1 -1 -1 -1
0.49800750613212585 0.6751619577407837 0.9562956094741821 -1 -1 -1 -1 -1 -1 -1 -1 -1
0.5068108439445496 0.7590585947036743 0.42464229464530945 -1 -1 -1 -1 -1 -1 -1 -1 -1
0.49297818541526794 0.802137017250061 0.9655322432518005 -1 -1 -1 -1 -1 -1 -1 -1 -1
0.49452105164527893 0.7866966724395752 0.5312515497207642 -1 -1 -1 -1 -1 -1 -1 -1 -1
0.48418983817100525 0.818428099155426 0.9192013740539551 -1 -1 -1 -1 -1 -1 -1 -1 -1
0.5391003489494324 0.7841048836708069 0.6493056416511536 -1 -1 -1 -1 -1 -1 -1 -1 -1
0.5157001614570618 0.8504812121391296 0.958685576915741 -1 -1 -1 -1 -1 -1 -1 -1 -1
1 
33 
-1 -1 -1 -1 -1 -1 -1 -1 -1 -1
0.5350936055183411 0.35830211639404297 0.9958128333091736 -1 -1 -1 -1 -1 -1 -1 -1 -1
0.5348831415176392 0.34663474559783936 0.9918814301490784 -1 -1 -1 -1 -1 -1 -1 -1 -1
0.5345135927200317 0.3459421694278717 0.9915173053741455 -1 -1 -1 -1 -1 -1 -1 -1 -1
0.5340259671211243 0.34515345096588135 0.9930618405342102 -1 -1 -1 -1 -1 -1 -1 -1 -1
0.5339452028274536 0.34579604864120483 0.9939179420471191 -1 -1 -1 -1 -1 -1 -1 -1 -1
0.5330556631088257 0.34474486112594604 0.9942072629928589 -1 -1 -1 -1 -1 -1 -1 -1 -1
0.5320782661437988 0.3436727523803711 0.9948101043701172 -1 -1 -1 -1 -1 -1 -1 -1 -1
0.5256346464157104 0.3423040509223938 0.9782564640045166 -1 -1 -1 -1 -1 -1 -1 -1 -1
0.5237480401992798 0.3415275812149048 0.9919431209564209 -1 -1 -1 -1 -1 -1 -1 -1 -1
0.5304569005966187 0.368112176656723 0.9917176961898804 -1 -1 -1 -1 -1 -1 -1 -1 -1
0.5290296077728271 0.3666583299636841 0.9948049187660217 -1 -1 -1 -1 -1 -1 -1 -1 -1
0.5051602721214294 0.39424991607666016 0.9969757795333862 -1 -1 -1 -1 -1 -1 -1 -1 -1
0.5032044053077698 0.38587096333503723 0.9999630451202393 -1 -1 -1 -1 -1 -1 -1 -1 -1
0.5112659335136414 0.4747154414653778 0.06572623550891876 -1 -1 -1 -1 -1 -1 -1 -1 -1
0.5181180834770203 0.46675774455070496 0.9856439828872681 -1 -1 -1 -1 -1 -1 -1 -1 -1
0.5270500183105469 0.5363074541091919 0.08736047893762589 -1 -1 -1 -1 -1 -1 -1 -1 -1
0.533508837223053 0.5332285165786743 0.9766087532043457 -1 -1 -1 -1 -1 -1 -1 -1 -1
0.531978189945221 0.5568353533744812 0.09353049844503403 -1 -1 -1 -1 -1 -1 -1 -1 -1
0.5355674624443054 0.5536624193191528 0.9658096432685852 -1 -1 -1 -1 -1 -1 -1 -1 -1
0.5344762206077576 0.5548206567764282 0.09524179995059967 -1 -1 -1 -1 -1 -1 -1 -1 -1
0.5378997921943665 0.5512931942939758 0.9617087244987488 -1 -1 -1 -1 -1 -1 -1 -1 -1
0.532681941986084 0.5459437966346741 0.10577618330717087 -1 -1 -1 -1 -1 -1 -1 -1 -1
0.5367488861083984 0.5443651676177979 0.9248278737068176 -1 -1 -1 -1 -1 -1 -1 -1 -1
0.4877288043498993 0.5411282777786255 0.9899674654006958 -1 -1 -1 -1 -1 -1 -1 -1 -1
0.48177260160446167 0.543982982635498 0.9970245957374573 -1 -1 -1 -1 -1 -1 -1 -1 -1
0.5018936395645142 0.6600559949874878 0.22778111696243286 -1 -1 -1 -1 -1 -1 -1 -1 -1
0.5005993247032166 0.6696974039077759 0.9546563029289246 -1 -1 -1 -1 -1 -1 -1 -1 -1
0.508156955242157 0.7472904324531555 0.3616318702697754 -1 -1 -1 -1 -1 -1 -1 -1 -1
0.4915506839752197 0.8007553815841675 0.9534479975700378 -1 -1 -1 -1 -1 -1 -1 -1 -1
0.4997084140777588 0.7757524847984314 0.46699556708335876 -1 -1 -1 -1 -1 -1 -1 -1 -1
0.48208269476890564 0.8200535178184509 0.9096488356590271 -1 -1 -1 -1 -1 -1 -1 -1 -1
0.5433381795883179 0.7761836051940918 0.5611396431922913 -1 -1 -1 -1 -1 -1 -1 -1 -1
0.5169394016265869 0.8442942500114441 0.9437240958213806 -1 -1 -1 -1 -1 -1 -1 -1 -1
1 
33 
-1 -1 -1 -1 -1 -1 -1 -1 -1 -1
0.5357419848442078 0.37418803572654724 0.9791771769523621 -1 -1 -1 -1 -1 -1 -1 -1 -1
0.5351609587669373 0.36181607842445374 0.9649542570114136 -1 -1 -1 -1 -1 -1 -1 -1 -1
0.5346390604972839 0.36128777265548706 0.9622595310211182 -1 -1 -1 -1 -1 -1 -1 -1 -1
0.5340765118598938 0.3605974316596985 0.9689489603042603 -1 -1 -1 -1 -1 -1 -1 -1 -1
0.534635066986084 0.3609660863876343 0.9715099930763245 -1 -1 -1 -1 -1 -1 -1 -1 -1
0.5337883234024048 0.3600025773048401 0.9716311693191528 -1 -1 -1 -1 -1 -1 -1 -1 -1
0.5328746438026428 0.3588694930076599 0.9745098352432251 -1 -1 -1 -1 -1 -1 -1 -1 -1
0.525563657283783 0.35757744312286377 0.921465277671814 -1 -1 -1 -1 -1 -1 -1 -1 -1
0.52458256483078 0.3561978340148926 0.9621589779853821 -1 -1 -1 -1 -1 -1 -1 -1 -1
0.5313532948493958 0.3825185000896454 0.9607757329940796 -1 -1 -1 -1 -1 -1 -1 -1 -1
0.5303353071212769 0.3810160756111145 0.9754300713539124 -1 -1 -1 -1 -1 -1 -1 -1 -1
0.5017735362052917 0.40203389525413513 0.9931185245513916 -1 -1 -1 -1 -1 -1 -1 -1 -1
0.5020653009414673 0.39443138241767883 0.9998257756233215 -1 -1 -1 -1 -1 -1 -1 -1 -1
0.5063770413398743 0.47407418489456177 0.036984074860811234 -1 -1 -1 -1 -1 -1 -1 -1 -1
0.520188570022583 0.4697232246398926 0.9770301580429077 -1 -1 -1 -1 -1 -1 -1 -1 -1
0.5270702838897705 0.5295813083648682 0.04894634708762169 -1 -1 -1 -1 -1 -1 -1 -1 -1
0.5364683270454407 0.5275434255599976 0.956828773021698 -1 -1 -1 -1 -1 -1 -1 -1 -1
0.5328505039215088 0.5437220931053162 0.060291588306427 -1 -1 -1 -1 -1 -1 -1 -1 -1
0.541517972946167 0.5464306473731995 0.9389945268630981 -1 -1 -1 -1 -1 -1 -1 -1 -1
0.5359714031219482 0.5416412949562073 0.06096600368618965 -1 -1 -1 -1 -1 -1 -1 -1 -1
0.5433700680732727 0.5422620177268982 0.9344945549964905 -1 -1 -1 -1 -1 -1 -1 -1 -1
0.5316914319992065 0.5360815525054932 0.06688278913497925 -1 -1 -1 -1 -1 -1 -1 -1 -1
0.5405383110046387 0.5366359949111938 0.8814790844917297 -1 -1 -1 -1 -1 -1 -1 -1 -1
0.4870889484882355 0.5531370639801025 0.98265141248703 -1 -1 -1 -1 -1 -1 -1 -1 -1
0.480020135641098 0.5575677156448364 0.989899218082428 -1 -1 -1 -1 -1 -1 -1 -1 -1
0.5182588696479797 0.6496025323867798 0.2861711382865906 -1 -1 -1 -1 -1 -1 -1 -1 -1
0.5055918097496033 0.6736901998519897 0.914898157119751 -1 -1 -1 -1 -1 -1 -1 -1 -1
0.5162967443466187 0.7429036498069763 0.3400130569934845 -1 -1 -1 -1 -1 -1 -1 -1 -1
0.49339404702186584 0.8034481406211853 0.9235599040985107 -1 -1 -1 -1 -1 -1 -1 -1 -1
0.5081772208213806 0.7558261752128601 0.45935124158859253 -1 -1 -1 -1 -1 -1 -1 -1 -1
0.4839046895503998 0.8219607472419739 0.872541069984436 -1 -1 -1 -1 -1 -1 -1 -1 -1
0.5384274125099182 0.7761170268058777 0.49833354353904724 -1 -1 -1 -1 -1 -1 -1 -1 -1
0.5182098746299744 0.8510726690292358 0.9156992435455322 -1 -1 -1 -1 -1 -1 -1 -1 -1
1 
33 
-1 -1 -1 -1 -1 -1 -1 -1 -1 -1
0.5360136032104492 0.3907163739204407 0.9952184557914734 -1 -1 -1 -1 -1 -1 -1 -1 -1
0.5356016755104065 0.3790163993835449 0.9918738007545471 -1 -1 -1 -1 -1 -1 -1 -1 -1
0.5351902842521667 0.37846750020980835 0.9913625121116638 -1 -1 -1 -1 -1 -1 -1 -1 -1
0.5347086191177368 0.3779336214065552 0.9924943447113037 -1 -1 -1 -1 -1 -1 -1 -1 -1
0.5349987745285034 0.3784041404724121 0.9929471015930176 -1 -1 -1 -1 -1 -1 -1 -1 -1
0.5341370105743408 0.37754732370376587 0.9922113418579102 -1 -1 -1 -1 -1 -1 -1 -1 -1
0.5331152677536011 0.3767050504684448 0.9932199120521545 -1 -1 -1 -1 -1 -1 -1 -1 -1
0.5271773338317871 0.37609565258026123 0.9814682602882385 -1 -1 -1 -1 -1 -1 -1 -1 -1
0.5256884694099426 0.3754645586013794 0.9902002215385437 -1 -1 -1 -1 -1 -1 -1 -1 -1
0.5322327017784119 0.4004160761833191 0.9870303273200989 -1 -1 -1 -1 -1 -1 -1 -1 -1
0.5309880971908569 0.3988441228866577 0.9927695393562317 -1 -1 -1 -1 -1 -1 -1 -1 -1
0.502123236656189 0.4208648204803467 0.9970882534980774 -1 -1 -1 -1 -1 -1 -1 -1 -1
0.5032644867897034 0.4065864682197571 0.9999028444290161 -1 -1 -1 -1 -1 -1 -1 -1 -1
0.49883633852005005 0.4875703752040863 0.061687108129262924 -1 -1 -1 -1 -1 -1 -1 -1 -1
0.5206000208854675 0.46727997064590454 0.9735240936279297 -1 -1 -1 -1 -1 -1 -1 -1 -1
0.520315945148468 0.53361976146698 0.04311824589967728 -1 -1 -1 -1 -1 -1 -1 -1 -1
0.5390514135360718 0.5143224596977234 0.9247270822525024 -1 -1 -1 -1 -1 -1 -1 -1 -1
0.5272173285484314 0.5425284504890442 0.047972407191991806 -1 -1 -1 -1 -1 -1 -1 -1 -1
0.5438450574874878 0.5300729870796204 0.9034473299980164 -1 -1 -1 -1 -1 -1 -1 -1 -1
0.5324928760528564 0.5396226644515991 0.04828880354762077 -1 -1 -1 -1 -1 -1 -1 -1 -1
0.5445954203605652 0.5267695784568787 0.9010946154594421 -1 -1 -1 -1 -1 -1 -1 -1 -1
0.526927649974823 0.5301327705383301 0.055558912456035614 -1 -1 -1 -1 -1 -1 -1 -1 -1
0.5428354740142822 0.5227792263031006 0.8528637886047363 -1 -1 -1 -1 -1 -1 -1 -1 -1
0.48491933941841125 0.56960529088974 0.9932960867881775 -1 -1 -1 -1 -1 -1 -1 -1 -1
0.4780709743499756 0.5738166570663452 0.9979020357131958 -1 -1 -1 -1 -1 -1 -1 -1 -1
0.5202353000640869 0.6543252468109131 0.33277904987335205 -1 -1 -1 -1 -1 -1 -1 -1 -1
0.5088858008384705 0.6714188456535339 0.9306564927101135 -1 -1 -1 -1 -1 -1 -1 -1 -1
0.5239660739898682 0.7292089462280273 0.3798886239528656 -1 -1 -1 -1 -1 -1 -1 -1 -1
0.4924033284187317 0.8044027090072632 0.9265040159225464 -1 -1 -1 -1 -1 -1 -1 -1 -1
0.5227094888687134 0.733479380607605 0.42774447798728943 -1 -1 -1 -1 -1 -1 -1 -1 -1
0.48124638199806213 0.8260868787765503 0.8518503308296204 -1 -1 -1 -1 -1 -1 -1 -1 -1
0.5461727380752563 0.757597804069519 0.5335972905158997 -1 -1 -1 -1 -1 -1 -1 -1 -1
0.5167585015296936 0.8417378067970276 0.9367269277572632 -1 -1 -1 -1 -1 -1 -1 -1 -1
1 
33 
-1 -1 -1 -1 -1 -1 -1 -1 -1 -1
0.5408713817596436 0.42457735538482666 0.9969978332519531 -1 -1 -1 -1 -1 -1 -1 -1 -1
0.5402438044548035 0.41195839643478394 0.9970095157623291 -1 -1 -1 -1 -1 -1 -1 -1 -1
0.5396885871887207 0.41123804450035095 0.9969835877418518 -1 -1 -1 -1 -1 -1 -1 -1 -1
0.5390245914459229 0.41041314601898193 0.997300922870636 -1 -1 -1 -1 -1 -1 -1 -1 -1
0.5398447513580322 0.41147416830062866 0.9966458678245544 -1 -1 -1 -1 -1 -1 -1 -1 -1
0.5390244126319885 0.41065531969070435 0.9968383312225342 -1 -1 -1 -1 -1 -1 -1 -1 -1
0.5380447506904602 0.409803181886673 0.9967352747917175 -1 -1 -1 -1 -1 -1 -1 -1 -1
0.5298362970352173 0.40664350986480713 0.9958426356315613 -1 -1 -1 -1 -1 -1 -1 -1 -1
0.5295794010162354 0.40705737471580505 0.9973927736282349 -1 -1 -1 -1 -1 -1 -1 -1 -1
0.5366680026054382 0.431913822889328 0.9939762353897095 -1 -1 -1 -1 -1 -1 -1 -1 -1
0.5354856252670288 0.4305601119995117 0.995101273059845 -1 -1 -1 -1 -1 -1 -1 -1 -1
0.5030069351196289 0.44685494899749756 0.9974488615989685 -1 -1 -1 -1 -1 -1 -1 -1 -1
0.5020567774772644 0.44206681847572327 0.999561607837677 -1 -1 -1 -1 -1 -1 -1 -1 -1
0.5173848867416382 0.49179863929748535 0.044562339782714844 -1 -1 -1 -1 -1 -1 -1 -1 -1
0.5248638987541199 0.5136265754699707 0.7848093509674072 -1 -1 -1 -1 -1 -1 -1 -1 -1
0.5302274823188782 0.4984990358352661 0.01907869055867195 -1 -1 -1 -1 -1 -1 -1 -1 -1
0.5306118726730347 0.4900900721549988 0.3153400421142578 -1 -1 -1 -1 -1 -1 -1 -1 -1
0.5345076322555542 0.5010055303573608 0.02494274079799652 -1 -1 -1 -1 -1 -1 -1 -1 -1
0.5348796248435974 0.4920036494731903 0.27709636092185974 -1 -1 -1 -1 -1 -1 -1 -1 -1
0.5302890539169312 0.49743181467056274 0.026498284190893173 -1 -1 -1 -1 -1 -1 -1 -1 -1
0.5332039594650269 0.4918985962867737 0.27614057064056396 -1 -1 -1 -1 -1 -1 -1 -1 -1
0.5286885499954224 0.4911113381385803 0.03308762609958649 -1 -1 -1 -1 -1 -1 -1 -1 -1
0.5301028490066528 0.490168035030365 0.25976458191871643 -1 -1 -1 -1 -1 -1 -1 -1 -1
0.4803067445755005 0.5956354141235352 0.9943192601203918 -1 -1 -1 -1 -1 -1 -1 -1 -1
0.4708811044692993 0.5989916920661926 0.9914895296096802 -1 -1 -1 -1 -1 -1 -1 -1 -1
0.5158930420875549 0.6810803413391113 0.2400272637605667 -1 -1 -1 -1 -1 -1 -1 -1 -1
0.5134665966033936 0.685742199420929 0.9037030339241028 -1 -1 -1 -1 -1 -1 -1 -1 -1
0.49907025694847107 0.79617840051651 0.3667099177837372 -1 -1 -1 -1 -1 -1 -1 -1 -1
0.4913174510002136 0.8161118626594543 0.8612788319587708 -1 -1 -1 -1 -1 -1 -1 -1 -1
0.4840429723262787 0.8255485892295837 0.4638032913208008 -1 -1 -1 -1 -1 -1 -1 -1 -1
0.4808114171028137 0.8332692980766296 0.8114831447601318 -1 -1 -1 -1 -1 -1 -1 -1 -1
0.5210376977920532 0.8305612206459045 0.47586753964424133 -1 -1 -1 -1 -1 -1 -1 -1 -1
0.5164286494255066 0.8524293303489685 0.8538066744804382 -1 -1 -1 -1 -1 -1 -1 -1 -1
1 
33 
-1 -1 -1 -1 -1 -1 -1 -1 -1 -1
0.5408154726028442 0.4643755555152893 0.9986496567726135 -1 -1 -1 -1 -1 -1 -1 -1 -1
0.5413886308670044 0.4508533477783203 0.9986510872840881 -1 -1 -1 -1 -1 -1 -1 -1 -1
0.5409293174743652 0.4501473009586334 0.9987719655036926 -1 -1 -1 -1 -1 -1 -1 -1 -1
0.5403993725776672 0.4493405520915985 0.9989200830459595 -1 -1 -1 -1 -1 -1 -1 -1 -1
0.5409538149833679 0.4505448043346405 0.9983161687850952 -1 -1 -1 -1 -1 -1 -1 -1 -1
0.5402276515960693 0.44968217611312866 0.998471200466156 -1 -1 -1 -1 -1 -1 -1 -1 -1
0.539433479309082 0.4487691819667816 0.9983652234077454 -1 -1 -1 -1 -1 -1 -1 -1 -1
0.5320129990577698 0.44533371925354004 0.9994269609451294 -1 -1 -1 -1 -1 -1 -1 -1 -1
0.5311805009841919 0.4455907344818115 0.9979822635650635 -1 -1 -1 -1 -1 -1 -1 -1 -1
0.5361835360527039 0.4727516174316406 0.996692419052124 -1 -1 -1 -1 -1 -1 -1 -1 -1
0.5354173183441162 0.4722205400466919 0.9965254664421082 -1 -1 -1 -1 -1 -1 -1 -1 -1
0.5032166242599487 0.47388607263565063 0.9986238479614258 -1 -1 -1 -1 -1 -1 -1 -1 -1
0.505958616733551 0.47422486543655396 0.9996011853218079 -1 -1 -1 -1 -1 -1 -1 -1 -1
0.48102936148643494 0.5230079293251038 0.031406108289957047 -1 -1 -1 -1 -1 -1 -1 -1 -1
0.4977254569530487 0.48820430040359497 0.8258579969406128 -1 -1 -1 -1 -1 -1 -1 -1 -1
0.483909010887146 0.5554028749465942 0.016214147210121155 -1 -1 -1 -1 -1 -1 -1 -1 -1
0.5119180679321289 0.4695928394794464 0.6986214518547058 -1 -1 -1 -1 -1 -1 -1 -1 -1
0.48257893323898315 0.5681794881820679 0.026507042348384857 -1 -1 -1 -1 -1 -1 -1 -1 -1
0.5150863528251648 0.46699219942092896 0.747246265411377 -1 -1 -1 -1 -1 -1 -1 -1 -1
0.48585808277130127 0.5645309686660767 0.027050679549574852 -1 -1 -1 -1 -1 -1 -1 -1 -1
0.517116129398346 0.4613509774208069 0.7462538480758667 -1 -1 -1 -1 -1 -1 -1 -1 -1
0.48651838302612305 0.5597705245018005 0.029359638690948486 -1 -1 -1 -1 -1 -1 -1 -1 -1
0.5151311159133911 0.4632951319217682 0.6549814939498901 -1 -1 -1 -1 -1 -1 -1 -1 -1
0.47136127948760986 0.6174206733703613 0.9980177879333496 -1 -1 -1 -1 -1 -1 -1 -1 -1
0.46355104446411133 0.6235688328742981 0.9983277916908264 -1 -1 -1 -1 -1 -1 -1 -1 -1
0.5248568058013916 0.6842030882835388 0.6339824795722961 -1 -1 -1 -1 -1 -1 -1 -1 -1
0.5172914862632751 0.7025406956672668 0.9798622727394104 -1 -1 -1 -1 -1 -1 -1 -1 -1
0.5341410636901855 0.7719026803970337 0.7776989936828613 -1 -1 -1 -1 -1 -1 -1 -1 -1
0.4913818836212158 0.8216515183448792 0.9817035794258118 -1 -1 -1 -1 -1 -1 -1 -1 -1
0.5330482721328735 0.7698169946670532 0.7796801924705505 -1 -1 -1 -1 -1 -1 -1 -1 -1
0.48051097989082336 0.8381469249725342 0.9586229920387268 -1 -1 -1 -1 -1 -1 -1 -1 -1
0.5643160939216614 0.8044917583465576 0.7902849912643433 -1 -1 -1 -1 -1 -1 -1 -1 -1
0.5158864855766296 0.8566304445266724 0.9649556875228882 -1 -1 -1 -1 -1 -1 -1 -1 -1
1 
33 
-1 -1 -1 -1 -1 -1 -1 -1 -1 -1
0.5405424237251282 0.49553942680358887 0.9996694326400757 -1 -1 -1 -1 -1 -1 -1 -1 -1
0.54009610414505 0.4825102388858795 0.9997847676277161 -1 -1 -1 -1 -1 -1 -1 -1 -1
0.5392469763755798 0.4817044734954834 0.9997780919075012 -1 -1 -1 -1 -1 -1 -1 -1 -1
0.5382775068283081 0.4808467626571655 0.99982088804245 -1 -1 -1 -1 -1 -1 -1 -1 -1
0.5400048494338989 0.48288217186927795 0.9997988343238831 -1 -1 -1 -1 -1 -1 -1 -1 -1
0.5391752123832703 0.4825200140476227 0.9998176693916321 -1 -1 -1 -1 -1 -1 -1 -1 -1
0.5382524728775024 0.4821016490459442 0.9998114705085754 -1 -1 -1 -1 -1 -1 -1 -1 -1
0.5290343761444092 0.47946423292160034 0.999884843826294 -1 -1 -1 -1 -1 -1 -1 -1 -1
0.5293083786964417 0.47963637113571167 0.9997220635414124 -1 -1 -1 -1 -1 -1 -1 -1 -1
0.5339254140853882 0.5014400482177734 0.9992577433586121 -1 -1 -1 -1 -1 -1 -1 -1 -1
0.534267246723175 0.5019963979721069 0.9992449283599854 -1 -1 -1 -1 -1 -1 -1 -1 -1
0.5015233755111694 0.5101898312568665 0.9993811845779419 -1 -1 -1 -1 -1 -1 -1 -1 -1
0.494695246219635 0.5101311206817627 0.999600350856781 -1 -1 -1 -1 -1 -1 -1 -1 -1
0.48831433057785034 0.5114071369171143 0.0759141594171524 -1 -1 -1 -1 -1 -1 -1 -1 -1
0.4952804744243622 0.5232080221176147 0.5763188004493713 -1 -1 -1 -1 -1 -1 -1 -1 -1
0.4939838647842407 0.4881514310836792 0.13106107711791992 -1 -1 -1 -1 -1 -1 -1 -1 -1
0.49848052859306335 0.47188669443130493 0.6654222011566162 -1 -1 -1 -1 -1 -1 -1 -1 -1
0.4936061501502991 0.48735421895980835 0.18358390033245087 -1 -1 -1 -1 -1 -1 -1 -1 -1
0.5004229545593262 0.4624965786933899 0.7093497514724731 -1 -1 -1 -1 -1 -1 -1 -1 -1
0.495422899723053 0.48217934370040894 0.193184956908226 -1 -1 -1 -1 -1 -1 -1 -1 -1
0.4991004168987274 0.4537055492401123 0.7201711535453796 -1 -1 -1 -1 -1 -1 -1 -1 -1
0.4962238669395447 0.48217475414276123 0.18662011623382568 -1 -1 -1 -1 -1 -1 -1 -1 -1
0.49808457493782043 0.45687800645828247 0.6068916320800781 -1 -1 -1 -1 -1 -1 -1 -1 -1
0.5012878775596619 0.6467271447181702 0.9998859167098999 -1 -1 -1 -1 -1 -1 -1 -1 -1
0.4895867705345154 0.6590899229049683 0.9999388456344604 -1 -1 -1 -1 -1 -1 -1 -1 -1
0.5589205622673035 0.6616360545158386 0.8847657442092896 -1 -1 -1 -1 -1 -1 -1 -1 -1
0.5196113586425781 0.7110815644264221 0.9784330129623413 -1 -1 -1 -1 -1 -1 -1 -1 -1
0.5422974824905396 0.7332568764686584 0.9098995923995972 -1 -1 -1 -1 -1 -1 -1 -1 -1
0.4903161823749542 0.8270912766456604 0.9886425137519836 -1 -1 -1 -1 -1 -1 -1 -1 -1
0.5338292121887207 0.7416674494743347 0.8848456740379333 -1 -1 -1 -1 -1 -1 -1 -1 -1
0.48061203956604004 0.845590353012085 0.9642417430877686 -1 -1 -1 -1 -1 -1 -1 -1 -1
0.5579957962036133 0.7618387341499329 0.9067246913909912 -1 -1 -1 -1 -1 -1 -1 -1 -1
0.5128191709518433 0.8621681928634644 0.9865326881408691 -1 -1 -1 -1 -1 -1 -1 -1 -1
1 
33 
-1 -1 -1 -1 -1 -1 -1 -1 -1 -1
0.5443458557128906 0.5369118452072144 0.9993440508842468 -1 -1 -1 -1 -1 -1 -1 -1 -1
0.5439127683639526 0.5254834294319153 0.999461829662323 -1 -1 -1 -1 -1 -1 -1 -1 -1
0.5431828498840332 0.5246915221214294 0.9992777705192566 -1 -1 -1 -1 -1 -1 -1 -1 -1
0.5420581102371216 0.5227312445640564 0.9994891881942749 -1 -1 -1 -1 -1 -1 -1 -1 -1
0.5434678792953491 0.5261859893798828 0.9996758699417114 -1 -1 -1 -1 -1 -1 -1 -1 -1
0.5425405502319336 0.5260401964187622 0.9996521472930908 -1 -1 -1 -1 -1 -1 -1 -1 -1
0.5413475632667542 0.5258569717407227 0.9997162222862244 -1 -1 -1 -1 -1 -1 -1 -1 -1
0.5296717286109924 0.5201616287231445 0.9993665814399719 -1 -1 -1 -1 -1 -1 -1 -1 -1
0.5302922129631042 0.5218561887741089 0.9996801614761353 -1 -1 -1 -1 -1 -1 -1 -1 -1
0.5386240482330322 0.5435440540313721 0.9984257221221924 -1 -1 -1 -1 -1 -1 -1 -1 -1
0.5382485389709473 0.543693482875824 0.9991356730461121 -1 -1 -1 -1 -1 -1 -1 -1 -1
0.49982041120529175 0.5290179252624512 0.9989532232284546 -1 -1 -1 -1 -1 -1 -1 -1 -1
0.5004563331604004 0.5511202216148376 0.9997350573539734 -1 -1 -1 -1 -1 -1 -1 -1 -1
0.48575207591056824 0.5019187331199646 0.2134743183851242 -1 -1 -1 -1 -1 -1 -1 -1 -1
0.492851585149765 0.5450442433357239 0.7805608510971069 -1 -1 -1 -1 -1 -1 -1 -1 -1
0.476883202791214 0.4609217345714569 0.23408734798431396 -1 -1 -1 -1 -1 -1 -1 -1 -1
0.48307207226753235 0.4985116124153137 0.5709964036941528 -1 -1 -1 -1 -1 -1 -1 -1 -1
0.47303786873817444 0.45157673954963684 0.2853552997112274 -1 -1 -1 -1 -1 -1 -1 -1 -1
0.4820350110530853 0.4885787069797516 0.5589994192123413 -1 -1 -1 -1 -1 -1 -1 -1 -1
0.4726395010948181 0.4464360773563385 0.29854094982147217 -1 -1 -1 -1 -1 -1 -1 -1 -1
0.4774635434150696 0.4676135182380676 0.5869597792625427 -1 -1 -1 -1 -1 -1 -1 -1 -1
0.4739883840084076 0.44766753911972046 0.28025808930397034 -1 -1 -1 -1 -1 -1 -1 -1 -1
0.47970062494277954 0.4847814440727234 0.4879946708679199 -1 -1 -1 -1 -1 -1 -1 -1 -1
0.506322979927063 0.6621493101119995 0.9995501637458801 -1 -1 -1 -1 -1 -1 -1 -1 -1
0.49788525700569153 0.6775216460227966 0.9999240636825562 -1 -1 -1 -1 -1 -1 -1 -1 -1
0.5518256425857544 0.6857621669769287 0.6041043996810913 -1 -1 -1 -1 -1 -1 -1 -1 -1
0.5209717154502869 0.7150583863258362 0.9677534699440002 -1 -1 -1 -1 -1 -1 -1 -1 -1
0.5369402766227722 0.7320277094841003 0.6159288883209229 -1 -1 -1 -1 -1 -1 -1 -1 -1
0.49132513999938965 0.827670693397522 0.9683471322059631 -1 -1 -1 -1 -1 -1 -1 -1 -1
0.5307353734970093 0.737739622592926 0.6013194918632507 -1 -1 -1 -1 -1 -1 -1 -1 -1
0.48297062516212463 0.843381941318512 0.9325222969055176 -1 -1 -1 -1 -1 -1 -1 -1 -1
0.5472995042800903 0.749142050743103 0.6451097130775452 -1 -1 -1 -1 -1 -1 -1 -1 -1
0.5098550915718079 0.8529036641120911 0.9648196697235107 -1 -1 -1 -1 -1 -1 -1 -1 -1
1 
33 
-1 -1 -1 -1 -1 -1 -1 -1 -1 -1
0.5317575335502625 0.5899522304534912 1.0 -1 -1 -1 -1 -1 -1 -1 -1 -1
0.5351399183273315 0.5877735614776611 1.0 -1 -1 -1 -1 -1 -1 -1 -1 -1
0.5370020866394043 0.5887987613677979 1.0 -1 -1 -1 -1 -1 -1 -1 -1 -1
0.5390264391899109 0.5899432301521301 1.0 -1 -1 -1 -1 -1 -1 -1 -1 -1
0.5309261679649353 0.5830216407775879 1.0 -1 -1 -1 -1 -1 -1 -1 -1 -1
0.5293733477592468 0.5813340544700623 1.0 -1 -1 -1 -1 -1 -1 -1 -1 -1
0.5281728506088257 0.5796970129013062 1.0 -1 -1 -1 -1 -1 -1 -1 -1 -1
0.5405623912811279 0.5915056467056274 1.0 -1 -1 -1 -1 -1 -1 -1 -1 -1
0.5232352614402771 0.5717527270317078 1.0 -1 -1 -1 -1 -1 -1 -1 -1 -1
0.5344809293746948 0.5968928933143616 1.0 -1 -1 -1 -1 -1 -1 -1 -1 -1
0.5279242992401123 0.5911111831665039 1.0 -1 -1 -1 -1 -1 -1 -1 -1 -1
0.5427780151367188 0.6050137281417847 1.0 -1 -1 -1 -1 -1 -1 -1 -1 -1
0.5214806199073792 0.5991488695144653 1.0 -1 -1 -1 -1 -1 -1 -1 -1 -1
0.5351842045783997 0.6303758025169373 0.11932000517845154 -1 -1 -1 -1 -1 -1 -1 -1 -1
0.5081613659858704 0.647006094455719 0.0008449197048321366 -1 -1 -1 -1 -1 -1 -1 -1 -1
0.5252313017845154 0.6425557732582092 0.01697687990963459 -1 -1 -1 -1 -1 -1 -1 -1 -1
0.4985314607620239 0.6600510478019714 1.7714666000756552e-06 -1 -1 -1 -1 -1 -1 -1 -1 -1
0.5263301730155945 0.6600229740142822 0.16815678775310516 -1 -1 -1 -1 -1 -1 -1 -1 -1
0.4946650266647339 0.6750901341438293 3.51549829247233e-06 -1 -1 -1 -1 -1 -1 -1 -1 -1
0.5249381065368652 0.6591230630874634 0.2658050060272217 -1 -1 -1 -1 -1 -1 -1 -1 -1
0.5012157559394836 0.6752267479896545 3.295318310847506e-05 -1 -1 -1 -1 -1 -1 -1 -1 -1
0.523783802986145 0.6531201004981995 0.25873810052871704 -1 -1 -1 -1 -1 -1 -1 -1 -1
0.5024169087409973 0.6681818962097168 8.525206794729456e-05 -1 -1 -1 -1 -1 -1 -1 -1 -1
0.5325384140014648 0.6495612263679504 0.015022768639028072 -1 -1 -1 -1 -1 -1 -1 -1 -1
0.5185086727142334 0.6476356983184814 0.0016970104770734906 -1 -1 -1 -1 -1 -1 -1 -1 -1
0.5271518230438232 0.6852802038192749 0.0008160130819305778 -1 -1 -1 -1 -1 -1 -1 -1 -1
0.5069896578788757 0.6810946464538574 0.0002724672085605562 -1 -1 -1 -1 -1 -1 -1 -1 -1
0.5153648257255554 0.7132630348205566 0.0019962890073657036 -1 -1 -1 -1 -1 -1 -1 -1 -1
0.5005538463592529 0.699169397354126 9.659495844971389e-05 -1 -1 -1 -1 -1 -1 -1 -1 -1
0.511365532875061 0.7155189514160156 0.00038904178654775023 -1 -1 -1 -1 -1 -1 -1 -1 -1
0.500000536441803 0.7132146954536438 9.90016560535878e-05 -1 -1 -1 -1 -1 -1 -1 -1 -1
0.5165748596191406 0.7314491271972656 0.0009355453657917678 -1 -1 -1 -1 -1 -1 -1 -1 -1
0.5057560801506042 0.7133827805519104 5.9437999880174175e-05 -1 -1 -1 -1 -1 -1 -1 -1 -1
1 
33 
-1 -1 -1 -1 -1 -1 -1 -1 -1 -1
0.5419327020645142 0.7510097026824951 0.9638950228691101 -1 -1 -1 -1 -1 -1 -1 -1 -1
0.5465387105941772 0.7459208965301514 0.9729843735694885 -1 -1 -1 -1 -1 -1 -1 -1 -1
0.5470778346061707 0.7442759275436401 0.9757180213928223 -1 -1 -1 -1 -1 -1 -1 -1 -1
0.547566294670105 0.7426276803016663 0.9798616170883179 -1 -1 -1 -1 -1 -1 -1 -1 -1
0.5451266169548035 0.748417854309082 0.9696584939956665 -1 -1 -1 -1 -1 -1 -1 -1 -1
0.5446043014526367 0.7484991550445557 0.9698320627212524 -1 -1 -1 -1 -1 -1 -1 -1 -1
0.544082760810852 0.7486094236373901 0.9719294905662537 -1 -1 -1 -1 -1 -1 -1 -1 -1
0.5474504232406616 0.7348117828369141 0.9741576313972473 -1 -1 -1 -1 -1 -1 -1 -1 -1
0.5432271361351013 0.7416659593582153 0.9728963375091553 -1 -1 -1 -1 -1 -1 -1 -1 -1
0.5395565032958984 0.7463240623474121 0.9737971425056458 -1 -1 -1 -1 -1 -1 -1 -1 -1
0.5374987125396729 0.7489351034164429 0.9520052671432495 -1 -1 -1 -1 -1 -1 -1 -1 -1
0.5277789235115051 0.72951340675354 0.9960247278213501 -1 -1 -1 -1 -1 -1 -1 -1 -1
0.5296546816825867 0.7324478626251221 0.9993094205856323 -1 -1 -1 -1 -1 -1 -1 -1 -1
0.5134514570236206 0.7318028807640076 0.016048314049839973 -1 -1 -1 -1 -1 -1 -1 -1 -1
0.49893051385879517 0.7565820813179016 0.9044913053512573 -1 -1 -1 -1 -1 -1 -1 -1 -1
0.4976479411125183 0.7535898685455322 0.08631020039319992 -1 -1 -1 -1 -1 -1 -1 -1 -1
0.48501116037368774 0.8302852511405945 0.9297478199005127 -1 -1 -1 -1 -1 -1 -1 -1 -1
0.49662524461746216 0.7596924304962158 0.10624522715806961 -1 -1 -1 -1 -1 -1 -1 -1 -1
0.48713418841362 0.8484522104263306 0.9386417865753174 -1 -1 -1 -1 -1 -1 -1 -1 -1
0.4955905079841614 0.7615599036216736 0.11507081240415573 -1 -1 -1 -1 -1 -1 -1 -1 -1
0.489097535610199 0.8527201414108276 0.9275110960006714 -1 -1 -1 -1 -1 -1 -1 -1 -1
0.4955734610557556 0.7584485411643982 0.11388830840587616 -1 -1 -1 -1 -1 -1 -1 -1 -1
0.4911819100379944 0.8455700874328613 0.8765873908996582 -1 -1 -1 -1 -1 -1 -1 -1 -1
0.4955267310142517 0.613539457321167 0.999911904335022 -1 -1 -1 -1 -1 -1 -1 -1 -1
0.4982704222202301 0.606873095035553 0.9999498128890991 -1 -1 -1 -1 -1 -1 -1 -1 -1
0.49653953313827515 0.630733072757721 0.8834560513496399 -1 -1 -1 -1 -1 -1 -1 -1 -1
0.5041927695274353 0.579640805721283 0.9401720762252808 -1 -1 -1 -1 -1 -1 -1 -1 -1
0.47305893898010254 0.5844454765319824 0.8595800995826721 -1 -1 -1 -1 -1 -1 -1 -1 -1
0.44366002082824707 0.5530563592910767 0.8552696704864502 -1 -1 -1 -1 -1 -1 -1 -1 -1
0.46923795342445374 0.5775281190872192 0.9722133874893188 -1 -1 -1 -1 -1 -1 -1 -1 -1
0.43705371022224426 0.5538978576660156 0.9483609199523926 -1 -1 -1 -1 -1 -1 -1 -1 -1
0.4673536717891693 0.5731501579284668 0.9580378532409668 -1 -1 -1 -1 -1 -1 -1 -1 -1
0.42180028557777405 0.5384021997451782 0.9147427082061768 -1 -1 -1 -1 -1 -1 -1 -1 -1
1 
