25
1 
33 
-1 -1 -1 -1 -1 -1 -1 -1 -1 -1
0.5441900491714478 0.35764771699905396 0.9998036026954651 -1 -1 -1 -1 -1 -1 -1 -1 -1
0.5420477986335754 0.3456796705722809 0.9997884631156921 -1 -1 -1 -1 -1 -1 -1 -1 -1
0.541582465171814 0.34539103507995605 0.9996851682662964 -1 -1 -1 -1 -1 -1 -1 -1 -1
0.5410550832748413 0.3450888991355896 0.9997876286506653 -1 -1 -1 -1 -1 -1 -1 -1 -1
0.5406947731971741 0.3444646894931793 0.9997739195823669 -1 -1 -1 -1 -1 -1 -1 -1 -1
0.5393158793449402 0.34331977367401123 0.999782145023346 -1 -1 -1 -1 -1 -1 -1 -1 -1
0.5377525091171265 0.34205108880996704 0.9998403787612915 -1 -1 -1 -1 -1 -1 -1 -1 -1
0.5320411920547485 0.34539109468460083 0.9998348951339722 -1 -1 -1 -1 -1 -1 -1 -1 -1
0.5280660390853882 0.3421276807785034 0.9997698664665222 -1 -1 -1 -1 -1 -1 -1 -1 -1
0.5395253896713257 0.3662681579589844 0.9995930790901184 -1 -1 -1 -1 -1 -1 -1 -1 -1
0.5380459427833557 0.3642667531967163 0.9994871616363525 -1 -1 -1 -1 -1 -1 -1 -1 -1
0.5229378938674927 0.38369572162628174 0.9986459612846375 -1 -1 -1 -1 -1 -1 -1 -1 -1
0.5119783878326416 0.37226685881614685 0.9995380640029907 -1 -1 -1 -1 -1 -1 -1 -1 -1
0.5345708727836609 0.323467493057251 0.286498099565506 -1 -1 -1 -1 -1 -1 -1 -1 -1
0.5258263349533081 0.3165852427482605 0.9710915088653564 -1 -1 -1 -1 -1 -1 -1 -1 -1
0.5137103199958801 0.2787652313709259 0.37861761450767517 -1 -1 -1 -1 -1 -1 -1 -1 -1
0.5037093162536621 0.2692126929759979 0.9712056517601013 -1 -1 -1 -1 -1 -1 -1 -1 -1
0.5017759203910828 0.2674347162246704 0.36212214827537537 -1 -1 -1 -1 -1 -1 -1 -1 -1
0.4932859539985657 0.25923779606819153 0.9663950800895691 -1 -1 -1 -1 -1 -1 -1 -1 -1
0.49979135394096375 0.2648426592350006 0.36592233180999756 -1 -1 -1 -1 -1 -1 -1 -1 -1
0.4929726719856262 0.2591266930103302 0.9636846780776978 -1 -1 -1 -1 -1 -1 -1 -1 -1
0.5035353302955627 0.27076995372772217 0.3654988408088684 -1 -1 -1 -1 -1 -1 -1 -1 -1
0.49564823508262634 0.26358094811439514 0.9467675685882568 -1 -1 -1 -1 -1 -1 -1 -1 -1
0.49169471859931946 0.5517721772193909 0.9997424483299255 -1 -1 -1 -1 -1 -1 -1 -1 -1
0.48051223158836365 0.5486906170845032 0.9996693134307861 -1 -1 -1 -1 -1 -1 -1 -1 -1
0.5265439748764038 0.6628012657165527 0.5128446817398071 -1 -1 -1 -1 -1 -1 -1 -1 -1
0.5237147212028503 0.6511375308036804 0.9876232147216797 -1 -1 -1 -1 -1 -1 -1 -1 -1
0.5196134448051453 0.805573582649231 0.622689425945282 -1 -1 -1 -1 -1 -1 -1 -1 -1
0.4977318346500397 0.7828496098518372 0.9816527962684631 -1 -1 -1 -1 -1 -1 -1 -1 -1
0.5092388391494751 0.8228605389595032 0.6280518174171448 -1 -1 -1 -1 -1 -1 -1 -1 -1
0.4836689233779907 0.8029301762580872 0.9630173444747925 -1 -1 -1 -1 -1 -1 -1 -1 -1
0.5460832715034485 0.8507086634635925 0.6890133619308472 -1 -1 -1 -1 -1 -1 -1 -1 -1
0.5192021131515503 0.8446396589279175 0.9683248400688171 -1 -1 -1 -1 -1 -1 -1 -1 -1
1 
33 
-1 -1 -1 -1 -1 -1 -1 -1 -1 -1
0.4748361110687256 0.6734977960586548 0.999359667301178 -1 -1 -1 -1 -1 -1 -1 -1 -1
0.47910696268081665 0.6817466616630554 0.999546468257904 -1 -1 -1 -1 -1 -1 -1 -1 -1
0.4792969226837158 0.6815831065177917 0.9990432858467102 -1 -1 -1 -1 -1 -1 -1 -1 -1
0.4794658422470093 0.6813063621520996 0.9995829463005066 -1 -1 -1 -1 -1 -1 -1 -1 -1
0.4809073209762573 0.6820968985557556 0.9997454285621643 -1 -1 -1 -1 -1 -1 -1 -1 -1
0.48253393173217773 0.6819504499435425 0.9996253252029419 -1 -1 -1 -1 -1 -1 -1 -1 -1
0.4841615557670593 0.6818174123764038 0.9997566342353821 -1 -1 -1 -1 -1 -1 -1 -1 -1
0.48706135153770447 0.6755333542823792 0.9992613196372986 -1 -1 -1 -1 -1 -1 -1 -1 -1
0.49328479170799255 0.6754222512245178 0.9997822642326355 -1 -1 -1 -1 -1 -1 -1 -1 -1
0.47616052627563477 0.6625447273254395 0.9989610910415649 -1 -1 -1 -1 -1 -1 -1 -1 -1
0.4782262146472931 0.6625203490257263 0.9987801909446716 -1 -1 -1 -1 -1 -1 -1 -1 -1
0.4903689920902252 0.627082347869873 0.9985843896865845 -1 -1 -1 -1 -1 -1 -1 -1 -1
0.5019996762275696 0.6410704255104065 0.9994912147521973 -1 -1 -1 -1 -1 -1 -1 -1 -1
0.4697335362434387 0.6749533414840698 0.05290680751204491 -1 -1 -1 -1 -1 -1 -1 -1 -1
0.48150312900543213 0.7092511057853699 0.9461532831192017 -1 -1 -1 -1 -1 -1 -1 -1 -1
0.4753313660621643 0.7540467381477356 0.1610339879989624 -1 -1 -1 -1 -1 -1 -1 -1 -1
0.49091029167175293 0.7734715938568115 0.9215783476829529 -1 -1 -1 -1 -1 -1 -1 -1 -1
0.47813692688941956 0.7737305164337158 0.17302978038787842 -1 -1 -1 -1 -1 -1 -1 -1 -1
0.49407413601875305 0.784955620765686 0.9204109311103821 -1 -1 -1 -1 -1 -1 -1 -1 -1
0.484973669052124 0.7759319543838501 0.17098091542720795 -1 -1 -1 -1 -1 -1 -1 -1 -1
0.4945804476737976 0.7821272611618042 0.903831958770752 -1 -1 -1 -1 -1 -1 -1 -1 -1
0.48458027839660645 0.7694071531295776 0.17577147483825684 -1 -1 -1 -1 -1 -1 -1 -1 -1
0.4946398437023163 0.7760971784591675 0.8412389159202576 -1 -1 -1 -1 -1 -1 -1 -1 -1
0.48724693059921265 0.4558526873588562 0.9999697208404541 -1 -1 -1 -1 -1 -1 -1 -1 -1
0.49526044726371765 0.4638511538505554 0.9999688863754272 -1 -1 -1 -1 -1 -1 -1 -1 -1
0.4880370497703552 0.36873066425323486 0.807155966758728 -1 -1 -1 -1 -1 -1 -1 -1 -1
0.5121062397956848 0.3866008520126343 0.9267968535423279 -1 -1 -1 -1 -1 -1 -1 -1 -1
0.5381608009338379 0.33695805072784424 0.7058565616607666 -1 -1 -1 -1 -1 -1 -1 -1 -1
0.5369874835014343 0.29765766859054565 0.9255437850952148 -1 -1 -1 -1 -1 -1 -1 -1 -1
0.5472750663757324 0.34043776988983154 0.8238120675086975 -1 -1 -1 -1 -1 -1 -1 -1 -1
0.5435618162155151 0.2924986183643341 0.9570721387863159 -1 -1 -1 -1 -1 -1 -1 -1 -1
0.5473125576972961 0.3088982105255127 0.8928099870681763 -1 -1 -1 -1 -1 -1 -1 -1 -1
0.5351300239562988 0.25118696689605713 0.9742799401283264 -1 -1 -1 -1 -1 -1 -1 -1 -1
1 
33 
-1 -1 -1 -1 -1 -1 -1 -1 -1 -1
0.5446485877037048 0.35437941551208496 0.9916233420372009 -1 -1 -1 -1 -1 -1 -1 -1 -1
0.5474562048912048 0.3428589701652527 0.9913322329521179 -1 -1 -1 -1 -1 -1 -1 -1 -1
0.5471529364585876 0.34206652641296387 0.991268515586853 -1 -1 -1 -1 -1 -1 -1 -1 -1
0.5467965006828308 0.3410837650299072 0.9925419092178345 -1 -1 -1 -1 -1 -1 -1 -1 -1
0.5466026663780212 0.3408394455909729 0.9918438792228699 -1 -1 -1 -1 -1 -1 -1 -1 -1
0.5456922054290771 0.33866095542907715 0.9925552010536194 -1 -1 -1 -1 -1 -1 -1 -1 -1
0.5447461605072021 0.33620503544807434 0.9925285577774048 -1 -1 -1 -1 -1 -1 -1 -1 -1
0.5395040512084961 0.3330634832382202 0.9883493185043335 -1 -1 -1 -1 -1 -1 -1 -1 -1
0.5374337434768677 0.3274364471435547 0.9924821257591248 -1 -1 -1 -1 -1 -1 -1 -1 -1
0.5393506288528442 0.35729143023490906 0.9807909727096558 -1 -1 -1 -1 -1 -1 -1 -1 -1
0.5382131338119507 0.3550555109977722 0.9821081757545471 -1 -1 -1 -1 -1 -1 -1 -1 -1
0.5230880975723267 0.3631237745285034 0.9792831540107727 -1 -1 -1 -1 -1 -1 -1 -1 -1
0.512355625629425 0.341878205537796 0.9972162246704102 -1 -1 -1 -1 -1 -1 -1 -1 -1
0.5626799464225769 0.32797014713287354 0.09053332358598709 -1 -1 -1 -1 -1 -1 -1 -1 -1
0.5588750243186951 0.31186145544052124 0.9866641759872437 -1 -1 -1 -1 -1 -1 -1 -1 -1
0.5986321568489075 0.2762543559074402 0.15920032560825348 -1 -1 -1 -1 -1 -1 -1 -1 -1
0.5986115336418152 0.26091623306274414 0.9652019739151001 -1 -1 -1 -1 -1 -1 -1 -1 -1
0.5987881422042847 0.26513683795928955 0.2014041393995285 -1 -1 -1 -1 -1 -1 -1 -1 -1
0.6025022268295288 0.2542702853679657 0.9526525735855103 -1 -1 -1 -1 -1 -1 -1 -1 -1
0.5966052412986755 0.25813376903533936 0.21151325106620789 -1 -1 -1 -1 -1 -1 -1 -1 -1
0.6011883020401001 0.25395965576171875 0.9441307187080383 -1 -1 -1 -1 -1 -1 -1 -1 -1
0.5953276753425598 0.2596670985221863 0.22849690914154053 -1 -1 -1 -1 -1 -1 -1 -1 -1
0.6004374027252197 0.25560262799263 0.9098898768424988 -1 -1 -1 -1 -1 -1 -1 -1 -1
0.4644051790237427 0.48408111929893494 0.9956705570220947 -1 -1 -1 -1 -1 -1 -1 -1 -1
0.4582172632217407 0.47433674335479736 0.9969066977500916 -1 -1 -1 -1 -1 -1 -1 -1 -1
0.4799816310405731 0.6236687898635864 0.39139458537101746 -1 -1 -1 -1 -1 -1 -1 -1 -1
0.46737971901893616 0.6051828265190125 0.9885828495025635 -1 -1 -1 -1 -1 -1 -1 -1 -1
0.47578543424606323 0.7404055595397949 0.4974275231361389 -1 -1 -1 -1 -1 -1 -1 -1 -1
0.4676264226436615 0.7446009516716003 0.9902948141098022 -1 -1 -1 -1 -1 -1 -1 -1 -1
0.46841633319854736 0.7588522434234619 0.4935738742351532 -1 -1 -1 -1 -1 -1 -1 -1 -1
0.4628523290157318 0.7629556655883789 0.9823089241981506 -1 -1 -1 -1 -1 -1 -1 -1 -1
0.4969191551208496 0.7685322761535645 0.5895429253578186 -1 -1 -1 -1 -1 -1 -1 -1 -1
0.49119460582733154 0.7775250673294067 0.973404586315155 -1 -1 -1 -1 -1 -1 -1 -1 -1
1 
33 
-1 -1 -1 -1 -1 -1 -1 -1 -1 -1
0.4267770051956177 0.6163620948791504 0.9979503750801086 -1 -1 -1 -1 -1 -1 -1 -1 -1
0.42595386505126953 0.6240484714508057 0.997900128364563 -1 -1 -1 -1 -1 -1 -1 -1 -1
0.4294489026069641 0.6268197894096375 0.9967527985572815 -1 -1 -1 -1 -1 -1 -1 -1 -1
0.4291553795337677 0.6254721879959106 0.9978263974189758 -1 -1 -1 -1 -1 -1 -1 -1 -1
0.4271937310695648 0.6253936290740967 0.9986555576324463 -1 -1 -1 -1 -1 -1 -1 -1 -1
0.4280262291431427 0.625612735748291 0.9982156753540039 -1 -1 -1 -1 -1 -1 -1 -1 -1
0.42797306180000305 0.62614905834198 0.9988452196121216 -1 -1 -1 -1 -1 -1 -1 -1 -1
0.42812809348106384 0.6144762635231018 0.9967081546783447 -1 -1 -1 -1 -1 -1 -1 -1 -1
0.43011483550071716 0.6168421506881714 0.9977216124534607 -1 -1 -1 -1 -1 -1 -1 -1 -1
0.43757763504981995 0.6156803369522095 0.9969090819358826 -1 -1 -1 -1 -1 -1 -1 -1 -1
0.43061497807502747 0.6057799458503723 0.996782660484314 -1 -1 -1 -1 -1 -1 -1 -1 -1
0.43647894263267517 0.5733897089958191 0.9966261386871338 -1 -1 -1 -1 -1 -1 -1 -1 -1
0.4438745379447937 0.5757399797439575 0.9978880286216736 -1 -1 -1 -1 -1 -1 -1 -1 -1
0.44217389822006226 0.6672747135162354 0.5503673553466797 -1 -1 -1 -1 -1 -1 -1 -1 -1
0.44835707545280457 0.6716212034225464 0.8589246869087219 -1 -1 -1 -1 -1 -1 -1 -1 -1
0.4547082781791687 0.7499513626098633 0.6312252879142761 -1 -1 -1 -1 -1 -1 -1 -1 -1
0.4603985548019409 0.7575147151947021 0.8826239705085754 -1 -1 -1 -1 -1 -1 -1 -1 -1
0.4438134431838989 0.7656669616699219 0.6657935976982117 -1 -1 -1 -1 -1 -1 -1 -1 -1
0.4611636698246002 0.7686445713043213 0.8695436120033264 -1 -1 -1 -1 -1 -1 -1 -1 -1
0.4449422359466553 0.7670028805732727 0.6471347212791443 -1 -1 -1 -1 -1 -1 -1 -1 -1
0.4615814685821533 0.770331859588623 0.8588218092918396 -1 -1 -1 -1 -1 -1 -1 -1 -1
0.44540590047836304 0.7612365484237671 0.6123754382133484 -1 -1 -1 -1 -1 -1 -1 -1 -1
0.4623151421546936 0.7628117799758911 0.8361214399337769 -1 -1 -1 -1 -1 -1 -1 -1 -1
0.4569014608860016 0.39797571301460266 0.9997105002403259 -1 -1 -1 -1 -1 -1 -1 -1 -1
0.46182963252067566 0.3992365896701813 0.9997699856758118 -1 -1 -1 -1 -1 -1 -1 -1 -1
0.519149899482727 0.33362698554992676 0.9066569805145264 -1 -1 -1 -1 -1 -1 -1 -1 -1
0.53972989320755 0.33734092116355896 0.9567281007766724 -1 -1 -1 -1 -1 -1 -1 -1 -1
0.5717440247535706 0.34792444109916687 0.8556039333343506 -1 -1 -1 -1 -1 -1 -1 -1 -1
0.5965197086334229 0.35352617502212524 0.9250725507736206 -1 -1 -1 -1 -1 -1 -1 -1 -1
0.5775351524353027 0.35589510202407837 0.8084576725959778 -1 -1 -1 -1 -1 -1 -1 -1 -1
0.6016895771026611 0.36004403233528137 0.9497877359390259 -1 -1 -1 -1 -1 -1 -1 -1 -1
0.5958735942840576 0.34370049834251404 0.835756778717041 -1 -1 -1 -1 -1 -1 -1 -1 -1
0.6231639385223389 0.35184037685394287 0.9199615716934204 -1 -1 -1 -1 -1 -1 -1 -1 -1
1 
33 
-1 -1 -1 -1 -1 -1 -1 -1 -1 -1
0.41128015518188477 0.6022441983222961 0.9893292784690857 -1 -1 -1 -1 -1 -1 -1 -1 -1
0.4088515043258667 0.6127893328666687 0.994581401348114 -1 -1 -1 -1 -1 -1 -1 -1 -1
0.40851891040802 0.6125550270080566 0.9925353527069092 -1 -1 -1 -1 -1 -1 -1 -1 -1
0.4081891179084778 0.6122474074363708 0.9954975843429565 -1 -1 -1 -1 -1 -1 -1 -1 -1
0.4107748866081238 0.6140656471252441 0.9948928356170654 -1 -1 -1 -1 -1 -1 -1 -1 -1
0.41199272871017456 0.615168571472168 0.9924485683441162 -1 -1 -1 -1 -1 -1 -1 -1 -1
0.4131675958633423 0.6162371039390564 0.9938068985939026 -1 -1 -1 -1 -1 -1 -1 -1 -1
0.4137556552886963 0.6129907965660095 0.994513750076294 -1 -1 -1 -1 -1 -1 -1 -1 -1
0.42052337527275085 0.6174221634864807 0.9897497296333313 -1 -1 -1 -1 -1 -1 -1 -1 -1
0.41546255350112915 0.5935417413711548 0.9948647618293762 -1 -1 -1 -1 -1 -1 -1 -1 -1
0.4180532693862915 0.5964605808258057 0.9934409260749817 -1 -1 -1 -1 -1 -1 -1 -1 -1
0.43062928318977356 0.5694286227226257 0.9955317974090576 -1 -1 -1 -1 -1 -1 -1 -1 -1
0.4419950842857361 0.5880075693130493 0.9916021227836609 -1 -1 -1 -1 -1 -1 -1 -1 -1
0.4553743004798889 0.516515851020813 0.0903983786702156 -1 -1 -1 -1 -1 -1 -1 -1 -1
0.43343839049339294 0.5614873170852661 0.2922689914703369 -1 -1 -1 -1 -1 -1 -1 -1 -1
0.45663437247276306 0.5349557399749756 0.1229054257273674 -1 -1 -1 -1 -1 -1 -1 -1 -1
0.41494521498680115 0.5931116938591003 0.335035115480423 -1 -1 -1 -1 -1 -1 -1 -1 -1
0.4595180153846741 0.5396048426628113 0.1621672362089157 -1 -1 -1 -1 -1 -1 -1 -1 -1
0.4132447838783264 0.5989636182785034 0.4157852828502655 -1 -1 -1 -1 -1 -1 -1 -1 -1
0.4568631947040558 0.5429087281227112 0.16356246173381805 -1 -1 -1 -1 -1 -1 -1 -1 -1
0.4154352843761444 0.6037476658821106 0.40811222791671753 -1 -1 -1 -1 -1 -1 -1 -1 -1
0.4566579759120941 0.5417924523353577 0.15480223298072815 -1 -1 -1 -1 -1 -1 -1 -1 -1
0.4165005087852478 0.6011004447937012 0.3863336145877838 -1 -1 -1 -1 -1 -1 -1 -1 -1
0.4893796443939209 0.44291216135025024 0.999929666519165 -1 -1 -1 -1 -1 -1 -1 -1 -1
0.5103355646133423 0.4606754779815674 0.9999499320983887 -1 -1 -1 -1 -1 -1 -1 -1 -1
0.4460582733154297 0.348917692899704 0.9040904641151428 -1 -1 -1 -1 -1 -1 -1 -1 -1
0.5034342408180237 0.41591131687164307 0.9454703330993652 -1 -1 -1 -1 -1 -1 -1 -1 -1
0.5245093107223511 0.38741326332092285 0.8013545274734497 -1 -1 -1 -1 -1 -1 -1 -1 -1
0.5183089971542358 0.3766416907310486 0.8192031979560852 -1 -1 -1 -1 -1 -1 -1 -1 -1
0.5292069911956787 0.4044932425022125 0.7285817265510559 -1 -1 -1 -1 -1 -1 -1 -1 -1
0.515484094619751 0.3884916305541992 0.78732830286026 -1 -1 -1 -1 -1 -1 -1 -1 -1
0.555544376373291 0.38507533073425293 0.8362135291099548 -1 -1 -1 -1 -1 -1 -1 -1 -1
0.5285442471504211 0.3329505920410156 0.8273882269859314 -1 -1 -1 -1 -1 -1 -1 -1 -1
1 
33 
-1 -1 -1 -1 -1 -1 -1 -1 -1 -1
0.3975681662559509 0.612533688545227 0.983400285243988 -1 -1 -1 -1 -1 -1 -1 -1 -1
0.38776469230651855 0.6148071885108948 0.9886121153831482 -1 -1 -1 -1 -1 -1 -1 -1 -1
0.3861526846885681 0.6119979619979858 0.9896089434623718 -1 -1 -1 -1 -1 -1 -1 -1 -1
0.3844854533672333 0.609677791595459 0.9921112060546875 -1 -1 -1 -1 -1 -1 -1 -1 -1
0.3897015452384949 0.6186095476150513 0.9859245419502258 -1 -1 -1 -1 -1 -1 -1 -1 -1
0.38927122950553894 0.6183262467384338 0.9844554662704468 -1 -1 -1 -1 -1 -1 -1 -1 -1
0.38717421889305115 0.6177301406860352 0.9880973100662231 -1 -1 -1 -1 -1 -1 -1 -1 -1
0.37576571106910706 0.5885698795318604 0.9914155602455139 -1 -1 -1 -1 -1 -1 -1 -1 -1
0.38046830892562866 0.5974832773208618 0.9827036261558533 -1 -1 -1 -1 -1 -1 -1 -1 -1
0.3994806110858917 0.5904883146286011 0.9905767440795898 -1 -1 -1 -1 -1 -1 -1 -1 -1
0.40305277705192566 0.5956307649612427 0.9874373078346252 -1 -1 -1 -1 -1 -1 -1 -1 -1
0.39062073826789856 0.4978150427341461 0.9940855503082275 -1 -1 -1 -1 -1 -1 -1 -1 -1
0.41733410954475403 0.5648515820503235 0.993898868560791 -1 -1 -1 -1 -1 -1 -1 -1 -1
0.42064744234085083 0.4216393828392029 0.5946149826049805 -1 -1 -1 -1 -1 -1 -1 -1 -1
0.46057334542274475 0.5306426286697388 0.1347392201423645 -1 -1 -1 -1 -1 -1 -1 -1 -1
0.44787687063217163 0.38652241230010986 0.3173251450061798 -1 -1 -1 -1 -1 -1 -1 -1 -1
0.4747290313243866 0.517208993434906 0.19272516667842865 -1 -1 -1 -1 -1 -1 -1 -1 -1
0.45050564408302307 0.37114906311035156 0.32430580258369446 -1 -1 -1 -1 -1 -1 -1 -1 -1
0.4770621359348297 0.5133376121520996 0.20041310787200928 -1 -1 -1 -1 -1 -1 -1 -1 -1
0.45105209946632385 0.3816303610801697 0.32808879017829895 -1 -1 -1 -1 -1 -1 -1 -1 -1
0.47519659996032715 0.5199575424194336 0.2251298576593399 -1 -1 -1 -1 -1 -1 -1 -1 -1
0.45085832476615906 0.3890160918235779 0.27950021624565125 -1 -1 -1 -1 -1 -1 -1 -1 -1
0.4747907221317291 0.5193549394607544 0.2225700467824936 -1 -1 -1 -1 -1 -1 -1 -1 -1
0.4653620719909668 0.3786109983921051 0.9991675615310669 -1 -1 -1 -1 -1 -1 -1 -1 -1
0.48823174834251404 0.42224061489105225 0.9990358352661133 -1 -1 -1 -1 -1 -1 -1 -1 -1
0.4653950035572052 0.3172144293785095 0.9253258109092712 -1 -1 -1 -1 -1 -1 -1 -1 -1
0.5256409049034119 0.40636682510375977 0.7708679437637329 -1 -1 -1 -1 -1 -1 -1 -1 -1
0.5178513526916504 0.3432643711566925 0.7334668636322021 -1 -1 -1 -1 -1 -1 -1 -1 -1
0.5210386514663696 0.32473036646842957 0.3519816994667053 -1 -1 -1 -1 -1 -1 -1 -1 -1
0.5200610756874084 0.3502885699272156 0.7350564002990723 -1 -1 -1 -1 -1 -1 -1 -1 -1
0.5154626369476318 0.3154633641242981 0.44529688358306885 -1 -1 -1 -1 -1 -1 -1 -1 -1
0.5424490571022034 0.34221774339675903 0.7108685970306396 -1 -1 -1 -1 -1 -1 -1 -1 -1
0.5330240726470947 0.3000844717025757 0.4107072949409485 -1 -1 -1 -1 -1 -1 -1 -1 -1
1 
33 
-1 -1 -1 -1 -1 -1 -1 -1 -1 -1
0.34323036670684814 0.515749990940094 0.9578249454498291 -1 -1 -1 -1 -1 -1 -1 -1 -1
0.34409356117248535 0.5261635780334473 0.9694502949714661 -1 -1 -1 -1 -1 -1 -1 -1 -1
0.34409916400909424 0.5268160104751587 0.9686728119850159 -1 -1 -1 -1 -1 -1 -1 -1 -1
0.3440983295440674 0.5273853540420532 0.9731451869010925 -1 -1 -1 -1 -1 -1 -1 -1 -1
0.34606730937957764 0.5268799066543579 0.9767521023750305 -1 -1 -1 -1 -1 -1 -1 -1 -1
0.3475598692893982 0.5281224250793457 0.9767652153968811 -1 -1 -1 -1 -1 -1 -1 -1 -1
0.3490316569805145 0.5293728709220886 0.9784345030784607 -1 -1 -1 -1 -1 -1 -1 -1 -1
0.3510994613170624 0.5352538824081421 0.9544798135757446 -1 -1 -1 -1 -1 -1 -1 -1 -1
0.3587820827960968 0.5387108325958252 0.9803239107131958 -1 -1 -1 -1 -1 -1 -1 -1 -1
0.34796833992004395 0.5117858648300171 0.961834192276001 -1 -1 -1 -1 -1 -1 -1 -1 -1
0.349816232919693 0.512030303478241 0.9661538004875183 -1 -1 -1 -1 -1 -1 -1 -1 -1
0.36399760842323303 0.493830144405365 0.990262508392334 -1 -1 -1 -1 -1 -1 -1 -1 -1
0.39068204164505005 0.5274996757507324 0.9986883997917175 -1 -1 -1 -1 -1 -1 -1 -1 -1
0.39180874824523926 0.41595232486724854 0.030383218079805374 -1 -1 -1 -1 -1 -1 -1 -1 -1
0.40944361686706543 0.48908859491348267 0.8873233795166016 -1 -1 -1 -1 -1 -1 -1 -1 -1
0.40663889050483704 0.39126574993133545 0.026585906744003296 -1 -1 -1 -1 -1 -1 -1 -1 -1
0.3874814510345459 0.5051654577255249 0.7467591762542725 -1 -1 -1 -1 -1 -1 -1 -1 -1
0.4109112024307251 0.3822535574436188 0.03820645064115524 -1 -1 -1 -1 -1 -1 -1 -1 -1
0.38434210419654846 0.5056754946708679 0.7186039686203003 -1 -1 -1 -1 -1 -1 -1 -1 -1
0.4092266857624054 0.38763201236724854 0.04042433574795723 -1 -1 -1 -1 -1 -1 -1 -1 -1
0.38196825981140137 0.515729546546936 0.7209239602088928 -1 -1 -1 -1 -1 -1 -1 -1 -1
0.40845903754234314 0.39287325739860535 0.040203604847192764 -1 -1 -1 -1 -1 -1 -1 -1 -1
0.38373616337776184 0.5149602890014648 0.6688210964202881 -1 -1 -1 -1 -1 -1 -1 -1 -1
0.4271688461303711 0.3589307963848114 0.9997052550315857 -1 -1 -1 -1 -1 -1 -1 -1 -1
0.4543614983558655 0.385391503572464 0.9999281167984009 -1 -1 -1 -1 -1 -1 -1 -1 -1
0.42230233550071716 0.26699069142341614 0.7883778214454651 -1 -1 -1 -1 -1 -1 -1 -1 -1
0.5048731565475464 0.34587180614471436 0.9814777374267578 -1 -1 -1 -1 -1 -1 -1 -1 -1
0.4557251036167145 0.39778655767440796 0.25522732734680176 -1 -1 -1 -1 -1 -1 -1 -1 -1
0.48864850401878357 0.37345820665359497 0.5746402144432068 -1 -1 -1 -1 -1 -1 -1 -1 -1
0.45144370198249817 0.42289668321609497 0.3111751079559326 -1 -1 -1 -1 -1 -1 -1 -1 -1
0.47912412881851196 0.381177693605423 0.5696759819984436 -1 -1 -1 -1 -1 -1 -1 -1 -1
0.47818833589553833 0.4386675953865051 0.34883981943130493 -1 -1 -1 -1 -1 -1 -1 -1 -1
0.4887791872024536 0.3829362988471985 0.657423198223114 -1 -1 -1 -1 -1 -1 -1 -1 -1
1 
33 
-1 -1 -1 -1 -1 -1 -1 -1 -1 -1
0.33977392315864563 0.5737107992172241 0.9877569675445557 -1 -1 -1 -1 -1 -1 -1 -1 -1
0.3242020010948181 0.5787200927734375 0.9906153678894043 -1 -1 -1 -1 -1 -1 -1 -1 -1
0.3224382996559143 0.5757728219032288 0.9907416105270386 -1 -1 -1 -1 -1 -1 -1 -1 -1
0.3206862211227417 0.572799563407898 0.9933546781539917 -1 -1 -1 -1 -1 -1 -1 -1 -1
0.32775557041168213 0.5848978161811829 0.9899976849555969 -1 -1 -1 -1 -1 -1 -1 -1 -1
0.32861411571502686 0.5863362550735474 0.9891284108161926 -1 -1 -1 -1 -1 -1 -1 -1 -1
0.32947009801864624 0.587792158126831 0.9915558099746704 -1 -1 -1 -1 -1 -1 -1 -1 -1
0.31632164120674133 0.5583341717720032 0.9914095997810364 -1 -1 -1 -1 -1 -1 -1 -1 -1
0.3286127746105194 0.5796486139297485 0.9874020218849182 -1 -1 -1 -1 -1 -1 -1 -1 -1
0.33721333742141724 0.5581803321838379 0.9912954568862915 -1 -1 -1 -1 -1 -1 -1 -1 -1
0.33868610858917236 0.566198468208313 0.9887052178382874 -1 -1 -1 -1 -1 -1 -1 -1 -1
0.3250914514064789 0.481172114610672 0.9961962699890137 -1 -1 -1 -1 -1 -1 -1 -1 -1
0.3638615012168884 0.5535321831703186 0.9966790676116943 -1 -1 -1 -1 -1 -1 -1 -1 -1
0.3578871786594391 0.3934636414051056 0.5542152523994446 -1 -1 -1 -1 -1 -1 -1 -1 -1
0.4069301187992096 0.5276431441307068 0.30707481503486633 -1 -1 -1 -1 -1 -1 -1 -1 -1
0.3805554509162903 0.37175148725509644 0.21184808015823364 -1 -1 -1 -1 -1 -1 -1 -1 -1
0.4157925844192505 0.5161600112915039 0.19879797101020813 -1 -1 -1 -1 -1 -1 -1 -1 -1
0.3842865526676178 0.3632364571094513 0.21964333951473236 -1 -1 -1 -1 -1 -1 -1 -1 -1
0.41775959730148315 0.514133095741272 0.22045686841011047 -1 -1 -1 -1 -1 -1 -1 -1 -1
0.3830927014350891 0.3716100752353668 0.22197121381759644 -1 -1 -1 -1 -1 -1 -1 -1 -1
0.41536635160446167 0.5183148384094238 0.23962759971618652 -1 -1 -1 -1 -1 -1 -1 -1 -1
0.38305073976516724 0.37713438272476196 0.19515562057495117 -1 -1 -1 -1 -1 -1 -1 -1 -1
0.4146066904067993 0.5167860984802246 0.23788140714168549 -1 -1 -1 -1 -1 -1 -1 -1 -1
0.39207714796066284 0.34705865383148193 0.9992619156837463 -1 -1 -1 -1 -1 -1 -1 -1 -1
0.4207938611507416 0.4010845720767975 0.9995856881141663 -1 -1 -1 -1 -1 -1 -1 -1 -1
0.43596580624580383 0.2386229932308197 0.9111800789833069 -1 -1 -1 -1 -1 -1 -1 -1 -1
0.4904443323612213 0.37617236375808716 0.9110075831413269 -1 -1 -1 -1 -1 -1 -1 -1 -1
0.45833107829093933 0.3326043486595154 0.4076608121395111 -1 -1 -1 -1 -1 -1 -1 -1 -1
0.46967172622680664 0.3331506848335266 0.4449447691440582 -1 -1 -1 -1 -1 -1 -1 -1 -1
0.45609354972839355 0.354567289352417 0.4113013446331024 -1 -1 -1 -1 -1 -1 -1 -1 -1
0.4619492292404175 0.33225488662719727 0.4296938478946686 -1 -1 -1 -1 -1 -1 -1 -1 -1
0.48044082522392273 0.3475939929485321 0.41798776388168335 -1 -1 -1 -1 -1 -1 -1 -1 -1
0.47671669721603394 0.31154680252075195 0.48371830582618713 -1 -1 -1 -1 -1 -1 -1 -1 -1
1 
33 
-1 -1 -1 -1 -1 -1 -1 -1 -1 -1
0.32888028025627136 0.5376136302947998 0.9953097701072693 -1 -1 -1 -1 -1 -1 -1 -1 -1
0.3240722119808197 0.5514332056045532 0.9921724796295166 -1 -1 -1 -1 -1 -1 -1 -1 -1
0.32182666659355164 0.5508192777633667 0.9913627505302429 -1 -1 -1 -1 -1 -1 -1 -1 -1
0.31957128643989563 0.5501052141189575 0.9924726486206055 -1 -1 -1 -1 -1 -1 -1 -1 -1
0.3310009241104126 0.5550180077552795 0.9947643280029297 -1 -1 -1 -1 -1 -1 -1 -1 -1
0.3337962329387665 0.5570616722106934 0.9938111901283264 -1 -1 -1 -1 -1 -1 -1 -1 -1
0.3365623950958252 0.5591281652450562 0.9939159750938416 -1 -1 -1 -1 -1 -1 -1 -1 -1
0.3201761543750763 0.55133056640625 0.9845914840698242 -1 -1 -1 -1 -1 -1 -1 -1 -1
0.3441420793533325 0.5646840929985046 0.9915052056312561 -1 -1 -1 -1 -1 -1 -1 -1 -1
0.32864752411842346 0.5265377759933472 0.9950335025787354 -1 -1 -1 -1 -1 -1 -1 -1 -1
0.3371546268463135 0.5311787128448486 0.9970490336418152 -1 -1 -1 -1 -1 -1 -1 -1 -1
0.31614065170288086 0.4915043115615845 0.9986264705657959 -1 -1 -1 -1 -1 -1 -1 -1 -1
0.38144639134407043 0.5364502668380737 0.9991496801376343 -1 -1 -1 -1 -1 -1 -1 -1 -1
0.3219755291938782 0.40108224749565125 0.42144015431404114 -1 -1 -1 -1 -1 -1 -1 -1 -1
0.42101815342903137 0.4687081575393677 0.7339560389518738 -1 -1 -1 -1 -1 -1 -1 -1 -1
0.3475370705127716 0.33640971779823303 0.2943459153175354 -1 -1 -1 -1 -1 -1 -1 -1 -1
0.41828522086143494 0.40206918120384216 0.5027416348457336 -1 -1 -1 -1 -1 -1 -1 -1 -1
0.35016319155693054 0.3107510805130005 0.28016984462738037 -1 -1 -1 -1 -1 -1 -1 -1 -1
0.4214019179344177 0.3812521696090698 0.46963047981262207 -1 -1 -1 -1 -1 -1 -1 -1 -1
0.35504889488220215 0.3137843906879425 0.28345704078674316 -1 -1 -1 -1 -1 -1 -1 -1 -1
0.4163970947265625 0.3845588266849518 0.46539241075515747 -1 -1 -1 -1 -1 -1 -1 -1 -1
0.3560323119163513 0.3232169449329376 0.29967278242111206 -1 -1 -1 -1 -1 -1 -1 -1 -1
0.41492050886154175 0.3904244899749756 0.407731294631958 -1 -1 -1 -1 -1 -1 -1 -1 -1
0.3761803209781647 0.36301901936531067 0.9997091889381409 -1 -1 -1 -1 -1 -1 -1 -1 -1
0.4163247048854828 0.3833974003791809 0.9997954964637756 -1 -1 -1 -1 -1 -1 -1 -1 -1
0.31975603103637695 0.32346299290657043 0.8659206628799438 -1 -1 -1 -1 -1 -1 -1 -1 -1
0.426967591047287 0.34038183093070984 0.954910933971405 -1 -1 -1 -1 -1 -1 -1 -1 -1
0.39703884720802307 0.2971693277359009 0.6654645204544067 -1 -1 -1 -1 -1 -1 -1 -1 -1
0.4530780017375946 0.31941741704940796 0.5291231274604797 -1 -1 -1 -1 -1 -1 -1 -1 -1
0.4097086191177368 0.30050721764564514 0.616004228591919 -1 -1 -1 -1 -1 -1 -1 -1 -1
0.45314204692840576 0.32647162675857544 0.4648136794567108 -1 -1 -1 -1 -1 -1 -1 -1 -1
0.4051196277141571 0.2601702809333801 0.6682762503623962 -1 -1 -1 -1 -1 -1 -1 -1 -1
0.46706414222717285 0.2829836308956146 0.5775876045227051 -1 -1 -1 -1 -1 -1 -1 -1 -1
1 
33 
-1 -1 -1 -1 -1 -1 -1 -1 -1 -1
0.2884829640388489 0.47027403116226196 0.9985156655311584 -1 -1 -1 -1 -1 -1 -1 -1 -1
0.2855263948440552 0.4865098297595978 0.9989005327224731 -1 -1 -1 -1 -1 -1 -1 -1 -1
0.2842048108577728 0.4860181212425232 0.9986013770103455 -1 -1 -1 -1 -1 -1 -1 -1 -1
0.28287309408187866 0.4854983687400818 0.9980006814002991 -1 -1 -1 -1 -1 -1 -1 -1 -1
0.2910013794898987 0.4900050461292267 0.9995195865631104 -1 -1 -1 -1 -1 -1 -1 -1 -1
0.29372644424438477 0.49211257696151733 0.9996005892753601 -1 -1 -1 -1 -1 -1 -1 -1 -1
0.2964077591896057 0.4941767454147339 0.999671220779419 -1 -1 -1 -1 -1 -1 -1 -1 -1
0.2900364398956299 0.49244070053100586 0.9963573813438416 -1 -1 -1 -1 -1 -1 -1 -1 -1
0.30881214141845703 0.5038653016090393 0.9998254179954529 -1 -1 -1 -1 -1 -1 -1 -1 -1
0.2928144037723541 0.4601423740386963 0.9988246560096741 -1 -1 -1 -1 -1 -1 -1 -1 -1
0.29942786693573 0.4646676182746887 0.9996601343154907 -1 -1 -1 -1 -1 -1 -1 -1 -1
0.3060396909713745 0.4588714838027954 0.9951660633087158 -1 -1 -1 -1 -1 -1 -1 -1 -1
0.35167980194091797 0.454301655292511 0.9998611211776733 -1 -1 -1 -1 -1 -1 -1 -1 -1
0.3286067843437195 0.42796820402145386 0.19528138637542725 -1 -1 -1 -1 -1 -1 -1 -1 -1
0.3999500572681427 0.3900188207626343 0.96014803647995 -1 -1 -1 -1 -1 -1 -1 -1 -1
0.33854132890701294 0.473076194524765 0.17945675551891327 -1 -1 -1 -1 -1 -1 -1 -1 -1
0.4121398329734802 0.3051355481147766 0.8397995233535767 -1 -1 -1 -1 -1 -1 -1 -1 -1
0.34132492542266846 0.48659589886665344 0.18359225988388062 -1 -1 -1 -1 -1 -1 -1 -1 -1
0.42046070098876953 0.2834172546863556 0.7665781378746033 -1 -1 -1 -1 -1 -1 -1 -1 -1
0.33968260884284973 0.4855467677116394 0.17778553068637848 -1 -1 -1 -1 -1 -1 -1 -1 -1
0.4114537537097931 0.2817543148994446 0.7630074620246887 -1 -1 -1 -1 -1 -1 -1 -1 -1
0.34032294154167175 0.47862666845321655 0.17508791387081146 -1 -1 -1 -1 -1 -1 -1 -1 -1
0.40781331062316895 0.29008230566978455 0.7223514914512634 -1 -1 -1 -1 -1 -1 -1 -1 -1
0.37760481238365173 0.31979668140411377 0.9998248219490051 -1 -1 -1 -1 -1 -1 -1 -1 -1
0.41255444288253784 0.3271332383155823 0.9999648332595825 -1 -1 -1 -1 -1 -1 -1 -1 -1
0.3350520730018616 0.21761298179626465 0.9517431259155273 -1 -1 -1 -1 -1 -1 -1 -1 -1
0.440119206905365 0.2852441966533661 0.9964884519577026 -1 -1 -1 -1 -1 -1 -1 -1 -1
0.3890679180622101 0.28026583790779114 0.3403526544570923 -1 -1 -1 -1 -1 -1 -1 -1 -1
0.39506030082702637 0.27201879024505615 0.6776309013366699 -1 -1 -1 -1 -1 -1 -1 -1 -1
0.39057087898254395 0.2906148433685303 0.3643325865268707 -1 -1 -1 -1 -1 -1 -1 -1 -1
0.386165052652359 0.2714122533798218 0.5708837509155273 -1 -1 -1 -1 -1 -1 -1 -1 -1
0.40096232295036316 0.3047463595867157 0.36962616443634033 -1 -1 -1 -1 -1 -1 -1 -1 -1
0.36492541432380676 0.27561134099960327 0.6884939074516296 -1 -1 -1 -1 -1 -1 -1 -1 -1
1 
33 
-1 -1 -1 -1 -1 -1 -1 -1 -1 -1
0.27446600794792175 0.48703593015670776 0.9211281538009644 -1 -1 -1 -1 -1 -1 -1 -1 -1
0.26970693469047546 0.4944235384464264 0.9070378541946411 -1 -1 -1 -1 -1 -1 -1 -1 -1
0.26944124698638916 0.49387532472610474 0.8985528349876404 -1 -1 -1 -1 -1 -1 -1 -1 -1
0.2691892385482788 0.49327385425567627 0.9051917195320129 -1 -1 -1 -1 -1 -1 -1 -1 -1
0.2701100707054138 0.4943881630897522 0.9245041608810425 -1 -1 -1 -1 -1 -1 -1 -1 -1
0.27025794982910156 0.4940449893474579 0.9087455868721008 -1 -1 -1 -1 -1 -1 -1 -1 -1
0.2704010605812073 0.493691086769104 0.9389536380767822 -1 -1 -1 -1 -1 -1 -1 -1 -1
0.270555317401886 0.48652639985084534 0.834071159362793 -1 -1 -1 -1 -1 -1 -1 -1 -1
0.2719388008117676 0.4863877594470978 0.9183229207992554 -1 -1 -1 -1 -1 -1 -1 -1 -1
0.2787056267261505 0.47623199224472046 0.9040536284446716 -1 -1 -1 -1 -1 -1 -1 -1 -1
0.2791133522987366 0.47577399015426636 0.930490255355835 -1 -1 -1 -1 -1 -1 -1 -1 -1
0.28860270977020264 0.4463135898113251 0.9930469393730164 -1 -1 -1 -1 -1 -1 -1 -1 -1
0.3009795844554901 0.4473422169685364 0.9991850256919861 -1 -1 -1 -1 -1 -1 -1 -1 -1
0.3226938247680664 0.49367231130599976 0.400034099817276 -1 -1 -1 -1 -1 -1 -1 -1 -1
0.3478088080883026 0.41457921266555786 0.2632230222225189 -1 -1 -1 -1 -1 -1 -1 -1 -1
0.31841886043548584 0.5383166670799255 0.4387052357196808 -1 -1 -1 -1 -1 -1 -1 -1 -1
0.3639158606529236 0.3984331488609314 0.25069424510002136 -1 -1 -1 -1 -1 -1 -1 -1 -1
0.3184575140476227 0.5499976277351379 0.45279133319854736 -1 -1 -1 -1 -1 -1 -1 -1 -1
0.36883342266082764 0.39136919379234314 0.2709437906742096 -1 -1 -1 -1 -1 -1 -1 -1 -1
0.31372636556625366 0.5475627183914185 0.4467773735523224 -1 -1 -1 -1 -1 -1 -1 -1 -1
0.3669129014015198 0.3997722268104553 0.2731342911720276 -1 -1 -1 -1 -1 -1 -1 -1 -1
0.31402450799942017 0.5419327616691589 0.38800451159477234 -1 -1 -1 -1 -1 -1 -1 -1 -1
0.36513468623161316 0.40108633041381836 0.2479790598154068 -1 -1 -1 -1 -1 -1 -1 -1 -1
0.3796645700931549 0.3155548572540283 0.9995848536491394 -1 -1 -1 -1 -1 -1 -1 -1 -1
0.39241617918014526 0.33280614018440247 0.9999134540557861 -1 -1 -1 -1 -1 -1 -1 -1 -1
0.3800404369831085 0.22079509496688843 0.7924652099609375 -1 -1 -1 -1 -1 -1 -1 -1 -1
0.422861784696579 0.27651387453079224 0.9721043109893799 -1 -1 -1 -1 -1 -1 -1 -1 -1
0.3735946714878082 0.23373928666114807 0.37412184476852417 -1 -1 -1 -1 -1 -1 -1 -1 -1
0.3936668038368225 0.22980672121047974 0.4300340414047241 -1 -1 -1 -1 -1 -1 -1 -1 -1
0.37207135558128357 0.23791435360908508 0.370299756526947 -1 -1 -1 -1 -1 -1 -1 -1 -1
0.38801899552345276 0.23220035433769226 0.3783164322376251 -1 -1 -1 -1 -1 -1 -1 -1 -1
0.3717869818210602 0.22914259135723114 0.45155853033065796 -1 -1 -1 -1 -1 -1 -1 -1 -1
0.38489192724227905 0.19331231713294983 0.483333021402359 -1 -1 -1 -1 -1 -1 -1 -1 -1
1 
33 
-1 -1 -1 -1 -1 -1 -1 -1 -1 -1
0.25651875138282776 0.4885745942592621 0.8501281142234802 -1 -1 -1 -1 -1 -1 -1 -1 -1
0.24528768658638 0.4886733889579773 0.9064597487449646 -1 -1 -1 -1 -1 -1 -1 -1 -1
0.24385426938533783 0.4856094717979431 0.9045257568359375 -1 -1 -1 -1 -1 -1 -1 -1 -1
0.24243900179862976 0.48252856731414795 0.925458550453186 -1 -1 -1 -1 -1 -1 -1 -1 -1
0.24731683731079102 0.4922163486480713 0.8740277290344238 -1 -1 -1 -1 -1 -1 -1 -1 -1
0.2474004030227661 0.4920028746128082 0.8230848908424377 -1 -1 -1 -1 -1 -1 -1 -1 -1
0.2475012093782425 0.4917995035648346 0.8616153597831726 -1 -1 -1 -1 -1 -1 -1 -1 -1
0.23861929774284363 0.48290979862213135 0.9090834856033325 -1 -1 -1 -1 -1 -1 -1 -1 -1
0.24415378272533417 0.4888554811477661 0.8439549803733826 -1 -1 -1 -1 -1 -1 -1 -1 -1
0.2585470676422119 0.4787408411502838 0.8956688642501831 -1 -1 -1 -1 -1 -1 -1 -1 -1
0.26232481002807617 0.4743959903717041 0.8702588677406311 -1 -1 -1 -1 -1 -1 -1 -1 -1
0.2564489245414734 0.40381473302841187 0.985079824924469 -1 -1 -1 -1 -1 -1 -1 -1 -1
0.282394677400589 0.4450047016143799 0.9828137159347534 -1 -1 -1 -1 -1 -1 -1 -1 -1
0.27576184272766113 0.4860180616378784 0.8415799736976624 -1 -1 -1 -1 -1 -1 -1 -1 -1
0.3161412477493286 0.4870365262031555 0.07659617066383362 -1 -1 -1 -1 -1 -1 -1 -1 -1
0.2814723551273346 0.5789767503738403 0.7816581130027771 -1 -1 -1 -1 -1 -1 -1 -1 -1
0.3145647644996643 0.5411356687545776 0.12496133148670197 -1 -1 -1 -1 -1 -1 -1 -1 -1
0.2828899025917053 0.599956214427948 0.7686514854431152 -1 -1 -1 -1 -1 -1 -1 -1 -1
0.31273970007896423 0.5514526963233948 0.18185418844223022 -1 -1 -1 -1 -1 -1 -1 -1 -1
0.27824312448501587 0.5929608941078186 0.7575024366378784 -1 -1 -1 -1 -1 -1 -1 -1 -1
0.3087384104728699 0.561066746711731 0.19585858285427094 -1 -1 -1 -1 -1 -1 -1 -1 -1
0.2794932425022125 0.5844544172286987 0.6792473196983337 -1 -1 -1 -1 -1 -1 -1 -1 -1
0.3099249303340912 0.5561351180076599 0.20156089961528778 -1 -1 -1 -1 -1 -1 -1 -1 -1
0.37377479672431946 0.2614627480506897 0.998694121837616 -1 -1 -1 -1 -1 -1 -1 -1 -1
0.39880311489105225 0.3195496201515198 0.9990050196647644 -1 -1 -1 -1 -1 -1 -1 -1 -1
0.3660906255245209 0.10976512730121613 0.9271774291992188 -1 -1 -1 -1 -1 -1 -1 -1 -1
0.45029324293136597 0.35613933205604553 0.9209522008895874 -1 -1 -1 -1 -1 -1 -1 -1 -1
0.3821627199649811 0.21689468622207642 0.3333907127380371 -1 -1 -1 -1 -1 -1 -1 -1 -1
0.40365129709243774 0.2391655445098877 0.18975970149040222 -1 -1 -1 -1 -1 -1 -1 -1 -1
0.3775683343410492 0.23898041248321533 0.3216419816017151 -1 -1 -1 -1 -1 -1 -1 -1 -1
0.39179322123527527 0.2350333333015442 0.23615768551826477 -1 -1 -1 -1 -1 -1 -1 -1 -1
0.39354467391967773 0.2441433072090149 0.30958572030067444 -1 -1 -1 -1 -1 -1 -1 -1 -1
0.39337024092674255 0.17954151332378387 0.22551803290843964 -1 -1 -1 -1 -1 -1 -1 -1 -1
1 
33 
-1 -1 -1 -1 -1 -1 -1 -1 -1 -1
0.25498756766319275 0.4816795885562897 0.9917631149291992 -1 -1 -1 -1 -1 -1 -1 -1 -1
0.24777765572071075 0.4827611446380615 0.9906394481658936 -1 -1 -1 -1 -1 -1 -1 -1 -1
0.24401307106018066 0.47582101821899414 0.9909182786941528 -1 -1 -1 -1 -1 -1 -1 -1 -1
0.2384486049413681 0.4755772352218628 0.9907251000404358 -1 -1 -1 -1 -1 -1 -1 -1 -1
0.24992787837982178 0.48764926195144653 0.9881888628005981 -1 -1 -1 -1 -1 -1 -1 -1 -1
0.24771517515182495 0.49200356006622314 0.9865264296531677 -1 -1 -1 -1 -1 -1 -1 -1 -1
0.24840080738067627 0.4936162233352661 0.988239049911499 -1 -1 -1 -1 -1 -1 -1 -1 -1
0.23278984427452087 0.4640655517578125 0.9907236695289612 -1 -1 -1 -1 -1 -1 -1 -1 -1
0.24488873779773712 0.48530495166778564 0.9856325387954712 -1 -1 -1 -1 -1 -1 -1 -1 -1
0.2534075677394867 0.46154630184173584 0.9925649166107178 -1 -1 -1 -1 -1 -1 -1 -1 -1
0.2597264051437378 0.46907633543014526 0.991169810295105 -1 -1 -1 -1 -1 -1 -1 -1 -1
0.23829343914985657 0.3764917552471161 0.9980344176292419 -1 -1 -1 -1 -1 -1 -1 -1 -1
0.2757464051246643 0.4660804271697998 0.9987210631370544 -1 -1 -1 -1 -1 -1 -1 -1 -1
0.28410789370536804 0.4276764690876007 0.926766574382782 -1 -1 -1 -1 -1 -1 -1 -1 -1
0.3285846710205078 0.48189759254455566 0.44898107647895813 -1 -1 -1 -1 -1 -1 -1 -1 -1
0.2867773175239563 0.5275518298149109 0.8929581642150879 -1 -1 -1 -1 -1 -1 -1 -1 -1
0.3129189610481262 0.49187612533569336 0.5943044424057007 -1 -1 -1 -1 -1 -1 -1 -1 -1
0.2903454601764679 0.5503796935081482 0.8425134420394897 -1 -1 -1 -1 -1 -1 -1 -1 -1
0.31055930256843567 0.49553006887435913 0.5893927812576294 -1 -1 -1 -1 -1 -1 -1 -1 -1
0.28406697511672974 0.5474787950515747 0.8308712244033813 -1 -1 -1 -1 -1 -1 -1 -1 -1
0.303962767124176 0.497362345457077 0.5822019577026367 -1 -1 -1 -1 -1 -1 -1 -1 -1
0.28491804003715515 0.5389999151229858 0.7625693678855896 -1 -1 -1 -1 -1 -1 -1 -1 -1
0.3050750494003296 0.4911007285118103 0.5371332168579102 -1 -1 -1 -1 -1 -1 -1 -1 -1
0.3626941442489624 0.26537373661994934 0.9994016885757446 -1 -1 -1 -1 -1 -1 -1 -1 -1
0.38419413566589355 0.34915992617607117 0.9997519850730896 -1 -1 -1 -1 -1 -1 -1 -1 -1
0.41099193692207336 0.12161676585674286 0.9249533414840698 -1 -1 -1 -1 -1 -1 -1 -1 -1
0.4286786615848541 0.32334083318710327 0.962894856929779 -1 -1 -1 -1 -1 -1 -1 -1 -1
0.4580683708190918 0.15914581716060638 0.5337253212928772 -1 -1 -1 -1 -1 -1 -1 -1 -1
0.4414032995700836 0.20239707827568054 0.5914335250854492 -1 -1 -1 -1 -1 -1 -1 -1 -1
0.45986732840538025 0.17499303817749023 0.39305898547172546 -1 -1 -1 -1 -1 -1 -1 -1 -1
0.4367307424545288 0.1950535923242569 0.4790150225162506 -1 -1 -1 -1 -1 -1 -1 -1 -1
0.48380887508392334 0.13992545008659363 0.5321165919303894 -1 -1 -1 -1 -1 -1 -1 -1 -1
0.4554479122161865 0.13290245831012726 0.6230502128601074 -1 -1 -1 -1 -1 -1 -1 -1 -1
1 
33 
-1 -1 -1 -1 -1 -1 -1 -1 -1 -1
0.39248126745224 0.21510449051856995 0.9998594522476196 -1 -1 -1 -1 -1 -1 -1 -1 -1
0.3870027959346771 0.20612457394599915 0.9998881816864014 -1 -1 -1 -1 -1 -1 -1 -1 -1
0.38656437397003174 0.20589712262153625 0.9998401403427124 -1 -1 -1 -1 -1 -1 -1 -1 -1
0.3860306739807129 0.20566946268081665 0.9998723268508911 -1 -1 -1 -1 -1 -1 -1 -1 -1
0.3855126202106476 0.20665977895259857 0.9999117851257324 -1 -1 -1 -1 -1 -1 -1 -1 -1
0.3840676546096802 0.20682445168495178 0.9998921155929565 -1 -1 -1 -1 -1 -1 -1 -1 -1
0.38248422741889954 0.207038015127182 0.9999325275421143 -1 -1 -1 -1 -1 -1 -1 -1 -1
0.3787726163864136 0.21320080757141113 0.9997599720954895 -1 -1 -1 -1 -1 -1 -1 -1 -1
0.37492427229881287 0.21412457525730133 0.9998955726623535 -1 -1 -1 -1 -1 -1 -1 -1 -1
0.39193496108055115 0.2270430028438568 0.9995934367179871 -1 -1 -1 -1 -1 -1 -1 -1 -1
0.39008933305740356 0.22844457626342773 0.9995964169502258 -1 -1 -1 -1 -1 -1 -1 -1 -1
0.3796344995498657 0.27832508087158203 0.9977548718452454 -1 -1 -1 -1 -1 -1 -1 -1 -1
0.3741612434387207 0.26871585845947266 0.9996045231819153 -1 -1 -1 -1 -1 -1 -1 -1 -1
0.398908406496048 0.33925652503967285 0.017775127664208412 -1 -1 -1 -1 -1 -1 -1 -1 -1
0.41364553570747375 0.30513709783554077 0.8930244445800781 -1 -1 -1 -1 -1 -1 -1 -1 -1
0.4098593592643738 0.3461722731590271 0.014257652685046196 -1 -1 -1 -1 -1 -1 -1 -1 -1
0.44176381826400757 0.28920823335647583 0.4623192846775055 -1 -1 -1 -1 -1 -1 -1 -1 -1
0.4112277328968048 0.35403957962989807 0.01929461397230625 -1 -1 -1 -1 -1 -1 -1 -1 -1
0.45022496581077576 0.29266273975372314 0.39870864152908325 -1 -1 -1 -1 -1 -1 -1 -1 -1
0.41176193952560425 0.34398311376571655 0.019312728196382523 -1 -1 -1 -1 -1 -1 -1 -1 -1
0.44850122928619385 0.2810630202293396 0.38617679476737976 -1 -1 -1 -1 -1 -1 -1 -1 -1
0.4120006859302521 0.3390117287635803 0.023315034806728363 -1 -1 -1 -1 -1 -1 -1 -1 -1
0.4454507827758789 0.2791110575199127 0.3208494484424591 -1 -1 -1 -1 -1 -1 -1 -1 -1
0.39409348368644714 0.4197521507740021 0.9972400665283203 -1 -1 -1 -1 -1 -1 -1 -1 -1
0.38973498344421387 0.40609458088874817 0.9956731200218201 -1 -1 -1 -1 -1 -1 -1 -1 -1
0.41707009077072144 0.3807604908943176 0.4558965563774109 -1 -1 -1 -1 -1 -1 -1 -1 -1
0.41820260882377625 0.31189748644828796 0.8688199520111084 -1 -1 -1 -1 -1 -1 -1 -1 -1
0.4567297101020813 0.3141244947910309 0.6545808911323547 -1 -1 -1 -1 -1 -1 -1 -1 -1
0.4768703579902649 0.19375857710838318 0.9300036430358887 -1 -1 -1 -1 -1 -1 -1 -1 -1
0.46719086170196533 0.3081137239933014 0.7167298793792725 -1 -1 -1 -1 -1 -1 -1 -1 -1
0.4873535633087158 0.1808573603630066 0.9037540555000305 -1 -1 -1 -1 -1 -1 -1 -1 -1
0.4508706331253052 0.2853904366493225 0.7572952508926392 -1 -1 -1 -1 -1 -1 -1 -1 -1
0.484438955783844 0.14497259259223938 0.9427319765090942 -1 -1 -1 -1 -1 -1 -1 -1 -1
1 
33 
-1 -1 -1 -1 -1 -1 -1 -1 -1 -1
0.42984649538993835 0.22645890712738037 0.9997681975364685 -1 -1 -1 -1 -1 -1 -1 -1 -1
0.42674070596694946 0.21459005773067474 0.9998319149017334 -1 -1 -1 -1 -1 -1 -1 -1 -1
0.42597782611846924 0.2141733318567276 0.9997792840003967 -1 -1 -1 -1 -1 -1 -1 -1 -1
0.42499077320098877 0.21362756192684174 0.9998179078102112 -1 -1 -1 -1 -1 -1 -1 -1 -1
0.42578017711639404 0.21420635282993317 0.9998600482940674 -1 -1 -1 -1 -1 -1 -1 -1 -1
0.424374520778656 0.21358276903629303 0.999825656414032 -1 -1 -1 -1 -1 -1 -1 -1 -1
0.4226726293563843 0.21285784244537354 0.999863862991333 -1 -1 -1 -1 -1 -1 -1 -1 -1
0.41428235173225403 0.21560028195381165 0.9995729327201843 -1 -1 -1 -1 -1 -1 -1 -1 -1
0.412852942943573 0.21553124487400055 0.9998229146003723 -1 -1 -1 -1 -1 -1 -1 -1 -1
0.4259020686149597 0.2378672957420349 0.9993308782577515 -1 -1 -1 -1 -1 -1 -1 -1 -1
0.4245200455188751 0.2374437302350998 0.9996035695075989 -1 -1 -1 -1 -1 -1 -1 -1 -1
0.39634060859680176 0.2778993844985962 0.9991090893745422 -1 -1 -1 -1 -1 -1 -1 -1 -1
0.39820772409439087 0.26037663221359253 0.9999066591262817 -1 -1 -1 -1 -1 -1 -1 -1 -1
0.3938353955745697 0.3628356158733368 0.04136207327246666 -1 -1 -1 -1 -1 -1 -1 -1 -1
0.404484361410141 0.32711467146873474 0.5685298442840576 -1 -1 -1 -1 -1 -1 -1 -1 -1
0.4159177541732788 0.4306987226009369 0.03851089999079704 -1 -1 -1 -1 -1 -1 -1 -1 -1
0.44244712591171265 0.36681345105171204 0.35272520780563354 -1 -1 -1 -1 -1 -1 -1 -1 -1
0.42094171047210693 0.44931524991989136 0.04876577854156494 -1 -1 -1 -1 -1 -1 -1 -1 -1
0.45135387778282166 0.38173794746398926 0.3391738831996918 -1 -1 -1 -1 -1 -1 -1 -1 -1
0.4240034520626068 0.4495192766189575 0.046799980103969574 -1 -1 -1 -1 -1 -1 -1 -1 -1
0.4535823166370392 0.37377113103866577 0.3239148259162903 -1 -1 -1 -1 -1 -1 -1 -1 -1
0.4218112528324127 0.44174596667289734 0.050543852150440216 -1 -1 -1 -1 -1 -1 -1 -1 -1
0.44939419627189636 0.36858609318733215 0.2626306116580963 -1 -1 -1 -1 -1 -1 -1 -1 -1
0.38257694244384766 0.43816298246383667 0.9999575614929199 -1 -1 -1 -1 -1 -1 -1 -1 -1
0.38776594400405884 0.40755367279052734 0.9999097585678101 -1 -1 -1 -1 -1 -1 -1 -1 -1
0.40218672156333923 0.5130132436752319 0.8487220406532288 -1 -1 -1 -1 -1 -1 -1 -1 -1
0.4366110861301422 0.3185267746448517 0.9451826214790344 -1 -1 -1 -1 -1 -1 -1 -1 -1
0.3965480923652649 0.5725849866867065 0.9274810552597046 -1 -1 -1 -1 -1 -1 -1 -1 -1
0.5058785676956177 0.29452675580978394 0.9597329497337341 -1 -1 -1 -1 -1 -1 -1 -1 -1
0.3935011625289917 0.5827559232711792 0.9545704126358032 -1 -1 -1 -1 -1 -1 -1 -1 -1
0.5203678607940674 0.3210980296134949 0.9477866888046265 -1 -1 -1 -1 -1 -1 -1 -1 -1
0.4036424160003662 0.5849932432174683 0.9378443360328674 -1 -1 -1 -1 -1 -1 -1 -1 -1
0.5292576551437378 0.2546761631965637 0.9667162895202637 -1 -1 -1 -1 -1 -1 -1 -1 -1
1 
33 
-1 -1 -1 -1 -1 -1 -1 -1 -1 -1
0.24497079849243164 0.36573526263237 0.9964258074760437 -1 -1 -1 -1 -1 -1 -1 -1 -1
0.24044683575630188 0.35818910598754883 0.9970792531967163 -1 -1 -1 -1 -1 -1 -1 -1 -1
0.24077510833740234 0.3551959991455078 0.9969450831413269 -1 -1 -1 -1 -1 -1 -1 -1 -1
0.24114128947257996 0.35221168398857117 0.997404158115387 -1 -1 -1 -1 -1 -1 -1 -1 -1
0.23968394100666046 0.36407795548439026 0.9944972395896912 -1 -1 -1 -1 -1 -1 -1 -1 -1
0.23943325877189636 0.3656187653541565 0.993532657623291 -1 -1 -1 -1 -1 -1 -1 -1 -1
0.2392006814479828 0.3670835793018341 0.9950389266014099 -1 -1 -1 -1 -1 -1 -1 -1 -1
0.2448042929172516 0.34292829036712646 0.9980037808418274 -1 -1 -1 -1 -1 -1 -1 -1 -1
0.2419361174106598 0.3637564778327942 0.9941510558128357 -1 -1 -1 -1 -1 -1 -1 -1 -1
0.2517766058444977 0.3618165850639343 0.9916055202484131 -1 -1 -1 -1 -1 -1 -1 -1 -1
0.25106382369995117 0.3691989779472351 0.9889109134674072 -1 -1 -1 -1 -1 -1 -1 -1 -1
0.2701775133609772 0.32257020473480225 0.9997283816337585 -1 -1 -1 -1 -1 -1 -1 -1 -1
0.2620810270309448 0.37738752365112305 0.9995291233062744 -1 -1 -1 -1 -1 -1 -1 -1 -1
0.28961727023124695 0.3391222357749939 0.64335697889328 -1 -1 -1 -1 -1 -1 -1 -1 -1
0.2803570628166199 0.3973091244697571 0.31092870235443115 -1 -1 -1 -1 -1 -1 -1 -1 -1
0.2744925320148468 0.3592967987060547 0.7084469795227051 -1 -1 -1 -1 -1 -1 -1 -1 -1
0.27266526222229004 0.3665032982826233 0.3696249723434448 -1 -1 -1 -1 -1 -1 -1 -1 -1
0.27184778451919556 0.3624265193939209 0.6571393013000488 -1 -1 -1 -1 -1 -1 -1 -1 -1
0.27227091789245605 0.3547717332839966 0.3421539068222046 -1 -1 -1 -1 -1 -1 -1 -1 -1
0.27117279171943665 0.35956910252571106 0.6288272142410278 -1 -1 -1 -1 -1 -1 -1 -1 -1
0.2692762017250061 0.3596055507659912 0.32847216725349426 -1 -1 -1 -1 -1 -1 -1 -1 -1
0.2729065716266632 0.36074718832969666 0.5729522705078125 -1 -1 -1 -1 -1 -1 -1 -1 -1
0.27048227190971375 0.3625240921974182 0.3264239728450775 -1 -1 -1 -1 -1 -1 -1 -1 -1
0.36237385869026184 0.35441142320632935 0.9999262094497681 -1 -1 -1 -1 -1 -1 -1 -1 -1
0.36420121788978577 0.39477574825286865 0.9998890161514282 -1 -1 -1 -1 -1 -1 -1 -1 -1
0.39413508772850037 0.3153322637081146 0.8819617629051208 -1 -1 -1 -1 -1 -1 -1 -1 -1
0.4115478992462158 0.38741374015808105 0.7266121506690979 -1 -1 -1 -1 -1 -1 -1 -1 -1
0.4486424922943115 0.31293416023254395 0.8641369938850403 -1 -1 -1 -1 -1 -1 -1 -1 -1
0.46190690994262695 0.35833752155303955 0.7425433993339539 -1 -1 -1 -1 -1 -1 -1 -1 -1
0.4531695246696472 0.3170320987701416 0.9414047002792358 -1 -1 -1 -1 -1 -1 -1 -1 -1
0.4679718613624573 0.35148122906684875 0.8127729892730713 -1 -1 -1 -1 -1 -1 -1 -1 -1
0.4899499714374542 0.28692927956581116 0.9201918840408325 -1 -1 -1 -1 -1 -1 -1 -1 -1
0.49411749839782715 0.3607400059700012 0.8609068393707275 -1 -1 -1 -1 -1 -1 -1 -1 -1
1 
33 
-1 -1 -1 -1 -1 -1 -1 -1 -1 -1
0.21487784385681152 0.3582149147987366 0.9956764578819275 -1 -1 -1 -1 -1 -1 -1 -1 -1
0.2047749161720276 0.35129159688949585 0.9963482022285461 -1 -1 -1 -1 -1 -1 -1 -1 -1
0.20367743074893951 0.3467276692390442 0.9969242215156555 -1 -1 -1 -1 -1 -1 -1 -1 -1
0.20260751247406006 0.3421913981437683 0.9976268410682678 -1 -1 -1 -1 -1 -1 -1 -1 -1
0.20698757469654083 0.3580607771873474 0.994330883026123 -1 -1 -1 -1 -1 -1 -1 -1 -1
0.20739664137363434 0.3587723672389984 0.9929674863815308 -1 -1 -1 -1 -1 -1 -1 -1 -1
0.2078157514333725 0.35953131318092346 0.9936137795448303 -1 -1 -1 -1 -1 -1 -1 -1 -1
0.20177072286605835 0.3174368739128113 0.9971621036529541 -1 -1 -1 -1 -1 -1 -1 -1 -1
0.20860962569713593 0.34158825874328613 0.9877907037734985 -1 -1 -1 -1 -1 -1 -1 -1 -1
0.22062058746814728 0.3414294123649597 0.9963988065719604 -1 -1 -1 -1 -1 -1 -1 -1 -1
0.22346706688404083 0.3494374752044678 0.9895095825195312 -1 -1 -1 -1 -1 -1 -1 -1 -1
0.2359732687473297 0.24203301966190338 0.999235987663269 -1 -1 -1 -1 -1 -1 -1 -1 -1
0.24758054316043854 0.3443419933319092 0.9913260340690613 -1 -1 -1 -1 -1 -1 -1 -1 -1
0.26883336901664734 0.3072333335876465 0.9187594056129456 -1 -1 -1 -1 -1 -1 -1 -1 -1
0.29225021600723267 0.37686145305633545 0.12639577686786652 -1 -1 -1 -1 -1 -1 -1 -1 -1
0.26468098163604736 0.3702823221683502 0.8730811476707458 -1 -1 -1 -1 -1 -1 -1 -1 -1
0.29650381207466125 0.3640420436859131 0.32892081141471863 -1 -1 -1 -1 -1 -1 -1 -1 -1
0.2668503522872925 0.3829769492149353 0.8351187109947205 -1 -1 -1 -1 -1 -1 -1 -1 -1
0.30155467987060547 0.3626458942890167 0.3574742376804352 -1 -1 -1 -1 -1 -1 -1 -1 -1
0.26198264956474304 0.38569438457489014 0.829666793346405 -1 -1 -1 -1 -1 -1 -1 -1 -1
0.2946183383464813 0.36205071210861206 0.36452600359916687 -1 -1 -1 -1 -1 -1 -1 -1 -1
0.26273223757743835 0.3823843002319336 0.764940619468689 -1 -1 -1 -1 -1 -1 -1 -1 -1
0.29335641860961914 0.3618314266204834 0.34551557898521423 -1 -1 -1 -1 -1 -1 -1 -1 -1
0.3699043393135071 0.2818219065666199 0.9993302822113037 -1 -1 -1 -1 -1 -1 -1 -1 -1
0.3647157847881317 0.3589467406272888 0.99907386302948 -1 -1 -1 -1 -1 -1 -1 -1 -1
0.4078823924064636 0.2936469614505768 0.9486224055290222 -1 -1 -1 -1 -1 -1 -1 -1 -1
0.39633697271347046 0.38524094223976135 0.8194028735160828 -1 -1 -1 -1 -1 -1 -1 -1 -1
0.45264872908592224 0.4383681118488312 0.9184626936912537 -1 -1 -1 -1 -1 -1 -1 -1 -1
0.4489918053150177 0.3352709412574768 0.6996367573738098 -1 -1 -1 -1 -1 -1 -1 -1 -1
0.4553512930870056 0.4477652311325073 0.891937792301178 -1 -1 -1 -1 -1 -1 -1 -1 -1
0.4519003927707672 0.319457471370697 0.7335389852523804 -1 -1 -1 -1 -1 -1 -1 -1 -1
0.47384312748908997 0.5052916407585144 0.9241029024124146 -1 -1 -1 -1 -1 -1 -1 -1 -1
0.47775718569755554 0.34481412172317505 0.7687754034996033 -1 -1 -1 -1 -1 -1 -1 -1 -1
1 
33 
-1 -1 -1 -1 -1 -1 -1 -1 -1 -1
0.23139771819114685 0.35864725708961487 0.9700483083724976 -1 -1 -1 -1 -1 -1 -1 -1 -1
0.22119376063346863 0.3503931760787964 0.9813101291656494 -1 -1 -1 -1 -1 -1 -1 -1 -1
0.22055767476558685 0.3456112742424011 0.9769192337989807 -1 -1 -1 -1 -1 -1 -1 -1 -1
0.21997302770614624 0.3407958745956421 0.9849140048027039 -1 -1 -1 -1 -1 -1 -1 -1 -1
0.22232016921043396 0.3598245084285736 0.9754033088684082 -1 -1 -1 -1 -1 -1 -1 -1 -1
0.22256828844547272 0.3624573349952698 0.9606432914733887 -1 -1 -1 -1 -1 -1 -1 -1 -1
0.22279812395572662 0.36505264043807983 0.9774035215377808 -1 -1 -1 -1 -1 -1 -1 -1 -1
0.22125597298145294 0.32450249791145325 0.9804304242134094 -1 -1 -1 -1 -1 -1 -1 -1 -1
0.22460338473320007 0.356117844581604 0.9609546065330505 -1 -1 -1 -1 -1 -1 -1 -1 -1
0.238069549202919 0.3461011052131653 0.968525230884552 -1 -1 -1 -1 -1 -1 -1 -1 -1
0.2395312339067459 0.3581322133541107 0.9531092643737793 -1 -1 -1 -1 -1 -1 -1 -1 -1
0.24779197573661804 0.30081287026405334 0.996364951133728 -1 -1 -1 -1 -1 -1 -1 -1 -1
0.2593545913696289 0.3523460626602173 0.9873140454292297 -1 -1 -1 -1 -1 -1 -1 -1 -1
0.2525237798690796 0.32661208510398865 0.8806762099266052 -1 -1 -1 -1 -1 -1 -1 -1 -1
0.272615909576416 0.3631345331668854 0.22583100199699402 -1 -1 -1 -1 -1 -1 -1 -1 -1
0.2351272851228714 0.35190826654434204 0.6946544051170349 -1 -1 -1 -1 -1 -1 -1 -1 -1
0.24248744547367096 0.34526747465133667 0.27621105313301086 -1 -1 -1 -1 -1 -1 -1 -1 -1
0.23051303625106812 0.3532925546169281 0.6420024037361145 -1 -1 -1 -1 -1 -1 -1 -1 -1
0.2367921620607376 0.3379021883010864 0.28374528884887695 -1 -1 -1 -1 -1 -1 -1 -1 -1
0.2287902981042862 0.3527020812034607 0.6267309188842773 -1 -1 -1 -1 -1 -1 -1 -1 -1
0.230813130736351 0.3393004536628723 0.2827928066253662 -1 -1 -1 -1 -1 -1 -1 -1 -1
0.23182132840156555 0.3530527353286743 0.5941948890686035 -1 -1 -1 -1 -1 -1 -1 -1 -1
0.23322716355323792 0.3402753472328186 0.26222094893455505 -1 -1 -1 -1 -1 -1 -1 -1 -1
0.39708244800567627 0.28127849102020264 0.9992221593856812 -1 -1 -1 -1 -1 -1 -1 -1 -1
0.3962385654449463 0.3267332911491394 0.9986347556114197 -1 -1 -1 -1 -1 -1 -1 -1 -1
0.4139268398284912 0.3815280795097351 0.9420987963676453 -1 -1 -1 -1 -1 -1 -1 -1 -1
0.4398081600666046 0.4603422284126282 0.6317006945610046 -1 -1 -1 -1 -1 -1 -1 -1 -1
0.44081345200538635 0.38279083371162415 0.642514705657959 -1 -1 -1 -1 -1 -1 -1 -1 -1
0.4429548978805542 0.3878001570701599 0.4003637135028839 -1 -1 -1 -1 -1 -1 -1 -1 -1
0.43989264965057373 0.36949002742767334 0.7022695541381836 -1 -1 -1 -1 -1 -1 -1 -1 -1
0.4407418370246887 0.3719753623008728 0.48375701904296875 -1 -1 -1 -1 -1 -1 -1 -1 -1
0.4595366418361664 0.415193110704422 0.6776373386383057 -1 -1 -1 -1 -1 -1 -1 -1 -1
0.4524015188217163 0.3949938416481018 0.489101380109787 -1 -1 -1 -1 -1 -1 -1 -1 -1
1 
33 
-1 -1 -1 -1 -1 -1 -1 -1 -1 -1
0.44744473695755005 0.4234383702278137 0.9984706044197083 -1 -1 -1 -1 -1 -1 -1 -1 -1
0.45153164863586426 0.43273261189460754 0.9984762072563171 -1 -1 -1 -1 -1 -1 -1 -1 -1
0.4520072042942047 0.43247973918914795 0.9981196522712708 -1 -1 -1 -1 -1 -1 -1 -1 -1
0.4526081681251526 0.4322175681591034 0.9989981055259705 -1 -1 -1 -1 -1 -1 -1 -1 -1
0.45232072472572327 0.43268561363220215 0.9980804920196533 -1 -1 -1 -1 -1 -1 -1 -1 -1
0.45401692390441895 0.43261417746543884 0.9974992871284485 -1 -1 -1 -1 -1 -1 -1 -1 -1
0.4549895226955414 0.43209871649742126 0.9979810118675232 -1 -1 -1 -1 -1 -1 -1 -1 -1
0.4597441554069519 0.4234955310821533 0.9984887838363647 -1 -1 -1 -1 -1 -1 -1 -1 -1
0.4626689553260803 0.4236214756965637 0.9943727254867554 -1 -1 -1 -1 -1 -1 -1 -1 -1
0.45092007517814636 0.40983569622039795 0.9960976839065552 -1 -1 -1 -1 -1 -1 -1 -1 -1
0.4519251585006714 0.4107421040534973 0.9939417839050293 -1 -1 -1 -1 -1 -1 -1 -1 -1
0.45865556597709656 0.3520989418029785 0.9997155070304871 -1 -1 -1 -1 -1 -1 -1 -1 -1
0.4674631655216217 0.36935484409332275 0.9998811483383179 -1 -1 -1 -1 -1 -1 -1 -1 -1
0.39977243542671204 0.32893064618110657 0.03575287014245987 -1 -1 -1 -1 -1 -1 -1 -1 -1
0.4157138168811798 0.3851889371871948 0.531133770942688 -1 -1 -1 -1 -1 -1 -1 -1 -1
0.3627912700176239 0.3504035472869873 0.05344482883810997 -1 -1 -1 -1 -1 -1 -1 -1 -1
0.4155633747577667 0.44321388006210327 0.47127020359039307 -1 -1 -1 -1 -1 -1 -1 -1 -1
0.3512444496154785 0.35448887944221497 0.07494208961725235 -1 -1 -1 -1 -1 -1 -1 -1 -1
0.4147181510925293 0.45622217655181885 0.4378763735294342 -1 -1 -1 -1 -1 -1 -1 -1 -1
0.3530982732772827 0.3618818521499634 0.07728327065706253 -1 -1 -1 -1 -1 -1 -1 -1 -1
0.4201675355434418 0.4546974301338196 0.4420873820781708 -1 -1 -1 -1 -1 -1 -1 -1 -1
0.3582071363925934 0.35938531160354614 0.07739286124706268 -1 -1 -1 -1 -1 -1 -1 -1 -1
0.4201315641403198 0.44804710149765015 0.3745313584804535 -1 -1 -1 -1 -1 -1 -1 -1 -1
0.3710668981075287 0.2857871651649475 0.9999845027923584 -1 -1 -1 -1 -1 -1 -1 -1 -1
0.37399789690971375 0.295942097902298 0.9999771118164062 -1 -1 -1 -1 -1 -1 -1 -1 -1
0.3413670063018799 0.35051795840263367 0.11082316935062408 -1 -1 -1 -1 -1 -1 -1 -1 -1
0.36106494069099426 0.4461054801940918 0.3376835882663727 -1 -1 -1 -1 -1 -1 -1 -1 -1
0.31035709381103516 0.260628879070282 0.5726762413978577 -1 -1 -1 -1 -1 -1 -1 -1 -1
0.28678053617477417 0.4164328873157501 0.7981936931610107 -1 -1 -1 -1 -1 -1 -1 -1 -1
0.31159287691116333 0.23790839314460754 0.7312717437744141 -1 -1 -1 -1 -1 -1 -1 -1 -1
0.2798601984977722 0.39246267080307007 0.8147910833358765 -1 -1 -1 -1 -1 -1 -1 -1 -1
0.2839665412902832 0.2601175904273987 0.7448382377624512 -1 -1 -1 -1 -1 -1 -1 -1 -1
0.25237128138542175 0.4538031816482544 0.8649286031723022 -1 -1 -1 -1 -1 -1 -1 -1 -1
1 
33 
-1 -1 -1 -1 -1 -1 -1 -1 -1 -1
0.44063127040863037 0.41315385699272156 0.996246874332428 -1 -1 -1 -1 -1 -1 -1 -1 -1
0.4417259991168976 0.42347627878189087 0.9985858201980591 -1 -1 -1 -1 -1 -1 -1 -1 -1
0.44065865874290466 0.42537063360214233 0.9982092380523682 -1 -1 -1 -1 -1 -1 -1 -1 -1
0.43958431482315063 0.4272359609603882 0.9987245202064514 -1 -1 -1 -1 -1 -1 -1 -1 -1
0.4446277618408203 0.4194304049015045 0.9973143935203552 -1 -1 -1 -1 -1 -1 -1 -1 -1
0.44556576013565063 0.41850200295448303 0.9959434866905212 -1 -1 -1 -1 -1 -1 -1 -1 -1
0.44649097323417664 0.41755300760269165 0.9958739876747131 -1 -1 -1 -1 -1 -1 -1 -1 -1
0.4369141161441803 0.43323397636413574 0.9993243217468262 -1 -1 -1 -1 -1 -1 -1 -1 -1
0.44664546847343445 0.4185108542442322 0.9942424893379211 -1 -1 -1 -1 -1 -1 -1 -1 -1
0.43593135476112366 0.41179394721984863 0.9988479614257812 -1 -1 -1 -1 -1 -1 -1 -1 -1
0.4391796886920929 0.4069017767906189 0.9979548454284668 -1 -1 -1 -1 -1 -1 -1 -1 -1
0.4125067889690399 0.43675434589385986 0.9994334578514099 -1 -1 -1 -1 -1 -1 -1 -1 -1
0.4447022080421448 0.38237714767456055 0.9959839582443237 -1 -1 -1 -1 -1 -1 -1 -1 -1
0.3848459720611572 0.42305517196655273 0.6395209431648254 -1 -1 -1 -1 -1 -1 -1 -1 -1
0.4442930221557617 0.3473026752471924 0.13540194928646088 -1 -1 -1 -1 -1 -1 -1 -1 -1
0.40265953540802 0.40059399604797363 0.48758968710899353 -1 -1 -1 -1 -1 -1 -1 -1 -1
0.44367021322250366 0.36567944288253784 0.08286191523075104 -1 -1 -1 -1 -1 -1 -1 -1 -1
0.4053758680820465 0.3950861692428589 0.40549802780151367 -1 -1 -1 -1 -1 -1 -1 -1 -1
0.44368284940719604 0.3667329251766205 0.08309797942638397 -1 -1 -1 -1 -1 -1 -1 -1 -1
0.40948861837387085 0.3963257074356079 0.37959349155426025 -1 -1 -1 -1 -1 -1 -1 -1 -1
0.44382739067077637 0.3701123893260956 0.08063380420207977 -1 -1 -1 -1 -1 -1 -1 -1 -1
0.4087619185447693 0.39729973673820496 0.31629881262779236 -1 -1 -1 -1 -1 -1 -1 -1 -1
0.44313496351242065 0.37045422196388245 0.08392370492219925 -1 -1 -1 -1 -1 -1 -1 -1 -1
0.36551886796951294 0.3799385130405426 0.9998428821563721 -1 -1 -1 -1 -1 -1 -1 -1 -1
0.38424980640411377 0.34296584129333496 0.99965500831604 -1 -1 -1 -1 -1 -1 -1 -1 -1
0.36819255352020264 0.42398571968078613 0.9354928135871887 -1 -1 -1 -1 -1 -1 -1 -1 -1
0.4318103790283203 0.29827430844306946 0.7075204849243164 -1 -1 -1 -1 -1 -1 -1 -1 -1
0.3752020001411438 0.34474486112594604 0.8289739489555359 -1 -1 -1 -1 -1 -1 -1 -1 -1
0.4138473868370056 0.3001483380794525 0.647652804851532 -1 -1 -1 -1 -1 -1 -1 -1 -1
0.3763825595378876 0.33303186297416687 0.7979310750961304 -1 -1 -1 -1 -1 -1 -1 -1 -1
0.4065839350223541 0.30115488171577454 0.6878381967544556 -1 -1 -1 -1 -1 -1 -1 -1 -1
0.38133683800697327 0.3184114694595337 0.7919991612434387 -1 -1 -1 -1 -1 -1 -1 -1 -1
0.42261436581611633 0.2946336269378662 0.6281454563140869 -1 -1 -1 -1 -1 -1 -1 -1 -1
1 
33 
-1 -1 -1 -1 -1 -1 -1 -1 -1 -1
0.4375644028186798 0.37848442792892456 0.9117229580879211 -1 -1 -1 -1 -1 -1 -1 -1 -1
0.4386312961578369 0.387359619140625 0.9488164782524109 -1 -1 -1 -1 -1 -1 -1 -1 -1
0.43785586953163147 0.3896390497684479 0.9395838975906372 -1 -1 -1 -1 -1 -1 -1 -1 -1
0.43707603216171265 0.391873300075531 0.9535793662071228 -1 -1 -1 -1 -1 -1 -1 -1 -1
0.4391959309577942 0.38171738386154175 0.9503505229949951 -1 -1 -1 -1 -1 -1 -1 -1 -1
0.43874773383140564 0.3800342381000519 0.9456642270088196 -1 -1 -1 -1 -1 -1 -1 -1 -1
0.438320517539978 0.37840551137924194 0.9495307207107544 -1 -1 -1 -1 -1 -1 -1 -1 -1
0.4289942681789398 0.3944845497608185 0.9636046290397644 -1 -1 -1 -1 -1 -1 -1 -1 -1
0.4309597909450531 0.3757774233818054 0.9267821311950684 -1 -1 -1 -1 -1 -1 -1 -1 -1
0.4306526184082031 0.3761436641216278 0.9019555449485779 -1 -1 -1 -1 -1 -1 -1 -1 -1
0.43115973472595215 0.36970382928848267 0.8946009874343872 -1 -1 -1 -1 -1 -1 -1 -1 -1
0.40497514605522156 0.38856226205825806 0.9974581599235535 -1 -1 -1 -1 -1 -1 -1 -1 -1
0.4112851023674011 0.34451210498809814 0.9985333681106567 -1 -1 -1 -1 -1 -1 -1 -1 -1
0.4007875621318817 0.3859562575817108 0.4676595628261566 -1 -1 -1 -1 -1 -1 -1 -1 -1
0.4204847812652588 0.36387690901756287 0.2238616943359375 -1 -1 -1 -1 -1 -1 -1 -1 -1
0.3919591009616852 0.3760872185230255 0.2058255523443222 -1 -1 -1 -1 -1 -1 -1 -1 -1
0.42422372102737427 0.40335968136787415 0.18328295648097992 -1 -1 -1 -1 -1 -1 -1 -1 -1
0.3889613151550293 0.38240131735801697 0.18804752826690674 -1 -1 -1 -1 -1 -1 -1 -1 -1
0.42400795221328735 0.4149954319000244 0.15753541886806488 -1 -1 -1 -1 -1 -1 -1 -1 -1
0.3877224624156952 0.3798602521419525 0.18653206527233124 -1 -1 -1 -1 -1 -1 -1 -1 -1
0.42513948678970337 0.41241568326950073 0.1566702127456665 -1 -1 -1 -1 -1 -1 -1 -1 -1
0.3888254463672638 0.376193642616272 0.16453468799591064 -1 -1 -1 -1 -1 -1 -1 -1 -1
0.42565131187438965 0.40785279870033264 0.166900172829628 -1 -1 -1 -1 -1 -1 -1 -1 -1
0.3078198730945587 0.33655768632888794 0.9975820779800415 -1 -1 -1 -1 -1 -1 -1 -1 -1
0.3112782835960388 0.3107936382293701 0.9982117414474487 -1 -1 -1 -1 -1 -1 -1 -1 -1
0.37114986777305603 0.35486963391304016 0.6751353144645691 -1 -1 -1 -1 -1 -1 -1 -1 -1
0.3757026791572571 0.3315349817276001 0.16468177735805511 -1 -1 -1 -1 -1 -1 -1 -1 -1
0.4359334707260132 0.3753412961959839 0.5371519923210144 -1 -1 -1 -1 -1 -1 -1 -1 -1
0.4289141893386841 0.331153929233551 0.11256413161754608 -1 -1 -1 -1 -1 -1 -1 -1 -1
0.4398755431175232 0.3674415349960327 0.6091185808181763 -1 -1 -1 -1 -1 -1 -1 -1 -1
0.43233752250671387 0.3234458267688751 0.15315385162830353 -1 -1 -1 -1 -1 -1 -1 -1 -1
0.47266557812690735 0.42184188961982727 0.6717435121536255 -1 -1 -1 -1 -1 -1 -1 -1 -1
0.45884135365486145 0.36153489351272583 0.23938380181789398 -1 -1 -1 -1 -1 -1 -1 -1 -1
1 
33 
-1 -1 -1 -1 -1 -1 -1 -1 -1 -1
0.46007615327835083 0.42780977487564087 0.9851095676422119 -1 -1 -1 -1 -1 -1 -1 -1 -1
0.4662089943885803 0.42567747831344604 0.9810670614242554 -1 -1 -1 -1 -1 -1 -1 -1 -1
0.4671872854232788 0.4233711063861847 0.9770833253860474 -1 -1 -1 -1 -1 -1 -1 -1 -1
0.46813130378723145 0.42106491327285767 0.9834278225898743 -1 -1 -1 -1 -1 -1 -1 -1 -1
0.464995801448822 0.4268064796924591 0.9846407175064087 -1 -1 -1 -1 -1 -1 -1 -1 -1
0.46521279215812683 0.42536473274230957 0.9808835983276367 -1 -1 -1 -1 -1 -1 -1 -1 -1
0.4654162526130676 0.4239824414253235 0.9849848747253418 -1 -1 -1 -1 -1 -1 -1 -1 -1
0.47185856103897095 0.4016593396663666 0.9769459366798401 -1 -1 -1 -1 -1 -1 -1 -1 -1
0.4681170582771301 0.40443316102027893 0.9782794117927551 -1 -1 -1 -1 -1 -1 -1 -1 -1
0.4579789936542511 0.41273489594459534 0.9793196320533752 -1 -1 -1 -1 -1 -1 -1 -1 -1
0.45675182342529297 0.4149855971336365 0.9808989763259888 -1 -1 -1 -1 -1 -1 -1 -1 -1
0.45701369643211365 0.36530250310897827 0.9982872605323792 -1 -1 -1 -1 -1 -1 -1 -1 -1
0.4518188238143921 0.36591577529907227 0.9966681599617004 -1 -1 -1 -1 -1 -1 -1 -1 -1
0.44870513677597046 0.37311071157455444 0.3005380928516388 -1 -1 -1 -1 -1 -1 -1 -1 -1
0.4468773603439331 0.3740285634994507 0.5913569927215576 -1 -1 -1 -1 -1 -1 -1 -1 -1
0.43905210494995117 0.3952985405921936 0.41309839487075806 -1 -1 -1 -1 -1 -1 -1 -1 -1
0.4434809982776642 0.3904549181461334 0.7073876857757568 -1 -1 -1 -1 -1 -1 -1 -1 -1
0.4362829923629761 0.40229207277297974 0.4560108482837677 -1 -1 -1 -1 -1 -1 -1 -1 -1
0.43978437781333923 0.39157748222351074 0.7038223743438721 -1 -1 -1 -1 -1 -1 -1 -1 -1
0.43970727920532227 0.3977779150009155 0.459684818983078 -1 -1 -1 -1 -1 -1 -1 -1 -1
0.44118621945381165 0.3961915969848633 0.696729838848114 -1 -1 -1 -1 -1 -1 -1 -1 -1
0.4392814636230469 0.3959559202194214 0.4302597939968109 -1 -1 -1 -1 -1 -1 -1 -1 -1
0.4416202902793884 0.3944912552833557 0.6417507529258728 -1 -1 -1 -1 -1 -1 -1 -1 -1
0.333077996969223 0.2915852963924408 0.9994840621948242 -1 -1 -1 -1 -1 -1 -1 -1 -1
0.33403685688972473 0.2836921513080597 0.999473512172699 -1 -1 -1 -1 -1 -1 -1 -1 -1
0.311734139919281 0.2788481116294861 0.42870184779167175 -1 -1 -1 -1 -1 -1 -1 -1 -1
0.32250672578811646 0.23101717233657837 0.290722131729126 -1 -1 -1 -1 -1 -1 -1 -1 -1
0.2894561290740967 0.2143772393465042 0.43651697039604187 -1 -1 -1 -1 -1 -1 -1 -1 -1
0.27415016293525696 0.19962124526500702 0.541918933391571 -1 -1 -1 -1 -1 -1 -1 -1 -1
0.28955891728401184 0.20984648168087006 0.4569132924079895 -1 -1 -1 -1 -1 -1 -1 -1 -1
0.2697027921676636 0.2010827362537384 0.6684046387672424 -1 -1 -1 -1 -1 -1 -1 -1 -1
0.2794926166534424 0.18553480505943298 0.576095461845398 -1 -1 -1 -1 -1 -1 -1 -1 -1
0.2563510239124298 0.17042890191078186 0.6959467530250549 -1 -1 -1 -1 -1 -1 -1 -1 -1
1 
33 
-1 -1 -1 -1 -1 -1 -1 -1 -1 -1
0.8513853549957275 0.7374304533004761 0.9905272722244263 -1 -1 -1 -1 -1 -1 -1 -1 -1
0.8462713956832886 0.7388718128204346 0.9889920949935913 -1 -1 -1 -1 -1 -1 -1 -1 -1
0.8460025787353516 0.7381008863449097 0.9889732003211975 -1 -1 -1 -1 -1 -1 -1 -1 -1
0.844305157661438 0.7319019436836243 0.9898303151130676 -1 -1 -1 -1 -1 -1 -1 -1 -1
0.8467519283294678 0.7422162294387817 0.9906229376792908 -1 -1 -1 -1 -1 -1 -1 -1 -1
0.8483109474182129 0.7491897344589233 0.9892533421516418 -1 -1 -1 -1 -1 -1 -1 -1 -1
0.8484389781951904 0.7507842779159546 0.9896149635314941 -1 -1 -1 -1 -1 -1 -1 -1 -1
0.8464975953102112 0.7413331270217896 0.9935610294342041 -1 -1 -1 -1 -1 -1 -1 -1 -1
0.8498885035514832 0.7593513131141663 0.9936864972114563 -1 -1 -1 -1 -1 -1 -1 -1 -1
0.8541641235351562 0.7346738576889038 0.9950679540634155 -1 -1 -1 -1 -1 -1 -1 -1 -1
0.8561331033706665 0.7446224689483643 0.9956996440887451 -1 -1 -1 -1 -1 -1 -1 -1 -1
0.8908486366271973 0.7161075472831726 0.9970621466636658 -1 -1 -1 -1 -1 -1 -1 -1 -1
0.890312910079956 0.7836261987686157 0.9984217882156372 -1 -1 -1 -1 -1 -1 -1 -1 -1
0.9388037323951721 0.6962792873382568 0.8195656538009644 -1 -1 -1 -1 -1 -1 -1 -1 -1
0.9323738813400269 0.7720569968223572 0.9237780570983887 -1 -1 -1 -1 -1 -1 -1 -1 -1
0.9496352672576904 0.691626250743866 0.7575001120567322 -1 -1 -1 -1 -1 -1 -1 -1 -1
0.9378806948661804 0.7276832461357117 0.9280086755752563 -1 -1 -1 -1 -1 -1 -1 -1 -1
0.9566596746444702 0.6886586546897888 0.6978484988212585 -1 -1 -1 -1 -1 -1 -1 -1 -1
0.9443204402923584 0.7157118320465088 0.9099616408348083 -1 -1 -1 -1 -1 -1 -1 -1 -1
0.9508204460144043 0.6910091638565063 0.7054484486579895 -1 -1 -1 -1 -1 -1 -1 -1 -1
0.9394794702529907 0.7139268517494202 0.9154546856880188 -1 -1 -1 -1 -1 -1 -1 -1 -1
0.9485896229743958 0.6936099529266357 0.7082619071006775 -1 -1 -1 -1 -1 -1 -1 -1 -1
0.9377731680870056 0.7177724838256836 0.9062964916229248 -1 -1 -1 -1 -1 -1 -1 -1 -1
0.9887036085128784 0.6838184595108032 0.9554082751274109 -1 -1 -1 -1 -1 -1 -1 -1 -1
0.9916651844978333 0.731253445148468 0.9694225192070007 -1 -1 -1 -1 -1 -1 -1 -1 -1
1.061052918434143 0.635078489780426 0.6175983548164368 -1 -1 -1 -1 -1 -1 -1 -1 -1
1.0668803453445435 0.7080079913139343 0.33112242817878723 -1 -1 -1 -1 -1 -1 -1 -1 -1
1.112792730331421 0.6243072748184204 0.1315900683403015 -1 -1 -1 -1 -1 -1 -1 -1 -1
1.128990888595581 0.665949285030365 0.10922161489725113 -1 -1 -1 -1 -1 -1 -1 -1 -1
1.1192553043365479 0.626960813999176 0.1477719098329544 -1 -1 -1 -1 -1 -1 -1 -1 -1
1.1369884014129639 0.660409152507782 0.134810209274292 -1 -1 -1 -1 -1 -1 -1 -1 -1
1.1297065019607544 0.6144481301307678 0.11787335574626923 -1 -1 -1 -1 -1 -1 -1 -1 -1
1.1465836763381958 0.6540772318840027 0.09255775809288025 -1 -1 -1 -1 -1 -1 -1 -1 -1
1 
33 
-1 -1 -1 -1 -1 -1 -1 -1 -1 -1
0.4666438400745392 0.3954842686653137 0.5405659079551697 -1 -1 -1 -1 -1 -1 -1 -1 -1
0.4665694236755371 0.3982389271259308 0.5436335802078247 -1 -1 -1 -1 -1 -1 -1 -1 -1
0.4669366776943207 0.3985675275325775 0.49204733967781067 -1 -1 -1 -1 -1 -1 -1 -1 -1
0.46731311082839966 0.3988913893699646 0.6258779168128967 -1 -1 -1 -1 -1 -1 -1 -1 -1
0.46612685918807983 0.3982431888580322 0.5678707957267761 -1 -1 -1 -1 -1 -1 -1 -1 -1
0.46616703271865845 0.39858126640319824 0.5409936308860779 -1 -1 -1 -1 -1 -1 -1 -1 -1
0.4662061333656311 0.3989068865776062 0.6244576573371887 -1 -1 -1 -1 -1 -1 -1 -1 -1
0.47001218795776367 0.40115758776664734 0.5654865503311157 -1 -1 -1 -1 -1 -1 -1 -1 -1
0.4686201810836792 0.40126660466194153 0.6211899518966675 -1 -1 -1 -1 -1 -1 -1 -1 -1
0.4690018594264984 0.3949984014034271 0.6158083081245422 -1 -1 -1 -1 -1 -1 -1 -1 -1
0.4684692621231079 0.39496880769729614 0.5161157846450806 -1 -1 -1 -1 -1 -1 -1 -1 -1
0.48151955008506775 0.3985816240310669 0.8862048983573914 -1 -1 -1 -1 -1 -1 -1 -1 -1
0.4757535457611084 0.3979713022708893 0.9723396897315979 -1 -1 -1 -1 -1 -1 -1 -1 -1
0.4852370023727417 0.3927052319049835 0.013401055708527565 -1 -1 -1 -1 -1 -1 -1 -1 -1
0.4664267599582672 0.3890882134437561 0.7103075385093689 -1 -1 -1 -1 -1 -1 -1 -1 -1
0.4800474941730499 0.3931071162223816 0.019340848550200462 -1 -1 -1 -1 -1 -1 -1 -1 -1
0.4546137750148773 0.3798149526119232 0.652998149394989 -1 -1 -1 -1 -1 -1 -1 -1 -1
0.4782579839229584 0.39671722054481506 0.025829628109931946 -1 -1 -1 -1 -1 -1 -1 -1 -1
0.4505196809768677 0.3780836760997772 0.6232742071151733 -1 -1 -1 -1 -1 -1 -1 -1 -1
0.47706174850463867 0.39457273483276367 0.02778446674346924 -1 -1 -1 -1 -1 -1 -1 -1 -1
0.45109111070632935 0.3800036311149597 0.5934449434280396 -1 -1 -1 -1 -1 -1 -1 -1 -1
0.4777349829673767 0.3928562104701996 0.028540736064314842 -1 -1 -1 -1 -1 -1 -1 -1 -1
0.4529493451118469 0.3807821273803711 0.5038626790046692 -1 -1 -1 -1 -1 -1 -1 -1 -1
0.5142565369606018 0.3992483615875244 0.9865102171897888 -1 -1 -1 -1 -1 -1 -1 -1 -1
0.5146427750587463 0.3996178209781647 0.9878939986228943 -1 -1 -1 -1 -1 -1 -1 -1 -1
0.5335057377815247 0.41303563117980957 0.06372112035751343 -1 -1 -1 -1 -1 -1 -1 -1 -1
0.538785457611084 0.4102826714515686 0.7290024161338806 -1 -1 -1 -1 -1 -1 -1 -1 -1
0.5561027526855469 0.431673139333725 0.1358100026845932 -1 -1 -1 -1 -1 -1 -1 -1 -1
0.557248592376709 0.43775299191474915 0.6244481801986694 -1 -1 -1 -1 -1 -1 -1 -1 -1
0.5582574605941772 0.4371558129787445 0.20963849127292633 -1 -1 -1 -1 -1 -1 -1 -1 -1
0.5577079057693481 0.44563302397727966 0.721127986907959 -1 -1 -1 -1 -1 -1 -1 -1 -1
0.5635055303573608 0.43071869015693665 0.22033582627773285 -1 -1 -1 -1 -1 -1 -1 -1 -1
0.5656585097312927 0.43751049041748047 0.6077255010604858 -1 -1 -1 -1 -1 -1 -1 -1 -1
1 
33 
-1 -1 -1 -1 -1 -1 -1 -1 -1 -1
0.875426173210144 0.5997394919395447 0.9549229145050049 -1 -1 -1 -1 -1 -1 -1 -1 -1
0.8714456558227539 0.6021283864974976 0.9464120268821716 -1 -1 -1 -1 -1 -1 -1 -1 -1
0.8712555170059204 0.6007552146911621 0.942955732345581 -1 -1 -1 -1 -1 -1 -1 -1 -1
0.8710834383964539 0.59935063123703 0.9432996511459351 -1 -1 -1 -1 -1 -1 -1 -1 -1
0.8722373843193054 0.607780396938324 0.9385207295417786 -1 -1 -1 -1 -1 -1 -1 -1 -1
0.8726102113723755 0.6104143261909485 0.9331738948822021 -1 -1 -1 -1 -1 -1 -1 -1 -1
0.8729718923568726 0.6129961013793945 0.9486420154571533 -1 -1 -1 -1 -1 -1 -1 -1 -1
0.8739702105522156 0.6019325852394104 0.9371713995933533 -1 -1 -1 -1 -1 -1 -1 -1 -1
0.8767228722572327 0.6202468872070312 0.9579265713691711 -1 -1 -1 -1 -1 -1 -1 -1 -1
0.880108118057251 0.5961074233055115 0.94295734167099 -1 -1 -1 -1 -1 -1 -1 -1 -1
0.8810700178146362 0.6029515266418457 0.9363111257553101 -1 -1 -1 -1 -1 -1 -1 -1 -1
0.8943995833396912 0.5791974067687988 0.9822418689727783 -1 -1 -1 -1 -1 -1 -1 -1 -1
0.8989334106445312 0.6313186287879944 0.9953411817550659 -1 -1 -1 -1 -1 -1 -1 -1 -1
0.9010986089706421 0.568687915802002 0.6511064171791077 -1 -1 -1 -1 -1 -1 -1 -1 -1
0.8863393664360046 0.6509182453155518 0.9805479049682617 -1 -1 -1 -1 -1 -1 -1 -1 -1
0.8771977424621582 0.5779746174812317 0.7638696432113647 -1 -1 -1 -1 -1 -1 -1 -1 -1
0.8458138704299927 0.6509013175964355 0.9846557378768921 -1 -1 -1 -1 -1 -1 -1 -1 -1
0.8722569942474365 0.5812576413154602 0.7047462463378906 -1 -1 -1 -1 -1 -1 -1 -1 -1
0.8358954191207886 0.6522287726402283 0.9625956416130066 -1 -1 -1 -1 -1 -1 -1 -1 -1
0.8672239780426025 0.5825910568237305 0.7018577456474304 -1 -1 -1 -1 -1 -1 -1 -1 -1
0.8347924947738647 0.6538746953010559 0.9588844776153564 -1 -1 -1 -1 -1 -1 -1 -1 -1
0.8690344095230103 0.5815525054931641 0.7026292681694031 -1 -1 -1 -1 -1 -1 -1 -1 -1
0.8387704491615295 0.6521221995353699 0.9496320486068726 -1 -1 -1 -1 -1 -1 -1 -1 -1
0.9699130654335022 0.524336576461792 0.9882729649543762 -1 -1 -1 -1 -1 -1 -1 -1 -1
0.9795263409614563 0.5539416074752808 0.9916310906410217 -1 -1 -1 -1 -1 -1 -1 -1 -1
0.9904279708862305 0.4908197522163391 0.832827627658844 -1 -1 -1 -1 -1 -1 -1 -1 -1
1.027531623840332 0.531103789806366 0.8445097208023071 -1 -1 -1 -1 -1 -1 -1 -1 -1
1.0070297718048096 0.467808336019516 0.6155503392219543 -1 -1 -1 -1 -1 -1 -1 -1 -1
1.0212714672088623 0.488311767578125 0.466866135597229 -1 -1 -1 -1 -1 -1 -1 -1 -1
1.0059714317321777 0.46446582674980164 0.6072092652320862 -1 -1 -1 -1 -1 -1 -1 -1 -1
1.0177439451217651 0.485452264547348 0.48813557624816895 -1 -1 -1 -1 -1 -1 -1 -1 -1
1.0203042030334473 0.4642459750175476 0.5859721302986145 -1 -1 -1 -1 -1 -1 -1 -1 -1
1.026826024055481 0.47291648387908936 0.4773132801055908 -1 -1 -1 -1 -1 -1 -1 -1 -1
1 
