33
1 
33 
-1 -1 -1 -1 -1 -1 -1 -1 -1 -1
0.5355373620986938 0.4205613136291504 0.9988670349121094 -1 -1 -1 -1 -1 -1 -1 -1 -1
0.5322887897491455 0.4103722870349884 0.9983184337615967 -1 -1 -1 -1 -1 -1 -1 -1 -1
0.5317986011505127 0.4102048873901367 0.99764484167099 -1 -1 -1 -1 -1 -1 -1 -1 -1
0.5313080549240112 0.4099769592285156 0.9985020160675049 -1 -1 -1 -1 -1 -1 -1 -1 -1
0.5311839580535889 0.41008588671684265 0.9983914494514465 -1 -1 -1 -1 -1 -1 -1 -1 -1
0.5299153923988342 0.4097726345062256 0.9982720613479614 -1 -1 -1 -1 -1 -1 -1 -1 -1
0.5286306142807007 0.4093762934207916 0.9986976385116577 -1 -1 -1 -1 -1 -1 -1 -1 -1
0.5241068005561829 0.41491949558258057 0.998330295085907 -1 -1 -1 -1 -1 -1 -1 -1 -1
0.5210614204406738 0.41403254866600037 0.9984536170959473 -1 -1 -1 -1 -1 -1 -1 -1 -1
0.5333724617958069 0.42993754148483276 0.9965225458145142 -1 -1 -1 -1 -1 -1 -1 -1 -1
0.5318369269371033 0.42872148752212524 0.996548593044281 -1 -1 -1 -1 -1 -1 -1 -1 -1
0.5183223485946655 0.4565754532814026 0.9960824251174927 -1 -1 -1 -1 -1 -1 -1 -1 -1
0.5087527632713318 0.45012032985687256 0.9990350008010864 -1 -1 -1 -1 -1 -1 -1 -1 -1
0.5468778610229492 0.4091874063014984 0.2652706503868103 -1 -1 -1 -1 -1 -1 -1 -1 -1
0.5345826148986816 0.39094820618629456 0.9882194995880127 -1 -1 -1 -1 -1 -1 -1 -1 -1
0.5545392036437988 0.34037286043167114 0.30704835057258606 -1 -1 -1 -1 -1 -1 -1 -1 -1
0.5305891036987305 0.3151766061782837 0.9823687672615051 -1 -1 -1 -1 -1 -1 -1 -1 -1
0.5548877716064453 0.3284139335155487 0.3215544521808624 -1 -1 -1 -1 -1 -1 -1 -1 -1
0.5246785879135132 0.3006005883216858 0.9723079204559326 -1 -1 -1 -1 -1 -1 -1 -1 -1
0.5374702215194702 0.3250579237937927 0.32636719942092896 -1 -1 -1 -1 -1 -1 -1 -1 -1
0.5229954719543457 0.2995244264602661 0.967791736125946 -1 -1 -1 -1 -1 -1 -1 -1 -1
0.5380361080169678 0.32773640751838684 0.36424481868743896 -1 -1 -1 -1 -1 -1 -1 -1 -1
0.5251219868659973 0.3048779368400574 0.9563008546829224 -1 -1 -1 -1 -1 -1 -1 -1 -1
0.4775642156600952 0.6032378673553467 0.9988250136375427 -1 -1 -1 -1 -1 -1 -1 -1 -1
0.4708375632762909 0.5990536212921143 0.9983553290367126 -1 -1 -1 -1 -1 -1 -1 -1 -1
0.5046432614326477 0.7045718431472778 0.18929527699947357 -1 -1 -1 -1 -1 -1 -1 -1 -1
0.5150121450424194 0.6993283629417419 0.973162829875946 -1 -1 -1 -1 -1 -1 -1 -1 -1
0.4718243479728699 0.802361011505127 0.2907629907131195 -1 -1 -1 -1 -1 -1 -1 -1 -1
0.4745297133922577 0.7989537119865417 0.896856963634491 -1 -1 -1 -1 -1 -1 -1 -1 -1
0.45936137437820435 0.8110306262969971 0.3816823959350586 -1 -1 -1 -1 -1 -1 -1 -1 -1
0.46309834718704224 0.8071285486221313 0.8466373085975647 -1 -1 -1 -1 -1 -1 -1 -1 -1
0.4911186993122101 0.8369441628456116 0.389713853597641 -1 -1 -1 -1 -1 -1 -1 -1 -1
0.49063703417778015 0.8453026413917542 0.8503594398498535 -1 -1 -1 -1 -1 -1 -1 -1 -1
1 
33 
-1 -1 -1 -1 -1 -1 -1 -1 -1 -1
0.5359212756156921 0.44251424074172974 0.9960393905639648 -1 -1 -1 -1 -1 -1 -1 -1 -1
0.5363004803657532 0.430742084980011 0.9938592314720154 -1 -1 -1 -1 -1 -1 -1 -1 -1
0.5358413457870483 0.42990657687187195 0.9923646450042725 -1 -1 -1 -1 -1 -1 -1 -1 -1
0.5353174805641174 0.4289252460002899 0.9940713047981262 -1 -1 -1 -1 -1 -1 -1 -1 -1
0.5355746150016785 0.43018242716789246 0.9951025247573853 -1 -1 -1 -1 -1 -1 -1 -1 -1
0.5345545411109924 0.4289465546607971 0.9951049089431763 -1 -1 -1 -1 -1 -1 -1 -1 -1
0.5334476232528687 0.42758405208587646 0.9954256415367126 -1 -1 -1 -1 -1 -1 -1 -1 -1
0.5271787047386169 0.424920916557312 0.9902629852294922 -1 -1 -1 -1 -1 -1 -1 -1 -1
0.524971067905426 0.4245094954967499 0.9943335056304932 -1 -1 -1 -1 -1 -1 -1 -1 -1
0.5313887000083923 0.44926655292510986 0.9803550243377686 -1 -1 -1 -1 -1 -1 -1 -1 -1
0.5305101275444031 0.44813060760498047 0.9860697984695435 -1 -1 -1 -1 -1 -1 -1 -1 -1
0.5104143023490906 0.45767998695373535 0.9955086708068848 -1 -1 -1 -1 -1 -1 -1 -1 -1
0.5054739713668823 0.454745888710022 0.9974557757377625 -1 -1 -1 -1 -1 -1 -1 -1 -1
0.5479018092155457 0.42242252826690674 0.317407488822937 -1 -1 -1 -1 -1 -1 -1 -1 -1
0.5478465557098389 0.42287686467170715 0.9890929460525513 -1 -1 -1 -1 -1 -1 -1 -1 -1
0.5780723094940186 0.3755006194114685 0.461298406124115 -1 -1 -1 -1 -1 -1 -1 -1 -1
0.5798510909080505 0.3712741732597351 0.9813396334648132 -1 -1 -1 -1 -1 -1 -1 -1 -1
0.5850297808647156 0.36835917830467224 0.5022711753845215 -1 -1 -1 -1 -1 -1 -1 -1 -1
0.5873146653175354 0.36691927909851074 0.9681702852249146 -1 -1 -1 -1 -1 -1 -1 -1 -1
0.5839092135429382 0.3666751980781555 0.5079454183578491 -1 -1 -1 -1 -1 -1 -1 -1 -1
0.5855464935302734 0.363529771566391 0.9622893333435059 -1 -1 -1 -1 -1 -1 -1 -1 -1
0.5821570754051208 0.36768096685409546 0.5356315970420837 -1 -1 -1 -1 -1 -1 -1 -1 -1
0.5835090279579163 0.36456143856048584 0.9390706419944763 -1 -1 -1 -1 -1 -1 -1 -1 -1
0.4700279235839844 0.5909978747367859 0.9986573457717896 -1 -1 -1 -1 -1 -1 -1 -1 -1
0.46596261858940125 0.5857328176498413 0.9970097541809082 -1 -1 -1 -1 -1 -1 -1 -1 -1
0.4977657198905945 0.6957626342773438 0.1382322758436203 -1 -1 -1 -1 -1 -1 -1 -1 -1
0.49815940856933594 0.6895627975463867 0.8858028650283813 -1 -1 -1 -1 -1 -1 -1 -1 -1
0.462501585483551 0.790155291557312 0.19500477612018585 -1 -1 -1 -1 -1 -1 -1 -1 -1
0.45758214592933655 0.794550895690918 0.8850404620170593 -1 -1 -1 -1 -1 -1 -1 -1 -1
0.45154711604118347 0.8018329739570618 0.3375139534473419 -1 -1 -1 -1 -1 -1 -1 -1 -1
0.44627198576927185 0.804832935333252 0.8809012770652771 -1 -1 -1 -1 -1 -1 -1 -1 -1
0.4834074378013611 0.8356878757476807 0.30371007323265076 -1 -1 -1 -1 -1 -1 -1 -1 -1
0.4736877977848053 0.8366999626159668 0.8319932222366333 -1 -1 -1 -1 -1 -1 -1 -1 -1
1 
33 
-1 -1 -1 -1 -1 -1 -1 -1 -1 -1
0.5418642163276672 0.44338923692703247 0.9983634352684021 -1 -1 -1 -1 -1 -1 -1 -1 -1
0.5453636050224304 0.4334287643432617 0.9976500868797302 -1 -1 -1 -1 -1 -1 -1 -1 -1
0.545173168182373 0.4320066273212433 0.9969336986541748 -1 -1 -1 -1 -1 -1 -1 -1 -1
0.5449817180633545 0.430302232503891 0.9980935454368591 -1 -1 -1 -1 -1 -1 -1 -1 -1
0.5449064373970032 0.43331414461135864 0.9982929825782776 -1 -1 -1 -1 -1 -1 -1 -1 -1
0.5443572998046875 0.43200209736824036 0.9980319142341614 -1 -1 -1 -1 -1 -1 -1 -1 -1
0.5438807606697083 0.43060043454170227 0.9983751773834229 -1 -1 -1 -1 -1 -1 -1 -1 -1
0.5371344089508057 0.42079025506973267 0.997205913066864 -1 -1 -1 -1 -1 -1 -1 -1 -1
0.5358823537826538 0.42141401767730713 0.9986439347267151 -1 -1 -1 -1 -1 -1 -1 -1 -1
0.5362318158149719 0.44512253999710083 0.9974623918533325 -1 -1 -1 -1 -1 -1 -1 -1 -1
0.53582364320755 0.44511470198631287 0.9978559613227844 -1 -1 -1 -1 -1 -1 -1 -1 -1
0.5164227485656738 0.42521002888679504 0.9985029697418213 -1 -1 -1 -1 -1 -1 -1 -1 -1
0.5106786489486694 0.44058957695961 0.9993751645088196 -1 -1 -1 -1 -1 -1 -1 -1 -1
0.5578545331954956 0.4352428615093231 0.44851329922676086 -1 -1 -1 -1 -1 -1 -1 -1 -1
0.5587173700332642 0.46369022130966187 0.9968727231025696 -1 -1 -1 -1 -1 -1 -1 -1 -1
0.5991003513336182 0.4337441027164459 0.5403220057487488 -1 -1 -1 -1 -1 -1 -1 -1 -1
0.6049410700798035 0.48255443572998047 0.986308753490448 -1 -1 -1 -1 -1 -1 -1 -1 -1
0.6097077131271362 0.42467665672302246 0.5414057374000549 -1 -1 -1 -1 -1 -1 -1 -1 -1
0.6159023642539978 0.484518826007843 0.9735968708992004 -1 -1 -1 -1 -1 -1 -1 -1 -1
0.6114562153816223 0.42434340715408325 0.5586576461791992 -1 -1 -1 -1 -1 -1 -1 -1 -1
0.6158835887908936 0.4790642261505127 0.9711161255836487 -1 -1 -1 -1 -1 -1 -1 -1 -1
0.6076814532279968 0.42888912558555603 0.563533365726471 -1 -1 -1 -1 -1 -1 -1 -1 -1
0.6129028797149658 0.47852569818496704 0.9398990273475647 -1 -1 -1 -1 -1 -1 -1 -1 -1
0.4698675572872162 0.5619498491287231 0.9980539083480835 -1 -1 -1 -1 -1 -1 -1 -1 -1
0.46397629380226135 0.5618877410888672 0.9965634942054749 -1 -1 -1 -1 -1 -1 -1 -1 -1
0.46874749660491943 0.6801411509513855 0.27170470356941223 -1 -1 -1 -1 -1 -1 -1 -1 -1
0.4701898694038391 0.6689490675926208 0.9686043858528137 -1 -1 -1 -1 -1 -1 -1 -1 -1
0.4484194815158844 0.7843102216720581 0.35864779353141785 -1 -1 -1 -1 -1 -1 -1 -1 -1
0.4457676410675049 0.787702202796936 0.9789091348648071 -1 -1 -1 -1 -1 -1 -1 -1 -1
0.438641220331192 0.7970693111419678 0.47243282198905945 -1 -1 -1 -1 -1 -1 -1 -1 -1
0.43545547127723694 0.8009961247444153 0.9727895855903625 -1 -1 -1 -1 -1 -1 -1 -1 -1
0.4691837728023529 0.8206498622894287 0.5729858875274658 -1 -1 -1 -1 -1 -1 -1 -1 -1
0.4704541563987732 0.8240643739700317 0.9677019119262695 -1 -1 -1 -1 -1 -1 -1 -1 -1
1 
33 
-1 -1 -1 -1 -1 -1 -1 -1 -1 -1
0.5543672442436218 0.4180981516838074 0.9947642087936401 -1 -1 -1 -1 -1 -1 -1 -1 -1
0.5522341132164001 0.39109089970588684 0.98479825258255 -1 -1 -1 -1 -1 -1 -1 -1 -1
0.5517967343330383 0.3909200429916382 0.986086368560791 -1 -1 -1 -1 -1 -1 -1 -1 -1
0.5513572692871094 0.39106038212776184 0.9879655241966248 -1 -1 -1 -1 -1 -1 -1 -1 -1
0.552309513092041 0.3921127915382385 0.9865004420280457 -1 -1 -1 -1 -1 -1 -1 -1 -1
0.5519247055053711 0.3927346169948578 0.9828738570213318 -1 -1 -1 -1 -1 -1 -1 -1 -1
0.5515527129173279 0.3935815095901489 0.9818984866142273 -1 -1 -1 -1 -1 -1 -1 -1 -1
0.545068621635437 0.38845664262771606 0.9774566292762756 -1 -1 -1 -1 -1 -1 -1 -1 -1
0.5447758436203003 0.3884984254837036 0.9827636480331421 -1 -1 -1 -1 -1 -1 -1 -1 -1
0.5494356155395508 0.42256245017051697 0.9955428242683411 -1 -1 -1 -1 -1 -1 -1 -1 -1
0.5483532547950745 0.4221850037574768 0.9938597679138184 -1 -1 -1 -1 -1 -1 -1 -1 -1
0.5298107266426086 0.4354678988456726 0.9994297623634338 -1 -1 -1 -1 -1 -1 -1 -1 -1
0.5219044089317322 0.4348299503326416 0.9998923540115356 -1 -1 -1 -1 -1 -1 -1 -1 -1
0.5412647724151611 0.5180603861808777 0.14259929955005646 -1 -1 -1 -1 -1 -1 -1 -1 -1
0.5463188290596008 0.5092583298683167 0.7392580509185791 -1 -1 -1 -1 -1 -1 -1 -1 -1
0.5729143023490906 0.5774353742599487 0.16530674695968628 -1 -1 -1 -1 -1 -1 -1 -1 -1
0.5738852024078369 0.5727609992027283 0.8168796896934509 -1 -1 -1 -1 -1 -1 -1 -1 -1
0.5738637447357178 0.5883034467697144 0.1862131804227829 -1 -1 -1 -1 -1 -1 -1 -1 -1
0.5809348225593567 0.5845628976821899 0.8195279836654663 -1 -1 -1 -1 -1 -1 -1 -1 -1
0.5781204104423523 0.5903165340423584 0.1924048513174057 -1 -1 -1 -1 -1 -1 -1 -1 -1
0.583379864692688 0.576026201248169 0.793176531791687 -1 -1 -1 -1 -1 -1 -1 -1 -1
0.5756435990333557 0.5880141854286194 0.18862594664096832 -1 -1 -1 -1 -1 -1 -1 -1 -1
0.581104576587677 0.5721058249473572 0.6915095448493958 -1 -1 -1 -1 -1 -1 -1 -1 -1
0.49486270546913147 0.5517255067825317 0.9976558685302734 -1 -1 -1 -1 -1 -1 -1 -1 -1
0.48135632276535034 0.5553390383720398 0.999617338180542 -1 -1 -1 -1 -1 -1 -1 -1 -1
0.5233885645866394 0.6122030019760132 0.6500647664070129 -1 -1 -1 -1 -1 -1 -1 -1 -1
0.4582718312740326 0.6469018459320068 0.8257035613059998 -1 -1 -1 -1 -1 -1 -1 -1 -1
0.554043173789978 0.6234406232833862 0.5514086484909058 -1 -1 -1 -1 -1 -1 -1 -1 -1
0.44017231464385986 0.7594805955886841 0.8387995958328247 -1 -1 -1 -1 -1 -1 -1 -1 -1
0.5531166791915894 0.6264616847038269 0.6973584294319153 -1 -1 -1 -1 -1 -1 -1 -1 -1
0.43664881587028503 0.7711881995201111 0.6927065253257751 -1 -1 -1 -1 -1 -1 -1 -1 -1
0.5779688358306885 0.6251574158668518 0.674884557723999 -1 -1 -1 -1 -1 -1 -1 -1 -1
0.44315019249916077 0.8017622232437134 0.8006224036216736 -1 -1 -1 -1 -1 -1 -1 -1 -1
1 
33 
-1 -1 -1 -1 -1 -1 -1 -1 -1 -1
0.5473921298980713 0.4950256645679474 0.98842453956604 -1 -1 -1 -1 -1 -1 -1 -1 -1
0.5541523694992065 0.4863419532775879 0.9894735217094421 -1 -1 -1 -1 -1 -1 -1 -1 -1
0.5544190406799316 0.4846016764640808 0.9872467517852783 -1 -1 -1 -1 -1 -1 -1 -1 -1
0.5547302961349487 0.48224374651908875 0.9924617409706116 -1 -1 -1 -1 -1 -1 -1 -1 -1
0.5541077852249146 0.4851636588573456 0.9876230955123901 -1 -1 -1 -1 -1 -1 -1 -1 -1
0.554257869720459 0.4828115403652191 0.9842573404312134 -1 -1 -1 -1 -1 -1 -1 -1 -1
0.5532702207565308 0.4787282645702362 0.9879963994026184 -1 -1 -1 -1 -1 -1 -1 -1 -1
0.5515031814575195 0.4617130756378174 0.9809076189994812 -1 -1 -1 -1 -1 -1 -1 -1 -1
0.5460697412490845 0.4567403197288513 0.9913807511329651 -1 -1 -1 -1 -1 -1 -1 -1 -1
0.5406667590141296 0.4901357889175415 0.9893622994422913 -1 -1 -1 -1 -1 -1 -1 -1 -1
0.5399410724639893 0.4887550473213196 0.9894446730613708 -1 -1 -1 -1 -1 -1 -1 -1 -1
0.5225385427474976 0.47374171018600464 0.9993255138397217 -1 -1 -1 -1 -1 -1 -1 -1 -1
0.509893536567688 0.4528226852416992 0.9996651411056519 -1 -1 -1 -1 -1 -1 -1 -1 -1
0.49679887294769287 0.5522644519805908 0.02593287080526352 -1 -1 -1 -1 -1 -1 -1 -1 -1
0.49542737007141113 0.5377472043037415 0.8170428276062012 -1 -1 -1 -1 -1 -1 -1 -1 -1
0.5078319907188416 0.62285977602005 0.1323969066143036 -1 -1 -1 -1 -1 -1 -1 -1 -1
0.5076209306716919 0.6162124872207642 0.8656077980995178 -1 -1 -1 -1 -1 -1 -1 -1 -1
0.5098065137863159 0.6534282565116882 0.16584737598896027 -1 -1 -1 -1 -1 -1 -1 -1 -1
0.5004980564117432 0.6426116824150085 0.8374916911125183 -1 -1 -1 -1 -1 -1 -1 -1 -1
0.5136958956718445 0.6552221179008484 0.18715748190879822 -1 -1 -1 -1 -1 -1 -1 -1 -1
0.5084009766578674 0.6413882970809937 0.8334522843360901 -1 -1 -1 -1 -1 -1 -1 -1 -1
0.5120572447776794 0.6465721130371094 0.18325570225715637 -1 -1 -1 -1 -1 -1 -1 -1 -1
0.5081861019134521 0.6323757767677307 0.7289973497390747 -1 -1 -1 -1 -1 -1 -1 -1 -1
0.46011948585510254 0.6120311617851257 0.9982104301452637 -1 -1 -1 -1 -1 -1 -1 -1 -1
0.4442300796508789 0.5853123068809509 0.998233437538147 -1 -1 -1 -1 -1 -1 -1 -1 -1
0.46066489815711975 0.7222598195075989 0.1057714968919754 -1 -1 -1 -1 -1 -1 -1 -1 -1
0.42539137601852417 0.6155962944030762 0.5395950078964233 -1 -1 -1 -1 -1 -1 -1 -1 -1
0.42960643768310547 0.7367523908615112 0.06366988271474838 -1 -1 -1 -1 -1 -1 -1 -1 -1
0.42559814453125 0.7208153009414673 0.17993350327014923 -1 -1 -1 -1 -1 -1 -1 -1 -1
0.42237985134124756 0.7303559184074402 0.15797756612300873 -1 -1 -1 -1 -1 -1 -1 -1 -1
0.42433226108551025 0.7239505052566528 0.3089491128921509 -1 -1 -1 -1 -1 -1 -1 -1 -1
0.4312610328197479 0.7627682685852051 0.14238551259040833 -1 -1 -1 -1 -1 -1 -1 -1 -1
0.43341535329818726 0.7798300385475159 0.31958329677581787 -1 -1 -1 -1 -1 -1 -1 -1 -1
1 
33 
-1 -1 -1 -1 -1 -1 -1 -1 -1 -1
0.4976831078529358 0.4513019919395447 0.9999526739120483 -1 -1 -1 -1 -1 -1 -1 -1 -1
0.5029920339584351 0.44853293895721436 0.999943733215332 -1 -1 -1 -1 -1 -1 -1 -1 -1
0.5037491917610168 0.44945067167282104 0.9999269247055054 -1 -1 -1 -1 -1 -1 -1 -1 -1
0.5044481754302979 0.45032799243927 0.9999434947967529 -1 -1 -1 -1 -1 -1 -1 -1 -1
0.5008795857429504 0.44520965218544006 0.9999431371688843 -1 -1 -1 -1 -1 -1 -1 -1 -1
0.5001891851425171 0.4438909888267517 0.9999116659164429 -1 -1 -1 -1 -1 -1 -1 -1 -1
0.49954497814178467 0.44263094663619995 0.999930739402771 -1 -1 -1 -1 -1 -1 -1 -1 -1
0.5044001936912537 0.4489687979221344 0.9999610185623169 -1 -1 -1 -1 -1 -1 -1 -1 -1
0.4973700940608978 0.43828460574150085 0.9999264478683472 -1 -1 -1 -1 -1 -1 -1 -1 -1
0.4945899248123169 0.4549145996570587 0.9999678134918213 -1 -1 -1 -1 -1 -1 -1 -1 -1
0.4928995668888092 0.45135176181793213 0.9999668598175049 -1 -1 -1 -1 -1 -1 -1 -1 -1
0.48269519209861755 0.4516749083995819 0.9999940395355225 -1 -1 -1 -1 -1 -1 -1 -1 -1
0.4822853207588196 0.4603453278541565 0.9999921321868896 -1 -1 -1 -1 -1 -1 -1 -1 -1
0.44653603434562683 0.5328037142753601 0.5919305682182312 -1 -1 -1 -1 -1 -1 -1 -1 -1
0.4440760016441345 0.5249791741371155 0.35210278630256653 -1 -1 -1 -1 -1 -1 -1 -1 -1
0.42545807361602783 0.5947930812835693 0.5276656746864319 -1 -1 -1 -1 -1 -1 -1 -1 -1
0.41972029209136963 0.5640098452568054 0.4365672469139099 -1 -1 -1 -1 -1 -1 -1 -1 -1
0.42302241921424866 0.6113982200622559 0.44125255942344666 -1 -1 -1 -1 -1 -1 -1 -1 -1
0.4129519760608673 0.5749329328536987 0.3463602662086487 -1 -1 -1 -1 -1 -1 -1 -1 -1
0.4201884865760803 0.6076160073280334 0.4282558858394623 -1 -1 -1 -1 -1 -1 -1 -1 -1
0.413912832736969 0.5720993280410767 0.32846835255622864 -1 -1 -1 -1 -1 -1 -1 -1 -1
0.4209176003932953 0.6019091606140137 0.37983325123786926 -1 -1 -1 -1 -1 -1 -1 -1 -1
0.41689789295196533 0.5695350766181946 0.32063165307044983 -1 -1 -1 -1 -1 -1 -1 -1 -1
0.42219358682632446 0.5631117820739746 0.9999191761016846 -1 -1 -1 -1 -1 -1 -1 -1 -1
0.4248239994049072 0.5779002904891968 0.9999617338180542 -1 -1 -1 -1 -1 -1 -1 -1 -1
0.4480534791946411 0.530192494392395 0.4727138578891754 -1 -1 -1 -1 -1 -1 -1 -1 -1
0.44651323556900024 0.591474711894989 0.6629853844642639 -1 -1 -1 -1 -1 -1 -1 -1 -1
0.49367374181747437 0.4610790014266968 0.5362346768379211 -1 -1 -1 -1 -1 -1 -1 -1 -1
0.46403777599334717 0.494021475315094 0.32221394777297974 -1 -1 -1 -1 -1 -1 -1 -1 -1
0.4941212832927704 0.4596744775772095 0.45764967799186707 -1 -1 -1 -1 -1 -1 -1 -1 -1
0.46327733993530273 0.48429539799690247 0.34688663482666016 -1 -1 -1 -1 -1 -1 -1 -1 -1
0.5230077505111694 0.41152656078338623 0.6095188856124878 -1 -1 -1 -1 -1 -1 -1 -1 -1
0.4756770730018616 0.45270973443984985 0.45060431957244873 -1 -1 -1 -1 -1 -1 -1 -1 -1
1 
33 
-1 -1 -1 -1 -1 -1 -1 -1 -1 -1
0.5123616456985474 0.3664809465408325 0.9941906929016113 -1 -1 -1 -1 -1 -1 -1 -1 -1
0.5043487548828125 0.3464745283126831 0.9959287047386169 -1 -1 -1 -1 -1 -1 -1 -1 -1
0.5023002624511719 0.3445909023284912 0.9934307932853699 -1 -1 -1 -1 -1 -1 -1 -1 -1
0.5019625425338745 0.34388482570648193 0.9953829646110535 -1 -1 -1 -1 -1 -1 -1 -1 -1
0.5043846368789673 0.3480771481990814 0.9979269504547119 -1 -1 -1 -1 -1 -1 -1 -1 -1
0.5042948126792908 0.3479698598384857 0.9971752166748047 -1 -1 -1 -1 -1 -1 -1 -1 -1
0.502778947353363 0.3467814326286316 0.9983227849006653 -1 -1 -1 -1 -1 -1 -1 -1 -1
0.49681293964385986 0.34490156173706055 0.993339478969574 -1 -1 -1 -1 -1 -1 -1 -1 -1
0.4988243281841278 0.3471721112728119 0.9984429478645325 -1 -1 -1 -1 -1 -1 -1 -1 -1
0.4964349567890167 0.3615206778049469 0.9990622401237488 -1 -1 -1 -1 -1 -1 -1 -1 -1
0.4966166317462921 0.36221906542778015 0.9996942281723022 -1 -1 -1 -1 -1 -1 -1 -1 -1
0.4831882119178772 0.3878070116043091 0.9983276724815369 -1 -1 -1 -1 -1 -1 -1 -1 -1
0.4746572971343994 0.3950408101081848 0.9999371767044067 -1 -1 -1 -1 -1 -1 -1 -1 -1
0.48989877104759216 0.45765066146850586 0.11166584491729736 -1 -1 -1 -1 -1 -1 -1 -1 -1
0.4709019362926483 0.47877436876296997 0.3827734887599945 -1 -1 -1 -1 -1 -1 -1 -1 -1
0.5039745569229126 0.4458572566509247 0.07249192893505096 -1 -1 -1 -1 -1 -1 -1 -1 -1
0.49345266819000244 0.507030189037323 0.44834503531455994 -1 -1 -1 -1 -1 -1 -1 -1 -1
0.5055417418479919 0.44029879570007324 0.08740729093551636 -1 -1 -1 -1 -1 -1 -1 -1 -1
0.497294157743454 0.5213245749473572 0.4603304862976074 -1 -1 -1 -1 -1 -1 -1 -1 -1
0.5075978636741638 0.4362836480140686 0.08182994276285172 -1 -1 -1 -1 -1 -1 -1 -1 -1
0.5002387762069702 0.5109408497810364 0.4501713514328003 -1 -1 -1 -1 -1 -1 -1 -1 -1
0.5061438083648682 0.4384154677391052 0.0796862542629242 -1 -1 -1 -1 -1 -1 -1 -1 -1
0.49817347526550293 0.5053406953811646 0.38037732243537903 -1 -1 -1 -1 -1 -1 -1 -1 -1
0.4458789825439453 0.5244025588035583 0.9998605251312256 -1 -1 -1 -1 -1 -1 -1 -1 -1
0.44087162613868713 0.51850825548172 0.9999754428863525 -1 -1 -1 -1 -1 -1 -1 -1 -1
0.4771217405796051 0.5379780530929565 0.8033854961395264 -1 -1 -1 -1 -1 -1 -1 -1 -1
0.44775259494781494 0.5331992506980896 0.7811190485954285 -1 -1 -1 -1 -1 -1 -1 -1 -1
0.4316985011100769 0.5524184107780457 0.3987328112125397 -1 -1 -1 -1 -1 -1 -1 -1 -1
0.41447746753692627 0.5334165692329407 0.5359781980514526 -1 -1 -1 -1 -1 -1 -1 -1 -1
0.4259405732154846 0.552371621131897 0.4455564022064209 -1 -1 -1 -1 -1 -1 -1 -1 -1
0.40642523765563965 0.5369166731834412 0.7167230844497681 -1 -1 -1 -1 -1 -1 -1 -1 -1
0.41608068346977234 0.5477931499481201 0.5508061647415161 -1 -1 -1 -1 -1 -1 -1 -1 -1
0.41006794571876526 0.5180352330207825 0.8081635236740112 -1 -1 -1 -1 -1 -1 -1 -1 -1
1 
33 
-1 -1 -1 -1 -1 -1 -1 -1 -1 -1
0.4995869994163513 0.32470273971557617 0.9306912422180176 -1 -1 -1 -1 -1 -1 -1 -1 -1
0.4952200651168823 0.31687676906585693 0.9237270951271057 -1 -1 -1 -1 -1 -1 -1 -1 -1
0.49295729398727417 0.31726619601249695 0.9101535081863403 -1 -1 -1 -1 -1 -1 -1 -1 -1
0.49201565980911255 0.31709784269332886 0.9372404217720032 -1 -1 -1 -1 -1 -1 -1 -1 -1
0.49644073843955994 0.3184066414833069 0.9626330733299255 -1 -1 -1 -1 -1 -1 -1 -1 -1
0.4963870942592621 0.31911522150039673 0.9528696537017822 -1 -1 -1 -1 -1 -1 -1 -1 -1
0.49630051851272583 0.3197213113307953 0.9619908332824707 -1 -1 -1 -1 -1 -1 -1 -1 -1
0.4883229434490204 0.3221170902252197 0.9192646741867065 -1 -1 -1 -1 -1 -1 -1 -1 -1
0.4936133623123169 0.32585641741752625 0.9702028036117554 -1 -1 -1 -1 -1 -1 -1 -1 -1
0.4951636791229248 0.33261367678642273 0.9638901948928833 -1 -1 -1 -1 -1 -1 -1 -1 -1
0.4982698857784271 0.3317744731903076 0.9777250289916992 -1 -1 -1 -1 -1 -1 -1 -1 -1
0.472910612821579 0.3822669982910156 0.997323215007782 -1 -1 -1 -1 -1 -1 -1 -1 -1
0.49098169803619385 0.37651878595352173 0.9998608827590942 -1 -1 -1 -1 -1 -1 -1 -1 -1
0.4418841600418091 0.4323941171169281 0.009390917606651783 -1 -1 -1 -1 -1 -1 -1 -1 -1
0.4501826763153076 0.43031561374664307 0.763494074344635 -1 -1 -1 -1 -1 -1 -1 -1 -1
0.46152806282043457 0.4780835211277008 0.02395065873861313 -1 -1 -1 -1 -1 -1 -1 -1 -1
0.4608252942562103 0.4982392191886902 0.7046653032302856 -1 -1 -1 -1 -1 -1 -1 -1 -1
0.4634157419204712 0.48766443133354187 0.042666420340538025 -1 -1 -1 -1 -1 -1 -1 -1 -1
0.4605759084224701 0.51726895570755 0.6948640942573547 -1 -1 -1 -1 -1 -1 -1 -1 -1
0.46790599822998047 0.4845706522464752 0.0456114299595356 -1 -1 -1 -1 -1 -1 -1 -1 -1
0.46602192521095276 0.5155267715454102 0.6871697306632996 -1 -1 -1 -1 -1 -1 -1 -1 -1
0.46815988421440125 0.48092207312583923 0.0464065819978714 -1 -1 -1 -1 -1 -1 -1 -1 -1
0.4654633104801178 0.5078749060630798 0.6169869899749756 -1 -1 -1 -1 -1 -1 -1 -1 -1
0.4445745050907135 0.5392380356788635 0.9984036087989807 -1 -1 -1 -1 -1 -1 -1 -1 -1
0.4572492241859436 0.5477036237716675 0.9995877146720886 -1 -1 -1 -1 -1 -1 -1 -1 -1
0.41180628538131714 0.531726062297821 0.1380004584789276 -1 -1 -1 -1 -1 -1 -1 -1 -1
0.41330060362815857 0.5458971858024597 0.5442520976066589 -1 -1 -1 -1 -1 -1 -1 -1 -1
0.3744104206562042 0.4530288577079773 0.12546388804912567 -1 -1 -1 -1 -1 -1 -1 -1 -1
0.3823559582233429 0.5209110379219055 0.23067675530910492 -1 -1 -1 -1 -1 -1 -1 -1 -1
0.3671295940876007 0.4374358057975769 0.2004351019859314 -1 -1 -1 -1 -1 -1 -1 -1 -1
0.3764946758747101 0.510424017906189 0.4668588638305664 -1 -1 -1 -1 -1 -1 -1 -1 -1
0.36941254138946533 0.42565155029296875 0.16301874816417694 -1 -1 -1 -1 -1 -1 -1 -1 -1
0.3792531192302704 0.520099937915802 0.3111509084701538 -1 -1 -1 -1 -1 -1 -1 -1 -1
1 
33 
-1 -1 -1 -1 -1 -1 -1 -1 -1 -1
0.4620169401168823 0.37377870082855225 0.9660508632659912 -1 -1 -1 -1 -1 -1 -1 -1 -1
0.46421414613723755 0.36567163467407227 0.9700337052345276 -1 -1 -1 -1 -1 -1 -1 -1 -1
0.46473264694213867 0.36499273777008057 0.9684878587722778 -1 -1 -1 -1 -1 -1 -1 -1 -1
0.4652186334133148 0.3643351197242737 0.969022274017334 -1 -1 -1 -1 -1 -1 -1 -1 -1
0.46477559208869934 0.3661344647407532 0.9688513875007629 -1 -1 -1 -1 -1 -1 -1 -1 -1
0.4656519293785095 0.36585181951522827 0.9690234065055847 -1 -1 -1 -1 -1 -1 -1 -1 -1
0.4665735960006714 0.36559146642684937 0.9700071215629578 -1 -1 -1 -1 -1 -1 -1 -1 -1
0.47269558906555176 0.3603302836418152 0.9743068814277649 -1 -1 -1 -1 -1 -1 -1 -1 -1
0.4737512469291687 0.36181461811065674 0.9612892270088196 -1 -1 -1 -1 -1 -1 -1 -1 -1
0.4643065631389618 0.37690794467926025 0.9788718819618225 -1 -1 -1 -1 -1 -1 -1 -1 -1
0.46532711386680603 0.377957284450531 0.9818003177642822 -1 -1 -1 -1 -1 -1 -1 -1 -1
0.47830405831336975 0.38012880086898804 0.9998003840446472 -1 -1 -1 -1 -1 -1 -1 -1 -1
0.4834167957305908 0.38411474227905273 0.9998205304145813 -1 -1 -1 -1 -1 -1 -1 -1 -1
0.4411461651325226 0.4390644431114197 0.36725154519081116 -1 -1 -1 -1 -1 -1 -1 -1 -1
0.4538598656654358 0.4407031536102295 0.10271616280078888 -1 -1 -1 -1 -1 -1 -1 -1 -1
0.43520238995552063 0.43885642290115356 0.23931308090686798 -1 -1 -1 -1 -1 -1 -1 -1 -1
0.44532057642936707 0.45493707060813904 0.19565273821353912 -1 -1 -1 -1 -1 -1 -1 -1 -1
0.43515464663505554 0.4396575689315796 0.2508958876132965 -1 -1 -1 -1 -1 -1 -1 -1 -1
0.4424889087677002 0.4623560905456543 0.2344287484884262 -1 -1 -1 -1 -1 -1 -1 -1 -1
0.4390726685523987 0.4371216297149658 0.2549818754196167 -1 -1 -1 -1 -1 -1 -1 -1 -1
0.4420984387397766 0.4550619423389435 0.23185385763645172 -1 -1 -1 -1 -1 -1 -1 -1 -1
0.4387706518173218 0.4351033568382263 0.21700188517570496 -1 -1 -1 -1 -1 -1 -1 -1 -1
0.44386184215545654 0.45117753744125366 0.21391497552394867 -1 -1 -1 -1 -1 -1 -1 -1 -1
0.44349226355552673 0.5264120101928711 0.9995447993278503 -1 -1 -1 -1 -1 -1 -1 -1 -1
0.4472559988498688 0.5277091264724731 0.9996298551559448 -1 -1 -1 -1 -1 -1 -1 -1 -1
0.4267038106918335 0.45658230781555176 0.8270150423049927 -1 -1 -1 -1 -1 -1 -1 -1 -1
0.4372120201587677 0.4767724275588989 0.3342994451522827 -1 -1 -1 -1 -1 -1 -1 -1 -1
0.41945481300354004 0.4242870807647705 0.46029096841812134 -1 -1 -1 -1 -1 -1 -1 -1 -1
0.4213998317718506 0.4244047999382019 0.14108696579933167 -1 -1 -1 -1 -1 -1 -1 -1 -1
0.41849038004875183 0.4270086884498596 0.44001057744026184 -1 -1 -1 -1 -1 -1 -1 -1 -1
0.4161045253276825 0.42134255170822144 0.1890907734632492 -1 -1 -1 -1 -1 -1 -1 -1 -1
0.4208609461784363 0.3852646052837372 0.4583595097064972 -1 -1 -1 -1 -1 -1 -1 -1 -1
0.42236173152923584 0.38545405864715576 0.20987676084041595 -1 -1 -1 -1 -1 -1 -1 -1 -1
1 
33 
-1 -1 -1 -1 -1 -1 -1 -1 -1 -1
0.40472787618637085 0.44037431478500366 0.9769454002380371 -1 -1 -1 -1 -1 -1 -1 -1 -1
0.40218061208724976 0.44837215542793274 0.9733091592788696 -1 -1 -1 -1 -1 -1 -1 -1 -1
0.4022829532623291 0.4491647183895111 0.9806427359580994 -1 -1 -1 -1 -1 -1 -1 -1 -1
0.4021776616573334 0.45006024837493896 0.9788674116134644 -1 -1 -1 -1 -1 -1 -1 -1 -1
0.4027632772922516 0.44960612058639526 0.9784637093544006 -1 -1 -1 -1 -1 -1 -1 -1 -1
0.40303388237953186 0.4513389468193054 0.9814949035644531 -1 -1 -1 -1 -1 -1 -1 -1 -1
0.4032156765460968 0.4538598656654358 0.9760445356369019 -1 -1 -1 -1 -1 -1 -1 -1 -1
0.4056997299194336 0.4619671702384949 0.967216968536377 -1 -1 -1 -1 -1 -1 -1 -1 -1
0.40708836913108826 0.465067058801651 0.9735185503959656 -1 -1 -1 -1 -1 -1 -1 -1 -1
0.40880605578422546 0.4399840533733368 0.9670029282569885 -1 -1 -1 -1 -1 -1 -1 -1 -1
0.40958091616630554 0.4428064227104187 0.970975399017334 -1 -1 -1 -1 -1 -1 -1 -1 -1
0.43316635489463806 0.44955042004585266 0.9865643978118896 -1 -1 -1 -1 -1 -1 -1 -1 -1
0.4377652108669281 0.45280659198760986 0.9860270023345947 -1 -1 -1 -1 -1 -1 -1 -1 -1
0.4488283395767212 0.3875373601913452 0.024028412997722626 -1 -1 -1 -1 -1 -1 -1 -1 -1
0.4543215334415436 0.37795430421829224 0.7693190574645996 -1 -1 -1 -1 -1 -1 -1 -1 -1
0.45033204555511475 0.33114123344421387 0.03513188287615776 -1 -1 -1 -1 -1 -1 -1 -1 -1
0.44963714480400085 0.31720641255378723 0.8826998472213745 -1 -1 -1 -1 -1 -1 -1 -1 -1
0.44624611735343933 0.3253293037414551 0.0566154308617115 -1 -1 -1 -1 -1 -1 -1 -1 -1
0.44526273012161255 0.3050452470779419 0.8812554478645325 -1 -1 -1 -1 -1 -1 -1 -1 -1
0.4458666443824768 0.32157576084136963 0.05708456039428711 -1 -1 -1 -1 -1 -1 -1 -1 -1
0.4417201578617096 0.310187965631485 0.8655782341957092 -1 -1 -1 -1 -1 -1 -1 -1 -1
0.4477483630180359 0.32254427671432495 0.06434345990419388 -1 -1 -1 -1 -1 -1 -1 -1 -1
0.44363969564437866 0.3129381239414215 0.8033128976821899 -1 -1 -1 -1 -1 -1 -1 -1 -1
0.4899854063987732 0.4507092833518982 0.9833950996398926 -1 -1 -1 -1 -1 -1 -1 -1 -1
0.4961678385734558 0.45022740960121155 0.9710041880607605 -1 -1 -1 -1 -1 -1 -1 -1 -1
0.45948347449302673 0.3727342188358307 0.030680570751428604 -1 -1 -1 -1 -1 -1 -1 -1 -1
0.4552854299545288 0.3861314356327057 0.8154801726341248 -1 -1 -1 -1 -1 -1 -1 -1 -1
0.4612813889980316 0.3040298819541931 0.09071959555149078 -1 -1 -1 -1 -1 -1 -1 -1 -1
0.4575105905532837 0.2970989942550659 0.7401800155639648 -1 -1 -1 -1 -1 -1 -1 -1 -1
0.4658217430114746 0.29088717699050903 0.19108006358146667 -1 -1 -1 -1 -1 -1 -1 -1 -1
0.4624263346195221 0.2834417223930359 0.8043479919433594 -1 -1 -1 -1 -1 -1 -1 -1 -1
0.44351980090141296 0.2934102416038513 0.1505793184041977 -1 -1 -1 -1 -1 -1 -1 -1 -1
0.4381824731826782 0.28200674057006836 0.753621518611908 -1 -1 -1 -1 -1 -1 -1 -1 -1
1 
33 
-1 -1 -1 -1 -1 -1 -1 -1 -1 -1
0.42191317677497864 0.3970659673213959 0.9985536932945251 -1 -1 -1 -1 -1 -1 -1 -1 -1
0.4185259938240051 0.3952157497406006 0.9985042810440063 -1 -1 -1 -1 -1 -1 -1 -1 -1
0.4186301827430725 0.3944988548755646 0.9971880316734314 -1 -1 -1 -1 -1 -1 -1 -1 -1
0.4187343120574951 0.3937562108039856 0.998075008392334 -1 -1 -1 -1 -1 -1 -1 -1 -1
0.4179687798023224 0.39847415685653687 0.9979051351547241 -1 -1 -1 -1 -1 -1 -1 -1 -1
0.41759341955184937 0.40023374557495117 0.996239423751831 -1 -1 -1 -1 -1 -1 -1 -1 -1
0.4172284007072449 0.40197813510894775 0.9970898628234863 -1 -1 -1 -1 -1 -1 -1 -1 -1
0.4185302257537842 0.39993178844451904 0.9961122870445251 -1 -1 -1 -1 -1 -1 -1 -1 -1
0.4166213274002075 0.41117244958877563 0.9901784658432007 -1 -1 -1 -1 -1 -1 -1 -1 -1
0.42505550384521484 0.4006688892841339 0.9995361566543579 -1 -1 -1 -1 -1 -1 -1 -1 -1
0.42409151792526245 0.40497124195098877 0.9993125200271606 -1 -1 -1 -1 -1 -1 -1 -1 -1
0.43112659454345703 0.40841159224510193 0.9993593096733093 -1 -1 -1 -1 -1 -1 -1 -1 -1
0.4318540692329407 0.4401818513870239 0.9984636306762695 -1 -1 -1 -1 -1 -1 -1 -1 -1
0.4571751654148102 0.3863902688026428 0.6061800718307495 -1 -1 -1 -1 -1 -1 -1 -1 -1
0.45688769221305847 0.430666446685791 0.9677141904830933 -1 -1 -1 -1 -1 -1 -1 -1 -1
0.47927889227867126 0.35661858320236206 0.4392690062522888 -1 -1 -1 -1 -1 -1 -1 -1 -1
0.47249194979667664 0.387312114238739 0.9747023582458496 -1 -1 -1 -1 -1 -1 -1 -1 -1
0.4836311340332031 0.34807050228118896 0.4357965290546417 -1 -1 -1 -1 -1 -1 -1 -1 -1
0.4778853952884674 0.3782823085784912 0.9634634256362915 -1 -1 -1 -1 -1 -1 -1 -1 -1
0.48342201113700867 0.3478502631187439 0.4660637676715851 -1 -1 -1 -1 -1 -1 -1 -1 -1
0.4732419550418854 0.3708479404449463 0.9611498117446899 -1 -1 -1 -1 -1 -1 -1 -1 -1
0.4824950695037842 0.35290849208831787 0.47199395298957825 -1 -1 -1 -1 -1 -1 -1 -1 -1
0.4713820815086365 0.37466439604759216 0.9307069778442383 -1 -1 -1 -1 -1 -1 -1 -1 -1
0.460613489151001 0.43500879406929016 0.9995182752609253 -1 -1 -1 -1 -1 -1 -1 -1 -1
0.4667949378490448 0.45965826511383057 0.9993578791618347 -1 -1 -1 -1 -1 -1 -1 -1 -1
0.4597153067588806 0.40039438009262085 0.6673097610473633 -1 -1 -1 -1 -1 -1 -1 -1 -1
0.48409292101860046 0.4325382709503174 0.8151849508285522 -1 -1 -1 -1 -1 -1 -1 -1 -1
0.4837791919708252 0.41369491815567017 0.4889155626296997 -1 -1 -1 -1 -1 -1 -1 -1 -1
0.48715606331825256 0.43116697669029236 0.3554794490337372 -1 -1 -1 -1 -1 -1 -1 -1 -1
0.48550793528556824 0.4201638996601105 0.5089330673217773 -1 -1 -1 -1 -1 -1 -1 -1 -1
0.4848456084728241 0.43441933393478394 0.2977915406227112 -1 -1 -1 -1 -1 -1 -1 -1 -1
0.4964444935321808 0.4013751745223999 0.5573065876960754 -1 -1 -1 -1 -1 -1 -1 -1 -1
0.49529826641082764 0.4187852740287781 0.3608427345752716 -1 -1 -1 -1 -1 -1 -1 -1 -1
1 
33 
-1 -1 -1 -1 -1 -1 -1 -1 -1 -1
0.44090500473976135 0.32487648725509644 0.9951687455177307 -1 -1 -1 -1 -1 -1 -1 -1 -1
0.4351784884929657 0.321072518825531 0.9949776530265808 -1 -1 -1 -1 -1 -1 -1 -1 -1
0.43468329310417175 0.3214273154735565 0.9945395588874817 -1 -1 -1 -1 -1 -1 -1 -1 -1
0.43405434489250183 0.3217625319957733 0.995079755783081 -1 -1 -1 -1 -1 -1 -1 -1 -1
0.4349053204059601 0.3218157887458801 0.9966777563095093 -1 -1 -1 -1 -1 -1 -1 -1 -1
0.43428418040275574 0.32273322343826294 0.9964151382446289 -1 -1 -1 -1 -1 -1 -1 -1 -1
0.43355944752693176 0.3236340284347534 0.9968469738960266 -1 -1 -1 -1 -1 -1 -1 -1 -1
0.42982617020606995 0.33067208528518677 0.9844083189964294 -1 -1 -1 -1 -1 -1 -1 -1 -1
0.42909860610961914 0.3329177498817444 0.9953925609588623 -1 -1 -1 -1 -1 -1 -1 -1 -1
0.4418618083000183 0.33390629291534424 0.9897368550300598 -1 -1 -1 -1 -1 -1 -1 -1 -1
0.44121938943862915 0.3347681760787964 0.991750180721283 -1 -1 -1 -1 -1 -1 -1 -1 -1
0.4436885416507721 0.3699156641960144 0.9966276288032532 -1 -1 -1 -1 -1 -1 -1 -1 -1
0.44126367568969727 0.36938244104385376 0.9987468719482422 -1 -1 -1 -1 -1 -1 -1 -1 -1
0.48120924830436707 0.3804648816585541 0.03804008290171623 -1 -1 -1 -1 -1 -1 -1 -1 -1
0.47857239842414856 0.37798863649368286 0.8710162043571472 -1 -1 -1 -1 -1 -1 -1 -1 -1
0.5044774413108826 0.35697370767593384 0.04951692372560501 -1 -1 -1 -1 -1 -1 -1 -1 -1
0.5048290491104126 0.3479953408241272 0.622631311416626 -1 -1 -1 -1 -1 -1 -1 -1 -1
0.5092723965644836 0.351334810256958 0.051377780735492706 -1 -1 -1 -1 -1 -1 -1 -1 -1
0.5110363364219666 0.3428022265434265 0.5089951753616333 -1 -1 -1 -1 -1 -1 -1 -1 -1
0.5081855654716492 0.34648066759109497 0.053449761122465134 -1 -1 -1 -1 -1 -1 -1 -1 -1
0.5065528750419617 0.33675968647003174 0.48386988043785095 -1 -1 -1 -1 -1 -1 -1 -1 -1
0.5069429278373718 0.34802889823913574 0.06082909181714058 -1 -1 -1 -1 -1 -1 -1 -1 -1
0.5054066181182861 0.3372640609741211 0.4220717251300812 -1 -1 -1 -1 -1 -1 -1 -1 -1
0.477760910987854 0.46933838725090027 0.992893397808075 -1 -1 -1 -1 -1 -1 -1 -1 -1
0.4787960648536682 0.47411492466926575 0.9883418679237366 -1 -1 -1 -1 -1 -1 -1 -1 -1
0.4931579530239105 0.36245912313461304 0.07604853808879852 -1 -1 -1 -1 -1 -1 -1 -1 -1
0.49481868743896484 0.3636348843574524 0.7287972569465637 -1 -1 -1 -1 -1 -1 -1 -1 -1
0.5166391730308533 0.2552970051765442 0.2361551821231842 -1 -1 -1 -1 -1 -1 -1 -1 -1
0.5107496976852417 0.24434879422187805 0.853837251663208 -1 -1 -1 -1 -1 -1 -1 -1 -1
0.5263668298721313 0.24425864219665527 0.29419246315956116 -1 -1 -1 -1 -1 -1 -1 -1 -1
0.5280898809432983 0.24206140637397766 0.8219152688980103 -1 -1 -1 -1 -1 -1 -1 -1 -1
0.5020214319229126 0.20869188010692596 0.29332002997398376 -1 -1 -1 -1 -1 -1 -1 -1 -1
0.5020109415054321 0.21059563755989075 0.8535115718841553 -1 -1 -1 -1 -1 -1 -1 -1 -1
1 
33 
-1 -1 -1 -1 -1 -1 -1 -1 -1 -1
0.47728049755096436 0.31172677874565125 0.9992985725402832 -1 -1 -1 -1 -1 -1 -1 -1 -1
0.4749051332473755 0.30034786462783813 0.9993208646774292 -1 -1 -1 -1 -1 -1 -1 -1 -1
0.474392831325531 0.2998040020465851 0.9991662502288818 -1 -1 -1 -1 -1 -1 -1 -1 -1
0.4737582802772522 0.2991963028907776 0.9991558790206909 -1 -1 -1 -1 -1 -1 -1 -1 -1
0.47377851605415344 0.3002626895904541 0.999550998210907 -1 -1 -1 -1 -1 -1 -1 -1 -1
0.47250843048095703 0.299632728099823 0.9995092153549194 -1 -1 -1 -1 -1 -1 -1 -1 -1
0.4711444079875946 0.2988813519477844 0.9995920062065125 -1 -1 -1 -1 -1 -1 -1 -1 -1
0.46566903591156006 0.3004172444343567 0.9976252913475037 -1 -1 -1 -1 -1 -1 -1 -1 -1
0.4634159207344055 0.30051571130752563 0.9995545744895935 -1 -1 -1 -1 -1 -1 -1 -1 -1
0.47472310066223145 0.3204119801521301 0.998898983001709 -1 -1 -1 -1 -1 -1 -1 -1 -1
0.4732910692691803 0.3209086060523987 0.9992761015892029 -1 -1 -1 -1 -1 -1 -1 -1 -1
0.46161580085754395 0.3461124897003174 0.9984526634216309 -1 -1 -1 -1 -1 -1 -1 -1 -1
0.454617977142334 0.3447391986846924 0.9996864795684814 -1 -1 -1 -1 -1 -1 -1 -1 -1
0.49524980783462524 0.3939321041107178 0.04712389037013054 -1 -1 -1 -1 -1 -1 -1 -1 -1
0.48844462633132935 0.3980056643486023 0.8876724243164062 -1 -1 -1 -1 -1 -1 -1 -1 -1
0.5217695236206055 0.38953548669815063 0.04224471375346184 -1 -1 -1 -1 -1 -1 -1 -1 -1
0.5195887088775635 0.3911467492580414 0.5995725989341736 -1 -1 -1 -1 -1 -1 -1 -1 -1
0.5273388624191284 0.3921658992767334 0.04542303457856178 -1 -1 -1 -1 -1 -1 -1 -1 -1
0.5240564346313477 0.3974701166152954 0.490474671125412 -1 -1 -1 -1 -1 -1 -1 -1 -1
0.5271828174591064 0.3856924772262573 0.04914487153291702 -1 -1 -1 -1 -1 -1 -1 -1 -1
0.5241170525550842 0.3929041624069214 0.4753376245498657 -1 -1 -1 -1 -1 -1 -1 -1 -1
0.5257291793823242 0.387423038482666 0.056768883019685745 -1 -1 -1 -1 -1 -1 -1 -1 -1
0.5229139924049377 0.39064276218414307 0.43773433566093445 -1 -1 -1 -1 -1 -1 -1 -1 -1
0.46896231174468994 0.4712223410606384 0.9894619584083557 -1 -1 -1 -1 -1 -1 -1 -1 -1
0.46402764320373535 0.47738945484161377 0.9842098951339722 -1 -1 -1 -1 -1 -1 -1 -1 -1
0.509756326675415 0.3803522288799286 0.14593221247196198 -1 -1 -1 -1 -1 -1 -1 -1 -1
0.5064929127693176 0.382216215133667 0.8033887147903442 -1 -1 -1 -1 -1 -1 -1 -1 -1
0.5586303472518921 0.3096514344215393 0.2752825915813446 -1 -1 -1 -1 -1 -1 -1 -1 -1
0.5641912817955017 0.30997198820114136 0.800711452960968 -1 -1 -1 -1 -1 -1 -1 -1 -1
0.5695164203643799 0.3100648522377014 0.31238529086112976 -1 -1 -1 -1 -1 -1 -1 -1 -1
0.5748739242553711 0.30999481678009033 0.7618331909179688 -1 -1 -1 -1 -1 -1 -1 -1 -1
0.5587574243545532 0.2584553062915802 0.3304213583469391 -1 -1 -1 -1 -1 -1 -1 -1 -1
0.5665745735168457 0.2575353682041168 0.8016605973243713 -1 -1 -1 -1 -1 -1 -1 -1 -1
1 
33 
-1 -1 -1 -1 -1 -1 -1 -1 -1 -1
0.513350248336792 0.3279789090156555 0.9989356398582458 -1 -1 -1 -1 -1 -1 -1 -1 -1
0.5139528512954712 0.315308153629303 0.9977364540100098 -1 -1 -1 -1 -1 -1 -1 -1 -1
0.5135883092880249 0.3147347569465637 0.9972609281539917 -1 -1 -1 -1 -1 -1 -1 -1 -1
0.5131841897964478 0.31390687823295593 0.9973248243331909 -1 -1 -1 -1 -1 -1 -1 -1 -1
0.5133471488952637 0.3141581118106842 0.9988943934440613 -1 -1 -1 -1 -1 -1 -1 -1 -1
0.5125060677528381 0.3130089342594147 0.9989320635795593 -1 -1 -1 -1 -1 -1 -1 -1 -1
0.511559247970581 0.3116614520549774 0.9989534616470337 -1 -1 -1 -1 -1 -1 -1 -1 -1
0.5058013200759888 0.3102111220359802 0.9946457147598267 -1 -1 -1 -1 -1 -1 -1 -1 -1
0.503083348274231 0.30823373794555664 0.9987088441848755 -1 -1 -1 -1 -1 -1 -1 -1 -1
0.5088886022567749 0.3344503343105316 0.9952752590179443 -1 -1 -1 -1 -1 -1 -1 -1 -1
0.507910430431366 0.33306896686553955 0.9966155886650085 -1 -1 -1 -1 -1 -1 -1 -1 -1
0.49198490381240845 0.3420083522796631 0.9823755621910095 -1 -1 -1 -1 -1 -1 -1 -1 -1
0.48608285188674927 0.34375718235969543 0.9869510531425476 -1 -1 -1 -1 -1 -1 -1 -1 -1
0.509730875492096 0.3920469582080841 0.024348190054297447 -1 -1 -1 -1 -1 -1 -1 -1 -1
0.5051032304763794 0.4006310999393463 0.7039897441864014 -1 -1 -1 -1 -1 -1 -1 -1 -1
0.5392529368400574 0.40739673376083374 0.053115036338567734 -1 -1 -1 -1 -1 -1 -1 -1 -1
0.5461761951446533 0.41462457180023193 0.8049517869949341 -1 -1 -1 -1 -1 -1 -1 -1 -1
0.5472152829170227 0.40412402153015137 0.08419797569513321 -1 -1 -1 -1 -1 -1 -1 -1 -1
0.5570027828216553 0.41458630561828613 0.764075517654419 -1 -1 -1 -1 -1 -1 -1 -1 -1
0.5479698181152344 0.40379494428634644 0.08744177967309952 -1 -1 -1 -1 -1 -1 -1 -1 -1
0.5575551986694336 0.40688735246658325 0.7376143932342529 -1 -1 -1 -1 -1 -1 -1 -1 -1
0.5453847646713257 0.4056844413280487 0.09323635697364807 -1 -1 -1 -1 -1 -1 -1 -1 -1
0.5544415712356567 0.4081338942050934 0.5994061231613159 -1 -1 -1 -1 -1 -1 -1 -1 -1
0.44467177987098694 0.4172564744949341 0.9623178839683533 -1 -1 -1 -1 -1 -1 -1 -1 -1
0.44144776463508606 0.4253290593624115 0.9259896874427795 -1 -1 -1 -1 -1 -1 -1 -1 -1
0.5032251477241516 0.3941628634929657 0.03973143547773361 -1 -1 -1 -1 -1 -1 -1 -1 -1
0.5021362900733948 0.3998005986213684 0.5491307973861694 -1 -1 -1 -1 -1 -1 -1 -1 -1
0.5217925310134888 0.3998086154460907 0.08702708780765533 -1 -1 -1 -1 -1 -1 -1 -1 -1
0.5312312841415405 0.4074433743953705 0.31028178334236145 -1 -1 -1 -1 -1 -1 -1 -1 -1
0.5232952237129211 0.40674370527267456 0.13231950998306274 -1 -1 -1 -1 -1 -1 -1 -1 -1
0.5332641005516052 0.41153591871261597 0.4401475191116333 -1 -1 -1 -1 -1 -1 -1 -1 -1
0.5358668565750122 0.3783208429813385 0.08271195739507675 -1 -1 -1 -1 -1 -1 -1 -1 -1
0.5454522371292114 0.38616055250167847 0.29888707399368286 -1 -1 -1 -1 -1 -1 -1 -1 -1
1 
33 
-1 -1 -1 -1 -1 -1 -1 -1 -1 -1
0.5348153114318848 0.3758355379104614 0.9998326301574707 -1 -1 -1 -1 -1 -1 -1 -1 -1
0.5398339033126831 0.36724328994750977 0.9998400211334229 -1 -1 -1 -1 -1 -1 -1 -1 -1
0.5400020480155945 0.3660512864589691 0.9997660517692566 -1 -1 -1 -1 -1 -1 -1 -1 -1
0.5401817560195923 0.3645901679992676 0.999808132648468 -1 -1 -1 -1 -1 -1 -1 -1 -1
0.5393219590187073 0.3649817109107971 0.9998979568481445 -1 -1 -1 -1 -1 -1 -1 -1 -1
0.5391232371330261 0.36230337619781494 0.9998708963394165 -1 -1 -1 -1 -1 -1 -1 -1 -1
0.5389323830604553 0.35927897691726685 0.9998986721038818 -1 -1 -1 -1 -1 -1 -1 -1 -1
0.535645604133606 0.3487316370010376 0.9997455477714539 -1 -1 -1 -1 -1 -1 -1 -1 -1
0.5331760048866272 0.34215211868286133 0.9999051094055176 -1 -1 -1 -1 -1 -1 -1 -1 -1
0.5279446840286255 0.37359803915023804 0.9997066855430603 -1 -1 -1 -1 -1 -1 -1 -1 -1
0.5271235704421997 0.37028422951698303 0.999735414981842 -1 -1 -1 -1 -1 -1 -1 -1 -1
0.5019813776016235 0.3563431203365326 0.9983149766921997 -1 -1 -1 -1 -1 -1 -1 -1 -1
0.5080041289329529 0.34489312767982483 0.999122679233551 -1 -1 -1 -1 -1 -1 -1 -1 -1
0.4967878460884094 0.4359050393104553 0.12652559578418732 -1 -1 -1 -1 -1 -1 -1 -1 -1
0.5017786026000977 0.4158128798007965 0.9150586724281311 -1 -1 -1 -1 -1 -1 -1 -1 -1
0.5136028528213501 0.45937490463256836 0.06738480180501938 -1 -1 -1 -1 -1 -1 -1 -1 -1
0.5267997980117798 0.4544282853603363 0.5638917088508606 -1 -1 -1 -1 -1 -1 -1 -1 -1
0.5192261934280396 0.4615049958229065 0.06595013290643692 -1 -1 -1 -1 -1 -1 -1 -1 -1
0.5323988199234009 0.46443817019462585 0.4317474663257599 -1 -1 -1 -1 -1 -1 -1 -1 -1
0.522372305393219 0.4587648808956146 0.06899117678403854 -1 -1 -1 -1 -1 -1 -1 -1 -1
0.5316299796104431 0.4524518847465515 0.41152581572532654 -1 -1 -1 -1 -1 -1 -1 -1 -1
0.5209130048751831 0.4600502550601959 0.08230907469987869 -1 -1 -1 -1 -1 -1 -1 -1 -1
0.5353858470916748 0.4517819285392761 0.37844318151474 -1 -1 -1 -1 -1 -1 -1 -1 -1
0.4110799729824066 0.37350547313690186 0.9989352822303772 -1 -1 -1 -1 -1 -1 -1 -1 -1
0.41554924845695496 0.3697427213191986 0.9985382556915283 -1 -1 -1 -1 -1 -1 -1 -1 -1
0.4559479355812073 0.3770352900028229 0.3374238610267639 -1 -1 -1 -1 -1 -1 -1 -1 -1
0.4677882194519043 0.3561553955078125 0.8739864230155945 -1 -1 -1 -1 -1 -1 -1 -1 -1
0.5126550197601318 0.376069575548172 0.706213116645813 -1 -1 -1 -1 -1 -1 -1 -1 -1
0.5524623394012451 0.3417755365371704 0.9706833958625793 -1 -1 -1 -1 -1 -1 -1 -1 -1
0.5193527340888977 0.3824327886104584 0.7475066781044006 -1 -1 -1 -1 -1 -1 -1 -1 -1
0.5635063648223877 0.34456440806388855 0.948890745639801 -1 -1 -1 -1 -1 -1 -1 -1 -1
0.5341660380363464 0.3546476364135742 0.7605383396148682 -1 -1 -1 -1 -1 -1 -1 -1 -1
0.5819427967071533 0.3155074417591095 0.9566147327423096 -1 -1 -1 -1 -1 -1 -1 -1 -1
1 
33 
-1 -1 -1 -1 -1 -1 -1 -1 -1 -1
0.5277962684631348 0.4252472519874573 0.9988884329795837 -1 -1 -1 -1 -1 -1 -1 -1 -1
0.5352184176445007 0.42725658416748047 0.9983019828796387 -1 -1 -1 -1 -1 -1 -1 -1 -1
0.5357342958450317 0.4263548254966736 0.9979516863822937 -1 -1 -1 -1 -1 -1 -1 -1 -1
0.5364481806755066 0.42523252964019775 0.9979448914527893 -1 -1 -1 -1 -1 -1 -1 -1 -1
0.5357688069343567 0.426614373922348 0.9986820816993713 -1 -1 -1 -1 -1 -1 -1 -1 -1
0.5366206169128418 0.42526617646217346 0.9985804557800293 -1 -1 -1 -1 -1 -1 -1 -1 -1
0.5376513004302979 0.4236201345920563 0.9987199306488037 -1 -1 -1 -1 -1 -1 -1 -1 -1
0.5404984354972839 0.4104667007923126 0.9964995384216309 -1 -1 -1 -1 -1 -1 -1 -1 -1
0.541314959526062 0.4094531834125519 0.9991280436515808 -1 -1 -1 -1 -1 -1 -1 -1 -1
0.5249130725860596 0.41740667819976807 0.9986333250999451 -1 -1 -1 -1 -1 -1 -1 -1 -1
0.5257524251937866 0.4160846769809723 0.998908519744873 -1 -1 -1 -1 -1 -1 -1 -1 -1
0.5211883783340454 0.37769588828086853 0.998701810836792 -1 -1 -1 -1 -1 -1 -1 -1 -1
0.5262263417243958 0.3752616345882416 0.9997959733009338 -1 -1 -1 -1 -1 -1 -1 -1 -1
0.4937272369861603 0.4204998314380646 0.04583758860826492 -1 -1 -1 -1 -1 -1 -1 -1 -1
0.4920560121536255 0.41730114817619324 0.9071425199508667 -1 -1 -1 -1 -1 -1 -1 -1 -1
0.49014073610305786 0.4526694118976593 0.03840860724449158 -1 -1 -1 -1 -1 -1 -1 -1 -1
0.4944583773612976 0.4554484784603119 0.5960298180580139 -1 -1 -1 -1 -1 -1 -1 -1 -1
0.49048036336898804 0.4527440667152405 0.04809172824025154 -1 -1 -1 -1 -1 -1 -1 -1 -1
0.4926775395870209 0.4594452679157257 0.498019814491272 -1 -1 -1 -1 -1 -1 -1 -1 -1
0.49139875173568726 0.4601185619831085 0.049900006502866745 -1 -1 -1 -1 -1 -1 -1 -1 -1
0.4984249472618103 0.45453375577926636 0.4999420642852783 -1 -1 -1 -1 -1 -1 -1 -1 -1
0.4927384555339813 0.4585292339324951 0.0556771494448185 -1 -1 -1 -1 -1 -1 -1 -1 -1
0.49921461939811707 0.453060120344162 0.4472503662109375 -1 -1 -1 -1 -1 -1 -1 -1 -1
0.4413953125476837 0.3685944676399231 0.9980073571205139 -1 -1 -1 -1 -1 -1 -1 -1 -1
0.4489445984363556 0.3623794913291931 0.9958343505859375 -1 -1 -1 -1 -1 -1 -1 -1 -1
0.4785310626029968 0.4437768757343292 0.29893767833709717 -1 -1 -1 -1 -1 -1 -1 -1 -1
0.5038865804672241 0.4475255608558655 0.9152987003326416 -1 -1 -1 -1 -1 -1 -1 -1 -1
0.49983394145965576 0.5196822285652161 0.5948580503463745 -1 -1 -1 -1 -1 -1 -1 -1 -1
0.5433348417282104 0.5530639886856079 0.9451841711997986 -1 -1 -1 -1 -1 -1 -1 -1 -1
0.4996691942214966 0.5357804298400879 0.5924890637397766 -1 -1 -1 -1 -1 -1 -1 -1 -1
0.5417542457580566 0.5738065838813782 0.9225984215736389 -1 -1 -1 -1 -1 -1 -1 -1 -1
0.5185216069221497 0.5201168656349182 0.6142920255661011 -1 -1 -1 -1 -1 -1 -1 -1 -1
0.5663528442382812 0.5472753643989563 0.9385375380516052 -1 -1 -1 -1 -1 -1 -1 -1 -1
1 
33 
-1 -1 -1 -1 -1 -1 -1 -1 -1 -1
0.13300170004367828 0.37970665097236633 0.9859281778335571 -1 -1 -1 -1 -1 -1 -1 -1 -1
0.12677882611751556 0.39233988523483276 0.9808292388916016 -1 -1 -1 -1 -1 -1 -1 -1 -1
0.12776513397693634 0.3932216167449951 0.9756345152854919 -1 -1 -1 -1 -1 -1 -1 -1 -1
0.1287778615951538 0.39406150579452515 0.981264591217041 -1 -1 -1 -1 -1 -1 -1 -1 -1
0.12528878450393677 0.394452840089798 0.9849498271942139 -1 -1 -1 -1 -1 -1 -1 -1 -1
0.12532363831996918 0.3972514569759369 0.9825167059898376 -1 -1 -1 -1 -1 -1 -1 -1 -1
0.12532898783683777 0.3998855650424957 0.9849440455436707 -1 -1 -1 -1 -1 -1 -1 -1 -1
0.138585165143013 0.40910500288009644 0.9811716079711914 -1 -1 -1 -1 -1 -1 -1 -1 -1
0.13400037586688995 0.41419556736946106 0.9818597435951233 -1 -1 -1 -1 -1 -1 -1 -1 -1
0.14507004618644714 0.37833017110824585 0.9870063066482544 -1 -1 -1 -1 -1 -1 -1 -1 -1
0.14362217485904694 0.38268786668777466 0.9881213903427124 -1 -1 -1 -1 -1 -1 -1 -1 -1
0.1986117660999298 0.4250119924545288 0.9965090155601501 -1 -1 -1 -1 -1 -1 -1 -1 -1
0.16870827972888947 0.3799667954444885 0.9988962411880493 -1 -1 -1 -1 -1 -1 -1 -1 -1
0.26840484142303467 0.35955938696861267 0.07139292359352112 -1 -1 -1 -1 -1 -1 -1 -1 -1
0.18163993954658508 0.32222044467926025 0.8896631598472595 -1 -1 -1 -1 -1 -1 -1 -1 -1
0.3398245573043823 0.2674785852432251 0.055008891969919205 -1 -1 -1 -1 -1 -1 -1 -1 -1
0.17279711365699768 0.24506714940071106 0.8301687836647034 -1 -1 -1 -1 -1 -1 -1 -1 -1
0.35397258400917053 0.24609993398189545 0.07623805850744247 -1 -1 -1 -1 -1 -1 -1 -1 -1
0.17149344086647034 0.21977776288986206 0.7951047420501709 -1 -1 -1 -1 -1 -1 -1 -1 -1
0.3571538031101227 0.24902060627937317 0.0740206316113472 -1 -1 -1 -1 -1 -1 -1 -1 -1
0.16260477900505066 0.22317425906658173 0.7826330661773682 -1 -1 -1 -1 -1 -1 -1 -1 -1
0.35252484679222107 0.25544196367263794 0.0769764706492424 -1 -1 -1 -1 -1 -1 -1 -1 -1
0.17030295729637146 0.2257905900478363 0.6992106437683105 -1 -1 -1 -1 -1 -1 -1 -1 -1
0.3298727869987488 0.3317408263683319 0.9990014433860779 -1 -1 -1 -1 -1 -1 -1 -1 -1
0.3230229616165161 0.3072209656238556 0.999138355255127 -1 -1 -1 -1 -1 -1 -1 -1 -1
0.4156017005443573 0.36053624749183655 0.3307623565196991 -1 -1 -1 -1 -1 -1 -1 -1 -1
0.40653368830680847 0.3365193009376526 0.5614722967147827 -1 -1 -1 -1 -1 -1 -1 -1 -1
0.4882960915565491 0.41798919439315796 0.5472166538238525 -1 -1 -1 -1 -1 -1 -1 -1 -1
0.4837951958179474 0.3939759135246277 0.8119122982025146 -1 -1 -1 -1 -1 -1 -1 -1 -1
0.49966245889663696 0.4317006468772888 0.6180416941642761 -1 -1 -1 -1 -1 -1 -1 -1 -1
0.49634814262390137 0.40535134077072144 0.8456438779830933 -1 -1 -1 -1 -1 -1 -1 -1 -1
0.5041494965553284 0.4252762794494629 0.626713752746582 -1 -1 -1 -1 -1 -1 -1 -1 -1
0.5014790296554565 0.40193402767181396 0.8208256959915161 -1 -1 -1 -1 -1 -1 -1 -1 -1
1 
33 
-1 -1 -1 -1 -1 -1 -1 -1 -1 -1
0.5005428791046143 0.46780896186828613 0.9986543655395508 -1 -1 -1 -1 -1 -1 -1 -1 -1
0.5015659928321838 0.47774916887283325 0.9980667233467102 -1 -1 -1 -1 -1 -1 -1 -1 -1
0.5021977424621582 0.4781167507171631 0.9980179071426392 -1 -1 -1 -1 -1 -1 -1 -1 -1
0.5027260184288025 0.4785112142562866 0.99774569272995 -1 -1 -1 -1 -1 -1 -1 -1 -1
0.5023903250694275 0.47799110412597656 0.9983898401260376 -1 -1 -1 -1 -1 -1 -1 -1 -1
0.5032634139060974 0.47844699025154114 0.998429000377655 -1 -1 -1 -1 -1 -1 -1 -1 -1
0.5042259693145752 0.4788830280303955 0.9982642531394958 -1 -1 -1 -1 -1 -1 -1 -1 -1
0.5107261538505554 0.4782851040363312 0.9953243136405945 -1 -1 -1 -1 -1 -1 -1 -1 -1
0.5118052959442139 0.4774214029312134 0.9986544847488403 -1 -1 -1 -1 -1 -1 -1 -1 -1
0.5040879249572754 0.4599474370479584 0.9980424642562866 -1 -1 -1 -1 -1 -1 -1 -1 -1
0.5048466324806213 0.4601926803588867 0.9985364675521851 -1 -1 -1 -1 -1 -1 -1 -1 -1
0.5209200382232666 0.4355320334434509 0.9997084736824036 -1 -1 -1 -1 -1 -1 -1 -1 -1
0.520034670829773 0.4383724331855774 0.9999064207077026 -1 -1 -1 -1 -1 -1 -1 -1 -1
0.48924264311790466 0.406465083360672 0.017801471054553986 -1 -1 -1 -1 -1 -1 -1 -1 -1
0.4861566424369812 0.40854784846305847 0.7658822536468506 -1 -1 -1 -1 -1 -1 -1 -1 -1
0.46478503942489624 0.41083988547325134 0.04752114787697792 -1 -1 -1 -1 -1 -1 -1 -1 -1
0.4634408950805664 0.4089288115501404 0.7764664888381958 -1 -1 -1 -1 -1 -1 -1 -1 -1
0.4598367214202881 0.4137704372406006 0.06593354046344757 -1 -1 -1 -1 -1 -1 -1 -1 -1
0.4561491012573242 0.4059607982635498 0.7538524866104126 -1 -1 -1 -1 -1 -1 -1 -1 -1
0.4579923748970032 0.4181915521621704 0.06767763197422028 -1 -1 -1 -1 -1 -1 -1 -1 -1
0.4564480483531952 0.4129335284233093 0.7486720681190491 -1 -1 -1 -1 -1 -1 -1 -1 -1
0.4593622088432312 0.41656094789505005 0.07494284957647324 -1 -1 -1 -1 -1 -1 -1 -1 -1
0.45837676525115967 0.4126904308795929 0.6919030547142029 -1 -1 -1 -1 -1 -1 -1 -1 -1
0.5125074982643127 0.3301447927951813 0.9961223006248474 -1 -1 -1 -1 -1 -1 -1 -1 -1
0.5111715793609619 0.3241327404975891 0.9919396042823792 -1 -1 -1 -1 -1 -1 -1 -1 -1
0.4808356463909149 0.4107673764228821 0.07283791899681091 -1 -1 -1 -1 -1 -1 -1 -1 -1
0.4780975878238678 0.40981465578079224 0.6441836953163147 -1 -1 -1 -1 -1 -1 -1 -1 -1
0.4459986984729767 0.4885904788970947 0.25719505548477173 -1 -1 -1 -1 -1 -1 -1 -1 -1
0.4470095932483673 0.48765361309051514 0.7953388094902039 -1 -1 -1 -1 -1 -1 -1 -1 -1
0.4388517141342163 0.4908774495124817 0.3836495876312256 -1 -1 -1 -1 -1 -1 -1 -1 -1
0.4397011697292328 0.49164119362831116 0.8081921935081482 -1 -1 -1 -1 -1 -1 -1 -1 -1
0.44501298666000366 0.5353725552558899 0.2975362241268158 -1 -1 -1 -1 -1 -1 -1 -1 -1
0.4521440863609314 0.526849627494812 0.8381956815719604 -1 -1 -1 -1 -1 -1 -1 -1 -1
1 
33 
-1 -1 -1 -1 -1 -1 -1 -1 -1 -1
0.4855800271034241 0.45784544944763184 0.9980853796005249 -1 -1 -1 -1 -1 -1 -1 -1 -1
0.4859771430492401 0.46347129344940186 0.9991030693054199 -1 -1 -1 -1 -1 -1 -1 -1 -1
0.48583468794822693 0.4637469947338104 0.9987220168113708 -1 -1 -1 -1 -1 -1 -1 -1 -1
0.48569464683532715 0.46403905749320984 0.9982843995094299 -1 -1 -1 -1 -1 -1 -1 -1 -1
0.48727142810821533 0.4629914164543152 0.9986205101013184 -1 -1 -1 -1 -1 -1 -1 -1 -1
0.4879639744758606 0.4630482792854309 0.9980210065841675 -1 -1 -1 -1 -1 -1 -1 -1 -1
0.48861876130104065 0.4631122946739197 0.9977678060531616 -1 -1 -1 -1 -1 -1 -1 -1 -1
0.4835476577281952 0.4741700291633606 0.9979583024978638 -1 -1 -1 -1 -1 -1 -1 -1 -1
0.48938947916030884 0.47404026985168457 0.9991655349731445 -1 -1 -1 -1 -1 -1 -1 -1 -1
0.4880315363407135 0.4516785144805908 0.9998836517333984 -1 -1 -1 -1 -1 -1 -1 -1 -1
0.4886268377304077 0.45436108112335205 0.9998002648353577 -1 -1 -1 -1 -1 -1 -1 -1 -1
0.49558913707733154 0.45890384912490845 0.9994373917579651 -1 -1 -1 -1 -1 -1 -1 -1 -1
0.5046723484992981 0.4478188157081604 0.9999433755874634 -1 -1 -1 -1 -1 -1 -1 -1 -1
0.5008895397186279 0.40778815746307373 0.14654450118541718 -1 -1 -1 -1 -1 -1 -1 -1 -1
0.5040119290351868 0.4183195233345032 0.5588506460189819 -1 -1 -1 -1 -1 -1 -1 -1 -1
0.49887505173683167 0.3827548623085022 0.1475871354341507 -1 -1 -1 -1 -1 -1 -1 -1 -1
0.49722492694854736 0.3912093937397003 0.2742900252342224 -1 -1 -1 -1 -1 -1 -1 -1 -1
0.498700350522995 0.3743884265422821 0.3429321348667145 -1 -1 -1 -1 -1 -1 -1 -1 -1
0.4976937472820282 0.37732353806495667 0.4590657651424408 -1 -1 -1 -1 -1 -1 -1 -1 -1
0.4996851980686188 0.378711462020874 0.33994260430336 -1 -1 -1 -1 -1 -1 -1 -1 -1
0.4931410253047943 0.38485297560691833 0.4367322325706482 -1 -1 -1 -1 -1 -1 -1 -1 -1
0.5004516839981079 0.3806155323982239 0.22854770720005035 -1 -1 -1 -1 -1 -1 -1 -1 -1
0.49325692653656006 0.38939136266708374 0.37059658765792847 -1 -1 -1 -1 -1 -1 -1 -1 -1
0.490054190158844 0.38619107007980347 0.9992850422859192 -1 -1 -1 -1 -1 -1 -1 -1 -1
0.5054137706756592 0.3656429052352905 0.999573290348053 -1 -1 -1 -1 -1 -1 -1 -1 -1
0.46231508255004883 0.4229482412338257 0.7411643862724304 -1 -1 -1 -1 -1 -1 -1 -1 -1
0.5393418073654175 0.3378656804561615 0.907463014125824 -1 -1 -1 -1 -1 -1 -1 -1 -1
0.45154473185539246 0.4240436851978302 0.4820447266101837 -1 -1 -1 -1 -1 -1 -1 -1 -1
0.493700236082077 0.38860687613487244 0.10610842704772949 -1 -1 -1 -1 -1 -1 -1 -1 -1
0.45046281814575195 0.41593247652053833 0.5432315468788147 -1 -1 -1 -1 -1 -1 -1 -1 -1
0.48853880167007446 0.3980293571949005 0.12950633466243744 -1 -1 -1 -1 -1 -1 -1 -1 -1
0.448976993560791 0.4526520371437073 0.5292639136314392 -1 -1 -1 -1 -1 -1 -1 -1 -1
0.4751701354980469 0.41011857986450195 0.08055709302425385 -1 -1 -1 -1 -1 -1 -1 -1 -1
1 
33 
-1 -1 -1 -1 -1 -1 -1 -1 -1 -1
0.4916784465312958 0.43443363904953003 0.9830120205879211 -1 -1 -1 -1 -1 -1 -1 -1 -1
0.4908306300640106 0.43838316202163696 0.9848480820655823 -1 -1 -1 -1 -1 -1 -1 -1 -1
0.4902016818523407 0.4388290047645569 0.9847788214683533 -1 -1 -1 -1 -1 -1 -1 -1 -1
0.48957186937332153 0.4392542839050293 0.987301230430603 -1 -1 -1 -1 -1 -1 -1 -1 -1
0.49259519577026367 0.43839895725250244 0.9770430326461792 -1 -1 -1 -1 -1 -1 -1 -1 -1
0.49313974380493164 0.438885897397995 0.9692729711532593 -1 -1 -1 -1 -1 -1 -1 -1 -1
0.49368518590927124 0.4393812119960785 0.9692524075508118 -1 -1 -1 -1 -1 -1 -1 -1 -1
0.48774734139442444 0.4447557032108307 0.9882366061210632 -1 -1 -1 -1 -1 -1 -1 -1 -1
0.4944593906402588 0.44490066170692444 0.9707740545272827 -1 -1 -1 -1 -1 -1 -1 -1 -1
0.49057695269584656 0.43449050188064575 0.991736114025116 -1 -1 -1 -1 -1 -1 -1 -1 -1
0.49219000339508057 0.4344726800918579 0.9894400238990784 -1 -1 -1 -1 -1 -1 -1 -1 -1
0.47716423869132996 0.43712565302848816 0.9996449947357178 -1 -1 -1 -1 -1 -1 -1 -1 -1
0.5007182359695435 0.4409501552581787 0.9990549683570862 -1 -1 -1 -1 -1 -1 -1 -1 -1
0.47924894094467163 0.3844939172267914 0.5892283320426941 -1 -1 -1 -1 -1 -1 -1 -1 -1
0.5040568113327026 0.39432939887046814 0.25664833188056946 -1 -1 -1 -1 -1 -1 -1 -1 -1
0.4888016879558563 0.36093947291374207 0.3713303506374359 -1 -1 -1 -1 -1 -1 -1 -1 -1
0.4973607063293457 0.36529675126075745 0.25241416692733765 -1 -1 -1 -1 -1 -1 -1 -1 -1
0.49015486240386963 0.3537288010120392 0.28928378224372864 -1 -1 -1 -1 -1 -1 -1 -1 -1
0.496569961309433 0.3573349118232727 0.23585039377212524 -1 -1 -1 -1 -1 -1 -1 -1 -1
0.4924261271953583 0.35738739371299744 0.3143855333328247 -1 -1 -1 -1 -1 -1 -1 -1 -1
0.4947068691253662 0.35789668560028076 0.25985288619995117 -1 -1 -1 -1 -1 -1 -1 -1 -1
0.49262216687202454 0.3601810932159424 0.28603294491767883 -1 -1 -1 -1 -1 -1 -1 -1 -1
0.49446073174476624 0.3604835271835327 0.24817492067813873 -1 -1 -1 -1 -1 -1 -1 -1 -1
0.47860032320022583 0.36750873923301697 0.9998714923858643 -1 -1 -1 -1 -1 -1 -1 -1 -1
0.49129152297973633 0.36958780884742737 0.9998247027397156 -1 -1 -1 -1 -1 -1 -1 -1 -1
0.47775882482528687 0.3585245609283447 0.38381701707839966 -1 -1 -1 -1 -1 -1 -1 -1 -1
0.49059170484542847 0.38584303855895996 0.273870050907135 -1 -1 -1 -1 -1 -1 -1 -1 -1
0.47166457772254944 0.3473936915397644 0.09096366167068481 -1 -1 -1 -1 -1 -1 -1 -1 -1
0.48210781812667847 0.3472520709037781 0.0906183272600174 -1 -1 -1 -1 -1 -1 -1 -1 -1
0.4706264138221741 0.34864291548728943 0.0879131555557251 -1 -1 -1 -1 -1 -1 -1 -1 -1
0.4807227551937103 0.3427599370479584 0.07977382093667984 -1 -1 -1 -1 -1 -1 -1 -1 -1
0.4696008265018463 0.33804115653038025 0.14741617441177368 -1 -1 -1 -1 -1 -1 -1 -1 -1
0.4802149534225464 0.33451947569847107 0.14870165288448334 -1 -1 -1 -1 -1 -1 -1 -1 -1
1 
33 
-1 -1 -1 -1 -1 -1 -1 -1 -1 -1
0.5074387192726135 0.4407310485839844 0.9972211122512817 -1 -1 -1 -1 -1 -1 -1 -1 -1
0.5096566677093506 0.4477275609970093 0.9981741905212402 -1 -1 -1 -1 -1 -1 -1 -1 -1
0.5087560415267944 0.45015400648117065 0.9979007244110107 -1 -1 -1 -1 -1 -1 -1 -1 -1
0.5078561902046204 0.45254307985305786 0.9987680315971375 -1 -1 -1 -1 -1 -1 -1 -1 -1
0.512994647026062 0.44093087315559387 0.9970036149024963 -1 -1 -1 -1 -1 -1 -1 -1 -1
0.5146358609199524 0.4383593797683716 0.9957476258277893 -1 -1 -1 -1 -1 -1 -1 -1 -1
0.5162537693977356 0.43583157658576965 0.9974930286407471 -1 -1 -1 -1 -1 -1 -1 -1 -1
0.5094330906867981 0.4522027373313904 0.9977134466171265 -1 -1 -1 -1 -1 -1 -1 -1 -1
0.5210871696472168 0.4284778833389282 0.9977946281433105 -1 -1 -1 -1 -1 -1 -1 -1 -1
0.5046279430389404 0.4384002089500427 0.9977709054946899 -1 -1 -1 -1 -1 -1 -1 -1 -1
0.5089272260665894 0.42997032403945923 0.9975576400756836 -1 -1 -1 -1 -1 -1 -1 -1 -1
0.49397674202919006 0.43596386909484863 0.9999516010284424 -1 -1 -1 -1 -1 -1 -1 -1 -1
0.5233595371246338 0.3925993740558624 0.999845027923584 -1 -1 -1 -1 -1 -1 -1 -1 -1
0.46206551790237427 0.4031248092651367 0.8054608106613159 -1 -1 -1 -1 -1 -1 -1 -1 -1
0.4968498945236206 0.3508031666278839 0.6902772188186646 -1 -1 -1 -1 -1 -1 -1 -1 -1
0.4847800135612488 0.38016456365585327 0.9009659290313721 -1 -1 -1 -1 -1 -1 -1 -1 -1
0.48428601026535034 0.355607807636261 0.472452849149704 -1 -1 -1 -1 -1 -1 -1 -1 -1
0.4864017963409424 0.36564409732818604 0.8285661935806274 -1 -1 -1 -1 -1 -1 -1 -1 -1
0.4789382815361023 0.3499697148799896 0.4025816321372986 -1 -1 -1 -1 -1 -1 -1 -1 -1
0.4949318766593933 0.37150734663009644 0.8217290639877319 -1 -1 -1 -1 -1 -1 -1 -1 -1
0.48114514350891113 0.35411354899406433 0.4036962687969208 -1 -1 -1 -1 -1 -1 -1 -1 -1
0.49476251006126404 0.3759419023990631 0.7505133748054504 -1 -1 -1 -1 -1 -1 -1 -1 -1
0.48324570059776306 0.356474906206131 0.41120022535324097 -1 -1 -1 -1 -1 -1 -1 -1 -1
0.44800251722335815 0.3384949564933777 0.9993441700935364 -1 -1 -1 -1 -1 -1 -1 -1 -1
0.4649859070777893 0.3071403205394745 0.999226450920105 -1 -1 -1 -1 -1 -1 -1 -1 -1
0.3895031809806824 0.32929760217666626 0.5545991063117981 -1 -1 -1 -1 -1 -1 -1 -1 -1
0.4128955006599426 0.3355604112148285 0.8248011469841003 -1 -1 -1 -1 -1 -1 -1 -1 -1
0.3087100386619568 0.3221417963504791 0.6743942499160767 -1 -1 -1 -1 -1 -1 -1 -1 -1
0.31413713097572327 0.3167721927165985 0.8525659441947937 -1 -1 -1 -1 -1 -1 -1 -1 -1
0.30868643522262573 0.3069775402545929 0.5822938680648804 -1 -1 -1 -1 -1 -1 -1 -1 -1
0.3169788122177124 0.31271854043006897 0.7527287602424622 -1 -1 -1 -1 -1 -1 -1 -1 -1
0.2900291085243225 0.3358319401741028 0.7274937033653259 -1 -1 -1 -1 -1 -1 -1 -1 -1
0.2919361889362335 0.3412461280822754 0.8539860248565674 -1 -1 -1 -1 -1 -1 -1 -1 -1
1 
33 
-1 -1 -1 -1 -1 -1 -1 -1 -1 -1
0.511511504650116 0.42979317903518677 0.993301510810852 -1 -1 -1 -1 -1 -1 -1 -1 -1
0.5096677541732788 0.4355255365371704 0.9955765008926392 -1 -1 -1 -1 -1 -1 -1 -1 -1
0.5087953805923462 0.4354650676250458 0.9957938194274902 -1 -1 -1 -1 -1 -1 -1 -1 -1
0.5079314112663269 0.4353742301464081 0.9963823556900024 -1 -1 -1 -1 -1 -1 -1 -1 -1
0.5106490850448608 0.4367094337940216 0.9944433569908142 -1 -1 -1 -1 -1 -1 -1 -1 -1
0.5106197595596313 0.4372866153717041 0.9943776726722717 -1 -1 -1 -1 -1 -1 -1 -1 -1
0.5105841755867004 0.43787798285484314 0.9952870607376099 -1 -1 -1 -1 -1 -1 -1 -1 -1
0.5026046633720398 0.4348596930503845 0.995177149772644 -1 -1 -1 -1 -1 -1 -1 -1 -1
0.506139874458313 0.43826982378959656 0.9922425746917725 -1 -1 -1 -1 -1 -1 -1 -1 -1
0.508362889289856 0.4244207739830017 0.9944782257080078 -1 -1 -1 -1 -1 -1 -1 -1 -1
0.5096915364265442 0.4252760410308838 0.9930084943771362 -1 -1 -1 -1 -1 -1 -1 -1 -1
0.49301227927207947 0.4094703197479248 0.998840868473053 -1 -1 -1 -1 -1 -1 -1 -1 -1
0.5017501711845398 0.41930630803108215 0.9983007311820984 -1 -1 -1 -1 -1 -1 -1 -1 -1
0.5113434791564941 0.37102940678596497 0.9546327590942383 -1 -1 -1 -1 -1 -1 -1 -1 -1
0.5153841376304626 0.3814760446548462 0.29978644847869873 -1 -1 -1 -1 -1 -1 -1 -1 -1
0.5350285768508911 0.3678816258907318 0.9339965581893921 -1 -1 -1 -1 -1 -1 -1 -1 -1
0.5305491089820862 0.36782896518707275 0.4651573598384857 -1 -1 -1 -1 -1 -1 -1 -1 -1
0.5402402877807617 0.36571577191352844 0.8924801349639893 -1 -1 -1 -1 -1 -1 -1 -1 -1
0.5339412689208984 0.36673983931541443 0.49542996287345886 -1 -1 -1 -1 -1 -1 -1 -1 -1
0.5407429337501526 0.3722960948944092 0.8878014087677002 -1 -1 -1 -1 -1 -1 -1 -1 -1
0.5345626473426819 0.368574321269989 0.5205631852149963 -1 -1 -1 -1 -1 -1 -1 -1 -1
0.538451611995697 0.37272191047668457 0.8449249863624573 -1 -1 -1 -1 -1 -1 -1 -1 -1
0.5332254767417908 0.36771801114082336 0.49064794182777405 -1 -1 -1 -1 -1 -1 -1 -1 -1
0.47983500361442566 0.33848315477371216 0.9977926015853882 -1 -1 -1 -1 -1 -1 -1 -1 -1
0.4865049719810486 0.3460041284561157 0.9973012804985046 -1 -1 -1 -1 -1 -1 -1 -1 -1
0.5070247054100037 0.3663893938064575 0.7931510806083679 -1 -1 -1 -1 -1 -1 -1 -1 -1
0.5112627148628235 0.3630916178226471 0.2666490972042084 -1 -1 -1 -1 -1 -1 -1 -1 -1
0.5124983191490173 0.3130790889263153 0.7119397521018982 -1 -1 -1 -1 -1 -1 -1 -1 -1
0.5133556127548218 0.3090049922466278 0.3366216719150543 -1 -1 -1 -1 -1 -1 -1 -1 -1
0.5096230506896973 0.30126500129699707 0.6792982816696167 -1 -1 -1 -1 -1 -1 -1 -1 -1
0.5102657079696655 0.2991012632846832 0.4041731059551239 -1 -1 -1 -1 -1 -1 -1 -1 -1
0.5279407501220703 0.3104621171951294 0.7259971499443054 -1 -1 -1 -1 -1 -1 -1 -1 -1
0.5270965099334717 0.3006104826927185 0.45763924717903137 -1 -1 -1 -1 -1 -1 -1 -1 -1
1 
33 
-1 -1 -1 -1 -1 -1 -1 -1 -1 -1
0.5216726660728455 0.3169090747833252 0.9918721318244934 -1 -1 -1 -1 -1 -1 -1 -1 -1
0.5196514129638672 0.31025710701942444 0.9825678467750549 -1 -1 -1 -1 -1 -1 -1 -1 -1
0.5192962288856506 0.3099963665008545 0.9872807860374451 -1 -1 -1 -1 -1 -1 -1 -1 -1
0.5179060697555542 0.3162783682346344 0.9844189286231995 -1 -1 -1 -1 -1 -1 -1 -1 -1
0.5191894173622131 0.31027641892433167 0.9830420017242432 -1 -1 -1 -1 -1 -1 -1 -1 -1
0.5185436010360718 0.3101116120815277 0.9841912984848022 -1 -1 -1 -1 -1 -1 -1 -1 -1
0.5178883075714111 0.3099114000797272 0.9807595610618591 -1 -1 -1 -1 -1 -1 -1 -1 -1
0.5105118751525879 0.31772443652153015 0.9787362217903137 -1 -1 -1 -1 -1 -1 -1 -1 -1
0.5102109313011169 0.3190573453903198 0.983930766582489 -1 -1 -1 -1 -1 -1 -1 -1 -1
0.5177245140075684 0.3251008987426758 0.9943262934684753 -1 -1 -1 -1 -1 -1 -1 -1 -1
0.5171437859535217 0.3247104287147522 0.9943332672119141 -1 -1 -1 -1 -1 -1 -1 -1 -1
0.5028999447822571 0.3511263430118561 0.9993852376937866 -1 -1 -1 -1 -1 -1 -1 -1 -1
0.5007986426353455 0.35714709758758545 0.9996480941772461 -1 -1 -1 -1 -1 -1 -1 -1 -1
0.5241208076477051 0.3925011456012726 0.03040693886578083 -1 -1 -1 -1 -1 -1 -1 -1 -1
0.5274298191070557 0.40200549364089966 0.809058427810669 -1 -1 -1 -1 -1 -1 -1 -1 -1
0.5482074022293091 0.38182541728019714 0.05342833325266838 -1 -1 -1 -1 -1 -1 -1 -1 -1
0.5536335110664368 0.3867453932762146 0.9075417518615723 -1 -1 -1 -1 -1 -1 -1 -1 -1
0.5512411594390869 0.3785315752029419 0.08587434142827988 -1 -1 -1 -1 -1 -1 -1 -1 -1
0.562580406665802 0.3865970969200134 0.9026741981506348 -1 -1 -1 -1 -1 -1 -1 -1 -1
0.5539742708206177 0.37143468856811523 0.08811156451702118 -1 -1 -1 -1 -1 -1 -1 -1 -1
0.561039388179779 0.3762699067592621 0.8990025520324707 -1 -1 -1 -1 -1 -1 -1 -1 -1
0.5530410408973694 0.3724457621574402 0.08890412747859955 -1 -1 -1 -1 -1 -1 -1 -1 -1
0.5590797662734985 0.37637823820114136 0.847618579864502 -1 -1 -1 -1 -1 -1 -1 -1 -1
0.5067158341407776 0.4370395839214325 0.9812278151512146 -1 -1 -1 -1 -1 -1 -1 -1 -1
0.5070219039916992 0.44485071301460266 0.9559197425842285 -1 -1 -1 -1 -1 -1 -1 -1 -1
0.5351611375808716 0.36937570571899414 0.07849478721618652 -1 -1 -1 -1 -1 -1 -1 -1 -1
0.5324030518531799 0.37614336609840393 0.3173467814922333 -1 -1 -1 -1 -1 -1 -1 -1 -1
0.565306544303894 0.34674522280693054 0.2273537665605545 -1 -1 -1 -1 -1 -1 -1 -1 -1
0.5623069405555725 0.356120228767395 0.18254685401916504 -1 -1 -1 -1 -1 -1 -1 -1 -1
0.5698514580726624 0.34979239106178284 0.3985922634601593 -1 -1 -1 -1 -1 -1 -1 -1 -1
0.5650691986083984 0.35761258006095886 0.29661157727241516 -1 -1 -1 -1 -1 -1 -1 -1 -1
0.5712510943412781 0.31787464022636414 0.24530920386314392 -1 -1 -1 -1 -1 -1 -1 -1 -1
0.5679593682289124 0.33330053091049194 0.2752225995063782 -1 -1 -1 -1 -1 -1 -1 -1 -1
1 
33 
-1 -1 -1 -1 -1 -1 -1 -1 -1 -1
0.5546241402626038 0.35182347893714905 0.9993991851806641 -1 -1 -1 -1 -1 -1 -1 -1 -1
0.5554847121238708 0.34049561619758606 0.9986457228660583 -1 -1 -1 -1 -1 -1 -1 -1 -1
0.5551143884658813 0.3394753336906433 0.9989697933197021 -1 -1 -1 -1 -1 -1 -1 -1 -1
0.5546810626983643 0.33846160769462585 0.9987803101539612 -1 -1 -1 -1 -1 -1 -1 -1 -1
0.5549337267875671 0.3398565351963043 0.9990205764770508 -1 -1 -1 -1 -1 -1 -1 -1 -1
0.5541125535964966 0.3384755849838257 0.9989768266677856 -1 -1 -1 -1 -1 -1 -1 -1 -1
0.5531941056251526 0.33694586157798767 0.9985817670822144 -1 -1 -1 -1 -1 -1 -1 -1 -1
0.5462387800216675 0.33132997155189514 0.9982340335845947 -1 -1 -1 -1 -1 -1 -1 -1 -1
0.5441983938217163 0.32919740676879883 0.9991864562034607 -1 -1 -1 -1 -1 -1 -1 -1 -1
0.5504968166351318 0.355493426322937 0.9980065226554871 -1 -1 -1 -1 -1 -1 -1 -1 -1
0.5496201515197754 0.3549320697784424 0.9980828762054443 -1 -1 -1 -1 -1 -1 -1 -1 -1
0.5316148996353149 0.35985440015792847 0.999565064907074 -1 -1 -1 -1 -1 -1 -1 -1 -1
0.5102816820144653 0.3580458462238312 0.9999399185180664 -1 -1 -1 -1 -1 -1 -1 -1 -1
0.5705846548080444 0.4038652181625366 0.23974551260471344 -1 -1 -1 -1 -1 -1 -1 -1 -1
0.5331565141677856 0.41836175322532654 0.9177448153495789 -1 -1 -1 -1 -1 -1 -1 -1 -1
0.6012265086174011 0.3799046277999878 0.19687652587890625 -1 -1 -1 -1 -1 -1 -1 -1 -1
0.5511401295661926 0.41250544786453247 0.8709092140197754 -1 -1 -1 -1 -1 -1 -1 -1 -1
0.6081960797309875 0.37185007333755493 0.16967855393886566 -1 -1 -1 -1 -1 -1 -1 -1 -1
0.5599866509437561 0.41487717628479004 0.7847200036048889 -1 -1 -1 -1 -1 -1 -1 -1 -1
0.6100715398788452 0.3678317368030548 0.17871937155723572 -1 -1 -1 -1 -1 -1 -1 -1 -1
0.558289647102356 0.40527617931365967 0.7815442085266113 -1 -1 -1 -1 -1 -1 -1 -1 -1
0.6069154143333435 0.3709724247455597 0.18984346091747284 -1 -1 -1 -1 -1 -1 -1 -1 -1
0.5683386921882629 0.40732431411743164 0.7088065147399902 -1 -1 -1 -1 -1 -1 -1 -1 -1
0.5271733403205872 0.4878215193748474 0.9990206956863403 -1 -1 -1 -1 -1 -1 -1 -1 -1
0.5007470846176147 0.500493049621582 0.9991764426231384 -1 -1 -1 -1 -1 -1 -1 -1 -1
0.5900717973709106 0.44659149646759033 0.9007877111434937 -1 -1 -1 -1 -1 -1 -1 -1 -1
0.505868136882782 0.551243007183075 0.8820158243179321 -1 -1 -1 -1 -1 -1 -1 -1 -1
0.6515225172042847 0.3988248109817505 0.9463137984275818 -1 -1 -1 -1 -1 -1 -1 -1 -1
0.5088515281677246 0.5811080932617188 0.8283529877662659 -1 -1 -1 -1 -1 -1 -1 -1 -1
0.6597213745117188 0.40237438678741455 0.9340356588363647 -1 -1 -1 -1 -1 -1 -1 -1 -1
0.5070980191230774 0.5849698781967163 0.7607595324516296 -1 -1 -1 -1 -1 -1 -1 -1 -1
0.6673402786254883 0.3538837432861328 0.9383994340896606 -1 -1 -1 -1 -1 -1 -1 -1 -1
0.5085458159446716 0.5866561532020569 0.8443957567214966 -1 -1 -1 -1 -1 -1 -1 -1 -1
1 
33 
-1 -1 -1 -1 -1 -1 -1 -1 -1 -1
0.5556986331939697 0.3979150950908661 0.9998156428337097 -1 -1 -1 -1 -1 -1 -1 -1 -1
0.5623669028282166 0.3940888047218323 0.9998581409454346 -1 -1 -1 -1 -1 -1 -1 -1 -1
0.5627467632293701 0.39303532242774963 0.9998793601989746 -1 -1 -1 -1 -1 -1 -1 -1 -1
0.5631345510482788 0.39188048243522644 0.9998403787612915 -1 -1 -1 -1 -1 -1 -1 -1 -1
0.5625580549240112 0.39304041862487793 0.9998281002044678 -1 -1 -1 -1 -1 -1 -1 -1 -1
0.5629603862762451 0.39133787155151367 0.9998434782028198 -1 -1 -1 -1 -1 -1 -1 -1 -1
0.5634174346923828 0.3895474672317505 0.9998007416725159 -1 -1 -1 -1 -1 -1 -1 -1 -1
0.562263011932373 0.37863588333129883 0.9997751116752625 -1 -1 -1 -1 -1 -1 -1 -1 -1
0.5620446801185608 0.377950519323349 0.9999090433120728 -1 -1 -1 -1 -1 -1 -1 -1 -1
0.5518829822540283 0.3932373821735382 0.999854564666748 -1 -1 -1 -1 -1 -1 -1 -1 -1
0.5516019463539124 0.3916236460208893 0.9998503923416138 -1 -1 -1 -1 -1 -1 -1 -1 -1
0.5376490950584412 0.3698121905326843 0.999832034111023 -1 -1 -1 -1 -1 -1 -1 -1 -1
0.539277195930481 0.37085285782814026 0.9999409914016724 -1 -1 -1 -1 -1 -1 -1 -1 -1
0.5228994488716125 0.4343358278274536 0.03708278015255928 -1 -1 -1 -1 -1 -1 -1 -1 -1
0.5269162654876709 0.43835878372192383 0.8821344971656799 -1 -1 -1 -1 -1 -1 -1 -1 -1
0.54539954662323 0.4558570086956024 0.04633352905511856 -1 -1 -1 -1 -1 -1 -1 -1 -1
0.5477354526519775 0.46466001868247986 0.7711919546127319 -1 -1 -1 -1 -1 -1 -1 -1 -1
0.5521319508552551 0.46129605174064636 0.06299301236867905 -1 -1 -1 -1 -1 -1 -1 -1 -1
0.5537315607070923 0.47255510091781616 0.6760636568069458 -1 -1 -1 -1 -1 -1 -1 -1 -1
0.5532591342926025 0.45793190598487854 0.06701426953077316 -1 -1 -1 -1 -1 -1 -1 -1 -1
0.555180013179779 0.4648374319076538 0.6728153824806213 -1 -1 -1 -1 -1 -1 -1 -1 -1
0.5508074760437012 0.45522215962409973 0.07437090575695038 -1 -1 -1 -1 -1 -1 -1 -1 -1
0.5526430606842041 0.4611411690711975 0.628718912601471 -1 -1 -1 -1 -1 -1 -1 -1 -1
0.4769975244998932 0.4154182970523834 0.9969412684440613 -1 -1 -1 -1 -1 -1 -1 -1 -1
0.47540682554244995 0.4174278676509857 0.993885338306427 -1 -1 -1 -1 -1 -1 -1 -1 -1
0.5393860340118408 0.4251476228237152 0.13045893609523773 -1 -1 -1 -1 -1 -1 -1 -1 -1
0.5402208566665649 0.4337184727191925 0.7905322909355164 -1 -1 -1 -1 -1 -1 -1 -1 -1
0.5679498910903931 0.4491662085056305 0.15916188061237335 -1 -1 -1 -1 -1 -1 -1 -1 -1
0.5690834522247314 0.4544902741909027 0.4288197159767151 -1 -1 -1 -1 -1 -1 -1 -1 -1
0.5683024525642395 0.45619362592697144 0.1908007711172104 -1 -1 -1 -1 -1 -1 -1 -1 -1
0.5696393847465515 0.4608772397041321 0.4624403119087219 -1 -1 -1 -1 -1 -1 -1 -1 -1
0.5870232582092285 0.44168055057525635 0.2381521314382553 -1 -1 -1 -1 -1 -1 -1 -1 -1
0.5860558152198792 0.44226399064064026 0.5665862560272217 -1 -1 -1 -1 -1 -1 -1 -1 -1
1 
33 
-1 -1 -1 -1 -1 -1 -1 -1 -1 -1
0.5778560042381287 0.5164943337440491 0.9863983988761902 -1 -1 -1 -1 -1 -1 -1 -1 -1
0.5817911624908447 0.5201366543769836 0.9851476550102234 -1 -1 -1 -1 -1 -1 -1 -1 -1
0.5819569826126099 0.5202432870864868 0.9820066094398499 -1 -1 -1 -1 -1 -1 -1 -1 -1
0.5820989012718201 0.5203242301940918 0.9850238561630249 -1 -1 -1 -1 -1 -1 -1 -1 -1
0.5827823877334595 0.5173249840736389 0.9880924820899963 -1 -1 -1 -1 -1 -1 -1 -1 -1
0.5836115479469299 0.5154590010643005 0.9866097569465637 -1 -1 -1 -1 -1 -1 -1 -1 -1
0.5844432711601257 0.5136467814445496 0.9885042309761047 -1 -1 -1 -1 -1 -1 -1 -1 -1
0.5865963697433472 0.5116721987724304 0.9759606122970581 -1 -1 -1 -1 -1 -1 -1 -1 -1
0.5898800492286682 0.5008118748664856 0.9873102903366089 -1 -1 -1 -1 -1 -1 -1 -1 -1
0.5767259001731873 0.5078811645507812 0.9812770485877991 -1 -1 -1 -1 -1 -1 -1 -1 -1
0.5778005719184875 0.5055398941040039 0.9843787550926208 -1 -1 -1 -1 -1 -1 -1 -1 -1
0.5779145956039429 0.48285436630249023 0.9923094511032104 -1 -1 -1 -1 -1 -1 -1 -1 -1
0.586531400680542 0.4590838551521301 0.9980851411819458 -1 -1 -1 -1 -1 -1 -1 -1 -1
0.5517132878303528 0.48956969380378723 0.09039455652236938 -1 -1 -1 -1 -1 -1 -1 -1 -1
0.5674903988838196 0.45489615201950073 0.693001389503479 -1 -1 -1 -1 -1 -1 -1 -1 -1
0.5595983862876892 0.4814373254776001 0.08568504452705383 -1 -1 -1 -1 -1 -1 -1 -1 -1
0.5601876378059387 0.4519984722137451 0.42967402935028076 -1 -1 -1 -1 -1 -1 -1 -1 -1
0.5603312253952026 0.47872790694236755 0.09727974981069565 -1 -1 -1 -1 -1 -1 -1 -1 -1
0.5564855933189392 0.44673386216163635 0.3984036147594452 -1 -1 -1 -1 -1 -1 -1 -1 -1
0.5628329515457153 0.4782431721687317 0.10147489607334137 -1 -1 -1 -1 -1 -1 -1 -1 -1
0.5564960241317749 0.44930678606033325 0.39639046788215637 -1 -1 -1 -1 -1 -1 -1 -1 -1
0.5630636811256409 0.4791073799133301 0.0926574245095253 -1 -1 -1 -1 -1 -1 -1 -1 -1
0.5581789016723633 0.450631707906723 0.3601996600627899 -1 -1 -1 -1 -1 -1 -1 -1 -1
0.4994080066680908 0.42069849371910095 0.9930551648139954 -1 -1 -1 -1 -1 -1 -1 -1 -1
0.4988707900047302 0.40209072828292847 0.9954110980033875 -1 -1 -1 -1 -1 -1 -1 -1 -1
0.5378825068473816 0.5311369895935059 0.4763832688331604 -1 -1 -1 -1 -1 -1 -1 -1 -1
0.5302324891090393 0.46977028250694275 0.8289649486541748 -1 -1 -1 -1 -1 -1 -1 -1 -1
0.5447392463684082 0.4848024845123291 0.3546000123023987 -1 -1 -1 -1 -1 -1 -1 -1 -1
0.538093626499176 0.463911235332489 0.29437264800071716 -1 -1 -1 -1 -1 -1 -1 -1 -1
0.5452260375022888 0.4742297828197479 0.293510764837265 -1 -1 -1 -1 -1 -1 -1 -1 -1
0.5400465726852417 0.4577797055244446 0.3015073239803314 -1 -1 -1 -1 -1 -1 -1 -1 -1
0.5600077509880066 0.4885382354259491 0.4026578366756439 -1 -1 -1 -1 -1 -1 -1 -1 -1
0.5494998097419739 0.4800298810005188 0.3534418046474457 -1 -1 -1 -1 -1 -1 -1 -1 -1
1 
33 
-1 -1 -1 -1 -1 -1 -1 -1 -1 -1
0.5359145998954773 0.43484506011009216 0.9783384203910828 -1 -1 -1 -1 -1 -1 -1 -1 -1
0.5331888794898987 0.42441117763519287 0.9760451316833496 -1 -1 -1 -1 -1 -1 -1 -1 -1
0.5334055423736572 0.4233456254005432 0.973587691783905 -1 -1 -1 -1 -1 -1 -1 -1 -1
0.5335695743560791 0.4223296642303467 0.9797390699386597 -1 -1 -1 -1 -1 -1 -1 -1 -1
0.5306940674781799 0.42647743225097656 0.9705002307891846 -1 -1 -1 -1 -1 -1 -1 -1 -1
0.5290524959564209 0.4266773462295532 0.9597031474113464 -1 -1 -1 -1 -1 -1 -1 -1 -1
0.5274578332901001 0.42690032720565796 0.9651893973350525 -1 -1 -1 -1 -1 -1 -1 -1 -1
0.5279410481452942 0.4203377664089203 0.9820323586463928 -1 -1 -1 -1 -1 -1 -1 -1 -1
0.5190567970275879 0.4263450503349304 0.9642748832702637 -1 -1 -1 -1 -1 -1 -1 -1 -1
0.5348684191703796 0.4410803020000458 0.9747893214225769 -1 -1 -1 -1 -1 -1 -1 -1 -1
0.532253623008728 0.4436638653278351 0.9590578675270081 -1 -1 -1 -1 -1 -1 -1 -1 -1
0.521407961845398 0.44988301396369934 0.9992654919624329 -1 -1 -1 -1 -1 -1 -1 -1 -1
0.5155008435249329 0.45992016792297363 0.9961686730384827 -1 -1 -1 -1 -1 -1 -1 -1 -1
0.5295193195343018 0.4405813217163086 0.7386348247528076 -1 -1 -1 -1 -1 -1 -1 -1 -1
0.5237013101577759 0.4637206792831421 0.8994054198265076 -1 -1 -1 -1 -1 -1 -1 -1 -1
0.5058143138885498 0.44816023111343384 0.7803139686584473 -1 -1 -1 -1 -1 -1 -1 -1 -1
0.5152956247329712 0.45325204730033875 0.7038124203681946 -1 -1 -1 -1 -1 -1 -1 -1 -1
0.4975197911262512 0.4471322000026703 0.6891262531280518 -1 -1 -1 -1 -1 -1 -1 -1 -1
0.5117583870887756 0.4499647319316864 0.5769005417823792 -1 -1 -1 -1 -1 -1 -1 -1 -1
0.49316295981407166 0.45733100175857544 0.7032876014709473 -1 -1 -1 -1 -1 -1 -1 -1 -1
0.5081309080123901 0.4498453438282013 0.5834271907806396 -1 -1 -1 -1 -1 -1 -1 -1 -1
0.49826326966285706 0.4450111389160156 0.6570923924446106 -1 -1 -1 -1 -1 -1 -1 -1 -1
0.5088974833488464 0.4530935287475586 0.5796189308166504 -1 -1 -1 -1 -1 -1 -1 -1 -1
0.481427937746048 0.6680220365524292 0.997706413269043 -1 -1 -1 -1 -1 -1 -1 -1 -1
0.47533518075942993 0.6703196167945862 0.9967813491821289 -1 -1 -1 -1 -1 -1 -1 -1 -1
0.49619197845458984 0.7556187510490417 0.27878522872924805 -1 -1 -1 -1 -1 -1 -1 -1 -1
0.4929949641227722 0.7810983061790466 0.5059252977371216 -1 -1 -1 -1 -1 -1 -1 -1 -1
0.47897329926490784 0.8586930632591248 0.2492663413286209 -1 -1 -1 -1 -1 -1 -1 -1 -1
0.46182766556739807 0.869800865650177 0.3409263789653778 -1 -1 -1 -1 -1 -1 -1 -1 -1
0.47280004620552063 0.8722803592681885 0.3779848515987396 -1 -1 -1 -1 -1 -1 -1 -1 -1
0.4501778483390808 0.8790385723114014 0.5314269065856934 -1 -1 -1 -1 -1 -1 -1 -1 -1
0.4792252779006958 0.887000560760498 0.27822279930114746 -1 -1 -1 -1 -1 -1 -1 -1 -1
0.4609324336051941 0.8921366930007935 0.37076622247695923 -1 -1 -1 -1 -1 -1 -1 -1 -1
1 
33 
-1 -1 -1 -1 -1 -1 -1 -1 -1 -1
0.5858845710754395 0.34730756282806396 0.7825497984886169 -1 -1 -1 -1 -1 -1 -1 -1 -1
0.5811883211135864 0.3307000398635864 0.7375239133834839 -1 -1 -1 -1 -1 -1 -1 -1 -1
0.5806255340576172 0.3296283781528473 0.7406195402145386 -1 -1 -1 -1 -1 -1 -1 -1 -1
0.5800374150276184 0.32865607738494873 0.7850256562232971 -1 -1 -1 -1 -1 -1 -1 -1 -1
0.5792165994644165 0.3319026827812195 0.7848845720291138 -1 -1 -1 -1 -1 -1 -1 -1 -1
0.5768834948539734 0.33124104142189026 0.7642409205436707 -1 -1 -1 -1 -1 -1 -1 -1 -1
0.5745707154273987 0.3306579887866974 0.8300209641456604 -1 -1 -1 -1 -1 -1 -1 -1 -1
0.5670226216316223 0.32511305809020996 0.7094820141792297 -1 -1 -1 -1 -1 -1 -1 -1 -1
0.5583805441856384 0.3285815715789795 0.8360568881034851 -1 -1 -1 -1 -1 -1 -1 -1 -1
0.5800098180770874 0.3583754599094391 0.6956820487976074 -1 -1 -1 -1 -1 -1 -1 -1 -1
0.5777164697647095 0.35963279008865356 0.789756178855896 -1 -1 -1 -1 -1 -1 -1 -1 -1
0.5637559294700623 0.39985933899879456 0.937982976436615 -1 -1 -1 -1 -1 -1 -1 -1 -1
0.517219066619873 0.3759402930736542 0.9933878183364868 -1 -1 -1 -1 -1 -1 -1 -1 -1
0.5602598786354065 0.45466792583465576 0.07877284288406372 -1 -1 -1 -1 -1 -1 -1 -1 -1
0.49082186818122864 0.43960681557655334 0.8117190003395081 -1 -1 -1 -1 -1 -1 -1 -1 -1
0.5487363338470459 0.42469945549964905 0.07611790299415588 -1 -1 -1 -1 -1 -1 -1 -1 -1
0.5314491391181946 0.4360421895980835 0.4851476848125458 -1 -1 -1 -1 -1 -1 -1 -1 -1
0.5444312691688538 0.4240172803401947 0.0933014526963234 -1 -1 -1 -1 -1 -1 -1 -1 -1
0.540940523147583 0.44649723172187805 0.4442625045776367 -1 -1 -1 -1 -1 -1 -1 -1 -1
0.5413925051689148 0.41506579518318176 0.09369014948606491 -1 -1 -1 -1 -1 -1 -1 -1 -1
0.5435211062431335 0.43471670150756836 0.4350622892379761 -1 -1 -1 -1 -1 -1 -1 -1 -1
0.5422033667564392 0.41563141345977783 0.09405947476625443 -1 -1 -1 -1 -1 -1 -1 -1 -1
0.539446234703064 0.4326172173023224 0.40640488266944885 -1 -1 -1 -1 -1 -1 -1 -1 -1
0.5198425650596619 0.6889816522598267 0.9584090113639832 -1 -1 -1 -1 -1 -1 -1 -1 -1
0.4885317087173462 0.6841750741004944 0.9816403985023499 -1 -1 -1 -1 -1 -1 -1 -1 -1
0.5733892321586609 0.8184163570404053 0.31709909439086914 -1 -1 -1 -1 -1 -1 -1 -1 -1
0.5122195482254028 0.8194757103919983 0.8772234320640564 -1 -1 -1 -1 -1 -1 -1 -1 -1
0.5667998194694519 0.8965452313423157 0.33623576164245605 -1 -1 -1 -1 -1 -1 -1 -1 -1
0.5732697248458862 0.895585298538208 0.7034261226654053 -1 -1 -1 -1 -1 -1 -1 -1 -1
0.5625960230827332 0.9103101491928101 0.4072192907333374 -1 -1 -1 -1 -1 -1 -1 -1 -1
0.5760054588317871 0.9083647131919861 0.6887293457984924 -1 -1 -1 -1 -1 -1 -1 -1 -1
0.5780084133148193 0.9120585322380066 0.41538265347480774 -1 -1 -1 -1 -1 -1 -1 -1 -1
0.6115689277648926 0.9104634523391724 0.6856148838996887 -1 -1 -1 -1 -1 -1 -1 -1 -1
1 
33 
-1 -1 -1 -1 -1 -1 -1 -1 -1 -1
0.5390368700027466 0.36651143431663513 0.9972442388534546 -1 -1 -1 -1 -1 -1 -1 -1 -1
0.5477481484413147 0.36385005712509155 0.996052622795105 -1 -1 -1 -1 -1 -1 -1 -1 -1
0.5492808818817139 0.36683347821235657 0.9958800077438354 -1 -1 -1 -1 -1 -1 -1 -1 -1
0.5507894158363342 0.3698449432849884 0.9964555501937866 -1 -1 -1 -1 -1 -1 -1 -1 -1
0.5445353984832764 0.3575350344181061 0.9952803254127502 -1 -1 -1 -1 -1 -1 -1 -1 -1
0.5434590578079224 0.35539865493774414 0.9938943982124329 -1 -1 -1 -1 -1 -1 -1 -1 -1
0.5424007177352905 0.35328149795532227 0.9949814677238464 -1 -1 -1 -1 -1 -1 -1 -1 -1
0.5518667697906494 0.3807525634765625 0.9942548871040344 -1 -1 -1 -1 -1 -1 -1 -1 -1
0.5407337546348572 0.35869598388671875 0.9927976727485657 -1 -1 -1 -1 -1 -1 -1 -1 -1
0.5364561676979065 0.38016700744628906 0.9961203336715698 -1 -1 -1 -1 -1 -1 -1 -1 -1
0.5319552421569824 0.3714984953403473 0.9942373037338257 -1 -1 -1 -1 -1 -1 -1 -1 -1
0.5357613563537598 0.42846983671188354 0.9998328685760498 -1 -1 -1 -1 -1 -1 -1 -1 -1
0.5102333426475525 0.3920333981513977 0.999035120010376 -1 -1 -1 -1 -1 -1 -1 -1 -1
0.503211259841919 0.483154833316803 0.9216889142990112 -1 -1 -1 -1 -1 -1 -1 -1 -1
0.45585471391677856 0.4216982126235962 0.7590634226799011 -1 -1 -1 -1 -1 -1 -1 -1 -1
0.4886428713798523 0.46243393421173096 0.9260438680648804 -1 -1 -1 -1 -1 -1 -1 -1 -1
0.43610772490501404 0.41434404253959656 0.8625821471214294 -1 -1 -1 -1 -1 -1 -1 -1 -1
0.48445963859558105 0.4611366391181946 0.8921618461608887 -1 -1 -1 -1 -1 -1 -1 -1 -1
0.4311898946762085 0.4164654612541199 0.8032747507095337 -1 -1 -1 -1 -1 -1 -1 -1 -1
0.4894651174545288 0.4522424042224884 0.8868974447250366 -1 -1 -1 -1 -1 -1 -1 -1 -1
0.43432357907295227 0.40416979789733887 0.8114886283874512 -1 -1 -1 -1 -1 -1 -1 -1 -1
0.48995572328567505 0.4533257484436035 0.8546507954597473 -1 -1 -1 -1 -1 -1 -1 -1 -1
0.43577197194099426 0.405717670917511 0.7952163219451904 -1 -1 -1 -1 -1 -1 -1 -1 -1
0.44628527760505676 0.5521247386932373 0.9991698265075684 -1 -1 -1 -1 -1 -1 -1 -1 -1
0.4392896294593811 0.5302600860595703 0.9982744455337524 -1 -1 -1 -1 -1 -1 -1 -1 -1
0.39923426508903503 0.5267366170883179 0.8584375381469727 -1 -1 -1 -1 -1 -1 -1 -1 -1
0.3918840289115906 0.5268024802207947 0.3477616012096405 -1 -1 -1 -1 -1 -1 -1 -1 -1
0.34290170669555664 0.5833644866943359 0.8171229362487793 -1 -1 -1 -1 -1 -1 -1 -1 -1
0.34894445538520813 0.5757808685302734 0.48297446966171265 -1 -1 -1 -1 -1 -1 -1 -1 -1
0.33416733145713806 0.6079259514808655 0.8111611604690552 -1 -1 -1 -1 -1 -1 -1 -1 -1
0.34327349066734314 0.5966889262199402 0.5425382852554321 -1 -1 -1 -1 -1 -1 -1 -1 -1
0.32234978675842285 0.5467579364776611 0.8291659355163574 -1 -1 -1 -1 -1 -1 -1 -1 -1
0.3250729441642761 0.5392100214958191 0.647215723991394 -1 -1 -1 -1 -1 -1 -1 -1 -1
1 
33 
-1 -1 -1 -1 -1 -1 -1 -1 -1 -1
0.5039946436882019 0.4149807095527649 0.9790425896644592 -1 -1 -1 -1 -1 -1 -1 -1 -1
0.504233717918396 0.4109107553958893 0.9812749028205872 -1 -1 -1 -1 -1 -1 -1 -1 -1
0.5044348239898682 0.410772442817688 0.9729092121124268 -1 -1 -1 -1 -1 -1 -1 -1 -1
0.5046297311782837 0.4106389880180359 0.9811459183692932 -1 -1 -1 -1 -1 -1 -1 -1 -1
0.5037277340888977 0.41124480962753296 0.9680215120315552 -1 -1 -1 -1 -1 -1 -1 -1 -1
0.5034552216529846 0.41130563616752625 0.951684832572937 -1 -1 -1 -1 -1 -1 -1 -1 -1
0.5031945109367371 0.4113755226135254 0.9667237401008606 -1 -1 -1 -1 -1 -1 -1 -1 -1
0.5038061141967773 0.41252654790878296 0.9582843780517578 -1 -1 -1 -1 -1 -1 -1 -1 -1
0.5023482441902161 0.4139654040336609 0.9204332828521729 -1 -1 -1 -1 -1 -1 -1 -1 -1
0.5042194128036499 0.41900214552879333 0.9658446311950684 -1 -1 -1 -1 -1 -1 -1 -1 -1
0.5032551288604736 0.41910576820373535 0.9492753744125366 -1 -1 -1 -1 -1 -1 -1 -1 -1
0.5019959807395935 0.42633742094039917 0.9862120151519775 -1 -1 -1 -1 -1 -1 -1 -1 -1
0.5003283619880676 0.42703020572662354 0.9729607701301575 -1 -1 -1 -1 -1 -1 -1 -1 -1
0.5075767040252686 0.4389874339103699 0.5059484839439392 -1 -1 -1 -1 -1 -1 -1 -1 -1
0.5077173709869385 0.416582852602005 0.7710492014884949 -1 -1 -1 -1 -1 -1 -1 -1 -1
0.5135822892189026 0.4145742654800415 0.7744415402412415 -1 -1 -1 -1 -1 -1 -1 -1 -1
0.5103330016136169 0.3919738829135895 0.8304597735404968 -1 -1 -1 -1 -1 -1 -1 -1 -1
0.5141981244087219 0.4069751799106598 0.7376212477684021 -1 -1 -1 -1 -1 -1 -1 -1 -1
0.510648250579834 0.3862224221229553 0.7726450562477112 -1 -1 -1 -1 -1 -1 -1 -1 -1
0.5160571932792664 0.40497979521751404 0.755261242389679 -1 -1 -1 -1 -1 -1 -1 -1 -1
0.509027361869812 0.38546767830848694 0.7717748880386353 -1 -1 -1 -1 -1 -1 -1 -1 -1
0.5155981183052063 0.40808629989624023 0.6725111603736877 -1 -1 -1 -1 -1 -1 -1 -1 -1
0.5087187886238098 0.3879780173301697 0.7099292874336243 -1 -1 -1 -1 -1 -1 -1 -1 -1
0.49914899468421936 0.471468448638916 0.9971900582313538 -1 -1 -1 -1 -1 -1 -1 -1 -1
0.4946768581867218 0.4748699367046356 0.9980547428131104 -1 -1 -1 -1 -1 -1 -1 -1 -1
0.5070424675941467 0.4529968500137329 0.26982900500297546 -1 -1 -1 -1 -1 -1 -1 -1 -1
0.4929610788822174 0.4566507339477539 0.460686594247818 -1 -1 -1 -1 -1 -1 -1 -1 -1
0.5012667179107666 0.4881976544857025 0.2849389314651489 -1 -1 -1 -1 -1 -1 -1 -1 -1
0.49853575229644775 0.48677322268486023 0.4619552195072174 -1 -1 -1 -1 -1 -1 -1 -1 -1
0.5004680752754211 0.49092555046081543 0.2353610396385193 -1 -1 -1 -1 -1 -1 -1 -1 -1
0.4992169737815857 0.4886767566204071 0.3639473021030426 -1 -1 -1 -1 -1 -1 -1 -1 -1
0.5008044838905334 0.5033520460128784 0.33763769268989563 -1 -1 -1 -1 -1 -1 -1 -1 -1
0.5001893639564514 0.4991025924682617 0.4113208055496216 -1 -1 -1 -1 -1 -1 -1 -1 -1
1 
33 
-1 -1 -1 -1 -1 -1 -1 -1 -1 -1
0.5460855960845947 0.4528812766075134 0.9996254444122314 -1 -1 -1 -1 -1 -1 -1 -1 -1
0.5559508800506592 0.45793357491493225 0.9995297193527222 -1 -1 -1 -1 -1 -1 -1 -1 -1
0.547174334526062 0.46916139125823975 0.9993853569030762 -1 -1 -1 -1 -1 -1 -1 -1 -1
0.5456706285476685 0.47321659326553345 0.9994457364082336 -1 -1 -1 -1 -1 -1 -1 -1 -1
0.5591527223587036 0.4495817720890045 0.9992287158966064 -1 -1 -1 -1 -1 -1 -1 -1 -1
0.5614753365516663 0.44234582781791687 0.9987335801124573 -1 -1 -1 -1 -1 -1 -1 -1 -1
0.5560742616653442 0.4469299912452698 0.9990012049674988 -1 -1 -1 -1 -1 -1 -1 -1 -1
0.542344331741333 0.4752066731452942 0.9993103742599487 -1 -1 -1 -1 -1 -1 -1 -1 -1
0.5564192533493042 0.4397476613521576 0.9988518953323364 -1 -1 -1 -1 -1 -1 -1 -1 -1
0.5391891002655029 0.45300906896591187 0.999308705329895 -1 -1 -1 -1 -1 -1 -1 -1 -1
0.5446439981460571 0.4392297565937042 0.9993197917938232 -1 -1 -1 -1 -1 -1 -1 -1 -1
0.5193966031074524 0.4609041213989258 0.9998552799224854 -1 -1 -1 -1 -1 -1 -1 -1 -1
0.5370250344276428 0.396060585975647 0.9994571805000305 -1 -1 -1 -1 -1 -1 -1 -1 -1
0.48424649238586426 0.43144726753234863 0.9580923318862915 -1 -1 -1 -1 -1 -1 -1 -1 -1
0.5034630298614502 0.3528716266155243 0.471708208322525 -1 -1 -1 -1 -1 -1 -1 -1 -1
0.5038511753082275 0.4051412343978882 0.938631534576416 -1 -1 -1 -1 -1 -1 -1 -1 -1
0.5028810501098633 0.35788506269454956 0.7521933317184448 -1 -1 -1 -1 -1 -1 -1 -1 -1
0.5069097876548767 0.39819619059562683 0.9083173871040344 -1 -1 -1 -1 -1 -1 -1 -1 -1
0.5000897645950317 0.3583064079284668 0.7476968765258789 -1 -1 -1 -1 -1 -1 -1 -1 -1
0.5122110843658447 0.40224483609199524 0.9015942811965942 -1 -1 -1 -1 -1 -1 -1 -1 -1
0.5070134997367859 0.3603430390357971 0.754043698310852 -1 -1 -1 -1 -1 -1 -1 -1 -1
0.5109076499938965 0.4012586176395416 0.87550288438797 -1 -1 -1 -1 -1 -1 -1 -1 -1
0.5067472457885742 0.3607346713542938 0.7307333946228027 -1 -1 -1 -1 -1 -1 -1 -1 -1
0.4430508315563202 0.38559067249298096 0.9994022846221924 -1 -1 -1 -1 -1 -1 -1 -1 -1
0.44974982738494873 0.34379076957702637 0.9989954829216003 -1 -1 -1 -1 -1 -1 -1 -1 -1
0.3960624933242798 0.3790118098258972 0.8306888341903687 -1 -1 -1 -1 -1 -1 -1 -1 -1
0.40103089809417725 0.31978151202201843 0.5666576027870178 -1 -1 -1 -1 -1 -1 -1 -1 -1
0.3353724777698517 0.38126838207244873 0.8507895469665527 -1 -1 -1 -1 -1 -1 -1 -1 -1
0.3361935317516327 0.35061877965927124 0.6729452013969421 -1 -1 -1 -1 -1 -1 -1 -1 -1
0.32925090193748474 0.3861806094646454 0.8281829357147217 -1 -1 -1 -1 -1 -1 -1 -1 -1
0.3282938003540039 0.3626645505428314 0.7182932496070862 -1 -1 -1 -1 -1 -1 -1 -1 -1
0.304616779088974 0.37286901473999023 0.8621274828910828 -1 -1 -1 -1 -1 -1 -1 -1 -1
0.3127512037754059 0.3267275094985962 0.747647762298584 -1 -1 -1 -1 -1 -1 -1 -1 -1
1 
33 
-1 -1 -1 -1 -1 -1 -1 -1 -1 -1
0.5042116641998291 0.35860371589660645 0.9907646179199219 -1 -1 -1 -1 -1 -1 -1 -1 -1
0.5003556609153748 0.3551909029483795 0.9905245900154114 -1 -1 -1 -1 -1 -1 -1 -1 -1
0.5001200437545776 0.3550288677215576 0.9899677038192749 -1 -1 -1 -1 -1 -1 -1 -1 -1
0.4998040199279785 0.35489410161972046 0.9942628741264343 -1 -1 -1 -1 -1 -1 -1 -1 -1
0.4995257258415222 0.35654768347740173 0.9902772903442383 -1 -1 -1 -1 -1 -1 -1 -1 -1
0.498720645904541 0.3573002219200134 0.9874505996704102 -1 -1 -1 -1 -1 -1 -1 -1 -1
0.4976924657821655 0.3582017123699188 0.9889500737190247 -1 -1 -1 -1 -1 -1 -1 -1 -1
0.49542921781539917 0.36252903938293457 0.9943568110466003 -1 -1 -1 -1 -1 -1 -1 -1 -1
0.4941268563270569 0.3658210039138794 0.9804603457450867 -1 -1 -1 -1 -1 -1 -1 -1 -1
0.50529944896698 0.3641228675842285 0.9933250546455383 -1 -1 -1 -1 -1 -1 -1 -1 -1
0.5042975544929504 0.3658190965652466 0.9920944571495056 -1 -1 -1 -1 -1 -1 -1 -1 -1
0.5011444091796875 0.3899335563182831 0.9930686950683594 -1 -1 -1 -1 -1 -1 -1 -1 -1
0.4964621961116791 0.4079092741012573 0.9892300963401794 -1 -1 -1 -1 -1 -1 -1 -1 -1
0.5258232951164246 0.4009793698787689 0.1533312350511551 -1 -1 -1 -1 -1 -1 -1 -1 -1
0.5251004695892334 0.4318715035915375 0.8306336998939514 -1 -1 -1 -1 -1 -1 -1 -1 -1
0.5477026700973511 0.3925706744194031 0.20952099561691284 -1 -1 -1 -1 -1 -1 -1 -1 -1
0.5472167134284973 0.41322392225265503 0.9184741377830505 -1 -1 -1 -1 -1 -1 -1 -1 -1
0.5510759353637695 0.38526031374931335 0.2514459192752838 -1 -1 -1 -1 -1 -1 -1 -1 -1
0.5514243245124817 0.40754377841949463 0.8962466716766357 -1 -1 -1 -1 -1 -1 -1 -1 -1
0.5514460206031799 0.38438934087753296 0.27098339796066284 -1 -1 -1 -1 -1 -1 -1 -1 -1
0.5491513609886169 0.39994144439697266 0.8952259421348572 -1 -1 -1 -1 -1 -1 -1 -1 -1
0.5503250360488892 0.3890516757965088 0.2836689054965973 -1 -1 -1 -1 -1 -1 -1 -1 -1
0.5477922558784485 0.40266188979148865 0.8478570580482483 -1 -1 -1 -1 -1 -1 -1 -1 -1
0.5091129541397095 0.4655979573726654 0.9816243052482605 -1 -1 -1 -1 -1 -1 -1 -1 -1
0.5062512159347534 0.4837864637374878 0.9860721826553345 -1 -1 -1 -1 -1 -1 -1 -1 -1
0.5376131534576416 0.4189009666442871 0.27523744106292725 -1 -1 -1 -1 -1 -1 -1 -1 -1
0.5399379134178162 0.44039851427078247 0.8696133494377136 -1 -1 -1 -1 -1 -1 -1 -1 -1
0.5472094416618347 0.46927109360694885 0.2926187515258789 -1 -1 -1 -1 -1 -1 -1 -1 -1
0.5453634858131409 0.5007746815681458 0.7883800864219666 -1 -1 -1 -1 -1 -1 -1 -1 -1
0.5449761152267456 0.48035064339637756 0.3486580550670624 -1 -1 -1 -1 -1 -1 -1 -1 -1
0.5411199331283569 0.5114356875419617 0.8081203699111938 -1 -1 -1 -1 -1 -1 -1 -1 -1
0.5600438714027405 0.4710271954536438 0.3255135118961334 -1 -1 -1 -1 -1 -1 -1 -1 -1
0.5599750876426697 0.5068455934524536 0.684015691280365 -1 -1 -1 -1 -1 -1 -1 -1 -1
1 
33 
-1 -1 -1 -1 -1 -1 -1 -1 -1 -1
0.5283671617507935 0.3646833896636963 0.9821047186851501 -1 -1 -1 -1 -1 -1 -1 -1 -1
0.5292674899101257 0.36411958932876587 0.9861271381378174 -1 -1 -1 -1 -1 -1 -1 -1 -1
0.5292491316795349 0.36442679166793823 0.9883661866188049 -1 -1 -1 -1 -1 -1 -1 -1 -1
0.5292373895645142 0.36473825573921204 0.9903145432472229 -1 -1 -1 -1 -1 -1 -1 -1 -1
0.5294354557991028 0.3644160330295563 0.9795641303062439 -1 -1 -1 -1 -1 -1 -1 -1 -1
0.5294108390808105 0.3648998737335205 0.9753149747848511 -1 -1 -1 -1 -1 -1 -1 -1 -1
0.5293964743614197 0.36537861824035645 0.9760875701904297 -1 -1 -1 -1 -1 -1 -1 -1 -1
0.5282735824584961 0.3695833683013916 0.9920365810394287 -1 -1 -1 -1 -1 -1 -1 -1 -1
0.5287197828292847 0.37077510356903076 0.9787755012512207 -1 -1 -1 -1 -1 -1 -1 -1 -1
0.526926577091217 0.36864638328552246 0.9875055551528931 -1 -1 -1 -1 -1 -1 -1 -1 -1
0.5268552303314209 0.3688201606273651 0.9812575578689575 -1 -1 -1 -1 -1 -1 -1 -1 -1
0.5231655836105347 0.3844481110572815 0.9991507530212402 -1 -1 -1 -1 -1 -1 -1 -1 -1
0.5246687531471252 0.3884159028530121 0.9896712899208069 -1 -1 -1 -1 -1 -1 -1 -1 -1
0.5268241763114929 0.40096133947372437 0.5782144665718079 -1 -1 -1 -1 -1 -1 -1 -1 -1
0.5304850339889526 0.40618836879730225 0.06931540369987488 -1 -1 -1 -1 -1 -1 -1 -1 -1
0.5309929251670837 0.39173439145088196 0.6105484962463379 -1 -1 -1 -1 -1 -1 -1 -1 -1
0.5394895076751709 0.40695253014564514 0.14500679075717926 -1 -1 -1 -1 -1 -1 -1 -1 -1
0.5318511128425598 0.38842225074768066 0.6038625240325928 -1 -1 -1 -1 -1 -1 -1 -1 -1
0.5424684286117554 0.40935423970222473 0.19175775349140167 -1 -1 -1 -1 -1 -1 -1 -1 -1
0.533021092414856 0.38662707805633545 0.6000149250030518 -1 -1 -1 -1 -1 -1 -1 -1 -1
0.542055070400238 0.40524595975875854 0.19645613431930542 -1 -1 -1 -1 -1 -1 -1 -1 -1
0.5327913761138916 0.3886170983314514 0.5514966249465942 -1 -1 -1 -1 -1 -1 -1 -1 -1
0.5405639410018921 0.40469419956207275 0.18531523644924164 -1 -1 -1 -1 -1 -1 -1 -1 -1
0.5203098058700562 0.4384452700614929 0.9973515272140503 -1 -1 -1 -1 -1 -1 -1 -1 -1
0.5192883014678955 0.43923303484916687 0.9986903071403503 -1 -1 -1 -1 -1 -1 -1 -1 -1
0.5177083015441895 0.41969555616378784 0.9399400949478149 -1 -1 -1 -1 -1 -1 -1 -1 -1
0.5080813765525818 0.4255141317844391 0.45336946845054626 -1 -1 -1 -1 -1 -1 -1 -1 -1
0.5208408236503601 0.4376057982444763 0.7430539131164551 -1 -1 -1 -1 -1 -1 -1 -1 -1
0.5111227035522461 0.4485724866390228 0.4302155673503876 -1 -1 -1 -1 -1 -1 -1 -1 -1
0.52265864610672 0.44038844108581543 0.6277220845222473 -1 -1 -1 -1 -1 -1 -1 -1 -1
0.5131571888923645 0.45170989632606506 0.3900235891342163 -1 -1 -1 -1 -1 -1 -1 -1 -1
0.5180925130844116 0.43914830684661865 0.6699085831642151 -1 -1 -1 -1 -1 -1 -1 -1 -1
0.507575511932373 0.45280665159225464 0.4304948151111603 -1 -1 -1 -1 -1 -1 -1 -1 -1
1 
