32
1 
33 
-1 -1 -1 -1 -1 -1 -1 -1 -1 -1
0.4349508285522461 0.3381689190864563 0.992215096950531 -1 -1 -1 -1 -1 -1 -1 -1 -1
0.43963056802749634 0.33302798867225647 0.9918379187583923 -1 -1 -1 -1 -1 -1 -1 -1 -1
0.4403344988822937 0.33295732736587524 0.9925137162208557 -1 -1 -1 -1 -1 -1 -1 -1 -1
0.4409114718437195 0.33284133672714233 0.9924996495246887 -1 -1 -1 -1 -1 -1 -1 -1 -1
0.4396631121635437 0.33301618695259094 0.9904085397720337 -1 -1 -1 -1 -1 -1 -1 -1 -1
0.4403492212295532 0.3326493501663208 0.989887535572052 -1 -1 -1 -1 -1 -1 -1 -1 -1
0.4408877193927765 0.3319985270500183 0.9900143146514893 -1 -1 -1 -1 -1 -1 -1 -1 -1
0.4482613503932953 0.3446330428123474 0.9868720769882202 -1 -1 -1 -1 -1 -1 -1 -1 -1
0.4474688172340393 0.34007129073143005 0.9871513843536377 -1 -1 -1 -1 -1 -1 -1 -1 -1
0.43887561559677124 0.3504799008369446 0.9781348705291748 -1 -1 -1 -1 -1 -1 -1 -1 -1
0.437157541513443 0.35300618410110474 0.9801523089408875 -1 -1 -1 -1 -1 -1 -1 -1 -1
0.4539030194282532 0.39157816767692566 0.9966529011726379 -1 -1 -1 -1 -1 -1 -1 -1 -1
0.4514191150665283 0.3720225691795349 0.9878630638122559 -1 -1 -1 -1 -1 -1 -1 -1 -1
0.4410116374492645 0.31697797775268555 0.9814512133598328 -1 -1 -1 -1 -1 -1 -1 -1 -1
0.4390143156051636 0.29647937417030334 0.23952291905879974 -1 -1 -1 -1 -1 -1 -1 -1 -1
0.43374282121658325 0.23846381902694702 0.8929976224899292 -1 -1 -1 -1 -1 -1 -1 -1 -1
0.43498438596725464 0.2245233952999115 0.4206692576408386 -1 -1 -1 -1 -1 -1 -1 -1 -1
0.4299597144126892 0.22800469398498535 0.8446005582809448 -1 -1 -1 -1 -1 -1 -1 -1 -1
0.4358050227165222 0.2181568443775177 0.5280032753944397 -1 -1 -1 -1 -1 -1 -1 -1 -1
0.4323563575744629 0.23738059401512146 0.8287104368209839 -1 -1 -1 -1 -1 -1 -1 -1 -1
0.4365385174751282 0.21063551306724548 0.5354153513908386 -1 -1 -1 -1 -1 -1 -1 -1 -1
0.43128126859664917 0.243831604719162 0.7752889394760132 -1 -1 -1 -1 -1 -1 -1 -1 -1
0.43412983417510986 0.22031712532043457 0.522034227848053 -1 -1 -1 -1 -1 -1 -1 -1 -1
0.4888806939125061 0.535638689994812 0.9977189898490906 -1 -1 -1 -1 -1 -1 -1 -1 -1
0.48368221521377563 0.5288338661193848 0.9976964592933655 -1 -1 -1 -1 -1 -1 -1 -1 -1
0.45778214931488037 0.6291806101799011 0.9906293749809265 -1 -1 -1 -1 -1 -1 -1 -1 -1
0.4551742374897003 0.6109272241592407 0.5967754125595093 -1 -1 -1 -1 -1 -1 -1 -1 -1
0.4800529181957245 0.7375377416610718 0.9856147766113281 -1 -1 -1 -1 -1 -1 -1 -1 -1
0.47365647554397583 0.708918571472168 0.6810504198074341 -1 -1 -1 -1 -1 -1 -1 -1 -1
0.4902035892009735 0.7473784685134888 0.988189697265625 -1 -1 -1 -1 -1 -1 -1 -1 -1
0.48401913046836853 0.7237710952758789 0.794715940952301 -1 -1 -1 -1 -1 -1 -1 -1 -1
0.4681985080242157 0.7880357503890991 0.9822694063186646 -1 -1 -1 -1 -1 -1 -1 -1 -1
0.45598024129867554 0.7282238006591797 0.7478174567222595 -1 -1 -1 -1 -1 -1 -1 -1 -1
1 
33 
-1 -1 -1 -1 -1 -1 -1 -1 -1 -1
0.4075568914413452 0.3328166902065277 0.8693802356719971 -1 -1 -1 -1 -1 -1 -1 -1 -1
0.40949568152427673 0.32256001234054565 0.9061899781227112 -1 -1 -1 -1 -1 -1 -1 -1 -1
0.41076135635375977 0.3221219778060913 0.9156054854393005 -1 -1 -1 -1 -1 -1 -1 -1 -1
0.4120781719684601 0.3217288851737976 0.9216905236244202 -1 -1 -1 -1 -1 -1 -1 -1 -1
0.40863022208213806 0.3228899836540222 0.9181210994720459 -1 -1 -1 -1 -1 -1 -1 -1 -1
0.40901440382003784 0.3232108950614929 0.9111344218254089 -1 -1 -1 -1 -1 -1 -1 -1 -1
0.4094356298446655 0.3234483003616333 0.9094139337539673 -1 -1 -1 -1 -1 -1 -1 -1 -1
0.4195486903190613 0.3266048729419708 0.9055226445198059 -1 -1 -1 -1 -1 -1 -1 -1 -1
0.41633889079093933 0.3290001451969147 0.8945479989051819 -1 -1 -1 -1 -1 -1 -1 -1 -1
0.4118027091026306 0.3436821699142456 0.825584352016449 -1 -1 -1 -1 -1 -1 -1 -1 -1
0.4105677306652069 0.344760000705719 0.8455600142478943 -1 -1 -1 -1 -1 -1 -1 -1 -1
0.429556280374527 0.3589997887611389 0.9918113946914673 -1 -1 -1 -1 -1 -1 -1 -1 -1
0.42519694566726685 0.3469092845916748 0.9449664354324341 -1 -1 -1 -1 -1 -1 -1 -1 -1
0.40757468342781067 0.3117349147796631 0.8589190244674683 -1 -1 -1 -1 -1 -1 -1 -1 -1
0.39763450622558594 0.3154388666152954 0.058403655886650085 -1 -1 -1 -1 -1 -1 -1 -1 -1
0.3804464340209961 0.27157023549079895 0.8186560273170471 -1 -1 -1 -1 -1 -1 -1 -1 -1
0.3777896761894226 0.2704735994338989 0.2285112589597702 -1 -1 -1 -1 -1 -1 -1 -1 -1
0.3760884404182434 0.25878095626831055 0.7958869338035583 -1 -1 -1 -1 -1 -1 -1 -1 -1
0.37367212772369385 0.2585083842277527 0.3316405415534973 -1 -1 -1 -1 -1 -1 -1 -1 -1
0.3764636218547821 0.2546442449092865 0.7766093611717224 -1 -1 -1 -1 -1 -1 -1 -1 -1
0.3734733760356903 0.25515174865722656 0.3455790877342224 -1 -1 -1 -1 -1 -1 -1 -1 -1
0.37782347202301025 0.2555476427078247 0.6880982518196106 -1 -1 -1 -1 -1 -1 -1 -1 -1
0.37229081988334656 0.2627655863761902 0.32716450095176697 -1 -1 -1 -1 -1 -1 -1 -1 -1
0.5090634226799011 0.4820455014705658 0.9958796501159668 -1 -1 -1 -1 -1 -1 -1 -1 -1
0.5142002701759338 0.4823814332485199 0.9936429262161255 -1 -1 -1 -1 -1 -1 -1 -1 -1
0.47805964946746826 0.5852088332176208 0.9554373621940613 -1 -1 -1 -1 -1 -1 -1 -1 -1
0.470100998878479 0.5718960762023926 0.19419622421264648 -1 -1 -1 -1 -1 -1 -1 -1 -1
0.47205275297164917 0.7229142189025879 0.9346133470535278 -1 -1 -1 -1 -1 -1 -1 -1 -1
0.47137871384620667 0.7151190638542175 0.3984675109386444 -1 -1 -1 -1 -1 -1 -1 -1 -1
0.47896626591682434 0.7434431314468384 0.9251953959465027 -1 -1 -1 -1 -1 -1 -1 -1 -1
0.4775537848472595 0.7346583604812622 0.5102476477622986 -1 -1 -1 -1 -1 -1 -1 -1 -1
0.44865813851356506 0.7531118392944336 0.9059125781059265 -1 -1 -1 -1 -1 -1 -1 -1 -1
0.44992971420288086 0.7386648654937744 0.5124202966690063 -1 -1 -1 -1 -1 -1 -1 -1 -1
1 
33 
-1 -1 -1 -1 -1 -1 -1 -1 -1 -1
0.4719449579715729 0.4444200396537781 0.9744384288787842 -1 -1 -1 -1 -1 -1 -1 -1 -1
0.4699607789516449 0.43593165278434753 0.9685403108596802 -1 -1 -1 -1 -1 -1 -1 -1 -1
0.47036486864089966 0.43510323762893677 0.9623656272888184 -1 -1 -1 -1 -1 -1 -1 -1 -1
0.470838338136673 0.4343099296092987 0.9646642208099365 -1 -1 -1 -1 -1 -1 -1 -1 -1
0.4697333574295044 0.4351764917373657 0.9759909510612488 -1 -1 -1 -1 -1 -1 -1 -1 -1
0.46946844458580017 0.4350410997867584 0.9714030027389526 -1 -1 -1 -1 -1 -1 -1 -1 -1
0.4691917896270752 0.43488261103630066 0.9762177467346191 -1 -1 -1 -1 -1 -1 -1 -1 -1
0.47297266125679016 0.4312073290348053 0.9649278521537781 -1 -1 -1 -1 -1 -1 -1 -1 -1
0.47164201736450195 0.43194007873535156 0.9752850532531738 -1 -1 -1 -1 -1 -1 -1 -1 -1
0.47368115186691284 0.44536271691322327 0.9561057686805725 -1 -1 -1 -1 -1 -1 -1 -1 -1
0.47259944677352905 0.44643908739089966 0.9622246623039246 -1 -1 -1 -1 -1 -1 -1 -1 -1
0.47128620743751526 0.44784897565841675 0.9921825528144836 -1 -1 -1 -1 -1 -1 -1 -1 -1
0.4640706777572632 0.4103919267654419 0.9944859147071838 -1 -1 -1 -1 -1 -1 -1 -1 -1
0.4695519506931305 0.4718612730503082 0.44665467739105225 -1 -1 -1 -1 -1 -1 -1 -1 -1
0.41960495710372925 0.4317450225353241 0.6781984567642212 -1 -1 -1 -1 -1 -1 -1 -1 -1
0.47891005873680115 0.49986761808395386 0.6708961129188538 -1 -1 -1 -1 -1 -1 -1 -1 -1
0.4008932113647461 0.4229421615600586 0.9280164837837219 -1 -1 -1 -1 -1 -1 -1 -1 -1
0.4874204993247986 0.5110188126564026 0.642982006072998 -1 -1 -1 -1 -1 -1 -1 -1 -1
0.40324926376342773 0.4241698682308197 0.9168480038642883 -1 -1 -1 -1 -1 -1 -1 -1 -1
0.4820060729980469 0.5038882493972778 0.6222184896469116 -1 -1 -1 -1 -1 -1 -1 -1 -1
0.40122532844543457 0.4207344949245453 0.9106577038764954 -1 -1 -1 -1 -1 -1 -1 -1 -1
0.47977346181869507 0.4968321919441223 0.5559170842170715 -1 -1 -1 -1 -1 -1 -1 -1 -1
0.40022480487823486 0.4253165125846863 0.8837451338768005 -1 -1 -1 -1 -1 -1 -1 -1 -1
0.5299074053764343 0.49264371395111084 0.9983149766921997 -1 -1 -1 -1 -1 -1 -1 -1 -1
0.5232232213020325 0.4745134711265564 0.9989888072013855 -1 -1 -1 -1 -1 -1 -1 -1 -1
0.5056273341178894 0.5589029788970947 0.44441157579421997 -1 -1 -1 -1 -1 -1 -1 -1 -1
0.5001739263534546 0.5308104753494263 0.26860928535461426 -1 -1 -1 -1 -1 -1 -1 -1 -1
0.5026376247406006 0.6739956140518188 0.7510496973991394 -1 -1 -1 -1 -1 -1 -1 -1 -1
0.5039956569671631 0.6555080413818359 0.6850836873054504 -1 -1 -1 -1 -1 -1 -1 -1 -1
0.5051814317703247 0.6904256939888 0.7288975119590759 -1 -1 -1 -1 -1 -1 -1 -1 -1
0.5078058838844299 0.6696000099182129 0.7677332162857056 -1 -1 -1 -1 -1 -1 -1 -1 -1
0.4931151866912842 0.7020900249481201 0.6790109872817993 -1 -1 -1 -1 -1 -1 -1 -1 -1
0.49834805727005005 0.7159494161605835 0.6655794978141785 -1 -1 -1 -1 -1 -1 -1 -1 -1
1 
33 
-1 -1 -1 -1 -1 -1 -1 -1 -1 -1
0.4145776033401489 0.42112788558006287 0.8180762529373169 -1 -1 -1 -1 -1 -1 -1 -1 -1
0.4119584858417511 0.4138086438179016 0.8611395359039307 -1 -1 -1 -1 -1 -1 -1 -1 -1
0.4128391742706299 0.41226857900619507 0.8689035773277283 -1 -1 -1 -1 -1 -1 -1 -1 -1
0.41375109553337097 0.41072991490364075 0.8954401016235352 -1 -1 -1 -1 -1 -1 -1 -1 -1
0.40953314304351807 0.4160621166229248 0.8359991908073425 -1 -1 -1 -1 -1 -1 -1 -1 -1
0.4087722599506378 0.41653314232826233 0.8191372752189636 -1 -1 -1 -1 -1 -1 -1 -1 -1
0.40802001953125 0.41696301102638245 0.8208715915679932 -1 -1 -1 -1 -1 -1 -1 -1 -1
0.4154147505760193 0.405436247587204 0.8805391788482666 -1 -1 -1 -1 -1 -1 -1 -1 -1
0.40822911262512207 0.4156818687915802 0.8014675974845886 -1 -1 -1 -1 -1 -1 -1 -1 -1
0.4194900691509247 0.42302605509757996 0.8364666104316711 -1 -1 -1 -1 -1 -1 -1 -1 -1
0.41697874665260315 0.4256654679775238 0.7596151828765869 -1 -1 -1 -1 -1 -1 -1 -1 -1
0.4307275116443634 0.40896618366241455 0.9974199533462524 -1 -1 -1 -1 -1 -1 -1 -1 -1
0.4091111123561859 0.4241963028907776 0.9865055680274963 -1 -1 -1 -1 -1 -1 -1 -1 -1
0.4239951968193054 0.4126305878162384 0.569197416305542 -1 -1 -1 -1 -1 -1 -1 -1 -1
0.3889109492301941 0.4409606158733368 0.18122363090515137 -1 -1 -1 -1 -1 -1 -1 -1 -1
0.42067751288414 0.3981176018714905 0.3614477515220642 -1 -1 -1 -1 -1 -1 -1 -1 -1
0.3787359297275543 0.4526180326938629 0.294438898563385 -1 -1 -1 -1 -1 -1 -1 -1 -1
0.42288732528686523 0.3912018835544586 0.33397176861763 -1 -1 -1 -1 -1 -1 -1 -1 -1
0.37925976514816284 0.4529423713684082 0.351531058549881 -1 -1 -1 -1 -1 -1 -1 -1 -1
0.42030033469200134 0.3936225175857544 0.34383341670036316 -1 -1 -1 -1 -1 -1 -1 -1 -1
0.3802638649940491 0.4493318796157837 0.3558419942855835 -1 -1 -1 -1 -1 -1 -1 -1 -1
0.41974160075187683 0.3961651623249054 0.2959021329879761 -1 -1 -1 -1 -1 -1 -1 -1 -1
0.3803834319114685 0.4497925341129303 0.32873156666755676 -1 -1 -1 -1 -1 -1 -1 -1 -1
0.5254568457603455 0.42470449209213257 0.9969804883003235 -1 -1 -1 -1 -1 -1 -1 -1 -1
0.5118699669837952 0.4342019557952881 0.995749831199646 -1 -1 -1 -1 -1 -1 -1 -1 -1
0.5001241564750671 0.5515993237495422 0.8645592927932739 -1 -1 -1 -1 -1 -1 -1 -1 -1
0.4920278787612915 0.5487679243087769 0.2140139490365982 -1 -1 -1 -1 -1 -1 -1 -1 -1
0.5188429355621338 0.6612800359725952 0.913725733757019 -1 -1 -1 -1 -1 -1 -1 -1 -1
0.5139631628990173 0.6600164175033569 0.46642830967903137 -1 -1 -1 -1 -1 -1 -1 -1 -1
0.530531644821167 0.6780173778533936 0.8657581806182861 -1 -1 -1 -1 -1 -1 -1 -1 -1
0.5245145559310913 0.6728396415710449 0.4838031232357025 -1 -1 -1 -1 -1 -1 -1 -1 -1
0.4941599369049072 0.6971661448478699 0.8780391812324524 -1 -1 -1 -1 -1 -1 -1 -1 -1
0.4979119300842285 0.7066878080368042 0.5028328895568848 -1 -1 -1 -1 -1 -1 -1 -1 -1
1 
33 
-1 -1 -1 -1 -1 -1 -1 -1 -1 -1
0.4292069673538208 0.3899012506008148 0.8942253589630127 -1 -1 -1 -1 -1 -1 -1 -1 -1
0.4248320460319519 0.3821607828140259 0.8777239322662354 -1 -1 -1 -1 -1 -1 -1 -1 -1
0.42475464940071106 0.380196750164032 0.8716405034065247 -1 -1 -1 -1 -1 -1 -1 -1 -1
0.42457905411720276 0.378147691488266 0.90508633852005 -1 -1 -1 -1 -1 -1 -1 -1 -1
0.42498719692230225 0.38268589973449707 0.8403564095497131 -1 -1 -1 -1 -1 -1 -1 -1 -1
0.4250616431236267 0.3812381625175476 0.8298090100288391 -1 -1 -1 -1 -1 -1 -1 -1 -1
0.4250484108924866 0.37968242168426514 0.884552538394928 -1 -1 -1 -1 -1 -1 -1 -1 -1
0.42760685086250305 0.3647177517414093 0.7838790416717529 -1 -1 -1 -1 -1 -1 -1 -1 -1
0.427814781665802 0.36563408374786377 0.7647563219070435 -1 -1 -1 -1 -1 -1 -1 -1 -1
0.43497994542121887 0.38471120595932007 0.8636652827262878 -1 -1 -1 -1 -1 -1 -1 -1 -1
0.4351368546485901 0.38559770584106445 0.7890312075614929 -1 -1 -1 -1 -1 -1 -1 -1 -1
0.4437048137187958 0.36717578768730164 0.9993971586227417 -1 -1 -1 -1 -1 -1 -1 -1 -1
0.44937899708747864 0.3627461791038513 0.9918017983436584 -1 -1 -1 -1 -1 -1 -1 -1 -1
0.44112443923950195 0.45128563046455383 0.960481584072113 -1 -1 -1 -1 -1 -1 -1 -1 -1
0.4474508464336395 0.44305771589279175 0.07579775899648666 -1 -1 -1 -1 -1 -1 -1 -1 -1
0.4352499842643738 0.5246378183364868 0.9106192588806152 -1 -1 -1 -1 -1 -1 -1 -1 -1
0.43892526626586914 0.5133686065673828 0.1354585587978363 -1 -1 -1 -1 -1 -1 -1 -1 -1
0.43810194730758667 0.5417582988739014 0.8643919229507446 -1 -1 -1 -1 -1 -1 -1 -1 -1
0.4385194182395935 0.5322790741920471 0.1661258190870285 -1 -1 -1 -1 -1 -1 -1 -1 -1
0.43526938557624817 0.5413357019424438 0.8580337166786194 -1 -1 -1 -1 -1 -1 -1 -1 -1
0.4371892809867859 0.5313122868537903 0.17766612768173218 -1 -1 -1 -1 -1 -1 -1 -1 -1
0.4348044991493225 0.5366106033325195 0.7709141373634338 -1 -1 -1 -1 -1 -1 -1 -1 -1
0.4381331503391266 0.5270975232124329 0.18641600012779236 -1 -1 -1 -1 -1 -1 -1 -1 -1
0.5246879458427429 0.40011584758758545 0.9772295951843262 -1 -1 -1 -1 -1 -1 -1 -1 -1
0.5181337594985962 0.40159472823143005 0.9659834504127502 -1 -1 -1 -1 -1 -1 -1 -1 -1
0.49712952971458435 0.5039160847663879 0.8897225260734558 -1 -1 -1 -1 -1 -1 -1 -1 -1
0.49005764722824097 0.5011106729507446 0.2268652319908142 -1 -1 -1 -1 -1 -1 -1 -1 -1
0.540030837059021 0.5780056715011597 0.9555842876434326 -1 -1 -1 -1 -1 -1 -1 -1 -1
0.5336117148399353 0.5743961334228516 0.3952900767326355 -1 -1 -1 -1 -1 -1 -1 -1 -1
0.5503784418106079 0.5748869776725769 0.9114245772361755 -1 -1 -1 -1 -1 -1 -1 -1 -1
0.5446130037307739 0.5715277791023254 0.525443971157074 -1 -1 -1 -1 -1 -1 -1 -1 -1
0.5458536148071289 0.6288714408874512 0.9408544898033142 -1 -1 -1 -1 -1 -1 -1 -1 -1
0.5384669899940491 0.6250180006027222 0.49768948554992676 -1 -1 -1 -1 -1 -1 -1 -1 -1
1 
33 
-1 -1 -1 -1 -1 -1 -1 -1 -1 -1
0.4313998818397522 0.42178818583488464 0.99483323097229 -1 -1 -1 -1 -1 -1 -1 -1 -1
0.42558637261390686 0.41820228099823 0.9958761930465698 -1 -1 -1 -1 -1 -1 -1 -1 -1
0.4252855181694031 0.4173383414745331 0.9959743618965149 -1 -1 -1 -1 -1 -1 -1 -1 -1
0.4250185191631317 0.41667842864990234 0.9967746138572693 -1 -1 -1 -1 -1 -1 -1 -1 -1
0.42573922872543335 0.41788604855537415 0.9937270879745483 -1 -1 -1 -1 -1 -1 -1 -1 -1
0.42560136318206787 0.4162352979183197 0.9929748773574829 -1 -1 -1 -1 -1 -1 -1 -1 -1
0.4254895746707916 0.4150359630584717 0.9945342540740967 -1 -1 -1 -1 -1 -1 -1 -1 -1
0.4259130656719208 0.4042085111141205 0.9924097061157227 -1 -1 -1 -1 -1 -1 -1 -1 -1
0.426714152097702 0.4024503231048584 0.9877294898033142 -1 -1 -1 -1 -1 -1 -1 -1 -1
0.43506935238838196 0.4159816801548004 0.9876556992530823 -1 -1 -1 -1 -1 -1 -1 -1 -1
0.4358955919742584 0.41539841890335083 0.9792835116386414 -1 -1 -1 -1 -1 -1 -1 -1 -1
0.44921937584877014 0.39309361577033997 0.9998283386230469 -1 -1 -1 -1 -1 -1 -1 -1 -1
0.4541032314300537 0.37717634439468384 0.9973263740539551 -1 -1 -1 -1 -1 -1 -1 -1 -1
0.48159587383270264 0.4540174603462219 0.8593212366104126 -1 -1 -1 -1 -1 -1 -1 -1 -1
0.4942532777786255 0.4254092276096344 0.04328444227576256 -1 -1 -1 -1 -1 -1 -1 -1 -1
0.4952426850795746 0.4891008138656616 0.7615482807159424 -1 -1 -1 -1 -1 -1 -1 -1 -1
0.5086991786956787 0.4828512966632843 0.054763149470090866 -1 -1 -1 -1 -1 -1 -1 -1 -1
0.5017741918563843 0.4981819689273834 0.6960445642471313 -1 -1 -1 -1 -1 -1 -1 -1 -1
0.5114454030990601 0.49531304836273193 0.06479963660240173 -1 -1 -1 -1 -1 -1 -1 -1 -1
0.49553120136260986 0.4966775178909302 0.6969563364982605 -1 -1 -1 -1 -1 -1 -1 -1 -1
0.5091937780380249 0.5013648271560669 0.06630725413560867 -1 -1 -1 -1 -1 -1 -1 -1 -1
0.4950476884841919 0.49272409081459045 0.5832051038742065 -1 -1 -1 -1 -1 -1 -1 -1 -1
0.5085126161575317 0.49615907669067383 0.06799698621034622 -1 -1 -1 -1 -1 -1 -1 -1 -1
0.529431939125061 0.3895510733127594 0.9954308271408081 -1 -1 -1 -1 -1 -1 -1 -1 -1
0.5268802046775818 0.3965088129043579 0.9930893778800964 -1 -1 -1 -1 -1 -1 -1 -1 -1
0.4848138391971588 0.480888307094574 0.8433412313461304 -1 -1 -1 -1 -1 -1 -1 -1 -1
0.4959408640861511 0.49212732911109924 0.2051442563533783 -1 -1 -1 -1 -1 -1 -1 -1 -1
0.5531149506568909 0.5044782757759094 0.8866151571273804 -1 -1 -1 -1 -1 -1 -1 -1 -1
0.5498376488685608 0.49924081563949585 0.3519822359085083 -1 -1 -1 -1 -1 -1 -1 -1 -1
0.5636041164398193 0.4932192265987396 0.8624711036682129 -1 -1 -1 -1 -1 -1 -1 -1 -1
0.5593112111091614 0.4883241057395935 0.47668135166168213 -1 -1 -1 -1 -1 -1 -1 -1 -1
0.5738463401794434 0.5467063188552856 0.8852729797363281 -1 -1 -1 -1 -1 -1 -1 -1 -1
0.5693052411079407 0.5389735102653503 0.4270138144493103 -1 -1 -1 -1 -1 -1 -1 -1 -1
1 
33 
-1 -1 -1 -1 -1 -1 -1 -1 -1 -1
0.46700531244277954 0.44548776745796204 0.9972413778305054 -1 -1 -1 -1 -1 -1 -1 -1 -1
0.4575229585170746 0.4439721703529358 0.9975056052207947 -1 -1 -1 -1 -1 -1 -1 -1 -1
0.4536829888820648 0.4481372535228729 0.9972712397575378 -1 -1 -1 -1 -1 -1 -1 -1 -1
0.4561283588409424 0.43735039234161377 0.9972756505012512 -1 -1 -1 -1 -1 -1 -1 -1 -1
0.45931023359298706 0.45121994614601135 0.9973381161689758 -1 -1 -1 -1 -1 -1 -1 -1 -1
0.45980775356292725 0.45375093817710876 0.9970813393592834 -1 -1 -1 -1 -1 -1 -1 -1 -1
0.4602992832660675 0.4561389982700348 0.996908962726593 -1 -1 -1 -1 -1 -1 -1 -1 -1
0.4554803967475891 0.43946996331214905 0.998174786567688 -1 -1 -1 -1 -1 -1 -1 -1 -1
0.4649459421634674 0.45218247175216675 0.9976845979690552 -1 -1 -1 -1 -1 -1 -1 -1 -1
0.47471755743026733 0.435411661863327 0.9961392283439636 -1 -1 -1 -1 -1 -1 -1 -1 -1
0.4770461916923523 0.44553929567337036 0.995427131652832 -1 -1 -1 -1 -1 -1 -1 -1 -1
0.49611687660217285 0.39565062522888184 0.99978107213974 -1 -1 -1 -1 -1 -1 -1 -1 -1
0.5046655535697937 0.4254510700702667 0.9991812109947205 -1 -1 -1 -1 -1 -1 -1 -1 -1
0.536385178565979 0.3560715317726135 0.6114798188209534 -1 -1 -1 -1 -1 -1 -1 -1 -1
0.5556398630142212 0.43474307656288147 0.12420494109392166 -1 -1 -1 -1 -1 -1 -1 -1 -1
0.532967746257782 0.4173548221588135 0.5610150098800659 -1 -1 -1 -1 -1 -1 -1 -1 -1
0.5665518641471863 0.44420143961906433 0.20575356483459473 -1 -1 -1 -1 -1 -1 -1 -1 -1
0.5287109613418579 0.43128806352615356 0.4876711964607239 -1 -1 -1 -1 -1 -1 -1 -1 -1
0.5722524523735046 0.4397604167461395 0.23056559264659882 -1 -1 -1 -1 -1 -1 -1 -1 -1
0.5233408808708191 0.43281611800193787 0.45025208592414856 -1 -1 -1 -1 -1 -1 -1 -1 -1
0.5641128420829773 0.4468241035938263 0.22159476578235626 -1 -1 -1 -1 -1 -1 -1 -1 -1
0.526604950428009 0.43005266785621643 0.4188167154788971 -1 -1 -1 -1 -1 -1 -1 -1 -1
0.5654850602149963 0.453557550907135 0.22889436781406403 -1 -1 -1 -1 -1 -1 -1 -1 -1
0.6433721780776978 0.40660184621810913 0.9999361038208008 -1 -1 -1 -1 -1 -1 -1 -1 -1
0.6428697109222412 0.4191126227378845 0.9998334646224976 -1 -1 -1 -1 -1 -1 -1 -1 -1
0.677101731300354 0.40384379029273987 0.7512423396110535 -1 -1 -1 -1 -1 -1 -1 -1 -1
0.6928142309188843 0.37064802646636963 0.18898245692253113 -1 -1 -1 -1 -1 -1 -1 -1 -1
0.6885175704956055 0.37894928455352783 0.3646460473537445 -1 -1 -1 -1 -1 -1 -1 -1 -1
0.6888229846954346 0.38624557852745056 0.11187054216861725 -1 -1 -1 -1 -1 -1 -1 -1 -1
0.6848758459091187 0.37430620193481445 0.4806066155433655 -1 -1 -1 -1 -1 -1 -1 -1 -1
0.6861084699630737 0.3845585584640503 0.24080651998519897 -1 -1 -1 -1 -1 -1 -1 -1 -1
0.7112066149711609 0.3702635169029236 0.4198889136314392 -1 -1 -1 -1 -1 -1 -1 -1 -1
0.7057969570159912 0.4202716052532196 0.19389428198337555 -1 -1 -1 -1 -1 -1 -1 -1 -1
1 
33 
-1 -1 -1 -1 -1 -1 -1 -1 -1 -1
0.49816423654556274 0.48757404088974 0.9993095397949219 -1 -1 -1 -1 -1 -1 -1 -1 -1
0.4916670024394989 0.49401572346687317 0.9995512366294861 -1 -1 -1 -1 -1 -1 -1 -1 -1
0.4902574419975281 0.4933510422706604 0.9994396567344666 -1 -1 -1 -1 -1 -1 -1 -1 -1
0.48861658573150635 0.4926452040672302 0.999478280544281 -1 -1 -1 -1 -1 -1 -1 -1 -1
0.4920491576194763 0.49773553013801575 0.9993977546691895 -1 -1 -1 -1 -1 -1 -1 -1 -1
0.49105507135391235 0.4982190728187561 0.9992546439170837 -1 -1 -1 -1 -1 -1 -1 -1 -1
0.4893399477005005 0.4991855025291443 0.9994111061096191 -1 -1 -1 -1 -1 -1 -1 -1 -1
0.47708114981651306 0.48237884044647217 0.999683141708374 -1 -1 -1 -1 -1 -1 -1 -1 -1
0.47991788387298584 0.4895961880683899 0.9994551539421082 -1 -1 -1 -1 -1 -1 -1 -1 -1
0.49711740016937256 0.47325393557548523 0.9994578957557678 -1 -1 -1 -1 -1 -1 -1 -1 -1
0.49792030453681946 0.47423526644706726 0.9993281364440918 -1 -1 -1 -1 -1 -1 -1 -1 -1
0.4762280285358429 0.4157293736934662 0.9999873638153076 -1 -1 -1 -1 -1 -1 -1 -1 -1
0.4871281087398529 0.4395008385181427 0.999914288520813 -1 -1 -1 -1 -1 -1 -1 -1 -1
0.5250093340873718 0.35514745116233826 0.6751528978347778 -1 -1 -1 -1 -1 -1 -1 -1 -1
0.5486299991607666 0.3770061433315277 0.036183636635541916 -1 -1 -1 -1 -1 -1 -1 -1 -1
0.5423750877380371 0.3558832108974457 0.432233601808548 -1 -1 -1 -1 -1 -1 -1 -1 -1
0.5738626718521118 0.35880279541015625 0.05121593549847603 -1 -1 -1 -1 -1 -1 -1 -1 -1
0.5439161658287048 0.3568808138370514 0.44445493817329407 -1 -1 -1 -1 -1 -1 -1 -1 -1
0.5802804231643677 0.35307466983795166 0.060312964022159576 -1 -1 -1 -1 -1 -1 -1 -1 -1
0.5400859713554382 0.35808172821998596 0.42573562264442444 -1 -1 -1 -1 -1 -1 -1 -1 -1
0.5751548409461975 0.3652442395687103 0.06022770330309868 -1 -1 -1 -1 -1 -1 -1 -1 -1
0.5393428802490234 0.3592379093170166 0.3544757068157196 -1 -1 -1 -1 -1 -1 -1 -1 -1
0.5719093680381775 0.36643004417419434 0.07137827575206757 -1 -1 -1 -1 -1 -1 -1 -1 -1
0.5981383323669434 0.37933969497680664 0.9999905824661255 -1 -1 -1 -1 -1 -1 -1 -1 -1
0.6012442708015442 0.39534324407577515 0.9999659061431885 -1 -1 -1 -1 -1 -1 -1 -1 -1
0.6265047788619995 0.37368127703666687 0.8376284241676331 -1 -1 -1 -1 -1 -1 -1 -1 -1
0.6333320140838623 0.3731517493724823 0.15822282433509827 -1 -1 -1 -1 -1 -1 -1 -1 -1
0.6350560188293457 0.3470556139945984 0.24121232330799103 -1 -1 -1 -1 -1 -1 -1 -1 -1
0.6391112804412842 0.38036370277404785 0.06374508142471313 -1 -1 -1 -1 -1 -1 -1 -1 -1
0.6303179264068604 0.341381311416626 0.27688154578208923 -1 -1 -1 -1 -1 -1 -1 -1 -1
0.6374266743659973 0.3759252429008484 0.13525249063968658 -1 -1 -1 -1 -1 -1 -1 -1 -1
0.6583719849586487 0.3350572884082794 0.3153325021266937 -1 -1 -1 -1 -1 -1 -1 -1 -1
0.6581407189369202 0.40105071663856506 0.14554516971111298 -1 -1 -1 -1 -1 -1 -1 -1 -1
1 
33 
-1 -1 -1 -1 -1 -1 -1 -1 -1 -1
0.5185709595680237 0.33849385380744934 0.9998747110366821 -1 -1 -1 -1 -1 -1 -1 -1 -1
0.5197641849517822 0.32859236001968384 0.9998462200164795 -1 -1 -1 -1 -1 -1 -1 -1 -1
0.5211169719696045 0.32706743478775024 0.9997163414955139 -1 -1 -1 -1 -1 -1 -1 -1 -1
0.5224404335021973 0.32553839683532715 0.9997075200080872 -1 -1 -1 -1 -1 -1 -1 -1 -1
0.5151292085647583 0.33189165592193604 0.9999338388442993 -1 -1 -1 -1 -1 -1 -1 -1 -1
0.5133857727050781 0.33283689618110657 0.9999213218688965 -1 -1 -1 -1 -1 -1 -1 -1 -1
0.5116838812828064 0.3337825536727905 0.9999370574951172 -1 -1 -1 -1 -1 -1 -1 -1 -1
0.5206606984138489 0.3202608525753021 0.9992809891700745 -1 -1 -1 -1 -1 -1 -1 -1 -1
0.5052040815353394 0.3317703604698181 0.9999270439147949 -1 -1 -1 -1 -1 -1 -1 -1 -1
0.519230842590332 0.34130948781967163 0.999818742275238 -1 -1 -1 -1 -1 -1 -1 -1 -1
0.5143618583679199 0.34464895725250244 0.9999147653579712 -1 -1 -1 -1 -1 -1 -1 -1 -1
0.515407145023346 0.3243227005004883 0.9998897314071655 -1 -1 -1 -1 -1 -1 -1 -1 -1
0.4961492717266083 0.366253137588501 0.9999855756759644 -1 -1 -1 -1 -1 -1 -1 -1 -1
0.5276560187339783 0.3739795982837677 0.1877785325050354 -1 -1 -1 -1 -1 -1 -1 -1 -1
0.4993293285369873 0.4364551305770874 0.7900465726852417 -1 -1 -1 -1 -1 -1 -1 -1 -1
0.5331896543502808 0.35269588232040405 0.31289905309677124 -1 -1 -1 -1 -1 -1 -1 -1 -1
0.5111590623855591 0.4709198474884033 0.6660329103469849 -1 -1 -1 -1 -1 -1 -1 -1 -1
0.5357034802436829 0.34316104650497437 0.313799649477005 -1 -1 -1 -1 -1 -1 -1 -1 -1
0.5145328044891357 0.4874870777130127 0.6214199662208557 -1 -1 -1 -1 -1 -1 -1 -1 -1
0.5352701544761658 0.3445907235145569 0.29865097999572754 -1 -1 -1 -1 -1 -1 -1 -1 -1
0.5189523100852966 0.4805879294872284 0.6111536622047424 -1 -1 -1 -1 -1 -1 -1 -1 -1
0.5333629250526428 0.34916073083877563 0.26036712527275085 -1 -1 -1 -1 -1 -1 -1 -1 -1
0.5170925855636597 0.4707324206829071 0.5501978397369385 -1 -1 -1 -1 -1 -1 -1 -1 -1
0.49859702587127686 0.4252735376358032 0.9999004602432251 -1 -1 -1 -1 -1 -1 -1 -1 -1
0.4831339716911316 0.4460238516330719 0.9999648332595825 -1 -1 -1 -1 -1 -1 -1 -1 -1
0.5414375066757202 0.3785729706287384 0.38416627049446106 -1 -1 -1 -1 -1 -1 -1 -1 -1
0.5070350170135498 0.4355573356151581 0.815700113773346 -1 -1 -1 -1 -1 -1 -1 -1 -1
0.5348991751670837 0.3145773708820343 0.23498567938804626 -1 -1 -1 -1 -1 -1 -1 -1 -1
0.5213859677314758 0.3553668260574341 0.3434482514858246 -1 -1 -1 -1 -1 -1 -1 -1 -1
0.5366714000701904 0.3117321729660034 0.23682503402233124 -1 -1 -1 -1 -1 -1 -1 -1 -1
0.523380696773529 0.35015881061553955 0.42166709899902344 -1 -1 -1 -1 -1 -1 -1 -1 -1
0.5306534767150879 0.2646787762641907 0.23761411011219025 -1 -1 -1 -1 -1 -1 -1 -1 -1
0.5282191038131714 0.30424100160598755 0.5204575657844543 -1 -1 -1 -1 -1 -1 -1 -1 -1
1 
33 
-1 -1 -1 -1 -1 -1 -1 -1 -1 -1
0.5335197448730469 0.3588494658470154 0.9422537088394165 -1 -1 -1 -1 -1 -1 -1 -1 -1
0.5322036743164062 0.35168054699897766 0.9546450972557068 -1 -1 -1 -1 -1 -1 -1 -1 -1
0.5314515233039856 0.34970828890800476 0.9512691497802734 -1 -1 -1 -1 -1 -1 -1 -1 -1
0.5306708812713623 0.34778693318367004 0.9573737978935242 -1 -1 -1 -1 -1 -1 -1 -1 -1
0.5330875515937805 0.3563637137413025 0.9445675611495972 -1 -1 -1 -1 -1 -1 -1 -1 -1
0.5329878926277161 0.357585072517395 0.924826979637146 -1 -1 -1 -1 -1 -1 -1 -1 -1
0.5329288244247437 0.358847975730896 0.9319628477096558 -1 -1 -1 -1 -1 -1 -1 -1 -1
0.5242587327957153 0.34462064504623413 0.9657873511314392 -1 -1 -1 -1 -1 -1 -1 -1 -1
0.5279273986816406 0.3615860342979431 0.9608660936355591 -1 -1 -1 -1 -1 -1 -1 -1 -1
0.530168890953064 0.3600386381149292 0.983974277973175 -1 -1 -1 -1 -1 -1 -1 -1 -1
0.5313324332237244 0.364389032125473 0.985610842704773 -1 -1 -1 -1 -1 -1 -1 -1 -1
0.5039230585098267 0.3403949737548828 0.9996010661125183 -1 -1 -1 -1 -1 -1 -1 -1 -1
0.5236067771911621 0.3933628499507904 0.9996656179428101 -1 -1 -1 -1 -1 -1 -1 -1 -1
0.49142539501190186 0.3496866822242737 0.35464876890182495 -1 -1 -1 -1 -1 -1 -1 -1 -1
0.5211422443389893 0.41101670265197754 0.7049662470817566 -1 -1 -1 -1 -1 -1 -1 -1 -1
0.5194032788276672 0.3541797399520874 0.4509336054325104 -1 -1 -1 -1 -1 -1 -1 -1 -1
0.54067063331604 0.4119757413864136 0.8017565608024597 -1 -1 -1 -1 -1 -1 -1 -1 -1
0.5269022583961487 0.348314493894577 0.5593217015266418 -1 -1 -1 -1 -1 -1 -1 -1 -1
0.5457122325897217 0.4146505892276764 0.8205545544624329 -1 -1 -1 -1 -1 -1 -1 -1 -1
0.5302963852882385 0.3565499782562256 0.5583482384681702 -1 -1 -1 -1 -1 -1 -1 -1 -1
0.5462316274642944 0.42184269428253174 0.8015759587287903 -1 -1 -1 -1 -1 -1 -1 -1 -1
0.527887225151062 0.36130592226982117 0.5284654498100281 -1 -1 -1 -1 -1 -1 -1 -1 -1
0.5397830009460449 0.4124721884727478 0.7174171209335327 -1 -1 -1 -1 -1 -1 -1 -1 -1
0.4601210653781891 0.4951847791671753 0.9999436140060425 -1 -1 -1 -1 -1 -1 -1 -1 -1
0.4742978811264038 0.5162737369537354 0.999909520149231 -1 -1 -1 -1 -1 -1 -1 -1 -1
0.45184895396232605 0.584242045879364 0.23241715133190155 -1 -1 -1 -1 -1 -1 -1 -1 -1
0.4825684130191803 0.6017710566520691 0.15847022831439972 -1 -1 -1 -1 -1 -1 -1 -1 -1
0.4577179253101349 0.6703059673309326 0.5150133967399597 -1 -1 -1 -1 -1 -1 -1 -1 -1
0.4576331377029419 0.6893973350524902 0.7028511166572571 -1 -1 -1 -1 -1 -1 -1 -1 -1
0.45863327383995056 0.6757805347442627 0.8184565305709839 -1 -1 -1 -1 -1 -1 -1 -1 -1
0.4544152319431305 0.6957176327705383 0.6423483490943909 -1 -1 -1 -1 -1 -1 -1 -1 -1
0.46188801527023315 0.7163575887680054 0.736280083656311 -1 -1 -1 -1 -1 -1 -1 -1 -1
0.4500950276851654 0.7326425313949585 0.8156111240386963 -1 -1 -1 -1 -1 -1 -1 -1 -1
1 
33 
-1 -1 -1 -1 -1 -1 -1 -1 -1 -1
0.5110763907432556 0.3389456570148468 0.9929647445678711 -1 -1 -1 -1 -1 -1 -1 -1 -1
0.5083129405975342 0.3404521048069 0.9961594343185425 -1 -1 -1 -1 -1 -1 -1 -1 -1
0.5077410340309143 0.34089359641075134 0.9949277639389038 -1 -1 -1 -1 -1 -1 -1 -1 -1
0.5070439577102661 0.34111499786376953 0.9970799088478088 -1 -1 -1 -1 -1 -1 -1 -1 -1
0.5106555819511414 0.3445420265197754 0.9952151775360107 -1 -1 -1 -1 -1 -1 -1 -1 -1
0.5105423331260681 0.34555792808532715 0.9938812255859375 -1 -1 -1 -1 -1 -1 -1 -1 -1
0.5103063583374023 0.34646016359329224 0.9953126907348633 -1 -1 -1 -1 -1 -1 -1 -1 -1
0.5022852420806885 0.3316187262535095 0.9953943490982056 -1 -1 -1 -1 -1 -1 -1 -1 -1
0.49943774938583374 0.3432673513889313 0.9949861764907837 -1 -1 -1 -1 -1 -1 -1 -1 -1
0.5077733397483826 0.3429287075996399 0.9949435591697693 -1 -1 -1 -1 -1 -1 -1 -1 -1
0.5070858597755432 0.3453536629676819 0.9929513335227966 -1 -1 -1 -1 -1 -1 -1 -1 -1
0.48798540234565735 0.34596824645996094 0.9989068508148193 -1 -1 -1 -1 -1 -1 -1 -1 -1
0.49150222539901733 0.3763972222805023 0.9904721975326538 -1 -1 -1 -1 -1 -1 -1 -1 -1
0.5144015550613403 0.3535548746585846 0.4270005226135254 -1 -1 -1 -1 -1 -1 -1 -1 -1
0.5224378705024719 0.3786965608596802 0.7116568684577942 -1 -1 -1 -1 -1 -1 -1 -1 -1
0.5270670652389526 0.3501380980014801 0.341840922832489 -1 -1 -1 -1 -1 -1 -1 -1 -1
0.5355199575424194 0.3513619303703308 0.4727526903152466 -1 -1 -1 -1 -1 -1 -1 -1 -1
0.5298378467559814 0.3483041524887085 0.2904394268989563 -1 -1 -1 -1 -1 -1 -1 -1 -1
0.5404358506202698 0.3472961187362671 0.4265162944793701 -1 -1 -1 -1 -1 -1 -1 -1 -1
0.5298760533332825 0.34863516688346863 0.31123456358909607 -1 -1 -1 -1 -1 -1 -1 -1 -1
0.5368402600288391 0.3448100686073303 0.4277312159538269 -1 -1 -1 -1 -1 -1 -1 -1 -1
0.5285525321960449 0.3496614098548889 0.28649041056632996 -1 -1 -1 -1 -1 -1 -1 -1 -1
0.5341746211051941 0.34541553258895874 0.3542815148830414 -1 -1 -1 -1 -1 -1 -1 -1 -1
0.5199052095413208 0.44687801599502563 0.9985781908035278 -1 -1 -1 -1 -1 -1 -1 -1 -1
0.5221414566040039 0.4627246856689453 0.9957355260848999 -1 -1 -1 -1 -1 -1 -1 -1 -1
0.5424442291259766 0.4196867346763611 0.16654625535011292 -1 -1 -1 -1 -1 -1 -1 -1 -1
0.5532755255699158 0.4137226343154907 0.26112592220306396 -1 -1 -1 -1 -1 -1 -1 -1 -1
0.5806560516357422 0.4741057753562927 0.10190603137016296 -1 -1 -1 -1 -1 -1 -1 -1 -1
0.582587480545044 0.46907520294189453 0.09519658237695694 -1 -1 -1 -1 -1 -1 -1 -1 -1
0.5852110385894775 0.4850609302520752 0.11135399341583252 -1 -1 -1 -1 -1 -1 -1 -1 -1
0.583446741104126 0.4822313189506531 0.09884347766637802 -1 -1 -1 -1 -1 -1 -1 -1 -1
0.5912964940071106 0.4694003760814667 0.14356565475463867 -1 -1 -1 -1 -1 -1 -1 -1 -1
0.5991827249526978 0.46166542172431946 0.13072043657302856 -1 -1 -1 -1 -1 -1 -1 -1 -1
1 
33 
-1 -1 -1 -1 -1 -1 -1 -1 -1 -1
0.5224281549453735 0.3373090624809265 0.9940803647041321 -1 -1 -1 -1 -1 -1 -1 -1 -1
0.5267845988273621 0.3325708508491516 0.9937453269958496 -1 -1 -1 -1 -1 -1 -1 -1 -1
0.5274901986122131 0.33322328329086304 0.9944191575050354 -1 -1 -1 -1 -1 -1 -1 -1 -1
0.5281604528427124 0.3338872790336609 0.9930981993675232 -1 -1 -1 -1 -1 -1 -1 -1 -1
0.5269517302513123 0.33143848180770874 0.9933463335037231 -1 -1 -1 -1 -1 -1 -1 -1 -1
0.5276604294776917 0.33129680156707764 0.9943511486053467 -1 -1 -1 -1 -1 -1 -1 -1 -1
0.5283751487731934 0.3312133550643921 0.9930838346481323 -1 -1 -1 -1 -1 -1 -1 -1 -1
0.5341329574584961 0.3406200408935547 0.9975335597991943 -1 -1 -1 -1 -1 -1 -1 -1 -1
0.5348021984100342 0.34346896409988403 0.9948627352714539 -1 -1 -1 -1 -1 -1 -1 -1 -1
0.5266109704971313 0.34407857060432434 0.9986057877540588 -1 -1 -1 -1 -1 -1 -1 -1 -1
0.5270304083824158 0.34314900636672974 0.9989966750144958 -1 -1 -1 -1 -1 -1 -1 -1 -1
0.5314597487449646 0.3756866753101349 0.999799907207489 -1 -1 -1 -1 -1 -1 -1 -1 -1
0.5340936779975891 0.37378814816474915 0.9994833469390869 -1 -1 -1 -1 -1 -1 -1 -1 -1
0.5069497227668762 0.382416307926178 0.8956683874130249 -1 -1 -1 -1 -1 -1 -1 -1 -1
0.5107001066207886 0.3923562467098236 0.05686451494693756 -1 -1 -1 -1 -1 -1 -1 -1 -1
0.5028514862060547 0.3559739291667938 0.6318248510360718 -1 -1 -1 -1 -1 -1 -1 -1 -1
0.5051776170730591 0.3736993670463562 0.05815790593624115 -1 -1 -1 -1 -1 -1 -1 -1 -1
0.4994761645793915 0.3531424403190613 0.5357264876365662 -1 -1 -1 -1 -1 -1 -1 -1 -1
0.5014939904212952 0.37215131521224976 0.0995379164814949 -1 -1 -1 -1 -1 -1 -1 -1 -1
0.5017609596252441 0.35204458236694336 0.5334667563438416 -1 -1 -1 -1 -1 -1 -1 -1 -1
0.5034310817718506 0.36878108978271484 0.10213641077280045 -1 -1 -1 -1 -1 -1 -1 -1 -1
0.5039446353912354 0.3534279763698578 0.5061719417572021 -1 -1 -1 -1 -1 -1 -1 -1 -1
0.505224347114563 0.3685269355773926 0.11014930158853531 -1 -1 -1 -1 -1 -1 -1 -1 -1
0.4867118000984192 0.4566556513309479 0.9994146823883057 -1 -1 -1 -1 -1 -1 -1 -1 -1
0.4914344549179077 0.4583257734775543 0.9993047714233398 -1 -1 -1 -1 -1 -1 -1 -1 -1
0.48999661207199097 0.3576812744140625 0.9668344855308533 -1 -1 -1 -1 -1 -1 -1 -1 -1
0.49110841751098633 0.3598555624485016 0.1524246633052826 -1 -1 -1 -1 -1 -1 -1 -1 -1
0.45105868577957153 0.3977343738079071 0.8177112936973572 -1 -1 -1 -1 -1 -1 -1 -1 -1
0.4482957124710083 0.40430521965026855 0.24167263507843018 -1 -1 -1 -1 -1 -1 -1 -1 -1
0.4486486315727234 0.41058844327926636 0.7830064296722412 -1 -1 -1 -1 -1 -1 -1 -1 -1
0.44437941908836365 0.41910606622695923 0.29238107800483704 -1 -1 -1 -1 -1 -1 -1 -1 -1
0.4346892237663269 0.39181700348854065 0.8312572836875916 -1 -1 -1 -1 -1 -1 -1 -1 -1
0.4326251745223999 0.39628511667251587 0.39702680706977844 -1 -1 -1 -1 -1 -1 -1 -1 -1
1 
33 
-1 -1 -1 -1 -1 -1 -1 -1 -1 -1
0.5049891471862793 0.41631314158439636 0.9997950196266174 -1 -1 -1 -1 -1 -1 -1 -1 -1
0.5023784637451172 0.42079654335975647 0.9998362064361572 -1 -1 -1 -1 -1 -1 -1 -1 -1
0.5011165738105774 0.4212641417980194 0.9997712969779968 -1 -1 -1 -1 -1 -1 -1 -1 -1
0.49987122416496277 0.4216717779636383 0.9997962117195129 -1 -1 -1 -1 -1 -1 -1 -1 -1
0.5055105686187744 0.42011114954948425 0.9998699426651001 -1 -1 -1 -1 -1 -1 -1 -1 -1
0.5065063834190369 0.42026883363723755 0.9998472929000854 -1 -1 -1 -1 -1 -1 -1 -1 -1
0.5074891448020935 0.42040085792541504 0.9998387098312378 -1 -1 -1 -1 -1 -1 -1 -1 -1
0.4991750717163086 0.4250906705856323 0.9996697902679443 -1 -1 -1 -1 -1 -1 -1 -1 -1
0.5095529556274414 0.423125684261322 0.9996812343597412 -1 -1 -1 -1 -1 -1 -1 -1 -1
0.5036454200744629 0.41472119092941284 0.9984835982322693 -1 -1 -1 -1 -1 -1 -1 -1 -1
0.5071055293083191 0.41485705971717834 0.9978621602058411 -1 -1 -1 -1 -1 -1 -1 -1 -1
0.5049234628677368 0.43868881464004517 0.9963961243629456 -1 -1 -1 -1 -1 -1 -1 -1 -1
0.5165042281150818 0.40926510095596313 0.982208788394928 -1 -1 -1 -1 -1 -1 -1 -1 -1
0.49364930391311646 0.459473192691803 0.41970711946487427 -1 -1 -1 -1 -1 -1 -1 -1 -1
0.4883192479610443 0.4150778651237488 0.5757247805595398 -1 -1 -1 -1 -1 -1 -1 -1 -1
0.4638860821723938 0.46785515546798706 0.636354923248291 -1 -1 -1 -1 -1 -1 -1 -1 -1
0.4607393443584442 0.4591243863105774 0.39859434962272644 -1 -1 -1 -1 -1 -1 -1 -1 -1
0.4583757817745209 0.47499221563339233 0.5957399010658264 -1 -1 -1 -1 -1 -1 -1 -1 -1
0.45384156703948975 0.4649972915649414 0.33185410499572754 -1 -1 -1 -1 -1 -1 -1 -1 -1
0.4604576826095581 0.47557029128074646 0.6375153064727783 -1 -1 -1 -1 -1 -1 -1 -1 -1
0.45881393551826477 0.4718749523162842 0.34281930327415466 -1 -1 -1 -1 -1 -1 -1 -1 -1
0.45956531167030334 0.4662122130393982 0.5991987586021423 -1 -1 -1 -1 -1 -1 -1 -1 -1
0.4607318639755249 0.47141945362091064 0.3009704649448395 -1 -1 -1 -1 -1 -1 -1 -1 -1
0.5645993947982788 0.33254337310791016 0.9981979727745056 -1 -1 -1 -1 -1 -1 -1 -1 -1
0.5686965584754944 0.3237476944923401 0.997852087020874 -1 -1 -1 -1 -1 -1 -1 -1 -1
0.555422306060791 0.3267551362514496 0.15675152838230133 -1 -1 -1 -1 -1 -1 -1 -1 -1
0.5285102725028992 0.2949753403663635 0.4011954367160797 -1 -1 -1 -1 -1 -1 -1 -1 -1
0.5541026592254639 0.2935960292816162 0.060922663658857346 -1 -1 -1 -1 -1 -1 -1 -1 -1
0.5406873822212219 0.298718124628067 0.13102835416793823 -1 -1 -1 -1 -1 -1 -1 -1 -1
0.5540523529052734 0.2892207205295563 0.050745029002428055 -1 -1 -1 -1 -1 -1 -1 -1 -1
0.5445281863212585 0.30646830797195435 0.1256927251815796 -1 -1 -1 -1 -1 -1 -1 -1 -1
0.5527688264846802 0.2863614559173584 0.09879665821790695 -1 -1 -1 -1 -1 -1 -1 -1 -1
0.5390995740890503 0.28561604022979736 0.18217763304710388 -1 -1 -1 -1 -1 -1 -1 -1 -1
1 
33 
-1 -1 -1 -1 -1 -1 -1 -1 -1 -1
0.5283415913581848 0.44202721118927 0.9971861243247986 -1 -1 -1 -1 -1 -1 -1 -1 -1
0.5320254564285278 0.4392567574977875 0.9992523789405823 -1 -1 -1 -1 -1 -1 -1 -1 -1
0.5326884388923645 0.439856618642807 0.999198853969574 -1 -1 -1 -1 -1 -1 -1 -1 -1
0.53333979845047 0.4405294954776764 0.9994094371795654 -1 -1 -1 -1 -1 -1 -1 -1 -1
0.530052661895752 0.43406108021736145 0.9987327456474304 -1 -1 -1 -1 -1 -1 -1 -1 -1
0.5294764637947083 0.4313793480396271 0.9981123208999634 -1 -1 -1 -1 -1 -1 -1 -1 -1
0.5289380550384521 0.4287709891796112 0.9987775683403015 -1 -1 -1 -1 -1 -1 -1 -1 -1
0.5325596928596497 0.43288540840148926 0.9994055032730103 -1 -1 -1 -1 -1 -1 -1 -1 -1
0.5253118276596069 0.41478314995765686 0.9987987279891968 -1 -1 -1 -1 -1 -1 -1 -1 -1
0.5253003835678101 0.44148847460746765 0.9992941617965698 -1 -1 -1 -1 -1 -1 -1 -1 -1
0.5232276320457458 0.43548354506492615 0.9986812472343445 -1 -1 -1 -1 -1 -1 -1 -1 -1
0.514604389667511 0.4490090310573578 0.9997068047523499 -1 -1 -1 -1 -1 -1 -1 -1 -1
0.5049340724945068 0.3753795325756073 0.999810516834259 -1 -1 -1 -1 -1 -1 -1 -1 -1
0.48328134417533875 0.48029860854148865 0.17953304946422577 -1 -1 -1 -1 -1 -1 -1 -1 -1
0.4782114028930664 0.37396103143692017 0.415657639503479 -1 -1 -1 -1 -1 -1 -1 -1 -1
0.4931793808937073 0.45601022243499756 0.45863378047943115 -1 -1 -1 -1 -1 -1 -1 -1 -1
0.4893803000450134 0.4336192309856415 0.30494022369384766 -1 -1 -1 -1 -1 -1 -1 -1 -1
0.4942612051963806 0.4531399607658386 0.5408045053482056 -1 -1 -1 -1 -1 -1 -1 -1 -1
0.48928800225257874 0.4520758092403412 0.324036180973053 -1 -1 -1 -1 -1 -1 -1 -1 -1
0.4980758726596832 0.4456416964530945 0.5051767826080322 -1 -1 -1 -1 -1 -1 -1 -1 -1
0.4940985441207886 0.45210254192352295 0.28822532296180725 -1 -1 -1 -1 -1 -1 -1 -1 -1
0.49750199913978577 0.44539737701416016 0.47605258226394653 -1 -1 -1 -1 -1 -1 -1 -1 -1
0.4937942922115326 0.44550663232803345 0.2782963216304779 -1 -1 -1 -1 -1 -1 -1 -1 -1
0.4435858130455017 0.4788825511932373 0.9997561573982239 -1 -1 -1 -1 -1 -1 -1 -1 -1
0.43318191170692444 0.43277207016944885 0.9998039603233337 -1 -1 -1 -1 -1 -1 -1 -1 -1
0.45326435565948486 0.532720685005188 0.7659923434257507 -1 -1 -1 -1 -1 -1 -1 -1 -1
0.4101676940917969 0.47917085886001587 0.8279215693473816 -1 -1 -1 -1 -1 -1 -1 -1 -1
0.4339047372341156 0.618401050567627 0.6396412253379822 -1 -1 -1 -1 -1 -1 -1 -1 -1
0.4048534035682678 0.593087375164032 0.5802170038223267 -1 -1 -1 -1 -1 -1 -1 -1 -1
0.42139941453933716 0.6309683322906494 0.8896318078041077 -1 -1 -1 -1 -1 -1 -1 -1 -1
0.39887410402297974 0.6067478656768799 0.7868157625198364 -1 -1 -1 -1 -1 -1 -1 -1 -1
0.4483223855495453 0.6545259952545166 0.9028115272521973 -1 -1 -1 -1 -1 -1 -1 -1 -1
0.4171045124530792 0.641481876373291 0.8830599784851074 -1 -1 -1 -1 -1 -1 -1 -1 -1
1 
33 
-1 -1 -1 -1 -1 -1 -1 -1 -1 -1
0.5253995060920715 0.47570276260375977 0.9820214509963989 -1 -1 -1 -1 -1 -1 -1 -1 -1
0.5312977433204651 0.470880389213562 0.9889848232269287 -1 -1 -1 -1 -1 -1 -1 -1 -1
0.5271742939949036 0.46335268020629883 0.988061785697937 -1 -1 -1 -1 -1 -1 -1 -1 -1
0.526639461517334 0.46479901671409607 0.9889292120933533 -1 -1 -1 -1 -1 -1 -1 -1 -1
0.5316515564918518 0.4696981906890869 0.9914535284042358 -1 -1 -1 -1 -1 -1 -1 -1 -1
0.53187096118927 0.46745455265045166 0.9907850027084351 -1 -1 -1 -1 -1 -1 -1 -1 -1
0.5320773720741272 0.46534299850463867 0.9928955435752869 -1 -1 -1 -1 -1 -1 -1 -1 -1
0.5282160043716431 0.4573213756084442 0.9836528301239014 -1 -1 -1 -1 -1 -1 -1 -1 -1
0.5307288765907288 0.4438284635543823 0.991775393486023 -1 -1 -1 -1 -1 -1 -1 -1 -1
0.5194659233093262 0.4531119465827942 0.9786069393157959 -1 -1 -1 -1 -1 -1 -1 -1 -1
0.52083420753479 0.4493345320224762 0.9880125522613525 -1 -1 -1 -1 -1 -1 -1 -1 -1
0.511746883392334 0.41143086552619934 0.9982770681381226 -1 -1 -1 -1 -1 -1 -1 -1 -1
0.5083103179931641 0.4243242144584656 0.9994083642959595 -1 -1 -1 -1 -1 -1 -1 -1 -1
0.5068487524986267 0.45836931467056274 0.07766131311655045 -1 -1 -1 -1 -1 -1 -1 -1 -1
0.5081734657287598 0.4750554859638214 0.2071595937013626 -1 -1 -1 -1 -1 -1 -1 -1 -1
0.5100094079971313 0.4922889471054077 0.1451103240251541 -1 -1 -1 -1 -1 -1 -1 -1 -1
0.5226841568946838 0.48311227560043335 0.15048180520534515 -1 -1 -1 -1 -1 -1 -1 -1 -1
0.5090198516845703 0.5021692514419556 0.1764635592699051 -1 -1 -1 -1 -1 -1 -1 -1 -1
0.5224700570106506 0.4887731075286865 0.19546373188495636 -1 -1 -1 -1 -1 -1 -1 -1 -1
0.5089457631111145 0.4957057237625122 0.19124294817447662 -1 -1 -1 -1 -1 -1 -1 -1 -1
0.5237468481063843 0.4821454882621765 0.19866499304771423 -1 -1 -1 -1 -1 -1 -1 -1 -1
0.5084925889968872 0.49351006746292114 0.17550280690193176 -1 -1 -1 -1 -1 -1 -1 -1 -1
0.5233637690544128 0.4794254004955292 0.17595817148685455 -1 -1 -1 -1 -1 -1 -1 -1 -1
0.40546151995658875 0.4614953100681305 0.9994704127311707 -1 -1 -1 -1 -1 -1 -1 -1 -1
0.4009457230567932 0.4701317846775055 0.9999195337295532 -1 -1 -1 -1 -1 -1 -1 -1 -1
0.43823423981666565 0.48329511284828186 0.06675663590431213 -1 -1 -1 -1 -1 -1 -1 -1 -1
0.4462572932243347 0.4991273581981659 0.7327197790145874 -1 -1 -1 -1 -1 -1 -1 -1 -1
0.4293805658817291 0.5716795325279236 0.08895271271467209 -1 -1 -1 -1 -1 -1 -1 -1 -1
0.43217170238494873 0.5970919132232666 0.621883749961853 -1 -1 -1 -1 -1 -1 -1 -1 -1
0.42661774158477783 0.5875777006149292 0.09769978374242783 -1 -1 -1 -1 -1 -1 -1 -1 -1
0.4247724711894989 0.6134177446365356 0.5029799938201904 -1 -1 -1 -1 -1 -1 -1 -1 -1
0.4451674222946167 0.5909689664840698 0.17427292466163635 -1 -1 -1 -1 -1 -1 -1 -1 -1
0.4510505199432373 0.6321072578430176 0.6858012080192566 -1 -1 -1 -1 -1 -1 -1 -1 -1
1 
33 
-1 -1 -1 -1 -1 -1 -1 -1 -1 -1
0.5485740303993225 0.44603821635246277 0.9997490048408508 -1 -1 -1 -1 -1 -1 -1 -1 -1
0.553959846496582 0.44583654403686523 0.9998239874839783 -1 -1 -1 -1 -1 -1 -1 -1 -1
0.5546718239784241 0.4478893578052521 0.9996248483657837 -1 -1 -1 -1 -1 -1 -1 -1 -1
0.5553814768791199 0.44991984963417053 0.9997381567955017 -1 -1 -1 -1 -1 -1 -1 -1 -1
0.5519362092018127 0.43953028321266174 0.9998557567596436 -1 -1 -1 -1 -1 -1 -1 -1 -1
0.5512567758560181 0.4369146227836609 0.9997482895851135 -1 -1 -1 -1 -1 -1 -1 -1 -1
0.550567626953125 0.43433877825737 0.9997921586036682 -1 -1 -1 -1 -1 -1 -1 -1 -1
0.5548595786094666 0.4490061104297638 0.9996163845062256 -1 -1 -1 -1 -1 -1 -1 -1 -1
0.5483204126358032 0.428588330745697 0.9997653365135193 -1 -1 -1 -1 -1 -1 -1 -1 -1
0.5456452965736389 0.450597882270813 0.9997618794441223 -1 -1 -1 -1 -1 -1 -1 -1 -1
0.5435008406639099 0.44293245673179626 0.9998549222946167 -1 -1 -1 -1 -1 -1 -1 -1 -1
0.5435068011283875 0.4546372890472412 0.9996620416641235 -1 -1 -1 -1 -1 -1 -1 -1 -1
0.5293425917625427 0.429491251707077 0.9995456337928772 -1 -1 -1 -1 -1 -1 -1 -1 -1
0.5265785455703735 0.48074254393577576 0.4342063069343567 -1 -1 -1 -1 -1 -1 -1 -1 -1
0.5230830311775208 0.4645553529262543 0.9323006272315979 -1 -1 -1 -1 -1 -1 -1 -1 -1
0.5458309054374695 0.4837433695793152 0.5590166449546814 -1 -1 -1 -1 -1 -1 -1 -1 -1
0.5472270250320435 0.4819743037223816 0.9347494840621948 -1 -1 -1 -1 -1 -1 -1 -1 -1
0.5523267984390259 0.48554205894470215 0.6018038988113403 -1 -1 -1 -1 -1 -1 -1 -1 -1
0.5529512166976929 0.4847574830055237 0.9002255797386169 -1 -1 -1 -1 -1 -1 -1 -1 -1
0.5536355376243591 0.4834855794906616 0.5798909664154053 -1 -1 -1 -1 -1 -1 -1 -1 -1
0.5557758212089539 0.4795893430709839 0.8981824517250061 -1 -1 -1 -1 -1 -1 -1 -1 -1
0.5508735179901123 0.48117998242378235 0.5149903893470764 -1 -1 -1 -1 -1 -1 -1 -1 -1
0.5532880425453186 0.47834548354148865 0.8537126779556274 -1 -1 -1 -1 -1 -1 -1 -1 -1
0.4925439655780792 0.45090803503990173 0.999954104423523 -1 -1 -1 -1 -1 -1 -1 -1 -1
0.48264166712760925 0.4297454059123993 0.9998835325241089 -1 -1 -1 -1 -1 -1 -1 -1 -1
0.4870047867298126 0.5346822738647461 0.7338428497314453 -1 -1 -1 -1 -1 -1 -1 -1 -1
0.48449432849884033 0.4879792332649231 0.8966847658157349 -1 -1 -1 -1 -1 -1 -1 -1 -1
0.48474612832069397 0.4924888610839844 0.21719177067279816 -1 -1 -1 -1 -1 -1 -1 -1 -1
0.5067082047462463 0.4740515351295471 0.26416999101638794 -1 -1 -1 -1 -1 -1 -1 -1 -1
0.4864976704120636 0.48292428255081177 0.22458958625793457 -1 -1 -1 -1 -1 -1 -1 -1 -1
0.5102100968360901 0.4674128293991089 0.38697075843811035 -1 -1 -1 -1 -1 -1 -1 -1 -1
0.481031209230423 0.49014705419540405 0.2375503033399582 -1 -1 -1 -1 -1 -1 -1 -1 -1
0.5135688781738281 0.479669451713562 0.3511240482330322 -1 -1 -1 -1 -1 -1 -1 -1 -1
1 
33 
-1 -1 -1 -1 -1 -1 -1 -1 -1 -1
0.52756667137146 0.5408247709274292 0.9991942048072815 -1 -1 -1 -1 -1 -1 -1 -1 -1
0.5239565372467041 0.5514956712722778 0.9996793270111084 -1 -1 -1 -1 -1 -1 -1 -1 -1
0.5235725045204163 0.5514237880706787 0.9995757937431335 -1 -1 -1 -1 -1 -1 -1 -1 -1
0.5233827233314514 0.5510590672492981 0.999705970287323 -1 -1 -1 -1 -1 -1 -1 -1 -1
0.5241921544075012 0.5516128540039062 0.9996300935745239 -1 -1 -1 -1 -1 -1 -1 -1 -1
0.5239810943603516 0.5515537261962891 0.9995679259300232 -1 -1 -1 -1 -1 -1 -1 -1 -1
0.5239806771278381 0.5512229204177856 0.9996356964111328 -1 -1 -1 -1 -1 -1 -1 -1 -1
0.5182399153709412 0.544890284538269 0.9996674060821533 -1 -1 -1 -1 -1 -1 -1 -1 -1
0.5194843411445618 0.5462066531181335 0.9994080066680908 -1 -1 -1 -1 -1 -1 -1 -1 -1
0.5255391001701355 0.5341209173202515 0.9998161196708679 -1 -1 -1 -1 -1 -1 -1 -1 -1
0.5280537605285645 0.5319231748580933 0.9998753070831299 -1 -1 -1 -1 -1 -1 -1 -1 -1
0.5126523971557617 0.49369561672210693 0.9999208450317383 -1 -1 -1 -1 -1 -1 -1 -1 -1
0.5208274126052856 0.5097059607505798 0.9999042749404907 -1 -1 -1 -1 -1 -1 -1 -1 -1
0.5263348817825317 0.4504472613334656 0.9374779462814331 -1 -1 -1 -1 -1 -1 -1 -1 -1
0.5339875221252441 0.4677245616912842 0.24441203474998474 -1 -1 -1 -1 -1 -1 -1 -1 -1
0.5412212014198303 0.46394017338752747 0.7782116532325745 -1 -1 -1 -1 -1 -1 -1 -1 -1
0.540065348148346 0.47054558992385864 0.28167837858200073 -1 -1 -1 -1 -1 -1 -1 -1 -1
0.5454279184341431 0.46342507004737854 0.6870308518409729 -1 -1 -1 -1 -1 -1 -1 -1 -1
0.5410643815994263 0.4687819182872772 0.31826281547546387 -1 -1 -1 -1 -1 -1 -1 -1 -1
0.5433506369590759 0.46923360228538513 0.6665055155754089 -1 -1 -1 -1 -1 -1 -1 -1 -1
0.5409756302833557 0.4724699854850769 0.33622682094573975 -1 -1 -1 -1 -1 -1 -1 -1 -1
0.5420277118682861 0.4694393277168274 0.5998373031616211 -1 -1 -1 -1 -1 -1 -1 -1 -1
0.5407021045684814 0.47271817922592163 0.3213144540786743 -1 -1 -1 -1 -1 -1 -1 -1 -1
0.5032967925071716 0.41281330585479736 0.9999357461929321 -1 -1 -1 -1 -1 -1 -1 -1 -1
0.5088900923728943 0.43026453256607056 0.9999111890792847 -1 -1 -1 -1 -1 -1 -1 -1 -1
0.5315445065498352 0.4508747160434723 0.8052080869674683 -1 -1 -1 -1 -1 -1 -1 -1 -1
0.5339117050170898 0.4908810257911682 0.23227140307426453 -1 -1 -1 -1 -1 -1 -1 -1 -1
0.5471614003181458 0.4170142710208893 0.45285508036613464 -1 -1 -1 -1 -1 -1 -1 -1 -1
0.5478807687759399 0.4196402132511139 0.22454549372196198 -1 -1 -1 -1 -1 -1 -1 -1 -1
0.5463800430297852 0.4066924452781677 0.4372014105319977 -1 -1 -1 -1 -1 -1 -1 -1 -1
0.5465455651283264 0.40288957953453064 0.19842377305030823 -1 -1 -1 -1 -1 -1 -1 -1 -1
0.5650274157524109 0.42742252349853516 0.5431736707687378 -1 -1 -1 -1 -1 -1 -1 -1 -1
0.5634915828704834 0.42048266530036926 0.32785776257514954 -1 -1 -1 -1 -1 -1 -1 -1 -1
1 
33 
-1 -1 -1 -1 -1 -1 -1 -1 -1 -1
0.5641956329345703 0.5308905839920044 0.9937556982040405 -1 -1 -1 -1 -1 -1 -1 -1 -1
0.5643168091773987 0.5435547232627869 0.9971543550491333 -1 -1 -1 -1 -1 -1 -1 -1 -1
0.5629972219467163 0.545615553855896 0.9968048334121704 -1 -1 -1 -1 -1 -1 -1 -1 -1
0.5617042183876038 0.5478900074958801 0.9975512623786926 -1 -1 -1 -1 -1 -1 -1 -1 -1
0.5657421350479126 0.5413128137588501 0.9951868653297424 -1 -1 -1 -1 -1 -1 -1 -1 -1
0.565442681312561 0.5415815711021423 0.9939636588096619 -1 -1 -1 -1 -1 -1 -1 -1 -1
0.5650385022163391 0.5424926280975342 0.995107889175415 -1 -1 -1 -1 -1 -1 -1 -1 -1
0.552963376045227 0.5530965924263 0.9978412389755249 -1 -1 -1 -1 -1 -1 -1 -1 -1
0.5561758875846863 0.5481674075126648 0.9953334927558899 -1 -1 -1 -1 -1 -1 -1 -1 -1
0.5561789870262146 0.5288772583007812 0.9961406588554382 -1 -1 -1 -1 -1 -1 -1 -1 -1
0.5577338933944702 0.5264517068862915 0.9955798983573914 -1 -1 -1 -1 -1 -1 -1 -1 -1
0.5332034826278687 0.5181318521499634 0.9995785355567932 -1 -1 -1 -1 -1 -1 -1 -1 -1
0.5412335395812988 0.5210976004600525 0.9990143775939941 -1 -1 -1 -1 -1 -1 -1 -1 -1
0.5210573673248291 0.4868314266204834 0.7566360235214233 -1 -1 -1 -1 -1 -1 -1 -1 -1
0.5412307977676392 0.47356319427490234 0.05603030323982239 -1 -1 -1 -1 -1 -1 -1 -1 -1
0.5397322773933411 0.48156672716140747 0.5622455477714539 -1 -1 -1 -1 -1 -1 -1 -1 -1
0.5521736741065979 0.4844518303871155 0.09486302733421326 -1 -1 -1 -1 -1 -1 -1 -1 -1
0.5433000922203064 0.4837278127670288 0.5268514752388 -1 -1 -1 -1 -1 -1 -1 -1 -1
0.5540248155593872 0.48980283737182617 0.1186218410730362 -1 -1 -1 -1 -1 -1 -1 -1 -1
0.5451746582984924 0.4877021014690399 0.5035068988800049 -1 -1 -1 -1 -1 -1 -1 -1 -1
0.5571476221084595 0.49446937441825867 0.12338703870773315 -1 -1 -1 -1 -1 -1 -1 -1 -1
0.5442121028900146 0.484466552734375 0.4018986225128174 -1 -1 -1 -1 -1 -1 -1 -1 -1
0.5566257834434509 0.4905644655227661 0.12131959944963455 -1 -1 -1 -1 -1 -1 -1 -1 -1
0.4944846034049988 0.38892319798469543 0.9986274242401123 -1 -1 -1 -1 -1 -1 -1 -1 -1
0.4995183050632477 0.39503949880599976 0.9939749836921692 -1 -1 -1 -1 -1 -1 -1 -1 -1
0.5243206024169922 0.4139332175254822 0.6213751435279846 -1 -1 -1 -1 -1 -1 -1 -1 -1
0.5260509848594666 0.41859227418899536 0.10959253460168839 -1 -1 -1 -1 -1 -1 -1 -1 -1
0.5204821228981018 0.4050329029560089 0.2331961840391159 -1 -1 -1 -1 -1 -1 -1 -1 -1
0.5314036011695862 0.4047546982765198 0.06370949000120163 -1 -1 -1 -1 -1 -1 -1 -1 -1
0.515774667263031 0.40085119009017944 0.35689181089401245 -1 -1 -1 -1 -1 -1 -1 -1 -1
0.5308091640472412 0.3984207510948181 0.11933436244726181 -1 -1 -1 -1 -1 -1 -1 -1 -1
0.5339481830596924 0.4183059632778168 0.2856697142124176 -1 -1 -1 -1 -1 -1 -1 -1 -1
0.5427431464195251 0.41422414779663086 0.1140783354640007 -1 -1 -1 -1 -1 -1 -1 -1 -1
1 
33 
-1 -1 -1 -1 -1 -1 -1 -1 -1 -1
0.5759674310684204 0.47578781843185425 0.9972929358482361 -1 -1 -1 -1 -1 -1 -1 -1 -1
0.5817862749099731 0.4850555956363678 0.9989162683486938 -1 -1 -1 -1 -1 -1 -1 -1 -1
0.5818969011306763 0.4879666864871979 0.9987022876739502 -1 -1 -1 -1 -1 -1 -1 -1 -1
0.5818638801574707 0.49122580885887146 0.9988598823547363 -1 -1 -1 -1 -1 -1 -1 -1 -1
0.5810346603393555 0.48089998960494995 0.9974462985992432 -1 -1 -1 -1 -1 -1 -1 -1 -1
0.5806545615196228 0.48072341084480286 0.9966566562652588 -1 -1 -1 -1 -1 -1 -1 -1 -1
0.5802162885665894 0.4807669222354889 0.9971908926963806 -1 -1 -1 -1 -1 -1 -1 -1 -1
0.5778355002403259 0.5062174797058105 0.9993446469306946 -1 -1 -1 -1 -1 -1 -1 -1 -1
0.5767819285392761 0.49584969878196716 0.9952197670936584 -1 -1 -1 -1 -1 -1 -1 -1 -1
0.5689221620559692 0.48229455947875977 0.9986635446548462 -1 -1 -1 -1 -1 -1 -1 -1 -1
0.5681101083755493 0.47749513387680054 0.9975684285163879 -1 -1 -1 -1 -1 -1 -1 -1 -1
0.5434956550598145 0.5229125022888184 0.9999147653579712 -1 -1 -1 -1 -1 -1 -1 -1 -1
0.5551137924194336 0.4978799819946289 0.9993699193000793 -1 -1 -1 -1 -1 -1 -1 -1 -1
0.5140541195869446 0.46471062302589417 0.8952203989028931 -1 -1 -1 -1 -1 -1 -1 -1 -1
0.5277791619300842 0.44317859411239624 0.02527851052582264 -1 -1 -1 -1 -1 -1 -1 -1 -1
0.5354300141334534 0.4447183609008789 0.695594847202301 -1 -1 -1 -1 -1 -1 -1 -1 -1
0.5262165069580078 0.4305080473423004 0.030986109748482704 -1 -1 -1 -1 -1 -1 -1 -1 -1
0.5415047407150269 0.4327601194381714 0.6218921542167664 -1 -1 -1 -1 -1 -1 -1 -1 -1
0.5248305797576904 0.42313194274902344 0.04844101518392563 -1 -1 -1 -1 -1 -1 -1 -1 -1
0.5463438034057617 0.4411141574382782 0.61539626121521 -1 -1 -1 -1 -1 -1 -1 -1 -1
0.5292367935180664 0.42991769313812256 0.051682472229003906 -1 -1 -1 -1 -1 -1 -1 -1 -1
0.5448433756828308 0.4449172616004944 0.5212916135787964 -1 -1 -1 -1 -1 -1 -1 -1 -1
0.5301234126091003 0.4334667921066284 0.06021403521299362 -1 -1 -1 -1 -1 -1 -1 -1 -1
0.4810226559638977 0.4106748104095459 0.9996743202209473 -1 -1 -1 -1 -1 -1 -1 -1 -1
0.4931456446647644 0.39920032024383545 0.9991198182106018 -1 -1 -1 -1 -1 -1 -1 -1 -1
0.46790048480033875 0.4186614751815796 0.8447061777114868 -1 -1 -1 -1 -1 -1 -1 -1 -1
0.5065656900405884 0.4042731523513794 0.19176650047302246 -1 -1 -1 -1 -1 -1 -1 -1 -1
0.4566853940486908 0.4785938560962677 0.3611772358417511 -1 -1 -1 -1 -1 -1 -1 -1 -1
0.49285855889320374 0.4241723418235779 0.16614529490470886 -1 -1 -1 -1 -1 -1 -1 -1 -1
0.4565897583961487 0.4931751787662506 0.47872257232666016 -1 -1 -1 -1 -1 -1 -1 -1 -1
0.4889824092388153 0.42804431915283203 0.29285091161727905 -1 -1 -1 -1 -1 -1 -1 -1 -1
0.4458995759487152 0.48498326539993286 0.45122992992401123 -1 -1 -1 -1 -1 -1 -1 -1 -1
0.4922246038913727 0.4219428598880768 0.2725118100643158 -1 -1 -1 -1 -1 -1 -1 -1 -1
1 
33 
-1 -1 -1 -1 -1 -1 -1 -1 -1 -1
0.5574405789375305 0.42901554703712463 0.994766116142273 -1 -1 -1 -1 -1 -1 -1 -1 -1
0.5662915706634521 0.4257594048976898 0.9966233968734741 -1 -1 -1 -1 -1 -1 -1 -1 -1
0.5675575733184814 0.4270842969417572 0.9968951940536499 -1 -1 -1 -1 -1 -1 -1 -1 -1
0.5688058137893677 0.4288750886917114 0.9976262450218201 -1 -1 -1 -1 -1 -1 -1 -1 -1
0.5648084878921509 0.42484596371650696 0.9905705451965332 -1 -1 -1 -1 -1 -1 -1 -1 -1
0.5648657083511353 0.42572838068008423 0.9858959317207336 -1 -1 -1 -1 -1 -1 -1 -1 -1
0.5648707151412964 0.42681390047073364 0.9868413209915161 -1 -1 -1 -1 -1 -1 -1 -1 -1
0.5724128484725952 0.4436325430870056 0.998432457447052 -1 -1 -1 -1 -1 -1 -1 -1 -1
0.5676850080490112 0.4394952058792114 0.9838693737983704 -1 -1 -1 -1 -1 -1 -1 -1 -1
0.5558939576148987 0.43949058651924133 0.9974765181541443 -1 -1 -1 -1 -1 -1 -1 -1 -1
0.5539180636405945 0.4382127821445465 0.9925094842910767 -1 -1 -1 -1 -1 -1 -1 -1 -1
0.5542658567428589 0.49729442596435547 0.9999303817749023 -1 -1 -1 -1 -1 -1 -1 -1 -1
0.5466333031654358 0.45815542340278625 0.997365415096283 -1 -1 -1 -1 -1 -1 -1 -1 -1
0.5140119791030884 0.502077579498291 0.948947548866272 -1 -1 -1 -1 -1 -1 -1 -1 -1
0.5103896260261536 0.4346992075443268 0.15032687783241272 -1 -1 -1 -1 -1 -1 -1 -1 -1
0.5159338116645813 0.4606305956840515 0.9352641701698303 -1 -1 -1 -1 -1 -1 -1 -1 -1
0.5069302916526794 0.4434772729873657 0.21589088439941406 -1 -1 -1 -1 -1 -1 -1 -1 -1
0.5138950943946838 0.45261889696121216 0.9034220576286316 -1 -1 -1 -1 -1 -1 -1 -1 -1
0.5031426548957825 0.4444308578968048 0.23785199224948883 -1 -1 -1 -1 -1 -1 -1 -1 -1
0.5185821056365967 0.45077967643737793 0.897457480430603 -1 -1 -1 -1 -1 -1 -1 -1 -1
0.5080165266990662 0.4438307285308838 0.24317501485347748 -1 -1 -1 -1 -1 -1 -1 -1 -1
0.5185620784759521 0.45173078775405884 0.8282245993614197 -1 -1 -1 -1 -1 -1 -1 -1 -1
0.5089654922485352 0.4439884126186371 0.24329078197479248 -1 -1 -1 -1 -1 -1 -1 -1 -1
0.456339567899704 0.47935885190963745 0.9996365308761597 -1 -1 -1 -1 -1 -1 -1 -1 -1
0.46099141240119934 0.43496042490005493 0.9994082450866699 -1 -1 -1 -1 -1 -1 -1 -1 -1
0.40839073061943054 0.4960149824619293 0.8453909158706665 -1 -1 -1 -1 -1 -1 -1 -1 -1
0.4377431869506836 0.41442498564720154 0.8122084736824036 -1 -1 -1 -1 -1 -1 -1 -1 -1
0.3854708969593048 0.482332319021225 0.3337799608707428 -1 -1 -1 -1 -1 -1 -1 -1 -1
0.38442984223365784 0.4585805833339691 0.4577901065349579 -1 -1 -1 -1 -1 -1 -1 -1 -1
0.38370615243911743 0.48179998993873596 0.43047040700912476 -1 -1 -1 -1 -1 -1 -1 -1 -1
0.3775741159915924 0.46881750226020813 0.48395082354545593 -1 -1 -1 -1 -1 -1 -1 -1 -1
0.373557984828949 0.47375187277793884 0.3905718922615051 -1 -1 -1 -1 -1 -1 -1 -1 -1
0.3679908812046051 0.4583809971809387 0.5684967637062073 -1 -1 -1 -1 -1 -1 -1 -1 -1
1 
33 
-1 -1 -1 -1 -1 -1 -1 -1 -1 -1
0.5301060080528259 0.4791516363620758 0.9132346510887146 -1 -1 -1 -1 -1 -1 -1 -1 -1
0.5313822031021118 0.4800157845020294 0.9004014134407043 -1 -1 -1 -1 -1 -1 -1 -1 -1
0.5317139029502869 0.4811038374900818 0.8801769018173218 -1 -1 -1 -1 -1 -1 -1 -1 -1
0.5320391654968262 0.4821668565273285 0.9196692109107971 -1 -1 -1 -1 -1 -1 -1 -1 -1
0.5309340953826904 0.4766584038734436 0.8508175015449524 -1 -1 -1 -1 -1 -1 -1 -1 -1
0.5309619307518005 0.47562798857688904 0.7726892828941345 -1 -1 -1 -1 -1 -1 -1 -1 -1
0.5309842824935913 0.4746483564376831 0.8238687515258789 -1 -1 -1 -1 -1 -1 -1 -1 -1
0.5347822308540344 0.4851487874984741 0.9105332493782043 -1 -1 -1 -1 -1 -1 -1 -1 -1
0.5335456728935242 0.47225260734558105 0.7169000506401062 -1 -1 -1 -1 -1 -1 -1 -1 -1
0.5302340388298035 0.4812592566013336 0.9382352828979492 -1 -1 -1 -1 -1 -1 -1 -1 -1
0.529829204082489 0.47842901945114136 0.88039231300354 -1 -1 -1 -1 -1 -1 -1 -1 -1
0.5359053015708923 0.4914223253726959 0.9995729327201843 -1 -1 -1 -1 -1 -1 -1 -1 -1
0.5303404331207275 0.47224828600883484 0.9972201585769653 -1 -1 -1 -1 -1 -1 -1 -1 -1
0.5187046527862549 0.5129318237304688 0.7956638932228088 -1 -1 -1 -1 -1 -1 -1 -1 -1
0.5116464495658875 0.4944841265678406 0.6770964860916138 -1 -1 -1 -1 -1 -1 -1 -1 -1
0.5140612125396729 0.5178713798522949 0.7720301151275635 -1 -1 -1 -1 -1 -1 -1 -1 -1
0.49906742572784424 0.5264590978622437 0.5413506031036377 -1 -1 -1 -1 -1 -1 -1 -1 -1
0.5136342644691467 0.5180070400238037 0.6954488158226013 -1 -1 -1 -1 -1 -1 -1 -1 -1
0.4945213794708252 0.5333347320556641 0.48308396339416504 -1 -1 -1 -1 -1 -1 -1 -1 -1
0.5141738057136536 0.5171455144882202 0.7050855159759521 -1 -1 -1 -1 -1 -1 -1 -1 -1
0.49657517671585083 0.5333449244499207 0.48235899209976196 -1 -1 -1 -1 -1 -1 -1 -1 -1
0.51395583152771 0.5158569812774658 0.6752081513404846 -1 -1 -1 -1 -1 -1 -1 -1 -1
0.49835145473480225 0.5314091444015503 0.4529149830341339 -1 -1 -1 -1 -1 -1 -1 -1 -1
0.48497870564460754 0.46467724442481995 0.9998509883880615 -1 -1 -1 -1 -1 -1 -1 -1 -1
0.4831453561782837 0.4502870440483093 0.9996432065963745 -1 -1 -1 -1 -1 -1 -1 -1 -1
0.47373348474502563 0.46848997473716736 0.3875671923160553 -1 -1 -1 -1 -1 -1 -1 -1 -1
0.45928695797920227 0.4496953785419464 0.15923061966896057 -1 -1 -1 -1 -1 -1 -1 -1 -1
0.43459001183509827 0.48181402683258057 0.3443882465362549 -1 -1 -1 -1 -1 -1 -1 -1 -1
0.42181113362312317 0.46634596586227417 0.33573630452156067 -1 -1 -1 -1 -1 -1 -1 -1 -1
0.43112024664878845 0.48466965556144714 0.5205997824668884 -1 -1 -1 -1 -1 -1 -1 -1 -1
0.41788947582244873 0.47018197178840637 0.3146654963493347 -1 -1 -1 -1 -1 -1 -1 -1 -1
0.419320672750473 0.4885508716106415 0.5545788407325745 -1 -1 -1 -1 -1 -1 -1 -1 -1
0.409588098526001 0.47337743639945984 0.3663993179798126 -1 -1 -1 -1 -1 -1 -1 -1 -1
1 
33 
-1 -1 -1 -1 -1 -1 -1 -1 -1 -1
0.5394729971885681 0.5538615584373474 0.9948129653930664 -1 -1 -1 -1 -1 -1 -1 -1 -1
0.5352169275283813 0.5584180355072021 0.9943073391914368 -1 -1 -1 -1 -1 -1 -1 -1 -1
0.5350459218025208 0.5576194524765015 0.9955922961235046 -1 -1 -1 -1 -1 -1 -1 -1 -1
0.5338609218597412 0.5557389855384827 0.9953733086585999 -1 -1 -1 -1 -1 -1 -1 -1 -1
0.5348334908485413 0.5602309107780457 0.9921833872795105 -1 -1 -1 -1 -1 -1 -1 -1 -1
0.5350013971328735 0.5589391589164734 0.9929518103599548 -1 -1 -1 -1 -1 -1 -1 -1 -1
0.5349850654602051 0.558459997177124 0.9925634264945984 -1 -1 -1 -1 -1 -1 -1 -1 -1
0.5353677868843079 0.5421019196510315 0.9962247610092163 -1 -1 -1 -1 -1 -1 -1 -1 -1
0.5353767275810242 0.5461165904998779 0.9910803437232971 -1 -1 -1 -1 -1 -1 -1 -1 -1
0.5417778491973877 0.5365208983421326 0.9939460158348083 -1 -1 -1 -1 -1 -1 -1 -1 -1
0.543255627155304 0.5395398736000061 0.9932150840759277 -1 -1 -1 -1 -1 -1 -1 -1 -1
0.5368964672088623 0.48762795329093933 0.9993351101875305 -1 -1 -1 -1 -1 -1 -1 -1 -1
0.5400654077529907 0.4764341711997986 0.9963723421096802 -1 -1 -1 -1 -1 -1 -1 -1 -1
0.5165438055992126 0.5243197083473206 0.6386662721633911 -1 -1 -1 -1 -1 -1 -1 -1 -1
0.5160915851593018 0.5149034857749939 0.3125336766242981 -1 -1 -1 -1 -1 -1 -1 -1 -1
0.5100966691970825 0.5829238295555115 0.3793555200099945 -1 -1 -1 -1 -1 -1 -1 -1 -1
0.5134522914886475 0.5808460712432861 0.4356153905391693 -1 -1 -1 -1 -1 -1 -1 -1 -1
0.5105706453323364 0.5995004177093506 0.3453921973705292 -1 -1 -1 -1 -1 -1 -1 -1 -1
0.511344313621521 0.5997925996780396 0.4060713052749634 -1 -1 -1 -1 -1 -1 -1 -1 -1
0.5098199248313904 0.6037161946296692 0.3416537940502167 -1 -1 -1 -1 -1 -1 -1 -1 -1
0.5149866938591003 0.5987123847007751 0.3974195420742035 -1 -1 -1 -1 -1 -1 -1 -1 -1
0.5098984241485596 0.5967404246330261 0.3156262934207916 -1 -1 -1 -1 -1 -1 -1 -1 -1
0.5160415768623352 0.5910282135009766 0.34579920768737793 -1 -1 -1 -1 -1 -1 -1 -1 -1
0.47369688749313354 0.4182985723018646 0.9992974996566772 -1 -1 -1 -1 -1 -1 -1 -1 -1
0.47541335225105286 0.4140982925891876 0.9989345669746399 -1 -1 -1 -1 -1 -1 -1 -1 -1
0.42802271246910095 0.400643527507782 0.5963124632835388 -1 -1 -1 -1 -1 -1 -1 -1 -1
0.4359336793422699 0.42950859665870667 0.060713671147823334 -1 -1 -1 -1 -1 -1 -1 -1 -1
0.4093851149082184 0.42633986473083496 0.39497900009155273 -1 -1 -1 -1 -1 -1 -1 -1 -1
0.4051392078399658 0.4161936640739441 0.1589469015598297 -1 -1 -1 -1 -1 -1 -1 -1 -1
0.4095275104045868 0.42690327763557434 0.6097604632377625 -1 -1 -1 -1 -1 -1 -1 -1 -1
0.40497177839279175 0.41293999552726746 0.18028616905212402 -1 -1 -1 -1 -1 -1 -1 -1 -1
0.3988792896270752 0.4408924877643585 0.4729863107204437 -1 -1 -1 -1 -1 -1 -1 -1 -1
0.38779130578041077 0.41910895705223083 0.28177177906036377 -1 -1 -1 -1 -1 -1 -1 -1 -1
1 
33 
-1 -1 -1 -1 -1 -1 -1 -1 -1 -1
0.5381309986114502 0.5328899621963501 0.998863697052002 -1 -1 -1 -1 -1 -1 -1 -1 -1
0.5425151586532593 0.5366438627243042 0.999041736125946 -1 -1 -1 -1 -1 -1 -1 -1 -1
0.5429477095603943 0.5368636846542358 0.9989078044891357 -1 -1 -1 -1 -1 -1 -1 -1 -1
0.5433950424194336 0.5370571613311768 0.9985054731369019 -1 -1 -1 -1 -1 -1 -1 -1 -1
0.5426978468894958 0.533970832824707 0.9991637468338013 -1 -1 -1 -1 -1 -1 -1 -1 -1
0.5430618524551392 0.5327019691467285 0.9992788434028625 -1 -1 -1 -1 -1 -1 -1 -1 -1
0.5434111952781677 0.5314764380455017 0.9993257522583008 -1 -1 -1 -1 -1 -1 -1 -1 -1
0.5469579696655273 0.5305848121643066 0.9967557787895203 -1 -1 -1 -1 -1 -1 -1 -1 -1
0.5470780730247498 0.5214465856552124 0.9984941482543945 -1 -1 -1 -1 -1 -1 -1 -1 -1
0.5368004441261292 0.5263866186141968 0.9945382475852966 -1 -1 -1 -1 -1 -1 -1 -1 -1
0.537017822265625 0.5237888097763062 0.9966030120849609 -1 -1 -1 -1 -1 -1 -1 -1 -1
0.5423585176467896 0.5022222399711609 0.9995726943016052 -1 -1 -1 -1 -1 -1 -1 -1 -1
0.5359905362129211 0.49461016058921814 0.9998781681060791 -1 -1 -1 -1 -1 -1 -1 -1 -1
0.5233725905418396 0.5052219033241272 0.08691667765378952 -1 -1 -1 -1 -1 -1 -1 -1 -1
0.5092717409133911 0.5046452283859253 0.47582173347473145 -1 -1 -1 -1 -1 -1 -1 -1 -1
0.5132015943527222 0.5296965837478638 0.17861740291118622 -1 -1 -1 -1 -1 -1 -1 -1 -1
0.5136666297912598 0.5364076495170593 0.4541781544685364 -1 -1 -1 -1 -1 -1 -1 -1 -1
0.5109319090843201 0.5390135645866394 0.20731720328330994 -1 -1 -1 -1 -1 -1 -1 -1 -1
0.5140365958213806 0.5430304408073425 0.467362642288208 -1 -1 -1 -1 -1 -1 -1 -1 -1
0.5114381313323975 0.538396418094635 0.2156863510608673 -1 -1 -1 -1 -1 -1 -1 -1 -1
0.5186130404472351 0.5441379547119141 0.46541261672973633 -1 -1 -1 -1 -1 -1 -1 -1 -1
0.5117867588996887 0.5351436138153076 0.1793292611837387 -1 -1 -1 -1 -1 -1 -1 -1 -1
0.5188488960266113 0.5417752265930176 0.38257741928100586 -1 -1 -1 -1 -1 -1 -1 -1 -1
0.48797836899757385 0.4235522150993347 0.9997895359992981 -1 -1 -1 -1 -1 -1 -1 -1 -1
0.48767325282096863 0.41032078862190247 0.9999299049377441 -1 -1 -1 -1 -1 -1 -1 -1 -1
0.5112332701683044 0.50090092420578 0.08607140183448792 -1 -1 -1 -1 -1 -1 -1 -1 -1
0.5083959698677063 0.4695431590080261 0.725228488445282 -1 -1 -1 -1 -1 -1 -1 -1 -1
0.5184183120727539 0.5470218658447266 0.07555840909481049 -1 -1 -1 -1 -1 -1 -1 -1 -1
0.5191478133201599 0.5356922745704651 0.6714111566543579 -1 -1 -1 -1 -1 -1 -1 -1 -1
0.5114967823028564 0.5521377325057983 0.1605851799249649 -1 -1 -1 -1 -1 -1 -1 -1 -1
0.5128909349441528 0.5386819839477539 0.7180941700935364 -1 -1 -1 -1 -1 -1 -1 -1 -1
0.5485743880271912 0.5698100924491882 0.15307381749153137 -1 -1 -1 -1 -1 -1 -1 -1 -1
0.5445743799209595 0.578697919845581 0.7603726387023926 -1 -1 -1 -1 -1 -1 -1 -1 -1
1 
33 
-1 -1 -1 -1 -1 -1 -1 -1 -1 -1
0.5718840956687927 0.536975622177124 0.9973773956298828 -1 -1 -1 -1 -1 -1 -1 -1 -1
0.5757113099098206 0.5170774459838867 0.9965858459472656 -1 -1 -1 -1 -1 -1 -1 -1 -1
0.5759539604187012 0.5172362923622131 0.9948645234107971 -1 -1 -1 -1 -1 -1 -1 -1 -1
0.5762852430343628 0.5177435278892517 0.9965535402297974 -1 -1 -1 -1 -1 -1 -1 -1 -1
0.5751289129257202 0.5159515142440796 0.9975205063819885 -1 -1 -1 -1 -1 -1 -1 -1 -1
0.5752854943275452 0.5114313364028931 0.9969404935836792 -1 -1 -1 -1 -1 -1 -1 -1 -1
0.5749506950378418 0.5205251574516296 0.9978394508361816 -1 -1 -1 -1 -1 -1 -1 -1 -1
0.5724257826805115 0.5106887817382812 0.9964624047279358 -1 -1 -1 -1 -1 -1 -1 -1 -1
0.5703758001327515 0.5044945478439331 0.9972420930862427 -1 -1 -1 -1 -1 -1 -1 -1 -1
0.5664539337158203 0.5354882478713989 0.9946228265762329 -1 -1 -1 -1 -1 -1 -1 -1 -1
0.5657599568367004 0.5330172181129456 0.9934012293815613 -1 -1 -1 -1 -1 -1 -1 -1 -1
0.547704815864563 0.5091866254806519 0.9984721541404724 -1 -1 -1 -1 -1 -1 -1 -1 -1
0.5412213206291199 0.5063391327857971 0.9988767504692078 -1 -1 -1 -1 -1 -1 -1 -1 -1
0.5382103323936462 0.5492398142814636 0.05804750695824623 -1 -1 -1 -1 -1 -1 -1 -1 -1
0.5298855900764465 0.5585266947746277 0.9110702276229858 -1 -1 -1 -1 -1 -1 -1 -1 -1
0.5650001168251038 0.5754250884056091 0.14991378784179688 -1 -1 -1 -1 -1 -1 -1 -1 -1
0.5668479800224304 0.5793231725692749 0.8236179351806641 -1 -1 -1 -1 -1 -1 -1 -1 -1
0.5720036029815674 0.5807497501373291 0.18443959951400757 -1 -1 -1 -1 -1 -1 -1 -1 -1
0.5763259530067444 0.5890434980392456 0.7541705369949341 -1 -1 -1 -1 -1 -1 -1 -1 -1
0.5726218223571777 0.57407546043396 0.2014116495847702 -1 -1 -1 -1 -1 -1 -1 -1 -1
0.5788173675537109 0.5795868039131165 0.7445443868637085 -1 -1 -1 -1 -1 -1 -1 -1 -1
0.5716258883476257 0.5716124176979065 0.20603284239768982 -1 -1 -1 -1 -1 -1 -1 -1 -1
0.5750913619995117 0.5755876302719116 0.6677337288856506 -1 -1 -1 -1 -1 -1 -1 -1 -1
0.43917542695999146 0.5176891684532166 0.9984409213066101 -1 -1 -1 -1 -1 -1 -1 -1 -1
0.4355390965938568 0.5245523452758789 0.9974426031112671 -1 -1 -1 -1 -1 -1 -1 -1 -1
0.42109736800193787 0.5138657689094543 0.03470074012875557 -1 -1 -1 -1 -1 -1 -1 -1 -1
0.43110525608062744 0.5603227615356445 0.23100285232067108 -1 -1 -1 -1 -1 -1 -1 -1 -1
0.3873089551925659 0.5412979125976562 0.0443781353533268 -1 -1 -1 -1 -1 -1 -1 -1 -1
0.38080915808677673 0.5332645177841187 0.2240705043077469 -1 -1 -1 -1 -1 -1 -1 -1 -1
0.38149622082710266 0.541248083114624 0.11301923543214798 -1 -1 -1 -1 -1 -1 -1 -1 -1
0.37378808856010437 0.5147222876548767 0.4034256935119629 -1 -1 -1 -1 -1 -1 -1 -1 -1
0.38150471448898315 0.5642584562301636 0.13411924242973328 -1 -1 -1 -1 -1 -1 -1 -1 -1
0.36785078048706055 0.5615141987800598 0.36908355355262756 -1 -1 -1 -1 -1 -1 -1 -1 -1
1 
33 
-1 -1 -1 -1 -1 -1 -1 -1 -1 -1
0.5426509380340576 0.5429869890213013 0.9987524747848511 -1 -1 -1 -1 -1 -1 -1 -1 -1
0.5442090034484863 0.5449210405349731 0.9990817308425903 -1 -1 -1 -1 -1 -1 -1 -1 -1
0.5438272356987 0.545677900314331 0.9990672469139099 -1 -1 -1 -1 -1 -1 -1 -1 -1
0.5434273481369019 0.5464235544204712 0.9991672039031982 -1 -1 -1 -1 -1 -1 -1 -1 -1
0.5452443361282349 0.5436151027679443 0.9980983138084412 -1 -1 -1 -1 -1 -1 -1 -1 -1
0.5455261468887329 0.5433531403541565 0.9977474808692932 -1 -1 -1 -1 -1 -1 -1 -1 -1
0.5458119511604309 0.5430881977081299 0.997606635093689 -1 -1 -1 -1 -1 -1 -1 -1 -1
0.5406630039215088 0.5504634976387024 0.9983385801315308 -1 -1 -1 -1 -1 -1 -1 -1 -1
0.5442756414413452 0.5467802286148071 0.9958113431930542 -1 -1 -1 -1 -1 -1 -1 -1 -1
0.5395157337188721 0.5451140999794006 0.9976025223731995 -1 -1 -1 -1 -1 -1 -1 -1 -1
0.5403928160667419 0.5435274839401245 0.9971861243247986 -1 -1 -1 -1 -1 -1 -1 -1 -1
0.5281792879104614 0.5596466660499573 0.9912629127502441 -1 -1 -1 -1 -1 -1 -1 -1 -1
0.5364229679107666 0.5481455326080322 0.9849403500556946 -1 -1 -1 -1 -1 -1 -1 -1 -1
0.5324658155441284 0.5543769598007202 0.9019763469696045 -1 -1 -1 -1 -1 -1 -1 -1 -1
0.5459204316139221 0.5293811559677124 0.45215317606925964 -1 -1 -1 -1 -1 -1 -1 -1 -1
0.5506271719932556 0.5265671014785767 0.8215050101280212 -1 -1 -1 -1 -1 -1 -1 -1 -1
0.5591731071472168 0.5061154961585999 0.5532836318016052 -1 -1 -1 -1 -1 -1 -1 -1 -1
0.55461585521698 0.5186300277709961 0.7781384587287903 -1 -1 -1 -1 -1 -1 -1 -1 -1
0.5652570724487305 0.5019464492797852 0.525768518447876 -1 -1 -1 -1 -1 -1 -1 -1 -1
0.5572267174720764 0.5213918089866638 0.7734993100166321 -1 -1 -1 -1 -1 -1 -1 -1 -1
0.5624291896820068 0.49999773502349854 0.5504913330078125 -1 -1 -1 -1 -1 -1 -1 -1 -1
0.555570125579834 0.5238931775093079 0.7161155343055725 -1 -1 -1 -1 -1 -1 -1 -1 -1
0.559575617313385 0.5015060901641846 0.5783466100692749 -1 -1 -1 -1 -1 -1 -1 -1 -1
0.5016704797744751 0.5764805674552917 0.9857977032661438 -1 -1 -1 -1 -1 -1 -1 -1 -1
0.5049194097518921 0.5749186277389526 0.9685067534446716 -1 -1 -1 -1 -1 -1 -1 -1 -1
0.5287306904792786 0.5702774524688721 0.11121121048927307 -1 -1 -1 -1 -1 -1 -1 -1 -1
0.5294768810272217 0.5695010423660278 0.04710814356803894 -1 -1 -1 -1 -1 -1 -1 -1 -1
0.5371155738830566 0.5515385270118713 0.09736625850200653 -1 -1 -1 -1 -1 -1 -1 -1 -1
0.5409839153289795 0.5563274621963501 0.03832206130027771 -1 -1 -1 -1 -1 -1 -1 -1 -1
0.536530077457428 0.5491669178009033 0.07335524260997772 -1 -1 -1 -1 -1 -1 -1 -1 -1
0.5401846170425415 0.5560775995254517 0.05612930282950401 -1 -1 -1 -1 -1 -1 -1 -1 -1
0.5446293354034424 0.5419050455093384 0.1637951135635376 -1 -1 -1 -1 -1 -1 -1 -1 -1
0.5500818490982056 0.5437934994697571 0.10569770634174347 -1 -1 -1 -1 -1 -1 -1 -1 -1
1 
33 
-1 -1 -1 -1 -1 -1 -1 -1 -1 -1
0.5389895439147949 0.6699439287185669 0.9985068440437317 -1 -1 -1 -1 -1 -1 -1 -1 -1
0.5334249138832092 0.6715829372406006 0.9990895986557007 -1 -1 -1 -1 -1 -1 -1 -1 -1
0.5326919555664062 0.6686921715736389 0.9990136623382568 -1 -1 -1 -1 -1 -1 -1 -1 -1
0.5319808125495911 0.6657761335372925 0.9991506338119507 -1 -1 -1 -1 -1 -1 -1 -1 -1
0.5344802737236023 0.6786112785339355 0.9980037808418274 -1 -1 -1 -1 -1 -1 -1 -1 -1
0.5347151160240173 0.680634617805481 0.9977449178695679 -1 -1 -1 -1 -1 -1 -1 -1 -1
0.5348957180976868 0.6826756000518799 0.9982202649116516 -1 -1 -1 -1 -1 -1 -1 -1 -1
0.5297244191169739 0.6575709581375122 0.9990671277046204 -1 -1 -1 -1 -1 -1 -1 -1 -1
0.5339033007621765 0.6798937320709229 0.9981074333190918 -1 -1 -1 -1 -1 -1 -1 -1 -1
0.5414771437644958 0.6572065353393555 0.9987150430679321 -1 -1 -1 -1 -1 -1 -1 -1 -1
0.5429282784461975 0.6649693250656128 0.9988337159156799 -1 -1 -1 -1 -1 -1 -1 -1 -1
0.5448173880577087 0.6047051548957825 0.9999208450317383 -1 -1 -1 -1 -1 -1 -1 -1 -1
0.5350719094276428 0.6668257713317871 0.9997610449790955 -1 -1 -1 -1 -1 -1 -1 -1 -1
0.5599877834320068 0.5267161130905151 0.8314754962921143 -1 -1 -1 -1 -1 -1 -1 -1 -1
0.5466986298561096 0.6237852573394775 0.18828202784061432 -1 -1 -1 -1 -1 -1 -1 -1 -1
0.5763306617736816 0.5093363523483276 0.6776519417762756 -1 -1 -1 -1 -1 -1 -1 -1 -1
0.5636143684387207 0.6163456439971924 0.26570138335227966 -1 -1 -1 -1 -1 -1 -1 -1 -1
0.5794894099235535 0.5014522671699524 0.5887660384178162 -1 -1 -1 -1 -1 -1 -1 -1 -1
0.566386342048645 0.6171989440917969 0.2814118564128876 -1 -1 -1 -1 -1 -1 -1 -1 -1
0.578504741191864 0.5109564065933228 0.6128740906715393 -1 -1 -1 -1 -1 -1 -1 -1 -1
0.568444550037384 0.6165054440498352 0.30611759424209595 -1 -1 -1 -1 -1 -1 -1 -1 -1
0.5774279832839966 0.5145190358161926 0.5430936217308044 -1 -1 -1 -1 -1 -1 -1 -1 -1
0.5680090188980103 0.6138275861740112 0.30928000807762146 -1 -1 -1 -1 -1 -1 -1 -1 -1
0.5286656022071838 0.4618754982948303 0.9997465014457703 -1 -1 -1 -1 -1 -1 -1 -1 -1
0.5211108326911926 0.49348652362823486 0.9994471669197083 -1 -1 -1 -1 -1 -1 -1 -1 -1
0.5653576254844666 0.4770435392856598 0.7711102962493896 -1 -1 -1 -1 -1 -1 -1 -1 -1
0.5394183397293091 0.5002539157867432 0.12873168289661407 -1 -1 -1 -1 -1 -1 -1 -1 -1
0.5435720682144165 0.4505360424518585 0.42417967319488525 -1 -1 -1 -1 -1 -1 -1 -1 -1
0.5396578311920166 0.46700578927993774 0.1551535576581955 -1 -1 -1 -1 -1 -1 -1 -1 -1
0.5369139909744263 0.44811874628067017 0.5789387822151184 -1 -1 -1 -1 -1 -1 -1 -1 -1
0.5363637208938599 0.4611768424510956 0.18833249807357788 -1 -1 -1 -1 -1 -1 -1 -1 -1
0.5507077574729919 0.4442750811576843 0.4791649281978607 -1 -1 -1 -1 -1 -1 -1 -1 -1
0.5534526109695435 0.462526798248291 0.21429108083248138 -1 -1 -1 -1 -1 -1 -1 -1 -1
1 
33 
-1 -1 -1 -1 -1 -1 -1 -1 -1 -1
0.5809756517410278 0.6034901142120361 0.9827811121940613 -1 -1 -1 -1 -1 -1 -1 -1 -1
0.5818900465965271 0.6164714097976685 0.9869675040245056 -1 -1 -1 -1 -1 -1 -1 -1 -1
0.5800633430480957 0.6156498789787292 0.9890662431716919 -1 -1 -1 -1 -1 -1 -1 -1 -1
0.5799939632415771 0.6147643327713013 0.986609160900116 -1 -1 -1 -1 -1 -1 -1 -1 -1
0.5819074511528015 0.6170334219932556 0.9834954142570496 -1 -1 -1 -1 -1 -1 -1 -1 -1
0.5818794965744019 0.6167099475860596 0.9846367835998535 -1 -1 -1 -1 -1 -1 -1 -1 -1
0.5820412635803223 0.615755558013916 0.9837391376495361 -1 -1 -1 -1 -1 -1 -1 -1 -1
0.576064944267273 0.6041030883789062 0.9901110529899597 -1 -1 -1 -1 -1 -1 -1 -1 -1
0.5763001441955566 0.6068676710128784 0.9893486499786377 -1 -1 -1 -1 -1 -1 -1 -1 -1
0.5776379108428955 0.5950772166252136 0.9619044661521912 -1 -1 -1 -1 -1 -1 -1 -1 -1
0.5791828036308289 0.5957895517349243 0.9738553762435913 -1 -1 -1 -1 -1 -1 -1 -1 -1
0.557090699672699 0.5801904201507568 0.9986270666122437 -1 -1 -1 -1 -1 -1 -1 -1 -1
0.5653693675994873 0.5730523467063904 0.9977085590362549 -1 -1 -1 -1 -1 -1 -1 -1 -1
0.5516319274902344 0.5388017296791077 0.712998628616333 -1 -1 -1 -1 -1 -1 -1 -1 -1
0.5621208548545837 0.5378478765487671 0.17564010620117188 -1 -1 -1 -1 -1 -1 -1 -1 -1
0.5652893781661987 0.5179561972618103 0.610973596572876 -1 -1 -1 -1 -1 -1 -1 -1 -1
0.5689582824707031 0.531006395816803 0.3763257563114166 -1 -1 -1 -1 -1 -1 -1 -1 -1
0.5677228569984436 0.5109554529190063 0.5323448777198792 -1 -1 -1 -1 -1 -1 -1 -1 -1
0.5699300169944763 0.5322383642196655 0.3709566295146942 -1 -1 -1 -1 -1 -1 -1 -1 -1
0.5696277022361755 0.5186606049537659 0.5643293857574463 -1 -1 -1 -1 -1 -1 -1 -1 -1
0.5721055269241333 0.5312162041664124 0.4152511954307556 -1 -1 -1 -1 -1 -1 -1 -1 -1
0.5690293908119202 0.5212947726249695 0.4882188141345978 -1 -1 -1 -1 -1 -1 -1 -1 -1
0.5720163583755493 0.5297536253929138 0.3975074887275696 -1 -1 -1 -1 -1 -1 -1 -1 -1
0.4893282651901245 0.5621717572212219 0.9998500347137451 -1 -1 -1 -1 -1 -1 -1 -1 -1
0.4944838881492615 0.5624644756317139 0.999803364276886 -1 -1 -1 -1 -1 -1 -1 -1 -1
0.48087355494499207 0.5649590492248535 0.30883631110191345 -1 -1 -1 -1 -1 -1 -1 -1 -1
0.48737773299217224 0.574047327041626 0.020573243498802185 -1 -1 -1 -1 -1 -1 -1 -1 -1
0.4656068682670593 0.5801945328712463 0.4399448037147522 -1 -1 -1 -1 -1 -1 -1 -1 -1
0.4697844982147217 0.5773054957389832 0.07250292599201202 -1 -1 -1 -1 -1 -1 -1 -1 -1
0.46304818987846375 0.5902975797653198 0.5727748274803162 -1 -1 -1 -1 -1 -1 -1 -1 -1
0.4676517844200134 0.5852890014648438 0.13498713076114655 -1 -1 -1 -1 -1 -1 -1 -1 -1
0.46157148480415344 0.566763162612915 0.544726550579071 -1 -1 -1 -1 -1 -1 -1 -1 -1
0.4612765908241272 0.5526551008224487 0.18343955278396606 -1 -1 -1 -1 -1 -1 -1 -1 -1
1 
33 
-1 -1 -1 -1 -1 -1 -1 -1 -1 -1
0.5952252149581909 0.567781388759613 0.9881278872489929 -1 -1 -1 -1 -1 -1 -1 -1 -1
0.5982191562652588 0.5788831114768982 0.9859457612037659 -1 -1 -1 -1 -1 -1 -1 -1 -1
0.5974734425544739 0.5826561450958252 0.9851953983306885 -1 -1 -1 -1 -1 -1 -1 -1 -1
0.5967027544975281 0.5864413976669312 0.9842398166656494 -1 -1 -1 -1 -1 -1 -1 -1 -1
0.5995323657989502 0.5706785917282104 0.9833530187606812 -1 -1 -1 -1 -1 -1 -1 -1 -1
0.5996801853179932 0.5684128403663635 0.9823205471038818 -1 -1 -1 -1 -1 -1 -1 -1 -1
0.599846363067627 0.5662045478820801 0.9866884350776672 -1 -1 -1 -1 -1 -1 -1 -1 -1
0.5901570320129395 0.5958741903305054 0.9712890982627869 -1 -1 -1 -1 -1 -1 -1 -1 -1
0.5945045351982117 0.5687386989593506 0.9741439819335938 -1 -1 -1 -1 -1 -1 -1 -1 -1
0.5883498191833496 0.5779454112052917 0.9675178527832031 -1 -1 -1 -1 -1 -1 -1 -1 -1
0.5895282030105591 0.5684442520141602 0.9809795022010803 -1 -1 -1 -1 -1 -1 -1 -1 -1
0.5618554353713989 0.6001831293106079 0.9965422749519348 -1 -1 -1 -1 -1 -1 -1 -1 -1
0.563619077205658 0.5476816296577454 0.9977082014083862 -1 -1 -1 -1 -1 -1 -1 -1 -1
0.5319010615348816 0.5865005850791931 0.8738785982131958 -1 -1 -1 -1 -1 -1 -1 -1 -1
0.5272990465164185 0.5133193731307983 0.5172209739685059 -1 -1 -1 -1 -1 -1 -1 -1 -1
0.5271624326705933 0.535893440246582 0.8512775301933289 -1 -1 -1 -1 -1 -1 -1 -1 -1
0.5172258615493774 0.4909263253211975 0.7325334548950195 -1 -1 -1 -1 -1 -1 -1 -1 -1
0.525615930557251 0.5256184339523315 0.801176130771637 -1 -1 -1 -1 -1 -1 -1 -1 -1
0.5161662697792053 0.48464643955230713 0.6640975475311279 -1 -1 -1 -1 -1 -1 -1 -1 -1
0.5306184887886047 0.5240445137023926 0.7884820103645325 -1 -1 -1 -1 -1 -1 -1 -1 -1
0.5190737247467041 0.48232224583625793 0.6807374954223633 -1 -1 -1 -1 -1 -1 -1 -1 -1
0.529839277267456 0.5268098711967468 0.7237313985824585 -1 -1 -1 -1 -1 -1 -1 -1 -1
0.5178738832473755 0.485810786485672 0.6750721335411072 -1 -1 -1 -1 -1 -1 -1 -1 -1
0.47693416476249695 0.6351767182350159 0.9894211292266846 -1 -1 -1 -1 -1 -1 -1 -1 -1
0.4743316173553467 0.6061913967132568 0.9882070422172546 -1 -1 -1 -1 -1 -1 -1 -1 -1
0.491825670003891 0.5922163128852844 0.7954348921775818 -1 -1 -1 -1 -1 -1 -1 -1 -1
0.4707352817058563 0.5725088119506836 0.2061285376548767 -1 -1 -1 -1 -1 -1 -1 -1 -1
0.4779297113418579 0.6195560693740845 0.5225269794464111 -1 -1 -1 -1 -1 -1 -1 -1 -1
0.4634409546852112 0.5941168665885925 0.19316722452640533 -1 -1 -1 -1 -1 -1 -1 -1 -1
0.4780644476413727 0.6283652782440186 0.5339897274971008 -1 -1 -1 -1 -1 -1 -1 -1 -1
0.46295809745788574 0.6008898019790649 0.2527834177017212 -1 -1 -1 -1 -1 -1 -1 -1 -1
0.46962592005729675 0.6160457730293274 0.5451228022575378 -1 -1 -1 -1 -1 -1 -1 -1 -1
0.4588283598423004 0.5827997922897339 0.24969761073589325 -1 -1 -1 -1 -1 -1 -1 -1 -1
1 
33 
-1 -1 -1 -1 -1 -1 -1 -1 -1 -1
0.5793734788894653 0.5005269050598145 0.998176097869873 -1 -1 -1 -1 -1 -1 -1 -1 -1
0.5864908695220947 0.5026625394821167 0.9983595013618469 -1 -1 -1 -1 -1 -1 -1 -1 -1
0.5867051482200623 0.5057525634765625 0.9980164766311646 -1 -1 -1 -1 -1 -1 -1 -1 -1
0.5874238014221191 0.5084004998207092 0.9985924363136292 -1 -1 -1 -1 -1 -1 -1 -1 -1
0.585456907749176 0.5004515647888184 0.9987010955810547 -1 -1 -1 -1 -1 -1 -1 -1 -1
0.5853485465049744 0.5009121894836426 0.99850994348526 -1 -1 -1 -1 -1 -1 -1 -1 -1
0.5854129195213318 0.5013006329536438 0.9987517595291138 -1 -1 -1 -1 -1 -1 -1 -1 -1
0.5890825986862183 0.5259670615196228 0.9972445964813232 -1 -1 -1 -1 -1 -1 -1 -1 -1
0.5855304002761841 0.5151453018188477 0.9977051615715027 -1 -1 -1 -1 -1 -1 -1 -1 -1
0.5761581659317017 0.5100291967391968 0.9976999163627625 -1 -1 -1 -1 -1 -1 -1 -1 -1
0.574378490447998 0.5073136687278748 0.9973624348640442 -1 -1 -1 -1 -1 -1 -1 -1 -1
0.5682542324066162 0.5513248443603516 0.9997357726097107 -1 -1 -1 -1 -1 -1 -1 -1 -1
0.5603904724121094 0.5374723672866821 0.9988839030265808 -1 -1 -1 -1 -1 -1 -1 -1 -1
0.5424230098724365 0.5592659711837769 0.909008800983429 -1 -1 -1 -1 -1 -1 -1 -1 -1
0.5252571105957031 0.5325725078582764 0.0890975371003151 -1 -1 -1 -1 -1 -1 -1 -1 -1
0.5256614685058594 0.5165692567825317 0.8869011998176575 -1 -1 -1 -1 -1 -1 -1 -1 -1
0.5146811008453369 0.5043120384216309 0.18024587631225586 -1 -1 -1 -1 -1 -1 -1 -1 -1
0.5184195637702942 0.5107411742210388 0.8402912020683289 -1 -1 -1 -1 -1 -1 -1 -1 -1
0.5122899413108826 0.5001862645149231 0.20178404450416565 -1 -1 -1 -1 -1 -1 -1 -1 -1
0.5218894481658936 0.5038328766822815 0.8252804279327393 -1 -1 -1 -1 -1 -1 -1 -1 -1
0.514332115650177 0.49328798055648804 0.20360520482063293 -1 -1 -1 -1 -1 -1 -1 -1 -1
0.5235521793365479 0.5072037577629089 0.7590562701225281 -1 -1 -1 -1 -1 -1 -1 -1 -1
0.5149213671684265 0.4946887493133545 0.20440886914730072 -1 -1 -1 -1 -1 -1 -1 -1 -1
0.49943438172340393 0.6067472100257874 0.9961546063423157 -1 -1 -1 -1 -1 -1 -1 -1 -1
0.49897998571395874 0.6027327179908752 0.9943256974220276 -1 -1 -1 -1 -1 -1 -1 -1 -1
0.5152336359024048 0.4877883195877075 0.8703269362449646 -1 -1 -1 -1 -1 -1 -1 -1 -1
0.5160787105560303 0.490176260471344 0.2742435038089752 -1 -1 -1 -1 -1 -1 -1 -1 -1
0.45804786682128906 0.453849732875824 0.8962547183036804 -1 -1 -1 -1 -1 -1 -1 -1 -1
0.4606543183326721 0.4547707736492157 0.38638556003570557 -1 -1 -1 -1 -1 -1 -1 -1 -1
0.4463805556297302 0.46059414744377136 0.869676947593689 -1 -1 -1 -1 -1 -1 -1 -1 -1
0.4500180184841156 0.4587191939353943 0.47064125537872314 -1 -1 -1 -1 -1 -1 -1 -1 -1
0.4561222493648529 0.41034018993377686 0.8661567568778992 -1 -1 -1 -1 -1 -1 -1 -1 -1
0.4517178237438202 0.4121781587600708 0.46453332901000977 -1 -1 -1 -1 -1 -1 -1 -1 -1
1 
33 
-1 -1 -1 -1 -1 -1 -1 -1 -1 -1
0.5462979078292847 0.49597495794296265 0.9976754784584045 -1 -1 -1 -1 -1 -1 -1 -1 -1
0.5521826148033142 0.4864905774593353 0.9989797472953796 -1 -1 -1 -1 -1 -1 -1 -1 -1
0.5533410310745239 0.48754802346229553 0.9990135431289673 -1 -1 -1 -1 -1 -1 -1 -1 -1
0.5542385578155518 0.4878348112106323 0.9991368651390076 -1 -1 -1 -1 -1 -1 -1 -1 -1
0.5515820384025574 0.48584553599357605 0.9985339641571045 -1 -1 -1 -1 -1 -1 -1 -1 -1
0.5518832206726074 0.4856148958206177 0.998503565788269 -1 -1 -1 -1 -1 -1 -1 -1 -1
0.5522693395614624 0.48528608679771423 0.9985811710357666 -1 -1 -1 -1 -1 -1 -1 -1 -1
0.5617942810058594 0.4956376552581787 0.9991346001625061 -1 -1 -1 -1 -1 -1 -1 -1 -1
0.5586317181587219 0.4908415377140045 0.9984211921691895 -1 -1 -1 -1 -1 -1 -1 -1 -1
0.5500084161758423 0.5048004984855652 0.9991617202758789 -1 -1 -1 -1 -1 -1 -1 -1 -1
0.5489020347595215 0.5048828125 0.9976244568824768 -1 -1 -1 -1 -1 -1 -1 -1 -1
0.5672198534011841 0.5540509223937988 0.999963641166687 -1 -1 -1 -1 -1 -1 -1 -1 -1
0.555333137512207 0.523882269859314 0.9993405938148499 -1 -1 -1 -1 -1 -1 -1 -1 -1
0.5416130423545837 0.5771310329437256 0.9067766666412354 -1 -1 -1 -1 -1 -1 -1 -1 -1
0.5265070796012878 0.5311222076416016 0.0775342658162117 -1 -1 -1 -1 -1 -1 -1 -1 -1
0.5171636939048767 0.5344977974891663 0.9359287619590759 -1 -1 -1 -1 -1 -1 -1 -1 -1
0.5084376335144043 0.5083049535751343 0.22813504934310913 -1 -1 -1 -1 -1 -1 -1 -1 -1
0.5077596306800842 0.5268758535385132 0.9208128452301025 -1 -1 -1 -1 -1 -1 -1 -1 -1
0.501653790473938 0.5032124519348145 0.28576549887657166 -1 -1 -1 -1 -1 -1 -1 -1 -1
0.512219250202179 0.5163061618804932 0.9214321970939636 -1 -1 -1 -1 -1 -1 -1 -1 -1
0.504330039024353 0.49943476915359497 0.29492586851119995 -1 -1 -1 -1 -1 -1 -1 -1 -1
0.515428364276886 0.5198445916175842 0.8644872903823853 -1 -1 -1 -1 -1 -1 -1 -1 -1
0.5068472623825073 0.5025155544281006 0.30004897713661194 -1 -1 -1 -1 -1 -1 -1 -1 -1
0.5177971720695496 0.630028247833252 0.9996351003646851 -1 -1 -1 -1 -1 -1 -1 -1 -1
0.5095522403717041 0.6031550168991089 0.9992706179618835 -1 -1 -1 -1 -1 -1 -1 -1 -1
0.5178640484809875 0.5193772315979004 0.9054213762283325 -1 -1 -1 -1 -1 -1 -1 -1 -1
0.5015978813171387 0.5128369331359863 0.4292823374271393 -1 -1 -1 -1 -1 -1 -1 -1 -1
0.45272427797317505 0.5452290773391724 0.8180111646652222 -1 -1 -1 -1 -1 -1 -1 -1 -1
0.4614133834838867 0.5450869798660278 0.4023004472255707 -1 -1 -1 -1 -1 -1 -1 -1 -1
0.44571787118911743 0.5628983378410339 0.8135978579521179 -1 -1 -1 -1 -1 -1 -1 -1 -1
0.4580325186252594 0.5593124032020569 0.45786821842193604 -1 -1 -1 -1 -1 -1 -1 -1 -1
0.4279972314834595 0.5167322754859924 0.8593032956123352 -1 -1 -1 -1 -1 -1 -1 -1 -1
0.44170859456062317 0.5284419059753418 0.5894474387168884 -1 -1 -1 -1 -1 -1 -1 -1 -1
1 
33 
-1 -1 -1 -1 -1 -1 -1 -1 -1 -1
0.5556844472885132 0.5107941627502441 0.9324264526367188 -1 -1 -1 -1 -1 -1 -1 -1 -1
0.5557964444160461 0.5097845792770386 0.9733459949493408 -1 -1 -1 -1 -1 -1 -1 -1 -1
0.5551214218139648 0.5094620585441589 0.948016881942749 -1 -1 -1 -1 -1 -1 -1 -1 -1
0.554434061050415 0.5091601610183716 0.9728940725326538 -1 -1 -1 -1 -1 -1 -1 -1 -1
0.5580050349235535 0.5120208263397217 0.9855578541755676 -1 -1 -1 -1 -1 -1 -1 -1 -1
0.5587642192840576 0.5130312442779541 0.9683600664138794 -1 -1 -1 -1 -1 -1 -1 -1 -1
0.5595508217811584 0.5140944719314575 0.9823402166366577 -1 -1 -1 -1 -1 -1 -1 -1 -1
0.5537189841270447 0.5129769444465637 0.9450723528862 -1 -1 -1 -1 -1 -1 -1 -1 -1
0.5606870055198669 0.5202462673187256 0.9721269607543945 -1 -1 -1 -1 -1 -1 -1 -1 -1
0.5537701845169067 0.5130006074905396 0.9456570744514465 -1 -1 -1 -1 -1 -1 -1 -1 -1
0.5562335848808289 0.5151562094688416 0.9449417591094971 -1 -1 -1 -1 -1 -1 -1 -1 -1
0.5412998795509338 0.519760251045227 0.9992369413375854 -1 -1 -1 -1 -1 -1 -1 -1 -1
0.5647372007369995 0.5509007573127747 0.9993612170219421 -1 -1 -1 -1 -1 -1 -1 -1 -1
0.5167856812477112 0.5185654759407043 0.979466438293457 -1 -1 -1 -1 -1 -1 -1 -1 -1
0.565967857837677 0.6015488505363464 0.9943370223045349 -1 -1 -1 -1 -1 -1 -1 -1 -1
0.4992547929286957 0.5052958726882935 0.9171532988548279 -1 -1 -1 -1 -1 -1 -1 -1 -1
0.5632723569869995 0.6421376466751099 0.9806157946586609 -1 -1 -1 -1 -1 -1 -1 -1 -1
0.49206358194351196 0.5005796551704407 0.8889428377151489 -1 -1 -1 -1 -1 -1 -1 -1 -1
0.5634858012199402 0.6523142457008362 0.9670280814170837 -1 -1 -1 -1 -1 -1 -1 -1 -1
0.49165111780166626 0.4893694519996643 0.888091504573822 -1 -1 -1 -1 -1 -1 -1 -1 -1
0.5629531145095825 0.6519777178764343 0.9575077891349792 -1 -1 -1 -1 -1 -1 -1 -1 -1
0.4943057596683502 0.4921327531337738 0.7787635326385498 -1 -1 -1 -1 -1 -1 -1 -1 -1
0.5623739957809448 0.6483470797538757 0.9306998252868652 -1 -1 -1 -1 -1 -1 -1 -1 -1
0.5250633955001831 0.5724750757217407 0.9999798536300659 -1 -1 -1 -1 -1 -1 -1 -1 -1
0.5388326644897461 0.5877681374549866 0.9997873902320862 -1 -1 -1 -1 -1 -1 -1 -1 -1
0.5011511445045471 0.5430360436439514 0.8821604251861572 -1 -1 -1 -1 -1 -1 -1 -1 -1
0.5328973531723022 0.6019077301025391 0.08694317191839218 -1 -1 -1 -1 -1 -1 -1 -1 -1
0.4802231192588806 0.5556719303131104 0.9759692549705505 -1 -1 -1 -1 -1 -1 -1 -1 -1
0.5357058048248291 0.6332489252090454 0.36725345253944397 -1 -1 -1 -1 -1 -1 -1 -1 -1
0.47723719477653503 0.5614905953407288 0.9728502035140991 -1 -1 -1 -1 -1 -1 -1 -1 -1
0.537047803401947 0.6382856369018555 0.38497626781463623 -1 -1 -1 -1 -1 -1 -1 -1 -1
0.4741107225418091 0.540800929069519 0.9337537884712219 -1 -1 -1 -1 -1 -1 -1 -1 -1
0.5341778993606567 0.6363599300384521 0.144402876496315 -1 -1 -1 -1 -1 -1 -1 -1 -1
1 
33 
-1 -1 -1 -1 -1 -1 -1 -1 -1 -1
0.512380838394165 0.584536612033844 0.9905748963356018 -1 -1 -1 -1 -1 -1 -1 -1 -1
0.521122395992279 0.5884863138198853 0.9921059608459473 -1 -1 -1 -1 -1 -1 -1 -1 -1
0.5210869312286377 0.5929476618766785 0.9886049032211304 -1 -1 -1 -1 -1 -1 -1 -1 -1
0.5209951996803284 0.597379744052887 0.9904900789260864 -1 -1 -1 -1 -1 -1 -1 -1 -1
0.5218546986579895 0.5742208361625671 0.9880900382995605 -1 -1 -1 -1 -1 -1 -1 -1 -1
0.52228844165802 0.5683705806732178 0.9835630059242249 -1 -1 -1 -1 -1 -1 -1 -1 -1
0.5227131843566895 0.5626220703125 0.9859473705291748 -1 -1 -1 -1 -1 -1 -1 -1 -1
0.518528938293457 0.5942109227180481 0.9855651259422302 -1 -1 -1 -1 -1 -1 -1 -1 -1
0.520311176776886 0.5471940040588379 0.9917646050453186 -1 -1 -1 -1 -1 -1 -1 -1 -1
0.5040820837020874 0.5887984037399292 0.9884617328643799 -1 -1 -1 -1 -1 -1 -1 -1 -1
0.5047802329063416 0.5713681578636169 0.9854084849357605 -1 -1 -1 -1 -1 -1 -1 -1 -1
0.4794163107872009 0.5998183488845825 0.9978725910186768 -1 -1 -1 -1 -1 -1 -1 -1 -1
0.4885506331920624 0.5063790678977966 0.9984157085418701 -1 -1 -1 -1 -1 -1 -1 -1 -1
0.43761351704597473 0.6199731826782227 0.5824799537658691 -1 -1 -1 -1 -1 -1 -1 -1 -1
0.4827652871608734 0.5489919185638428 0.8866050839424133 -1 -1 -1 -1 -1 -1 -1 -1 -1
0.5128412246704102 0.6225634813308716 0.779892086982727 -1 -1 -1 -1 -1 -1 -1 -1 -1
0.5253300666809082 0.5732068419456482 0.8421648740768433 -1 -1 -1 -1 -1 -1 -1 -1 -1
0.527427613735199 0.6178879141807556 0.6822416186332703 -1 -1 -1 -1 -1 -1 -1 -1 -1
0.5369135737419128 0.5771359801292419 0.7264105677604675 -1 -1 -1 -1 -1 -1 -1 -1 -1
0.5303233861923218 0.6178988218307495 0.6682271361351013 -1 -1 -1 -1 -1 -1 -1 -1 -1
0.5330815315246582 0.5687794089317322 0.6993947625160217 -1 -1 -1 -1 -1 -1 -1 -1 -1
0.5228673815727234 0.6131537556648254 0.6465991139411926 -1 -1 -1 -1 -1 -1 -1 -1 -1
0.5273847579956055 0.5695973038673401 0.6741455793380737 -1 -1 -1 -1 -1 -1 -1 -1 -1
0.34366095066070557 0.5832005143165588 0.9989942908287048 -1 -1 -1 -1 -1 -1 -1 -1 -1
0.3467135727405548 0.5153997540473938 0.99908447265625 -1 -1 -1 -1 -1 -1 -1 -1 -1
0.24698972702026367 0.5847606658935547 0.41325464844703674 -1 -1 -1 -1 -1 -1 -1 -1 -1
0.24265317618846893 0.5374021530151367 0.5387601852416992 -1 -1 -1 -1 -1 -1 -1 -1 -1
0.17488545179367065 0.5775637030601501 0.27556440234184265 -1 -1 -1 -1 -1 -1 -1 -1 -1
0.1543624997138977 0.5207108855247498 0.525786280632019 -1 -1 -1 -1 -1 -1 -1 -1 -1
0.16372337937355042 0.564491331577301 0.3482625186443329 -1 -1 -1 -1 -1 -1 -1 -1 -1
0.1430898755788803 0.5127689838409424 0.3509077727794647 -1 -1 -1 -1 -1 -1 -1 -1 -1
0.1499663144350052 0.6213109493255615 0.3971426784992218 -1 -1 -1 -1 -1 -1 -1 -1 -1
0.1206805408000946 0.5356404781341553 0.5476932525634766 -1 -1 -1 -1 -1 -1 -1 -1 -1
1 
