34
1 
33 
-1 -1 -1 -1 -1 -1 -1 -1 -1 -1
0.6191397905349731 0.3528985381126404 0.9880040884017944 -1 -1 -1 -1 -1 -1 -1 -1 -1
0.6169697642326355 0.3426937460899353 0.975881040096283 -1 -1 -1 -1 -1 -1 -1 -1 -1
0.6165794134140015 0.34228238463401794 0.9722924828529358 -1 -1 -1 -1 -1 -1 -1 -1 -1
0.6161476373672485 0.34186339378356934 0.9769306182861328 -1 -1 -1 -1 -1 -1 -1 -1 -1
0.6157264709472656 0.34243708848953247 0.9833200573921204 -1 -1 -1 -1 -1 -1 -1 -1 -1
0.6143789291381836 0.3418734073638916 0.9849565625190735 -1 -1 -1 -1 -1 -1 -1 -1 -1
0.6128748655319214 0.34130531549453735 0.9873871207237244 -1 -1 -1 -1 -1 -1 -1 -1 -1
0.6079728603363037 0.34262847900390625 0.9282321929931641 -1 -1 -1 -1 -1 -1 -1 -1 -1
0.6044938564300537 0.34256118535995483 0.9829334616661072 -1 -1 -1 -1 -1 -1 -1 -1 -1
0.6152970194816589 0.3629016876220703 0.9762241244316101 -1 -1 -1 -1 -1 -1 -1 -1 -1
0.6138633489608765 0.3629454970359802 0.9870406985282898 -1 -1 -1 -1 -1 -1 -1 -1 -1
0.5969626903533936 0.3963084816932678 0.987171471118927 -1 -1 -1 -1 -1 -1 -1 -1 -1
0.5955267548561096 0.4013410806655884 0.9995180368423462 -1 -1 -1 -1 -1 -1 -1 -1 -1
0.5998067259788513 0.47232890129089355 0.012285946868360043 -1 -1 -1 -1 -1 -1 -1 -1 -1
0.6013323068618774 0.47941282391548157 0.922109067440033 -1 -1 -1 -1 -1 -1 -1 -1 -1
0.6029847264289856 0.5374509692192078 0.015665868297219276 -1 -1 -1 -1 -1 -1 -1 -1 -1
0.6050277948379517 0.5403774380683899 0.7467495203018188 -1 -1 -1 -1 -1 -1 -1 -1 -1
0.6037295460700989 0.5624092817306519 0.021912476047873497 -1 -1 -1 -1 -1 -1 -1 -1 -1
0.6037052273750305 0.5570770502090454 0.6952135562896729 -1 -1 -1 -1 -1 -1 -1 -1 -1
0.6055306792259216 0.5607843995094299 0.02325834520161152 -1 -1 -1 -1 -1 -1 -1 -1 -1
0.605672299861908 0.5559389591217041 0.6799712181091309 -1 -1 -1 -1 -1 -1 -1 -1 -1
0.6044466495513916 0.5538883209228516 0.02430412918329239 -1 -1 -1 -1 -1 -1 -1 -1 -1
0.6053075194358826 0.550446093082428 0.5826840996742249 -1 -1 -1 -1 -1 -1 -1 -1 -1
0.6007190942764282 0.5426027774810791 0.9892714023590088 -1 -1 -1 -1 -1 -1 -1 -1 -1
0.6015198826789856 0.5425031781196594 0.991729199886322 -1 -1 -1 -1 -1 -1 -1 -1 -1
0.6017586588859558 0.6341283321380615 0.2753851115703583 -1 -1 -1 -1 -1 -1 -1 -1 -1
0.6000577211380005 0.6345964670181274 0.918359100818634 -1 -1 -1 -1 -1 -1 -1 -1 -1
0.5939426422119141 0.7436961531639099 0.47025784850120544 -1 -1 -1 -1 -1 -1 -1 -1 -1
0.5897323489189148 0.7538886070251465 0.9321870803833008 -1 -1 -1 -1 -1 -1 -1 -1 -1
0.5859023332595825 0.762437641620636 0.5504000186920166 -1 -1 -1 -1 -1 -1 -1 -1 -1
0.5808130502700806 0.7732332348823547 0.8591285943984985 -1 -1 -1 -1 -1 -1 -1 -1 -1
0.6196150183677673 0.7664179801940918 0.6805303692817688 -1 -1 -1 -1 -1 -1 -1 -1 -1
0.6162081956863403 0.7800432443618774 0.926230251789093 -1 -1 -1 -1 -1 -1 -1 -1 -1
1 
33 
-1 -1 -1 -1 -1 -1 -1 -1 -1 -1
0.6176354289054871 0.35526883602142334 0.9789919257164001 -1 -1 -1 -1 -1 -1 -1 -1 -1
0.6157245635986328 0.3455814719200134 0.9659004807472229 -1 -1 -1 -1 -1 -1 -1 -1 -1
0.6153674721717834 0.3451330065727234 0.9612303376197815 -1 -1 -1 -1 -1 -1 -1 -1 -1
0.614998996257782 0.3445940613746643 0.9662540555000305 -1 -1 -1 -1 -1 -1 -1 -1 -1
0.6144348382949829 0.34533172845840454 0.9733840227127075 -1 -1 -1 -1 -1 -1 -1 -1 -1
0.6130513548851013 0.3447096645832062 0.9761606454849243 -1 -1 -1 -1 -1 -1 -1 -1 -1
0.6115630865097046 0.34401920437812805 0.9793071746826172 -1 -1 -1 -1 -1 -1 -1 -1 -1
0.6070197224617004 0.34589189291000366 0.8993605971336365 -1 -1 -1 -1 -1 -1 -1 -1 -1
0.6032941937446594 0.3458139896392822 0.9760623574256897 -1 -1 -1 -1 -1 -1 -1 -1 -1
0.6137800216674805 0.36478191614151 0.9623849391937256 -1 -1 -1 -1 -1 -1 -1 -1 -1
0.6123271584510803 0.3650655448436737 0.9772807955741882 -1 -1 -1 -1 -1 -1 -1 -1 -1
0.5947296619415283 0.3982274532318115 0.9851716160774231 -1 -1 -1 -1 -1 -1 -1 -1 -1
0.5941968560218811 0.4016570746898651 0.9993734955787659 -1 -1 -1 -1 -1 -1 -1 -1 -1
0.5956036448478699 0.48233479261398315 0.008408118039369583 -1 -1 -1 -1 -1 -1 -1 -1 -1
0.5998603105545044 0.4757823944091797 0.8784668445587158 -1 -1 -1 -1 -1 -1 -1 -1 -1
0.6023440361022949 0.5341637134552002 0.012231385335326195 -1 -1 -1 -1 -1 -1 -1 -1 -1
0.6035738587379456 0.5358325242996216 0.6146782636642456 -1 -1 -1 -1 -1 -1 -1 -1 -1
0.6007443070411682 0.5556157231330872 0.01857111230492592 -1 -1 -1 -1 -1 -1 -1 -1 -1
0.6025747656822205 0.5502386093139648 0.5780549049377441 -1 -1 -1 -1 -1 -1 -1 -1 -1
0.6028499603271484 0.553524911403656 0.019744843244552612 -1 -1 -1 -1 -1 -1 -1 -1 -1
0.6037401556968689 0.5484119057655334 0.5634707808494568 -1 -1 -1 -1 -1 -1 -1 -1 -1
0.6021426320075989 0.5469162464141846 0.020703742280602455 -1 -1 -1 -1 -1 -1 -1 -1 -1
0.603903591632843 0.5451328158378601 0.47993096709251404 -1 -1 -1 -1 -1 -1 -1 -1 -1
0.6007100343704224 0.5437673330307007 0.986877977848053 -1 -1 -1 -1 -1 -1 -1 -1 -1
0.6005815863609314 0.5451450347900391 0.9891660809516907 -1 -1 -1 -1 -1 -1 -1 -1 -1
0.6007587909698486 0.6409217119216919 0.2649773061275482 -1 -1 -1 -1 -1 -1 -1 -1 -1
0.5987047553062439 0.6436847448348999 0.911986231803894 -1 -1 -1 -1 -1 -1 -1 -1 -1
0.593192994594574 0.7435910105705261 0.47158879041671753 -1 -1 -1 -1 -1 -1 -1 -1 -1
0.5873989462852478 0.7561789751052856 0.9339855313301086 -1 -1 -1 -1 -1 -1 -1 -1 -1
0.5849632024765015 0.7616642713546753 0.5740839838981628 -1 -1 -1 -1 -1 -1 -1 -1 -1
0.5792748928070068 0.7766366004943848 0.8690743446350098 -1 -1 -1 -1 -1 -1 -1 -1 -1
0.6193624138832092 0.7631418704986572 0.6692532300949097 -1 -1 -1 -1 -1 -1 -1 -1 -1
0.6157656311988831 0.7815881967544556 0.9262456893920898 -1 -1 -1 -1 -1 -1 -1 -1 -1
1 
33 
-1 -1 -1 -1 -1 -1 -1 -1 -1 -1
0.6173204183578491 0.35804349184036255 0.9878466725349426 -1 -1 -1 -1 -1 -1 -1 -1 -1
0.6154186129570007 0.3481600880622864 0.9803617000579834 -1 -1 -1 -1 -1 -1 -1 -1 -1
0.6150143146514893 0.3477305769920349 0.9778435826301575 -1 -1 -1 -1 -1 -1 -1 -1 -1
0.6145999431610107 0.347194105386734 0.9808381199836731 -1 -1 -1 -1 -1 -1 -1 -1 -1
0.6143472194671631 0.34787777066230774 0.9853847622871399 -1 -1 -1 -1 -1 -1 -1 -1 -1
0.6131168007850647 0.34727439284324646 0.9862658381462097 -1 -1 -1 -1 -1 -1 -1 -1 -1
0.6117492914199829 0.3465702533721924 0.9881216287612915 -1 -1 -1 -1 -1 -1 -1 -1 -1
0.6061311960220337 0.3487508296966553 0.9406698942184448 -1 -1 -1 -1 -1 -1 -1 -1 -1
0.603290319442749 0.3483335077762604 0.985696017742157 -1 -1 -1 -1 -1 -1 -1 -1 -1
0.6129143238067627 0.36781057715415955 0.9760048985481262 -1 -1 -1 -1 -1 -1 -1 -1 -1
0.6117899417877197 0.3678361773490906 0.9861214756965637 -1 -1 -1 -1 -1 -1 -1 -1 -1
0.5931077599525452 0.401905357837677 0.9904249310493469 -1 -1 -1 -1 -1 -1 -1 -1 -1
0.5941691994667053 0.4059077799320221 0.9996563196182251 -1 -1 -1 -1 -1 -1 -1 -1 -1
0.5961480736732483 0.480250746011734 0.008068698458373547 -1 -1 -1 -1 -1 -1 -1 -1 -1
0.5990848541259766 0.4822272062301636 0.8922798037528992 -1 -1 -1 -1 -1 -1 -1 -1 -1
0.5999330878257751 0.5441023111343384 0.012937542051076889 -1 -1 -1 -1 -1 -1 -1 -1 -1
0.6026778221130371 0.5435801148414612 0.689786970615387 -1 -1 -1 -1 -1 -1 -1 -1 -1
0.5973131656646729 0.5684173703193665 0.019670220091938972 -1 -1 -1 -1 -1 -1 -1 -1 -1
0.6015151739120483 0.5599778890609741 0.6510277986526489 -1 -1 -1 -1 -1 -1 -1 -1 -1
0.5992467403411865 0.5673528909683228 0.020662622526288033 -1 -1 -1 -1 -1 -1 -1 -1 -1
0.6027242541313171 0.5587655901908875 0.6352578997612 -1 -1 -1 -1 -1 -1 -1 -1 -1
0.598631739616394 0.5606967210769653 0.022033676505088806 -1 -1 -1 -1 -1 -1 -1 -1 -1
0.602950930595398 0.5521688461303711 0.5480675101280212 -1 -1 -1 -1 -1 -1 -1 -1 -1
0.5991569757461548 0.5482375621795654 0.9926611185073853 -1 -1 -1 -1 -1 -1 -1 -1 -1
0.601527750492096 0.5484856367111206 0.9943419694900513 -1 -1 -1 -1 -1 -1 -1 -1 -1
0.6002593040466309 0.6450130939483643 0.2582404911518097 -1 -1 -1 -1 -1 -1 -1 -1 -1
0.5990832448005676 0.6463333964347839 0.9225620031356812 -1 -1 -1 -1 -1 -1 -1 -1 -1
0.5930469036102295 0.7480111718177795 0.498811811208725 -1 -1 -1 -1 -1 -1 -1 -1 -1
0.5891788005828857 0.7580962181091309 0.9523778557777405 -1 -1 -1 -1 -1 -1 -1 -1 -1
0.5852658152580261 0.7655575275421143 0.6046605110168457 -1 -1 -1 -1 -1 -1 -1 -1 -1
0.5810137987136841 0.7780973315238953 0.8937210440635681 -1 -1 -1 -1 -1 -1 -1 -1 -1
0.6181990504264832 0.7658472061157227 0.7141569256782532 -1 -1 -1 -1 -1 -1 -1 -1 -1
0.6160383820533752 0.7810502052307129 0.9471729397773743 -1 -1 -1 -1 -1 -1 -1 -1 -1
1 
33 
-1 -1 -1 -1 -1 -1 -1 -1 -1 -1
0.6162376403808594 0.3603229522705078 0.9726540446281433 -1 -1 -1 -1 -1 -1 -1 -1 -1
0.6144670248031616 0.35067445039749146 0.9540404677391052 -1 -1 -1 -1 -1 -1 -1 -1 -1
0.6140927076339722 0.35012322664260864 0.9470122456550598 -1 -1 -1 -1 -1 -1 -1 -1 -1
0.6137126088142395 0.3494378328323364 0.9556858539581299 -1 -1 -1 -1 -1 -1 -1 -1 -1
0.6134204864501953 0.35038068890571594 0.9660390615463257 -1 -1 -1 -1 -1 -1 -1 -1 -1
0.6121755242347717 0.3496890068054199 0.9680363535881042 -1 -1 -1 -1 -1 -1 -1 -1 -1
0.6108282804489136 0.34890949726104736 0.972096860408783 -1 -1 -1 -1 -1 -1 -1 -1 -1
0.6059313416481018 0.35029834508895874 0.8547394871711731 -1 -1 -1 -1 -1 -1 -1 -1 -1
0.6025274991989136 0.3504658341407776 0.9574667811393738 -1 -1 -1 -1 -1 -1 -1 -1 -1
0.6126447319984436 0.36912351846694946 0.937228798866272 -1 -1 -1 -1 -1 -1 -1 -1 -1
0.6112799048423767 0.36896488070487976 0.961618185043335 -1 -1 -1 -1 -1 -1 -1 -1 -1
0.5927262902259827 0.401520311832428 0.9815717339515686 -1 -1 -1 -1 -1 -1 -1 -1 -1
0.5936685800552368 0.40249332785606384 0.9992940425872803 -1 -1 -1 -1 -1 -1 -1 -1 -1
0.5964247584342957 0.4777756631374359 0.0076097105629742146 -1 -1 -1 -1 -1 -1 -1 -1 -1
0.5978087186813354 0.47918131947517395 0.8813648223876953 -1 -1 -1 -1 -1 -1 -1 -1 -1
0.6003912687301636 0.5411363840103149 0.01168628316372633 -1 -1 -1 -1 -1 -1 -1 -1 -1
0.6040449142456055 0.5408899188041687 0.6700599193572998 -1 -1 -1 -1 -1 -1 -1 -1 -1
0.5999166965484619 0.5646091103553772 0.01803179271519184 -1 -1 -1 -1 -1 -1 -1 -1 -1
0.6007564067840576 0.561140239238739 0.6350419521331787 -1 -1 -1 -1 -1 -1 -1 -1 -1
0.6026248931884766 0.5639742016792297 0.018988315016031265 -1 -1 -1 -1 -1 -1 -1 -1 -1
0.6035909056663513 0.5604302883148193 0.6208622455596924 -1 -1 -1 -1 -1 -1 -1 -1 -1
0.6018819212913513 0.5575114488601685 0.020145220682024956 -1 -1 -1 -1 -1 -1 -1 -1 -1
0.6043932437896729 0.551180899143219 0.5218223929405212 -1 -1 -1 -1 -1 -1 -1 -1 -1
0.5993331670761108 0.5463169813156128 0.9878368973731995 -1 -1 -1 -1 -1 -1 -1 -1 -1
0.6008859276771545 0.5478327870368958 0.9895352721214294 -1 -1 -1 -1 -1 -1 -1 -1 -1
0.6012108325958252 0.6471304893493652 0.20494505763053894 -1 -1 -1 -1 -1 -1 -1 -1 -1
0.5996509194374084 0.6500229239463806 0.8858609795570374 -1 -1 -1 -1 -1 -1 -1 -1 -1
0.5922823548316956 0.7485941648483276 0.36858874559402466 -1 -1 -1 -1 -1 -1 -1 -1 -1
0.5876374244689941 0.7595857381820679 0.9158703684806824 -1 -1 -1 -1 -1 -1 -1 -1 -1
0.5839417576789856 0.7653647065162659 0.48455899953842163 -1 -1 -1 -1 -1 -1 -1 -1 -1
0.5794872045516968 0.7768465280532837 0.8446890115737915 -1 -1 -1 -1 -1 -1 -1 -1 -1
0.6176672577857971 0.7660433053970337 0.5826057195663452 -1 -1 -1 -1 -1 -1 -1 -1 -1
0.6146001219749451 0.7778138518333435 0.9125152230262756 -1 -1 -1 -1 -1 -1 -1 -1 -1
1 
33 
-1 -1 -1 -1 -1 -1 -1 -1 -1 -1
0.6157028079032898 0.36202704906463623 0.9761683344841003 -1 -1 -1 -1 -1 -1 -1 -1 -1
0.6139625906944275 0.35246747732162476 0.9540631771087646 -1 -1 -1 -1 -1 -1 -1 -1 -1
0.6136358976364136 0.3519797921180725 0.9497993588447571 -1 -1 -1 -1 -1 -1 -1 -1 -1
0.6133096814155579 0.3513721823692322 0.957037091255188 -1 -1 -1 -1 -1 -1 -1 -1 -1
0.6126057505607605 0.35229212045669556 0.9665900468826294 -1 -1 -1 -1 -1 -1 -1 -1 -1
0.6111762523651123 0.3516923785209656 0.9699998497962952 -1 -1 -1 -1 -1 -1 -1 -1 -1
0.6096747517585754 0.35100555419921875 0.9726941585540771 -1 -1 -1 -1 -1 -1 -1 -1 -1
0.6057353019714355 0.3524155020713806 0.8578980565071106 -1 -1 -1 -1 -1 -1 -1 -1 -1
0.6012170910835266 0.3526242971420288 0.957633376121521 -1 -1 -1 -1 -1 -1 -1 -1 -1
0.6120010018348694 0.37152478098869324 0.9371388554573059 -1 -1 -1 -1 -1 -1 -1 -1 -1
0.6104024052619934 0.3715682327747345 0.9633002281188965 -1 -1 -1 -1 -1 -1 -1 -1 -1
0.5925579071044922 0.4020618796348572 0.9822156429290771 -1 -1 -1 -1 -1 -1 -1 -1 -1
0.5918126106262207 0.4040718078613281 0.9993010759353638 -1 -1 -1 -1 -1 -1 -1 -1 -1
0.5961783528327942 0.47767356038093567 0.011318379081785679 -1 -1 -1 -1 -1 -1 -1 -1 -1
0.5953457951545715 0.4818268418312073 0.9243528842926025 -1 -1 -1 -1 -1 -1 -1 -1 -1
0.5994924306869507 0.5418780446052551 0.01671781949698925 -1 -1 -1 -1 -1 -1 -1 -1 -1
0.6036502122879028 0.5474162697792053 0.7449140548706055 -1 -1 -1 -1 -1 -1 -1 -1 -1
0.5975653529167175 0.5632646679878235 0.02377478778362274 -1 -1 -1 -1 -1 -1 -1 -1 -1
0.6029269099235535 0.5637367367744446 0.6963403820991516 -1 -1 -1 -1 -1 -1 -1 -1 -1
0.6005039215087891 0.5624917149543762 0.025280695408582687 -1 -1 -1 -1 -1 -1 -1 -1 -1
0.6046569347381592 0.5628162622451782 0.6840307116508484 -1 -1 -1 -1 -1 -1 -1 -1 -1
0.5997546315193176 0.5560066103935242 0.02609732747077942 -1 -1 -1 -1 -1 -1 -1 -1 -1
0.6042128205299377 0.5577933192253113 0.5804279446601868 -1 -1 -1 -1 -1 -1 -1 -1 -1
0.5992836356163025 0.5470762252807617 0.9875392913818359 -1 -1 -1 -1 -1 -1 -1 -1 -1
0.5996286869049072 0.5481476783752441 0.99017333984375 -1 -1 -1 -1 -1 -1 -1 -1 -1
0.6037675738334656 0.6438325047492981 0.2858777344226837 -1 -1 -1 -1 -1 -1 -1 -1 -1
0.6007798314094543 0.6479182243347168 0.9290750026702881 -1 -1 -1 -1 -1 -1 -1 -1 -1
0.5964806079864502 0.7463238835334778 0.4565473198890686 -1 -1 -1 -1 -1 -1 -1 -1 -1
0.5879354476928711 0.7598268389701843 0.9448946118354797 -1 -1 -1 -1 -1 -1 -1 -1 -1
0.5874815583229065 0.7637436985969543 0.5327422618865967 -1 -1 -1 -1 -1 -1 -1 -1 -1
0.5797892212867737 0.7782609462738037 0.8714617490768433 -1 -1 -1 -1 -1 -1 -1 -1 -1
0.6205262541770935 0.7661256194114685 0.672203004360199 -1 -1 -1 -1 -1 -1 -1 -1 -1
0.6122108101844788 0.7807288765907288 0.9400624632835388 -1 -1 -1 -1 -1 -1 -1 -1 -1
1 
33 
-1 -1 -1 -1 -1 -1 -1 -1 -1 -1
0.6140136122703552 0.35984158515930176 0.982254683971405 -1 -1 -1 -1 -1 -1 -1 -1 -1
0.6122692227363586 0.3506121039390564 0.9705573916435242 -1 -1 -1 -1 -1 -1 -1 -1 -1
0.6119093298912048 0.35006409883499146 0.9660102725028992 -1 -1 -1 -1 -1 -1 -1 -1 -1
0.6115387082099915 0.34942591190338135 0.9716594219207764 -1 -1 -1 -1 -1 -1 -1 -1 -1
0.6111264228820801 0.35036635398864746 0.9776467680931091 -1 -1 -1 -1 -1 -1 -1 -1 -1
0.6098363995552063 0.34966766834259033 0.978897213935852 -1 -1 -1 -1 -1 -1 -1 -1 -1
0.6085147261619568 0.3489512801170349 0.9815393090248108 -1 -1 -1 -1 -1 -1 -1 -1 -1
0.6039559245109558 0.35027366876602173 0.9040296077728271 -1 -1 -1 -1 -1 -1 -1 -1 -1
0.6004051566123962 0.35052961111068726 0.9709950685501099 -1 -1 -1 -1 -1 -1 -1 -1 -1
0.610617458820343 0.36854633688926697 0.9546898007392883 -1 -1 -1 -1 -1 -1 -1 -1 -1
0.6092105507850647 0.36826884746551514 0.9730332493782043 -1 -1 -1 -1 -1 -1 -1 -1 -1
0.5905152559280396 0.4017378091812134 0.9799343943595886 -1 -1 -1 -1 -1 -1 -1 -1 -1
0.5922201871871948 0.40215596556663513 0.9991449117660522 -1 -1 -1 -1 -1 -1 -1 -1 -1
0.591193437576294 0.48459941148757935 0.007538574282079935 -1 -1 -1 -1 -1 -1 -1 -1 -1
0.5964607000350952 0.4752160310745239 0.886194109916687 -1 -1 -1 -1 -1 -1 -1 -1 -1
0.5981248021125793 0.5388742685317993 0.01088139321655035 -1 -1 -1 -1 -1 -1 -1 -1 -1
0.6021793484687805 0.5396554470062256 0.6205737590789795 -1 -1 -1 -1 -1 -1 -1 -1 -1
0.5974452495574951 0.5592021346092224 0.016700075939297676 -1 -1 -1 -1 -1 -1 -1 -1 -1
0.5991777181625366 0.5598747730255127 0.5806532502174377 -1 -1 -1 -1 -1 -1 -1 -1 -1
0.6002386808395386 0.5582576990127563 0.01759011298418045 -1 -1 -1 -1 -1 -1 -1 -1 -1
0.6024451851844788 0.5533546209335327 0.5638342499732971 -1 -1 -1 -1 -1 -1 -1 -1 -1
0.5996180176734924 0.5518487691879272 0.018466124311089516 -1 -1 -1 -1 -1 -1 -1 -1 -1
0.6024293303489685 0.5499851107597351 0.4675869941711426 -1 -1 -1 -1 -1 -1 -1 -1 -1
0.598138153553009 0.5469776391983032 0.9864487051963806 -1 -1 -1 -1 -1 -1 -1 -1 -1
0.5999297499656677 0.5483323931694031 0.9886838793754578 -1 -1 -1 -1 -1 -1 -1 -1 -1
0.6020221710205078 0.6471863389015198 0.2489892691373825 -1 -1 -1 -1 -1 -1 -1 -1 -1
0.6002535223960876 0.6501961946487427 0.9137212634086609 -1 -1 -1 -1 -1 -1 -1 -1 -1
0.5923304557800293 0.7506027817726135 0.4332539737224579 -1 -1 -1 -1 -1 -1 -1 -1 -1
0.5880229473114014 0.7625091075897217 0.9359923005104065 -1 -1 -1 -1 -1 -1 -1 -1 -1
0.5834905505180359 0.7677323818206787 0.5326303839683533 -1 -1 -1 -1 -1 -1 -1 -1 -1
0.5793971419334412 0.7800830602645874 0.8652665019035339 -1 -1 -1 -1 -1 -1 -1 -1 -1
0.6172990798950195 0.7709746956825256 0.6428941488265991 -1 -1 -1 -1 -1 -1 -1 -1 -1
0.6130041480064392 0.7850606441497803 0.9293781518936157 -1 -1 -1 -1 -1 -1 -1 -1 -1
1 
33 
-1 -1 -1 -1 -1 -1 -1 -1 -1 -1
0.6129330992698669 0.35538625717163086 0.9804446697235107 -1 -1 -1 -1 -1 -1 -1 -1 -1
0.6111662983894348 0.3462322950363159 0.9635260105133057 -1 -1 -1 -1 -1 -1 -1 -1 -1
0.6108663082122803 0.34574732184410095 0.9579030275344849 -1 -1 -1 -1 -1 -1 -1 -1 -1
0.6105502843856812 0.345159113407135 0.9655721783638 -1 -1 -1 -1 -1 -1 -1 -1 -1
0.6097046732902527 0.34607455134391785 0.9729127287864685 -1 -1 -1 -1 -1 -1 -1 -1 -1
0.608246386051178 0.34549054503440857 0.975214958190918 -1 -1 -1 -1 -1 -1 -1 -1 -1
0.6068063378334045 0.34487855434417725 0.9787173867225647 -1 -1 -1 -1 -1 -1 -1 -1 -1
0.6030380725860596 0.3466269373893738 0.8868216872215271 -1 -1 -1 -1 -1 -1 -1 -1 -1
0.5983248353004456 0.34718477725982666 0.9658600091934204 -1 -1 -1 -1 -1 -1 -1 -1 -1
0.6095949411392212 0.36472654342651367 0.9557055234909058 -1 -1 -1 -1 -1 -1 -1 -1 -1
0.6079131364822388 0.36471056938171387 0.9724656343460083 -1 -1 -1 -1 -1 -1 -1 -1 -1
0.5913548469543457 0.39766836166381836 0.9787132740020752 -1 -1 -1 -1 -1 -1 -1 -1 -1
0.5900288224220276 0.4001196622848511 0.9991772770881653 -1 -1 -1 -1 -1 -1 -1 -1 -1
0.5954183340072632 0.4733564555644989 0.009404487907886505 -1 -1 -1 -1 -1 -1 -1 -1 -1
0.5960604548454285 0.47585275769233704 0.8876622319221497 -1 -1 -1 -1 -1 -1 -1 -1 -1
0.5997970700263977 0.537251353263855 0.012488641776144505 -1 -1 -1 -1 -1 -1 -1 -1 -1
0.6036466360092163 0.5398499369621277 0.6482906341552734 -1 -1 -1 -1 -1 -1 -1 -1 -1
0.598068356513977 0.5584748983383179 0.018274443224072456 -1 -1 -1 -1 -1 -1 -1 -1 -1
0.6026045083999634 0.5582736134529114 0.607471227645874 -1 -1 -1 -1 -1 -1 -1 -1 -1
0.6007402539253235 0.5576408505439758 0.019303711131215096 -1 -1 -1 -1 -1 -1 -1 -1 -1
0.6042664051055908 0.5564147233963013 0.591461718082428 -1 -1 -1 -1 -1 -1 -1 -1 -1
0.5999276041984558 0.5508692264556885 0.02023378014564514 -1 -1 -1 -1 -1 -1 -1 -1 -1
0.6042202711105347 0.5494270920753479 0.4934391677379608 -1 -1 -1 -1 -1 -1 -1 -1 -1
0.5976422429084778 0.5436339378356934 0.9861745834350586 -1 -1 -1 -1 -1 -1 -1 -1 -1
0.5986649990081787 0.5447099208831787 0.9889899492263794 -1 -1 -1 -1 -1 -1 -1 -1 -1
0.6005560159683228 0.6447162628173828 0.23566143214702606 -1 -1 -1 -1 -1 -1 -1 -1 -1
0.5987195372581482 0.645171582698822 0.8993399739265442 -1 -1 -1 -1 -1 -1 -1 -1 -1
0.5910865664482117 0.7509287595748901 0.4157750606536865 -1 -1 -1 -1 -1 -1 -1 -1 -1
0.5882375836372375 0.7574442625045776 0.9239173531532288 -1 -1 -1 -1 -1 -1 -1 -1 -1
0.5827059745788574 0.7669664621353149 0.5075383186340332 -1 -1 -1 -1 -1 -1 -1 -1 -1
0.5796265602111816 0.7739254236221313 0.8511825799942017 -1 -1 -1 -1 -1 -1 -1 -1 -1
0.617469310760498 0.7681248188018799 0.6228880882263184 -1 -1 -1 -1 -1 -1 -1 -1 -1
0.6152068972587585 0.7769460678100586 0.9182335734367371 -1 -1 -1 -1 -1 -1 -1 -1 -1
1 
33 
-1 -1 -1 -1 -1 -1 -1 -1 -1 -1
0.6121606230735779 0.3508792221546173 0.9745067954063416 -1 -1 -1 -1 -1 -1 -1 -1 -1
0.6102458834648132 0.34108150005340576 0.9561418294906616 -1 -1 -1 -1 -1 -1 -1 -1 -1
0.609879732131958 0.3405686616897583 0.9502242207527161 -1 -1 -1 -1 -1 -1 -1 -1 -1
0.6094797849655151 0.33995985984802246 0.9588808417320251 -1 -1 -1 -1 -1 -1 -1 -1 -1
0.6091653108596802 0.34100431203842163 0.966132402420044 -1 -1 -1 -1 -1 -1 -1 -1 -1
0.6079332828521729 0.3404708802700043 0.9688330292701721 -1 -1 -1 -1 -1 -1 -1 -1 -1
0.6066314578056335 0.33990243077278137 0.9734795689582825 -1 -1 -1 -1 -1 -1 -1 -1 -1
0.6021126508712769 0.3416324555873871 0.8704444169998169 -1 -1 -1 -1 -1 -1 -1 -1 -1
0.5984079241752625 0.3423484265804291 0.961288571357727 -1 -1 -1 -1 -1 -1 -1 -1 -1
0.6089954376220703 0.3603043556213379 0.9418454766273499 -1 -1 -1 -1 -1 -1 -1 -1 -1
0.6075323224067688 0.36025992035865784 0.9635257124900818 -1 -1 -1 -1 -1 -1 -1 -1 -1
0.5896813273429871 0.39291003346443176 0.9824099540710449 -1 -1 -1 -1 -1 -1 -1 -1 -1
0.5891860723495483 0.3957982659339905 0.9991769194602966 -1 -1 -1 -1 -1 -1 -1 -1 -1
0.5934816002845764 0.4647303521633148 0.009040527045726776 -1 -1 -1 -1 -1 -1 -1 -1 -1
0.5960066318511963 0.4667051434516907 0.908896267414093 -1 -1 -1 -1 -1 -1 -1 -1 -1
0.5989224910736084 0.5243730545043945 0.01161871012300253 -1 -1 -1 -1 -1 -1 -1 -1 -1
0.6032562851905823 0.5290768146514893 0.6530885696411133 -1 -1 -1 -1 -1 -1 -1 -1 -1
0.5962584018707275 0.5487329959869385 0.01694461889564991 -1 -1 -1 -1 -1 -1 -1 -1 -1
0.6026304960250854 0.5437544584274292 0.60170578956604 -1 -1 -1 -1 -1 -1 -1 -1 -1
0.5988134741783142 0.5477004647254944 0.018018044531345367 -1 -1 -1 -1 -1 -1 -1 -1 -1
0.6037800908088684 0.5417056083679199 0.5859367251396179 -1 -1 -1 -1 -1 -1 -1 -1 -1
0.5980762243270874 0.541242778301239 0.0189374852925539 -1 -1 -1 -1 -1 -1 -1 -1 -1
0.6035691499710083 0.5382891893386841 0.4897345304489136 -1 -1 -1 -1 -1 -1 -1 -1 -1
0.5977569818496704 0.5359205007553101 0.9869412779808044 -1 -1 -1 -1 -1 -1 -1 -1 -1
0.5976420044898987 0.5367935299873352 0.989060640335083 -1 -1 -1 -1 -1 -1 -1 -1 -1
0.6013014316558838 0.6375202536582947 0.21735577285289764 -1 -1 -1 -1 -1 -1 -1 -1 -1
0.6003883481025696 0.6377882957458496 0.8657966256141663 -1 -1 -1 -1 -1 -1 -1 -1 -1
0.5936778783798218 0.7423330545425415 0.38558709621429443 -1 -1 -1 -1 -1 -1 -1 -1 -1
0.5886347889900208 0.7534660696983337 0.8954892158508301 -1 -1 -1 -1 -1 -1 -1 -1 -1
0.5850438475608826 0.7592498660087585 0.4828011393547058 -1 -1 -1 -1 -1 -1 -1 -1 -1
0.5810036659240723 0.7704157829284668 0.8107771873474121 -1 -1 -1 -1 -1 -1 -1 -1 -1
0.6194198727607727 0.7648518681526184 0.6012482047080994 -1 -1 -1 -1 -1 -1 -1 -1 -1
0.6162919402122498 0.7769683003425598 0.8959082961082458 -1 -1 -1 -1 -1 -1 -1 -1 -1
1 
33 
-1 -1 -1 -1 -1 -1 -1 -1 -1 -1
0.610821545124054 0.3470997214317322 0.9772557616233826 -1 -1 -1 -1 -1 -1 -1 -1 -1
0.6090648174285889 0.33662307262420654 0.9566569328308105 -1 -1 -1 -1 -1 -1 -1 -1 -1
0.608720600605011 0.33611464500427246 0.9520581364631653 -1 -1 -1 -1 -1 -1 -1 -1 -1
0.6083235740661621 0.33551841974258423 0.961372971534729 -1 -1 -1 -1 -1 -1 -1 -1 -1
0.6080039739608765 0.33628523349761963 0.9669588804244995 -1 -1 -1 -1 -1 -1 -1 -1 -1
0.6068475842475891 0.3355655074119568 0.9703397154808044 -1 -1 -1 -1 -1 -1 -1 -1 -1
0.6055585741996765 0.33480215072631836 0.9742075800895691 -1 -1 -1 -1 -1 -1 -1 -1 -1
0.600794792175293 0.3370709717273712 0.880765974521637 -1 -1 -1 -1 -1 -1 -1 -1 -1
0.5975533127784729 0.3369333744049072 0.9596788883209229 -1 -1 -1 -1 -1 -1 -1 -1 -1
0.6077345013618469 0.3563085198402405 0.9529284238815308 -1 -1 -1 -1 -1 -1 -1 -1 -1
0.6063377857208252 0.35596197843551636 0.9689825773239136 -1 -1 -1 -1 -1 -1 -1 -1 -1
0.5898034572601318 0.3915145695209503 0.9866377115249634 -1 -1 -1 -1 -1 -1 -1 -1 -1
0.587975263595581 0.39431965351104736 0.9993405938148499 -1 -1 -1 -1 -1 -1 -1 -1 -1
0.5944981575012207 0.4689537584781647 0.014999466948211193 -1 -1 -1 -1 -1 -1 -1 -1 -1
0.5961719155311584 0.470689594745636 0.9049493670463562 -1 -1 -1 -1 -1 -1 -1 -1 -1
0.6012870073318481 0.5336569547653198 0.018614312633872032 -1 -1 -1 -1 -1 -1 -1 -1 -1
0.6065784096717834 0.53395015001297 0.770504891872406 -1 -1 -1 -1 -1 -1 -1 -1 -1
0.6060428619384766 0.555199146270752 0.024866124615073204 -1 -1 -1 -1 -1 -1 -1 -1 -1
0.6071138381958008 0.5492023825645447 0.7250794768333435 -1 -1 -1 -1 -1 -1 -1 -1 -1
0.6087299585342407 0.5554375648498535 0.026456935331225395 -1 -1 -1 -1 -1 -1 -1 -1 -1
0.6090995073318481 0.548796534538269 0.7113757133483887 -1 -1 -1 -1 -1 -1 -1 -1 -1
0.6070519089698792 0.5492978096008301 0.027614803984761238 -1 -1 -1 -1 -1 -1 -1 -1 -1
0.608544647693634 0.5449599623680115 0.6009514331817627 -1 -1 -1 -1 -1 -1 -1 -1 -1
0.5965690016746521 0.527492344379425 0.9902982115745544 -1 -1 -1 -1 -1 -1 -1 -1 -1
0.5955533385276794 0.5270017385482788 0.9912214279174805 -1 -1 -1 -1 -1 -1 -1 -1 -1
0.6016483902931213 0.6297217011451721 0.2574385106563568 -1 -1 -1 -1 -1 -1 -1 -1 -1
0.6012555360794067 0.6280069947242737 0.8426615595817566 -1 -1 -1 -1 -1 -1 -1 -1 -1
0.593370795249939 0.7383219003677368 0.42722898721694946 -1 -1 -1 -1 -1 -1 -1 -1 -1
0.5897377729415894 0.7493775486946106 0.8802855610847473 -1 -1 -1 -1 -1 -1 -1 -1 -1
0.5844736099243164 0.7576037645339966 0.4906781315803528 -1 -1 -1 -1 -1 -1 -1 -1 -1
0.5813560485839844 0.7674212455749512 0.7644752264022827 -1 -1 -1 -1 -1 -1 -1 -1 -1
0.6174879670143127 0.7660620808601379 0.6227583289146423 -1 -1 -1 -1 -1 -1 -1 -1 -1
0.614030659198761 0.7780218124389648 0.8869302272796631 -1 -1 -1 -1 -1 -1 -1 -1 -1
1 
33 
-1 -1 -1 -1 -1 -1 -1 -1 -1 -1
0.6118592023849487 0.34013640880584717 0.9966740608215332 -1 -1 -1 -1 -1 -1 -1 -1 -1
0.609546422958374 0.3309343457221985 0.9924284815788269 -1 -1 -1 -1 -1 -1 -1 -1 -1
0.609221339225769 0.33042481541633606 0.9909511804580688 -1 -1 -1 -1 -1 -1 -1 -1 -1
0.6088294982910156 0.3297865390777588 0.9930208325386047 -1 -1 -1 -1 -1 -1 -1 -1 -1
0.6081767678260803 0.33083587884902954 0.9947486519813538 -1 -1 -1 -1 -1 -1 -1 -1 -1
0.6069231033325195 0.33031120896339417 0.9950705766677856 -1 -1 -1 -1 -1 -1 -1 -1 -1
0.6055929064750671 0.3297461271286011 0.9958899617195129 -1 -1 -1 -1 -1 -1 -1 -1 -1
0.601001501083374 0.331238329410553 0.9752971529960632 -1 -1 -1 -1 -1 -1 -1 -1 -1
0.5973963737487793 0.33158719539642334 0.9942536950111389 -1 -1 -1 -1 -1 -1 -1 -1 -1
0.6089027523994446 0.34933769702911377 0.9944185018539429 -1 -1 -1 -1 -1 -1 -1 -1 -1
0.6071835160255432 0.34976550936698914 0.9966433048248291 -1 -1 -1 -1 -1 -1 -1 -1 -1
0.5931971669197083 0.38880375027656555 0.9955202341079712 -1 -1 -1 -1 -1 -1 -1 -1 -1
0.589378833770752 0.38824689388275146 0.9998388290405273 -1 -1 -1 -1 -1 -1 -1 -1 -1
0.597264289855957 0.46722492575645447 0.0343160405755043 -1 -1 -1 -1 -1 -1 -1 -1 -1
0.5991497039794922 0.46284759044647217 0.980076014995575 -1 -1 -1 -1 -1 -1 -1 -1 -1
0.6119322180747986 0.5261800289154053 0.042726095765829086 -1 -1 -1 -1 -1 -1 -1 -1 -1
0.6154760122299194 0.5234628915786743 0.918743908405304 -1 -1 -1 -1 -1 -1 -1 -1 -1
0.6151991486549377 0.5429236888885498 0.05208585783839226 -1 -1 -1 -1 -1 -1 -1 -1 -1
0.6174684762954712 0.5423405766487122 0.8820062279701233 -1 -1 -1 -1 -1 -1 -1 -1 -1
0.6193339228630066 0.543445348739624 0.055912405252456665 -1 -1 -1 -1 -1 -1 -1 -1 -1
0.6198103427886963 0.5402864813804626 0.8731679320335388 -1 -1 -1 -1 -1 -1 -1 -1 -1
0.615717887878418 0.5360724329948425 0.05782690644264221 -1 -1 -1 -1 -1 -1 -1 -1 -1
0.6184386610984802 0.5348819494247437 0.7988360524177551 -1 -1 -1 -1 -1 -1 -1 -1 -1
0.5959375500679016 0.5222839713096619 0.9938299059867859 -1 -1 -1 -1 -1 -1 -1 -1 -1
0.5938780903816223 0.5231988430023193 0.9952495098114014 -1 -1 -1 -1 -1 -1 -1 -1 -1
0.6020897030830383 0.6209384202957153 0.30694496631622314 -1 -1 -1 -1 -1 -1 -1 -1 -1
0.6015301942825317 0.6245611906051636 0.9343118667602539 -1 -1 -1 -1 -1 -1 -1 -1 -1
0.5918904542922974 0.7279617786407471 0.5319290161132812 -1 -1 -1 -1 -1 -1 -1 -1 -1
0.592018187046051 0.7429225444793701 0.9466843605041504 -1 -1 -1 -1 -1 -1 -1 -1 -1
0.5828052759170532 0.7490822076797485 0.5833117961883545 -1 -1 -1 -1 -1 -1 -1 -1 -1
0.5828244090080261 0.7599138021469116 0.870598316192627 -1 -1 -1 -1 -1 -1 -1 -1 -1
0.6146731972694397 0.7628841996192932 0.7233741283416748 -1 -1 -1 -1 -1 -1 -1 -1 -1
0.6155433058738708 0.7797722220420837 0.9439589977264404 -1 -1 -1 -1 -1 -1 -1 -1 -1
1 
33 
-1 -1 -1 -1 -1 -1 -1 -1 -1 -1
0.6113733053207397 0.33853358030319214 0.9983420372009277 -1 -1 -1 -1 -1 -1 -1 -1 -1
0.6093382835388184 0.32914185523986816 0.9961257576942444 -1 -1 -1 -1 -1 -1 -1 -1 -1
0.6091791391372681 0.32876455783843994 0.9950326681137085 -1 -1 -1 -1 -1 -1 -1 -1 -1
0.6089711785316467 0.32832762598991394 0.9961000680923462 -1 -1 -1 -1 -1 -1 -1 -1 -1
0.6077218055725098 0.32890045642852783 0.9974998831748962 -1 -1 -1 -1 -1 -1 -1 -1 -1
0.6063207983970642 0.32838886976242065 0.9975172281265259 -1 -1 -1 -1 -1 -1 -1 -1 -1
0.6048316359519958 0.327901154756546 0.9979204535484314 -1 -1 -1 -1 -1 -1 -1 -1 -1
0.6018365025520325 0.32973217964172363 0.9858266711235046 -1 -1 -1 -1 -1 -1 -1 -1 -1
0.596730649471283 0.32951632142066956 0.9968473315238953 -1 -1 -1 -1 -1 -1 -1 -1 -1
0.6086822748184204 0.3478721082210541 0.9967425465583801 -1 -1 -1 -1 -1 -1 -1 -1 -1
0.6066800355911255 0.3479847013950348 0.9980941414833069 -1 -1 -1 -1 -1 -1 -1 -1 -1
0.5947895050048828 0.38648611307144165 0.9974629878997803 -1 -1 -1 -1 -1 -1 -1 -1 -1
0.5884175300598145 0.3855692744255066 0.9998877048492432 -1 -1 -1 -1 -1 -1 -1 -1 -1
0.6013818383216858 0.46163442730903625 0.08112388849258423 -1 -1 -1 -1 -1 -1 -1 -1 -1
0.6044886708259583 0.45539095997810364 0.9906343221664429 -1 -1 -1 -1 -1 -1 -1 -1 -1
0.6186132431030273 0.5137979388237 0.09511564671993256 -1 -1 -1 -1 -1 -1 -1 -1 -1
0.6260656714439392 0.5130176544189453 0.9638596177101135 -1 -1 -1 -1 -1 -1 -1 -1 -1
0.6255020499229431 0.5321629047393799 0.0973358154296875 -1 -1 -1 -1 -1 -1 -1 -1 -1
0.6295913457870483 0.5328543782234192 0.9400098919868469 -1 -1 -1 -1 -1 -1 -1 -1 -1
0.6275484561920166 0.5313694477081299 0.10495580732822418 -1 -1 -1 -1 -1 -1 -1 -1 -1
0.6330896615982056 0.5300164222717285 0.9354327321052551 -1 -1 -1 -1 -1 -1 -1 -1 -1
0.6244374513626099 0.5258870124816895 0.10622450709342957 -1 -1 -1 -1 -1 -1 -1 -1 -1
0.6319334506988525 0.5234049558639526 0.883912205696106 -1 -1 -1 -1 -1 -1 -1 -1 -1
0.5955227017402649 0.5191006660461426 0.995456337928772 -1 -1 -1 -1 -1 -1 -1 -1 -1
0.5918866991996765 0.5203563570976257 0.9960158467292786 -1 -1 -1 -1 -1 -1 -1 -1 -1
0.6056733727455139 0.6189225316047668 0.3373759686946869 -1 -1 -1 -1 -1 -1 -1 -1 -1
0.6040424108505249 0.6180723905563354 0.9152535200119019 -1 -1 -1 -1 -1 -1 -1 -1 -1
0.5997083187103271 0.7312220931053162 0.4933212399482727 -1 -1 -1 -1 -1 -1 -1 -1 -1
0.5946919322013855 0.7391436100006104 0.9281509518623352 -1 -1 -1 -1 -1 -1 -1 -1 -1
0.5908073782920837 0.7469944953918457 0.5264073610305786 -1 -1 -1 -1 -1 -1 -1 -1 -1
0.5857410430908203 0.7536693215370178 0.821071445941925 -1 -1 -1 -1 -1 -1 -1 -1 -1
0.6210450530052185 0.7669333219528198 0.6953111886978149 -1 -1 -1 -1 -1 -1 -1 -1 -1
0.6169031262397766 0.7779597043991089 0.9382423162460327 -1 -1 -1 -1 -1 -1 -1 -1 -1
1 
33 
-1 -1 -1 -1 -1 -1 -1 -1 -1 -1
0.6118913888931274 0.3411521315574646 0.9976089000701904 -1 -1 -1 -1 -1 -1 -1 -1 -1
0.6103705167770386 0.3317447900772095 0.9946622252464294 -1 -1 -1 -1 -1 -1 -1 -1 -1
0.6102213263511658 0.33136919140815735 0.9939314126968384 -1 -1 -1 -1 -1 -1 -1 -1 -1
0.6100415587425232 0.3309169411659241 0.9956592917442322 -1 -1 -1 -1 -1 -1 -1 -1 -1
0.6089445948600769 0.33129411935806274 0.9963383674621582 -1 -1 -1 -1 -1 -1 -1 -1 -1
0.6077274084091187 0.3306897282600403 0.9965561628341675 -1 -1 -1 -1 -1 -1 -1 -1 -1
0.6063013076782227 0.33006685972213745 0.9972079396247864 -1 -1 -1 -1 -1 -1 -1 -1 -1
0.6025174260139465 0.3316689133644104 0.9849093556404114 -1 -1 -1 -1 -1 -1 -1 -1 -1
0.5981219410896301 0.33142513036727905 0.9954907298088074 -1 -1 -1 -1 -1 -1 -1 -1 -1
0.6092135310173035 0.3507480025291443 0.9959923624992371 -1 -1 -1 -1 -1 -1 -1 -1 -1
0.6072656512260437 0.3504024147987366 0.9974396228790283 -1 -1 -1 -1 -1 -1 -1 -1 -1
0.5970054268836975 0.3864647448062897 0.9980033040046692 -1 -1 -1 -1 -1 -1 -1 -1 -1
0.5884363651275635 0.38255470991134644 0.9998849630355835 -1 -1 -1 -1 -1 -1 -1 -1 -1
0.6120821833610535 0.4622916579246521 0.13975122570991516 -1 -1 -1 -1 -1 -1 -1 -1 -1
0.6062967777252197 0.4460453689098358 0.9849095940589905 -1 -1 -1 -1 -1 -1 -1 -1 -1
0.6317965388298035 0.5087771415710449 0.1835786998271942 -1 -1 -1 -1 -1 -1 -1 -1 -1
0.6300005316734314 0.4952532649040222 0.9673429131507874 -1 -1 -1 -1 -1 -1 -1 -1 -1
0.6405771970748901 0.5270910859107971 0.17657199501991272 -1 -1 -1 -1 -1 -1 -1 -1 -1
0.6348784565925598 0.5115002393722534 0.9472103118896484 -1 -1 -1 -1 -1 -1 -1 -1 -1
0.6429136395454407 0.521515429019928 0.1870574951171875 -1 -1 -1 -1 -1 -1 -1 -1 -1
0.639000415802002 0.5072161555290222 0.9391079545021057 -1 -1 -1 -1 -1 -1 -1 -1 -1
0.6385856866836548 0.5131616592407227 0.19170039892196655 -1 -1 -1 -1 -1 -1 -1 -1 -1
0.6364606618881226 0.5003721117973328 0.8850241899490356 -1 -1 -1 -1 -1 -1 -1 -1 -1
0.5931252837181091 0.5198613405227661 0.9969546794891357 -1 -1 -1 -1 -1 -1 -1 -1 -1
0.5857092142105103 0.520324170589447 0.9972687363624573 -1 -1 -1 -1 -1 -1 -1 -1 -1
0.6053156852722168 0.6178611516952515 0.36874449253082275 -1 -1 -1 -1 -1 -1 -1 -1 -1
0.6033462882041931 0.6146570444107056 0.9497607350349426 -1 -1 -1 -1 -1 -1 -1 -1 -1
0.5997995138168335 0.7264165878295898 0.5865476727485657 -1 -1 -1 -1 -1 -1 -1 -1 -1
0.5952030420303345 0.7369802594184875 0.966155469417572 -1 -1 -1 -1 -1 -1 -1 -1 -1
0.5909618139266968 0.745006799697876 0.5930728316307068 -1 -1 -1 -1 -1 -1 -1 -1 -1
0.5869611501693726 0.7522355914115906 0.9023661017417908 -1 -1 -1 -1 -1 -1 -1 -1 -1
0.6175508499145508 0.7628136873245239 0.7654218077659607 -1 -1 -1 -1 -1 -1 -1 -1 -1
0.6161441802978516 0.7770600914955139 0.9701935648918152 -1 -1 -1 -1 -1 -1 -1 -1 -1
1 
33 
-1 -1 -1 -1 -1 -1 -1 -1 -1 -1
0.6145106554031372 0.35084661841392517 0.9960926175117493 -1 -1 -1 -1 -1 -1 -1 -1 -1
0.6128791570663452 0.3388065695762634 0.9916370511054993 -1 -1 -1 -1 -1 -1 -1 -1 -1
0.6125739812850952 0.33808988332748413 0.9900755286216736 -1 -1 -1 -1 -1 -1 -1 -1 -1
0.612218976020813 0.33724674582481384 0.9934849143028259 -1 -1 -1 -1 -1 -1 -1 -1 -1
0.611562192440033 0.3385058641433716 0.9953651428222656 -1 -1 -1 -1 -1 -1 -1 -1 -1
0.6103025078773499 0.33765357732772827 0.9953475594520569 -1 -1 -1 -1 -1 -1 -1 -1 -1
0.6089755296707153 0.3367335796356201 0.9963963627815247 -1 -1 -1 -1 -1 -1 -1 -1 -1
0.6045109033584595 0.3371241092681885 0.9786014556884766 -1 -1 -1 -1 -1 -1 -1 -1 -1
0.6013939380645752 0.33712294697761536 0.9905085563659668 -1 -1 -1 -1 -1 -1 -1 -1 -1
0.6121377348899841 0.35951441526412964 0.9917725920677185 -1 -1 -1 -1 -1 -1 -1 -1 -1
0.6099297404289246 0.35984668135643005 0.9952173233032227 -1 -1 -1 -1 -1 -1 -1 -1 -1
0.598943829536438 0.389306902885437 0.9966821074485779 -1 -1 -1 -1 -1 -1 -1 -1 -1
0.5916578769683838 0.38353997468948364 0.9996465444564819 -1 -1 -1 -1 -1 -1 -1 -1 -1
0.6163167357444763 0.4489652216434479 0.18749304115772247 -1 -1 -1 -1 -1 -1 -1 -1 -1
0.6101000308990479 0.4413001537322998 0.9832958579063416 -1 -1 -1 -1 -1 -1 -1 -1 -1
0.6432176232337952 0.48661118745803833 0.4081471264362335 -1 -1 -1 -1 -1 -1 -1 -1 -1
0.6403347253799438 0.48550325632095337 0.9693580865859985 -1 -1 -1 -1 -1 -1 -1 -1 -1
0.6506779789924622 0.5051405429840088 0.41081881523132324 -1 -1 -1 -1 -1 -1 -1 -1 -1
0.6459730863571167 0.5016251802444458 0.9551531672477722 -1 -1 -1 -1 -1 -1 -1 -1 -1
0.6528432965278625 0.5028721690177917 0.43105262517929077 -1 -1 -1 -1 -1 -1 -1 -1 -1
0.6501971483230591 0.49746018648147583 0.9470558762550354 -1 -1 -1 -1 -1 -1 -1 -1 -1
0.648980975151062 0.49530595541000366 0.41979578137397766 -1 -1 -1 -1 -1 -1 -1 -1 -1
0.6464933156967163 0.490294486284256 0.8947597742080688 -1 -1 -1 -1 -1 -1 -1 -1 -1
0.5862846374511719 0.5223579406738281 0.9932231903076172 -1 -1 -1 -1 -1 -1 -1 -1 -1
0.5809215903282166 0.5253954529762268 0.9962432384490967 -1 -1 -1 -1 -1 -1 -1 -1 -1
0.6040047407150269 0.621350109577179 0.3760490119457245 -1 -1 -1 -1 -1 -1 -1 -1 -1
0.6048730611801147 0.6216243505477905 0.9739320278167725 -1 -1 -1 -1 -1 -1 -1 -1 -1
0.5895106792449951 0.7137097120285034 0.5143824815750122 -1 -1 -1 -1 -1 -1 -1 -1 -1
0.5920282006263733 0.7404938340187073 0.9878992438316345 -1 -1 -1 -1 -1 -1 -1 -1 -1
0.5813671946525574 0.7326115369796753 0.5745878219604492 -1 -1 -1 -1 -1 -1 -1 -1 -1
0.5830048322677612 0.752538800239563 0.9677459001541138 -1 -1 -1 -1 -1 -1 -1 -1 -1
0.609197735786438 0.748909056186676 0.7191054224967957 -1 -1 -1 -1 -1 -1 -1 -1 -1
0.6154400110244751 0.7722866535186768 0.984833300113678 -1 -1 -1 -1 -1 -1 -1 -1 -1
1 
33 
-1 -1 -1 -1 -1 -1 -1 -1 -1 -1
0.6173303723335266 0.362480103969574 0.9997090697288513 -1 -1 -1 -1 -1 -1 -1 -1 -1
0.6167711615562439 0.3513595461845398 0.9995260238647461 -1 -1 -1 -1 -1 -1 -1 -1 -1
0.6165856122970581 0.35083889961242676 0.999376118183136 -1 -1 -1 -1 -1 -1 -1 -1 -1
0.616364598274231 0.3501613140106201 0.9996073842048645 -1 -1 -1 -1 -1 -1 -1 -1 -1
0.6152552366256714 0.3505011200904846 0.999687671661377 -1 -1 -1 -1 -1 -1 -1 -1 -1
0.6139360070228577 0.34949156641960144 0.9996637105941772 -1 -1 -1 -1 -1 -1 -1 -1 -1
0.6124221086502075 0.34833526611328125 0.9997057318687439 -1 -1 -1 -1 -1 -1 -1 -1 -1
0.6084080338478088 0.3490278124809265 0.999237060546875 -1 -1 -1 -1 -1 -1 -1 -1 -1
0.6034283638000488 0.34757664799690247 0.9995287656784058 -1 -1 -1 -1 -1 -1 -1 -1 -1
0.6140297055244446 0.3709542751312256 0.9996291399002075 -1 -1 -1 -1 -1 -1 -1 -1 -1
0.611504852771759 0.3708447813987732 0.9997372031211853 -1 -1 -1 -1 -1 -1 -1 -1 -1
0.6017959713935852 0.4008903503417969 0.9996237754821777 -1 -1 -1 -1 -1 -1 -1 -1 -1
0.5875460505485535 0.38591551780700684 0.9998427629470825 -1 -1 -1 -1 -1 -1 -1 -1 -1
0.6237223148345947 0.44955646991729736 0.46480855345726013 -1 -1 -1 -1 -1 -1 -1 -1 -1
0.606908917427063 0.4278464913368225 0.9922589659690857 -1 -1 -1 -1 -1 -1 -1 -1 -1
0.649384081363678 0.47698745131492615 0.7105975151062012 -1 -1 -1 -1 -1 -1 -1 -1 -1
0.6388444900512695 0.4621497690677643 0.9796400666236877 -1 -1 -1 -1 -1 -1 -1 -1 -1
0.6562080979347229 0.4870438873767853 0.7027104496955872 -1 -1 -1 -1 -1 -1 -1 -1 -1
0.6454352140426636 0.47384005784988403 0.9686190485954285 -1 -1 -1 -1 -1 -1 -1 -1 -1
0.6564393043518066 0.47888049483299255 0.7210505604743958 -1 -1 -1 -1 -1 -1 -1 -1 -1
0.6465027332305908 0.46758532524108887 0.9643096923828125 -1 -1 -1 -1 -1 -1 -1 -1 -1
0.6531828045845032 0.4755224883556366 0.7022949457168579 -1 -1 -1 -1 -1 -1 -1 -1 -1
0.6445386409759521 0.46554768085479736 0.9330784678459167 -1 -1 -1 -1 -1 -1 -1 -1 -1
0.5848351716995239 0.5383341312408447 0.9995335340499878 -1 -1 -1 -1 -1 -1 -1 -1 -1
0.5725749135017395 0.5360450148582458 0.9993690848350525 -1 -1 -1 -1 -1 -1 -1 -1 -1
0.605049729347229 0.6355502009391785 0.6484848260879517 -1 -1 -1 -1 -1 -1 -1 -1 -1
0.6053107976913452 0.6197645664215088 0.9898090362548828 -1 -1 -1 -1 -1 -1 -1 -1 -1
0.5942118167877197 0.732603132724762 0.7014296054840088 -1 -1 -1 -1 -1 -1 -1 -1 -1
0.5918677449226379 0.7394732236862183 0.9908077120780945 -1 -1 -1 -1 -1 -1 -1 -1 -1
0.5855968594551086 0.7497842907905579 0.7053626179695129 -1 -1 -1 -1 -1 -1 -1 -1 -1
0.5825941562652588 0.7533177733421326 0.9676084518432617 -1 -1 -1 -1 -1 -1 -1 -1 -1
0.6178615093231201 0.7655077576637268 0.8473785519599915 -1 -1 -1 -1 -1 -1 -1 -1 -1
0.6164685487747192 0.772135317325592 0.9895166754722595 -1 -1 -1 -1 -1 -1 -1 -1 -1
1 
33 
-1 -1 -1 -1 -1 -1 -1 -1 -1 -1
0.6175974607467651 0.386319100856781 0.9995361566543579 -1 -1 -1 -1 -1 -1 -1 -1 -1
0.6173524260520935 0.3730522394180298 0.999220609664917 -1 -1 -1 -1 -1 -1 -1 -1 -1
0.6171116828918457 0.3722460865974426 0.9990484118461609 -1 -1 -1 -1 -1 -1 -1 -1 -1
0.6167812943458557 0.371243417263031 0.999342143535614 -1 -1 -1 -1 -1 -1 -1 -1 -1
0.6163061857223511 0.37251532077789307 0.9996084570884705 -1 -1 -1 -1 -1 -1 -1 -1 -1
0.6153255105018616 0.37148499488830566 0.9996516704559326 -1 -1 -1 -1 -1 -1 -1 -1 -1
0.6142381429672241 0.3703154921531677 0.9996938705444336 -1 -1 -1 -1 -1 -1 -1 -1 -1
0.6089872121810913 0.37009793519973755 0.9991924166679382 -1 -1 -1 -1 -1 -1 -1 -1 -1
0.6063724756240845 0.3705577850341797 0.9995564818382263 -1 -1 -1 -1 -1 -1 -1 -1 -1
0.6149493455886841 0.39301007986068726 0.9985376596450806 -1 -1 -1 -1 -1 -1 -1 -1 -1
0.6132706999778748 0.392752081155777 0.9992011189460754 -1 -1 -1 -1 -1 -1 -1 -1 -1
0.6015076637268066 0.41186845302581787 0.995187520980835 -1 -1 -1 -1 -1 -1 -1 -1 -1
0.590128481388092 0.405068039894104 0.9995542168617249 -1 -1 -1 -1 -1 -1 -1 -1 -1
0.6261664628982544 0.43401700258255005 0.2417936772108078 -1 -1 -1 -1 -1 -1 -1 -1 -1
0.6054111123085022 0.4220231771469116 0.9953309893608093 -1 -1 -1 -1 -1 -1 -1 -1 -1
0.65147465467453 0.45713895559310913 0.35850903391838074 -1 -1 -1 -1 -1 -1 -1 -1 -1
0.6405137181282043 0.44437986612319946 0.9809818267822266 -1 -1 -1 -1 -1 -1 -1 -1 -1
0.6540812849998474 0.45717087388038635 0.38471776247024536 -1 -1 -1 -1 -1 -1 -1 -1 -1
0.6479727625846863 0.4509119987487793 0.9686010479927063 -1 -1 -1 -1 -1 -1 -1 -1 -1
0.6550470590591431 0.4533543884754181 0.4012504518032074 -1 -1 -1 -1 -1 -1 -1 -1 -1
0.6499749422073364 0.447304368019104 0.9641575217247009 -1 -1 -1 -1 -1 -1 -1 -1 -1
0.6529971361160278 0.4537065029144287 0.4125016927719116 -1 -1 -1 -1 -1 -1 -1 -1 -1
0.6476557850837708 0.4468437731266022 0.9382988810539246 -1 -1 -1 -1 -1 -1 -1 -1 -1
0.5748944878578186 0.5520195960998535 0.9969960451126099 -1 -1 -1 -1 -1 -1 -1 -1 -1
0.5673540830612183 0.5519285202026367 0.9976257681846619 -1 -1 -1 -1 -1 -1 -1 -1 -1
0.6083449125289917 0.6323865056037903 0.7570115327835083 -1 -1 -1 -1 -1 -1 -1 -1 -1
0.608237624168396 0.6309763789176941 0.9953181147575378 -1 -1 -1 -1 -1 -1 -1 -1 -1
0.5936391949653625 0.7353656888008118 0.7994433641433716 -1 -1 -1 -1 -1 -1 -1 -1 -1
0.590977668762207 0.7461243867874146 0.9950613379478455 -1 -1 -1 -1 -1 -1 -1 -1 -1
0.5853647589683533 0.7517647743225098 0.7734645009040833 -1 -1 -1 -1 -1 -1 -1 -1 -1
0.5823022127151489 0.7609582543373108 0.9780304431915283 -1 -1 -1 -1 -1 -1 -1 -1 -1
0.6165379285812378 0.7624977827072144 0.8728833198547363 -1 -1 -1 -1 -1 -1 -1 -1 -1
0.6157037019729614 0.7755674123764038 0.9898916482925415 -1 -1 -1 -1 -1 -1 -1 -1 -1
1 
33 
-1 -1 -1 -1 -1 -1 -1 -1 -1 -1
0.6217433214187622 0.4106276035308838 0.993145227432251 -1 -1 -1 -1 -1 -1 -1 -1 -1
0.621283769607544 0.39774560928344727 0.9920071363449097 -1 -1 -1 -1 -1 -1 -1 -1 -1
0.6210561990737915 0.39698708057403564 0.9905637502670288 -1 -1 -1 -1 -1 -1 -1 -1 -1
0.6207855939865112 0.3961458206176758 0.99226975440979 -1 -1 -1 -1 -1 -1 -1 -1 -1
0.6203671097755432 0.3975676894187927 0.9951556921005249 -1 -1 -1 -1 -1 -1 -1 -1 -1
0.619490385055542 0.3966822028160095 0.9964925646781921 -1 -1 -1 -1 -1 -1 -1 -1 -1
0.6185562014579773 0.39567723870277405 0.997273862361908 -1 -1 -1 -1 -1 -1 -1 -1 -1
0.6133354902267456 0.3965326249599457 0.9958162903785706 -1 -1 -1 -1 -1 -1 -1 -1 -1
0.6107479929924011 0.39597287774086 0.9954558610916138 -1 -1 -1 -1 -1 -1 -1 -1 -1
0.6188111305236816 0.4184904396533966 0.9874359369277954 -1 -1 -1 -1 -1 -1 -1 -1 -1
0.617120623588562 0.41787007451057434 0.9924896359443665 -1 -1 -1 -1 -1 -1 -1 -1 -1
0.6003861427307129 0.4339611530303955 0.9699798822402954 -1 -1 -1 -1 -1 -1 -1 -1 -1
0.5944345593452454 0.42451757192611694 0.9979115128517151 -1 -1 -1 -1 -1 -1 -1 -1 -1
0.6032751798629761 0.4608704745769501 0.00992847140878439 -1 -1 -1 -1 -1 -1 -1 -1 -1
0.6053218841552734 0.4262876510620117 0.9418926239013672 -1 -1 -1 -1 -1 -1 -1 -1 -1
0.6125912666320801 0.47651249170303345 0.014308924786746502 -1 -1 -1 -1 -1 -1 -1 -1 -1
0.6367775201797485 0.4157554507255554 0.9355059266090393 -1 -1 -1 -1 -1 -1 -1 -1 -1
0.6119568943977356 0.48377180099487305 0.02961343340575695 -1 -1 -1 -1 -1 -1 -1 -1 -1
0.6427156925201416 0.4120705723762512 0.9427589774131775 -1 -1 -1 -1 -1 -1 -1 -1 -1
0.6144139170646667 0.4802338182926178 0.03052627295255661 -1 -1 -1 -1 -1 -1 -1 -1 -1
0.641444206237793 0.4078826904296875 0.9361754655838013 -1 -1 -1 -1 -1 -1 -1 -1 -1
0.6149157285690308 0.47800111770629883 0.03498043492436409 -1 -1 -1 -1 -1 -1 -1 -1 -1
0.6383218765258789 0.4112990200519562 0.8858968019485474 -1 -1 -1 -1 -1 -1 -1 -1 -1
0.5678907036781311 0.572163462638855 0.9988042116165161 -1 -1 -1 -1 -1 -1 -1 -1 -1
0.5620945692062378 0.5748724937438965 0.9990243911743164 -1 -1 -1 -1 -1 -1 -1 -1 -1
0.6085233092308044 0.6371327638626099 0.7363762259483337 -1 -1 -1 -1 -1 -1 -1 -1 -1
0.6107752919197083 0.641444742679596 0.9928948283195496 -1 -1 -1 -1 -1 -1 -1 -1 -1
0.5907689332962036 0.7317453622817993 0.8083279728889465 -1 -1 -1 -1 -1 -1 -1 -1 -1
0.5899978876113892 0.7484201788902283 0.9941601753234863 -1 -1 -1 -1 -1 -1 -1 -1 -1
0.5812983512878418 0.7468439340591431 0.7848871946334839 -1 -1 -1 -1 -1 -1 -1 -1 -1
0.580703854560852 0.7621831893920898 0.9794682860374451 -1 -1 -1 -1 -1 -1 -1 -1 -1
0.6142649054527283 0.7615125179290771 0.8710996508598328 -1 -1 -1 -1 -1 -1 -1 -1 -1
0.6151456236839294 0.7771091461181641 0.9884131550788879 -1 -1 -1 -1 -1 -1 -1 -1 -1
1 
33 
-1 -1 -1 -1 -1 -1 -1 -1 -1 -1
0.6310552358627319 0.4211975932121277 0.9914584755897522 -1 -1 -1 -1 -1 -1 -1 -1 -1
0.6296346187591553 0.40703174471855164 0.994351863861084 -1 -1 -1 -1 -1 -1 -1 -1 -1
0.629377007484436 0.4065433740615845 0.993760883808136 -1 -1 -1 -1 -1 -1 -1 -1 -1
0.6306982040405273 0.40986448526382446 0.9950350522994995 -1 -1 -1 -1 -1 -1 -1 -1 -1
0.6314385533332825 0.4106362760066986 0.9956596493721008 -1 -1 -1 -1 -1 -1 -1 -1 -1
0.6303097605705261 0.41018587350845337 0.9964041709899902 -1 -1 -1 -1 -1 -1 -1 -1 -1
0.6291749477386475 0.40976840257644653 0.9967182278633118 -1 -1 -1 -1 -1 -1 -1 -1 -1
0.6215463876724243 0.41014623641967773 0.9978615641593933 -1 -1 -1 -1 -1 -1 -1 -1 -1
0.6181029081344604 0.4170522391796112 0.9943774342536926 -1 -1 -1 -1 -1 -1 -1 -1 -1
0.6271935105323792 0.44039493799209595 0.984439492225647 -1 -1 -1 -1 -1 -1 -1 -1 -1
0.625785231590271 0.44098371267318726 0.9877437949180603 -1 -1 -1 -1 -1 -1 -1 -1 -1
0.6057736277580261 0.45181578397750854 0.9499804973602295 -1 -1 -1 -1 -1 -1 -1 -1 -1
0.6021512746810913 0.45728734135627747 0.982269287109375 -1 -1 -1 -1 -1 -1 -1 -1 -1
0.6050675511360168 0.462993860244751 0.010896703228354454 -1 -1 -1 -1 -1 -1 -1 -1 -1
0.5998929142951965 0.4601246118545532 0.40869489312171936 -1 -1 -1 -1 -1 -1 -1 -1 -1
0.6142942905426025 0.4482581913471222 0.014893892221152782 -1 -1 -1 -1 -1 -1 -1 -1 -1
0.6196250915527344 0.43613937497138977 0.29551440477371216 -1 -1 -1 -1 -1 -1 -1 -1 -1
0.6124756932258606 0.44866883754730225 0.03143380582332611 -1 -1 -1 -1 -1 -1 -1 -1 -1
0.6218694448471069 0.43579864501953125 0.40794000029563904 -1 -1 -1 -1 -1 -1 -1 -1 -1
0.6154459714889526 0.4447531998157501 0.03257071599364281 -1 -1 -1 -1 -1 -1 -1 -1 -1
0.6250795722007751 0.42908036708831787 0.3933202922344208 -1 -1 -1 -1 -1 -1 -1 -1 -1
0.6170222163200378 0.44488152861595154 0.03591480478644371 -1 -1 -1 -1 -1 -1 -1 -1 -1
0.6241517066955566 0.42970216274261475 0.2938418388366699 -1 -1 -1 -1 -1 -1 -1 -1 -1
0.567022442817688 0.5788349509239197 0.9988316893577576 -1 -1 -1 -1 -1 -1 -1 -1 -1
0.5582507848739624 0.5874380469322205 0.9981527924537659 -1 -1 -1 -1 -1 -1 -1 -1 -1
0.6101869940757751 0.6383992433547974 0.7243732810020447 -1 -1 -1 -1 -1 -1 -1 -1 -1
0.6106225252151489 0.646763026714325 0.987550675868988 -1 -1 -1 -1 -1 -1 -1 -1 -1
0.5935565829277039 0.7402633428573608 0.8415096998214722 -1 -1 -1 -1 -1 -1 -1 -1 -1
0.5894509553909302 0.7535251379013062 0.9921230673789978 -1 -1 -1 -1 -1 -1 -1 -1 -1
0.5842884182929993 0.7564812898635864 0.8098282217979431 -1 -1 -1 -1 -1 -1 -1 -1 -1
0.5795309543609619 0.7648508548736572 0.9689305424690247 -1 -1 -1 -1 -1 -1 -1 -1 -1
0.618243396282196 0.767051637172699 0.8760442137718201 -1 -1 -1 -1 -1 -1 -1 -1 -1
0.6150996088981628 0.7799085378646851 0.9824292659759521 -1 -1 -1 -1 -1 -1 -1 -1 -1
1 
33 
-1 -1 -1 -1 -1 -1 -1 -1 -1 -1
0.619159996509552 0.4068787693977356 0.9381066560745239 -1 -1 -1 -1 -1 -1 -1 -1 -1
0.6151807308197021 0.3989882171154022 0.9561707973480225 -1 -1 -1 -1 -1 -1 -1 -1 -1
0.614517331123352 0.39925888180732727 0.9585039615631104 -1 -1 -1 -1 -1 -1 -1 -1 -1
0.6138586401939392 0.3995656967163086 0.9647729396820068 -1 -1 -1 -1 -1 -1 -1 -1 -1
0.6152056455612183 0.3995544910430908 0.9693225026130676 -1 -1 -1 -1 -1 -1 -1 -1 -1
0.6142710447311401 0.3999072313308716 0.9774225950241089 -1 -1 -1 -1 -1 -1 -1 -1 -1
0.6133466958999634 0.40026625990867615 0.9767186641693115 -1 -1 -1 -1 -1 -1 -1 -1 -1
0.6066843271255493 0.40581923723220825 0.9870378971099854 -1 -1 -1 -1 -1 -1 -1 -1 -1
0.6059589385986328 0.407504141330719 0.9776583909988403 -1 -1 -1 -1 -1 -1 -1 -1 -1
0.6177173852920532 0.4179849922657013 0.9249821901321411 -1 -1 -1 -1 -1 -1 -1 -1 -1
0.6173487901687622 0.41801565885543823 0.9405538439750671 -1 -1 -1 -1 -1 -1 -1 -1 -1
0.5968286991119385 0.4490404427051544 0.9458111524581909 -1 -1 -1 -1 -1 -1 -1 -1 -1
0.5990018248558044 0.4495812654495239 0.9940191507339478 -1 -1 -1 -1 -1 -1 -1 -1 -1
0.6031378507614136 0.46544185280799866 0.011183313094079494 -1 -1 -1 -1 -1 -1 -1 -1 -1
0.599676787853241 0.46486976742744446 0.5878696441650391 -1 -1 -1 -1 -1 -1 -1 -1 -1
0.6139307022094727 0.45657438039779663 0.008116839453577995 -1 -1 -1 -1 -1 -1 -1 -1 -1
0.6043742895126343 0.45397794246673584 0.5564732551574707 -1 -1 -1 -1 -1 -1 -1 -1 -1
0.6113718152046204 0.4571603834629059 0.01861857809126377 -1 -1 -1 -1 -1 -1 -1 -1 -1
0.6016661524772644 0.45472103357315063 0.6956519484519958 -1 -1 -1 -1 -1 -1 -1 -1 -1
0.6141688823699951 0.4532099962234497 0.01999429240822792 -1 -1 -1 -1 -1 -1 -1 -1 -1
0.6029793620109558 0.45090341567993164 0.6856486201286316 -1 -1 -1 -1 -1 -1 -1 -1 -1
0.6157580018043518 0.4521578252315521 0.022842513397336006 -1 -1 -1 -1 -1 -1 -1 -1 -1
0.6042235493659973 0.45113515853881836 0.6242415308952332 -1 -1 -1 -1 -1 -1 -1 -1 -1
0.56163489818573 0.5939829349517822 0.9986209869384766 -1 -1 -1 -1 -1 -1 -1 -1 -1
0.5619053840637207 0.5969020128250122 0.9988395571708679 -1 -1 -1 -1 -1 -1 -1 -1 -1
0.6078085899353027 0.6499465107917786 0.5968396663665771 -1 -1 -1 -1 -1 -1 -1 -1 -1
0.6100245714187622 0.6502878665924072 0.989733874797821 -1 -1 -1 -1 -1 -1 -1 -1 -1
0.5909451842308044 0.7429318428039551 0.7390656471252441 -1 -1 -1 -1 -1 -1 -1 -1 -1
0.5890373587608337 0.7555837631225586 0.993529736995697 -1 -1 -1 -1 -1 -1 -1 -1 -1
0.5803549289703369 0.756443202495575 0.731372594833374 -1 -1 -1 -1 -1 -1 -1 -1 -1
0.5789927244186401 0.7708442211151123 0.9809353351593018 -1 -1 -1 -1 -1 -1 -1 -1 -1
0.6184157133102417 0.7637137770652771 0.8059300184249878 -1 -1 -1 -1 -1 -1 -1 -1 -1
0.6172136068344116 0.7768639326095581 0.9891427159309387 -1 -1 -1 -1 -1 -1 -1 -1 -1
1 
33 
-1 -1 -1 -1 -1 -1 -1 -1 -1 -1
0.6361064910888672 0.4986025393009186 0.9993264675140381 -1 -1 -1 -1 -1 -1 -1 -1 -1
0.6350854635238647 0.49345463514328003 0.9997239708900452 -1 -1 -1 -1 -1 -1 -1 -1 -1
0.6348069906234741 0.4939020276069641 0.9996696710586548 -1 -1 -1 -1 -1 -1 -1 -1 -1
0.6345000863075256 0.4942282438278198 0.9996384382247925 -1 -1 -1 -1 -1 -1 -1 -1 -1
0.6342370510101318 0.4926163852214813 0.9997463822364807 -1 -1 -1 -1 -1 -1 -1 -1 -1
0.6333478093147278 0.4927448034286499 0.9997096657752991 -1 -1 -1 -1 -1 -1 -1 -1 -1
0.6323952078819275 0.4928079843521118 0.9997617602348328 -1 -1 -1 -1 -1 -1 -1 -1 -1
0.6281713247299194 0.49889516830444336 0.9998576641082764 -1 -1 -1 -1 -1 -1 -1 -1 -1
0.6250172853469849 0.49794498085975647 0.9997544884681702 -1 -1 -1 -1 -1 -1 -1 -1 -1
0.6324118375778198 0.5057201981544495 0.9990565180778503 -1 -1 -1 -1 -1 -1 -1 -1 -1
0.6325671076774597 0.5107380747795105 0.9991948008537292 -1 -1 -1 -1 -1 -1 -1 -1 -1
0.6094712615013123 0.5233554840087891 0.9850940704345703 -1 -1 -1 -1 -1 -1 -1 -1 -1
0.6042670011520386 0.5176570415496826 0.9982971549034119 -1 -1 -1 -1 -1 -1 -1 -1 -1
0.6006456017494202 0.4516964554786682 0.8986557126045227 -1 -1 -1 -1 -1 -1 -1 -1 -1
0.5989705920219421 0.45477214455604553 0.8930996060371399 -1 -1 -1 -1 -1 -1 -1 -1 -1
0.588074803352356 0.40073689818382263 0.8810470700263977 -1 -1 -1 -1 -1 -1 -1 -1 -1
0.5850164890289307 0.4003145694732666 0.9124584197998047 -1 -1 -1 -1 -1 -1 -1 -1 -1
0.5834412574768066 0.38549119234085083 0.8587074279785156 -1 -1 -1 -1 -1 -1 -1 -1 -1
0.5788832306861877 0.3850492238998413 0.9073472023010254 -1 -1 -1 -1 -1 -1 -1 -1 -1
0.583264946937561 0.38664573431015015 0.8669790029525757 -1 -1 -1 -1 -1 -1 -1 -1 -1
0.5796129703521729 0.3867940604686737 0.9031075835227966 -1 -1 -1 -1 -1 -1 -1 -1 -1
0.5853001475334167 0.39316219091415405 0.8549737930297852 -1 -1 -1 -1 -1 -1 -1 -1 -1
0.5812312960624695 0.39098280668258667 0.8699808716773987 -1 -1 -1 -1 -1 -1 -1 -1 -1
0.5611109733581543 0.6255051493644714 0.999006450176239 -1 -1 -1 -1 -1 -1 -1 -1 -1
0.5551990866661072 0.6263121366500854 0.9994115829467773 -1 -1 -1 -1 -1 -1 -1 -1 -1
0.6099003553390503 0.648426353931427 0.5747272372245789 -1 -1 -1 -1 -1 -1 -1 -1 -1
0.6109402775764465 0.6558977365493774 0.9969933032989502 -1 -1 -1 -1 -1 -1 -1 -1 -1
0.5940356850624084 0.7333426475524902 0.6227899193763733 -1 -1 -1 -1 -1 -1 -1 -1 -1
0.5891236066818237 0.7524385452270508 0.9912954568862915 -1 -1 -1 -1 -1 -1 -1 -1 -1
0.584025502204895 0.7479471564292908 0.6579849720001221 -1 -1 -1 -1 -1 -1 -1 -1 -1
0.5815850496292114 0.7659049034118652 0.9792158007621765 -1 -1 -1 -1 -1 -1 -1 -1 -1
0.6124246716499329 0.7576684355735779 0.6977933645248413 -1 -1 -1 -1 -1 -1 -1 -1 -1
0.6115416288375854 0.7721868753433228 0.9826697111129761 -1 -1 -1 -1 -1 -1 -1 -1 -1
1 
33 
-1 -1 -1 -1 -1 -1 -1 -1 -1 -1
0.6339887380599976 0.5217397212982178 0.9985644221305847 -1 -1 -1 -1 -1 -1 -1 -1 -1
0.6342136859893799 0.5131162405014038 0.9988678693771362 -1 -1 -1 -1 -1 -1 -1 -1 -1
0.63381028175354 0.5128039121627808 0.9986655712127686 -1 -1 -1 -1 -1 -1 -1 -1 -1
0.6332562565803528 0.5124316215515137 0.9989867806434631 -1 -1 -1 -1 -1 -1 -1 -1 -1
0.6340361833572388 0.5130011439323425 0.9990122318267822 -1 -1 -1 -1 -1 -1 -1 -1 -1
0.6334428191184998 0.5126332640647888 0.9990419745445251 -1 -1 -1 -1 -1 -1 -1 -1 -1
0.6326668858528137 0.5122355222702026 0.9992781281471252 -1 -1 -1 -1 -1 -1 -1 -1 -1
0.6259136199951172 0.5089002847671509 0.9994345307350159 -1 -1 -1 -1 -1 -1 -1 -1 -1
0.6168656945228577 0.4914868474006653 0.9992368221282959 -1 -1 -1 -1 -1 -1 -1 -1 -1
0.628272294998169 0.5271573662757874 0.9978299736976624 -1 -1 -1 -1 -1 -1 -1 -1 -1
0.6279171705245972 0.5265946984291077 0.997927188873291 -1 -1 -1 -1 -1 -1 -1 -1 -1
0.5890486836433411 0.5048025250434875 0.9963698387145996 -1 -1 -1 -1 -1 -1 -1 -1 -1
0.5876690149307251 0.4992700219154358 0.9996789693832397 -1 -1 -1 -1 -1 -1 -1 -1 -1
0.5829144716262817 0.4811098277568817 0.10341542959213257 -1 -1 -1 -1 -1 -1 -1 -1 -1
0.5829812288284302 0.49168622493743896 0.8221024870872498 -1 -1 -1 -1 -1 -1 -1 -1 -1
0.5850070714950562 0.4734494090080261 0.05010940134525299 -1 -1 -1 -1 -1 -1 -1 -1 -1
0.5781660676002502 0.48056066036224365 0.6519224643707275 -1 -1 -1 -1 -1 -1 -1 -1 -1
0.5841221213340759 0.4743562340736389 0.06700186431407928 -1 -1 -1 -1 -1 -1 -1 -1 -1
0.5768975019454956 0.48198193311691284 0.6761755347251892 -1 -1 -1 -1 -1 -1 -1 -1 -1
0.5850897431373596 0.47392910718917847 0.07142743468284607 -1 -1 -1 -1 -1 -1 -1 -1 -1
0.5784822106361389 0.47840750217437744 0.687038242816925 -1 -1 -1 -1 -1 -1 -1 -1 -1
0.585559606552124 0.4741328954696655 0.07396905869245529 -1 -1 -1 -1 -1 -1 -1 -1 -1
0.5783535242080688 0.47864294052124023 0.6121184825897217 -1 -1 -1 -1 -1 -1 -1 -1 -1
0.5717032551765442 0.6350138783454895 0.9988791346549988 -1 -1 -1 -1 -1 -1 -1 -1 -1
0.5668056607246399 0.634311854839325 0.9992597699165344 -1 -1 -1 -1 -1 -1 -1 -1 -1
0.6151922941207886 0.6503214836120605 0.27314293384552 -1 -1 -1 -1 -1 -1 -1 -1 -1
0.6133649349212646 0.6595739722251892 0.9671310186386108 -1 -1 -1 -1 -1 -1 -1 -1 -1
0.5960263013839722 0.7380048632621765 0.3763639032840729 -1 -1 -1 -1 -1 -1 -1 -1 -1
0.5893977284431458 0.7580649256706238 0.9396013617515564 -1 -1 -1 -1 -1 -1 -1 -1 -1
0.5901710987091064 0.7576600313186646 0.4663882255554199 -1 -1 -1 -1 -1 -1 -1 -1 -1
0.5798704624176025 0.7756623029708862 0.9207278490066528 -1 -1 -1 -1 -1 -1 -1 -1 -1
0.6165456771850586 0.7618688344955444 0.4652889668941498 -1 -1 -1 -1 -1 -1 -1 -1 -1
0.6147608757019043 0.7797207832336426 0.9274299144744873 -1 -1 -1 -1 -1 -1 -1 -1 -1
1 
33 
-1 -1 -1 -1 -1 -1 -1 -1 -1 -1
0.6367635726928711 0.5171412229537964 0.9990940093994141 -1 -1 -1 -1 -1 -1 -1 -1 -1
0.6355191469192505 0.5102789402008057 0.9997947812080383 -1 -1 -1 -1 -1 -1 -1 -1 -1
0.6351391077041626 0.510177493095398 0.9996650218963623 -1 -1 -1 -1 -1 -1 -1 -1 -1
0.6347982287406921 0.5100383758544922 0.9998082518577576 -1 -1 -1 -1 -1 -1 -1 -1 -1
0.6351755261421204 0.5100853443145752 0.9998363256454468 -1 -1 -1 -1 -1 -1 -1 -1 -1
0.6344966888427734 0.509833037853241 0.9997268319129944 -1 -1 -1 -1 -1 -1 -1 -1 -1
0.6337806582450867 0.5094773769378662 0.9998668432235718 -1 -1 -1 -1 -1 -1 -1 -1 -1
0.6279457211494446 0.5137943029403687 0.9998890161514282 -1 -1 -1 -1 -1 -1 -1 -1 -1
0.625831127166748 0.5117076635360718 0.999923825263977 -1 -1 -1 -1 -1 -1 -1 -1 -1
0.6333066821098328 0.5243613719940186 0.9998505115509033 -1 -1 -1 -1 -1 -1 -1 -1 -1
0.6326339840888977 0.5240833759307861 0.9999169111251831 -1 -1 -1 -1 -1 -1 -1 -1 -1
0.6051295399665833 0.5458482503890991 0.9924649000167847 -1 -1 -1 -1 -1 -1 -1 -1 -1
0.5999516248703003 0.5345607995986938 0.999751627445221 -1 -1 -1 -1 -1 -1 -1 -1 -1
0.576385498046875 0.562576174736023 0.06609785556793213 -1 -1 -1 -1 -1 -1 -1 -1 -1
0.5562783479690552 0.5214095711708069 0.9772529006004333 -1 -1 -1 -1 -1 -1 -1 -1 -1
0.5543914437294006 0.5625119209289551 0.17950071394443512 -1 -1 -1 -1 -1 -1 -1 -1 -1
0.5223973989486694 0.5159289240837097 0.9560025930404663 -1 -1 -1 -1 -1 -1 -1 -1 -1
0.5494661331176758 0.56224524974823 0.2541339695453644 -1 -1 -1 -1 -1 -1 -1 -1 -1
0.5159562230110168 0.509168267250061 0.9470911622047424 -1 -1 -1 -1 -1 -1 -1 -1 -1
0.551940381526947 0.5561506152153015 0.25382909178733826 -1 -1 -1 -1 -1 -1 -1 -1 -1
0.5173606276512146 0.5136119723320007 0.9454123377799988 -1 -1 -1 -1 -1 -1 -1 -1 -1
0.5533609986305237 0.556389331817627 0.2594090700149536 -1 -1 -1 -1 -1 -1 -1 -1 -1
0.5193231105804443 0.517618715763092 0.9301345348358154 -1 -1 -1 -1 -1 -1 -1 -1 -1
0.5671606063842773 0.6333197951316833 0.9995520710945129 -1 -1 -1 -1 -1 -1 -1 -1 -1
0.5593024492263794 0.6286364793777466 0.9986627101898193 -1 -1 -1 -1 -1 -1 -1 -1 -1
0.6141447424888611 0.6511496305465698 0.4409477710723877 -1 -1 -1 -1 -1 -1 -1 -1 -1
0.6144977807998657 0.6571309566497803 0.9722536206245422 -1 -1 -1 -1 -1 -1 -1 -1 -1
0.5941108465194702 0.7470184564590454 0.5590918064117432 -1 -1 -1 -1 -1 -1 -1 -1 -1
0.591435432434082 0.7551085352897644 0.9871664643287659 -1 -1 -1 -1 -1 -1 -1 -1 -1
0.5865224599838257 0.7596902847290039 0.7704623937606812 -1 -1 -1 -1 -1 -1 -1 -1 -1
0.5835810303688049 0.7675504684448242 0.9833936095237732 -1 -1 -1 -1 -1 -1 -1 -1 -1
0.6110692024230957 0.7749045491218567 0.7278565764427185 -1 -1 -1 -1 -1 -1 -1 -1 -1
0.6110264658927917 0.7770201563835144 0.9818505644798279 -1 -1 -1 -1 -1 -1 -1 -1 -1
1 
33 
-1 -1 -1 -1 -1 -1 -1 -1 -1 -1
0.6259655356407166 0.5100260972976685 0.9999017715454102 -1 -1 -1 -1 -1 -1 -1 -1 -1
0.6258425712585449 0.500964879989624 0.9999648332595825 -1 -1 -1 -1 -1 -1 -1 -1 -1
0.6255425810813904 0.5001416206359863 0.9999456405639648 -1 -1 -1 -1 -1 -1 -1 -1 -1
0.6251368522644043 0.49955594539642334 0.9999659061431885 -1 -1 -1 -1 -1 -1 -1 -1 -1
0.625584602355957 0.5008906126022339 0.9999725818634033 -1 -1 -1 -1 -1 -1 -1 -1 -1
0.6250103712081909 0.5003227591514587 0.9999600648880005 -1 -1 -1 -1 -1 -1 -1 -1 -1
0.6243637800216675 0.4994048476219177 0.999972939491272 -1 -1 -1 -1 -1 -1 -1 -1 -1
0.6177545189857483 0.499239981174469 0.9999696016311646 -1 -1 -1 -1 -1 -1 -1 -1 -1
0.6164548993110657 0.49925315380096436 0.9999812841415405 -1 -1 -1 -1 -1 -1 -1 -1 -1
0.6210432648658752 0.5164569616317749 0.9999618530273438 -1 -1 -1 -1 -1 -1 -1 -1 -1
0.6205260157585144 0.5160126686096191 0.9999784231185913 -1 -1 -1 -1 -1 -1 -1 -1 -1
0.5962042808532715 0.5340376496315002 0.9998099207878113 -1 -1 -1 -1 -1 -1 -1 -1 -1
0.5969002842903137 0.5298076868057251 0.9999730587005615 -1 -1 -1 -1 -1 -1 -1 -1 -1
0.56855309009552 0.5689415335655212 0.24486017227172852 -1 -1 -1 -1 -1 -1 -1 -1 -1
0.557496964931488 0.5627568960189819 0.9784228205680847 -1 -1 -1 -1 -1 -1 -1 -1 -1
0.56183922290802 0.5960599780082703 0.6798639893531799 -1 -1 -1 -1 -1 -1 -1 -1 -1
0.545255184173584 0.5972791910171509 0.9725682139396667 -1 -1 -1 -1 -1 -1 -1 -1 -1
0.5617513656616211 0.6022666096687317 0.718630850315094 -1 -1 -1 -1 -1 -1 -1 -1 -1
0.5421673059463501 0.6036307215690613 0.9633726477622986 -1 -1 -1 -1 -1 -1 -1 -1 -1
0.5632220506668091 0.5964070558547974 0.7128835320472717 -1 -1 -1 -1 -1 -1 -1 -1 -1
0.5466403365135193 0.6039377450942993 0.9603304862976074 -1 -1 -1 -1 -1 -1 -1 -1 -1
0.5625571012496948 0.5944520831108093 0.6684005260467529 -1 -1 -1 -1 -1 -1 -1 -1 -1
0.5473591089248657 0.6021549701690674 0.9375478625297546 -1 -1 -1 -1 -1 -1 -1 -1 -1
0.5777803063392639 0.635625958442688 0.9999154806137085 -1 -1 -1 -1 -1 -1 -1 -1 -1
0.569710910320282 0.6319484710693359 0.9996812343597412 -1 -1 -1 -1 -1 -1 -1 -1 -1
0.6161818504333496 0.6751282811164856 0.5160564184188843 -1 -1 -1 -1 -1 -1 -1 -1 -1
0.6158369183540344 0.655523955821991 0.9770508408546448 -1 -1 -1 -1 -1 -1 -1 -1 -1
0.5964573621749878 0.7554551959037781 0.7294120788574219 -1 -1 -1 -1 -1 -1 -1 -1 -1
0.592772364616394 0.752039909362793 0.9877505898475647 -1 -1 -1 -1 -1 -1 -1 -1 -1
0.5919154286384583 0.7688169479370117 0.8716445565223694 -1 -1 -1 -1 -1 -1 -1 -1 -1
0.5869507789611816 0.7625124454498291 0.9816991090774536 -1 -1 -1 -1 -1 -1 -1 -1 -1
0.6175099611282349 0.7850669622421265 0.8449140191078186 -1 -1 -1 -1 -1 -1 -1 -1 -1
0.6113510727882385 0.7723841667175293 0.9868093729019165 -1 -1 -1 -1 -1 -1 -1 -1 -1
1 
33 
-1 -1 -1 -1 -1 -1 -1 -1 -1 -1
0.6198011636734009 0.4696251153945923 0.9983658194541931 -1 -1 -1 -1 -1 -1 -1 -1 -1
0.6166877746582031 0.4609675109386444 0.999131977558136 -1 -1 -1 -1 -1 -1 -1 -1 -1
0.616143524646759 0.46111416816711426 0.999270498752594 -1 -1 -1 -1 -1 -1 -1 -1 -1
0.6157037615776062 0.46113383769989014 0.999363124370575 -1 -1 -1 -1 -1 -1 -1 -1 -1
0.6163078546524048 0.4608032703399658 0.9989472031593323 -1 -1 -1 -1 -1 -1 -1 -1 -1
0.61543869972229 0.46088171005249023 0.9991676807403564 -1 -1 -1 -1 -1 -1 -1 -1 -1
0.6145831346511841 0.46074262261390686 0.9991039633750916 -1 -1 -1 -1 -1 -1 -1 -1 -1
0.6075524091720581 0.4663929343223572 0.9997813105583191 -1 -1 -1 -1 -1 -1 -1 -1 -1
0.6063008308410645 0.4659807085990906 0.9992009997367859 -1 -1 -1 -1 -1 -1 -1 -1 -1
0.6158333420753479 0.4792250990867615 0.9981277585029602 -1 -1 -1 -1 -1 -1 -1 -1 -1
0.6150218844413757 0.479336142539978 0.9981839060783386 -1 -1 -1 -1 -1 -1 -1 -1 -1
0.5927077531814575 0.5035631060600281 0.9977964162826538 -1 -1 -1 -1 -1 -1 -1 -1 -1
0.5896417498588562 0.5106322169303894 0.9969958066940308 -1 -1 -1 -1 -1 -1 -1 -1 -1
0.5956280827522278 0.5517901182174683 0.02839822880923748 -1 -1 -1 -1 -1 -1 -1 -1 -1
0.5886164307594299 0.5357674956321716 0.5976958274841309 -1 -1 -1 -1 -1 -1 -1 -1 -1
0.6024739742279053 0.5679685473442078 0.027454307302832603 -1 -1 -1 -1 -1 -1 -1 -1 -1
0.6045116186141968 0.5359957814216614 0.3969355523586273 -1 -1 -1 -1 -1 -1 -1 -1 -1
0.6009934544563293 0.5702341794967651 0.05426115542650223 -1 -1 -1 -1 -1 -1 -1 -1 -1
0.6078812479972839 0.5364701151847839 0.5019498467445374 -1 -1 -1 -1 -1 -1 -1 -1 -1
0.603886067867279 0.565506637096405 0.057882506400346756 -1 -1 -1 -1 -1 -1 -1 -1 -1
0.6088866591453552 0.5286296010017395 0.47833314538002014 -1 -1 -1 -1 -1 -1 -1 -1 -1
0.6051530838012695 0.5643483400344849 0.06096808612346649 -1 -1 -1 -1 -1 -1 -1 -1 -1
0.6073413491249084 0.5293281674385071 0.3946531414985657 -1 -1 -1 -1 -1 -1 -1 -1 -1
0.558657705783844 0.6204046010971069 0.9995962977409363 -1 -1 -1 -1 -1 -1 -1 -1 -1
0.5534729361534119 0.6287135481834412 0.998833954334259 -1 -1 -1 -1 -1 -1 -1 -1 -1
0.6124470829963684 0.6484730243682861 0.560153603553772 -1 -1 -1 -1 -1 -1 -1 -1 -1
0.6138078570365906 0.6548284292221069 0.9677184224128723 -1 -1 -1 -1 -1 -1 -1 -1 -1
0.5976949334144592 0.7514939308166504 0.7631732225418091 -1 -1 -1 -1 -1 -1 -1 -1 -1
0.5928781628608704 0.7564919590950012 0.9817404747009277 -1 -1 -1 -1 -1 -1 -1 -1 -1
0.5878825187683105 0.7667026519775391 0.8173690438270569 -1 -1 -1 -1 -1 -1 -1 -1 -1
0.5832430720329285 0.7711862325668335 0.9667314291000366 -1 -1 -1 -1 -1 -1 -1 -1 -1
0.622241735458374 0.77097088098526 0.7986944317817688 -1 -1 -1 -1 -1 -1 -1 -1 -1
0.6183109879493713 0.7755681276321411 0.9622352123260498 -1 -1 -1 -1 -1 -1 -1 -1 -1
1 
33 
-1 -1 -1 -1 -1 -1 -1 -1 -1 -1
0.6002967357635498 0.45036154985427856 0.9981184005737305 -1 -1 -1 -1 -1 -1 -1 -1 -1
0.5962274670600891 0.4401012659072876 0.9979199767112732 -1 -1 -1 -1 -1 -1 -1 -1 -1
0.5957469940185547 0.4400232136249542 0.9981392621994019 -1 -1 -1 -1 -1 -1 -1 -1 -1
0.5951924324035645 0.43972235918045044 0.998755693435669 -1 -1 -1 -1 -1 -1 -1 -1 -1
0.5955629348754883 0.4405936598777771 0.9980694651603699 -1 -1 -1 -1 -1 -1 -1 -1 -1
0.5946295857429504 0.44105440378189087 0.9981200098991394 -1 -1 -1 -1 -1 -1 -1 -1 -1
0.5935908555984497 0.4413256049156189 0.9985785484313965 -1 -1 -1 -1 -1 -1 -1 -1 -1
0.5882660150527954 0.44702428579330444 0.9984447360038757 -1 -1 -1 -1 -1 -1 -1 -1 -1
0.585975170135498 0.4484693706035614 0.9984788298606873 -1 -1 -1 -1 -1 -1 -1 -1 -1
0.5986271500587463 0.4629136025905609 0.9982043504714966 -1 -1 -1 -1 -1 -1 -1 -1 -1
0.5971896052360535 0.4625759720802307 0.9986461997032166 -1 -1 -1 -1 -1 -1 -1 -1 -1
0.5808314085006714 0.5087093114852905 0.9977748990058899 -1 -1 -1 -1 -1 -1 -1 -1 -1
0.5763537883758545 0.5102120637893677 0.9995962977409363 -1 -1 -1 -1 -1 -1 -1 -1 -1
0.6029680371284485 0.5696545839309692 0.1113620474934578 -1 -1 -1 -1 -1 -1 -1 -1 -1
0.599370539188385 0.5800293684005737 0.9053288698196411 -1 -1 -1 -1 -1 -1 -1 -1 -1
0.6308940052986145 0.6106734871864319 0.0703425258398056 -1 -1 -1 -1 -1 -1 -1 -1 -1
0.6275622844696045 0.6190422177314758 0.8494030237197876 -1 -1 -1 -1 -1 -1 -1 -1 -1
0.6351263523101807 0.6116156578063965 0.09799566864967346 -1 -1 -1 -1 -1 -1 -1 -1 -1
0.6342442035675049 0.6222355365753174 0.8483288884162903 -1 -1 -1 -1 -1 -1 -1 -1 -1
0.6382161378860474 0.6100321412086487 0.1069328784942627 -1 -1 -1 -1 -1 -1 -1 -1 -1
0.6342357993125916 0.6148043274879456 0.8360695838928223 -1 -1 -1 -1 -1 -1 -1 -1 -1
0.6365278363227844 0.6113539338111877 0.11892885714769363 -1 -1 -1 -1 -1 -1 -1 -1 -1
0.631821870803833 0.614782452583313 0.7593953609466553 -1 -1 -1 -1 -1 -1 -1 -1 -1
0.5567807555198669 0.6215378046035767 0.9980760812759399 -1 -1 -1 -1 -1 -1 -1 -1 -1
0.5502020716667175 0.630304217338562 0.9992656111717224 -1 -1 -1 -1 -1 -1 -1 -1 -1
0.6106670498847961 0.6385051608085632 0.2978455126285553 -1 -1 -1 -1 -1 -1 -1 -1 -1
0.6081767082214355 0.650758683681488 0.9916908740997314 -1 -1 -1 -1 -1 -1 -1 -1 -1
0.6018233895301819 0.732883870601654 0.5478323698043823 -1 -1 -1 -1 -1 -1 -1 -1 -1
0.5957357287406921 0.7601457834243774 0.9935017228126526 -1 -1 -1 -1 -1 -1 -1 -1 -1
0.5920513272285461 0.7538127899169922 0.6577336192131042 -1 -1 -1 -1 -1 -1 -1 -1 -1
0.5883275866508484 0.7752081155776978 0.9872586131095886 -1 -1 -1 -1 -1 -1 -1 -1 -1
0.6213614344596863 0.7563939690589905 0.6388636231422424 -1 -1 -1 -1 -1 -1 -1 -1 -1
0.6215783357620239 0.7780656814575195 0.984546959400177 -1 -1 -1 -1 -1 -1 -1 -1 -1
1 
33 
-1 -1 -1 -1 -1 -1 -1 -1 -1 -1
0.5847287178039551 0.437899649143219 0.998446524143219 -1 -1 -1 -1 -1 -1 -1 -1 -1
0.5803455114364624 0.4306832551956177 0.9973344802856445 -1 -1 -1 -1 -1 -1 -1 -1 -1
0.5799376368522644 0.4308582544326782 0.9979138970375061 -1 -1 -1 -1 -1 -1 -1 -1 -1
0.5794704556465149 0.4309447705745697 0.9984833598136902 -1 -1 -1 -1 -1 -1 -1 -1 -1
0.5792402625083923 0.43135595321655273 0.9980266690254211 -1 -1 -1 -1 -1 -1 -1 -1 -1
0.5781005620956421 0.43206971883773804 0.9983142614364624 -1 -1 -1 -1 -1 -1 -1 -1 -1
0.5768709182739258 0.43272900581359863 0.998320996761322 -1 -1 -1 -1 -1 -1 -1 -1 -1
0.5732616186141968 0.43908485770225525 0.998145341873169 -1 -1 -1 -1 -1 -1 -1 -1 -1
0.5699092149734497 0.44140195846557617 0.9972198009490967 -1 -1 -1 -1 -1 -1 -1 -1 -1
0.5837242603302002 0.4487523138523102 0.9942545294761658 -1 -1 -1 -1 -1 -1 -1 -1 -1
0.5820106863975525 0.44955384731292725 0.9949289560317993 -1 -1 -1 -1 -1 -1 -1 -1 -1
0.5743698477745056 0.4943713843822479 0.9872090816497803 -1 -1 -1 -1 -1 -1 -1 -1 -1
0.5732941627502441 0.4963645935058594 0.992874264717102 -1 -1 -1 -1 -1 -1 -1 -1 -1
0.6184549331665039 0.5044456124305725 0.22750090062618256 -1 -1 -1 -1 -1 -1 -1 -1 -1
0.6197143793106079 0.5164868831634521 0.9641549587249756 -1 -1 -1 -1 -1 -1 -1 -1 -1
0.6522099375724792 0.5056802034378052 0.20224842429161072 -1 -1 -1 -1 -1 -1 -1 -1 -1
0.653843343257904 0.5032811760902405 0.9113809466362 -1 -1 -1 -1 -1 -1 -1 -1 -1
0.6583627462387085 0.4951387047767639 0.23543640971183777 -1 -1 -1 -1 -1 -1 -1 -1 -1
0.6642225384712219 0.4960053563117981 0.8816343545913696 -1 -1 -1 -1 -1 -1 -1 -1 -1
0.6585376858711243 0.494368314743042 0.2531328499317169 -1 -1 -1 -1 -1 -1 -1 -1 -1
0.6606913208961487 0.488574743270874 0.8685342073440552 -1 -1 -1 -1 -1 -1 -1 -1 -1
0.6567559242248535 0.49959439039230347 0.28013673424720764 -1 -1 -1 -1 -1 -1 -1 -1 -1
0.6574081182479858 0.4928297996520996 0.7873343229293823 -1 -1 -1 -1 -1 -1 -1 -1 -1
0.561794638633728 0.6230977177619934 0.9966367483139038 -1 -1 -1 -1 -1 -1 -1 -1 -1
0.5553613901138306 0.6324380040168762 0.9959267973899841 -1 -1 -1 -1 -1 -1 -1 -1 -1
0.612833559513092 0.647803783416748 0.627099871635437 -1 -1 -1 -1 -1 -1 -1 -1 -1
0.6149455904960632 0.6552671194076538 0.9954726099967957 -1 -1 -1 -1 -1 -1 -1 -1 -1
0.6041078567504883 0.7512362599372864 0.8138582706451416 -1 -1 -1 -1 -1 -1 -1 -1 -1
0.5956708788871765 0.760720431804657 0.9948856234550476 -1 -1 -1 -1 -1 -1 -1 -1 -1
0.5973421931266785 0.7675513029098511 0.7902369499206543 -1 -1 -1 -1 -1 -1 -1 -1 -1
0.5875152945518494 0.7756026983261108 0.9804505109786987 -1 -1 -1 -1 -1 -1 -1 -1 -1
0.6287277340888977 0.7663085460662842 0.8482120037078857 -1 -1 -1 -1 -1 -1 -1 -1 -1
0.6200856566429138 0.7738602161407471 0.985550045967102 -1 -1 -1 -1 -1 -1 -1 -1 -1
1 
33 
-1 -1 -1 -1 -1 -1 -1 -1 -1 -1
0.5723987221717834 0.43078309297561646 0.9989087581634521 -1 -1 -1 -1 -1 -1 -1 -1 -1
0.5658142566680908 0.42304810881614685 0.9983092546463013 -1 -1 -1 -1 -1 -1 -1 -1 -1
0.5650889873504639 0.423330157995224 0.9982378482818604 -1 -1 -1 -1 -1 -1 -1 -1 -1
0.564323365688324 0.423383891582489 0.9985285997390747 -1 -1 -1 -1 -1 -1 -1 -1 -1
0.5661429166793823 0.42327114939689636 0.9986817240715027 -1 -1 -1 -1 -1 -1 -1 -1 -1
0.5656914114952087 0.42390286922454834 0.9988915324211121 -1 -1 -1 -1 -1 -1 -1 -1 -1
0.5651607513427734 0.4242938160896301 0.9991140961647034 -1 -1 -1 -1 -1 -1 -1 -1 -1
0.5588619112968445 0.4329425096511841 0.9987086057662964 -1 -1 -1 -1 -1 -1 -1 -1 -1
0.5591576099395752 0.433005154132843 0.9989042282104492 -1 -1 -1 -1 -1 -1 -1 -1 -1
0.5735329985618591 0.44339022040367126 0.996473491191864 -1 -1 -1 -1 -1 -1 -1 -1 -1
0.5733972191810608 0.44304144382476807 0.9973504543304443 -1 -1 -1 -1 -1 -1 -1 -1 -1
0.5651766657829285 0.4699634313583374 0.9907078742980957 -1 -1 -1 -1 -1 -1 -1 -1 -1
0.5629704594612122 0.46534547209739685 0.9988977909088135 -1 -1 -1 -1 -1 -1 -1 -1 -1
0.5982212424278259 0.43800657987594604 0.22836267948150635 -1 -1 -1 -1 -1 -1 -1 -1 -1
0.5968072414398193 0.4420373737812042 0.9909651279449463 -1 -1 -1 -1 -1 -1 -1 -1 -1
0.6094759702682495 0.3806171417236328 0.27636659145355225 -1 -1 -1 -1 -1 -1 -1 -1 -1
0.6106467247009277 0.3731462061405182 0.97991943359375 -1 -1 -1 -1 -1 -1 -1 -1 -1
0.610101580619812 0.3678409457206726 0.34643861651420593 -1 -1 -1 -1 -1 -1 -1 -1 -1
0.6133924722671509 0.35968017578125 0.9693959951400757 -1 -1 -1 -1 -1 -1 -1 -1 -1
0.6069424748420715 0.36349138617515564 0.353532612323761 -1 -1 -1 -1 -1 -1 -1 -1 -1
0.6093236804008484 0.3554541766643524 0.9650745987892151 -1 -1 -1 -1 -1 -1 -1 -1 -1
0.606695294380188 0.3674108386039734 0.3720519542694092 -1 -1 -1 -1 -1 -1 -1 -1 -1
0.6091786026954651 0.3615698516368866 0.9491676688194275 -1 -1 -1 -1 -1 -1 -1 -1 -1
0.556046724319458 0.6218402981758118 0.9983285069465637 -1 -1 -1 -1 -1 -1 -1 -1 -1
0.5551509857177734 0.6304941177368164 0.9986740350723267 -1 -1 -1 -1 -1 -1 -1 -1 -1
0.6153813004493713 0.6455770134925842 0.5801864266395569 -1 -1 -1 -1 -1 -1 -1 -1 -1
0.6208482384681702 0.6613066792488098 0.9968110918998718 -1 -1 -1 -1 -1 -1 -1 -1 -1
0.6059584617614746 0.7496768236160278 0.7365214228630066 -1 -1 -1 -1 -1 -1 -1 -1 -1
0.6036880612373352 0.7672435641288757 0.9923302531242371 -1 -1 -1 -1 -1 -1 -1 -1 -1
0.5961348414421082 0.7666873335838318 0.7498582601547241 -1 -1 -1 -1 -1 -1 -1 -1 -1
0.5933864712715149 0.7828694581985474 0.9773291945457458 -1 -1 -1 -1 -1 -1 -1 -1 -1
0.6305812001228333 0.769227921962738 0.7894908785820007 -1 -1 -1 -1 -1 -1 -1 -1 -1
0.6277377009391785 0.7851914763450623 0.9820134043693542 -1 -1 -1 -1 -1 -1 -1 -1 -1
1 
33 
-1 -1 -1 -1 -1 -1 -1 -1 -1 -1
0.6096582412719727 0.7665276527404785 0.6983761191368103 -1 -1 -1 -1 -1 -1 -1 -1 -1
0.6155838966369629 0.7709612846374512 0.76535564661026 -1 -1 -1 -1 -1 -1 -1 -1 -1
0.6161147952079773 0.7711290121078491 0.6729775667190552 -1 -1 -1 -1 -1 -1 -1 -1 -1
0.6214873790740967 0.763626754283905 0.7877388596534729 -1 -1 -1 -1 -1 -1 -1 -1 -1
0.6153109073638916 0.76903235912323 0.8074710965156555 -1 -1 -1 -1 -1 -1 -1 -1 -1
0.6160410046577454 0.7676855325698853 0.772314190864563 -1 -1 -1 -1 -1 -1 -1 -1 -1
0.6167584657669067 0.7663381099700928 0.8296279311180115 -1 -1 -1 -1 -1 -1 -1 -1 -1
0.6215248703956604 0.7656846046447754 0.7458175420761108 -1 -1 -1 -1 -1 -1 -1 -1 -1
0.621220588684082 0.7587572932243347 0.8187852501869202 -1 -1 -1 -1 -1 -1 -1 -1 -1
0.6134412288665771 0.7594209909439087 0.6550174355506897 -1 -1 -1 -1 -1 -1 -1 -1 -1
0.608390212059021 0.7587055563926697 0.6158071160316467 -1 -1 -1 -1 -1 -1 -1 -1 -1
0.6135298013687134 0.7401502132415771 0.9699603319168091 -1 -1 -1 -1 -1 -1 -1 -1 -1
0.6139719486236572 0.7320842742919922 0.9816861152648926 -1 -1 -1 -1 -1 -1 -1 -1 -1
0.6018174290657043 0.7488056421279907 0.01437853742390871 -1 -1 -1 -1 -1 -1 -1 -1 -1
0.6053683161735535 0.7451010942459106 0.7637187838554382 -1 -1 -1 -1 -1 -1 -1 -1 -1
0.6138484477996826 0.785533607006073 0.04841030761599541 -1 -1 -1 -1 -1 -1 -1 -1 -1
0.6122747659683228 0.779425859451294 0.5414243340492249 -1 -1 -1 -1 -1 -1 -1 -1 -1
0.618829071521759 0.7916346192359924 0.07813017815351486 -1 -1 -1 -1 -1 -1 -1 -1 -1
0.6137523651123047 0.7851747274398804 0.5112465620040894 -1 -1 -1 -1 -1 -1 -1 -1 -1
0.6195617914199829 0.7965168952941895 0.08265338838100433 -1 -1 -1 -1 -1 -1 -1 -1 -1
0.616412878036499 0.7872525453567505 0.49811846017837524 -1 -1 -1 -1 -1 -1 -1 -1 -1
0.6172482371330261 0.7942483425140381 0.08165676891803741 -1 -1 -1 -1 -1 -1 -1 -1 -1
0.6164666414260864 0.7841649055480957 0.4128037989139557 -1 -1 -1 -1 -1 -1 -1 -1 -1
0.5758756995201111 0.5846999883651733 0.9924502372741699 -1 -1 -1 -1 -1 -1 -1 -1 -1
0.5806880593299866 0.5805627107620239 0.9866235852241516 -1 -1 -1 -1 -1 -1 -1 -1 -1
0.5519797205924988 0.46162480115890503 0.1586884707212448 -1 -1 -1 -1 -1 -1 -1 -1 -1
0.5551406145095825 0.44993430376052856 0.624123215675354 -1 -1 -1 -1 -1 -1 -1 -1 -1
0.5611773729324341 0.34857892990112305 0.2522014081478119 -1 -1 -1 -1 -1 -1 -1 -1 -1
0.5614784359931946 0.32983124256134033 0.7849346399307251 -1 -1 -1 -1 -1 -1 -1 -1 -1
0.5718820691108704 0.328082799911499 0.38989466428756714 -1 -1 -1 -1 -1 -1 -1 -1 -1
0.5694291591644287 0.30899545550346375 0.8101859092712402 -1 -1 -1 -1 -1 -1 -1 -1 -1
0.5513821244239807 0.3089848458766937 0.37357622385025024 -1 -1 -1 -1 -1 -1 -1 -1 -1
0.5379964709281921 0.3049009144306183 0.7654494047164917 -1 -1 -1 -1 -1 -1 -1 -1 -1
1 
33 
-1 -1 -1 -1 -1 -1 -1 -1 -1 -1
0.6042495369911194 0.7269344329833984 0.40640389919281006 -1 -1 -1 -1 -1 -1 -1 -1 -1
0.6099313497543335 0.7314708232879639 0.4329982399940491 -1 -1 -1 -1 -1 -1 -1 -1 -1
0.6108325719833374 0.731480598449707 0.4142345190048218 -1 -1 -1 -1 -1 -1 -1 -1 -1
0.6117072105407715 0.7314300537109375 0.5223994255065918 -1 -1 -1 -1 -1 -1 -1 -1 -1
0.6090425848960876 0.7297976613044739 0.4940093159675598 -1 -1 -1 -1 -1 -1 -1 -1 -1
0.6097369194030762 0.7285402417182922 0.49022382497787476 -1 -1 -1 -1 -1 -1 -1 -1 -1
0.6104215383529663 0.7272693514823914 0.5544906854629517 -1 -1 -1 -1 -1 -1 -1 -1 -1
0.6181823015213013 0.7257428765296936 0.4106385409832001 -1 -1 -1 -1 -1 -1 -1 -1 -1
0.6165712475776672 0.7197462320327759 0.3905937969684601 -1 -1 -1 -1 -1 -1 -1 -1 -1
0.6054093837738037 0.7191587090492249 0.32042965292930603 -1 -1 -1 -1 -1 -1 -1 -1 -1
0.6036636233329773 0.7182356119155884 0.354862779378891 -1 -1 -1 -1 -1 -1 -1 -1 -1
0.6118037700653076 0.7022799849510193 0.8808318972587585 -1 -1 -1 -1 -1 -1 -1 -1 -1
0.6193236112594604 0.687308669090271 0.9692500233650208 -1 -1 -1 -1 -1 -1 -1 -1 -1
0.6075138449668884 0.7046306133270264 0.010554601438343525 -1 -1 -1 -1 -1 -1 -1 -1 -1
0.6167439818382263 0.7086005210876465 0.6927293539047241 -1 -1 -1 -1 -1 -1 -1 -1 -1
0.610005795955658 0.756601870059967 0.034646954387426376 -1 -1 -1 -1 -1 -1 -1 -1 -1
0.6166433691978455 0.7605574131011963 0.6350253820419312 -1 -1 -1 -1 -1 -1 -1 -1 -1
0.6148086786270142 0.7629104852676392 0.0696626827120781 -1 -1 -1 -1 -1 -1 -1 -1 -1
0.6199042797088623 0.781724750995636 0.6744275093078613 -1 -1 -1 -1 -1 -1 -1 -1 -1
0.6171294450759888 0.7728124856948853 0.07682457566261292 -1 -1 -1 -1 -1 -1 -1 -1 -1
0.6256204843521118 0.7848015427589417 0.6601492762565613 -1 -1 -1 -1 -1 -1 -1 -1 -1
0.6147046685218811 0.7685869932174683 0.07723160088062286 -1 -1 -1 -1 -1 -1 -1 -1 -1
0.6232713460922241 0.779755711555481 0.5422425270080566 -1 -1 -1 -1 -1 -1 -1 -1 -1
0.5717881321907043 0.5333787202835083 0.9934584498405457 -1 -1 -1 -1 -1 -1 -1 -1 -1
0.5717988014221191 0.5422217845916748 0.9957911968231201 -1 -1 -1 -1 -1 -1 -1 -1 -1
0.5311868786811829 0.4498482644557953 0.15729860961437225 -1 -1 -1 -1 -1 -1 -1 -1 -1
0.531849205493927 0.4471317529678345 0.933659553527832 -1 -1 -1 -1 -1 -1 -1 -1 -1
0.49798983335494995 0.337994784116745 0.287045419216156 -1 -1 -1 -1 -1 -1 -1 -1 -1
0.501257061958313 0.3375006318092346 0.948316216468811 -1 -1 -1 -1 -1 -1 -1 -1 -1
0.49739691615104675 0.31380048394203186 0.3853857219219208 -1 -1 -1 -1 -1 -1 -1 -1 -1
0.5043003559112549 0.312857985496521 0.9214318990707397 -1 -1 -1 -1 -1 -1 -1 -1 -1
0.47251492738723755 0.34092873334884644 0.465610533952713 -1 -1 -1 -1 -1 -1 -1 -1 -1
0.4682686924934387 0.3368085026741028 0.9355069994926453 -1 -1 -1 -1 -1 -1 -1 -1 -1
1 
33 
-1 -1 -1 -1 -1 -1 -1 -1 -1 -1
0.49473342299461365 0.3882150948047638 0.993229866027832 -1 -1 -1 -1 -1 -1 -1 -1 -1
0.4882502555847168 0.38821882009506226 0.991390585899353 -1 -1 -1 -1 -1 -1 -1 -1 -1
0.48762091994285583 0.38868093490600586 0.9866363406181335 -1 -1 -1 -1 -1 -1 -1 -1 -1
0.4864524304866791 0.38882964849472046 0.9923428893089294 -1 -1 -1 -1 -1 -1 -1 -1 -1
0.4871981739997864 0.3890047073364258 0.9961774349212646 -1 -1 -1 -1 -1 -1 -1 -1 -1
0.48583173751831055 0.39016270637512207 0.9959512948989868 -1 -1 -1 -1 -1 -1 -1 -1 -1
0.48392221331596375 0.3909933567047119 0.9971305727958679 -1 -1 -1 -1 -1 -1 -1 -1 -1
0.48785659670829773 0.40252864360809326 0.9957326054573059 -1 -1 -1 -1 -1 -1 -1 -1 -1
0.48635169863700867 0.40453189611434937 0.9966709017753601 -1 -1 -1 -1 -1 -1 -1 -1 -1
0.49778324365615845 0.3968172073364258 0.990431010723114 -1 -1 -1 -1 -1 -1 -1 -1 -1
0.4973912835121155 0.3978726863861084 0.9924202561378479 -1 -1 -1 -1 -1 -1 -1 -1 -1
0.5002831816673279 0.4354211390018463 0.9858353734016418 -1 -1 -1 -1 -1 -1 -1 -1 -1
0.5004542469978333 0.42690661549568176 0.9968429803848267 -1 -1 -1 -1 -1 -1 -1 -1 -1
0.49692583084106445 0.4220057725906372 0.008718205615878105 -1 -1 -1 -1 -1 -1 -1 -1 -1
0.48849382996559143 0.4123726189136505 0.8796267509460449 -1 -1 -1 -1 -1 -1 -1 -1 -1
0.4922851026058197 0.4009851813316345 0.02019660919904709 -1 -1 -1 -1 -1 -1 -1 -1 -1
0.47974032163619995 0.3950138986110687 0.7935241460800171 -1 -1 -1 -1 -1 -1 -1 -1 -1
0.4912855327129364 0.39792412519454956 0.041859664022922516 -1 -1 -1 -1 -1 -1 -1 -1 -1
0.4787733554840088 0.39469313621520996 0.8266808986663818 -1 -1 -1 -1 -1 -1 -1 -1 -1
0.4899941682815552 0.395378440618515 0.04447481781244278 -1 -1 -1 -1 -1 -1 -1 -1 -1
0.4784155786037445 0.3916202783584595 0.8255812525749207 -1 -1 -1 -1 -1 -1 -1 -1 -1
0.4909796118736267 0.39458686113357544 0.04682005196809769 -1 -1 -1 -1 -1 -1 -1 -1 -1
0.47884345054626465 0.392289400100708 0.7675325870513916 -1 -1 -1 -1 -1 -1 -1 -1 -1
0.5891720056533813 0.5232146382331848 0.9979113936424255 -1 -1 -1 -1 -1 -1 -1 -1 -1
0.5920173525810242 0.5182201862335205 0.9981593489646912 -1 -1 -1 -1 -1 -1 -1 -1 -1
0.6258563995361328 0.6087254881858826 0.5332962870597839 -1 -1 -1 -1 -1 -1 -1 -1 -1
0.6301985383033752 0.60866779088974 0.9546583890914917 -1 -1 -1 -1 -1 -1 -1 -1 -1
0.6287050843238831 0.7233076691627502 0.5036190748214722 -1 -1 -1 -1 -1 -1 -1 -1 -1
0.6325353980064392 0.7362626791000366 0.9852045774459839 -1 -1 -1 -1 -1 -1 -1 -1 -1
0.6181066632270813 0.7353741526603699 0.5977481007575989 -1 -1 -1 -1 -1 -1 -1 -1 -1
0.6265383362770081 0.7562716603279114 0.9879868626594543 -1 -1 -1 -1 -1 -1 -1 -1 -1
0.6434584856033325 0.7713617086410522 0.5803053975105286 -1 -1 -1 -1 -1 -1 -1 -1 -1
0.6435614228248596 0.7836965322494507 0.9831657409667969 -1 -1 -1 -1 -1 -1 -1 -1 -1
1 
33 
-1 -1 -1 -1 -1 -1 -1 -1 -1 -1
0.6122403144836426 0.6947323083877563 0.8874634504318237 -1 -1 -1 -1 -1 -1 -1 -1 -1
0.6180521845817566 0.7183206081390381 0.9186634421348572 -1 -1 -1 -1 -1 -1 -1 -1 -1
0.6217023730278015 0.7167098522186279 0.9171134233474731 -1 -1 -1 -1 -1 -1 -1 -1 -1
0.6226575374603271 0.7162199020385742 0.9203693270683289 -1 -1 -1 -1 -1 -1 -1 -1 -1
0.6175348162651062 0.7035191059112549 0.9415884017944336 -1 -1 -1 -1 -1 -1 -1 -1 -1
0.6183621883392334 0.7032656073570251 0.9408981800079346 -1 -1 -1 -1 -1 -1 -1 -1 -1
0.6191673278808594 0.7030130624771118 0.9472439885139465 -1 -1 -1 -1 -1 -1 -1 -1 -1
0.6295843720436096 0.6985876560211182 0.8639501929283142 -1 -1 -1 -1 -1 -1 -1 -1 -1
0.6281681656837463 0.6933836340904236 0.9320380687713623 -1 -1 -1 -1 -1 -1 -1 -1 -1
0.6151305437088013 0.6803758144378662 0.8969700932502747 -1 -1 -1 -1 -1 -1 -1 -1 -1
0.6138601899147034 0.6814956068992615 0.9462165236473083 -1 -1 -1 -1 -1 -1 -1 -1 -1
0.6309133172035217 0.6278613805770874 0.9824000597000122 -1 -1 -1 -1 -1 -1 -1 -1 -1
0.6278149485588074 0.6329925060272217 0.9985169768333435 -1 -1 -1 -1 -1 -1 -1 -1 -1
0.6153597831726074 0.5521970391273499 0.014362637884914875 -1 -1 -1 -1 -1 -1 -1 -1 -1
0.6209024786949158 0.5514442920684814 0.5586598515510559 -1 -1 -1 -1 -1 -1 -1 -1 -1
0.5937599539756775 0.5346543192863464 0.02443607896566391 -1 -1 -1 -1 -1 -1 -1 -1 -1
0.5857052206993103 0.5060603022575378 0.48105719685554504 -1 -1 -1 -1 -1 -1 -1 -1 -1
0.5910911560058594 0.5289729237556458 0.03763942793011665 -1 -1 -1 -1 -1 -1 -1 -1 -1
0.5794206261634827 0.4891450107097626 0.48134803771972656 -1 -1 -1 -1 -1 -1 -1 -1 -1
0.5872195959091187 0.5376400947570801 0.038566336035728455 -1 -1 -1 -1 -1 -1 -1 -1 -1
0.5739552974700928 0.49547433853149414 0.46067893505096436 -1 -1 -1 -1 -1 -1 -1 -1 -1
0.5870639681816101 0.5406500101089478 0.037690337747335434 -1 -1 -1 -1 -1 -1 -1 -1 -1
0.5769820213317871 0.5014210343360901 0.37222784757614136 -1 -1 -1 -1 -1 -1 -1 -1 -1
0.6039329171180725 0.43915796279907227 0.9963119626045227 -1 -1 -1 -1 -1 -1 -1 -1 -1
0.6009364724159241 0.4407579004764557 0.9966573715209961 -1 -1 -1 -1 -1 -1 -1 -1 -1
0.5165423154830933 0.4450531601905823 0.40574032068252563 -1 -1 -1 -1 -1 -1 -1 -1 -1
0.5223392248153687 0.47752371430397034 0.8344600796699524 -1 -1 -1 -1 -1 -1 -1 -1 -1
0.5040233135223389 0.5091965794563293 0.4278523325920105 -1 -1 -1 -1 -1 -1 -1 -1 -1
0.4621753692626953 0.5122960209846497 0.8922842741012573 -1 -1 -1 -1 -1 -1 -1 -1 -1
0.5016912221908569 0.5181838274002075 0.5734495520591736 -1 -1 -1 -1 -1 -1 -1 -1 -1
0.4517098665237427 0.5051737427711487 0.8871344923973083 -1 -1 -1 -1 -1 -1 -1 -1 -1
0.5104990005493164 0.5411726832389832 0.4222068190574646 -1 -1 -1 -1 -1 -1 -1 -1 -1
0.4545446038246155 0.5540106296539307 0.8525301814079285 -1 -1 -1 -1 -1 -1 -1 -1 -1
1 
33 
-1 -1 -1 -1 -1 -1 -1 -1 -1 -1
0.4880515933036804 0.4443507790565491 0.9843384623527527 -1 -1 -1 -1 -1 -1 -1 -1 -1
0.48290926218032837 0.45930686593055725 0.9853333830833435 -1 -1 -1 -1 -1 -1 -1 -1 -1
0.48307135701179504 0.4599784314632416 0.9781566858291626 -1 -1 -1 -1 -1 -1 -1 -1 -1
0.48429399728775024 0.4540313184261322 0.9867631793022156 -1 -1 -1 -1 -1 -1 -1 -1 -1
0.4834929406642914 0.45147591829299927 0.9936665892601013 -1 -1 -1 -1 -1 -1 -1 -1 -1
0.48351168632507324 0.4528316855430603 0.9933109283447266 -1 -1 -1 -1 -1 -1 -1 -1 -1
0.48355787992477417 0.45414677262306213 0.9946868419647217 -1 -1 -1 -1 -1 -1 -1 -1 -1
0.488384485244751 0.46482351422309875 0.9874381422996521 -1 -1 -1 -1 -1 -1 -1 -1 -1
0.4875286817550659 0.4645678400993347 0.9960177540779114 -1 -1 -1 -1 -1 -1 -1 -1 -1
0.4938873052597046 0.44683101773262024 0.9876977801322937 -1 -1 -1 -1 -1 -1 -1 -1 -1
0.49360391497612 0.44706663489341736 0.9880286455154419 -1 -1 -1 -1 -1 -1 -1 -1 -1
0.511597216129303 0.4753017723560333 0.9901015758514404 -1 -1 -1 -1 -1 -1 -1 -1 -1
0.5057278871536255 0.46803995966911316 0.9985837936401367 -1 -1 -1 -1 -1 -1 -1 -1 -1
0.4810539484024048 0.48344478011131287 0.0338071808218956 -1 -1 -1 -1 -1 -1 -1 -1 -1
0.4675372242927551 0.4949474334716797 0.9656215906143188 -1 -1 -1 -1 -1 -1 -1 -1 -1
0.4514243006706238 0.4986127018928528 0.2521684467792511 -1 -1 -1 -1 -1 -1 -1 -1 -1
0.43982189893722534 0.5275592803955078 0.9874529242515564 -1 -1 -1 -1 -1 -1 -1 -1 -1
0.44515812397003174 0.5040718913078308 0.4054715931415558 -1 -1 -1 -1 -1 -1 -1 -1 -1
0.43561363220214844 0.5445694327354431 0.9840211272239685 -1 -1 -1 -1 -1 -1 -1 -1 -1
0.4432472586631775 0.5061358213424683 0.42310839891433716 -1 -1 -1 -1 -1 -1 -1 -1 -1
0.4329669177532196 0.5505353808403015 0.9840298891067505 -1 -1 -1 -1 -1 -1 -1 -1 -1
0.4454936385154724 0.5030412077903748 0.41615888476371765 -1 -1 -1 -1 -1 -1 -1 -1 -1
0.43609288334846497 0.5399594306945801 0.9733109474182129 -1 -1 -1 -1 -1 -1 -1 -1 -1
0.5970770716667175 0.4787129759788513 0.9995172023773193 -1 -1 -1 -1 -1 -1 -1 -1 -1
0.5964906811714172 0.4800523817539215 0.9994930028915405 -1 -1 -1 -1 -1 -1 -1 -1 -1
0.6402868032455444 0.5394256114959717 0.38869136571884155 -1 -1 -1 -1 -1 -1 -1 -1 -1
0.6430054903030396 0.5457795858383179 0.9672861099243164 -1 -1 -1 -1 -1 -1 -1 -1 -1
0.6464983224868774 0.6396534442901611 0.4945680499076843 -1 -1 -1 -1 -1 -1 -1 -1 -1
0.6476708650588989 0.6589046120643616 0.9716243147850037 -1 -1 -1 -1 -1 -1 -1 -1 -1
0.6434420347213745 0.6616141200065613 0.6294068098068237 -1 -1 -1 -1 -1 -1 -1 -1 -1
0.6386136412620544 0.6757805943489075 0.9875735640525818 -1 -1 -1 -1 -1 -1 -1 -1 -1
0.6674540042877197 0.673322319984436 0.6086733341217041 -1 -1 -1 -1 -1 -1 -1 -1 -1
0.6620166897773743 0.7101258039474487 0.9719180464744568 -1 -1 -1 -1 -1 -1 -1 -1 -1
1 
33 
-1 -1 -1 -1 -1 -1 -1 -1 -1 -1
0.6529675722122192 0.6325216293334961 0.9988915324211121 -1 -1 -1 -1 -1 -1 -1 -1 -1
0.6581896543502808 0.6364735960960388 0.998618483543396 -1 -1 -1 -1 -1 -1 -1 -1 -1
0.6583231687545776 0.6359830498695374 0.9989332556724548 -1 -1 -1 -1 -1 -1 -1 -1 -1
0.658439576625824 0.6355108022689819 0.9986135959625244 -1 -1 -1 -1 -1 -1 -1 -1 -1
0.659442663192749 0.6346298456192017 0.9989240765571594 -1 -1 -1 -1 -1 -1 -1 -1 -1
0.6603838801383972 0.6329361200332642 0.9988973140716553 -1 -1 -1 -1 -1 -1 -1 -1 -1
0.661270797252655 0.6312374472618103 0.9987186193466187 -1 -1 -1 -1 -1 -1 -1 -1 -1
0.6607753038406372 0.6223971247673035 0.9975653886795044 -1 -1 -1 -1 -1 -1 -1 -1 -1
0.6642925143241882 0.6159796118736267 0.999072790145874 -1 -1 -1 -1 -1 -1 -1 -1 -1
0.6568528413772583 0.6250540018081665 0.9978838562965393 -1 -1 -1 -1 -1 -1 -1 -1 -1
0.6568077802658081 0.6249011754989624 0.9983213543891907 -1 -1 -1 -1 -1 -1 -1 -1 -1
0.6392701268196106 0.5874935388565063 0.9952538013458252 -1 -1 -1 -1 -1 -1 -1 -1 -1
0.6566442847251892 0.5639526844024658 0.9994025230407715 -1 -1 -1 -1 -1 -1 -1 -1 -1
0.6348803043365479 0.6546467542648315 0.25851428508758545 -1 -1 -1 -1 -1 -1 -1 -1 -1
0.6480821967124939 0.5883349180221558 0.7328535914421082 -1 -1 -1 -1 -1 -1 -1 -1 -1
0.6443052291870117 0.7144755721092224 0.26272931694984436 -1 -1 -1 -1 -1 -1 -1 -1 -1
0.6401817202568054 0.6057910323143005 0.27450230717658997 -1 -1 -1 -1 -1 -1 -1 -1 -1
0.6489090919494629 0.7243350148200989 0.28012165427207947 -1 -1 -1 -1 -1 -1 -1 -1 -1
0.6382318735122681 0.6072521209716797 0.23855018615722656 -1 -1 -1 -1 -1 -1 -1 -1 -1
0.6516851186752319 0.7270596027374268 0.28334271907806396 -1 -1 -1 -1 -1 -1 -1 -1 -1
0.6383594274520874 0.6079543828964233 0.22004298865795135 -1 -1 -1 -1 -1 -1 -1 -1 -1
0.6492480635643005 0.7246513962745667 0.2634429931640625 -1 -1 -1 -1 -1 -1 -1 -1 -1
0.6386730670928955 0.6081176400184631 0.24097013473510742 -1 -1 -1 -1 -1 -1 -1 -1 -1
0.5872473120689392 0.46981024742126465 0.9986191987991333 -1 -1 -1 -1 -1 -1 -1 -1 -1
0.5844603180885315 0.4515187442302704 0.9993433356285095 -1 -1 -1 -1 -1 -1 -1 -1 -1
0.5759528279304504 0.6078811883926392 0.8425614833831787 -1 -1 -1 -1 -1 -1 -1 -1 -1
0.52120441198349 0.5059202909469604 0.989617645740509 -1 -1 -1 -1 -1 -1 -1 -1 -1
0.5579529404640198 0.6961593627929688 0.9512895345687866 -1 -1 -1 -1 -1 -1 -1 -1 -1
0.4490783214569092 0.5787575244903564 0.9930777549743652 -1 -1 -1 -1 -1 -1 -1 -1 -1
0.5502343773841858 0.707556962966919 0.9368542432785034 -1 -1 -1 -1 -1 -1 -1 -1 -1
0.4373914301395416 0.5892173051834106 0.9843118786811829 -1 -1 -1 -1 -1 -1 -1 -1 -1
0.570907473564148 0.730579137802124 0.9596513509750366 -1 -1 -1 -1 -1 -1 -1 -1 -1
0.43741923570632935 0.6058682203292847 0.9883567690849304 -1 -1 -1 -1 -1 -1 -1 -1 -1
1 
33 
-1 -1 -1 -1 -1 -1 -1 -1 -1 -1
0.5177538394927979 0.5051276087760925 0.9951973557472229 -1 -1 -1 -1 -1 -1 -1 -1 -1
0.5160506367683411 0.5096941590309143 0.9980571866035461 -1 -1 -1 -1 -1 -1 -1 -1 -1
0.5162092447280884 0.5103529691696167 0.99796462059021 -1 -1 -1 -1 -1 -1 -1 -1 -1
0.5163863301277161 0.5109711289405823 0.9983081817626953 -1 -1 -1 -1 -1 -1 -1 -1 -1
0.5158417224884033 0.5081931948661804 0.9978821873664856 -1 -1 -1 -1 -1 -1 -1 -1 -1
0.515836238861084 0.5077987909317017 0.9973248243331909 -1 -1 -1 -1 -1 -1 -1 -1 -1
0.5158412456512451 0.5074136257171631 0.9971423745155334 -1 -1 -1 -1 -1 -1 -1 -1 -1
0.5181601047515869 0.5129956603050232 0.9993174076080322 -1 -1 -1 -1 -1 -1 -1 -1 -1
0.5175092816352844 0.5078895688056946 0.9991845488548279 -1 -1 -1 -1 -1 -1 -1 -1 -1
0.5203437209129333 0.5040982961654663 0.9995988011360168 -1 -1 -1 -1 -1 -1 -1 -1 -1
0.5199341773986816 0.5023292303085327 0.9992965459823608 -1 -1 -1 -1 -1 -1 -1 -1 -1
0.5296218395233154 0.5038542151451111 0.9998435974121094 -1 -1 -1 -1 -1 -1 -1 -1 -1
0.5322418212890625 0.4956815242767334 0.9994685053825378 -1 -1 -1 -1 -1 -1 -1 -1 -1
0.5354452133178711 0.47652241587638855 0.05445830151438713 -1 -1 -1 -1 -1 -1 -1 -1 -1
0.5475491285324097 0.48518821597099304 0.2324300855398178 -1 -1 -1 -1 -1 -1 -1 -1 -1
0.5302023887634277 0.4611974060535431 0.15943150222301483 -1 -1 -1 -1 -1 -1 -1 -1 -1
0.5499834418296814 0.4894134998321533 0.44051042199134827 -1 -1 -1 -1 -1 -1 -1 -1 -1
0.5281766057014465 0.456648051738739 0.2839517593383789 -1 -1 -1 -1 -1 -1 -1 -1 -1
0.5517339110374451 0.4884384572505951 0.5492212176322937 -1 -1 -1 -1 -1 -1 -1 -1 -1
0.5273422598838806 0.45768898725509644 0.29756617546081543 -1 -1 -1 -1 -1 -1 -1 -1 -1
0.5493868589401245 0.4930904805660248 0.5542676448822021 -1 -1 -1 -1 -1 -1 -1 -1 -1
0.5282257795333862 0.45899853110313416 0.2725738286972046 -1 -1 -1 -1 -1 -1 -1 -1 -1
0.5489712953567505 0.4935774505138397 0.4935106933116913 -1 -1 -1 -1 -1 -1 -1 -1 -1
0.5740694403648376 0.46098625659942627 0.9999237060546875 -1 -1 -1 -1 -1 -1 -1 -1 -1
0.5770494341850281 0.44908756017684937 0.9999032020568848 -1 -1 -1 -1 -1 -1 -1 -1 -1
0.6147492527961731 0.48628053069114685 0.98032146692276 -1 -1 -1 -1 -1 -1 -1 -1 -1
0.6315242052078247 0.4491337239742279 0.9894038438796997 -1 -1 -1 -1 -1 -1 -1 -1 -1
0.6517803072929382 0.509143590927124 0.9729936122894287 -1 -1 -1 -1 -1 -1 -1 -1 -1
0.6611067652702332 0.47350701689720154 0.9748372435569763 -1 -1 -1 -1 -1 -1 -1 -1 -1
0.6553213000297546 0.5127084255218506 0.9676210880279541 -1 -1 -1 -1 -1 -1 -1 -1 -1
0.6628205180168152 0.4790768623352051 0.9708628058433533 -1 -1 -1 -1 -1 -1 -1 -1 -1
0.6678851246833801 0.5158132314682007 0.9605332612991333 -1 -1 -1 -1 -1 -1 -1 -1 -1
0.6771689057350159 0.47610601782798767 0.9468385577201843 -1 -1 -1 -1 -1 -1 -1 -1 -1
1 
33 
-1 -1 -1 -1 -1 -1 -1 -1 -1 -1
0.5008304119110107 0.549006998538971 0.9995136260986328 -1 -1 -1 -1 -1 -1 -1 -1 -1
0.49845197796821594 0.5548108220100403 0.999849796295166 -1 -1 -1 -1 -1 -1 -1 -1 -1
0.4999123513698578 0.5576205849647522 0.9998407363891602 -1 -1 -1 -1 -1 -1 -1 -1 -1
0.500441312789917 0.5582568645477295 0.9998408555984497 -1 -1 -1 -1 -1 -1 -1 -1 -1
0.4970115125179291 0.5517889261245728 0.9997572302818298 -1 -1 -1 -1 -1 -1 -1 -1 -1
0.4970010221004486 0.5515578985214233 0.9997023940086365 -1 -1 -1 -1 -1 -1 -1 -1 -1
0.49704819917678833 0.5514030456542969 0.9996870756149292 -1 -1 -1 -1 -1 -1 -1 -1 -1
0.5049206018447876 0.5586742758750916 0.9999407529830933 -1 -1 -1 -1 -1 -1 -1 -1 -1
0.4981835186481476 0.5460821390151978 0.9999011754989624 -1 -1 -1 -1 -1 -1 -1 -1 -1
0.5055307745933533 0.5474819540977478 0.9999606609344482 -1 -1 -1 -1 -1 -1 -1 -1 -1
0.5037841200828552 0.544563353061676 0.9999207258224487 -1 -1 -1 -1 -1 -1 -1 -1 -1
0.5354560017585754 0.545747697353363 0.9999744892120361 -1 -1 -1 -1 -1 -1 -1 -1 -1
0.5124951601028442 0.5051546692848206 0.9999511241912842 -1 -1 -1 -1 -1 -1 -1 -1 -1
0.5574410557746887 0.5440731048583984 0.13330645859241486 -1 -1 -1 -1 -1 -1 -1 -1 -1
0.5252432823181152 0.4884227514266968 0.45847374200820923 -1 -1 -1 -1 -1 -1 -1 -1 -1
0.5534670352935791 0.537297785282135 0.5111187696456909 -1 -1 -1 -1 -1 -1 -1 -1 -1
0.5340327620506287 0.49407631158828735 0.9456469416618347 -1 -1 -1 -1 -1 -1 -1 -1 -1
0.5530807375907898 0.5382072925567627 0.6442437767982483 -1 -1 -1 -1 -1 -1 -1 -1 -1
0.5350589156150818 0.4947100579738617 0.9400491714477539 -1 -1 -1 -1 -1 -1 -1 -1 -1
0.5495932102203369 0.5364701151847839 0.6772344708442688 -1 -1 -1 -1 -1 -1 -1 -1 -1
0.5347959995269775 0.5020479559898376 0.9471606612205505 -1 -1 -1 -1 -1 -1 -1 -1 -1
0.5488593578338623 0.5342953205108643 0.654612123966217 -1 -1 -1 -1 -1 -1 -1 -1 -1
0.5350728034973145 0.5017978549003601 0.9246174097061157 -1 -1 -1 -1 -1 -1 -1 -1 -1
0.5725780725479126 0.4798649251461029 0.9999963045120239 -1 -1 -1 -1 -1 -1 -1 -1 -1
0.5602197051048279 0.44706466794013977 0.9999885559082031 -1 -1 -1 -1 -1 -1 -1 -1 -1
0.6196789145469666 0.49797239899635315 0.9972537159919739 -1 -1 -1 -1 -1 -1 -1 -1 -1
0.6243686079978943 0.4278249144554138 0.9951328635215759 -1 -1 -1 -1 -1 -1 -1 -1 -1
0.6574129462242126 0.49916693568229675 0.9960850477218628 -1 -1 -1 -1 -1 -1 -1 -1 -1
0.6306294798851013 0.44645416736602783 0.9953638315200806 -1 -1 -1 -1 -1 -1 -1 -1 -1
0.6613537073135376 0.49897170066833496 0.9904143214225769 -1 -1 -1 -1 -1 -1 -1 -1 -1
0.6320781707763672 0.45437508821487427 0.9904215335845947 -1 -1 -1 -1 -1 -1 -1 -1 -1
0.6734641790390015 0.5045325756072998 0.9882184863090515 -1 -1 -1 -1 -1 -1 -1 -1 -1
0.6401813626289368 0.44689369201660156 0.989514946937561 -1 -1 -1 -1 -1 -1 -1 -1 -1
1 
