12
1 
33 
-1 -1 -1 -1 -1 -1 -1 -1 -1 -1
0.565353274345398 0.47828859090805054 0.993950366973877 -1 -1 -1 -1 -1 -1 -1 -1 -1
0.5617398023605347 0.4805937111377716 0.9963158965110779 -1 -1 -1 -1 -1 -1 -1 -1 -1
0.5609777569770813 0.4800376892089844 0.9947945475578308 -1 -1 -1 -1 -1 -1 -1 -1 -1
0.5602408647537231 0.4794314205646515 0.9959226846694946 -1 -1 -1 -1 -1 -1 -1 -1 -1
0.5629861354827881 0.48092660307884216 0.9926388263702393 -1 -1 -1 -1 -1 -1 -1 -1 -1
0.5631257891654968 0.480604887008667 0.991060197353363 -1 -1 -1 -1 -1 -1 -1 -1 -1
0.5632683634757996 0.4802969694137573 0.9951590895652771 -1 -1 -1 -1 -1 -1 -1 -1 -1
0.5577600598335266 0.4730721712112427 0.9946582913398743 -1 -1 -1 -1 -1 -1 -1 -1 -1
0.5619968771934509 0.47437170147895813 0.9947611689567566 -1 -1 -1 -1 -1 -1 -1 -1 -1
0.5658077001571655 0.47194433212280273 0.990298867225647 -1 -1 -1 -1 -1 -1 -1 -1 -1
0.5671452879905701 0.47204354405403137 0.9911420345306396 -1 -1 -1 -1 -1 -1 -1 -1 -1
0.5590881705284119 0.44920092821121216 0.9981884360313416 -1 -1 -1 -1 -1 -1 -1 -1 -1
0.5708391070365906 0.45781558752059937 0.9989284873008728 -1 -1 -1 -1 -1 -1 -1 -1 -1
0.5745285749435425 0.49232617020606995 0.7702209949493408 -1 -1 -1 -1 -1 -1 -1 -1 -1
0.5790106058120728 0.48751968145370483 0.15720796585083008 -1 -1 -1 -1 -1 -1 -1 -1 -1
0.5797418355941772 0.5481202006340027 0.519057035446167 -1 -1 -1 -1 -1 -1 -1 -1 -1
0.580108642578125 0.5441440939903259 0.2652825117111206 -1 -1 -1 -1 -1 -1 -1 -1 -1
0.5830273032188416 0.5595096349716187 0.4730803668498993 -1 -1 -1 -1 -1 -1 -1 -1 -1
0.5810708403587341 0.5558480620384216 0.31781184673309326 -1 -1 -1 -1 -1 -1 -1 -1 -1
0.580147385597229 0.5590469837188721 0.4569670557975769 -1 -1 -1 -1 -1 -1 -1 -1 -1
0.5816037058830261 0.5603921413421631 0.3291338086128235 -1 -1 -1 -1 -1 -1 -1 -1 -1
0.578925609588623 0.5545165538787842 0.36401936411857605 -1 -1 -1 -1 -1 -1 -1 -1 -1
0.5810592770576477 0.5568090677261353 0.3486826419830322 -1 -1 -1 -1 -1 -1 -1 -1 -1
0.5882728695869446 0.3628484308719635 0.9999260902404785 -1 -1 -1 -1 -1 -1 -1 -1 -1
0.5988149642944336 0.37808674573898315 0.9999681711196899 -1 -1 -1 -1 -1 -1 -1 -1 -1
0.5817257165908813 0.30250784754753113 0.9656125903129578 -1 -1 -1 -1 -1 -1 -1 -1 -1
0.622807502746582 0.3836595416069031 0.9734150767326355 -1 -1 -1 -1 -1 -1 -1 -1 -1
0.5604842901229858 0.2576403021812439 0.9223185181617737 -1 -1 -1 -1 -1 -1 -1 -1 -1
0.606987714767456 0.3821220397949219 0.947879433631897 -1 -1 -1 -1 -1 -1 -1 -1 -1
0.5556110739707947 0.2566441297531128 0.7670921087265015 -1 -1 -1 -1 -1 -1 -1 -1 -1
0.6051492691040039 0.38460636138916016 0.9440135359764099 -1 -1 -1 -1 -1 -1 -1 -1 -1
0.5597584843635559 0.23537097871303558 0.883947491645813 -1 -1 -1 -1 -1 -1 -1 -1 -1
0.5999597311019897 0.3748905658721924 0.9495602250099182 -1 -1 -1 -1 -1 -1 -1 -1 -1
1 
33 
-1 -1 -1 -1 -1 -1 -1 -1 -1 -1
0.5593036413192749 0.4912742078304291 0.9572622776031494 -1 -1 -1 -1 -1 -1 -1 -1 -1
0.5567277669906616 0.4884431064128876 0.9773095846176147 -1 -1 -1 -1 -1 -1 -1 -1 -1
0.5545282959938049 0.48247089982032776 0.973982572555542 -1 -1 -1 -1 -1 -1 -1 -1 -1
0.5543057918548584 0.480424165725708 0.9742749929428101 -1 -1 -1 -1 -1 -1 -1 -1 -1
0.5576519966125488 0.49110931158065796 0.9302915334701538 -1 -1 -1 -1 -1 -1 -1 -1 -1
0.5581437945365906 0.4912415146827698 0.9173223972320557 -1 -1 -1 -1 -1 -1 -1 -1 -1
0.5587212443351746 0.4914298355579376 0.9338945746421814 -1 -1 -1 -1 -1 -1 -1 -1 -1
0.5553865432739258 0.46879830956459045 0.9559640884399414 -1 -1 -1 -1 -1 -1 -1 -1 -1
0.557393491268158 0.48033425211906433 0.9013810157775879 -1 -1 -1 -1 -1 -1 -1 -1 -1
0.5615161061286926 0.48127466440200806 0.9201114177703857 -1 -1 -1 -1 -1 -1 -1 -1 -1
0.562774121761322 0.484159916639328 0.917312502861023 -1 -1 -1 -1 -1 -1 -1 -1 -1
0.5636330246925354 0.44863268733024597 0.9920259118080139 -1 -1 -1 -1 -1 -1 -1 -1 -1
0.5682440996170044 0.464223712682724 0.9812303781509399 -1 -1 -1 -1 -1 -1 -1 -1 -1
0.5848458409309387 0.5197659134864807 0.9562416672706604 -1 -1 -1 -1 -1 -1 -1 -1 -1
0.5724585056304932 0.5268864631652832 0.3180519640445709 -1 -1 -1 -1 -1 -1 -1 -1 -1
0.5832492113113403 0.5751258730888367 0.8840389847755432 -1 -1 -1 -1 -1 -1 -1 -1 -1
0.5720041394233704 0.5777474045753479 0.4522803723812103 -1 -1 -1 -1 -1 -1 -1 -1 -1
0.5852892398834229 0.5839918255805969 0.8374887704849243 -1 -1 -1 -1 -1 -1 -1 -1 -1
0.5719858407974243 0.5891444087028503 0.4831620454788208 -1 -1 -1 -1 -1 -1 -1 -1 -1
0.5822802186012268 0.5844967365264893 0.8252757787704468 -1 -1 -1 -1 -1 -1 -1 -1 -1
0.5726696848869324 0.5874416828155518 0.48311251401901245 -1 -1 -1 -1 -1 -1 -1 -1 -1
0.5819857120513916 0.5815796852111816 0.7406818866729736 -1 -1 -1 -1 -1 -1 -1 -1 -1
0.5724139213562012 0.5840346813201904 0.4983114004135132 -1 -1 -1 -1 -1 -1 -1 -1 -1
0.5932691693305969 0.35857677459716797 0.9991661310195923 -1 -1 -1 -1 -1 -1 -1 -1 -1
0.5975686311721802 0.3804338574409485 0.9966315627098083 -1 -1 -1 -1 -1 -1 -1 -1 -1
0.585716187953949 0.27391862869262695 0.996394693851471 -1 -1 -1 -1 -1 -1 -1 -1 -1
0.6118860244750977 0.42887061834335327 0.8121644854545593 -1 -1 -1 -1 -1 -1 -1 -1 -1
0.5758551359176636 0.17149433493614197 0.9932129383087158 -1 -1 -1 -1 -1 -1 -1 -1 -1
0.6107679009437561 0.4920816123485565 0.8514003157615662 -1 -1 -1 -1 -1 -1 -1 -1 -1
0.5733480453491211 0.16306307911872864 0.9595864415168762 -1 -1 -1 -1 -1 -1 -1 -1 -1
0.6150712966918945 0.4989253878593445 0.8672485947608948 -1 -1 -1 -1 -1 -1 -1 -1 -1
0.5745522975921631 0.12761268019676208 0.9828733801841736 -1 -1 -1 -1 -1 -1 -1 -1 -1
0.6007689833641052 0.512535572052002 0.839910626411438 -1 -1 -1 -1 -1 -1 -1 -1 -1
1 
33 
-1 -1 -1 -1 -1 -1 -1 -1 -1 -1
0.5620933771133423 0.4963601231575012 0.9849066138267517 -1 -1 -1 -1 -1 -1 -1 -1 -1
0.5578075647354126 0.4898892045021057 0.9921063184738159 -1 -1 -1 -1 -1 -1 -1 -1 -1
0.5576151013374329 0.48804283142089844 0.9909646511077881 -1 -1 -1 -1 -1 -1 -1 -1 -1
0.557571530342102 0.48647263646125793 0.9922838807106018 -1 -1 -1 -1 -1 -1 -1 -1 -1
0.5582798719406128 0.49255144596099854 0.9769538044929504 -1 -1 -1 -1 -1 -1 -1 -1 -1
0.5585062503814697 0.49268338084220886 0.9683154821395874 -1 -1 -1 -1 -1 -1 -1 -1 -1
0.5587546229362488 0.49292948842048645 0.9779499173164368 -1 -1 -1 -1 -1 -1 -1 -1 -1
0.5572753548622131 0.4732588827610016 0.9888525009155273 -1 -1 -1 -1 -1 -1 -1 -1 -1
0.558759331703186 0.4805954098701477 0.9720041751861572 -1 -1 -1 -1 -1 -1 -1 -1 -1
0.5635042190551758 0.4861522614955902 0.9772462844848633 -1 -1 -1 -1 -1 -1 -1 -1 -1
0.5639864206314087 0.4890136420726776 0.9798355102539062 -1 -1 -1 -1 -1 -1 -1 -1 -1
0.5694464445114136 0.4591485261917114 0.9962674975395203 -1 -1 -1 -1 -1 -1 -1 -1 -1
0.567352831363678 0.4639892578125 0.9912563562393188 -1 -1 -1 -1 -1 -1 -1 -1 -1
0.5813835859298706 0.5229623913764954 0.9766259789466858 -1 -1 -1 -1 -1 -1 -1 -1 -1
0.5770320296287537 0.5276978611946106 0.3351578414440155 -1 -1 -1 -1 -1 -1 -1 -1 -1
0.578405499458313 0.5838794708251953 0.9433660507202148 -1 -1 -1 -1 -1 -1 -1 -1 -1
0.5756323337554932 0.57921302318573 0.6520262956619263 -1 -1 -1 -1 -1 -1 -1 -1 -1
0.5805824398994446 0.5974534153938293 0.9115010499954224 -1 -1 -1 -1 -1 -1 -1 -1 -1
0.5770477056503296 0.5960175395011902 0.6456024646759033 -1 -1 -1 -1 -1 -1 -1 -1 -1
0.5769407749176025 0.6021666526794434 0.9070346355438232 -1 -1 -1 -1 -1 -1 -1 -1 -1
0.5703792572021484 0.5962497591972351 0.648409366607666 -1 -1 -1 -1 -1 -1 -1 -1 -1
0.5759861469268799 0.5946058034896851 0.8673420548439026 -1 -1 -1 -1 -1 -1 -1 -1 -1
0.5738155841827393 0.5879499912261963 0.6449405550956726 -1 -1 -1 -1 -1 -1 -1 -1 -1
0.5919764637947083 0.34988927841186523 0.9979518055915833 -1 -1 -1 -1 -1 -1 -1 -1 -1
0.5885236263275146 0.35961368680000305 0.9974748492240906 -1 -1 -1 -1 -1 -1 -1 -1 -1
0.5960814356803894 0.26918524503707886 0.9446164965629578 -1 -1 -1 -1 -1 -1 -1 -1 -1
0.5799066424369812 0.3032115697860718 0.5481957197189331 -1 -1 -1 -1 -1 -1 -1 -1 -1
0.5770096182823181 0.17896977066993713 0.9802897572517395 -1 -1 -1 -1 -1 -1 -1 -1 -1
0.5632718205451965 0.22661523520946503 0.7400193810462952 -1 -1 -1 -1 -1 -1 -1 -1 -1
0.5717363357543945 0.1774347424507141 0.9829320907592773 -1 -1 -1 -1 -1 -1 -1 -1 -1
0.5574221611022949 0.2189863622188568 0.8741315007209778 -1 -1 -1 -1 -1 -1 -1 -1 -1
0.5847344994544983 0.1232897937297821 0.976691722869873 -1 -1 -1 -1 -1 -1 -1 -1 -1
0.5662866234779358 0.1888621747493744 0.8106591701507568 -1 -1 -1 -1 -1 -1 -1 -1 -1
1 
33 
-1 -1 -1 -1 -1 -1 -1 -1 -1 -1
0.5671321749687195 0.5065277218818665 0.9656157493591309 -1 -1 -1 -1 -1 -1 -1 -1 -1
0.5630490183830261 0.5096880197525024 0.981226921081543 -1 -1 -1 -1 -1 -1 -1 -1 -1
0.5623651146888733 0.5090889930725098 0.9771783351898193 -1 -1 -1 -1 -1 -1 -1 -1 -1
0.5617185235023499 0.5083826780319214 0.9772126078605652 -1 -1 -1 -1 -1 -1 -1 -1 -1
0.5634371638298035 0.5093817710876465 0.9564423561096191 -1 -1 -1 -1 -1 -1 -1 -1 -1
0.5630704164505005 0.5086036324501038 0.9552528262138367 -1 -1 -1 -1 -1 -1 -1 -1 -1
0.5626806616783142 0.5078074336051941 0.9581168293952942 -1 -1 -1 -1 -1 -1 -1 -1 -1
0.5578924417495728 0.5001928806304932 0.9769411683082581 -1 -1 -1 -1 -1 -1 -1 -1 -1
0.5593447685241699 0.4997400641441345 0.9447715878486633 -1 -1 -1 -1 -1 -1 -1 -1 -1
0.5676920413970947 0.4991072118282318 0.9644283056259155 -1 -1 -1 -1 -1 -1 -1 -1 -1
0.5679863095283508 0.49825602769851685 0.9665839672088623 -1 -1 -1 -1 -1 -1 -1 -1 -1
0.5566842555999756 0.465876966714859 0.9986506104469299 -1 -1 -1 -1 -1 -1 -1 -1 -1
0.5654900074005127 0.4746645987033844 0.9863743782043457 -1 -1 -1 -1 -1 -1 -1 -1 -1
0.5659006237983704 0.5116766095161438 0.9832513332366943 -1 -1 -1 -1 -1 -1 -1 -1 -1
0.5764884352684021 0.5207583904266357 0.12002232670783997 -1 -1 -1 -1 -1 -1 -1 -1 -1
0.5778287053108215 0.5735705494880676 0.942946195602417 -1 -1 -1 -1 -1 -1 -1 -1 -1
0.5798277854919434 0.5709363222122192 0.23758237063884735 -1 -1 -1 -1 -1 -1 -1 -1 -1
0.5771614909172058 0.5849943161010742 0.8928654193878174 -1 -1 -1 -1 -1 -1 -1 -1 -1
0.574852705001831 0.5758134126663208 0.29824742674827576 -1 -1 -1 -1 -1 -1 -1 -1 -1
0.5748550295829773 0.5895369052886963 0.8806498646736145 -1 -1 -1 -1 -1 -1 -1 -1 -1
0.5750138163566589 0.5771952867507935 0.29450395703315735 -1 -1 -1 -1 -1 -1 -1 -1 -1
0.5750194787979126 0.5857532620429993 0.8087648153305054 -1 -1 -1 -1 -1 -1 -1 -1 -1
0.5760148763656616 0.5740572810173035 0.3126753568649292 -1 -1 -1 -1 -1 -1 -1 -1 -1
0.5878708362579346 0.35715311765670776 0.999432384967804 -1 -1 -1 -1 -1 -1 -1 -1 -1
0.5912870168685913 0.3712384104728699 0.995900571346283 -1 -1 -1 -1 -1 -1 -1 -1 -1
0.5866631865501404 0.26504427194595337 0.998633086681366 -1 -1 -1 -1 -1 -1 -1 -1 -1
0.5843617916107178 0.44129252433776855 0.654388427734375 -1 -1 -1 -1 -1 -1 -1 -1 -1
0.5764704942703247 0.18093323707580566 0.992232084274292 -1 -1 -1 -1 -1 -1 -1 -1 -1
0.5916933417320251 0.5265838503837585 0.817436933517456 -1 -1 -1 -1 -1 -1 -1 -1 -1
0.573225736618042 0.165996253490448 0.968390703201294 -1 -1 -1 -1 -1 -1 -1 -1 -1
0.5985586047172546 0.5359967350959778 0.9085832238197327 -1 -1 -1 -1 -1 -1 -1 -1 -1
0.579352855682373 0.13353076577186584 0.9804309010505676 -1 -1 -1 -1 -1 -1 -1 -1 -1
0.5778063535690308 0.5622488260269165 0.8804264068603516 -1 -1 -1 -1 -1 -1 -1 -1 -1
1 
33 
-1 -1 -1 -1 -1 -1 -1 -1 -1 -1
0.5681355595588684 0.2993943691253662 0.9990816116333008 -1 -1 -1 -1 -1 -1 -1 -1 -1
0.5704954862594604 0.29002076387405396 0.9986847043037415 -1 -1 -1 -1 -1 -1 -1 -1 -1
0.5710107684135437 0.2892242670059204 0.9991337656974792 -1 -1 -1 -1 -1 -1 -1 -1 -1
0.5716344118118286 0.28937673568725586 0.9989559650421143 -1 -1 -1 -1 -1 -1 -1 -1 -1
0.5693696737289429 0.2919231653213501 0.9986816048622131 -1 -1 -1 -1 -1 -1 -1 -1 -1
0.569865345954895 0.291228711605072 0.9990255832672119 -1 -1 -1 -1 -1 -1 -1 -1 -1
0.5702430605888367 0.29078373312950134 0.9988583326339722 -1 -1 -1 -1 -1 -1 -1 -1 -1
0.5774118900299072 0.28686463832855225 0.9983474016189575 -1 -1 -1 -1 -1 -1 -1 -1 -1
0.5757774710655212 0.28800809383392334 0.9994279742240906 -1 -1 -1 -1 -1 -1 -1 -1 -1
0.5715683102607727 0.31078076362609863 0.9953898191452026 -1 -1 -1 -1 -1 -1 -1 -1 -1
0.569736897945404 0.31176334619522095 0.9956244826316833 -1 -1 -1 -1 -1 -1 -1 -1 -1
0.5928749442100525 0.32096824049949646 0.9995488524436951 -1 -1 -1 -1 -1 -1 -1 -1 -1
0.5790807008743286 0.34772413969039917 0.9962886571884155 -1 -1 -1 -1 -1 -1 -1 -1 -1
0.5995162725448608 0.2912551760673523 0.9306029081344604 -1 -1 -1 -1 -1 -1 -1 -1 -1
0.5790727138519287 0.3873407542705536 0.07791384309530258 -1 -1 -1 -1 -1 -1 -1 -1 -1
0.590738832950592 0.24457001686096191 0.8660143613815308 -1 -1 -1 -1 -1 -1 -1 -1 -1
0.5699558854103088 0.4011545777320862 0.08877598494291306 -1 -1 -1 -1 -1 -1 -1 -1 -1
0.5903980731964111 0.22974921762943268 0.8095951676368713 -1 -1 -1 -1 -1 -1 -1 -1 -1
0.5699135661125183 0.40461817383766174 0.09534727782011032 -1 -1 -1 -1 -1 -1 -1 -1 -1
0.5886207818984985 0.2279525101184845 0.7872487902641296 -1 -1 -1 -1 -1 -1 -1 -1 -1
0.5665566921234131 0.40366384387016296 0.09915128350257874 -1 -1 -1 -1 -1 -1 -1 -1 -1
0.5880688428878784 0.2344227135181427 0.7554050087928772 -1 -1 -1 -1 -1 -1 -1 -1 -1
0.5662370920181274 0.40264368057250977 0.11563006788492203 -1 -1 -1 -1 -1 -1 -1 -1 -1
0.6145604252815247 0.4233569800853729 0.9997884631156921 -1 -1 -1 -1 -1 -1 -1 -1 -1
0.6080542802810669 0.4327215850353241 0.9993094205856323 -1 -1 -1 -1 -1 -1 -1 -1 -1
0.5849639773368835 0.45989319682121277 0.925446629524231 -1 -1 -1 -1 -1 -1 -1 -1 -1
0.5849261283874512 0.48259857296943665 0.4710366725921631 -1 -1 -1 -1 -1 -1 -1 -1 -1
0.5874353051185608 0.5652451515197754 0.9465135335922241 -1 -1 -1 -1 -1 -1 -1 -1 -1
0.5894729495048523 0.5608742833137512 0.5761809945106506 -1 -1 -1 -1 -1 -1 -1 -1 -1
0.5929326415061951 0.5765194892883301 0.9520110487937927 -1 -1 -1 -1 -1 -1 -1 -1 -1
0.5945305824279785 0.5727075338363647 0.618843138217926 -1 -1 -1 -1 -1 -1 -1 -1 -1
0.5797732472419739 0.5842776298522949 0.9464330673217773 -1 -1 -1 -1 -1 -1 -1 -1 -1
0.5774555206298828 0.5821282267570496 0.6634143590927124 -1 -1 -1 -1 -1 -1 -1 -1 -1
1 
33 
-1 -1 -1 -1 -1 -1 -1 -1 -1 -1
0.5754669904708862 0.3027191162109375 0.9819329380989075 -1 -1 -1 -1 -1 -1 -1 -1 -1
0.5731750726699829 0.30192136764526367 0.979035496711731 -1 -1 -1 -1 -1 -1 -1 -1 -1
0.5700621604919434 0.2943432927131653 0.9754178524017334 -1 -1 -1 -1 -1 -1 -1 -1 -1
0.5699144005775452 0.29469722509384155 0.9809824824333191 -1 -1 -1 -1 -1 -1 -1 -1 -1
0.5758399367332458 0.2994993031024933 0.987959623336792 -1 -1 -1 -1 -1 -1 -1 -1 -1
0.5768555998802185 0.2992821931838989 0.9883360266685486 -1 -1 -1 -1 -1 -1 -1 -1 -1
0.5778948068618774 0.29905518889427185 0.9905253648757935 -1 -1 -1 -1 -1 -1 -1 -1 -1
0.5731633901596069 0.29668283462524414 0.9756445288658142 -1 -1 -1 -1 -1 -1 -1 -1 -1
0.5811365842819214 0.3070317208766937 0.99076908826828 -1 -1 -1 -1 -1 -1 -1 -1 -1
0.5759605765342712 0.3109399676322937 0.9735987782478333 -1 -1 -1 -1 -1 -1 -1 -1 -1
0.5786983966827393 0.30812299251556396 0.9788661599159241 -1 -1 -1 -1 -1 -1 -1 -1 -1
0.574971616268158 0.3386955261230469 0.9912817478179932 -1 -1 -1 -1 -1 -1 -1 -1 -1
0.5936505198478699 0.3262624144554138 0.9922240972518921 -1 -1 -1 -1 -1 -1 -1 -1 -1
0.574346661567688 0.29618340730667114 0.4538837671279907 -1 -1 -1 -1 -1 -1 -1 -1 -1
0.5945990681648254 0.2785911560058594 0.8127546906471252 -1 -1 -1 -1 -1 -1 -1 -1 -1
0.5743125677108765 0.2426689863204956 0.7200638055801392 -1 -1 -1 -1 -1 -1 -1 -1 -1
0.5828511118888855 0.22720298171043396 0.8894144296646118 -1 -1 -1 -1 -1 -1 -1 -1 -1
0.5729478597640991 0.23207080364227295 0.7091835141181946 -1 -1 -1 -1 -1 -1 -1 -1 -1
0.5818340182304382 0.21699392795562744 0.8705102801322937 -1 -1 -1 -1 -1 -1 -1 -1 -1
0.5743767023086548 0.2276708483695984 0.7068626880645752 -1 -1 -1 -1 -1 -1 -1 -1 -1
0.5786772966384888 0.21670058369636536 0.8635352253913879 -1 -1 -1 -1 -1 -1 -1 -1 -1
0.5753275156021118 0.2314634919166565 0.6517357230186462 -1 -1 -1 -1 -1 -1 -1 -1 -1
0.5779027938842773 0.22012388706207275 0.8188425302505493 -1 -1 -1 -1 -1 -1 -1 -1 -1
0.6076498627662659 0.4438914954662323 0.9993419051170349 -1 -1 -1 -1 -1 -1 -1 -1 -1
0.6169272065162659 0.4337654709815979 0.9990195035934448 -1 -1 -1 -1 -1 -1 -1 -1 -1
0.5973472595214844 0.4881395101547241 0.9091103672981262 -1 -1 -1 -1 -1 -1 -1 -1 -1
0.595439612865448 0.4667729139328003 0.7341378927230835 -1 -1 -1 -1 -1 -1 -1 -1 -1
0.5878899693489075 0.5755677223205566 0.9407237768173218 -1 -1 -1 -1 -1 -1 -1 -1 -1
0.5898557305335999 0.5372495055198669 0.9294323325157166 -1 -1 -1 -1 -1 -1 -1 -1 -1
0.5912291407585144 0.5744986534118652 0.9265775680541992 -1 -1 -1 -1 -1 -1 -1 -1 -1
0.5886808633804321 0.5460159182548523 0.9197896718978882 -1 -1 -1 -1 -1 -1 -1 -1 -1
0.588340699672699 0.5841492414474487 0.9018822312355042 -1 -1 -1 -1 -1 -1 -1 -1 -1
0.5853042602539062 0.5593761205673218 0.8973323106765747 -1 -1 -1 -1 -1 -1 -1 -1 -1
1 
33 
-1 -1 -1 -1 -1 -1 -1 -1 -1 -1
0.5795936584472656 0.3203299939632416 0.9298327565193176 -1 -1 -1 -1 -1 -1 -1 -1 -1
0.5804534554481506 0.3168662190437317 0.9494480490684509 -1 -1 -1 -1 -1 -1 -1 -1 -1
0.5818573236465454 0.316561222076416 0.9477128386497498 -1 -1 -1 -1 -1 -1 -1 -1 -1
0.5826216340065002 0.3160668611526489 0.9627952575683594 -1 -1 -1 -1 -1 -1 -1 -1 -1
0.5792384147644043 0.3174375295639038 0.9270052909851074 -1 -1 -1 -1 -1 -1 -1 -1 -1
0.5790626406669617 0.3173505663871765 0.8932637572288513 -1 -1 -1 -1 -1 -1 -1 -1 -1
0.5776563882827759 0.31332752108573914 0.9229791760444641 -1 -1 -1 -1 -1 -1 -1 -1 -1
0.5903220772743225 0.31208550930023193 0.9465498924255371 -1 -1 -1 -1 -1 -1 -1 -1 -1
0.5789569616317749 0.31424447894096375 0.8790098428726196 -1 -1 -1 -1 -1 -1 -1 -1 -1
0.5815791487693787 0.32575756311416626 0.8865814805030823 -1 -1 -1 -1 -1 -1 -1 -1 -1
0.5797252655029297 0.3266686201095581 0.8619847297668457 -1 -1 -1 -1 -1 -1 -1 -1 -1
0.6008090376853943 0.33097413182258606 0.9959462285041809 -1 -1 -1 -1 -1 -1 -1 -1 -1
0.5752692222595215 0.3403770625591278 0.9750345945358276 -1 -1 -1 -1 -1 -1 -1 -1 -1
0.5939977169036865 0.30583229660987854 0.9730431437492371 -1 -1 -1 -1 -1 -1 -1 -1 -1
0.5699416399002075 0.35964733362197876 0.13376715779304504 -1 -1 -1 -1 -1 -1 -1 -1 -1
0.5813818573951721 0.25411128997802734 0.9267330765724182 -1 -1 -1 -1 -1 -1 -1 -1 -1
0.5721768140792847 0.34810158610343933 0.3332267999649048 -1 -1 -1 -1 -1 -1 -1 -1 -1
0.5792451500892639 0.2402934730052948 0.8945497274398804 -1 -1 -1 -1 -1 -1 -1 -1 -1
0.5727286338806152 0.347794771194458 0.34542131423950195 -1 -1 -1 -1 -1 -1 -1 -1 -1
0.5784605145454407 0.23982033133506775 0.8844820261001587 -1 -1 -1 -1 -1 -1 -1 -1 -1
0.573247492313385 0.34359607100486755 0.3515160381793976 -1 -1 -1 -1 -1 -1 -1 -1 -1
0.5783995389938354 0.2458995282649994 0.833378255367279 -1 -1 -1 -1 -1 -1 -1 -1 -1
0.573142409324646 0.3442610800266266 0.3433622121810913 -1 -1 -1 -1 -1 -1 -1 -1 -1
0.5987808108329773 0.4412006139755249 0.9996380805969238 -1 -1 -1 -1 -1 -1 -1 -1 -1
0.5830050706863403 0.4413084089756012 0.9977133274078369 -1 -1 -1 -1 -1 -1 -1 -1 -1
0.5876582264900208 0.5107036232948303 0.948684811592102 -1 -1 -1 -1 -1 -1 -1 -1 -1
0.5788668990135193 0.5077160596847534 0.40077298879623413 -1 -1 -1 -1 -1 -1 -1 -1 -1
0.5875442624092102 0.6013714075088501 0.9697456359863281 -1 -1 -1 -1 -1 -1 -1 -1 -1
0.5918563008308411 0.5771650075912476 0.6319748759269714 -1 -1 -1 -1 -1 -1 -1 -1 -1
0.5932890772819519 0.6095520257949829 0.9255346059799194 -1 -1 -1 -1 -1 -1 -1 -1 -1
0.5967370271682739 0.5872081518173218 0.6717641949653625 -1 -1 -1 -1 -1 -1 -1 -1 -1
0.5780283212661743 0.6398317813873291 0.9652044177055359 -1 -1 -1 -1 -1 -1 -1 -1 -1
0.5842013359069824 0.6011777520179749 0.7316259741783142 -1 -1 -1 -1 -1 -1 -1 -1 -1
1 
33 
-1 -1 -1 -1 -1 -1 -1 -1 -1 -1
0.5657089352607727 0.3404405117034912 0.9972987771034241 -1 -1 -1 -1 -1 -1 -1 -1 -1
0.5701828598976135 0.32194745540618896 0.9973293542861938 -1 -1 -1 -1 -1 -1 -1 -1 -1
0.5710303783416748 0.32157576084136963 0.9973117113113403 -1 -1 -1 -1 -1 -1 -1 -1 -1
0.5714548826217651 0.32111451029777527 0.9978146553039551 -1 -1 -1 -1 -1 -1 -1 -1 -1
0.5700311064720154 0.32196444272994995 0.9963061809539795 -1 -1 -1 -1 -1 -1 -1 -1 -1
0.5702909231185913 0.32163316011428833 0.995513379573822 -1 -1 -1 -1 -1 -1 -1 -1 -1
0.570534348487854 0.3213748335838318 0.9965932965278625 -1 -1 -1 -1 -1 -1 -1 -1 -1
0.5762450695037842 0.320326030254364 0.9975717663764954 -1 -1 -1 -1 -1 -1 -1 -1 -1
0.5752628445625305 0.32112398743629456 0.9975851774215698 -1 -1 -1 -1 -1 -1 -1 -1 -1
0.5726709961891174 0.33668261766433716 0.9984070658683777 -1 -1 -1 -1 -1 -1 -1 -1 -1
0.5681315064430237 0.3472462594509125 0.9959915280342102 -1 -1 -1 -1 -1 -1 -1 -1 -1
0.5921818017959595 0.3535246253013611 0.9999295473098755 -1 -1 -1 -1 -1 -1 -1 -1 -1
0.5739697217941284 0.3728201687335968 0.9987249970436096 -1 -1 -1 -1 -1 -1 -1 -1 -1
0.5894699096679688 0.34328240156173706 0.9737004041671753 -1 -1 -1 -1 -1 -1 -1 -1 -1
0.5645042061805725 0.4110912084579468 0.24731791019439697 -1 -1 -1 -1 -1 -1 -1 -1 -1
0.5679963827133179 0.32625406980514526 0.9173363447189331 -1 -1 -1 -1 -1 -1 -1 -1 -1
0.5499192476272583 0.414485365152359 0.40920692682266235 -1 -1 -1 -1 -1 -1 -1 -1 -1
0.5633991360664368 0.3208940029144287 0.8787546753883362 -1 -1 -1 -1 -1 -1 -1 -1 -1
0.5469641089439392 0.4155339300632477 0.4001310467720032 -1 -1 -1 -1 -1 -1 -1 -1 -1
0.5628167390823364 0.320497989654541 0.8598610758781433 -1 -1 -1 -1 -1 -1 -1 -1 -1
0.5458875894546509 0.41023653745651245 0.41332322359085083 -1 -1 -1 -1 -1 -1 -1 -1 -1
0.5644250512123108 0.3244742155075073 0.7729312181472778 -1 -1 -1 -1 -1 -1 -1 -1 -1
0.5470985770225525 0.4100677967071533 0.3862776458263397 -1 -1 -1 -1 -1 -1 -1 -1 -1
0.5896117091178894 0.4715437889099121 0.9999778270721436 -1 -1 -1 -1 -1 -1 -1 -1 -1
0.5722151398658752 0.4705578088760376 0.999790370464325 -1 -1 -1 -1 -1 -1 -1 -1 -1
0.5883971452713013 0.5512865781784058 0.9573421478271484 -1 -1 -1 -1 -1 -1 -1 -1 -1
0.547694981098175 0.5326331257820129 0.8784027099609375 -1 -1 -1 -1 -1 -1 -1 -1 -1
0.5882171988487244 0.6280184388160706 0.9589002728462219 -1 -1 -1 -1 -1 -1 -1 -1 -1
0.5568917393684387 0.5882627367973328 0.6908136606216431 -1 -1 -1 -1 -1 -1 -1 -1 -1
0.5904397964477539 0.6336261034011841 0.8095061779022217 -1 -1 -1 -1 -1 -1 -1 -1 -1
0.561805784702301 0.5941693782806396 0.6707031726837158 -1 -1 -1 -1 -1 -1 -1 -1 -1
0.5782455205917358 0.6586704850196838 0.9557492136955261 -1 -1 -1 -1 -1 -1 -1 -1 -1
0.5483673810958862 0.6176919341087341 0.787311851978302 -1 -1 -1 -1 -1 -1 -1 -1 -1
1 
33 
-1 -1 -1 -1 -1 -1 -1 -1 -1 -1
0.5722643733024597 0.3600689172744751 0.9980131387710571 -1 -1 -1 -1 -1 -1 -1 -1 -1
0.575264573097229 0.3443220853805542 0.9982402324676514 -1 -1 -1 -1 -1 -1 -1 -1 -1
0.5758041143417358 0.3438478410243988 0.9978824257850647 -1 -1 -1 -1 -1 -1 -1 -1 -1
0.5762913227081299 0.34383755922317505 0.9981514811515808 -1 -1 -1 -1 -1 -1 -1 -1 -1
0.5728405714035034 0.34432369470596313 0.9984143972396851 -1 -1 -1 -1 -1 -1 -1 -1 -1
0.5730233192443848 0.3439502418041229 0.9980923533439636 -1 -1 -1 -1 -1 -1 -1 -1 -1
0.5707139372825623 0.3467453122138977 0.9987480640411377 -1 -1 -1 -1 -1 -1 -1 -1 -1
0.5804603099822998 0.3418818712234497 0.9987850785255432 -1 -1 -1 -1 -1 -1 -1 -1 -1
0.5730133652687073 0.3453896641731262 0.9988402724266052 -1 -1 -1 -1 -1 -1 -1 -1 -1
0.5742992162704468 0.3595953583717346 0.9971108436584473 -1 -1 -1 -1 -1 -1 -1 -1 -1
0.5713698863983154 0.3629728853702545 0.9975645542144775 -1 -1 -1 -1 -1 -1 -1 -1 -1
0.5859375596046448 0.37834542989730835 0.9985687732696533 -1 -1 -1 -1 -1 -1 -1 -1 -1
0.5619390606880188 0.3929672837257385 0.9962642788887024 -1 -1 -1 -1 -1 -1 -1 -1 -1
0.5941466689109802 0.3783685564994812 0.9406315684318542 -1 -1 -1 -1 -1 -1 -1 -1 -1
0.5537310838699341 0.41349563002586365 0.7584167718887329 -1 -1 -1 -1 -1 -1 -1 -1 -1
0.5846878290176392 0.3641631603240967 0.6761975884437561 -1 -1 -1 -1 -1 -1 -1 -1 -1
0.560270369052887 0.39104732871055603 0.7525559067726135 -1 -1 -1 -1 -1 -1 -1 -1 -1
0.5830802917480469 0.3593514561653137 0.542590856552124 -1 -1 -1 -1 -1 -1 -1 -1 -1
0.5621479749679565 0.38660186529159546 0.6219815611839294 -1 -1 -1 -1 -1 -1 -1 -1 -1
0.5824704170227051 0.3596794307231903 0.5092459917068481 -1 -1 -1 -1 -1 -1 -1 -1 -1
0.5624539852142334 0.3822456896305084 0.6104876399040222 -1 -1 -1 -1 -1 -1 -1 -1 -1
0.582770049571991 0.363182008266449 0.4655052721500397 -1 -1 -1 -1 -1 -1 -1 -1 -1
0.5623794198036194 0.3849535584449768 0.5761568546295166 -1 -1 -1 -1 -1 -1 -1 -1 -1
0.5949490666389465 0.4795263707637787 0.9990642666816711 -1 -1 -1 -1 -1 -1 -1 -1 -1
0.5803065299987793 0.4880956709384918 0.9983282685279846 -1 -1 -1 -1 -1 -1 -1 -1 -1
0.5931105017662048 0.5527238845825195 0.9790067076683044 -1 -1 -1 -1 -1 -1 -1 -1 -1
0.5755276679992676 0.5528942346572876 0.77921462059021 -1 -1 -1 -1 -1 -1 -1 -1 -1
0.5959915518760681 0.6341856718063354 0.9693636298179626 -1 -1 -1 -1 -1 -1 -1 -1 -1
0.5913556814193726 0.6193809509277344 0.7919915318489075 -1 -1 -1 -1 -1 -1 -1 -1 -1
0.5997965335845947 0.641309380531311 0.8831591606140137 -1 -1 -1 -1 -1 -1 -1 -1 -1
0.5980003476142883 0.6335451602935791 0.7147732377052307 -1 -1 -1 -1 -1 -1 -1 -1 -1
0.5838963985443115 0.6643846035003662 0.9619471430778503 -1 -1 -1 -1 -1 -1 -1 -1 -1
0.5844507813453674 0.6489678621292114 0.8184571266174316 -1 -1 -1 -1 -1 -1 -1 -1 -1
1 
33 
-1 -1 -1 -1 -1 -1 -1 -1 -1 -1
0.5737834572792053 0.37279388308525085 0.9991494417190552 -1 -1 -1 -1 -1 -1 -1 -1 -1
0.5755252242088318 0.36586472392082214 0.9966386556625366 -1 -1 -1 -1 -1 -1 -1 -1 -1
0.5765946507453918 0.3615700900554657 0.9956141710281372 -1 -1 -1 -1 -1 -1 -1 -1 -1
0.5786378979682922 0.3605712056159973 0.9941685199737549 -1 -1 -1 -1 -1 -1 -1 -1 -1
0.5711298584938049 0.36595526337623596 0.9967237114906311 -1 -1 -1 -1 -1 -1 -1 -1 -1
0.5694518089294434 0.36599311232566833 0.9964981079101562 -1 -1 -1 -1 -1 -1 -1 -1 -1
0.5677891373634338 0.3660482168197632 0.9967111349105835 -1 -1 -1 -1 -1 -1 -1 -1 -1
0.5801557302474976 0.36986634135246277 0.9925233721733093 -1 -1 -1 -1 -1 -1 -1 -1 -1
0.5652298331260681 0.37037405371665955 0.9985820055007935 -1 -1 -1 -1 -1 -1 -1 -1 -1
0.5766251683235168 0.38097190856933594 0.9995960593223572 -1 -1 -1 -1 -1 -1 -1 -1 -1
0.5708709955215454 0.38128966093063354 0.9997480511665344 -1 -1 -1 -1 -1 -1 -1 -1 -1
0.5936895608901978 0.404396653175354 0.9997550845146179 -1 -1 -1 -1 -1 -1 -1 -1 -1
0.5554038882255554 0.4111144244670868 0.9997476935386658 -1 -1 -1 -1 -1 -1 -1 -1 -1
0.6028167605400085 0.43922504782676697 0.8469339609146118 -1 -1 -1 -1 -1 -1 -1 -1 -1
0.5445507168769836 0.4543251097202301 0.933553159236908 -1 -1 -1 -1 -1 -1 -1 -1 -1
0.597037136554718 0.4547305703163147 0.5224419236183167 -1 -1 -1 -1 -1 -1 -1 -1 -1
0.5482881665229797 0.48935380578041077 0.7575660347938538 -1 -1 -1 -1 -1 -1 -1 -1 -1
0.5964083671569824 0.4600410759449005 0.5380527973175049 -1 -1 -1 -1 -1 -1 -1 -1 -1
0.5482319593429565 0.5016967058181763 0.6858930587768555 -1 -1 -1 -1 -1 -1 -1 -1 -1
0.593579113483429 0.45740827918052673 0.5143356919288635 -1 -1 -1 -1 -1 -1 -1 -1 -1
0.551017701625824 0.49758121371269226 0.6728399395942688 -1 -1 -1 -1 -1 -1 -1 -1 -1
0.5928182601928711 0.4569706916809082 0.41898083686828613 -1 -1 -1 -1 -1 -1 -1 -1 -1
0.5525514483451843 0.49422013759613037 0.6217825412750244 -1 -1 -1 -1 -1 -1 -1 -1 -1
0.593591034412384 0.49506548047065735 0.9989547729492188 -1 -1 -1 -1 -1 -1 -1 -1 -1
0.5703750848770142 0.49444207549095154 0.9971417784690857 -1 -1 -1 -1 -1 -1 -1 -1 -1
0.5930185914039612 0.5681246519088745 0.7150235176086426 -1 -1 -1 -1 -1 -1 -1 -1 -1
0.5536893010139465 0.5361326932907104 0.6968674063682556 -1 -1 -1 -1 -1 -1 -1 -1 -1
0.5994102954864502 0.6290431022644043 0.7199812531471252 -1 -1 -1 -1 -1 -1 -1 -1 -1
0.5653202533721924 0.5773290395736694 0.39004582166671753 -1 -1 -1 -1 -1 -1 -1 -1 -1
0.6008472442626953 0.6354180574417114 0.3120696544647217 -1 -1 -1 -1 -1 -1 -1 -1 -1
0.5698392987251282 0.5826370716094971 0.46578583121299744 -1 -1 -1 -1 -1 -1 -1 -1 -1
0.5996674299240112 0.6585179567337036 0.6060579419136047 -1 -1 -1 -1 -1 -1 -1 -1 -1
0.5607739686965942 0.6017283201217651 0.48539096117019653 -1 -1 -1 -1 -1 -1 -1 -1 -1
1 
33 
-1 -1 -1 -1 -1 -1 -1 -1 -1 -1
0.5710691213607788 0.39759761095046997 0.9967626333236694 -1 -1 -1 -1 -1 -1 -1 -1 -1
0.5719314813613892 0.3894176483154297 0.9979419112205505 -1 -1 -1 -1 -1 -1 -1 -1 -1
0.5732439160346985 0.38868287205696106 0.9980042576789856 -1 -1 -1 -1 -1 -1 -1 -1 -1
0.574547290802002 0.3879934549331665 0.9986182451248169 -1 -1 -1 -1 -1 -1 -1 -1 -1
0.5673744678497314 0.3916078507900238 0.9948655962944031 -1 -1 -1 -1 -1 -1 -1 -1 -1
0.5678894519805908 0.39059972763061523 0.9906079769134521 -1 -1 -1 -1 -1 -1 -1 -1 -1
0.566925585269928 0.39065805077552795 0.9924693703651428 -1 -1 -1 -1 -1 -1 -1 -1 -1
0.5787215232849121 0.3862990140914917 0.9990641474723816 -1 -1 -1 -1 -1 -1 -1 -1 -1
0.5685251951217651 0.3900917172431946 0.9918322563171387 -1 -1 -1 -1 -1 -1 -1 -1 -1
0.5753531455993652 0.40165749192237854 0.9974154233932495 -1 -1 -1 -1 -1 -1 -1 -1 -1
0.5715824961662292 0.40337634086608887 0.9893642663955688 -1 -1 -1 -1 -1 -1 -1 -1 -1
0.5954606533050537 0.4113262891769409 0.9999349117279053 -1 -1 -1 -1 -1 -1 -1 -1 -1
0.5715287923812866 0.41160449385643005 0.9973478317260742 -1 -1 -1 -1 -1 -1 -1 -1 -1
0.600052535533905 0.41408419609069824 0.9869101643562317 -1 -1 -1 -1 -1 -1 -1 -1 -1
0.5705217123031616 0.41326457262039185 0.8381192088127136 -1 -1 -1 -1 -1 -1 -1 -1 -1
0.5862441062927246 0.3918575048446655 0.8749798536300659 -1 -1 -1 -1 -1 -1 -1 -1 -1
0.5792908668518066 0.39254727959632874 0.698716938495636 -1 -1 -1 -1 -1 -1 -1 -1 -1
0.5825966000556946 0.3864114582538605 0.7776035070419312 -1 -1 -1 -1 -1 -1 -1 -1 -1
0.5813167095184326 0.38574331998825073 0.5525126457214355 -1 -1 -1 -1 -1 -1 -1 -1 -1
0.5821631550788879 0.38547030091285706 0.7608728408813477 -1 -1 -1 -1 -1 -1 -1 -1 -1
0.5802025198936462 0.3865210711956024 0.5352800488471985 -1 -1 -1 -1 -1 -1 -1 -1 -1
0.5829923748970032 0.3885142207145691 0.6608071327209473 -1 -1 -1 -1 -1 -1 -1 -1 -1
0.5801171064376831 0.3897401690483093 0.5337372422218323 -1 -1 -1 -1 -1 -1 -1 -1 -1
0.5921987891197205 0.5092847943305969 0.9997645020484924 -1 -1 -1 -1 -1 -1 -1 -1 -1
0.5768110752105713 0.5048580765724182 0.9989916682243347 -1 -1 -1 -1 -1 -1 -1 -1 -1
0.5835384130477905 0.5762134790420532 0.9747153520584106 -1 -1 -1 -1 -1 -1 -1 -1 -1
0.570598840713501 0.5593015551567078 0.6411598324775696 -1 -1 -1 -1 -1 -1 -1 -1 -1
0.6012961864471436 0.6641161441802979 0.9816204309463501 -1 -1 -1 -1 -1 -1 -1 -1 -1
0.5930929183959961 0.6235042810440063 0.6501636505126953 -1 -1 -1 -1 -1 -1 -1 -1 -1
0.6069416999816895 0.6728051900863647 0.9104337096214294 -1 -1 -1 -1 -1 -1 -1 -1 -1
0.598786473274231 0.6317752599716187 0.6465588212013245 -1 -1 -1 -1 -1 -1 -1 -1 -1
0.587397038936615 0.6780678629875183 0.974523663520813 -1 -1 -1 -1 -1 -1 -1 -1 -1
0.5877291560173035 0.6471365690231323 0.7256371378898621 -1 -1 -1 -1 -1 -1 -1 -1 -1
1 
33 
-1 -1 -1 -1 -1 -1 -1 -1 -1 -1
0.5613400340080261 0.42442062497138977 0.9998852014541626 -1 -1 -1 -1 -1 -1 -1 -1 -1
0.5659543871879578 0.41821444034576416 0.9999761581420898 -1 -1 -1 -1 -1 -1 -1 -1 -1
0.5677401423454285 0.41882991790771484 0.9999668598175049 -1 -1 -1 -1 -1 -1 -1 -1 -1
0.5695005059242249 0.41948333382606506 0.9999731779098511 -1 -1 -1 -1 -1 -1 -1 -1 -1
0.5619868636131287 0.41489851474761963 0.9999485015869141 -1 -1 -1 -1 -1 -1 -1 -1 -1
0.5609331727027893 0.41344699263572693 0.9998824596405029 -1 -1 -1 -1 -1 -1 -1 -1 -1
0.5598669052124023 0.41203024983406067 0.9999139308929443 -1 -1 -1 -1 -1 -1 -1 -1 -1
0.576608419418335 0.4171115756034851 0.9999873638153076 -1 -1 -1 -1 -1 -1 -1 -1 -1
0.5627504587173462 0.4063017964363098 0.9999508857727051 -1 -1 -1 -1 -1 -1 -1 -1 -1
0.5656532645225525 0.4287550449371338 0.9999666213989258 -1 -1 -1 -1 -1 -1 -1 -1 -1
0.5611509680747986 0.42599189281463623 0.9999396800994873 -1 -1 -1 -1 -1 -1 -1 -1 -1
0.5902625918388367 0.4483011066913605 0.9999933242797852 -1 -1 -1 -1 -1 -1 -1 -1 -1
0.5597809553146362 0.40535521507263184 0.9997730851173401 -1 -1 -1 -1 -1 -1 -1 -1 -1
0.595043957233429 0.5060924291610718 0.9971430897712708 -1 -1 -1 -1 -1 -1 -1 -1 -1
0.5466944575309753 0.423769474029541 0.8445494174957275 -1 -1 -1 -1 -1 -1 -1 -1 -1
0.5755310654640198 0.5447809100151062 0.9923147559165955 -1 -1 -1 -1 -1 -1 -1 -1 -1
0.5430154800415039 0.4420264959335327 0.8290361166000366 -1 -1 -1 -1 -1 -1 -1 -1 -1
0.5728015303611755 0.5570861101150513 0.9601086974143982 -1 -1 -1 -1 -1 -1 -1 -1 -1
0.5416111350059509 0.4449683427810669 0.6800004243850708 -1 -1 -1 -1 -1 -1 -1 -1 -1
0.5667319893836975 0.5482847690582275 0.9569153785705566 -1 -1 -1 -1 -1 -1 -1 -1 -1
0.5434956550598145 0.44583696126937866 0.6978700757026672 -1 -1 -1 -1 -1 -1 -1 -1 -1
0.5670774579048157 0.5427088737487793 0.924808919429779 -1 -1 -1 -1 -1 -1 -1 -1 -1
0.5450214743614197 0.4463311731815338 0.7126362323760986 -1 -1 -1 -1 -1 -1 -1 -1 -1
0.5782608389854431 0.47824782133102417 0.999401330947876 -1 -1 -1 -1 -1 -1 -1 -1 -1
0.5610613226890564 0.4548088014125824 0.9998082518577576 -1 -1 -1 -1 -1 -1 -1 -1 -1
0.5619204640388489 0.5254077315330505 0.6529440879821777 -1 -1 -1 -1 -1 -1 -1 -1 -1
0.5431227087974548 0.488016277551651 0.8114222884178162 -1 -1 -1 -1 -1 -1 -1 -1 -1
0.5686899423599243 0.5445225238800049 0.33605584502220154 -1 -1 -1 -1 -1 -1 -1 -1 -1
0.5501495599746704 0.5256176590919495 0.6563915610313416 -1 -1 -1 -1 -1 -1 -1 -1 -1
0.5703915357589722 0.5445845723152161 0.4978596866130829 -1 -1 -1 -1 -1 -1 -1 -1 -1
0.5533878803253174 0.5310619473457336 0.36705482006073 -1 -1 -1 -1 -1 -1 -1 -1 -1
0.5645719766616821 0.5669668316841125 0.5728667378425598 -1 -1 -1 -1 -1 -1 -1 -1 -1
0.5415484309196472 0.5434285998344421 0.6061112880706787 -1 -1 -1 -1 -1 -1 -1 -1 -1
1 
