13
1 
33 
-1 -1 -1 -1 -1 -1 -1 -1 -1 -1
0.5151880979537964 0.39554792642593384 0.9993845224380493 -1 -1 -1 -1 -1 -1 -1 -1 -1
0.514750063419342 0.38978585600852966 0.9988937973976135 -1 -1 -1 -1 -1 -1 -1 -1 -1
0.5146596431732178 0.3896515667438507 0.9982661604881287 -1 -1 -1 -1 -1 -1 -1 -1 -1
0.5143516063690186 0.38827913999557495 0.998835027217865 -1 -1 -1 -1 -1 -1 -1 -1 -1
0.5131032466888428 0.3896189033985138 0.9990817308425903 -1 -1 -1 -1 -1 -1 -1 -1 -1
0.5124551653862 0.3893939256668091 0.998664140701294 -1 -1 -1 -1 -1 -1 -1 -1 -1
0.5107885599136353 0.38827842473983765 0.998936116695404 -1 -1 -1 -1 -1 -1 -1 -1 -1
0.5097029805183411 0.39006781578063965 0.997687578201294 -1 -1 -1 -1 -1 -1 -1 -1 -1
0.5066266655921936 0.3901114761829376 0.9984672665596008 -1 -1 -1 -1 -1 -1 -1 -1 -1
0.5133968591690063 0.4014439880847931 0.9994801878929138 -1 -1 -1 -1 -1 -1 -1 -1 -1
0.5118414163589478 0.4011116921901703 0.9996733665466309 -1 -1 -1 -1 -1 -1 -1 -1 -1
0.5088661909103394 0.4256737530231476 0.9988774657249451 -1 -1 -1 -1 -1 -1 -1 -1 -1
0.4966183304786682 0.42815738916397095 0.9988982677459717 -1 -1 -1 -1 -1 -1 -1 -1 -1
0.5046498775482178 0.4741329252719879 0.10979887843132019 -1 -1 -1 -1 -1 -1 -1 -1 -1
0.4967292249202728 0.481831431388855 0.9394821524620056 -1 -1 -1 -1 -1 -1 -1 -1 -1
0.506391167640686 0.5088072419166565 0.16606388986110687 -1 -1 -1 -1 -1 -1 -1 -1 -1
0.5049064755439758 0.5213066339492798 0.8955909609794617 -1 -1 -1 -1 -1 -1 -1 -1 -1
0.5075912475585938 0.5201417207717896 0.18548981845378876 -1 -1 -1 -1 -1 -1 -1 -1 -1
0.5054489970207214 0.5332140922546387 0.8559394478797913 -1 -1 -1 -1 -1 -1 -1 -1 -1
0.5063353180885315 0.5187695026397705 0.19585193693637848 -1 -1 -1 -1 -1 -1 -1 -1 -1
0.5086675882339478 0.5314158797264099 0.844825804233551 -1 -1 -1 -1 -1 -1 -1 -1 -1
0.5054106712341309 0.5144650340080261 0.19488465785980225 -1 -1 -1 -1 -1 -1 -1 -1 -1
0.5084304809570312 0.5272893309593201 0.785659670829773 -1 -1 -1 -1 -1 -1 -1 -1 -1
0.5055062770843506 0.49664467573165894 0.9987855553627014 -1 -1 -1 -1 -1 -1 -1 -1 -1
0.4955175817012787 0.49800926446914673 0.9967803955078125 -1 -1 -1 -1 -1 -1 -1 -1 -1
0.5165361762046814 0.5404194593429565 0.8013602495193481 -1 -1 -1 -1 -1 -1 -1 -1 -1
0.5015319585800171 0.5452278852462769 0.8126254081726074 -1 -1 -1 -1 -1 -1 -1 -1 -1
0.49992507696151733 0.5736839175224304 0.7307471632957458 -1 -1 -1 -1 -1 -1 -1 -1 -1
0.49174264073371887 0.5855221152305603 0.7869470119476318 -1 -1 -1 -1 -1 -1 -1 -1 -1
0.4954794943332672 0.5744567513465881 0.7657793164253235 -1 -1 -1 -1 -1 -1 -1 -1 -1
0.4893677234649658 0.5884481072425842 0.6835651993751526 -1 -1 -1 -1 -1 -1 -1 -1 -1
0.5019315481185913 0.5951628088951111 0.7909445762634277 -1 -1 -1 -1 -1 -1 -1 -1 -1
0.49405166506767273 0.6092653274536133 0.7814922332763672 -1 -1 -1 -1 -1 -1 -1 -1 -1
1 
33 
-1 -1 -1 -1 -1 -1 -1 -1 -1 -1
0.5216593742370605 0.3890513479709625 0.995912492275238 -1 -1 -1 -1 -1 -1 -1 -1 -1
0.520032525062561 0.3803343176841736 0.9923844337463379 -1 -1 -1 -1 -1 -1 -1 -1 -1
0.5195840001106262 0.37982606887817383 0.9912112355232239 -1 -1 -1 -1 -1 -1 -1 -1 -1
0.5190975666046143 0.379294753074646 0.9928805828094482 -1 -1 -1 -1 -1 -1 -1 -1 -1
0.5194929838180542 0.3802303671836853 0.9948869347572327 -1 -1 -1 -1 -1 -1 -1 -1 -1
0.5186812877655029 0.3796823024749756 0.9952020645141602 -1 -1 -1 -1 -1 -1 -1 -1 -1
0.5178226828575134 0.3791331648826599 0.9961345195770264 -1 -1 -1 -1 -1 -1 -1 -1 -1
0.512332558631897 0.37980109453201294 0.978640615940094 -1 -1 -1 -1 -1 -1 -1 -1 -1
0.5111250877380371 0.3801393508911133 0.9954549074172974 -1 -1 -1 -1 -1 -1 -1 -1 -1
0.5184489488601685 0.39649078249931335 0.9941433072090149 -1 -1 -1 -1 -1 -1 -1 -1 -1
0.5176194310188293 0.39614054560661316 0.9968574047088623 -1 -1 -1 -1 -1 -1 -1 -1 -1
0.5013116002082825 0.4249522089958191 0.9938297867774963 -1 -1 -1 -1 -1 -1 -1 -1 -1
0.5000994801521301 0.4239388704299927 0.9998524188995361 -1 -1 -1 -1 -1 -1 -1 -1 -1
0.5018244981765747 0.48846232891082764 0.024505851790308952 -1 -1 -1 -1 -1 -1 -1 -1 -1
0.50230872631073 0.4849068820476532 0.9731833338737488 -1 -1 -1 -1 -1 -1 -1 -1 -1
0.5052950978279114 0.5356569886207581 0.03211339935660362 -1 -1 -1 -1 -1 -1 -1 -1 -1
0.5099448561668396 0.5372819304466248 0.8891710638999939 -1 -1 -1 -1 -1 -1 -1 -1 -1
0.507709264755249 0.5514602661132812 0.0407743938267231 -1 -1 -1 -1 -1 -1 -1 -1 -1
0.5092551112174988 0.5517019629478455 0.838005006313324 -1 -1 -1 -1 -1 -1 -1 -1 -1
0.5094699263572693 0.5509171485900879 0.043220750987529755 -1 -1 -1 -1 -1 -1 -1 -1 -1
0.5115322470664978 0.5505536198616028 0.8256528973579407 -1 -1 -1 -1 -1 -1 -1 -1 -1
0.507051408290863 0.5430507659912109 0.04462583363056183 -1 -1 -1 -1 -1 -1 -1 -1 -1
0.5117798447608948 0.5453723669052124 0.752112865447998 -1 -1 -1 -1 -1 -1 -1 -1 -1
0.49982723593711853 0.5390886664390564 0.9906983971595764 -1 -1 -1 -1 -1 -1 -1 -1 -1
0.4992195665836334 0.5381059646606445 0.9940063953399658 -1 -1 -1 -1 -1 -1 -1 -1 -1
0.49661046266555786 0.6227380037307739 0.310079962015152 -1 -1 -1 -1 -1 -1 -1 -1 -1
0.49335798621177673 0.622078537940979 0.9174560308456421 -1 -1 -1 -1 -1 -1 -1 -1 -1
0.4926307201385498 0.7013037800788879 0.5016828179359436 -1 -1 -1 -1 -1 -1 -1 -1 -1
0.4886128306388855 0.7065449357032776 0.9232859015464783 -1 -1 -1 -1 -1 -1 -1 -1 -1
0.4874228537082672 0.7173795700073242 0.5547324419021606 -1 -1 -1 -1 -1 -1 -1 -1 -1
0.48283109068870544 0.7218039631843567 0.8478087186813354 -1 -1 -1 -1 -1 -1 -1 -1 -1
0.5107094645500183 0.7282648086547852 0.6846573352813721 -1 -1 -1 -1 -1 -1 -1 -1 -1
0.5083038806915283 0.731179416179657 0.9186155796051025 -1 -1 -1 -1 -1 -1 -1 -1 -1
1 
33 
-1 -1 -1 -1 -1 -1 -1 -1 -1 -1
0.5207117795944214 0.3812994062900543 0.9918345212936401 -1 -1 -1 -1 -1 -1 -1 -1 -1
0.5195553302764893 0.3730700612068176 0.9890879392623901 -1 -1 -1 -1 -1 -1 -1 -1 -1
0.519239604473114 0.3727792501449585 0.9851688146591187 -1 -1 -1 -1 -1 -1 -1 -1 -1
0.5188629627227783 0.3723998963832855 0.9896016716957092 -1 -1 -1 -1 -1 -1 -1 -1 -1
0.5188371539115906 0.3729754686355591 0.990410566329956 -1 -1 -1 -1 -1 -1 -1 -1 -1
0.5180166363716125 0.37268325686454773 0.9891452193260193 -1 -1 -1 -1 -1 -1 -1 -1 -1
0.5170888900756836 0.37234389781951904 0.9920629858970642 -1 -1 -1 -1 -1 -1 -1 -1 -1
0.5114895701408386 0.3724651634693146 0.9732055068016052 -1 -1 -1 -1 -1 -1 -1 -1 -1
0.5102756023406982 0.373513400554657 0.9912140965461731 -1 -1 -1 -1 -1 -1 -1 -1 -1
0.5184235572814941 0.3891402781009674 0.9936814308166504 -1 -1 -1 -1 -1 -1 -1 -1 -1
0.5174148082733154 0.3883030116558075 0.9959681034088135 -1 -1 -1 -1 -1 -1 -1 -1 -1
0.49801766872406006 0.4179545044898987 0.9972857236862183 -1 -1 -1 -1 -1 -1 -1 -1 -1
0.5025808811187744 0.4216451048851013 0.9998260140419006 -1 -1 -1 -1 -1 -1 -1 -1 -1
0.4982968270778656 0.4771660566329956 0.015537073835730553 -1 -1 -1 -1 -1 -1 -1 -1 -1
0.5049394965171814 0.4822016954421997 0.910672128200531 -1 -1 -1 -1 -1 -1 -1 -1 -1
0.5064802169799805 0.5261673927307129 0.0422184057533741 -1 -1 -1 -1 -1 -1 -1 -1 -1
0.51026850938797 0.5314694046974182 0.8760941028594971 -1 -1 -1 -1 -1 -1 -1 -1 -1
0.5093507766723633 0.5358368158340454 0.05370508134365082 -1 -1 -1 -1 -1 -1 -1 -1 -1
0.5098803043365479 0.5454710721969604 0.8284410238265991 -1 -1 -1 -1 -1 -1 -1 -1 -1
0.5104278922080994 0.537318229675293 0.05615013465285301 -1 -1 -1 -1 -1 -1 -1 -1 -1
0.5118116736412048 0.5445787310600281 0.8052693009376526 -1 -1 -1 -1 -1 -1 -1 -1 -1
0.5088958144187927 0.5340495705604553 0.05486729368567467 -1 -1 -1 -1 -1 -1 -1 -1 -1
0.5120465755462646 0.5404443740844727 0.725367546081543 -1 -1 -1 -1 -1 -1 -1 -1 -1
0.4944153428077698 0.5338436365127563 0.9809691905975342 -1 -1 -1 -1 -1 -1 -1 -1 -1
0.4971866011619568 0.5337940454483032 0.9792612195014954 -1 -1 -1 -1 -1 -1 -1 -1 -1
0.49326518177986145 0.6173669099807739 0.05639936029911041 -1 -1 -1 -1 -1 -1 -1 -1 -1
0.49155938625335693 0.6208186149597168 0.3074571490287781 -1 -1 -1 -1 -1 -1 -1 -1 -1
0.48606112599372864 0.6951195597648621 0.16348984837532043 -1 -1 -1 -1 -1 -1 -1 -1 -1
0.4837345778942108 0.7017741799354553 0.5149843692779541 -1 -1 -1 -1 -1 -1 -1 -1 -1
0.480508416891098 0.705528736114502 0.33549708127975464 -1 -1 -1 -1 -1 -1 -1 -1 -1
0.4765087962150574 0.7135420441627502 0.6032127141952515 -1 -1 -1 -1 -1 -1 -1 -1 -1
0.501565158367157 0.7189716696739197 0.33931997418403625 -1 -1 -1 -1 -1 -1 -1 -1 -1
0.5021255016326904 0.7267657518386841 0.5741000175476074 -1 -1 -1 -1 -1 -1 -1 -1 -1
1 
33 
-1 -1 -1 -1 -1 -1 -1 -1 -1 -1
0.512204647064209 0.4481544494628906 0.9546783566474915 -1 -1 -1 -1 -1 -1 -1 -1 -1
0.5127156376838684 0.4490351676940918 0.9458902478218079 -1 -1 -1 -1 -1 -1 -1 -1 -1
0.5126573443412781 0.4494379758834839 0.9042028188705444 -1 -1 -1 -1 -1 -1 -1 -1 -1
0.5125923156738281 0.44983959197998047 0.9290884733200073 -1 -1 -1 -1 -1 -1 -1 -1 -1
0.5128833651542664 0.44795486330986023 0.9518332481384277 -1 -1 -1 -1 -1 -1 -1 -1 -1
0.5129537582397461 0.4475440979003906 0.8992317318916321 -1 -1 -1 -1 -1 -1 -1 -1 -1
0.5130221247673035 0.4471397399902344 0.939677357673645 -1 -1 -1 -1 -1 -1 -1 -1 -1
0.5123391151428223 0.4501681923866272 0.9554617404937744 -1 -1 -1 -1 -1 -1 -1 -1 -1
0.5129587054252625 0.446392297744751 0.9434579014778137 -1 -1 -1 -1 -1 -1 -1 -1 -1
0.5115379691123962 0.4485750198364258 0.9370829463005066 -1 -1 -1 -1 -1 -1 -1 -1 -1
0.5117795467376709 0.4470809996128082 0.9351092576980591 -1 -1 -1 -1 -1 -1 -1 -1 -1
0.5088222026824951 0.45132875442504883 0.16077512502670288 -1 -1 -1 -1 -1 -1 -1 -1 -1
0.5115576386451721 0.4412824511528015 0.42171263694763184 -1 -1 -1 -1 -1 -1 -1 -1 -1
0.5048696398735046 0.4470981955528259 0.007753203622996807 -1 -1 -1 -1 -1 -1 -1 -1 -1
0.5093680024147034 0.43700936436653137 0.0978044793009758 -1 -1 -1 -1 -1 -1 -1 -1 -1
0.5024304986000061 0.4431479275226593 0.012858632020652294 -1 -1 -1 -1 -1 -1 -1 -1 -1
0.5082564949989319 0.43668100237846375 0.022780949249863625 -1 -1 -1 -1 -1 -1 -1 -1 -1
0.5014042258262634 0.4424791932106018 0.027572982013225555 -1 -1 -1 -1 -1 -1 -1 -1 -1
0.5075708627700806 0.4361993074417114 0.04256466031074524 -1 -1 -1 -1 -1 -1 -1 -1 -1
0.5019550323486328 0.4419509768486023 0.03897010535001755 -1 -1 -1 -1 -1 -1 -1 -1 -1
0.5081419348716736 0.4368840754032135 0.05917952582240105 -1 -1 -1 -1 -1 -1 -1 -1 -1
0.502431333065033 0.44188520312309265 0.05690617859363556 -1 -1 -1 -1 -1 -1 -1 -1 -1
0.5082125067710876 0.43729475140571594 0.06448440253734589 -1 -1 -1 -1 -1 -1 -1 -1 -1
0.5036516189575195 0.4446917176246643 0.0013765600742772222 -1 -1 -1 -1 -1 -1 -1 -1 -1
0.5049591660499573 0.4388751983642578 0.0011448609875515103 -1 -1 -1 -1 -1 -1 -1 -1 -1
0.5002042651176453 0.4418175220489502 0.021513570100069046 -1 -1 -1 -1 -1 -1 -1 -1 -1
0.5004553198814392 0.43641892075538635 0.008448882028460503 -1 -1 -1 -1 -1 -1 -1 -1 -1
0.495808869600296 0.43962422013282776 0.0005559343844652176 -1 -1 -1 -1 -1 -1 -1 -1 -1
0.4962144196033478 0.43535295128822327 0.0002561380388215184 -1 -1 -1 -1 -1 -1 -1 -1 -1
0.49500659108161926 0.43937501311302185 0.00023150976630859077 -1 -1 -1 -1 -1 -1 -1 -1 -1
0.49536749720573425 0.4356482923030853 0.0006807301542721689 -1 -1 -1 -1 -1 -1 -1 -1 -1
0.49434694647789 0.4382108151912689 0.0006116293952800333 -1 -1 -1 -1 -1 -1 -1 -1 -1
0.49483442306518555 0.43276137113571167 0.000501086178701371 -1 -1 -1 -1 -1 -1 -1 -1 -1
1 
33 
-1 -1 -1 -1 -1 -1 -1 -1 -1 -1
0.5164489150047302 0.3686840236186981 0.9995133876800537 -1 -1 -1 -1 -1 -1 -1 -1 -1
0.5163998603820801 0.3644947409629822 0.9998142123222351 -1 -1 -1 -1 -1 -1 -1 -1 -1
0.516326367855072 0.3641773760318756 0.9998051524162292 -1 -1 -1 -1 -1 -1 -1 -1 -1
0.5162513852119446 0.3638709485530853 0.9998563528060913 -1 -1 -1 -1 -1 -1 -1 -1 -1
0.5160209536552429 0.36524274945259094 0.9996575117111206 -1 -1 -1 -1 -1 -1 -1 -1 -1
0.5156754851341248 0.3654196262359619 0.9994284510612488 -1 -1 -1 -1 -1 -1 -1 -1 -1
0.5153443813323975 0.3656238913536072 0.9995694756507874 -1 -1 -1 -1 -1 -1 -1 -1 -1
0.513227641582489 0.36460357904434204 0.9998286962509155 -1 -1 -1 -1 -1 -1 -1 -1 -1
0.5121238231658936 0.36753496527671814 0.9996737241744995 -1 -1 -1 -1 -1 -1 -1 -1 -1
0.5146522521972656 0.3721465468406677 0.999896764755249 -1 -1 -1 -1 -1 -1 -1 -1 -1
0.5140303373336792 0.3726242780685425 0.9999035596847534 -1 -1 -1 -1 -1 -1 -1 -1 -1
0.5053490996360779 0.382846474647522 0.9999860525131226 -1 -1 -1 -1 -1 -1 -1 -1 -1
0.5042335987091064 0.39016515016555786 0.9998024106025696 -1 -1 -1 -1 -1 -1 -1 -1 -1
0.5040413737297058 0.41331684589385986 0.41247686743736267 -1 -1 -1 -1 -1 -1 -1 -1 -1
0.49695950746536255 0.4124767780303955 0.16439685225486755 -1 -1 -1 -1 -1 -1 -1 -1 -1
0.5087953805923462 0.4294915199279785 0.4203777611255646 -1 -1 -1 -1 -1 -1 -1 -1 -1
0.5003894567489624 0.4206776022911072 0.15257200598716736 -1 -1 -1 -1 -1 -1 -1 -1 -1
0.5089791417121887 0.43374377489089966 0.487394779920578 -1 -1 -1 -1 -1 -1 -1 -1 -1
0.5014150738716125 0.42519304156303406 0.22843016684055328 -1 -1 -1 -1 -1 -1 -1 -1 -1
0.5102319717407227 0.4321802854537964 0.48424196243286133 -1 -1 -1 -1 -1 -1 -1 -1 -1
0.5016602277755737 0.4219083786010742 0.22175198793411255 -1 -1 -1 -1 -1 -1 -1 -1 -1
0.5101462602615356 0.4310249984264374 0.4146929383277893 -1 -1 -1 -1 -1 -1 -1 -1 -1
0.501298189163208 0.41999340057373047 0.21739047765731812 -1 -1 -1 -1 -1 -1 -1 -1 -1
0.4906834661960602 0.42814865708351135 0.9999841451644897 -1 -1 -1 -1 -1 -1 -1 -1 -1
0.4914241135120392 0.4345405101776123 0.9999806880950928 -1 -1 -1 -1 -1 -1 -1 -1 -1
0.499636173248291 0.46849843859672546 0.6527265310287476 -1 -1 -1 -1 -1 -1 -1 -1 -1
0.5054698586463928 0.4735417366027832 0.4949685335159302 -1 -1 -1 -1 -1 -1 -1 -1 -1
0.5039526224136353 0.4986530542373657 0.8878719806671143 -1 -1 -1 -1 -1 -1 -1 -1 -1
0.5087639093399048 0.510094165802002 0.9463030099868774 -1 -1 -1 -1 -1 -1 -1 -1 -1
0.5033986568450928 0.5004884600639343 0.937343418598175 -1 -1 -1 -1 -1 -1 -1 -1 -1
0.5085181593894958 0.5146386027336121 0.9169350862503052 -1 -1 -1 -1 -1 -1 -1 -1 -1
0.508063554763794 0.5127552151679993 0.9334602952003479 -1 -1 -1 -1 -1 -1 -1 -1 -1
0.5120213627815247 0.5211430788040161 0.9653857946395874 -1 -1 -1 -1 -1 -1 -1 -1 -1
1 
33 
-1 -1 -1 -1 -1 -1 -1 -1 -1 -1
0.5208308696746826 0.3804914355278015 0.9953566193580627 -1 -1 -1 -1 -1 -1 -1 -1 -1
0.5200181007385254 0.3714028596878052 0.9912421703338623 -1 -1 -1 -1 -1 -1 -1 -1 -1
0.5196191668510437 0.3707886338233948 0.9902083873748779 -1 -1 -1 -1 -1 -1 -1 -1 -1
0.5191872715950012 0.3700987696647644 0.992583155632019 -1 -1 -1 -1 -1 -1 -1 -1 -1
0.5195762515068054 0.37136662006378174 0.9933717250823975 -1 -1 -1 -1 -1 -1 -1 -1 -1
0.5188625454902649 0.37080496549606323 0.9935368895530701 -1 -1 -1 -1 -1 -1 -1 -1 -1
0.5180746912956238 0.37021490931510925 0.9947783946990967 -1 -1 -1 -1 -1 -1 -1 -1 -1
0.5118386149406433 0.3686545491218567 0.9742942452430725 -1 -1 -1 -1 -1 -1 -1 -1 -1
0.5118094682693481 0.3694043755531311 0.9922381043434143 -1 -1 -1 -1 -1 -1 -1 -1 -1
0.5176052451133728 0.3881251811981201 0.9924860000610352 -1 -1 -1 -1 -1 -1 -1 -1 -1
0.5168490409851074 0.38774603605270386 0.9960914254188538 -1 -1 -1 -1 -1 -1 -1 -1 -1
0.4962974786758423 0.405747652053833 0.9970404505729675 -1 -1 -1 -1 -1 -1 -1 -1 -1
0.5028803944587708 0.4102943241596222 0.9999113082885742 -1 -1 -1 -1 -1 -1 -1 -1 -1
0.49639466404914856 0.46902623772621155 0.03208499774336815 -1 -1 -1 -1 -1 -1 -1 -1 -1
0.5045874118804932 0.46728816628456116 0.9853770136833191 -1 -1 -1 -1 -1 -1 -1 -1 -1
0.5069722533226013 0.5150383710861206 0.08919832110404968 -1 -1 -1 -1 -1 -1 -1 -1 -1
0.5148282647132874 0.5179640650749207 0.9722745418548584 -1 -1 -1 -1 -1 -1 -1 -1 -1
0.509498119354248 0.529799222946167 0.10571413487195969 -1 -1 -1 -1 -1 -1 -1 -1 -1
0.5164170265197754 0.5333333015441895 0.9597678184509277 -1 -1 -1 -1 -1 -1 -1 -1 -1
0.5099598169326782 0.529292643070221 0.10844175517559052 -1 -1 -1 -1 -1 -1 -1 -1 -1
0.5187838077545166 0.5306054949760437 0.954980731010437 -1 -1 -1 -1 -1 -1 -1 -1 -1
0.5100387334823608 0.5240929126739502 0.10521189868450165 -1 -1 -1 -1 -1 -1 -1 -1 -1
0.5181503891944885 0.5251727104187012 0.9155662059783936 -1 -1 -1 -1 -1 -1 -1 -1 -1
0.4896518588066101 0.5254014134407043 0.9951878786087036 -1 -1 -1 -1 -1 -1 -1 -1 -1
0.4923943877220154 0.525452733039856 0.9960596561431885 -1 -1 -1 -1 -1 -1 -1 -1 -1
0.4941254258155823 0.6021398305892944 0.3467769920825958 -1 -1 -1 -1 -1 -1 -1 -1 -1
0.49498870968818665 0.6032809019088745 0.9693692326545715 -1 -1 -1 -1 -1 -1 -1 -1 -1
0.49586352705955505 0.6875858902931213 0.6053207516670227 -1 -1 -1 -1 -1 -1 -1 -1 -1
0.4960425794124603 0.6922094821929932 0.9727417826652527 -1 -1 -1 -1 -1 -1 -1 -1 -1
0.4899542033672333 0.6973822116851807 0.6766470670700073 -1 -1 -1 -1 -1 -1 -1 -1 -1
0.4903325140476227 0.7018193006515503 0.9284509420394897 -1 -1 -1 -1 -1 -1 -1 -1 -1
0.5091466903686523 0.7177374958992004 0.7954094409942627 -1 -1 -1 -1 -1 -1 -1 -1 -1
0.5102831721305847 0.7243005037307739 0.9706840515136719 -1 -1 -1 -1 -1 -1 -1 -1 -1
1 
33 
-1 -1 -1 -1 -1 -1 -1 -1 -1 -1
0.5211638808250427 0.3823031783103943 0.9898157119750977 -1 -1 -1 -1 -1 -1 -1 -1 -1
0.5202530026435852 0.3730545938014984 0.9774994254112244 -1 -1 -1 -1 -1 -1 -1 -1 -1
0.5199639201164246 0.3725184202194214 0.9737521409988403 -1 -1 -1 -1 -1 -1 -1 -1 -1
0.5196529626846313 0.37187179923057556 0.9812017679214478 -1 -1 -1 -1 -1 -1 -1 -1 -1
0.5194816589355469 0.3728734254837036 0.9859352111816406 -1 -1 -1 -1 -1 -1 -1 -1 -1
0.5186399817466736 0.37236255407333374 0.9862979650497437 -1 -1 -1 -1 -1 -1 -1 -1 -1
0.5176777243614197 0.3717799782752991 0.990117609500885 -1 -1 -1 -1 -1 -1 -1 -1 -1
0.5131414532661438 0.3710232973098755 0.9274259209632874 -1 -1 -1 -1 -1 -1 -1 -1 -1
0.5113515853881836 0.37170493602752686 0.9793283939361572 -1 -1 -1 -1 -1 -1 -1 -1 -1
0.5182844400405884 0.38965195417404175 0.9643728733062744 -1 -1 -1 -1 -1 -1 -1 -1 -1
0.517055869102478 0.3892684578895569 0.9794785380363464 -1 -1 -1 -1 -1 -1 -1 -1 -1
0.49919652938842773 0.40687382221221924 0.9843124747276306 -1 -1 -1 -1 -1 -1 -1 -1 -1
0.5018633604049683 0.406358003616333 0.999735414981842 -1 -1 -1 -1 -1 -1 -1 -1 -1
0.5000399947166443 0.4631960690021515 0.04889874532818794 -1 -1 -1 -1 -1 -1 -1 -1 -1
0.5047181844711304 0.4583064913749695 0.9880030155181885 -1 -1 -1 -1 -1 -1 -1 -1 -1
0.5055031776428223 0.5091073513031006 0.04706249758601189 -1 -1 -1 -1 -1 -1 -1 -1 -1
0.5162679553031921 0.5138991475105286 0.9553115367889404 -1 -1 -1 -1 -1 -1 -1 -1 -1
0.5103114247322083 0.5202596187591553 0.05309661105275154 -1 -1 -1 -1 -1 -1 -1 -1 -1
0.5184364318847656 0.5280064940452576 0.9284428954124451 -1 -1 -1 -1 -1 -1 -1 -1 -1
0.5131055116653442 0.5216002464294434 0.05558141693472862 -1 -1 -1 -1 -1 -1 -1 -1 -1
0.5210964679718018 0.5261080265045166 0.9213382601737976 -1 -1 -1 -1 -1 -1 -1 -1 -1
0.5122442245483398 0.5179040431976318 0.06087314710021019 -1 -1 -1 -1 -1 -1 -1 -1 -1
0.5200202465057373 0.5213814973831177 0.8650450110435486 -1 -1 -1 -1 -1 -1 -1 -1 -1
0.4896557629108429 0.525246798992157 0.9900674819946289 -1 -1 -1 -1 -1 -1 -1 -1 -1
0.4893813729286194 0.5279808044433594 0.9938724040985107 -1 -1 -1 -1 -1 -1 -1 -1 -1
0.5012287497520447 0.5966906547546387 0.3291047513484955 -1 -1 -1 -1 -1 -1 -1 -1 -1
0.4990505278110504 0.6017143130302429 0.9671264290809631 -1 -1 -1 -1 -1 -1 -1 -1 -1
0.4959089756011963 0.6868242025375366 0.47243261337280273 -1 -1 -1 -1 -1 -1 -1 -1 -1
0.4958776533603668 0.6951042413711548 0.9642870426177979 -1 -1 -1 -1 -1 -1 -1 -1 -1
0.48961347341537476 0.6975571513175964 0.4974152743816376 -1 -1 -1 -1 -1 -1 -1 -1 -1
0.48946088552474976 0.7047802209854126 0.9080631136894226 -1 -1 -1 -1 -1 -1 -1 -1 -1
0.5102158188819885 0.718689501285553 0.688335657119751 -1 -1 -1 -1 -1 -1 -1 -1 -1
0.5112720727920532 0.7297197580337524 0.9623981714248657 -1 -1 -1 -1 -1 -1 -1 -1 -1
1 
33 
-1 -1 -1 -1 -1 -1 -1 -1 -1 -1
0.5223404765129089 0.3938784599304199 0.9965207576751709 -1 -1 -1 -1 -1 -1 -1 -1 -1
0.5216242074966431 0.3842155337333679 0.9918389916419983 -1 -1 -1 -1 -1 -1 -1 -1 -1
0.5212140083312988 0.3837693929672241 0.9901453852653503 -1 -1 -1 -1 -1 -1 -1 -1 -1
0.5207252502441406 0.38321229815483093 0.9934741854667664 -1 -1 -1 -1 -1 -1 -1 -1 -1
0.5210561752319336 0.383758008480072 0.9951924085617065 -1 -1 -1 -1 -1 -1 -1 -1 -1
0.5202429294586182 0.383048951625824 0.9953807592391968 -1 -1 -1 -1 -1 -1 -1 -1 -1
0.5193479061126709 0.3822641372680664 0.9969371557235718 -1 -1 -1 -1 -1 -1 -1 -1 -1
0.5142555236816406 0.3817896246910095 0.9771348834037781 -1 -1 -1 -1 -1 -1 -1 -1 -1
0.5129857063293457 0.38118427991867065 0.9926027655601501 -1 -1 -1 -1 -1 -1 -1 -1 -1
0.5192168354988098 0.4004829227924347 0.9893960356712341 -1 -1 -1 -1 -1 -1 -1 -1 -1
0.5184336304664612 0.3999696969985962 0.9943622350692749 -1 -1 -1 -1 -1 -1 -1 -1 -1
0.5019419193267822 0.41523486375808716 0.9930195212364197 -1 -1 -1 -1 -1 -1 -1 -1 -1
0.49900174140930176 0.41096875071525574 0.9999043941497803 -1 -1 -1 -1 -1 -1 -1 -1 -1
0.4998617172241211 0.46651971340179443 0.04967988282442093 -1 -1 -1 -1 -1 -1 -1 -1 -1
0.5039129257202148 0.4626197814941406 0.9932042360305786 -1 -1 -1 -1 -1 -1 -1 -1 -1
0.509824812412262 0.5095045566558838 0.061827026307582855 -1 -1 -1 -1 -1 -1 -1 -1 -1
0.5178444385528564 0.5143531560897827 0.9746286273002625 -1 -1 -1 -1 -1 -1 -1 -1 -1
0.5115059018135071 0.5288320183753967 0.0690971314907074 -1 -1 -1 -1 -1 -1 -1 -1 -1
0.5206655859947205 0.5271244645118713 0.9576033353805542 -1 -1 -1 -1 -1 -1 -1 -1 -1
0.513603925704956 0.5262778401374817 0.07156103104352951 -1 -1 -1 -1 -1 -1 -1 -1 -1
0.5235269069671631 0.5246514081954956 0.9514944553375244 -1 -1 -1 -1 -1 -1 -1 -1 -1
0.5125922560691833 0.5217797160148621 0.07496903836727142 -1 -1 -1 -1 -1 -1 -1 -1 -1
0.521966278553009 0.5204794406890869 0.9041054844856262 -1 -1 -1 -1 -1 -1 -1 -1 -1
0.4875365197658539 0.5311486124992371 0.9968991279602051 -1 -1 -1 -1 -1 -1 -1 -1 -1
0.4831644296646118 0.5331392884254456 0.9974091649055481 -1 -1 -1 -1 -1 -1 -1 -1 -1
0.5035279393196106 0.601285994052887 0.5508889555931091 -1 -1 -1 -1 -1 -1 -1 -1 -1
0.5008318424224854 0.6001650094985962 0.9895620942115784 -1 -1 -1 -1 -1 -1 -1 -1 -1
0.4965123236179352 0.6870399713516235 0.7060402631759644 -1 -1 -1 -1 -1 -1 -1 -1 -1
0.49451154470443726 0.6954841613769531 0.9841975569725037 -1 -1 -1 -1 -1 -1 -1 -1 -1
0.48883238434791565 0.7021039724349976 0.7250186800956726 -1 -1 -1 -1 -1 -1 -1 -1 -1
0.48653724789619446 0.7076394557952881 0.9504390358924866 -1 -1 -1 -1 -1 -1 -1 -1 -1
0.5107240676879883 0.7181696891784668 0.8732356429100037 -1 -1 -1 -1 -1 -1 -1 -1 -1
0.5111198425292969 0.7281295657157898 0.9854862689971924 -1 -1 -1 -1 -1 -1 -1 -1 -1
1 
33 
-1 -1 -1 -1 -1 -1 -1 -1 -1 -1
0.5225948095321655 0.40470921993255615 0.9985644221305847 -1 -1 -1 -1 -1 -1 -1 -1 -1
0.521420955657959 0.39494025707244873 0.9968997240066528 -1 -1 -1 -1 -1 -1 -1 -1 -1
0.5211375951766968 0.39435505867004395 0.9965121150016785 -1 -1 -1 -1 -1 -1 -1 -1 -1
0.5207772850990295 0.39367806911468506 0.9975693821907043 -1 -1 -1 -1 -1 -1 -1 -1 -1
0.5206875801086426 0.3947749733924866 0.997870922088623 -1 -1 -1 -1 -1 -1 -1 -1 -1
0.5198420882225037 0.3940649628639221 0.9979713559150696 -1 -1 -1 -1 -1 -1 -1 -1 -1
0.5188598036766052 0.39328625798225403 0.9984114170074463 -1 -1 -1 -1 -1 -1 -1 -1 -1
0.5129640698432922 0.39188316464424133 0.9931511878967285 -1 -1 -1 -1 -1 -1 -1 -1 -1
0.5119913220405579 0.39205414056777954 0.9969536066055298 -1 -1 -1 -1 -1 -1 -1 -1 -1
0.5195038318634033 0.4120311737060547 0.9955690503120422 -1 -1 -1 -1 -1 -1 -1 -1 -1
0.5182386636734009 0.4115462303161621 0.997687578201294 -1 -1 -1 -1 -1 -1 -1 -1 -1
0.5002127289772034 0.42978256940841675 0.9961978793144226 -1 -1 -1 -1 -1 -1 -1 -1 -1
0.49914658069610596 0.42566001415252686 0.9998557567596436 -1 -1 -1 -1 -1 -1 -1 -1 -1
0.49688103795051575 0.4819103181362152 0.05001552030444145 -1 -1 -1 -1 -1 -1 -1 -1 -1
0.503338634967804 0.4731671214103699 0.985318660736084 -1 -1 -1 -1 -1 -1 -1 -1 -1
0.5101489424705505 0.5244334936141968 0.05696607381105423 -1 -1 -1 -1 -1 -1 -1 -1 -1
0.5191349387168884 0.5181277394294739 0.9674009084701538 -1 -1 -1 -1 -1 -1 -1 -1 -1
0.5125162601470947 0.533554196357727 0.0675106942653656 -1 -1 -1 -1 -1 -1 -1 -1 -1
0.5228591561317444 0.5291629433631897 0.9573221206665039 -1 -1 -1 -1 -1 -1 -1 -1 -1
0.5156933069229126 0.5314429402351379 0.07123404741287231 -1 -1 -1 -1 -1 -1 -1 -1 -1
0.525016188621521 0.5249940156936646 0.9517071843147278 -1 -1 -1 -1 -1 -1 -1 -1 -1
0.5146694183349609 0.5279097557067871 0.07813475281000137 -1 -1 -1 -1 -1 -1 -1 -1 -1
0.5237001776695251 0.5223173499107361 0.9087433218955994 -1 -1 -1 -1 -1 -1 -1 -1 -1
0.4812820553779602 0.5480390191078186 0.9977930784225464 -1 -1 -1 -1 -1 -1 -1 -1 -1
0.47789156436920166 0.5471665859222412 0.9979223608970642 -1 -1 -1 -1 -1 -1 -1 -1 -1
0.5035784840583801 0.6135134100914001 0.5706260204315186 -1 -1 -1 -1 -1 -1 -1 -1 -1
0.502765953540802 0.6084674596786499 0.9891114830970764 -1 -1 -1 -1 -1 -1 -1 -1 -1
0.49369069933891296 0.6935763359069824 0.7422133684158325 -1 -1 -1 -1 -1 -1 -1 -1 -1
0.49209532141685486 0.6967545747756958 0.9861111640930176 -1 -1 -1 -1 -1 -1 -1 -1 -1
0.4873347878456116 0.7069034576416016 0.7425852417945862 -1 -1 -1 -1 -1 -1 -1 -1 -1
0.48488128185272217 0.7081581354141235 0.9540031552314758 -1 -1 -1 -1 -1 -1 -1 -1 -1
0.5098732113838196 0.7202208638191223 0.8640459179878235 -1 -1 -1 -1 -1 -1 -1 -1 -1
0.5091148614883423 0.7242649793624878 0.9849839806556702 -1 -1 -1 -1 -1 -1 -1 -1 -1
1 
33 
-1 -1 -1 -1 -1 -1 -1 -1 -1 -1
0.5226335525512695 0.42259538173675537 0.9956567287445068 -1 -1 -1 -1 -1 -1 -1 -1 -1
0.5218571424484253 0.41322648525238037 0.9922372698783875 -1 -1 -1 -1 -1 -1 -1 -1 -1
0.521550178527832 0.4126630425453186 0.9921610951423645 -1 -1 -1 -1 -1 -1 -1 -1 -1
0.5211852192878723 0.41195666790008545 0.9943218231201172 -1 -1 -1 -1 -1 -1 -1 -1 -1
0.5212292075157166 0.4127805233001709 0.9946104288101196 -1 -1 -1 -1 -1 -1 -1 -1 -1
0.5205211043357849 0.41198891401290894 0.995254397392273 -1 -1 -1 -1 -1 -1 -1 -1 -1
0.5197858810424805 0.41113221645355225 0.996069073677063 -1 -1 -1 -1 -1 -1 -1 -1 -1
0.5152931809425354 0.41065555810928345 0.9899438619613647 -1 -1 -1 -1 -1 -1 -1 -1 -1
0.5137962102890015 0.4102414846420288 0.9923844337463379 -1 -1 -1 -1 -1 -1 -1 -1 -1
0.5197129845619202 0.42888298630714417 0.9883775115013123 -1 -1 -1 -1 -1 -1 -1 -1 -1
0.5186468362808228 0.42837855219841003 0.9936379790306091 -1 -1 -1 -1 -1 -1 -1 -1 -1
0.5006576180458069 0.44667622447013855 0.9892610311508179 -1 -1 -1 -1 -1 -1 -1 -1 -1
0.4987775385379791 0.4355345666408539 0.999710738658905 -1 -1 -1 -1 -1 -1 -1 -1 -1
0.4934175908565521 0.49561113119125366 0.05077200382947922 -1 -1 -1 -1 -1 -1 -1 -1 -1
0.4997497797012329 0.4686371684074402 0.976421594619751 -1 -1 -1 -1 -1 -1 -1 -1 -1
0.5008094906806946 0.5262987613677979 0.020897943526506424 -1 -1 -1 -1 -1 -1 -1 -1 -1
0.5146306753158569 0.5076005458831787 0.965544581413269 -1 -1 -1 -1 -1 -1 -1 -1 -1
0.501551628112793 0.5354865789413452 0.02583974413573742 -1 -1 -1 -1 -1 -1 -1 -1 -1
0.5172839164733887 0.5184213519096375 0.960668683052063 -1 -1 -1 -1 -1 -1 -1 -1 -1
0.5041455030441284 0.5327008366584778 0.026606189087033272 -1 -1 -1 -1 -1 -1 -1 -1 -1
0.5199191570281982 0.5161002278327942 0.9560874700546265 -1 -1 -1 -1 -1 -1 -1 -1 -1
0.5038691163063049 0.5290301442146301 0.030506988987326622 -1 -1 -1 -1 -1 -1 -1 -1 -1
0.5181453227996826 0.5127124190330505 0.9181910157203674 -1 -1 -1 -1 -1 -1 -1 -1 -1
0.48250114917755127 0.5626077055931091 0.9967920184135437 -1 -1 -1 -1 -1 -1 -1 -1 -1
0.4734155535697937 0.5597373247146606 0.9978317618370056 -1 -1 -1 -1 -1 -1 -1 -1 -1
0.5106573700904846 0.6196615695953369 0.7073150873184204 -1 -1 -1 -1 -1 -1 -1 -1 -1
0.5052847266197205 0.6144841313362122 0.992031455039978 -1 -1 -1 -1 -1 -1 -1 -1 -1
0.49344030022621155 0.6975278854370117 0.7704465985298157 -1 -1 -1 -1 -1 -1 -1 -1 -1
0.4888641834259033 0.6995412111282349 0.9887314438819885 -1 -1 -1 -1 -1 -1 -1 -1 -1
0.4860399663448334 0.7095910310745239 0.7365950345993042 -1 -1 -1 -1 -1 -1 -1 -1 -1
0.48195189237594604 0.7108975648880005 0.9632691144943237 -1 -1 -1 -1 -1 -1 -1 -1 -1
0.5090980529785156 0.7206737399101257 0.8775883316993713 -1 -1 -1 -1 -1 -1 -1 -1 -1
0.5076543092727661 0.7259286642074585 0.9890407919883728 -1 -1 -1 -1 -1 -1 -1 -1 -1
1 
33 
-1 -1 -1 -1 -1 -1 -1 -1 -1 -1
0.5258645415306091 0.445759654045105 0.9799814820289612 -1 -1 -1 -1 -1 -1 -1 -1 -1
0.5240670442581177 0.4343021512031555 0.9772965312004089 -1 -1 -1 -1 -1 -1 -1 -1 -1
0.5235909223556519 0.4337315559387207 0.9725844264030457 -1 -1 -1 -1 -1 -1 -1 -1 -1
0.5230569839477539 0.43309709429740906 0.9815505743026733 -1 -1 -1 -1 -1 -1 -1 -1 -1
0.5232952833175659 0.43413108587265015 0.983904242515564 -1 -1 -1 -1 -1 -1 -1 -1 -1
0.522305965423584 0.4335249066352844 0.985791802406311 -1 -1 -1 -1 -1 -1 -1 -1 -1
0.521233856678009 0.432884156703949 0.9879450798034668 -1 -1 -1 -1 -1 -1 -1 -1 -1
0.5163343548774719 0.43201178312301636 0.9858812093734741 -1 -1 -1 -1 -1 -1 -1 -1 -1
0.5143586993217468 0.43297097086906433 0.9752037525177002 -1 -1 -1 -1 -1 -1 -1 -1 -1
0.5223221778869629 0.45358866453170776 0.9345652461051941 -1 -1 -1 -1 -1 -1 -1 -1 -1
0.521122932434082 0.4532564878463745 0.9436906576156616 -1 -1 -1 -1 -1 -1 -1 -1 -1
0.4986085295677185 0.4632422924041748 0.984031081199646 -1 -1 -1 -1 -1 -1 -1 -1 -1
0.503650963306427 0.46487027406692505 0.9972628355026245 -1 -1 -1 -1 -1 -1 -1 -1 -1
0.49411454796791077 0.48638099431991577 0.022145332768559456 -1 -1 -1 -1 -1 -1 -1 -1 -1
0.49851110577583313 0.49956828355789185 0.5519208908081055 -1 -1 -1 -1 -1 -1 -1 -1 -1
0.5005396604537964 0.4898940920829773 0.018618809059262276 -1 -1 -1 -1 -1 -1 -1 -1 -1
0.5120564699172974 0.4971451759338379 0.6446751356124878 -1 -1 -1 -1 -1 -1 -1 -1 -1
0.4988210201263428 0.49209344387054443 0.030430270358920097 -1 -1 -1 -1 -1 -1 -1 -1 -1
0.5130198001861572 0.49827635288238525 0.7065654397010803 -1 -1 -1 -1 -1 -1 -1 -1 -1
0.5015758275985718 0.48895126581192017 0.031205961480736732 -1 -1 -1 -1 -1 -1 -1 -1 -1
0.5130722522735596 0.49038204550743103 0.6951871514320374 -1 -1 -1 -1 -1 -1 -1 -1 -1
0.5030199885368347 0.4885767698287964 0.03558017313480377 -1 -1 -1 -1 -1 -1 -1 -1 -1
0.5122226476669312 0.4902210831642151 0.5821719169616699 -1 -1 -1 -1 -1 -1 -1 -1 -1
0.47821909189224243 0.5795938968658447 0.9981158971786499 -1 -1 -1 -1 -1 -1 -1 -1 -1
0.47575297951698303 0.5842719078063965 0.9978699684143066 -1 -1 -1 -1 -1 -1 -1 -1 -1
0.5076245069503784 0.6281756162643433 0.37512969970703125 -1 -1 -1 -1 -1 -1 -1 -1 -1
0.5118361711502075 0.6258383989334106 0.9593186974525452 -1 -1 -1 -1 -1 -1 -1 -1 -1
0.4917813837528229 0.6968007683753967 0.4999244213104248 -1 -1 -1 -1 -1 -1 -1 -1 -1
0.4892966151237488 0.7032299637794495 0.9462466239929199 -1 -1 -1 -1 -1 -1 -1 -1 -1
0.4829302728176117 0.7098572254180908 0.4802353084087372 -1 -1 -1 -1 -1 -1 -1 -1 -1
0.4802902936935425 0.7132254242897034 0.8605009317398071 -1 -1 -1 -1 -1 -1 -1 -1 -1
0.5094392895698547 0.7176029682159424 0.6221910715103149 -1 -1 -1 -1 -1 -1 -1 -1 -1
0.5063196420669556 0.7276978492736816 0.9380778074264526 -1 -1 -1 -1 -1 -1 -1 -1 -1
1 
33 
-1 -1 -1 -1 -1 -1 -1 -1 -1 -1
0.5252298712730408 0.4702765643596649 0.997769832611084 -1 -1 -1 -1 -1 -1 -1 -1 -1
0.522235631942749 0.4612891674041748 0.9984109401702881 -1 -1 -1 -1 -1 -1 -1 -1 -1
0.5215231776237488 0.46091073751449585 0.9984039664268494 -1 -1 -1 -1 -1 -1 -1 -1 -1
0.5207616686820984 0.46051591634750366 0.9988753199577332 -1 -1 -1 -1 -1 -1 -1 -1 -1
0.5221798419952393 0.4617905616760254 0.9983034133911133 -1 -1 -1 -1 -1 -1 -1 -1 -1
0.5214534997940063 0.4618081748485565 0.9982506632804871 -1 -1 -1 -1 -1 -1 -1 -1 -1
0.5206697583198547 0.46177366375923157 0.998210072517395 -1 -1 -1 -1 -1 -1 -1 -1 -1
0.5121286511421204 0.46314749121665955 0.9993575215339661 -1 -1 -1 -1 -1 -1 -1 -1 -1
0.5129649043083191 0.4640122056007385 0.9977779984474182 -1 -1 -1 -1 -1 -1 -1 -1 -1
0.5219695568084717 0.4775884747505188 0.9951209425926208 -1 -1 -1 -1 -1 -1 -1 -1 -1
0.5215482711791992 0.4779462516307831 0.9944274425506592 -1 -1 -1 -1 -1 -1 -1 -1 -1
0.49291813373565674 0.4804385304450989 0.9992668032646179 -1 -1 -1 -1 -1 -1 -1 -1 -1
0.49909672141075134 0.49220454692840576 0.9984819293022156 -1 -1 -1 -1 -1 -1 -1 -1 -1
0.4844098687171936 0.4528721868991852 0.3579924404621124 -1 -1 -1 -1 -1 -1 -1 -1 -1
0.4923022985458374 0.47785884141921997 0.5316154956817627 -1 -1 -1 -1 -1 -1 -1 -1 -1
0.49818021059036255 0.45966780185699463 0.16585448384284973 -1 -1 -1 -1 -1 -1 -1 -1 -1
0.49402204155921936 0.4744400382041931 0.5027434825897217 -1 -1 -1 -1 -1 -1 -1 -1 -1
0.4987584352493286 0.46055668592453003 0.1696709841489792 -1 -1 -1 -1 -1 -1 -1 -1 -1
0.49285438656806946 0.47750937938690186 0.5974357724189758 -1 -1 -1 -1 -1 -1 -1 -1 -1
0.4999859929084778 0.46275413036346436 0.1815960854291916 -1 -1 -1 -1 -1 -1 -1 -1 -1
0.49538224935531616 0.4759012460708618 0.6027921438217163 -1 -1 -1 -1 -1 -1 -1 -1 -1
0.49982795119285583 0.4638771414756775 0.1949237436056137 -1 -1 -1 -1 -1 -1 -1 -1 -1
0.4958176016807556 0.47576314210891724 0.5239337086677551 -1 -1 -1 -1 -1 -1 -1 -1 -1
0.4767678380012512 0.597496747970581 0.9997742772102356 -1 -1 -1 -1 -1 -1 -1 -1 -1
0.47498029470443726 0.6005920171737671 0.9996423721313477 -1 -1 -1 -1 -1 -1 -1 -1 -1
0.5082213282585144 0.6486837863922119 0.37875550985336304 -1 -1 -1 -1 -1 -1 -1 -1 -1
0.5122168660163879 0.631378173828125 0.9625146985054016 -1 -1 -1 -1 -1 -1 -1 -1 -1
0.4918428659439087 0.7010203003883362 0.5220692157745361 -1 -1 -1 -1 -1 -1 -1 -1 -1
0.4862802028656006 0.7038118839263916 0.9459269642829895 -1 -1 -1 -1 -1 -1 -1 -1 -1
0.4836972951889038 0.7162105441093445 0.530744194984436 -1 -1 -1 -1 -1 -1 -1 -1 -1
0.4780442416667938 0.7145572304725647 0.9028452634811401 -1 -1 -1 -1 -1 -1 -1 -1 -1
0.5104417204856873 0.7244728803634644 0.5935794711112976 -1 -1 -1 -1 -1 -1 -1 -1 -1
0.5005277395248413 0.7273181676864624 0.9464309215545654 -1 -1 -1 -1 -1 -1 -1 -1 -1
1 
33 
-1 -1 -1 -1 -1 -1 -1 -1 -1 -1
0.5272934436798096 0.5005608797073364 0.9991034865379333 -1 -1 -1 -1 -1 -1 -1 -1 -1
0.5241266489028931 0.49094879627227783 0.999372661113739 -1 -1 -1 -1 -1 -1 -1 -1 -1
0.5234445333480835 0.49038785696029663 0.9992652535438538 -1 -1 -1 -1 -1 -1 -1 -1 -1
0.5226558446884155 0.4898329973220825 0.9993743300437927 -1 -1 -1 -1 -1 -1 -1 -1 -1
0.5238660573959351 0.49159660935401917 0.9994632601737976 -1 -1 -1 -1 -1 -1 -1 -1 -1
0.5230504274368286 0.4915406107902527 0.9993782043457031 -1 -1 -1 -1 -1 -1 -1 -1 -1
0.5221325159072876 0.4915159344673157 0.9993738532066345 -1 -1 -1 -1 -1 -1 -1 -1 -1
0.5149323344230652 0.49291691184043884 0.9995885491371155 -1 -1 -1 -1 -1 -1 -1 -1 -1
0.51478111743927 0.49483150243759155 0.9993870258331299 -1 -1 -1 -1 -1 -1 -1 -1 -1
0.5247630476951599 0.5076350569725037 0.9969563484191895 -1 -1 -1 -1 -1 -1 -1 -1 -1
0.5243077874183655 0.508708119392395 0.9973646998405457 -1 -1 -1 -1 -1 -1 -1 -1 -1
0.4957571029663086 0.5086759328842163 0.9991833567619324 -1 -1 -1 -1 -1 -1 -1 -1 -1
0.5022822022438049 0.5209640860557556 0.9992867112159729 -1 -1 -1 -1 -1 -1 -1 -1 -1
0.47633787989616394 0.46790099143981934 0.6700143814086914 -1 -1 -1 -1 -1 -1 -1 -1 -1
0.4866095781326294 0.5072565078735352 0.7231478691101074 -1 -1 -1 -1 -1 -1 -1 -1 -1
0.4742538034915924 0.4553999602794647 0.5048092603683472 -1 -1 -1 -1 -1 -1 -1 -1 -1
0.4790795147418976 0.5006930828094482 0.5668594837188721 -1 -1 -1 -1 -1 -1 -1 -1 -1
0.4704016149044037 0.4488604664802551 0.4470394253730774 -1 -1 -1 -1 -1 -1 -1 -1 -1
0.47617489099502563 0.5002676248550415 0.5625889897346497 -1 -1 -1 -1 -1 -1 -1 -1 -1
0.4778389036655426 0.45335397124290466 0.46273478865623474 -1 -1 -1 -1 -1 -1 -1 -1 -1
0.47794103622436523 0.4997352361679077 0.5660155415534973 -1 -1 -1 -1 -1 -1 -1 -1 -1
0.4790363907814026 0.4578295350074768 0.45911073684692383 -1 -1 -1 -1 -1 -1 -1 -1 -1
0.4785575866699219 0.5005941390991211 0.5030377507209778 -1 -1 -1 -1 -1 -1 -1 -1 -1
0.4779633581638336 0.6325609683990479 0.9998794794082642 -1 -1 -1 -1 -1 -1 -1 -1 -1
0.4767904281616211 0.6286032795906067 0.9998754262924194 -1 -1 -1 -1 -1 -1 -1 -1 -1
0.5064098238945007 0.6443926692008972 0.18536004424095154 -1 -1 -1 -1 -1 -1 -1 -1 -1
0.5123424530029297 0.6406397819519043 0.9563247561454773 -1 -1 -1 -1 -1 -1 -1 -1 -1
0.5002413988113403 0.7117595672607422 0.4174906611442566 -1 -1 -1 -1 -1 -1 -1 -1 -1
0.48791539669036865 0.7071242928504944 0.9277541041374207 -1 -1 -1 -1 -1 -1 -1 -1 -1
0.4861920475959778 0.7175132632255554 0.4873866140842438 -1 -1 -1 -1 -1 -1 -1 -1 -1
0.47918128967285156 0.7146426439285278 0.8922938704490662 -1 -1 -1 -1 -1 -1 -1 -1 -1
0.5124902725219727 0.7219322323799133 0.5973861813545227 -1 -1 -1 -1 -1 -1 -1 -1 -1
0.5003041625022888 0.7297961711883545 0.9321967959403992 -1 -1 -1 -1 -1 -1 -1 -1 -1
1 
