24
1 
33 
-1 -1 -1 -1 -1 -1 -1 -1 -1 -1
0.5747681260108948 0.34603559970855713 0.9996322393417358 -1 -1 -1 -1 -1 -1 -1 -1 -1
0.5785903334617615 0.3381064832210541 0.9997535347938538 -1 -1 -1 -1 -1 -1 -1 -1 -1
0.5795422792434692 0.3381730020046234 0.9998476505279541 -1 -1 -1 -1 -1 -1 -1 -1 -1
0.5805081129074097 0.33815065026283264 0.999832272529602 -1 -1 -1 -1 -1 -1 -1 -1 -1
0.57808518409729 0.33750584721565247 0.999472439289093 -1 -1 -1 -1 -1 -1 -1 -1 -1
0.5786712765693665 0.3371570110321045 0.9995067119598389 -1 -1 -1 -1 -1 -1 -1 -1 -1
0.5792841911315918 0.33665117621421814 0.9995328187942505 -1 -1 -1 -1 -1 -1 -1 -1 -1
0.5883678197860718 0.3443599343299866 0.999866247177124 -1 -1 -1 -1 -1 -1 -1 -1 -1
0.5862807631492615 0.34246695041656494 0.9995136260986328 -1 -1 -1 -1 -1 -1 -1 -1 -1
0.5775108337402344 0.35528242588043213 0.999671220779419 -1 -1 -1 -1 -1 -1 -1 -1 -1
0.5766471028327942 0.35463839769363403 0.9989626407623291 -1 -1 -1 -1 -1 -1 -1 -1 -1
0.5934522151947021 0.38681215047836304 0.999984622001648 -1 -1 -1 -1 -1 -1 -1 -1 -1
0.5888642072677612 0.38415539264678955 0.9985784292221069 -1 -1 -1 -1 -1 -1 -1 -1 -1
0.6014206409454346 0.42908546328544617 0.9753448963165283 -1 -1 -1 -1 -1 -1 -1 -1 -1
0.5932596921920776 0.43914005160331726 0.014511337503790855 -1 -1 -1 -1 -1 -1 -1 -1 -1
0.6065693497657776 0.4665156602859497 0.9694058299064636 -1 -1 -1 -1 -1 -1 -1 -1 -1
0.5868918895721436 0.46821027994155884 0.06081859767436981 -1 -1 -1 -1 -1 -1 -1 -1 -1
0.6088352799415588 0.4776548445224762 0.9639822244644165 -1 -1 -1 -1 -1 -1 -1 -1 -1
0.5853922367095947 0.47478145360946655 0.10561392456293106 -1 -1 -1 -1 -1 -1 -1 -1 -1
0.6074491739273071 0.477079302072525 0.9591093063354492 -1 -1 -1 -1 -1 -1 -1 -1 -1
0.5837315320968628 0.475872278213501 0.11746759712696075 -1 -1 -1 -1 -1 -1 -1 -1 -1
0.6064981818199158 0.4744311571121216 0.9253665804862976 -1 -1 -1 -1 -1 -1 -1 -1 -1
0.5842599272727966 0.4735795557498932 0.12631063163280487 -1 -1 -1 -1 -1 -1 -1 -1 -1
0.5850207805633545 0.5093405246734619 0.9995822310447693 -1 -1 -1 -1 -1 -1 -1 -1 -1
0.5885552763938904 0.511229395866394 0.9989249110221863 -1 -1 -1 -1 -1 -1 -1 -1 -1
0.5501526594161987 0.5688108801841736 0.9776774048805237 -1 -1 -1 -1 -1 -1 -1 -1 -1
0.6001749038696289 0.5925806760787964 0.8952646255493164 -1 -1 -1 -1 -1 -1 -1 -1 -1
0.5244081020355225 0.6611604690551758 0.9961649179458618 -1 -1 -1 -1 -1 -1 -1 -1 -1
0.6410929560661316 0.6576662063598633 0.9677809476852417 -1 -1 -1 -1 -1 -1 -1 -1 -1
0.5280812382698059 0.6738594174385071 0.9883735775947571 -1 -1 -1 -1 -1 -1 -1 -1 -1
0.6482065320014954 0.6581612825393677 0.9816935658454895 -1 -1 -1 -1 -1 -1 -1 -1 -1
0.5014685392379761 0.685650110244751 0.991265594959259 -1 -1 -1 -1 -1 -1 -1 -1 -1
0.6403141021728516 0.6924532651901245 0.9737164378166199 -1 -1 -1 -1 -1 -1 -1 -1 -1
1 
33 
-1 -1 -1 -1 -1 -1 -1 -1 -1 -1
0.5722106695175171 0.35221388936042786 0.9997749924659729 -1 -1 -1 -1 -1 -1 -1 -1 -1
0.575565755367279 0.3432050049304962 0.9999474287033081 -1 -1 -1 -1 -1 -1 -1 -1 -1
0.5767863392829895 0.3431389331817627 0.9999662637710571 -1 -1 -1 -1 -1 -1 -1 -1 -1
0.5781049728393555 0.34303516149520874 0.9999607801437378 -1 -1 -1 -1 -1 -1 -1 -1 -1
0.5743628144264221 0.34282004833221436 0.9997755885124207 -1 -1 -1 -1 -1 -1 -1 -1 -1
0.5747097730636597 0.34256744384765625 0.9997807145118713 -1 -1 -1 -1 -1 -1 -1 -1 -1
0.5751247406005859 0.34222686290740967 0.9997982382774353 -1 -1 -1 -1 -1 -1 -1 -1 -1
0.5868858098983765 0.3465694189071655 0.9999731779098511 -1 -1 -1 -1 -1 -1 -1 -1 -1
0.5837902426719666 0.34491652250289917 0.9998698234558105 -1 -1 -1 -1 -1 -1 -1 -1 -1
0.5758929252624512 0.36207151412963867 0.9998711347579956 -1 -1 -1 -1 -1 -1 -1 -1 -1
0.5742065906524658 0.3607901930809021 0.9994394183158875 -1 -1 -1 -1 -1 -1 -1 -1 -1
0.5905448198318481 0.38940733671188354 0.999988317489624 -1 -1 -1 -1 -1 -1 -1 -1 -1
0.5899792313575745 0.38491782546043396 0.9979006052017212 -1 -1 -1 -1 -1 -1 -1 -1 -1
0.595319926738739 0.4381779730319977 0.9873850345611572 -1 -1 -1 -1 -1 -1 -1 -1 -1
0.5935555100440979 0.34252482652664185 0.07659800350666046 -1 -1 -1 -1 -1 -1 -1 -1 -1
0.597373366355896 0.4653399586677551 0.9600920081138611 -1 -1 -1 -1 -1 -1 -1 -1 -1
0.5877022743225098 0.28757041692733765 0.22513353824615479 -1 -1 -1 -1 -1 -1 -1 -1 -1
0.5978304743766785 0.4744645655155182 0.9501356482505798 -1 -1 -1 -1 -1 -1 -1 -1 -1
0.5888100862503052 0.2789960503578186 0.2970004081726074 -1 -1 -1 -1 -1 -1 -1 -1 -1
0.5960662961006165 0.4753866493701935 0.9495577812194824 -1 -1 -1 -1 -1 -1 -1 -1 -1
0.5887033343315125 0.27630555629730225 0.30013152956962585 -1 -1 -1 -1 -1 -1 -1 -1 -1
0.5964298248291016 0.47093629837036133 0.920510470867157 -1 -1 -1 -1 -1 -1 -1 -1 -1
0.588410496711731 0.2784240245819092 0.31144994497299194 -1 -1 -1 -1 -1 -1 -1 -1 -1
0.578996479511261 0.5111361742019653 0.9999222755432129 -1 -1 -1 -1 -1 -1 -1 -1 -1
0.5856901407241821 0.5130959749221802 0.9998360872268677 -1 -1 -1 -1 -1 -1 -1 -1 -1
0.5430437922477722 0.5739107728004456 0.9907535314559937 -1 -1 -1 -1 -1 -1 -1 -1 -1
0.58847975730896 0.600349485874176 0.9242350459098816 -1 -1 -1 -1 -1 -1 -1 -1 -1
0.5273851752281189 0.6665970087051392 0.9975392818450928 -1 -1 -1 -1 -1 -1 -1 -1 -1
0.6323944926261902 0.6570713520050049 0.9711771011352539 -1 -1 -1 -1 -1 -1 -1 -1 -1
0.5336378812789917 0.6809937953948975 0.9970535039901733 -1 -1 -1 -1 -1 -1 -1 -1 -1
0.6388653516769409 0.6562984585762024 0.9881308078765869 -1 -1 -1 -1 -1 -1 -1 -1 -1
0.5031899213790894 0.6990954875946045 0.9962730407714844 -1 -1 -1 -1 -1 -1 -1 -1 -1
0.6384847164154053 0.6956578493118286 0.9758244752883911 -1 -1 -1 -1 -1 -1 -1 -1 -1
1 
33 
-1 -1 -1 -1 -1 -1 -1 -1 -1 -1
0.571008563041687 0.3602445125579834 0.9999252557754517 -1 -1 -1 -1 -1 -1 -1 -1 -1
0.5753351449966431 0.35141444206237793 0.99997878074646 -1 -1 -1 -1 -1 -1 -1 -1 -1
0.5763717889785767 0.35140860080718994 0.9999796152114868 -1 -1 -1 -1 -1 -1 -1 -1 -1
0.5774810910224915 0.3513830304145813 0.9999842643737793 -1 -1 -1 -1 -1 -1 -1 -1 -1
0.5746360421180725 0.3502339720726013 0.9999197721481323 -1 -1 -1 -1 -1 -1 -1 -1 -1
0.575154185295105 0.34950804710388184 0.9998998641967773 -1 -1 -1 -1 -1 -1 -1 -1 -1
0.5757021307945251 0.3487498164176941 0.9999301433563232 -1 -1 -1 -1 -1 -1 -1 -1 -1
0.5846315622329712 0.3555205464363098 0.9999825954437256 -1 -1 -1 -1 -1 -1 -1 -1 -1
0.5820314288139343 0.35261398553848267 0.9999380111694336 -1 -1 -1 -1 -1 -1 -1 -1 -1
0.573406457901001 0.37002915143966675 0.9999464750289917 -1 -1 -1 -1 -1 -1 -1 -1 -1
0.572364330291748 0.3683393597602844 0.999832034111023 -1 -1 -1 -1 -1 -1 -1 -1 -1
0.5855368971824646 0.39650458097457886 0.9999877214431763 -1 -1 -1 -1 -1 -1 -1 -1 -1
0.5857434868812561 0.3850777745246887 0.9995985627174377 -1 -1 -1 -1 -1 -1 -1 -1 -1
0.5792745351791382 0.4584410488605499 0.9842521548271179 -1 -1 -1 -1 -1 -1 -1 -1 -1
0.5922456383705139 0.33776623010635376 0.3472331762313843 -1 -1 -1 -1 -1 -1 -1 -1 -1
0.5724451541900635 0.5004916191101074 0.9340839385986328 -1 -1 -1 -1 -1 -1 -1 -1 -1
0.5983666181564331 0.286365807056427 0.5142216086387634 -1 -1 -1 -1 -1 -1 -1 -1 -1
0.5715279579162598 0.5156921148300171 0.9104514122009277 -1 -1 -1 -1 -1 -1 -1 -1 -1
0.5988847613334656 0.27371498942375183 0.5094754695892334 -1 -1 -1 -1 -1 -1 -1 -1 -1
0.5688214898109436 0.513826310634613 0.9041309356689453 -1 -1 -1 -1 -1 -1 -1 -1 -1
0.5985397696495056 0.2730826437473297 0.5090401768684387 -1 -1 -1 -1 -1 -1 -1 -1 -1
0.5686266422271729 0.5107738971710205 0.8565315008163452 -1 -1 -1 -1 -1 -1 -1 -1 -1
0.5981614589691162 0.27657562494277954 0.5283788442611694 -1 -1 -1 -1 -1 -1 -1 -1 -1
0.5735206604003906 0.5183055400848389 0.999971866607666 -1 -1 -1 -1 -1 -1 -1 -1 -1
0.5743308067321777 0.5152788758277893 0.9999058246612549 -1 -1 -1 -1 -1 -1 -1 -1 -1
0.5431516170501709 0.5806539058685303 0.99130779504776 -1 -1 -1 -1 -1 -1 -1 -1 -1
0.5642175078392029 0.6036502122879028 0.9195934534072876 -1 -1 -1 -1 -1 -1 -1 -1 -1
0.5372892618179321 0.6817906498908997 0.9967877864837646 -1 -1 -1 -1 -1 -1 -1 -1 -1
0.6189274191856384 0.6578331589698792 0.927487850189209 -1 -1 -1 -1 -1 -1 -1 -1 -1
0.5447714924812317 0.6951864957809448 0.9943026304244995 -1 -1 -1 -1 -1 -1 -1 -1 -1
0.6262884736061096 0.6530689597129822 0.9639375805854797 -1 -1 -1 -1 -1 -1 -1 -1 -1
0.5142170786857605 0.7119370102882385 0.9963027238845825 -1 -1 -1 -1 -1 -1 -1 -1 -1
0.6247860789299011 0.6945763826370239 0.9480224847793579 -1 -1 -1 -1 -1 -1 -1 -1 -1
1 
33 
-1 -1 -1 -1 -1 -1 -1 -1 -1 -1
0.5688129663467407 0.3530949354171753 0.9993581175804138 -1 -1 -1 -1 -1 -1 -1 -1 -1
0.5734630823135376 0.34487688541412354 0.999737560749054 -1 -1 -1 -1 -1 -1 -1 -1 -1
0.5748120546340942 0.3454301059246063 0.9997342228889465 -1 -1 -1 -1 -1 -1 -1 -1 -1
0.5762545466423035 0.34605738520622253 0.9998383522033691 -1 -1 -1 -1 -1 -1 -1 -1 -1
0.5716719627380371 0.343957781791687 0.9993174076080322 -1 -1 -1 -1 -1 -1 -1 -1 -1
0.5717320442199707 0.3438591957092285 0.9989991784095764 -1 -1 -1 -1 -1 -1 -1 -1 -1
0.5718108415603638 0.3436908721923828 0.9993267059326172 -1 -1 -1 -1 -1 -1 -1 -1 -1
0.5840552449226379 0.35405004024505615 0.999790370464325 -1 -1 -1 -1 -1 -1 -1 -1 -1
0.5780682563781738 0.3503493070602417 0.9988887906074524 -1 -1 -1 -1 -1 -1 -1 -1 -1
0.5713266134262085 0.36440199613571167 0.9994218349456787 -1 -1 -1 -1 -1 -1 -1 -1 -1
0.5689829587936401 0.36291927099227905 0.9985496401786804 -1 -1 -1 -1 -1 -1 -1 -1 -1
0.5850405097007751 0.3945005238056183 0.9999450445175171 -1 -1 -1 -1 -1 -1 -1 -1 -1
0.5776259899139404 0.38958731293678284 0.9959614872932434 -1 -1 -1 -1 -1 -1 -1 -1 -1
0.5787973999977112 0.43482840061187744 0.9913384914398193 -1 -1 -1 -1 -1 -1 -1 -1 -1
0.5782902836799622 0.3469043970108032 0.11439269781112671 -1 -1 -1 -1 -1 -1 -1 -1 -1
0.5581590533256531 0.4574848711490631 0.9465458989143372 -1 -1 -1 -1 -1 -1 -1 -1 -1
0.5846362709999084 0.3066578507423401 0.1704784482717514 -1 -1 -1 -1 -1 -1 -1 -1 -1
0.5546998381614685 0.461527556180954 0.9239234924316406 -1 -1 -1 -1 -1 -1 -1 -1 -1
0.5879589319229126 0.2978849411010742 0.19151321053504944 -1 -1 -1 -1 -1 -1 -1 -1 -1
0.555188000202179 0.46174684166908264 0.9176561832427979 -1 -1 -1 -1 -1 -1 -1 -1 -1
0.5961949825286865 0.27762365341186523 0.1962125599384308 -1 -1 -1 -1 -1 -1 -1 -1 -1
0.5580348372459412 0.4545029103755951 0.8630952835083008 -1 -1 -1 -1 -1 -1 -1 -1 -1
0.5958439111709595 0.2797793745994568 0.21369566023349762 -1 -1 -1 -1 -1 -1 -1 -1 -1
0.5744818449020386 0.513015866279602 0.9999295473098755 -1 -1 -1 -1 -1 -1 -1 -1 -1
0.566285252571106 0.5121932625770569 0.9996801614761353 -1 -1 -1 -1 -1 -1 -1 -1 -1
0.5442911386489868 0.5914620161056519 0.9897243976593018 -1 -1 -1 -1 -1 -1 -1 -1 -1
0.5556303858757019 0.5945878028869629 0.6919496655464172 -1 -1 -1 -1 -1 -1 -1 -1 -1
0.5505466461181641 0.6980987787246704 0.9958066940307617 -1 -1 -1 -1 -1 -1 -1 -1 -1
0.5926209092140198 0.6503698825836182 0.7315545082092285 -1 -1 -1 -1 -1 -1 -1 -1 -1
0.5565568804740906 0.714537501335144 0.9916980266571045 -1 -1 -1 -1 -1 -1 -1 -1 -1
0.6034867763519287 0.6486413478851318 0.8217974305152893 -1 -1 -1 -1 -1 -1 -1 -1 -1
0.5278949737548828 0.7352650165557861 0.9938759207725525 -1 -1 -1 -1 -1 -1 -1 -1 -1
0.5966551303863525 0.7097048759460449 0.8237823843955994 -1 -1 -1 -1 -1 -1 -1 -1 -1
1 
33 
-1 -1 -1 -1 -1 -1 -1 -1 -1 -1
0.570504903793335 0.3529545068740845 0.999076247215271 -1 -1 -1 -1 -1 -1 -1 -1 -1
0.5760661959648132 0.34688800573349 0.9992139339447021 -1 -1 -1 -1 -1 -1 -1 -1 -1
0.5780303478240967 0.34798312187194824 0.9991470575332642 -1 -1 -1 -1 -1 -1 -1 -1 -1
0.5803046226501465 0.34918901324272156 0.9993682503700256 -1 -1 -1 -1 -1 -1 -1 -1 -1
0.5727893114089966 0.34457099437713623 0.9987491369247437 -1 -1 -1 -1 -1 -1 -1 -1 -1
0.5721765160560608 0.34425169229507446 0.998257577419281 -1 -1 -1 -1 -1 -1 -1 -1 -1
0.5716023445129395 0.343917578458786 0.9988906979560852 -1 -1 -1 -1 -1 -1 -1 -1 -1
0.5865060687065125 0.3565237522125244 0.9991550445556641 -1 -1 -1 -1 -1 -1 -1 -1 -1
0.574975848197937 0.35007762908935547 0.997740626335144 -1 -1 -1 -1 -1 -1 -1 -1 -1
0.5734063386917114 0.3628828227519989 0.9968685507774353 -1 -1 -1 -1 -1 -1 -1 -1 -1
0.5688511729240417 0.3611631393432617 0.9965290427207947 -1 -1 -1 -1 -1 -1 -1 -1 -1
0.5813895463943481 0.3949822187423706 0.9991220831871033 -1 -1 -1 -1 -1 -1 -1 -1 -1
0.5664027333259583 0.3847775459289551 0.9968902468681335 -1 -1 -1 -1 -1 -1 -1 -1 -1
0.5735036730766296 0.4096088409423828 0.9834769368171692 -1 -1 -1 -1 -1 -1 -1 -1 -1
0.5453555583953857 0.3462832570075989 0.8407430648803711 -1 -1 -1 -1 -1 -1 -1 -1 -1
0.5503647923469543 0.4148707389831543 0.8800069093704224 -1 -1 -1 -1 -1 -1 -1 -1 -1
0.5547975301742554 0.3040532171726227 0.8542783856391907 -1 -1 -1 -1 -1 -1 -1 -1 -1
0.5516612529754639 0.4058138132095337 0.7961844205856323 -1 -1 -1 -1 -1 -1 -1 -1 -1
0.5572165250778198 0.2924947738647461 0.7587339282035828 -1 -1 -1 -1 -1 -1 -1 -1 -1
0.5523150563240051 0.4045259356498718 0.7841017842292786 -1 -1 -1 -1 -1 -1 -1 -1 -1
0.5667205452919006 0.2813614308834076 0.752606213092804 -1 -1 -1 -1 -1 -1 -1 -1 -1
0.552497148513794 0.40770262479782104 0.7387346029281616 -1 -1 -1 -1 -1 -1 -1 -1 -1
0.5670547485351562 0.28478020429611206 0.7497973442077637 -1 -1 -1 -1 -1 -1 -1 -1 -1
0.5801740288734436 0.5297505259513855 0.9997997879981995 -1 -1 -1 -1 -1 -1 -1 -1 -1
0.5720707774162292 0.5306432843208313 0.9996618032455444 -1 -1 -1 -1 -1 -1 -1 -1 -1
0.5434338450431824 0.5843424797058105 0.9625273942947388 -1 -1 -1 -1 -1 -1 -1 -1 -1
0.5446993112564087 0.5831088423728943 0.3597434163093567 -1 -1 -1 -1 -1 -1 -1 -1 -1
0.564555287361145 0.6774621605873108 0.9405604004859924 -1 -1 -1 -1 -1 -1 -1 -1 -1
0.5606129169464111 0.6847257614135742 0.5095012187957764 -1 -1 -1 -1 -1 -1 -1 -1 -1
0.5757107138633728 0.6837453842163086 0.9202837347984314 -1 -1 -1 -1 -1 -1 -1 -1 -1
0.5667664408683777 0.6977658271789551 0.5800122618675232 -1 -1 -1 -1 -1 -1 -1 -1 -1
0.5500521659851074 0.721161425113678 0.9523021578788757 -1 -1 -1 -1 -1 -1 -1 -1 -1
0.5465160608291626 0.7142279148101807 0.6330083012580872 -1 -1 -1 -1 -1 -1 -1 -1 -1
1 
33 
-1 -1 -1 -1 -1 -1 -1 -1 -1 -1
0.5706530213356018 0.3373362421989441 0.9988415837287903 -1 -1 -1 -1 -1 -1 -1 -1 -1
0.5764838457107544 0.33214351534843445 0.9992762207984924 -1 -1 -1 -1 -1 -1 -1 -1 -1
0.5776599049568176 0.332987904548645 0.9993599057197571 -1 -1 -1 -1 -1 -1 -1 -1 -1
0.5788527727127075 0.33391594886779785 0.999430239200592 -1 -1 -1 -1 -1 -1 -1 -1 -1
0.5748541951179504 0.33082613348960876 0.9987140893936157 -1 -1 -1 -1 -1 -1 -1 -1 -1
0.5747875571250916 0.33098021149635315 0.998286783695221 -1 -1 -1 -1 -1 -1 -1 -1 -1
0.5746990442276001 0.3311528265476227 0.9987591505050659 -1 -1 -1 -1 -1 -1 -1 -1 -1
0.5823917388916016 0.3414314091205597 0.9992000460624695 -1 -1 -1 -1 -1 -1 -1 -1 -1
0.576792299747467 0.33631789684295654 0.997817873954773 -1 -1 -1 -1 -1 -1 -1 -1 -1
0.5717689990997314 0.3474278151988983 0.9937892556190491 -1 -1 -1 -1 -1 -1 -1 -1 -1
0.5689881443977356 0.347507119178772 0.9925267696380615 -1 -1 -1 -1 -1 -1 -1 -1 -1
0.5769164562225342 0.3773936331272125 0.9991614818572998 -1 -1 -1 -1 -1 -1 -1 -1 -1
0.5729273557662964 0.36947599053382874 0.9951794147491455 -1 -1 -1 -1 -1 -1 -1 -1 -1
0.5427488088607788 0.36490997672080994 0.9706305861473083 -1 -1 -1 -1 -1 -1 -1 -1 -1
0.5502285361289978 0.31881487369537354 0.5425060391426086 -1 -1 -1 -1 -1 -1 -1 -1 -1
0.529092013835907 0.3558887541294098 0.9149917960166931 -1 -1 -1 -1 -1 -1 -1 -1 -1
0.5633046627044678 0.28749731183052063 0.7935880422592163 -1 -1 -1 -1 -1 -1 -1 -1 -1
0.525269627571106 0.3379324674606323 0.8727802634239197 -1 -1 -1 -1 -1 -1 -1 -1 -1
0.5606755614280701 0.2676897346973419 0.7768496870994568 -1 -1 -1 -1 -1 -1 -1 -1 -1
0.5241664052009583 0.3355148136615753 0.859104573726654 -1 -1 -1 -1 -1 -1 -1 -1 -1
0.565560519695282 0.26268330216407776 0.7790170311927795 -1 -1 -1 -1 -1 -1 -1 -1 -1
0.5251115560531616 0.3391568064689636 0.8176459074020386 -1 -1 -1 -1 -1 -1 -1 -1 -1
0.5656931400299072 0.2681199014186859 0.7652431726455688 -1 -1 -1 -1 -1 -1 -1 -1 -1
0.5850499272346497 0.5059736371040344 0.9998683929443359 -1 -1 -1 -1 -1 -1 -1 -1 -1
0.5699729919433594 0.5072516202926636 0.9998093247413635 -1 -1 -1 -1 -1 -1 -1 -1 -1
0.5459259748458862 0.5181658864021301 0.9911437034606934 -1 -1 -1 -1 -1 -1 -1 -1 -1
0.5345392823219299 0.572795033454895 0.7633795142173767 -1 -1 -1 -1 -1 -1 -1 -1 -1
0.5573946237564087 0.6554004549980164 0.9767284393310547 -1 -1 -1 -1 -1 -1 -1 -1 -1
0.5599504709243774 0.6821167469024658 0.7270799279212952 -1 -1 -1 -1 -1 -1 -1 -1 -1
0.5635400414466858 0.6699569225311279 0.9607182145118713 -1 -1 -1 -1 -1 -1 -1 -1 -1
0.5669861435890198 0.6968185901641846 0.7445328235626221 -1 -1 -1 -1 -1 -1 -1 -1 -1
0.5458260178565979 0.7051971554756165 0.9819721579551697 -1 -1 -1 -1 -1 -1 -1 -1 -1
0.5450575351715088 0.7168987989425659 0.8265113234519958 -1 -1 -1 -1 -1 -1 -1 -1 -1
1 
33 
-1 -1 -1 -1 -1 -1 -1 -1 -1 -1
0.5657721757888794 0.32484516501426697 0.9995278120040894 -1 -1 -1 -1 -1 -1 -1 -1 -1
0.5707356929779053 0.31792449951171875 0.9996669292449951 -1 -1 -1 -1 -1 -1 -1 -1 -1
0.5718068480491638 0.3184348940849304 0.9995936751365662 -1 -1 -1 -1 -1 -1 -1 -1 -1
0.5729402303695679 0.31912440061569214 0.9996769428253174 -1 -1 -1 -1 -1 -1 -1 -1 -1
0.5697490572929382 0.31614091992378235 0.9994514584541321 -1 -1 -1 -1 -1 -1 -1 -1 -1
0.5701215267181396 0.3153828978538513 0.9992005228996277 -1 -1 -1 -1 -1 -1 -1 -1 -1
0.5705059170722961 0.31471118330955505 0.99943608045578 -1 -1 -1 -1 -1 -1 -1 -1 -1
0.5801053047180176 0.325420081615448 0.9994120597839355 -1 -1 -1 -1 -1 -1 -1 -1 -1
0.5764716267585754 0.319748193025589 0.9994500279426575 -1 -1 -1 -1 -1 -1 -1 -1 -1
0.5673672556877136 0.33360546827316284 0.9990658164024353 -1 -1 -1 -1 -1 -1 -1 -1 -1
0.5660693645477295 0.3317028284072876 0.9988011121749878 -1 -1 -1 -1 -1 -1 -1 -1 -1
0.578265368938446 0.3661130666732788 0.9996199607849121 -1 -1 -1 -1 -1 -1 -1 -1 -1
0.5772602558135986 0.35355645418167114 0.9987939596176147 -1 -1 -1 -1 -1 -1 -1 -1 -1
0.5399002432823181 0.3583869934082031 0.9946842789649963 -1 -1 -1 -1 -1 -1 -1 -1 -1
0.5764254331588745 0.29489511251449585 0.7277117371559143 -1 -1 -1 -1 -1 -1 -1 -1 -1
0.5188802480697632 0.3096975088119507 0.9908252358436584 -1 -1 -1 -1 -1 -1 -1 -1 -1
0.5729889869689941 0.24406276643276215 0.9436649680137634 -1 -1 -1 -1 -1 -1 -1 -1 -1
0.5100514888763428 0.298797070980072 0.982509970664978 -1 -1 -1 -1 -1 -1 -1 -1 -1
0.5737748146057129 0.22812515497207642 0.9286085963249207 -1 -1 -1 -1 -1 -1 -1 -1 -1
0.5124350786209106 0.29402047395706177 0.9810816049575806 -1 -1 -1 -1 -1 -1 -1 -1 -1
0.573556125164032 0.2199440896511078 0.9278339743614197 -1 -1 -1 -1 -1 -1 -1 -1 -1
0.514808177947998 0.29720446467399597 0.9638577103614807 -1 -1 -1 -1 -1 -1 -1 -1 -1
0.5728520750999451 0.23040518164634705 0.9250457286834717 -1 -1 -1 -1 -1 -1 -1 -1 -1
0.5775284767150879 0.49913454055786133 0.9997249245643616 -1 -1 -1 -1 -1 -1 -1 -1 -1
0.5655139684677124 0.49647006392478943 0.999596893787384 -1 -1 -1 -1 -1 -1 -1 -1 -1
0.5657536387443542 0.590026319026947 0.9696504473686218 -1 -1 -1 -1 -1 -1 -1 -1 -1
0.523262619972229 0.5329528450965881 0.9323641657829285 -1 -1 -1 -1 -1 -1 -1 -1 -1
0.5739632248878479 0.6872261166572571 0.9862765073776245 -1 -1 -1 -1 -1 -1 -1 -1 -1
0.5343993306159973 0.6337350606918335 0.8333084583282471 -1 -1 -1 -1 -1 -1 -1 -1 -1
0.58171147108078 0.7006292939186096 0.9448144435882568 -1 -1 -1 -1 -1 -1 -1 -1 -1
0.5387698411941528 0.6370562314987183 0.8512600660324097 -1 -1 -1 -1 -1 -1 -1 -1 -1
0.5518441796302795 0.7097609043121338 0.9786166548728943 -1 -1 -1 -1 -1 -1 -1 -1 -1
0.5361266136169434 0.68259596824646 0.8336381316184998 -1 -1 -1 -1 -1 -1 -1 -1 -1
1 
33 
-1 -1 -1 -1 -1 -1 -1 -1 -1 -1
0.5667039155960083 0.29539480805397034 0.9992690682411194 -1 -1 -1 -1 -1 -1 -1 -1 -1
0.5710583329200745 0.28976213932037354 0.9994704127311707 -1 -1 -1 -1 -1 -1 -1 -1 -1
0.5718637704849243 0.29031825065612793 0.9993845224380493 -1 -1 -1 -1 -1 -1 -1 -1 -1
0.5728062987327576 0.2908204197883606 0.9995720982551575 -1 -1 -1 -1 -1 -1 -1 -1 -1
0.5703591704368591 0.28861668705940247 0.9991481304168701 -1 -1 -1 -1 -1 -1 -1 -1 -1
0.5706284046173096 0.2884417176246643 0.9990088939666748 -1 -1 -1 -1 -1 -1 -1 -1 -1
0.5710054636001587 0.2880942225456238 0.9994035959243774 -1 -1 -1 -1 -1 -1 -1 -1 -1
0.5782189965248108 0.29766717553138733 0.999452531337738 -1 -1 -1 -1 -1 -1 -1 -1 -1
0.5762029886245728 0.29289495944976807 0.9993529915809631 -1 -1 -1 -1 -1 -1 -1 -1 -1
0.5671257972717285 0.30418941378593445 0.9985814094543457 -1 -1 -1 -1 -1 -1 -1 -1 -1
0.5660222172737122 0.3030467927455902 0.9978492259979248 -1 -1 -1 -1 -1 -1 -1 -1 -1
0.5756725072860718 0.332908034324646 0.9996026158332825 -1 -1 -1 -1 -1 -1 -1 -1 -1
0.5743569731712341 0.32090458273887634 0.9992583394050598 -1 -1 -1 -1 -1 -1 -1 -1 -1
0.5451595187187195 0.3295256793498993 0.9851477742195129 -1 -1 -1 -1 -1 -1 -1 -1 -1
0.5664422512054443 0.26370424032211304 0.9243360757827759 -1 -1 -1 -1 -1 -1 -1 -1 -1
0.5265929102897644 0.3107099235057831 0.9540460109710693 -1 -1 -1 -1 -1 -1 -1 -1 -1
0.5682829022407532 0.20735105872154236 0.9895336031913757 -1 -1 -1 -1 -1 -1 -1 -1 -1
0.5238999724388123 0.3074813485145569 0.9151078462600708 -1 -1 -1 -1 -1 -1 -1 -1 -1
0.5682075023651123 0.19243474304676056 0.9841085076332092 -1 -1 -1 -1 -1 -1 -1 -1 -1
0.5257719159126282 0.30469903349876404 0.9048932194709778 -1 -1 -1 -1 -1 -1 -1 -1 -1
0.5660478472709656 0.18862809240818024 0.9829164147377014 -1 -1 -1 -1 -1 -1 -1 -1 -1
0.5267906188964844 0.30726420879364014 0.859948992729187 -1 -1 -1 -1 -1 -1 -1 -1 -1
0.5654565691947937 0.19517794251441956 0.9784530997276306 -1 -1 -1 -1 -1 -1 -1 -1 -1
0.5796112418174744 0.4670398235321045 0.999910831451416 -1 -1 -1 -1 -1 -1 -1 -1 -1
0.5702274441719055 0.4667927622795105 0.9998549222946167 -1 -1 -1 -1 -1 -1 -1 -1 -1
0.5703760981559753 0.5644279718399048 0.989582896232605 -1 -1 -1 -1 -1 -1 -1 -1 -1
0.5235932469367981 0.5166017413139343 0.9553993344306946 -1 -1 -1 -1 -1 -1 -1 -1 -1
0.5754667520523071 0.6633912324905396 0.9920520782470703 -1 -1 -1 -1 -1 -1 -1 -1 -1
0.533094584941864 0.6088705658912659 0.8820410370826721 -1 -1 -1 -1 -1 -1 -1 -1 -1
0.5790240168571472 0.6698387861251831 0.9533827304840088 -1 -1 -1 -1 -1 -1 -1 -1 -1
0.5377434492111206 0.6150708794593811 0.8561232686042786 -1 -1 -1 -1 -1 -1 -1 -1 -1
0.5634214282035828 0.6764451265335083 0.9884087443351746 -1 -1 -1 -1 -1 -1 -1 -1 -1
0.5306100845336914 0.6538732051849365 0.9310243129730225 -1 -1 -1 -1 -1 -1 -1 -1 -1
1 
33 
-1 -1 -1 -1 -1 -1 -1 -1 -1 -1
0.5638380646705627 0.2793447971343994 0.9981800317764282 -1 -1 -1 -1 -1 -1 -1 -1 -1
0.5669988393783569 0.271564245223999 0.9984663724899292 -1 -1 -1 -1 -1 -1 -1 -1 -1
0.5676940679550171 0.2717827558517456 0.9983888864517212 -1 -1 -1 -1 -1 -1 -1 -1 -1
0.5683546662330627 0.2720675468444824 0.9985527396202087 -1 -1 -1 -1 -1 -1 -1 -1 -1
0.5665891766548157 0.27045005559921265 0.9972946047782898 -1 -1 -1 -1 -1 -1 -1 -1 -1
0.5669863820075989 0.26978403329849243 0.9962958693504333 -1 -1 -1 -1 -1 -1 -1 -1 -1
0.5673346519470215 0.26901501417160034 0.9970916509628296 -1 -1 -1 -1 -1 -1 -1 -1 -1
0.5747454166412354 0.27799397706985474 0.9978152513504028 -1 -1 -1 -1 -1 -1 -1 -1 -1
0.5729385018348694 0.2737378180027008 0.9974095225334167 -1 -1 -1 -1 -1 -1 -1 -1 -1
0.5659956336021423 0.28748619556427 0.9970468878746033 -1 -1 -1 -1 -1 -1 -1 -1 -1
0.5655168294906616 0.28688180446624756 0.9960426092147827 -1 -1 -1 -1 -1 -1 -1 -1 -1
0.5788277983665466 0.31380951404571533 0.9991152882575989 -1 -1 -1 -1 -1 -1 -1 -1 -1
0.5786497592926025 0.30637556314468384 0.9974331259727478 -1 -1 -1 -1 -1 -1 -1 -1 -1
0.5505853295326233 0.265502393245697 0.9962306618690491 -1 -1 -1 -1 -1 -1 -1 -1 -1
0.5669665932655334 0.246235191822052 0.5836761593818665 -1 -1 -1 -1 -1 -1 -1 -1 -1
0.5276931524276733 0.21998248994350433 0.9924506545066833 -1 -1 -1 -1 -1 -1 -1 -1 -1
0.56218421459198 0.18837770819664001 0.9325509071350098 -1 -1 -1 -1 -1 -1 -1 -1 -1
0.5207439661026001 0.20506225526332855 0.985005795955658 -1 -1 -1 -1 -1 -1 -1 -1 -1
0.5609540939331055 0.17305590212345123 0.9230526089668274 -1 -1 -1 -1 -1 -1 -1 -1 -1
0.5220226645469666 0.19995348155498505 0.9835380911827087 -1 -1 -1 -1 -1 -1 -1 -1 -1
0.5601606965065002 0.17119228839874268 0.9228034019470215 -1 -1 -1 -1 -1 -1 -1 -1 -1
0.5244364142417908 0.20415061712265015 0.9706420302391052 -1 -1 -1 -1 -1 -1 -1 -1 -1
0.559390127658844 0.17727920413017273 0.9217575788497925 -1 -1 -1 -1 -1 -1 -1 -1 -1
0.5795240998268127 0.45529159903526306 0.9994446635246277 -1 -1 -1 -1 -1 -1 -1 -1 -1
0.5702876448631287 0.45372384786605835 0.9992916584014893 -1 -1 -1 -1 -1 -1 -1 -1 -1
0.5734187364578247 0.5562148690223694 0.9597281217575073 -1 -1 -1 -1 -1 -1 -1 -1 -1
0.5285376310348511 0.513062596321106 0.9052088260650635 -1 -1 -1 -1 -1 -1 -1 -1 -1
0.5781744718551636 0.6466131210327148 0.9838036298751831 -1 -1 -1 -1 -1 -1 -1 -1 -1
0.5395910739898682 0.6100513339042664 0.8451194763183594 -1 -1 -1 -1 -1 -1 -1 -1 -1
0.583252489566803 0.6555761694908142 0.9241642355918884 -1 -1 -1 -1 -1 -1 -1 -1 -1
0.5458756685256958 0.613832950592041 0.8362110257148743 -1 -1 -1 -1 -1 -1 -1 -1 -1
0.5644630789756775 0.687352180480957 0.9734215140342712 -1 -1 -1 -1 -1 -1 -1 -1 -1
0.53360915184021 0.6563299298286438 0.8373183012008667 -1 -1 -1 -1 -1 -1 -1 -1 -1
1 
33 
-1 -1 -1 -1 -1 -1 -1 -1 -1 -1
0.5589331388473511 0.26665791869163513 0.9970226883888245 -1 -1 -1 -1 -1 -1 -1 -1 -1
0.5608510971069336 0.2580150067806244 0.9976412057876587 -1 -1 -1 -1 -1 -1 -1 -1 -1
0.5616345405578613 0.2582147717475891 0.9975300431251526 -1 -1 -1 -1 -1 -1 -1 -1 -1
0.5623477697372437 0.25845327973365784 0.9979027509689331 -1 -1 -1 -1 -1 -1 -1 -1 -1
0.5603554248809814 0.2565878927707672 0.9957426190376282 -1 -1 -1 -1 -1 -1 -1 -1 -1
0.5608230829238892 0.25573867559432983 0.9939961433410645 -1 -1 -1 -1 -1 -1 -1 -1 -1
0.5612215399742126 0.2547854781150818 0.9954202771186829 -1 -1 -1 -1 -1 -1 -1 -1 -1
0.5707114934921265 0.26330339908599854 0.9969431757926941 -1 -1 -1 -1 -1 -1 -1 -1 -1
0.5687233805656433 0.2575330436229706 0.9954173564910889 -1 -1 -1 -1 -1 -1 -1 -1 -1
0.5631393790245056 0.27298611402511597 0.9946512579917908 -1 -1 -1 -1 -1 -1 -1 -1 -1
0.5628088116645813 0.2725834846496582 0.9917450547218323 -1 -1 -1 -1 -1 -1 -1 -1 -1
0.5795112252235413 0.2930576205253601 0.9994133710861206 -1 -1 -1 -1 -1 -1 -1 -1 -1
0.5795789361000061 0.28307557106018066 0.9971604347229004 -1 -1 -1 -1 -1 -1 -1 -1 -1
0.5540687441825867 0.24137946963310242 0.9952103495597839 -1 -1 -1 -1 -1 -1 -1 -1 -1
0.5642999410629272 0.2231820672750473 0.38981956243515015 -1 -1 -1 -1 -1 -1 -1 -1 -1
0.5339346528053284 0.19212067127227783 0.9852526783943176 -1 -1 -1 -1 -1 -1 -1 -1 -1
0.557762861251831 0.1655835211277008 0.85871821641922 -1 -1 -1 -1 -1 -1 -1 -1 -1
0.5292149782180786 0.17763467133045197 0.9747710824012756 -1 -1 -1 -1 -1 -1 -1 -1 -1
0.5565152764320374 0.1493011713027954 0.8711709380149841 -1 -1 -1 -1 -1 -1 -1 -1 -1
0.5310649871826172 0.17045605182647705 0.9718933701515198 -1 -1 -1 -1 -1 -1 -1 -1 -1
0.5529255867004395 0.14697259664535522 0.8676292896270752 -1 -1 -1 -1 -1 -1 -1 -1 -1
0.5332261323928833 0.17646509408950806 0.9531121850013733 -1 -1 -1 -1 -1 -1 -1 -1 -1
0.5521429181098938 0.15465807914733887 0.8634961843490601 -1 -1 -1 -1 -1 -1 -1 -1 -1
0.5840227007865906 0.43145596981048584 0.9998200535774231 -1 -1 -1 -1 -1 -1 -1 -1 -1
0.5732722282409668 0.42908594012260437 0.9995813965797424 -1 -1 -1 -1 -1 -1 -1 -1 -1
0.5738138556480408 0.5356625914573669 0.9689069986343384 -1 -1 -1 -1 -1 -1 -1 -1 -1
0.5353606343269348 0.5033532381057739 0.8139477372169495 -1 -1 -1 -1 -1 -1 -1 -1 -1
0.5785505771636963 0.6335594654083252 0.9873277544975281 -1 -1 -1 -1 -1 -1 -1 -1 -1
0.5429785847663879 0.6010873317718506 0.7684611678123474 -1 -1 -1 -1 -1 -1 -1 -1 -1
0.5847905874252319 0.6395538449287415 0.9337759613990784 -1 -1 -1 -1 -1 -1 -1 -1 -1
0.5483453273773193 0.6104879379272461 0.7690484523773193 -1 -1 -1 -1 -1 -1 -1 -1 -1
0.564967155456543 0.6820032596588135 0.9796110391616821 -1 -1 -1 -1 -1 -1 -1 -1 -1
0.5398879051208496 0.6427614688873291 0.7943823933601379 -1 -1 -1 -1 -1 -1 -1 -1 -1
1 
33 
-1 -1 -1 -1 -1 -1 -1 -1 -1 -1
0.5550510287284851 0.25512996315956116 0.9973465204238892 -1 -1 -1 -1 -1 -1 -1 -1 -1
0.5573408007621765 0.2450963407754898 0.9973719120025635 -1 -1 -1 -1 -1 -1 -1 -1 -1
0.5587477684020996 0.24477046728134155 0.9973438382148743 -1 -1 -1 -1 -1 -1 -1 -1 -1
0.5597658753395081 0.2441791146993637 0.9976969361305237 -1 -1 -1 -1 -1 -1 -1 -1 -1
0.5565603375434875 0.24436335265636444 0.9948856234550476 -1 -1 -1 -1 -1 -1 -1 -1 -1
0.5575428009033203 0.2437877058982849 0.9924566745758057 -1 -1 -1 -1 -1 -1 -1 -1 -1
0.558273196220398 0.2430373877286911 0.9940896034240723 -1 -1 -1 -1 -1 -1 -1 -1 -1
0.5673316121101379 0.2449181228876114 0.9965997338294983 -1 -1 -1 -1 -1 -1 -1 -1 -1
0.5657982230186462 0.24092093110084534 0.9925548434257507 -1 -1 -1 -1 -1 -1 -1 -1 -1
0.5603604912757874 0.2593326270580292 0.9956010580062866 -1 -1 -1 -1 -1 -1 -1 -1 -1
0.5596562027931213 0.25844067335128784 0.9928107857704163 -1 -1 -1 -1 -1 -1 -1 -1 -1
0.579938530921936 0.2847623825073242 0.9991310238838196 -1 -1 -1 -1 -1 -1 -1 -1 -1
0.580611526966095 0.27336961030960083 0.9975733160972595 -1 -1 -1 -1 -1 -1 -1 -1 -1
0.5562013387680054 0.2335200160741806 0.992289125919342 -1 -1 -1 -1 -1 -1 -1 -1 -1
0.5648210644721985 0.20917406678199768 0.4894348680973053 -1 -1 -1 -1 -1 -1 -1 -1 -1
0.5423734784126282 0.17264413833618164 0.9829423427581787 -1 -1 -1 -1 -1 -1 -1 -1 -1
0.5551403164863586 0.14989981055259705 0.8807675242424011 -1 -1 -1 -1 -1 -1 -1 -1 -1
0.5402450561523438 0.1601831614971161 0.9717033505439758 -1 -1 -1 -1 -1 -1 -1 -1 -1
0.5534389615058899 0.13448300957679749 0.8785454630851746 -1 -1 -1 -1 -1 -1 -1 -1 -1
0.5438799262046814 0.15515244007110596 0.9684346318244934 -1 -1 -1 -1 -1 -1 -1 -1 -1
0.5518646240234375 0.13055390119552612 0.8755127191543579 -1 -1 -1 -1 -1 -1 -1 -1 -1
0.5439355969429016 0.16037091612815857 0.9476640224456787 -1 -1 -1 -1 -1 -1 -1 -1 -1
0.5519168376922607 0.1378834843635559 0.8709481954574585 -1 -1 -1 -1 -1 -1 -1 -1 -1
0.5836122035980225 0.4256494343280792 0.9995812773704529 -1 -1 -1 -1 -1 -1 -1 -1 -1
0.571398913860321 0.4271659851074219 0.9992431402206421 -1 -1 -1 -1 -1 -1 -1 -1 -1
0.5759833455085754 0.5182669758796692 0.9749892950057983 -1 -1 -1 -1 -1 -1 -1 -1 -1
0.5427519679069519 0.5086246728897095 0.9136683344841003 -1 -1 -1 -1 -1 -1 -1 -1 -1
0.5725005865097046 0.625027060508728 0.9862655997276306 -1 -1 -1 -1 -1 -1 -1 -1 -1
0.5488369464874268 0.6081624627113342 0.8978414535522461 -1 -1 -1 -1 -1 -1 -1 -1 -1
0.5748355388641357 0.6365981101989746 0.9189622402191162 -1 -1 -1 -1 -1 -1 -1 -1 -1
0.553861141204834 0.6234276294708252 0.8360489010810852 -1 -1 -1 -1 -1 -1 -1 -1 -1
0.5588015913963318 0.6657654047012329 0.9810601472854614 -1 -1 -1 -1 -1 -1 -1 -1 -1
0.5437971949577332 0.6510912775993347 0.893823504447937 -1 -1 -1 -1 -1 -1 -1 -1 -1
1 
33 
-1 -1 -1 -1 -1 -1 -1 -1 -1 -1
0.5586878061294556 0.24479109048843384 0.9995124340057373 -1 -1 -1 -1 -1 -1 -1 -1 -1
0.5626345872879028 0.2379399836063385 0.9995667338371277 -1 -1 -1 -1 -1 -1 -1 -1 -1
0.5640196204185486 0.23837406933307648 0.9995230436325073 -1 -1 -1 -1 -1 -1 -1 -1 -1
0.5654396414756775 0.23871871829032898 0.9995991587638855 -1 -1 -1 -1 -1 -1 -1 -1 -1
0.5611919164657593 0.23744778335094452 0.9992241859436035 -1 -1 -1 -1 -1 -1 -1 -1 -1
0.5615700483322144 0.23767085373401642 0.9987233281135559 -1 -1 -1 -1 -1 -1 -1 -1 -1
0.5620164275169373 0.23775812983512878 0.9989990592002869 -1 -1 -1 -1 -1 -1 -1 -1 -1
0.5734753012657166 0.24523058533668518 0.9994496703147888 -1 -1 -1 -1 -1 -1 -1 -1 -1
0.5690997838973999 0.2436341643333435 0.9985911250114441 -1 -1 -1 -1 -1 -1 -1 -1 -1
0.5635666847229004 0.2542381286621094 0.9990242719650269 -1 -1 -1 -1 -1 -1 -1 -1 -1
0.5618383288383484 0.254030704498291 0.9983086585998535 -1 -1 -1 -1 -1 -1 -1 -1 -1
0.584600031375885 0.28074419498443604 0.9991334080696106 -1 -1 -1 -1 -1 -1 -1 -1 -1
0.5715973377227783 0.2750245928764343 0.9987528324127197 -1 -1 -1 -1 -1 -1 -1 -1 -1
0.5579702854156494 0.23655791580677032 0.9909543395042419 -1 -1 -1 -1 -1 -1 -1 -1 -1
0.5595868229866028 0.20549684762954712 0.606400191783905 -1 -1 -1 -1 -1 -1 -1 -1 -1
0.5470889210700989 0.16825583577156067 0.9759231805801392 -1 -1 -1 -1 -1 -1 -1 -1 -1
0.5495561361312866 0.1459125280380249 0.8984659314155579 -1 -1 -1 -1 -1 -1 -1 -1 -1
0.5477604866027832 0.15217047929763794 0.9614232182502747 -1 -1 -1 -1 -1 -1 -1 -1 -1
0.5457426309585571 0.1325129270553589 0.8939545154571533 -1 -1 -1 -1 -1 -1 -1 -1 -1
0.5499390959739685 0.1459135115146637 0.9578866362571716 -1 -1 -1 -1 -1 -1 -1 -1 -1
0.5469544529914856 0.13086161017417908 0.89127516746521 -1 -1 -1 -1 -1 -1 -1 -1 -1
0.5512204766273499 0.15265890955924988 0.9364177584648132 -1 -1 -1 -1 -1 -1 -1 -1 -1
0.5484939813613892 0.13489526510238647 0.882643461227417 -1 -1 -1 -1 -1 -1 -1 -1 -1
0.5819644331932068 0.424196720123291 0.9997832179069519 -1 -1 -1 -1 -1 -1 -1 -1 -1
0.5642643570899963 0.42622166872024536 0.999697208404541 -1 -1 -1 -1 -1 -1 -1 -1 -1
0.5742738246917725 0.5118628144264221 0.9787077903747559 -1 -1 -1 -1 -1 -1 -1 -1 -1
0.5477407574653625 0.5129162669181824 0.9028327465057373 -1 -1 -1 -1 -1 -1 -1 -1 -1
0.5734533667564392 0.6053427457809448 0.9729193449020386 -1 -1 -1 -1 -1 -1 -1 -1 -1
0.5551586151123047 0.6088046431541443 0.9095302224159241 -1 -1 -1 -1 -1 -1 -1 -1 -1
0.5789328813552856 0.6135793328285217 0.9123881459236145 -1 -1 -1 -1 -1 -1 -1 -1 -1
0.5610186457633972 0.625598132610321 0.8501384854316711 -1 -1 -1 -1 -1 -1 -1 -1 -1
0.5614389777183533 0.6482787132263184 0.968569278717041 -1 -1 -1 -1 -1 -1 -1 -1 -1
0.5502899885177612 0.6487537622451782 0.8881798386573792 -1 -1 -1 -1 -1 -1 -1 -1 -1
1 
33 
-1 -1 -1 -1 -1 -1 -1 -1 -1 -1
0.5569115877151489 0.2388465702533722 0.9989312291145325 -1 -1 -1 -1 -1 -1 -1 -1 -1
0.5601864457130432 0.22979718446731567 0.999458372592926 -1 -1 -1 -1 -1 -1 -1 -1 -1
0.5613664984703064 0.22976186871528625 0.9994093179702759 -1 -1 -1 -1 -1 -1 -1 -1 -1
0.5627099275588989 0.22963225841522217 0.9995539784431458 -1 -1 -1 -1 -1 -1 -1 -1 -1
0.5590890049934387 0.22962085902690887 0.999099612236023 -1 -1 -1 -1 -1 -1 -1 -1 -1
0.5594447255134583 0.22961024940013885 0.9983696341514587 -1 -1 -1 -1 -1 -1 -1 -1 -1
0.5599132776260376 0.22945798933506012 0.9987857937812805 -1 -1 -1 -1 -1 -1 -1 -1 -1
0.5708271861076355 0.2345716506242752 0.9994081258773804 -1 -1 -1 -1 -1 -1 -1 -1 -1
0.5676178932189941 0.23404882848262787 0.9977509379386902 -1 -1 -1 -1 -1 -1 -1 -1 -1
0.5606542825698853 0.2474278211593628 0.9967905879020691 -1 -1 -1 -1 -1 -1 -1 -1 -1
0.5593432784080505 0.2475217580795288 0.9945694804191589 -1 -1 -1 -1 -1 -1 -1 -1 -1
0.5787357091903687 0.26542890071868896 0.9987425208091736 -1 -1 -1 -1 -1 -1 -1 -1 -1
0.5704609155654907 0.272676944732666 0.9933549165725708 -1 -1 -1 -1 -1 -1 -1 -1 -1
0.5597906112670898 0.2058369368314743 0.9886457920074463 -1 -1 -1 -1 -1 -1 -1 -1 -1
0.5622193813323975 0.22532932460308075 0.14371997117996216 -1 -1 -1 -1 -1 -1 -1 -1 -1
0.5497651696205139 0.13344374299049377 0.9666572213172913 -1 -1 -1 -1 -1 -1 -1 -1 -1
0.5462080240249634 0.18533048033714294 0.36875370144844055 -1 -1 -1 -1 -1 -1 -1 -1 -1
0.5458261966705322 0.11508139967918396 0.9516607522964478 -1 -1 -1 -1 -1 -1 -1 -1 -1
0.544599711894989 0.17375922203063965 0.3947761654853821 -1 -1 -1 -1 -1 -1 -1 -1 -1
0.5482847094535828 0.11351093649864197 0.948639452457428 -1 -1 -1 -1 -1 -1 -1 -1 -1
0.5470878481864929 0.1693933606147766 0.4043373763561249 -1 -1 -1 -1 -1 -1 -1 -1 -1
0.5493753552436829 0.11990219354629517 0.9253011345863342 -1 -1 -1 -1 -1 -1 -1 -1 -1
0.5478550791740417 0.1728059947490692 0.41145703196525574 -1 -1 -1 -1 -1 -1 -1 -1 -1
0.5820478796958923 0.41100120544433594 0.9997803568840027 -1 -1 -1 -1 -1 -1 -1 -1 -1
0.5684781670570374 0.41971296072006226 0.9994263648986816 -1 -1 -1 -1 -1 -1 -1 -1 -1
0.5715194940567017 0.5047594308853149 0.9839836359024048 -1 -1 -1 -1 -1 -1 -1 -1 -1
0.5550661683082581 0.513135552406311 0.7447543740272522 -1 -1 -1 -1 -1 -1 -1 -1 -1
0.5735469460487366 0.6096266508102417 0.9810206890106201 -1 -1 -1 -1 -1 -1 -1 -1 -1
0.5603241920471191 0.6161494255065918 0.7811324000358582 -1 -1 -1 -1 -1 -1 -1 -1 -1
0.5806854367256165 0.6212573051452637 0.9481748342514038 -1 -1 -1 -1 -1 -1 -1 -1 -1
0.5703634023666382 0.6384782791137695 0.7470778822898865 -1 -1 -1 -1 -1 -1 -1 -1 -1
0.5603717565536499 0.6463022828102112 0.9832502007484436 -1 -1 -1 -1 -1 -1 -1 -1 -1
0.5535644888877869 0.6492699384689331 0.8068360090255737 -1 -1 -1 -1 -1 -1 -1 -1 -1
1 
33 
-1 -1 -1 -1 -1 -1 -1 -1 -1 -1
0.5513864755630493 0.2580578029155731 0.9898675680160522 -1 -1 -1 -1 -1 -1 -1 -1 -1
0.5550215244293213 0.24717603623867035 0.9941347241401672 -1 -1 -1 -1 -1 -1 -1 -1 -1
0.5561302304267883 0.24636618793010712 0.9948117733001709 -1 -1 -1 -1 -1 -1 -1 -1 -1
0.5572681427001953 0.2455805093050003 0.9949836730957031 -1 -1 -1 -1 -1 -1 -1 -1 -1
0.5544711351394653 0.24696946144104004 0.9904170036315918 -1 -1 -1 -1 -1 -1 -1 -1 -1
0.5551683306694031 0.24608466029167175 0.9874540567398071 -1 -1 -1 -1 -1 -1 -1 -1 -1
0.5558886528015137 0.24516381323337555 0.9876047372817993 -1 -1 -1 -1 -1 -1 -1 -1 -1
0.565923273563385 0.2436220347881317 0.9940716624259949 -1 -1 -1 -1 -1 -1 -1 -1 -1
0.5632413029670715 0.24405109882354736 0.9812113046646118 -1 -1 -1 -1 -1 -1 -1 -1 -1
0.5556937456130981 0.26328563690185547 0.9765461683273315 -1 -1 -1 -1 -1 -1 -1 -1 -1
0.554853081703186 0.2631286382675171 0.9670277833938599 -1 -1 -1 -1 -1 -1 -1 -1 -1
0.5774505734443665 0.27005133032798767 0.998789370059967 -1 -1 -1 -1 -1 -1 -1 -1 -1
0.5691017508506775 0.2774832248687744 0.9826698303222656 -1 -1 -1 -1 -1 -1 -1 -1 -1
0.5602620840072632 0.2022704780101776 0.9942400455474854 -1 -1 -1 -1 -1 -1 -1 -1 -1
0.558048665523529 0.21559464931488037 0.09674647450447083 -1 -1 -1 -1 -1 -1 -1 -1 -1
0.5536324977874756 0.1315520703792572 0.970085859298706 -1 -1 -1 -1 -1 -1 -1 -1 -1
0.5520486235618591 0.15878120064735413 0.2970408499240875 -1 -1 -1 -1 -1 -1 -1 -1 -1
0.5532532334327698 0.11621618270874023 0.95511794090271 -1 -1 -1 -1 -1 -1 -1 -1 -1
0.5533255934715271 0.145675390958786 0.4018631875514984 -1 -1 -1 -1 -1 -1 -1 -1 -1
0.5548997521400452 0.1125120222568512 0.9496214985847473 -1 -1 -1 -1 -1 -1 -1 -1 -1
0.5533317923545837 0.1400664746761322 0.40465599298477173 -1 -1 -1 -1 -1 -1 -1 -1 -1
0.5553462505340576 0.11958205699920654 0.9283562898635864 -1 -1 -1 -1 -1 -1 -1 -1 -1
0.5525043606758118 0.14405477046966553 0.42470651865005493 -1 -1 -1 -1 -1 -1 -1 -1 -1
0.5812348127365112 0.41187864542007446 0.9993577599525452 -1 -1 -1 -1 -1 -1 -1 -1 -1
0.5776718854904175 0.41404885053634644 0.9978359341621399 -1 -1 -1 -1 -1 -1 -1 -1 -1
0.5612563490867615 0.5073329210281372 0.9871684312820435 -1 -1 -1 -1 -1 -1 -1 -1 -1
0.5708063244819641 0.512022078037262 0.5244309306144714 -1 -1 -1 -1 -1 -1 -1 -1 -1
0.5657040476799011 0.6214176416397095 0.9796256422996521 -1 -1 -1 -1 -1 -1 -1 -1 -1
0.5711798071861267 0.6135405898094177 0.5750420689582825 -1 -1 -1 -1 -1 -1 -1 -1 -1
0.5726814866065979 0.6314256191253662 0.9691799283027649 -1 -1 -1 -1 -1 -1 -1 -1 -1
0.5773966908454895 0.6265439987182617 0.6431176066398621 -1 -1 -1 -1 -1 -1 -1 -1 -1
0.5486737489700317 0.6660153865814209 0.9757323265075684 -1 -1 -1 -1 -1 -1 -1 -1 -1
0.5549959540367126 0.652660608291626 0.6722679734230042 -1 -1 -1 -1 -1 -1 -1 -1 -1
1 
33 
-1 -1 -1 -1 -1 -1 -1 -1 -1 -1
0.549740731716156 0.25832733511924744 0.9971994161605835 -1 -1 -1 -1 -1 -1 -1 -1 -1
0.5532490611076355 0.24697737395763397 0.9984732270240784 -1 -1 -1 -1 -1 -1 -1 -1 -1
0.5541948676109314 0.2461785078048706 0.9984556436538696 -1 -1 -1 -1 -1 -1 -1 -1 -1
0.5551585555076599 0.2453295737504959 0.9986709356307983 -1 -1 -1 -1 -1 -1 -1 -1 -1
0.5527945756912231 0.24652959406375885 0.9975735545158386 -1 -1 -1 -1 -1 -1 -1 -1 -1
0.553419291973114 0.24552474915981293 0.9965431094169617 -1 -1 -1 -1 -1 -1 -1 -1 -1
0.554105281829834 0.24445338547229767 0.9970349073410034 -1 -1 -1 -1 -1 -1 -1 -1 -1
0.5625446438789368 0.24322089552879333 0.9982755184173584 -1 -1 -1 -1 -1 -1 -1 -1 -1
0.560682475566864 0.24426396191120148 0.9951672554016113 -1 -1 -1 -1 -1 -1 -1 -1 -1
0.5534849166870117 0.26333290338516235 0.9922598004341125 -1 -1 -1 -1 -1 -1 -1 -1 -1
0.5523990392684937 0.26315391063690186 0.9901329278945923 -1 -1 -1 -1 -1 -1 -1 -1 -1
0.5749956369400024 0.2712417244911194 0.99875807762146 -1 -1 -1 -1 -1 -1 -1 -1 -1
0.5691432952880859 0.2804116904735565 0.9887143969535828 -1 -1 -1 -1 -1 -1 -1 -1 -1
0.5614525079727173 0.2126680165529251 0.9943080544471741 -1 -1 -1 -1 -1 -1 -1 -1 -1
0.5607075691223145 0.22032561898231506 0.15878276526927948 -1 -1 -1 -1 -1 -1 -1 -1 -1
0.5613100528717041 0.1396559476852417 0.9785597920417786 -1 -1 -1 -1 -1 -1 -1 -1 -1
0.5619820952415466 0.16339287161827087 0.32689961791038513 -1 -1 -1 -1 -1 -1 -1 -1 -1
0.5608893036842346 0.12018147110939026 0.9664887189865112 -1 -1 -1 -1 -1 -1 -1 -1 -1
0.5647920370101929 0.1506100296974182 0.4064658582210541 -1 -1 -1 -1 -1 -1 -1 -1 -1
0.5628905296325684 0.11905470490455627 0.9621490240097046 -1 -1 -1 -1 -1 -1 -1 -1 -1
0.5633459091186523 0.15210792422294617 0.40670153498649597 -1 -1 -1 -1 -1 -1 -1 -1 -1
0.5631612539291382 0.125194251537323 0.9460110068321228 -1 -1 -1 -1 -1 -1 -1 -1 -1
0.562634289264679 0.14679652452468872 0.4241809844970703 -1 -1 -1 -1 -1 -1 -1 -1 -1
0.5801077485084534 0.4179129898548126 0.998791515827179 -1 -1 -1 -1 -1 -1 -1 -1 -1
0.5762735605239868 0.41967445611953735 0.9971344470977783 -1 -1 -1 -1 -1 -1 -1 -1 -1
0.5646052956581116 0.5167078375816345 0.9841737747192383 -1 -1 -1 -1 -1 -1 -1 -1 -1
0.569663941860199 0.5170544981956482 0.6132213473320007 -1 -1 -1 -1 -1 -1 -1 -1 -1
0.5752400755882263 0.6370847225189209 0.9675602316856384 -1 -1 -1 -1 -1 -1 -1 -1 -1
0.5757819414138794 0.6274999976158142 0.5574737787246704 -1 -1 -1 -1 -1 -1 -1 -1 -1
0.5834665298461914 0.6553213596343994 0.9671967029571533 -1 -1 -1 -1 -1 -1 -1 -1 -1
0.581983745098114 0.6459852457046509 0.6321815252304077 -1 -1 -1 -1 -1 -1 -1 -1 -1
0.5512187480926514 0.66890949010849 0.9652789235115051 -1 -1 -1 -1 -1 -1 -1 -1 -1
0.5549084544181824 0.6586160659790039 0.6495729088783264 -1 -1 -1 -1 -1 -1 -1 -1 -1
1 
33 
-1 -1 -1 -1 -1 -1 -1 -1 -1 -1
0.5522363781929016 0.2574496567249298 0.9943114519119263 -1 -1 -1 -1 -1 -1 -1 -1 -1
0.5556795597076416 0.2511662244796753 0.9962708950042725 -1 -1 -1 -1 -1 -1 -1 -1 -1
0.556520938873291 0.2511835992336273 0.9963054656982422 -1 -1 -1 -1 -1 -1 -1 -1 -1
0.55729740858078 0.2509613633155823 0.9963526725769043 -1 -1 -1 -1 -1 -1 -1 -1 -1
0.5554842352867126 0.24916356801986694 0.994687557220459 -1 -1 -1 -1 -1 -1 -1 -1 -1
0.5562403202056885 0.24802333116531372 0.9933939576148987 -1 -1 -1 -1 -1 -1 -1 -1 -1
0.5569769740104675 0.24663145840168 0.9938627481460571 -1 -1 -1 -1 -1 -1 -1 -1 -1
0.563572883605957 0.25295016169548035 0.9943337440490723 -1 -1 -1 -1 -1 -1 -1 -1 -1
0.5631230473518372 0.24608825147151947 0.9890514016151428 -1 -1 -1 -1 -1 -1 -1 -1 -1
0.556971549987793 0.26494109630584717 0.9799667000770569 -1 -1 -1 -1 -1 -1 -1 -1 -1
0.5558703541755676 0.2639032006263733 0.9800534844398499 -1 -1 -1 -1 -1 -1 -1 -1 -1
0.5702978372573853 0.2865830659866333 0.9968884587287903 -1 -1 -1 -1 -1 -1 -1 -1 -1
0.5770698189735413 0.2778474688529968 0.9895370006561279 -1 -1 -1 -1 -1 -1 -1 -1 -1
0.5591382384300232 0.2396966516971588 0.9903227686882019 -1 -1 -1 -1 -1 -1 -1 -1 -1
0.5723415017127991 0.22872774302959442 0.14400029182434082 -1 -1 -1 -1 -1 -1 -1 -1 -1
0.5612891912460327 0.1722072809934616 0.9598757028579712 -1 -1 -1 -1 -1 -1 -1 -1 -1
0.5703376531600952 0.17286424338817596 0.3659394383430481 -1 -1 -1 -1 -1 -1 -1 -1 -1
0.5633143782615662 0.15215745568275452 0.9397964477539062 -1 -1 -1 -1 -1 -1 -1 -1 -1
0.5735076665878296 0.15795749425888062 0.46587857604026794 -1 -1 -1 -1 -1 -1 -1 -1 -1
0.5680860877037048 0.1496286690235138 0.9334993362426758 -1 -1 -1 -1 -1 -1 -1 -1 -1
0.5732155442237854 0.14866867661476135 0.4659246504306793 -1 -1 -1 -1 -1 -1 -1 -1 -1
0.5672075748443604 0.15660643577575684 0.9155257344245911 -1 -1 -1 -1 -1 -1 -1 -1 -1
0.5719888806343079 0.15843337774276733 0.46616512537002563 -1 -1 -1 -1 -1 -1 -1 -1 -1
0.5783220529556274 0.43175533413887024 0.9983636736869812 -1 -1 -1 -1 -1 -1 -1 -1 -1
0.5830654501914978 0.41834941506385803 0.9976646900177002 -1 -1 -1 -1 -1 -1 -1 -1 -1
0.5665118098258972 0.5309099555015564 0.9727092981338501 -1 -1 -1 -1 -1 -1 -1 -1 -1
0.5684970617294312 0.5205684304237366 0.47648105025291443 -1 -1 -1 -1 -1 -1 -1 -1 -1
0.5813612341880798 0.6363210082054138 0.9562529921531677 -1 -1 -1 -1 -1 -1 -1 -1 -1
0.5814489126205444 0.6367204785346985 0.5776268839836121 -1 -1 -1 -1 -1 -1 -1 -1 -1
0.5924333333969116 0.6522375345230103 0.9740030169487 -1 -1 -1 -1 -1 -1 -1 -1 -1
0.5870286226272583 0.6519543528556824 0.7106592655181885 -1 -1 -1 -1 -1 -1 -1 -1 -1
0.5615969300270081 0.6692804098129272 0.9630562663078308 -1 -1 -1 -1 -1 -1 -1 -1 -1
0.55994713306427 0.6613578796386719 0.6823055744171143 -1 -1 -1 -1 -1 -1 -1 -1 -1
1 
33 
-1 -1 -1 -1 -1 -1 -1 -1 -1 -1
0.539074182510376 0.29368856549263 0.9970177412033081 -1 -1 -1 -1 -1 -1 -1 -1 -1
0.542691707611084 0.28388726711273193 0.9986489415168762 -1 -1 -1 -1 -1 -1 -1 -1 -1
0.54381263256073 0.28330448269844055 0.9984437823295593 -1 -1 -1 -1 -1 -1 -1 -1 -1
0.5449806451797485 0.2825958728790283 0.9987441301345825 -1 -1 -1 -1 -1 -1 -1 -1 -1
0.5424519181251526 0.28282469511032104 0.9969022870063782 -1 -1 -1 -1 -1 -1 -1 -1 -1
0.5433820486068726 0.28164899349212646 0.9952097535133362 -1 -1 -1 -1 -1 -1 -1 -1 -1
0.5443874597549438 0.2803434729576111 0.9967340230941772 -1 -1 -1 -1 -1 -1 -1 -1 -1
0.555126428604126 0.28044643998146057 0.9973937273025513 -1 -1 -1 -1 -1 -1 -1 -1 -1
0.5536223649978638 0.2787034511566162 0.9933220744132996 -1 -1 -1 -1 -1 -1 -1 -1 -1
0.544023334980011 0.30016112327575684 0.9932571649551392 -1 -1 -1 -1 -1 -1 -1 -1 -1
0.5438058972358704 0.2996136546134949 0.9914273023605347 -1 -1 -1 -1 -1 -1 -1 -1 -1
0.5714073777198792 0.3117928206920624 0.9991812109947205 -1 -1 -1 -1 -1 -1 -1 -1 -1
0.5687384009361267 0.3092088997364044 0.995684027671814 -1 -1 -1 -1 -1 -1 -1 -1 -1
0.5621653199195862 0.2754087746143341 0.981336772441864 -1 -1 -1 -1 -1 -1 -1 -1 -1
0.5693004131317139 0.2667650878429413 0.05151338130235672 -1 -1 -1 -1 -1 -1 -1 -1 -1
0.5669916272163391 0.21302317082881927 0.9387986660003662 -1 -1 -1 -1 -1 -1 -1 -1 -1
0.5715858340263367 0.21276459097862244 0.16944745182991028 -1 -1 -1 -1 -1 -1 -1 -1 -1
0.5691158771514893 0.19525212049484253 0.9291890263557434 -1 -1 -1 -1 -1 -1 -1 -1 -1
0.5749034881591797 0.20048950612545013 0.2653489112854004 -1 -1 -1 -1 -1 -1 -1 -1 -1
0.5724890828132629 0.1935531198978424 0.9243590235710144 -1 -1 -1 -1 -1 -1 -1 -1 -1
0.5762175917625427 0.19540783762931824 0.2650732696056366 -1 -1 -1 -1 -1 -1 -1 -1 -1
0.5712862610816956 0.19947072863578796 0.8915215730667114 -1 -1 -1 -1 -1 -1 -1 -1 -1
0.5745094418525696 0.19917073845863342 0.27704179286956787 -1 -1 -1 -1 -1 -1 -1 -1 -1
0.5695935487747192 0.4390699565410614 0.9995089769363403 -1 -1 -1 -1 -1 -1 -1 -1 -1
0.5687927007675171 0.4394586384296417 0.9987671375274658 -1 -1 -1 -1 -1 -1 -1 -1 -1
0.5657806992530823 0.5388743877410889 0.9540156126022339 -1 -1 -1 -1 -1 -1 -1 -1 -1
0.5682282447814941 0.5379958748817444 0.3747410774230957 -1 -1 -1 -1 -1 -1 -1 -1 -1
0.5858539938926697 0.6418749690055847 0.9659832119941711 -1 -1 -1 -1 -1 -1 -1 -1 -1
0.5834832191467285 0.6334215402603149 0.4818185269832611 -1 -1 -1 -1 -1 -1 -1 -1 -1
0.5960841774940491 0.6612335443496704 0.968835175037384 -1 -1 -1 -1 -1 -1 -1 -1 -1
0.5922784209251404 0.6535102128982544 0.6476360559463501 -1 -1 -1 -1 -1 -1 -1 -1 -1
0.5661665201187134 0.6780394315719604 0.9713592529296875 -1 -1 -1 -1 -1 -1 -1 -1 -1
0.5661471486091614 0.6665319204330444 0.6355254650115967 -1 -1 -1 -1 -1 -1 -1 -1 -1
1 
33 
-1 -1 -1 -1 -1 -1 -1 -1 -1 -1
0.5380629301071167 0.29481083154678345 0.9860100746154785 -1 -1 -1 -1 -1 -1 -1 -1 -1
0.5416193604469299 0.28769421577453613 0.9937840700149536 -1 -1 -1 -1 -1 -1 -1 -1 -1
0.5427441596984863 0.28759196400642395 0.9941403269767761 -1 -1 -1 -1 -1 -1 -1 -1 -1
0.5438578724861145 0.2871983051300049 0.9940358400344849 -1 -1 -1 -1 -1 -1 -1 -1 -1
0.5414255261421204 0.2868867516517639 0.987747311592102 -1 -1 -1 -1 -1 -1 -1 -1 -1
0.5423873066902161 0.28633835911750793 0.9837855100631714 -1 -1 -1 -1 -1 -1 -1 -1 -1
0.5433564186096191 0.2855261564254761 0.9869383573532104 -1 -1 -1 -1 -1 -1 -1 -1 -1
0.5540575981140137 0.28657928109169006 0.9911365509033203 -1 -1 -1 -1 -1 -1 -1 -1 -1
0.5519418716430664 0.27889692783355713 0.9874683618545532 -1 -1 -1 -1 -1 -1 -1 -1 -1
0.5421236157417297 0.3031805753707886 0.9806901812553406 -1 -1 -1 -1 -1 -1 -1 -1 -1
0.5417605638504028 0.3024241626262665 0.9749436378479004 -1 -1 -1 -1 -1 -1 -1 -1 -1
0.5635022521018982 0.3133348822593689 0.9992932081222534 -1 -1 -1 -1 -1 -1 -1 -1 -1
0.5635281801223755 0.30750560760498047 0.9919189810752869 -1 -1 -1 -1 -1 -1 -1 -1 -1
0.5657199025154114 0.3089011311531067 0.9441244602203369 -1 -1 -1 -1 -1 -1 -1 -1 -1
0.5649920701980591 0.2722518742084503 0.04198617860674858 -1 -1 -1 -1 -1 -1 -1 -1 -1
0.5630379319190979 0.29782232642173767 0.747603714466095 -1 -1 -1 -1 -1 -1 -1 -1 -1
0.5710402727127075 0.25462594628334045 0.06070698797702789 -1 -1 -1 -1 -1 -1 -1 -1 -1
0.5626828074455261 0.2938309907913208 0.7369014024734497 -1 -1 -1 -1 -1 -1 -1 -1 -1
0.5742392539978027 0.24929791688919067 0.09886586666107178 -1 -1 -1 -1 -1 -1 -1 -1 -1
0.562873363494873 0.2933957576751709 0.7308042049407959 -1 -1 -1 -1 -1 -1 -1 -1 -1
0.5756667852401733 0.2511032223701477 0.10261674970388412 -1 -1 -1 -1 -1 -1 -1 -1 -1
0.5625039935112 0.2962689995765686 0.6462110280990601 -1 -1 -1 -1 -1 -1 -1 -1 -1
0.5739274621009827 0.25352609157562256 0.1058962419629097 -1 -1 -1 -1 -1 -1 -1 -1 -1
0.5695935487747192 0.45852214097976685 0.9991205334663391 -1 -1 -1 -1 -1 -1 -1 -1 -1
0.5701690912246704 0.4570475220680237 0.997379720211029 -1 -1 -1 -1 -1 -1 -1 -1 -1
0.5623781681060791 0.5625988245010376 0.8804376125335693 -1 -1 -1 -1 -1 -1 -1 -1 -1
0.5692404508590698 0.5511713624000549 0.20727874338626862 -1 -1 -1 -1 -1 -1 -1 -1 -1
0.5908818244934082 0.6517884731292725 0.9426387548446655 -1 -1 -1 -1 -1 -1 -1 -1 -1
0.5888903141021729 0.6337666511535645 0.2955060303211212 -1 -1 -1 -1 -1 -1 -1 -1 -1
0.603223979473114 0.6677656173706055 0.9702132344245911 -1 -1 -1 -1 -1 -1 -1 -1 -1
0.5992364287376404 0.6498388051986694 0.5441954731941223 -1 -1 -1 -1 -1 -1 -1 -1 -1
0.5696663856506348 0.6900263428688049 0.9534931778907776 -1 -1 -1 -1 -1 -1 -1 -1 -1
0.5720711350440979 0.6715759634971619 0.469180166721344 -1 -1 -1 -1 -1 -1 -1 -1 -1
1 
33 
-1 -1 -1 -1 -1 -1 -1 -1 -1 -1
0.528538703918457 0.31251803040504456 0.984686017036438 -1 -1 -1 -1 -1 -1 -1 -1 -1
0.5332939624786377 0.3039197325706482 0.9901960492134094 -1 -1 -1 -1 -1 -1 -1 -1 -1
0.5344836711883545 0.30353307723999023 0.9909465312957764 -1 -1 -1 -1 -1 -1 -1 -1 -1
0.5357248783111572 0.3029018044471741 0.9929254055023193 -1 -1 -1 -1 -1 -1 -1 -1 -1
0.5328623652458191 0.3031168580055237 0.982564389705658 -1 -1 -1 -1 -1 -1 -1 -1 -1
0.5337209701538086 0.3022361397743225 0.9757402539253235 -1 -1 -1 -1 -1 -1 -1 -1 -1
0.5346912741661072 0.3009597957134247 0.9793070554733276 -1 -1 -1 -1 -1 -1 -1 -1 -1
0.5464870929718018 0.3035464882850647 0.9865591526031494 -1 -1 -1 -1 -1 -1 -1 -1 -1
0.5446769595146179 0.30067771673202515 0.9688586592674255 -1 -1 -1 -1 -1 -1 -1 -1 -1
0.5327886939048767 0.31701698899269104 0.9733503460884094 -1 -1 -1 -1 -1 -1 -1 -1 -1
0.5321707129478455 0.31680434942245483 0.9474928379058838 -1 -1 -1 -1 -1 -1 -1 -1 -1
0.5630284547805786 0.3130091428756714 0.999599277973175 -1 -1 -1 -1 -1 -1 -1 -1 -1
0.549826443195343 0.31977295875549316 0.9870346188545227 -1 -1 -1 -1 -1 -1 -1 -1 -1
0.5771679282188416 0.3272141218185425 0.9659554362297058 -1 -1 -1 -1 -1 -1 -1 -1 -1
0.5569767355918884 0.3073235750198364 0.025740724056959152 -1 -1 -1 -1 -1 -1 -1 -1 -1
0.5642051100730896 0.32606250047683716 0.9021415114402771 -1 -1 -1 -1 -1 -1 -1 -1 -1
0.5619423389434814 0.2921815514564514 0.04960647597908974 -1 -1 -1 -1 -1 -1 -1 -1 -1
0.5630274415016174 0.32749074697494507 0.8822909593582153 -1 -1 -1 -1 -1 -1 -1 -1 -1
0.5643051266670227 0.28838324546813965 0.07796697318553925 -1 -1 -1 -1 -1 -1 -1 -1 -1
0.5595888495445251 0.32515063881874084 0.8732121586799622 -1 -1 -1 -1 -1 -1 -1 -1 -1
0.5650305151939392 0.28871577978134155 0.08013004809617996 -1 -1 -1 -1 -1 -1 -1 -1 -1
0.5593645572662354 0.3259585499763489 0.8106449842453003 -1 -1 -1 -1 -1 -1 -1 -1 -1
0.563399612903595 0.290727436542511 0.09037342667579651 -1 -1 -1 -1 -1 -1 -1 -1 -1
0.5738103985786438 0.45618101954460144 0.9997485280036926 -1 -1 -1 -1 -1 -1 -1 -1 -1
0.5695871710777283 0.4574447274208069 0.9987824559211731 -1 -1 -1 -1 -1 -1 -1 -1 -1
0.5628907680511475 0.5710972547531128 0.9336844682693481 -1 -1 -1 -1 -1 -1 -1 -1 -1
0.5580621361732483 0.5697117447853088 0.28769195079803467 -1 -1 -1 -1 -1 -1 -1 -1 -1
0.5967676639556885 0.6593115925788879 0.9389733076095581 -1 -1 -1 -1 -1 -1 -1 -1 -1
0.5894238948822021 0.6534328460693359 0.28664442896842957 -1 -1 -1 -1 -1 -1 -1 -1 -1
0.6095649600028992 0.6714034676551819 0.9493551254272461 -1 -1 -1 -1 -1 -1 -1 -1 -1
0.6036738753318787 0.6655756235122681 0.4217037260532379 -1 -1 -1 -1 -1 -1 -1 -1 -1
0.5756397247314453 0.7009652853012085 0.9446550011634827 -1 -1 -1 -1 -1 -1 -1 -1 -1
0.5718486309051514 0.697468101978302 0.40695446729660034 -1 -1 -1 -1 -1 -1 -1 -1 -1
1 
33 
-1 -1 -1 -1 -1 -1 -1 -1 -1 -1
0.538536012172699 0.31759700179100037 0.9728198647499084 -1 -1 -1 -1 -1 -1 -1 -1 -1
0.5451806783676147 0.3113096356391907 0.986902117729187 -1 -1 -1 -1 -1 -1 -1 -1 -1
0.5466715097427368 0.31159669160842896 0.9895281195640564 -1 -1 -1 -1 -1 -1 -1 -1 -1
0.5478008985519409 0.3118751645088196 0.9886821508407593 -1 -1 -1 -1 -1 -1 -1 -1 -1
0.5452715754508972 0.3103756308555603 0.9797018766403198 -1 -1 -1 -1 -1 -1 -1 -1 -1
0.5463593602180481 0.31049811840057373 0.9755375981330872 -1 -1 -1 -1 -1 -1 -1 -1 -1
0.5474181175231934 0.31039363145828247 0.9780384302139282 -1 -1 -1 -1 -1 -1 -1 -1 -1
0.5539299249649048 0.32014691829681396 0.9792338609695435 -1 -1 -1 -1 -1 -1 -1 -1 -1
0.5542433261871338 0.3161098062992096 0.9734696745872498 -1 -1 -1 -1 -1 -1 -1 -1 -1
0.5401796102523804 0.326744943857193 0.9173194169998169 -1 -1 -1 -1 -1 -1 -1 -1 -1
0.53983074426651 0.3263460397720337 0.9281033277511597 -1 -1 -1 -1 -1 -1 -1 -1 -1
0.5510129928588867 0.35885941982269287 0.9964247345924377 -1 -1 -1 -1 -1 -1 -1 -1 -1
0.5558779835700989 0.3536297082901001 0.9746134281158447 -1 -1 -1 -1 -1 -1 -1 -1 -1
0.5446938276290894 0.34450966119766235 0.9336244463920593 -1 -1 -1 -1 -1 -1 -1 -1 -1
0.550875186920166 0.3169398307800293 0.03329965099692345 -1 -1 -1 -1 -1 -1 -1 -1 -1
0.5522022843360901 0.2985178232192993 0.7968894243240356 -1 -1 -1 -1 -1 -1 -1 -1 -1
0.5617418885231018 0.2811506390571594 0.06205996125936508 -1 -1 -1 -1 -1 -1 -1 -1 -1
0.5610288977622986 0.29302525520324707 0.7903260588645935 -1 -1 -1 -1 -1 -1 -1 -1 -1
0.5674861073493958 0.2753075063228607 0.10323913395404816 -1 -1 -1 -1 -1 -1 -1 -1 -1
0.5611859560012817 0.2872687578201294 0.7777795791625977 -1 -1 -1 -1 -1 -1 -1 -1 -1
0.5674079060554504 0.27690356969833374 0.10934445261955261 -1 -1 -1 -1 -1 -1 -1 -1 -1
0.5615519881248474 0.3008172810077667 0.6999090313911438 -1 -1 -1 -1 -1 -1 -1 -1 -1
0.5661602020263672 0.2747914493083954 0.11292273551225662 -1 -1 -1 -1 -1 -1 -1 -1 -1
0.5680457353591919 0.511588454246521 0.9991002082824707 -1 -1 -1 -1 -1 -1 -1 -1 -1
0.5687189698219299 0.5081160068511963 0.9971857666969299 -1 -1 -1 -1 -1 -1 -1 -1 -1
0.5620282888412476 0.6066100597381592 0.8685757517814636 -1 -1 -1 -1 -1 -1 -1 -1 -1
0.5675429105758667 0.6061565279960632 0.14215238392353058 -1 -1 -1 -1 -1 -1 -1 -1 -1
0.5877985954284668 0.7024688720703125 0.8316394090652466 -1 -1 -1 -1 -1 -1 -1 -1 -1
0.5857401490211487 0.6941280364990234 0.13454292714595795 -1 -1 -1 -1 -1 -1 -1 -1 -1
0.5982720255851746 0.7251631021499634 0.943901538848877 -1 -1 -1 -1 -1 -1 -1 -1 -1
0.5962433815002441 0.7255814075469971 0.3389471471309662 -1 -1 -1 -1 -1 -1 -1 -1 -1
0.5628752708435059 0.726344108581543 0.8764029145240784 -1 -1 -1 -1 -1 -1 -1 -1 -1
0.5626556277275085 0.7165101766586304 0.2485605925321579 -1 -1 -1 -1 -1 -1 -1 -1 -1
1 
33 
-1 -1 -1 -1 -1 -1 -1 -1 -1 -1
0.5279108285903931 0.34078148007392883 0.9877169728279114 -1 -1 -1 -1 -1 -1 -1 -1 -1
0.5311170816421509 0.33157557249069214 0.991129994392395 -1 -1 -1 -1 -1 -1 -1 -1 -1
0.5321991443634033 0.33150118589401245 0.9918166995048523 -1 -1 -1 -1 -1 -1 -1 -1 -1
0.5332682132720947 0.3315042555332184 0.9923514723777771 -1 -1 -1 -1 -1 -1 -1 -1 -1
0.5307145714759827 0.3312985897064209 0.9860973358154297 -1 -1 -1 -1 -1 -1 -1 -1 -1
0.5311926603317261 0.33113014698028564 0.9828959703445435 -1 -1 -1 -1 -1 -1 -1 -1 -1
0.5317074656486511 0.3309566080570221 0.9862366914749146 -1 -1 -1 -1 -1 -1 -1 -1 -1
0.5411368608474731 0.33475103974342346 0.9815824031829834 -1 -1 -1 -1 -1 -1 -1 -1 -1
0.5385611057281494 0.3335328698158264 0.979820728302002 -1 -1 -1 -1 -1 -1 -1 -1 -1
0.5306158065795898 0.3518531322479248 0.965585470199585 -1 -1 -1 -1 -1 -1 -1 -1 -1
0.5279931426048279 0.3527204990386963 0.960097074508667 -1 -1 -1 -1 -1 -1 -1 -1 -1
0.554226815700531 0.37047290802001953 0.9972080588340759 -1 -1 -1 -1 -1 -1 -1 -1 -1
0.5456507205963135 0.36390817165374756 0.9860534071922302 -1 -1 -1 -1 -1 -1 -1 -1 -1
0.5450150370597839 0.38043272495269775 0.9251344203948975 -1 -1 -1 -1 -1 -1 -1 -1 -1
0.5282513499259949 0.32902905344963074 0.11283697932958603 -1 -1 -1 -1 -1 -1 -1 -1 -1
0.5366085171699524 0.3540210723876953 0.7225233316421509 -1 -1 -1 -1 -1 -1 -1 -1 -1
0.5205268859863281 0.28756681084632874 0.21290083229541779 -1 -1 -1 -1 -1 -1 -1 -1 -1
0.5362318754196167 0.34586918354034424 0.6900985240936279 -1 -1 -1 -1 -1 -1 -1 -1 -1
0.5206972360610962 0.2762001156806946 0.2574447691440582 -1 -1 -1 -1 -1 -1 -1 -1 -1
0.5381467342376709 0.34213149547576904 0.6755799055099487 -1 -1 -1 -1 -1 -1 -1 -1 -1
0.5219804048538208 0.2733132243156433 0.2669874429702759 -1 -1 -1 -1 -1 -1 -1 -1 -1
0.5375651717185974 0.34633028507232666 0.5980883836746216 -1 -1 -1 -1 -1 -1 -1 -1 -1
0.5213361978530884 0.27774491906166077 0.286641001701355 -1 -1 -1 -1 -1 -1 -1 -1 -1
0.5771709084510803 0.5158862471580505 0.9992645382881165 -1 -1 -1 -1 -1 -1 -1 -1 -1
0.5736957788467407 0.5158546566963196 0.9976810216903687 -1 -1 -1 -1 -1 -1 -1 -1 -1
0.5673742294311523 0.6073068380355835 0.8985946178436279 -1 -1 -1 -1 -1 -1 -1 -1 -1
0.5657196640968323 0.6037494540214539 0.24160631000995636 -1 -1 -1 -1 -1 -1 -1 -1 -1
0.5949002504348755 0.6978541612625122 0.9042015671730042 -1 -1 -1 -1 -1 -1 -1 -1 -1
0.5904087424278259 0.6903203725814819 0.19971558451652527 -1 -1 -1 -1 -1 -1 -1 -1 -1
0.6090701818466187 0.7138005495071411 0.9361119866371155 -1 -1 -1 -1 -1 -1 -1 -1 -1
0.5941121578216553 0.6942234039306641 0.3745458126068115 -1 -1 -1 -1 -1 -1 -1 -1 -1
0.5773043036460876 0.7407259941101074 0.9072206020355225 -1 -1 -1 -1 -1 -1 -1 -1 -1
0.5798383355140686 0.7216088771820068 0.31266653537750244 -1 -1 -1 -1 -1 -1 -1 -1 -1
1 
33 
-1 -1 -1 -1 -1 -1 -1 -1 -1 -1
0.5121999979019165 0.38010168075561523 0.9943315982818604 -1 -1 -1 -1 -1 -1 -1 -1 -1
0.5147607326507568 0.36710721254348755 0.996976375579834 -1 -1 -1 -1 -1 -1 -1 -1 -1
0.5160409808158875 0.3663671016693115 0.9973015785217285 -1 -1 -1 -1 -1 -1 -1 -1 -1
0.5173445343971252 0.3655453324317932 0.9973539113998413 -1 -1 -1 -1 -1 -1 -1 -1 -1
0.5137224793434143 0.36690908670425415 0.9950851798057556 -1 -1 -1 -1 -1 -1 -1 -1 -1
0.5142284631729126 0.366268515586853 0.99415522813797 -1 -1 -1 -1 -1 -1 -1 -1 -1
0.5146934986114502 0.3655439615249634 0.9941026568412781 -1 -1 -1 -1 -1 -1 -1 -1 -1
0.5275593996047974 0.3618773818016052 0.9954543113708496 -1 -1 -1 -1 -1 -1 -1 -1 -1
0.5230657458305359 0.36235836148262024 0.9891245365142822 -1 -1 -1 -1 -1 -1 -1 -1 -1
0.5176527500152588 0.3834180235862732 0.9879012107849121 -1 -1 -1 -1 -1 -1 -1 -1 -1
0.5162761807441711 0.38355064392089844 0.9825336337089539 -1 -1 -1 -1 -1 -1 -1 -1 -1
0.5427864193916321 0.3884422183036804 0.9978681802749634 -1 -1 -1 -1 -1 -1 -1 -1 -1
0.5374695658683777 0.3844786286354065 0.9899497032165527 -1 -1 -1 -1 -1 -1 -1 -1 -1
0.5046955347061157 0.37232616543769836 0.9796800017356873 -1 -1 -1 -1 -1 -1 -1 -1 -1
0.4940350353717804 0.35905352234840393 0.29425251483917236 -1 -1 -1 -1 -1 -1 -1 -1 -1
0.46891283988952637 0.3459203839302063 0.932557225227356 -1 -1 -1 -1 -1 -1 -1 -1 -1
0.4681743383407593 0.33408766984939575 0.5565980076789856 -1 -1 -1 -1 -1 -1 -1 -1 -1
0.4565257430076599 0.3409078121185303 0.8986849784851074 -1 -1 -1 -1 -1 -1 -1 -1 -1
0.4581356644630432 0.32688480615615845 0.5952073335647583 -1 -1 -1 -1 -1 -1 -1 -1 -1
0.45579981803894043 0.33481529355049133 0.8894132971763611 -1 -1 -1 -1 -1 -1 -1 -1 -1
0.45579254627227783 0.32370421290397644 0.596167802810669 -1 -1 -1 -1 -1 -1 -1 -1 -1
0.460744172334671 0.3375575542449951 0.8335973620414734 -1 -1 -1 -1 -1 -1 -1 -1 -1
0.4599815607070923 0.3279266357421875 0.5992858409881592 -1 -1 -1 -1 -1 -1 -1 -1 -1
0.5833694338798523 0.5068570375442505 0.9989053010940552 -1 -1 -1 -1 -1 -1 -1 -1 -1
0.5786257386207581 0.5120694041252136 0.9973165392875671 -1 -1 -1 -1 -1 -1 -1 -1 -1
0.5788230895996094 0.5872171521186829 0.9590408802032471 -1 -1 -1 -1 -1 -1 -1 -1 -1
0.5770562887191772 0.5969669222831726 0.3869609832763672 -1 -1 -1 -1 -1 -1 -1 -1 -1
0.6021309494972229 0.6879351139068604 0.9268581867218018 -1 -1 -1 -1 -1 -1 -1 -1 -1
0.599950909614563 0.6888474822044373 0.368619441986084 -1 -1 -1 -1 -1 -1 -1 -1 -1
0.6113464832305908 0.7024424076080322 0.9373789429664612 -1 -1 -1 -1 -1 -1 -1 -1 -1
0.6089410185813904 0.703161358833313 0.5409166812896729 -1 -1 -1 -1 -1 -1 -1 -1 -1
0.575684130191803 0.7121705412864685 0.9328058362007141 -1 -1 -1 -1 -1 -1 -1 -1 -1
0.5775743126869202 0.7108612060546875 0.4854017496109009 -1 -1 -1 -1 -1 -1 -1 -1 -1
1 
33 
-1 -1 -1 -1 -1 -1 -1 -1 -1 -1
0.49825334548950195 0.40266233682632446 0.9879921078681946 -1 -1 -1 -1 -1 -1 -1 -1 -1
0.49951186776161194 0.3911430239677429 0.9897599816322327 -1 -1 -1 -1 -1 -1 -1 -1 -1
0.5001928806304932 0.3899230360984802 0.9887945652008057 -1 -1 -1 -1 -1 -1 -1 -1 -1
0.5016880631446838 0.38832974433898926 0.9889450669288635 -1 -1 -1 -1 -1 -1 -1 -1 -1
0.4993337094783783 0.39183634519577026 0.9826851487159729 -1 -1 -1 -1 -1 -1 -1 -1 -1
0.4998576045036316 0.39036136865615845 0.9781932830810547 -1 -1 -1 -1 -1 -1 -1 -1 -1
0.5014607906341553 0.3886096775531769 0.9809128642082214 -1 -1 -1 -1 -1 -1 -1 -1 -1
0.5108910799026489 0.3804323077201843 0.9908102750778198 -1 -1 -1 -1 -1 -1 -1 -1 -1
0.5108759999275208 0.3802444338798523 0.9785830974578857 -1 -1 -1 -1 -1 -1 -1 -1 -1
0.5041324496269226 0.40593421459198 0.9819421172142029 -1 -1 -1 -1 -1 -1 -1 -1 -1
0.5036666393280029 0.40700578689575195 0.9745491147041321 -1 -1 -1 -1 -1 -1 -1 -1 -1
0.5279663801193237 0.3977270722389221 0.9987899661064148 -1 -1 -1 -1 -1 -1 -1 -1 -1
0.5406185388565063 0.3904777765274048 0.9984678626060486 -1 -1 -1 -1 -1 -1 -1 -1 -1
0.5081114172935486 0.4380471110343933 0.9261810779571533 -1 -1 -1 -1 -1 -1 -1 -1 -1
0.5425556898117065 0.457772433757782 0.038004495203495026 -1 -1 -1 -1 -1 -1 -1 -1 -1
0.4629093110561371 0.43193283677101135 0.7724459171295166 -1 -1 -1 -1 -1 -1 -1 -1 -1
0.5293766856193542 0.502934455871582 0.029343152418732643 -1 -1 -1 -1 -1 -1 -1 -1 -1
0.4503481984138489 0.42923644185066223 0.6303468346595764 -1 -1 -1 -1 -1 -1 -1 -1 -1
0.5277366638183594 0.510706901550293 0.031773537397384644 -1 -1 -1 -1 -1 -1 -1 -1 -1
0.45242929458618164 0.42396673560142517 0.6211786866188049 -1 -1 -1 -1 -1 -1 -1 -1 -1
0.5245686173439026 0.511160671710968 0.03229733183979988 -1 -1 -1 -1 -1 -1 -1 -1 -1
0.4579281508922577 0.426708459854126 0.5440988540649414 -1 -1 -1 -1 -1 -1 -1 -1 -1
0.5242629051208496 0.5105094909667969 0.04011306166648865 -1 -1 -1 -1 -1 -1 -1 -1 -1
0.5577826499938965 0.546464204788208 0.9977497458457947 -1 -1 -1 -1 -1 -1 -1 -1 -1
0.5569490790367126 0.5422086715698242 0.9971568584442139 -1 -1 -1 -1 -1 -1 -1 -1 -1
0.5934046506881714 0.5817516446113586 0.39462995529174805 -1 -1 -1 -1 -1 -1 -1 -1 -1
0.5707274079322815 0.618619978427887 0.29133450984954834 -1 -1 -1 -1 -1 -1 -1 -1 -1
0.6052060723304749 0.7090060114860535 0.47046640515327454 -1 -1 -1 -1 -1 -1 -1 -1 -1
0.5788404941558838 0.7298460006713867 0.42037513852119446 -1 -1 -1 -1 -1 -1 -1 -1 -1
0.6078644394874573 0.7279627323150635 0.533894956111908 -1 -1 -1 -1 -1 -1 -1 -1 -1
0.5836541056632996 0.7445896863937378 0.39341720938682556 -1 -1 -1 -1 -1 -1 -1 -1 -1
0.6118096709251404 0.7412596940994263 0.4932602047920227 -1 -1 -1 -1 -1 -1 -1 -1 -1
0.5726891160011292 0.7672441601753235 0.37964847683906555 -1 -1 -1 -1 -1 -1 -1 -1 -1
1 
33 
-1 -1 -1 -1 -1 -1 -1 -1 -1 -1
0.5137638449668884 0.36221301555633545 0.9906550049781799 -1 -1 -1 -1 -1 -1 -1 -1 -1
0.5134246945381165 0.35487058758735657 0.9970903396606445 -1 -1 -1 -1 -1 -1 -1 -1 -1
0.514082670211792 0.35396891832351685 0.9962267875671387 -1 -1 -1 -1 -1 -1 -1 -1 -1
0.5147424340248108 0.3530983328819275 0.9968133568763733 -1 -1 -1 -1 -1 -1 -1 -1 -1
0.512120246887207 0.3571576476097107 0.9952228665351868 -1 -1 -1 -1 -1 -1 -1 -1 -1
0.5116909146308899 0.3579266667366028 0.9927027225494385 -1 -1 -1 -1 -1 -1 -1 -1 -1
0.5112891793251038 0.35868096351623535 0.9924911856651306 -1 -1 -1 -1 -1 -1 -1 -1 -1
0.517493724822998 0.3534580171108246 0.998337984085083 -1 -1 -1 -1 -1 -1 -1 -1 -1
0.512527346611023 0.361044704914093 0.9930852651596069 -1 -1 -1 -1 -1 -1 -1 -1 -1
0.5166597366333008 0.36674800515174866 0.9980049729347229 -1 -1 -1 -1 -1 -1 -1 -1 -1
0.514904797077179 0.3694693446159363 0.9964733719825745 -1 -1 -1 -1 -1 -1 -1 -1 -1
0.5283952951431274 0.3783041536808014 0.9999454021453857 -1 -1 -1 -1 -1 -1 -1 -1 -1
0.5189042091369629 0.38923394680023193 0.9991613626480103 -1 -1 -1 -1 -1 -1 -1 -1 -1
0.5408360362052917 0.4263673722743988 0.09794703871011734 -1 -1 -1 -1 -1 -1 -1 -1 -1
0.5215747356414795 0.4352365732192993 0.051011860370635986 -1 -1 -1 -1 -1 -1 -1 -1 -1
0.538402259349823 0.43253910541534424 0.12288916110992432 -1 -1 -1 -1 -1 -1 -1 -1 -1
0.5269749164581299 0.4184614419937134 0.014982962049543858 -1 -1 -1 -1 -1 -1 -1 -1 -1
0.5380107760429382 0.4361569881439209 0.14948616921901703 -1 -1 -1 -1 -1 -1 -1 -1 -1
0.5293338298797607 0.4165637493133545 0.021266460418701172 -1 -1 -1 -1 -1 -1 -1 -1 -1
0.5370451807975769 0.4322773516178131 0.1437591165304184 -1 -1 -1 -1 -1 -1 -1 -1 -1
0.527999222278595 0.4113328754901886 0.020061591640114784 -1 -1 -1 -1 -1 -1 -1 -1 -1
0.5367433428764343 0.43134427070617676 0.13594867289066315 -1 -1 -1 -1 -1 -1 -1 -1 -1
0.5270093083381653 0.4115605652332306 0.027888868004083633 -1 -1 -1 -1 -1 -1 -1 -1 -1
0.542438268661499 0.4745524823665619 0.9999911785125732 -1 -1 -1 -1 -1 -1 -1 -1 -1
0.5326129198074341 0.47924065589904785 0.9999465942382812 -1 -1 -1 -1 -1 -1 -1 -1 -1
0.5661351680755615 0.4378071427345276 0.7490235567092896 -1 -1 -1 -1 -1 -1 -1 -1 -1
0.5205724239349365 0.46595436334609985 0.46312740445137024 -1 -1 -1 -1 -1 -1 -1 -1 -1
0.5624740123748779 0.4852897822856903 0.3857179582118988 -1 -1 -1 -1 -1 -1 -1 -1 -1
0.5082534551620483 0.46988725662231445 0.08757582306861877 -1 -1 -1 -1 -1 -1 -1 -1 -1
0.5599846839904785 0.49205923080444336 0.25547799468040466 -1 -1 -1 -1 -1 -1 -1 -1 -1
0.5074618458747864 0.4733350872993469 0.14732928574085236 -1 -1 -1 -1 -1 -1 -1 -1 -1
0.5633448362350464 0.494174987077713 0.41999879479408264 -1 -1 -1 -1 -1 -1 -1 -1 -1
0.5019600987434387 0.465214341878891 0.15578551590442657 -1 -1 -1 -1 -1 -1 -1 -1 -1
1 
