24
1 
33 
-1 -1 -1 -1 -1 -1 -1 -1 -1 -1
0.6543484926223755 0.4921538233757019 0.9249083399772644 -1 -1 -1 -1 -1 -1 -1 -1 -1
0.6559227108955383 0.4860144853591919 0.8680835366249084 -1 -1 -1 -1 -1 -1 -1 -1 -1
0.6555768251419067 0.4859601855278015 0.8709030747413635 -1 -1 -1 -1 -1 -1 -1 -1 -1
0.655257523059845 0.48601412773132324 0.8614480495452881 -1 -1 -1 -1 -1 -1 -1 -1 -1
0.6570979356765747 0.48694315552711487 0.843498170375824 -1 -1 -1 -1 -1 -1 -1 -1 -1
0.6572140455245972 0.48734909296035767 0.8275437951087952 -1 -1 -1 -1 -1 -1 -1 -1 -1
0.6572983264923096 0.4877336025238037 0.8588632345199585 -1 -1 -1 -1 -1 -1 -1 -1 -1
0.6524835824966431 0.49178147315979004 0.8542316555976868 -1 -1 -1 -1 -1 -1 -1 -1 -1
0.6556417346000671 0.4939028024673462 0.8204320073127747 -1 -1 -1 -1 -1 -1 -1 -1 -1
0.6509243845939636 0.4999067187309265 0.811674177646637 -1 -1 -1 -1 -1 -1 -1 -1 -1
0.6518499851226807 0.5007140636444092 0.7965703010559082 -1 -1 -1 -1 -1 -1 -1 -1 -1
0.6513186693191528 0.5334152579307556 0.9474702477455139 -1 -1 -1 -1 -1 -1 -1 -1 -1
0.6297516822814941 0.5181043744087219 0.9830349683761597 -1 -1 -1 -1 -1 -1 -1 -1 -1
0.6371559500694275 0.5475187301635742 0.5132189989089966 -1 -1 -1 -1 -1 -1 -1 -1 -1
0.5987921953201294 0.46994394063949585 0.8982598781585693 -1 -1 -1 -1 -1 -1 -1 -1 -1
0.6237422823905945 0.5276322364807129 0.4272713363170624 -1 -1 -1 -1 -1 -1 -1 -1 -1
0.5771698951721191 0.4063548147678375 0.9429764151573181 -1 -1 -1 -1 -1 -1 -1 -1 -1
0.6197819113731384 0.5258132219314575 0.3422571122646332 -1 -1 -1 -1 -1 -1 -1 -1 -1
0.5716105103492737 0.3902949094772339 0.8927079439163208 -1 -1 -1 -1 -1 -1 -1 -1 -1
0.6223208904266357 0.5188779830932617 0.34341225028038025 -1 -1 -1 -1 -1 -1 -1 -1 -1
0.5712882280349731 0.38697513937950134 0.8995611071586609 -1 -1 -1 -1 -1 -1 -1 -1 -1
0.6240394115447998 0.5198922753334045 0.35525915026664734 -1 -1 -1 -1 -1 -1 -1 -1 -1
0.5727474093437195 0.39387255907058716 0.8891232013702393 -1 -1 -1 -1 -1 -1 -1 -1 -1
0.6287825703620911 0.6714454889297485 0.9881325364112854 -1 -1 -1 -1 -1 -1 -1 -1 -1
0.6134113073348999 0.662639856338501 0.9986171722412109 -1 -1 -1 -1 -1 -1 -1 -1 -1
0.6242100596427917 0.6911451816558838 0.8792561888694763 -1 -1 -1 -1 -1 -1 -1 -1 -1
0.587844967842102 0.678747296333313 0.93241947889328 -1 -1 -1 -1 -1 -1 -1 -1 -1
0.5965397953987122 0.7686282992362976 0.8727242350578308 -1 -1 -1 -1 -1 -1 -1 -1 -1
0.5948883295059204 0.7740774750709534 0.9420611262321472 -1 -1 -1 -1 -1 -1 -1 -1 -1
0.6049326062202454 0.768142580986023 0.8127901554107666 -1 -1 -1 -1 -1 -1 -1 -1 -1
0.5959205031394958 0.8009949326515198 0.8979930877685547 -1 -1 -1 -1 -1 -1 -1 -1 -1
0.5996266603469849 0.8071143627166748 0.872255802154541 -1 -1 -1 -1 -1 -1 -1 -1 -1
0.5741190314292908 0.8304081559181213 0.9209907054901123 -1 -1 -1 -1 -1 -1 -1 -1 -1
1 
33 
-1 -1 -1 -1 -1 -1 -1 -1 -1 -1
0.5529554486274719 0.5637812614440918 0.9663759469985962 -1 -1 -1 -1 -1 -1 -1 -1 -1
0.5524247884750366 0.5634027123451233 0.9381628036499023 -1 -1 -1 -1 -1 -1 -1 -1 -1
0.5529138445854187 0.5617652535438538 0.9453882575035095 -1 -1 -1 -1 -1 -1 -1 -1 -1
0.5534326434135437 0.5601557493209839 0.954046905040741 -1 -1 -1 -1 -1 -1 -1 -1 -1
0.5517494678497314 0.5683712363243103 0.9800670146942139 -1 -1 -1 -1 -1 -1 -1 -1 -1
0.5517012476921082 0.5702713131904602 0.9845223426818848 -1 -1 -1 -1 -1 -1 -1 -1 -1
0.5516464114189148 0.5721844434738159 0.9826149940490723 -1 -1 -1 -1 -1 -1 -1 -1 -1
0.5561733841896057 0.5561976432800293 0.960987389087677 -1 -1 -1 -1 -1 -1 -1 -1 -1
0.5526381134986877 0.5742034316062927 0.9949654936790466 -1 -1 -1 -1 -1 -1 -1 -1 -1
0.5558210015296936 0.5601686239242554 0.9218956828117371 -1 -1 -1 -1 -1 -1 -1 -1 -1
0.5553340911865234 0.5651077032089233 0.961407482624054 -1 -1 -1 -1 -1 -1 -1 -1 -1
0.5728775262832642 0.5266915559768677 0.9994309544563293 -1 -1 -1 -1 -1 -1 -1 -1 -1
0.5563053488731384 0.5950836539268494 0.9987255930900574 -1 -1 -1 -1 -1 -1 -1 -1 -1
0.5897409915924072 0.4977332055568695 0.661628007888794 -1 -1 -1 -1 -1 -1 -1 -1 -1
0.5727164149284363 0.6434706449508667 0.4907246530056 -1 -1 -1 -1 -1 -1 -1 -1 -1
0.5930407047271729 0.4482579529285431 0.7386180758476257 -1 -1 -1 -1 -1 -1 -1 -1 -1
0.5832550525665283 0.6692652106285095 0.33166980743408203 -1 -1 -1 -1 -1 -1 -1 -1 -1
0.592322051525116 0.4317012429237366 0.6216748356819153 -1 -1 -1 -1 -1 -1 -1 -1 -1
0.5859551429748535 0.6783010363578796 0.2856769859790802 -1 -1 -1 -1 -1 -1 -1 -1 -1
0.5939667820930481 0.430764377117157 0.6486291289329529 -1 -1 -1 -1 -1 -1 -1 -1 -1
0.5854146480560303 0.676551342010498 0.3017551898956299 -1 -1 -1 -1 -1 -1 -1 -1 -1
0.5938984751701355 0.43940839171409607 0.6634082198143005 -1 -1 -1 -1 -1 -1 -1 -1 -1
0.5850602984428406 0.6707995533943176 0.3161492347717285 -1 -1 -1 -1 -1 -1 -1 -1 -1
0.5968460440635681 0.6111158132553101 0.9999200105667114 -1 -1 -1 -1 -1 -1 -1 -1 -1
0.584221363067627 0.6344888210296631 0.999903678894043 -1 -1 -1 -1 -1 -1 -1 -1 -1
0.6159529685974121 0.684596061706543 0.5534994006156921 -1 -1 -1 -1 -1 -1 -1 -1 -1
0.6012448668479919 0.6737825870513916 0.8106095790863037 -1 -1 -1 -1 -1 -1 -1 -1 -1
0.5916499495506287 0.7565594911575317 0.5133864879608154 -1 -1 -1 -1 -1 -1 -1 -1 -1
0.5923852324485779 0.759385883808136 0.8524494171142578 -1 -1 -1 -1 -1 -1 -1 -1 -1
0.5857471227645874 0.7610331773757935 0.4940450191497803 -1 -1 -1 -1 -1 -1 -1 -1 -1
0.5891125798225403 0.7651280164718628 0.7936077117919922 -1 -1 -1 -1 -1 -1 -1 -1 -1
0.5853378176689148 0.7908227443695068 0.5483275651931763 -1 -1 -1 -1 -1 -1 -1 -1 -1
0.5915257334709167 0.7993640303611755 0.8646366596221924 -1 -1 -1 -1 -1 -1 -1 -1 -1
1 
33 
-1 -1 -1 -1 -1 -1 -1 -1 -1 -1
0.5501390695571899 0.6541450023651123 0.9944509863853455 -1 -1 -1 -1 -1 -1 -1 -1 -1
0.5436004400253296 0.6534991264343262 0.9940061569213867 -1 -1 -1 -1 -1 -1 -1 -1 -1
0.5435435771942139 0.6527158617973328 0.9930766820907593 -1 -1 -1 -1 -1 -1 -1 -1 -1
0.5436360239982605 0.6521013379096985 0.9940668344497681 -1 -1 -1 -1 -1 -1 -1 -1 -1
0.5448877215385437 0.6585537195205688 0.9932432770729065 -1 -1 -1 -1 -1 -1 -1 -1 -1
0.5476276874542236 0.6544631719589233 0.9920967817306519 -1 -1 -1 -1 -1 -1 -1 -1 -1
0.5477578043937683 0.6547883152961731 0.9923437237739563 -1 -1 -1 -1 -1 -1 -1 -1 -1
0.5446869134902954 0.6503279805183411 0.9920143485069275 -1 -1 -1 -1 -1 -1 -1 -1 -1
0.5491312146186829 0.6508462429046631 0.9907587766647339 -1 -1 -1 -1 -1 -1 -1 -1 -1
0.5488728880882263 0.6509272456169128 0.9843628406524658 -1 -1 -1 -1 -1 -1 -1 -1 -1
0.5495336651802063 0.6540430188179016 0.97658371925354 -1 -1 -1 -1 -1 -1 -1 -1 -1
0.5567110180854797 0.6278260350227356 0.9866222739219666 -1 -1 -1 -1 -1 -1 -1 -1 -1
0.566091001033783 0.6513107419013977 0.9802393317222595 -1 -1 -1 -1 -1 -1 -1 -1 -1
0.5551948547363281 0.6263721585273743 0.5580782890319824 -1 -1 -1 -1 -1 -1 -1 -1 -1
0.5705090165138245 0.6630547046661377 0.19499775767326355 -1 -1 -1 -1 -1 -1 -1 -1 -1
0.5469664931297302 0.63907390832901 0.24606667459011078 -1 -1 -1 -1 -1 -1 -1 -1 -1
0.562561571598053 0.6588764190673828 0.09385047107934952 -1 -1 -1 -1 -1 -1 -1 -1 -1
0.5449849963188171 0.6401228904724121 0.26194262504577637 -1 -1 -1 -1 -1 -1 -1 -1 -1
0.5621301531791687 0.654177725315094 0.08858990669250488 -1 -1 -1 -1 -1 -1 -1 -1 -1
0.5448682308197021 0.6402730941772461 0.2607518434524536 -1 -1 -1 -1 -1 -1 -1 -1 -1
0.5603387355804443 0.6568982005119324 0.08863187581300735 -1 -1 -1 -1 -1 -1 -1 -1 -1
0.5456078052520752 0.6407268047332764 0.25716903805732727 -1 -1 -1 -1 -1 -1 -1 -1 -1
0.5606353878974915 0.6593144536018372 0.09970568120479584 -1 -1 -1 -1 -1 -1 -1 -1 -1
0.5998417139053345 0.6069808006286621 0.9649258255958557 -1 -1 -1 -1 -1 -1 -1 -1 -1
0.6045278310775757 0.6187372803688049 0.982466995716095 -1 -1 -1 -1 -1 -1 -1 -1 -1
0.5853190422058105 0.6494858264923096 0.8605093955993652 -1 -1 -1 -1 -1 -1 -1 -1 -1
0.6067702174186707 0.6837419867515564 0.49739834666252136 -1 -1 -1 -1 -1 -1 -1 -1 -1
0.5831434726715088 0.7066823244094849 0.9427986145019531 -1 -1 -1 -1 -1 -1 -1 -1 -1
0.611319899559021 0.7187590599060059 0.6524724960327148 -1 -1 -1 -1 -1 -1 -1 -1 -1
0.5850328207015991 0.7166106700897217 0.8952126502990723 -1 -1 -1 -1 -1 -1 -1 -1 -1
0.613415539264679 0.7232916951179504 0.6986298561096191 -1 -1 -1 -1 -1 -1 -1 -1 -1
0.5727975964546204 0.7171269655227661 0.9285680055618286 -1 -1 -1 -1 -1 -1 -1 -1 -1
0.6067247986793518 0.7316996455192566 0.6789699792861938 -1 -1 -1 -1 -1 -1 -1 -1 -1
1 
33 
-1 -1 -1 -1 -1 -1 -1 -1 -1 -1
0.6530292630195618 0.5795610547065735 0.997655987739563 -1 -1 -1 -1 -1 -1 -1 -1 -1
0.6491793394088745 0.5839028358459473 0.9983578324317932 -1 -1 -1 -1 -1 -1 -1 -1 -1
0.6469616293907166 0.5838098526000977 0.9980480670928955 -1 -1 -1 -1 -1 -1 -1 -1 -1
0.6447670459747314 0.583638072013855 0.9982118606567383 -1 -1 -1 -1 -1 -1 -1 -1 -1
0.6544355750083923 0.5857176780700684 0.9978600144386292 -1 -1 -1 -1 -1 -1 -1 -1 -1
0.6555920839309692 0.5866256952285767 0.9970582723617554 -1 -1 -1 -1 -1 -1 -1 -1 -1
0.6567612886428833 0.5874784588813782 0.9980704188346863 -1 -1 -1 -1 -1 -1 -1 -1 -1
0.6342384815216064 0.5893754363059998 0.9986575841903687 -1 -1 -1 -1 -1 -1 -1 -1 -1
0.6538302302360535 0.5948817133903503 0.9987307190895081 -1 -1 -1 -1 -1 -1 -1 -1 -1
0.6461805701255798 0.5779888033866882 0.9961346387863159 -1 -1 -1 -1 -1 -1 -1 -1 -1
0.6512011289596558 0.5788966417312622 0.9968276619911194 -1 -1 -1 -1 -1 -1 -1 -1 -1
0.607132613658905 0.5927170515060425 0.9982208609580994 -1 -1 -1 -1 -1 -1 -1 -1 -1
0.652735710144043 0.6068360805511475 0.998963475227356 -1 -1 -1 -1 -1 -1 -1 -1 -1
0.5910391211509705 0.6478452682495117 0.8042261600494385 -1 -1 -1 -1 -1 -1 -1 -1 -1
0.6686471700668335 0.6263929009437561 0.47449788451194763 -1 -1 -1 -1 -1 -1 -1 -1 -1
0.5919001698493958 0.703704297542572 0.722669243812561 -1 -1 -1 -1 -1 -1 -1 -1 -1
0.6609493494033813 0.6463159322738647 0.662079930305481 -1 -1 -1 -1 -1 -1 -1 -1 -1
0.5909077525138855 0.7146027684211731 0.6950177550315857 -1 -1 -1 -1 -1 -1 -1 -1 -1
0.6610291600227356 0.646786630153656 0.6723219752311707 -1 -1 -1 -1 -1 -1 -1 -1 -1
0.5945382714271545 0.7173079252243042 0.6711362600326538 -1 -1 -1 -1 -1 -1 -1 -1 -1
0.6538097262382507 0.6506749391555786 0.6794376969337463 -1 -1 -1 -1 -1 -1 -1 -1 -1
0.5955204963684082 0.7132085561752319 0.6414409279823303 -1 -1 -1 -1 -1 -1 -1 -1 -1
0.6532284617424011 0.6496609449386597 0.6993829607963562 -1 -1 -1 -1 -1 -1 -1 -1 -1
0.6124049425125122 0.538478672504425 0.9999814033508301 -1 -1 -1 -1 -1 -1 -1 -1 -1
0.6376067399978638 0.5573471784591675 0.9999561309814453 -1 -1 -1 -1 -1 -1 -1 -1 -1
0.6049305200576782 0.44227930903434753 0.9442025423049927 -1 -1 -1 -1 -1 -1 -1 -1 -1
0.6305224895477295 0.5110910534858704 0.6590585708618164 -1 -1 -1 -1 -1 -1 -1 -1 -1
0.5763818025588989 0.3249119818210602 0.9749246835708618 -1 -1 -1 -1 -1 -1 -1 -1 -1
0.6243308782577515 0.41421976685523987 0.8618154525756836 -1 -1 -1 -1 -1 -1 -1 -1 -1
0.5774171948432922 0.32081058621406555 0.9488663077354431 -1 -1 -1 -1 -1 -1 -1 -1 -1
0.6189639568328857 0.39944589138031006 0.8421640992164612 -1 -1 -1 -1 -1 -1 -1 -1 -1
0.5690655708312988 0.2857687473297119 0.9547019600868225 -1 -1 -1 -1 -1 -1 -1 -1 -1
0.6291015148162842 0.3830655515193939 0.8425527215003967 -1 -1 -1 -1 -1 -1 -1 -1 -1
1 
33 
-1 -1 -1 -1 -1 -1 -1 -1 -1 -1
0.6126646995544434 0.5865830779075623 0.9802168011665344 -1 -1 -1 -1 -1 -1 -1 -1 -1
0.6146243214607239 0.5853943228721619 0.9754407405853271 -1 -1 -1 -1 -1 -1 -1 -1 -1
0.61460280418396 0.5852584838867188 0.9691160917282104 -1 -1 -1 -1 -1 -1 -1 -1 -1
0.6109508872032166 0.5843947529792786 0.9775564074516296 -1 -1 -1 -1 -1 -1 -1 -1 -1
0.6153043508529663 0.5856065154075623 0.9610430002212524 -1 -1 -1 -1 -1 -1 -1 -1 -1
0.6157833337783813 0.585627555847168 0.9486050009727478 -1 -1 -1 -1 -1 -1 -1 -1 -1
0.6162980198860168 0.5863460302352905 0.9667132496833801 -1 -1 -1 -1 -1 -1 -1 -1 -1
0.6074785590171814 0.5841419100761414 0.970910906791687 -1 -1 -1 -1 -1 -1 -1 -1 -1
0.6180086731910706 0.5841070413589478 0.9310296773910522 -1 -1 -1 -1 -1 -1 -1 -1 -1
0.6084768176078796 0.5792038440704346 0.9755635857582092 -1 -1 -1 -1 -1 -1 -1 -1 -1
0.61025470495224 0.5795592069625854 0.9623879194259644 -1 -1 -1 -1 -1 -1 -1 -1 -1
0.5854372978210449 0.5581445693969727 0.9913430213928223 -1 -1 -1 -1 -1 -1 -1 -1 -1
0.6145223379135132 0.5683295726776123 0.9938976168632507 -1 -1 -1 -1 -1 -1 -1 -1 -1
0.5750864744186401 0.5604442358016968 0.533593475818634 -1 -1 -1 -1 -1 -1 -1 -1 -1
0.6134853959083557 0.6118447184562683 0.8382776975631714 -1 -1 -1 -1 -1 -1 -1 -1 -1
0.5725454092025757 0.6124269366264343 0.408456414937973 -1 -1 -1 -1 -1 -1 -1 -1 -1
0.6126633882522583 0.6859025955200195 0.8580793738365173 -1 -1 -1 -1 -1 -1 -1 -1 -1
0.5736891627311707 0.621844470500946 0.35102578997612 -1 -1 -1 -1 -1 -1 -1 -1 -1
0.6144738793373108 0.7037756443023682 0.7927548885345459 -1 -1 -1 -1 -1 -1 -1 -1 -1
0.5727606415748596 0.6294877529144287 0.3543860912322998 -1 -1 -1 -1 -1 -1 -1 -1 -1
0.6145498156547546 0.7058604955673218 0.7872675657272339 -1 -1 -1 -1 -1 -1 -1 -1 -1
0.5727822184562683 0.626755952835083 0.34493154287338257 -1 -1 -1 -1 -1 -1 -1 -1 -1
0.6133610010147095 0.7000026702880859 0.7445918917655945 -1 -1 -1 -1 -1 -1 -1 -1 -1
0.5975475907325745 0.4460567235946655 0.9992313385009766 -1 -1 -1 -1 -1 -1 -1 -1 -1
0.6141047477722168 0.4460490345954895 0.9993009567260742 -1 -1 -1 -1 -1 -1 -1 -1 -1
0.5880588889122009 0.4063836336135864 0.8128154277801514 -1 -1 -1 -1 -1 -1 -1 -1 -1
0.5911292433738708 0.41654354333877563 0.8428453803062439 -1 -1 -1 -1 -1 -1 -1 -1 -1
0.5792042016983032 0.31913286447525024 0.8868280649185181 -1 -1 -1 -1 -1 -1 -1 -1 -1
0.5703058838844299 0.3291108310222626 0.8857375979423523 -1 -1 -1 -1 -1 -1 -1 -1 -1
0.5784749984741211 0.3156289756298065 0.8848794102668762 -1 -1 -1 -1 -1 -1 -1 -1 -1
0.5663846135139465 0.3220132291316986 0.8701314330101013 -1 -1 -1 -1 -1 -1 -1 -1 -1
0.5747985243797302 0.26578694581985474 0.8872948288917542 -1 -1 -1 -1 -1 -1 -1 -1 -1
0.569981575012207 0.2853209376335144 0.8743270039558411 -1 -1 -1 -1 -1 -1 -1 -1 -1
1 
33 
-1 -1 -1 -1 -1 -1 -1 -1 -1 -1
0.6064069271087646 0.6139284372329712 0.9073956608772278 -1 -1 -1 -1 -1 -1 -1 -1 -1
0.6060882210731506 0.6220802068710327 0.907505989074707 -1 -1 -1 -1 -1 -1 -1 -1 -1
0.6055405735969543 0.6222009658813477 0.8796890377998352 -1 -1 -1 -1 -1 -1 -1 -1 -1
0.6050116419792175 0.6222296953201294 0.9166824817657471 -1 -1 -1 -1 -1 -1 -1 -1 -1
0.6068577766418457 0.6208354234695435 0.8669556379318237 -1 -1 -1 -1 -1 -1 -1 -1 -1
0.6071047782897949 0.6201977729797363 0.8109419941902161 -1 -1 -1 -1 -1 -1 -1 -1 -1
0.6073557138442993 0.6195355653762817 0.8726937174797058 -1 -1 -1 -1 -1 -1 -1 -1 -1
0.6031197309494019 0.6164417862892151 0.8487399816513062 -1 -1 -1 -1 -1 -1 -1 -1 -1
0.6064915060997009 0.6129780411720276 0.7586789727210999 -1 -1 -1 -1 -1 -1 -1 -1 -1
0.6044216752052307 0.6046834588050842 0.8993728756904602 -1 -1 -1 -1 -1 -1 -1 -1 -1
0.6052510142326355 0.603213369846344 0.900678813457489 -1 -1 -1 -1 -1 -1 -1 -1 -1
0.5873762965202332 0.5776618123054504 0.988930881023407 -1 -1 -1 -1 -1 -1 -1 -1 -1
0.6100972294807434 0.5786442756652832 0.9856189489364624 -1 -1 -1 -1 -1 -1 -1 -1 -1
0.5846824049949646 0.578255295753479 0.4533984661102295 -1 -1 -1 -1 -1 -1 -1 -1 -1
0.6032810211181641 0.5967673659324646 0.4209281802177429 -1 -1 -1 -1 -1 -1 -1 -1 -1
0.5793626308441162 0.6527683138847351 0.5309154987335205 -1 -1 -1 -1 -1 -1 -1 -1 -1
0.5934707522392273 0.6556873917579651 0.48494282364845276 -1 -1 -1 -1 -1 -1 -1 -1 -1
0.5837059020996094 0.6727195978164673 0.49756619334220886 -1 -1 -1 -1 -1 -1 -1 -1 -1
0.5925635099411011 0.6677356958389282 0.45230501890182495 -1 -1 -1 -1 -1 -1 -1 -1 -1
0.5776204466819763 0.6759653687477112 0.47151699662208557 -1 -1 -1 -1 -1 -1 -1 -1 -1
0.5924975275993347 0.6742786169052124 0.4424583613872528 -1 -1 -1 -1 -1 -1 -1 -1 -1
0.5780079364776611 0.6697938442230225 0.416736900806427 -1 -1 -1 -1 -1 -1 -1 -1 -1
0.5928751230239868 0.6702260375022888 0.40323901176452637 -1 -1 -1 -1 -1 -1 -1 -1 -1
0.6027281284332275 0.43086326122283936 0.9985774755477905 -1 -1 -1 -1 -1 -1 -1 -1 -1
0.6168828010559082 0.43608078360557556 0.9986947178840637 -1 -1 -1 -1 -1 -1 -1 -1 -1
0.58261638879776 0.3711567223072052 0.8650949597358704 -1 -1 -1 -1 -1 -1 -1 -1 -1
0.5798649787902832 0.4486519396305084 0.7240285873413086 -1 -1 -1 -1 -1 -1 -1 -1 -1
0.5760118961334229 0.2815966010093689 0.906378448009491 -1 -1 -1 -1 -1 -1 -1 -1 -1
0.5625728964805603 0.37169545888900757 0.7833299040794373 -1 -1 -1 -1 -1 -1 -1 -1 -1
0.5765990614891052 0.2774484157562256 0.8626384735107422 -1 -1 -1 -1 -1 -1 -1 -1 -1
0.560977041721344 0.36353397369384766 0.7507403492927551 -1 -1 -1 -1 -1 -1 -1 -1 -1
0.5718744397163391 0.22839421033859253 0.8885979652404785 -1 -1 -1 -1 -1 -1 -1 -1 -1
0.5562728643417358 0.34057578444480896 0.8088343739509583 -1 -1 -1 -1 -1 -1 -1 -1 -1
1 
33 
-1 -1 -1 -1 -1 -1 -1 -1 -1 -1
0.6441754102706909 0.6312350034713745 0.9709184169769287 -1 -1 -1 -1 -1 -1 -1 -1 -1
0.6395528316497803 0.6439646482467651 0.9815204739570618 -1 -1 -1 -1 -1 -1 -1 -1 -1
0.6374059915542603 0.6448853015899658 0.9809572696685791 -1 -1 -1 -1 -1 -1 -1 -1 -1
0.6352555155754089 0.645736038684845 0.9823300838470459 -1 -1 -1 -1 -1 -1 -1 -1 -1
0.6468970775604248 0.6585556268692017 0.9695971012115479 -1 -1 -1 -1 -1 -1 -1 -1 -1
0.6475997567176819 0.6581876873970032 0.961728572845459 -1 -1 -1 -1 -1 -1 -1 -1 -1
0.6448324918746948 0.6415578126907349 0.9735394716262817 -1 -1 -1 -1 -1 -1 -1 -1 -1
0.6249203681945801 0.646315336227417 0.9823513031005859 -1 -1 -1 -1 -1 -1 -1 -1 -1
0.638356626033783 0.6410501003265381 0.9775107502937317 -1 -1 -1 -1 -1 -1 -1 -1 -1
0.6377986073493958 0.6235451102256775 0.9701284766197205 -1 -1 -1 -1 -1 -1 -1 -1 -1
0.6419961452484131 0.6213335990905762 0.9751088619232178 -1 -1 -1 -1 -1 -1 -1 -1 -1
0.5914126634597778 0.6092992424964905 0.9992995262145996 -1 -1 -1 -1 -1 -1 -1 -1 -1
0.6455104351043701 0.6001169085502625 0.9988226294517517 -1 -1 -1 -1 -1 -1 -1 -1 -1
0.5687026381492615 0.6039614081382751 0.7816855311393738 -1 -1 -1 -1 -1 -1 -1 -1 -1
0.6669772863388062 0.553034245967865 0.20780827105045319 -1 -1 -1 -1 -1 -1 -1 -1 -1
0.5728304982185364 0.6685341596603394 0.7486569881439209 -1 -1 -1 -1 -1 -1 -1 -1 -1
0.6718908548355103 0.5342038869857788 0.30467307567596436 -1 -1 -1 -1 -1 -1 -1 -1 -1
0.5732111930847168 0.6854866743087769 0.6742010712623596 -1 -1 -1 -1 -1 -1 -1 -1 -1
0.6739805340766907 0.5267521142959595 0.3090197443962097 -1 -1 -1 -1 -1 -1 -1 -1 -1
0.575694739818573 0.6889729499816895 0.6195163130760193 -1 -1 -1 -1 -1 -1 -1 -1 -1
0.6718339920043945 0.5315026044845581 0.31516313552856445 -1 -1 -1 -1 -1 -1 -1 -1 -1
0.577812135219574 0.6822531819343567 0.529549241065979 -1 -1 -1 -1 -1 -1 -1 -1 -1
0.6705842018127441 0.532661497592926 0.32335081696510315 -1 -1 -1 -1 -1 -1 -1 -1 -1
0.6087756752967834 0.43613865971565247 0.9998645782470703 -1 -1 -1 -1 -1 -1 -1 -1 -1
0.6386486291885376 0.4419565498828888 0.9997089505195618 -1 -1 -1 -1 -1 -1 -1 -1 -1
0.5740249752998352 0.3343464136123657 0.9607484340667725 -1 -1 -1 -1 -1 -1 -1 -1 -1
0.621010422706604 0.38027918338775635 0.7983962297439575 -1 -1 -1 -1 -1 -1 -1 -1 -1
0.5632691383361816 0.2867574095726013 0.9122979640960693 -1 -1 -1 -1 -1 -1 -1 -1 -1
0.5837231874465942 0.3772372603416443 0.5885551571846008 -1 -1 -1 -1 -1 -1 -1 -1 -1
0.5653836131095886 0.28805577754974365 0.8679131269454956 -1 -1 -1 -1 -1 -1 -1 -1 -1
0.5795661211013794 0.3794252276420593 0.5743064284324646 -1 -1 -1 -1 -1 -1 -1 -1 -1
0.5542269349098206 0.24599206447601318 0.8993649482727051 -1 -1 -1 -1 -1 -1 -1 -1 -1
0.5685340762138367 0.362588495016098 0.668331503868103 -1 -1 -1 -1 -1 -1 -1 -1 -1
1 
33 
-1 -1 -1 -1 -1 -1 -1 -1 -1 -1
0.6389353275299072 0.6325634121894836 0.9952220320701599 -1 -1 -1 -1 -1 -1 -1 -1 -1
0.6369656920433044 0.642368733882904 0.9928353428840637 -1 -1 -1 -1 -1 -1 -1 -1 -1
0.63584965467453 0.642680287361145 0.9914458990097046 -1 -1 -1 -1 -1 -1 -1 -1 -1
0.6347247958183289 0.64293372631073 0.9928774237632751 -1 -1 -1 -1 -1 -1 -1 -1 -1
0.6390934586524963 0.6417953372001648 0.9913021326065063 -1 -1 -1 -1 -1 -1 -1 -1 -1
0.639600932598114 0.6416794657707214 0.9888243079185486 -1 -1 -1 -1 -1 -1 -1 -1 -1
0.6401362419128418 0.6415325403213501 0.9919575452804565 -1 -1 -1 -1 -1 -1 -1 -1 -1
0.6305056810379028 0.6386110186576843 0.9911715388298035 -1 -1 -1 -1 -1 -1 -1 -1 -1
0.6384313106536865 0.6367047429084778 0.9877705574035645 -1 -1 -1 -1 -1 -1 -1 -1 -1
0.6360020637512207 0.6220581531524658 0.9943869113922119 -1 -1 -1 -1 -1 -1 -1 -1 -1
0.6385878324508667 0.6211776733398438 0.9951964020729065 -1 -1 -1 -1 -1 -1 -1 -1 -1
0.6060305833816528 0.5899494886398315 0.996292769908905 -1 -1 -1 -1 -1 -1 -1 -1 -1
0.6520240902900696 0.5841693878173828 0.9972133040428162 -1 -1 -1 -1 -1 -1 -1 -1 -1
0.5819777250289917 0.5626478791236877 0.8398883938789368 -1 -1 -1 -1 -1 -1 -1 -1 -1
0.6778920888900757 0.5554343461990356 0.5981192588806152 -1 -1 -1 -1 -1 -1 -1 -1 -1
0.5832646489143372 0.585155725479126 0.6917189359664917 -1 -1 -1 -1 -1 -1 -1 -1 -1
0.6734148263931274 0.5630461573600769 0.5433129072189331 -1 -1 -1 -1 -1 -1 -1 -1 -1
0.5828803181648254 0.5890566110610962 0.5597726702690125 -1 -1 -1 -1 -1 -1 -1 -1 -1
0.6727915406227112 0.5597972273826599 0.5003707408905029 -1 -1 -1 -1 -1 -1 -1 -1 -1
0.5838724970817566 0.5935174822807312 0.531708836555481 -1 -1 -1 -1 -1 -1 -1 -1 -1
0.6702730655670166 0.5683279037475586 0.5123617649078369 -1 -1 -1 -1 -1 -1 -1 -1 -1
0.5850329995155334 0.5905900001525879 0.48634883761405945 -1 -1 -1 -1 -1 -1 -1 -1 -1
0.6706911325454712 0.5676944255828857 0.49655163288116455 -1 -1 -1 -1 -1 -1 -1 -1 -1
0.602647602558136 0.4387616813182831 0.9963257908821106 -1 -1 -1 -1 -1 -1 -1 -1 -1
0.6292484998703003 0.4312894940376282 0.9986696243286133 -1 -1 -1 -1 -1 -1 -1 -1 -1
0.5681136250495911 0.3534841537475586 0.922474205493927 -1 -1 -1 -1 -1 -1 -1 -1 -1
0.5960444808006287 0.3647034168243408 0.8544273376464844 -1 -1 -1 -1 -1 -1 -1 -1 -1
0.5631739497184753 0.3247988820075989 0.839766800403595 -1 -1 -1 -1 -1 -1 -1 -1 -1
0.5601198077201843 0.310552716255188 0.9252945184707642 -1 -1 -1 -1 -1 -1 -1 -1 -1
0.5664956569671631 0.32770419120788574 0.8430513739585876 -1 -1 -1 -1 -1 -1 -1 -1 -1
0.5558311939239502 0.30640143156051636 0.863519549369812 -1 -1 -1 -1 -1 -1 -1 -1 -1
0.5534598231315613 0.29060786962509155 0.8255917429924011 -1 -1 -1 -1 -1 -1 -1 -1 -1
0.5496200919151306 0.28462567925453186 0.9206343293190002 -1 -1 -1 -1 -1 -1 -1 -1 -1
1 
33 
-1 -1 -1 -1 -1 -1 -1 -1 -1 -1
0.5999885201454163 0.5625903010368347 0.8319823145866394 -1 -1 -1 -1 -1 -1 -1 -1 -1
0.5978474020957947 0.5732080936431885 0.8059186935424805 -1 -1 -1 -1 -1 -1 -1 -1 -1
0.5964543223381042 0.5739085674285889 0.7933688163757324 -1 -1 -1 -1 -1 -1 -1 -1 -1
0.5950706601142883 0.5745346546173096 0.8375818133354187 -1 -1 -1 -1 -1 -1 -1 -1 -1
0.601127028465271 0.5724322199821472 0.6969788670539856 -1 -1 -1 -1 -1 -1 -1 -1 -1
0.6023207306861877 0.5726924538612366 0.6461642980575562 -1 -1 -1 -1 -1 -1 -1 -1 -1
0.6035063862800598 0.5729531049728394 0.6867510676383972 -1 -1 -1 -1 -1 -1 -1 -1 -1
0.5919634699821472 0.5776489973068237 0.803037166595459 -1 -1 -1 -1 -1 -1 -1 -1 -1
0.6035998463630676 0.5757560133934021 0.5414837002754211 -1 -1 -1 -1 -1 -1 -1 -1 -1
0.5901840329170227 0.5619006156921387 0.8317936062812805 -1 -1 -1 -1 -1 -1 -1 -1 -1
0.6011304259300232 0.5560988187789917 0.7337517142295837 -1 -1 -1 -1 -1 -1 -1 -1 -1
0.5795632600784302 0.5457661151885986 0.9963011741638184 -1 -1 -1 -1 -1 -1 -1 -1 -1
0.6078931093215942 0.5530591011047363 0.9847481846809387 -1 -1 -1 -1 -1 -1 -1 -1 -1
0.5677841305732727 0.480783611536026 0.47523269057273865 -1 -1 -1 -1 -1 -1 -1 -1 -1
0.6117478013038635 0.515343964099884 0.2239156812429428 -1 -1 -1 -1 -1 -1 -1 -1 -1
0.5727555751800537 0.48450058698654175 0.47335365414619446 -1 -1 -1 -1 -1 -1 -1 -1 -1
0.6188592314720154 0.5240127444267273 0.2496146559715271 -1 -1 -1 -1 -1 -1 -1 -1 -1
0.5735546350479126 0.4809790849685669 0.4191305935382843 -1 -1 -1 -1 -1 -1 -1 -1 -1
0.6229926347732544 0.5233082175254822 0.28317201137542725 -1 -1 -1 -1 -1 -1 -1 -1 -1
0.5754520893096924 0.4901403486728668 0.4216025769710541 -1 -1 -1 -1 -1 -1 -1 -1 -1
0.6223517060279846 0.5289586782455444 0.2912638187408447 -1 -1 -1 -1 -1 -1 -1 -1 -1
0.5759184956550598 0.49112170934677124 0.37592294812202454 -1 -1 -1 -1 -1 -1 -1 -1 -1
0.6211370825767517 0.5284101963043213 0.2760812044143677 -1 -1 -1 -1 -1 -1 -1 -1 -1
0.5957571268081665 0.40619197487831116 0.990242063999176 -1 -1 -1 -1 -1 -1 -1 -1 -1
0.6113775372505188 0.40877005457878113 0.9801682233810425 -1 -1 -1 -1 -1 -1 -1 -1 -1
0.5728501677513123 0.3052290678024292 0.5332385301589966 -1 -1 -1 -1 -1 -1 -1 -1 -1
0.584585428237915 0.3155778646469116 0.5581599473953247 -1 -1 -1 -1 -1 -1 -1 -1 -1
0.558914840221405 0.2035001963376999 0.6977548599243164 -1 -1 -1 -1 -1 -1 -1 -1 -1
0.5613610148429871 0.21555890142917633 0.5729345679283142 -1 -1 -1 -1 -1 -1 -1 -1 -1
0.558858335018158 0.19198867678642273 0.6980540156364441 -1 -1 -1 -1 -1 -1 -1 -1 -1
0.5589599609375 0.20309099555015564 0.545473039150238 -1 -1 -1 -1 -1 -1 -1 -1 -1
0.5471991896629333 0.16102394461631775 0.7245716452598572 -1 -1 -1 -1 -1 -1 -1 -1 -1
0.5518593788146973 0.1763659119606018 0.6094662547111511 -1 -1 -1 -1 -1 -1 -1 -1 -1
1 
33 
-1 -1 -1 -1 -1 -1 -1 -1 -1 -1
0.5659498572349548 0.4645181894302368 0.9748516082763672 -1 -1 -1 -1 -1 -1 -1 -1 -1
0.5621270537376404 0.46652281284332275 0.9756077527999878 -1 -1 -1 -1 -1 -1 -1 -1 -1
0.5616031885147095 0.4654431939125061 0.9710586667060852 -1 -1 -1 -1 -1 -1 -1 -1 -1
0.5610741376876831 0.4643031358718872 0.9663820862770081 -1 -1 -1 -1 -1 -1 -1 -1 -1
0.5638717412948608 0.4684064984321594 0.9697467684745789 -1 -1 -1 -1 -1 -1 -1 -1 -1
0.5646302103996277 0.46870726346969604 0.9660037159919739 -1 -1 -1 -1 -1 -1 -1 -1 -1
0.5653433799743652 0.4689995050430298 0.9732630848884583 -1 -1 -1 -1 -1 -1 -1 -1 -1
0.5634902715682983 0.45838451385498047 0.9768105745315552 -1 -1 -1 -1 -1 -1 -1 -1 -1
0.5692161917686462 0.464570552110672 0.958294153213501 -1 -1 -1 -1 -1 -1 -1 -1 -1
0.569296658039093 0.45790523290634155 0.9740942120552063 -1 -1 -1 -1 -1 -1 -1 -1 -1
0.5714561343193054 0.46079352498054504 0.9778633713722229 -1 -1 -1 -1 -1 -1 -1 -1 -1
0.5802278518676758 0.44067811965942383 0.9945916533470154 -1 -1 -1 -1 -1 -1 -1 -1 -1
0.5811750292778015 0.44541430473327637 0.9927064776420593 -1 -1 -1 -1 -1 -1 -1 -1 -1
0.5673604011535645 0.45456773042678833 0.8916104435920715 -1 -1 -1 -1 -1 -1 -1 -1 -1
0.5716293454170227 0.48486536741256714 0.5500082969665527 -1 -1 -1 -1 -1 -1 -1 -1 -1
0.5726802349090576 0.4749806225299835 0.7802250385284424 -1 -1 -1 -1 -1 -1 -1 -1 -1
0.5790237784385681 0.5177820920944214 0.7494471669197083 -1 -1 -1 -1 -1 -1 -1 -1 -1
0.573451042175293 0.47955283522605896 0.7349614500999451 -1 -1 -1 -1 -1 -1 -1 -1 -1
0.5793372392654419 0.5244418382644653 0.7140684127807617 -1 -1 -1 -1 -1 -1 -1 -1 -1
0.5754604339599609 0.4815187156200409 0.7333086729049683 -1 -1 -1 -1 -1 -1 -1 -1 -1
0.5831003189086914 0.5250939130783081 0.7113663554191589 -1 -1 -1 -1 -1 -1 -1 -1 -1
0.5753448605537415 0.4798937737941742 0.6896063685417175 -1 -1 -1 -1 -1 -1 -1 -1 -1
0.5836203694343567 0.5226002335548401 0.6816651821136475 -1 -1 -1 -1 -1 -1 -1 -1 -1
0.5758143663406372 0.3316706120967865 0.9985265731811523 -1 -1 -1 -1 -1 -1 -1 -1 -1
0.5715003609657288 0.33034446835517883 0.9977056384086609 -1 -1 -1 -1 -1 -1 -1 -1 -1
0.570724368095398 0.2583802044391632 0.9511166214942932 -1 -1 -1 -1 -1 -1 -1 -1 -1
0.5619135499000549 0.26638275384902954 0.442121684551239 -1 -1 -1 -1 -1 -1 -1 -1 -1
0.5516165494918823 0.2128874659538269 0.9440275430679321 -1 -1 -1 -1 -1 -1 -1 -1 -1
0.5521410703659058 0.20120173692703247 0.7108330130577087 -1 -1 -1 -1 -1 -1 -1 -1 -1
0.5468814969062805 0.21537011861801147 0.9569064974784851 -1 -1 -1 -1 -1 -1 -1 -1 -1
0.5430089235305786 0.19961321353912354 0.8359956741333008 -1 -1 -1 -1 -1 -1 -1 -1 -1
0.5486938953399658 0.18050751090049744 0.9403818845748901 -1 -1 -1 -1 -1 -1 -1 -1 -1
0.551302969455719 0.18226642906665802 0.7274710536003113 -1 -1 -1 -1 -1 -1 -1 -1 -1
1 
33 
-1 -1 -1 -1 -1 -1 -1 -1 -1 -1
0.5591868162155151 0.47998490929603577 0.935631275177002 -1 -1 -1 -1 -1 -1 -1 -1 -1
0.555055558681488 0.4781525135040283 0.9571334719657898 -1 -1 -1 -1 -1 -1 -1 -1 -1
0.5545788407325745 0.47733694314956665 0.939540684223175 -1 -1 -1 -1 -1 -1 -1 -1 -1
0.5541189312934875 0.47648078203201294 0.9529066681861877 -1 -1 -1 -1 -1 -1 -1 -1 -1
0.5567573308944702 0.47944605350494385 0.9345442056655884 -1 -1 -1 -1 -1 -1 -1 -1 -1
0.5573952794075012 0.47964662313461304 0.9119195938110352 -1 -1 -1 -1 -1 -1 -1 -1 -1
0.5580040812492371 0.4798179268836975 0.953041136264801 -1 -1 -1 -1 -1 -1 -1 -1 -1
0.5558680891990662 0.47234949469566345 0.9255607724189758 -1 -1 -1 -1 -1 -1 -1 -1 -1
0.5617011189460754 0.47685784101486206 0.9287199378013611 -1 -1 -1 -1 -1 -1 -1 -1 -1
0.5624356865882874 0.47657161951065063 0.9398665428161621 -1 -1 -1 -1 -1 -1 -1 -1 -1
0.5640885829925537 0.4788941442966461 0.9480507373809814 -1 -1 -1 -1 -1 -1 -1 -1 -1
0.5689363479614258 0.4665291905403137 0.9856716394424438 -1 -1 -1 -1 -1 -1 -1 -1 -1
0.5800256729125977 0.4650711119174957 0.9854293465614319 -1 -1 -1 -1 -1 -1 -1 -1 -1
0.573723316192627 0.48992565274238586 0.6487496495246887 -1 -1 -1 -1 -1 -1 -1 -1 -1
0.5835760831832886 0.5001440644264221 0.4862327575683594 -1 -1 -1 -1 -1 -1 -1 -1 -1
0.5710598230361938 0.5254789590835571 0.6566979885101318 -1 -1 -1 -1 -1 -1 -1 -1 -1
0.5826993584632874 0.5543619394302368 0.7745925188064575 -1 -1 -1 -1 -1 -1 -1 -1 -1
0.5692794919013977 0.5328761339187622 0.6257927417755127 -1 -1 -1 -1 -1 -1 -1 -1 -1
0.5805926322937012 0.5647709369659424 0.7325762510299683 -1 -1 -1 -1 -1 -1 -1 -1 -1
0.5683498978614807 0.5339784622192383 0.6015027761459351 -1 -1 -1 -1 -1 -1 -1 -1 -1
0.5828310251235962 0.5691931247711182 0.727618396282196 -1 -1 -1 -1 -1 -1 -1 -1 -1
0.5696868300437927 0.5322012305259705 0.5686843991279602 -1 -1 -1 -1 -1 -1 -1 -1 -1
0.5836635231971741 0.5664017796516418 0.7124689221382141 -1 -1 -1 -1 -1 -1 -1 -1 -1
0.5718412399291992 0.3606855273246765 0.9974397420883179 -1 -1 -1 -1 -1 -1 -1 -1 -1
0.5783577561378479 0.3608098328113556 0.99610835313797 -1 -1 -1 -1 -1 -1 -1 -1 -1
0.5702858567237854 0.27059057354927063 0.9160553216934204 -1 -1 -1 -1 -1 -1 -1 -1 -1
0.5715487599372864 0.30755266547203064 0.6616058349609375 -1 -1 -1 -1 -1 -1 -1 -1 -1
0.5576151013374329 0.19902528822422028 0.9560789465904236 -1 -1 -1 -1 -1 -1 -1 -1 -1
0.5535700917243958 0.27452680468559265 0.7068107724189758 -1 -1 -1 -1 -1 -1 -1 -1 -1
0.5575233697891235 0.19984683394432068 0.953933835029602 -1 -1 -1 -1 -1 -1 -1 -1 -1
0.5509717464447021 0.2739884555339813 0.6745753884315491 -1 -1 -1 -1 -1 -1 -1 -1 -1
0.5495548844337463 0.18115903437137604 0.9382489323616028 -1 -1 -1 -1 -1 -1 -1 -1 -1
0.5467773675918579 0.2598373591899872 0.7134754061698914 -1 -1 -1 -1 -1 -1 -1 -1 -1
1 
33 
-1 -1 -1 -1 -1 -1 -1 -1 -1 -1
0.6338437795639038 0.6078475713729858 0.5092518329620361 -1 -1 -1 -1 -1 -1 -1 -1 -1
0.6365995407104492 0.6165304780006409 0.6952466368675232 -1 -1 -1 -1 -1 -1 -1 -1 -1
0.6361689567565918 0.6170827150344849 0.6267051100730896 -1 -1 -1 -1 -1 -1 -1 -1 -1
0.6357367038726807 0.6175576448440552 0.6492230296134949 -1 -1 -1 -1 -1 -1 -1 -1 -1
0.6376938223838806 0.6142239570617676 0.6259248852729797 -1 -1 -1 -1 -1 -1 -1 -1 -1
0.6382434964179993 0.613046407699585 0.5934780240058899 -1 -1 -1 -1 -1 -1 -1 -1 -1
0.6387721300125122 0.611852765083313 0.6372879147529602 -1 -1 -1 -1 -1 -1 -1 -1 -1
0.6342780590057373 0.6085111498832703 0.4285028278827667 -1 -1 -1 -1 -1 -1 -1 -1 -1
0.6382163763046265 0.6006815433502197 0.5012253522872925 -1 -1 -1 -1 -1 -1 -1 -1 -1
0.6297435164451599 0.5962705016136169 0.4393065571784973 -1 -1 -1 -1 -1 -1 -1 -1 -1
0.6313667297363281 0.5932850241661072 0.49814534187316895 -1 -1 -1 -1 -1 -1 -1 -1 -1
0.6187023520469666 0.5513601899147034 0.9311955571174622 -1 -1 -1 -1 -1 -1 -1 -1 -1
0.6248379349708557 0.549455463886261 0.8074097037315369 -1 -1 -1 -1 -1 -1 -1 -1 -1
0.6104682087898254 0.49112871289253235 0.029295723885297775 -1 -1 -1 -1 -1 -1 -1 -1 -1
0.6284645199775696 0.5295926928520203 0.07449795305728912 -1 -1 -1 -1 -1 -1 -1 -1 -1
0.586833655834198 0.49626827239990234 0.0863904282450676 -1 -1 -1 -1 -1 -1 -1 -1 -1
0.6194337010383606 0.5730401277542114 0.10460881143808365 -1 -1 -1 -1 -1 -1 -1 -1 -1
0.5808300375938416 0.4967295527458191 0.1273324191570282 -1 -1 -1 -1 -1 -1 -1 -1 -1
0.61617112159729 0.5803090929985046 0.12762436270713806 -1 -1 -1 -1 -1 -1 -1 -1 -1
0.5790691375732422 0.5056610107421875 0.12665946781635284 -1 -1 -1 -1 -1 -1 -1 -1 -1
0.6185136437416077 0.5907887816429138 0.12293767184019089 -1 -1 -1 -1 -1 -1 -1 -1 -1
0.5807899832725525 0.5059535503387451 0.1159999743103981 -1 -1 -1 -1 -1 -1 -1 -1 -1
0.6205663084983826 0.5885540843009949 0.11971263587474823 -1 -1 -1 -1 -1 -1 -1 -1 -1
0.5949288606643677 0.36945807933807373 0.9960357546806335 -1 -1 -1 -1 -1 -1 -1 -1 -1
0.5969575047492981 0.3861835300922394 0.9822067022323608 -1 -1 -1 -1 -1 -1 -1 -1 -1
0.5691239237785339 0.2822982668876648 0.8929667472839355 -1 -1 -1 -1 -1 -1 -1 -1 -1
0.578964114189148 0.432898610830307 0.5622207522392273 -1 -1 -1 -1 -1 -1 -1 -1 -1
0.5601778626441956 0.20511621236801147 0.9050511717796326 -1 -1 -1 -1 -1 -1 -1 -1 -1
0.5720641016960144 0.4747960567474365 0.5726279020309448 -1 -1 -1 -1 -1 -1 -1 -1 -1
0.555894672870636 0.19293394684791565 0.9225514531135559 -1 -1 -1 -1 -1 -1 -1 -1 -1
0.5604745745658875 0.47420844435691833 0.6417834758758545 -1 -1 -1 -1 -1 -1 -1 -1 -1
0.5501262545585632 0.1602458953857422 0.7897690534591675 -1 -1 -1 -1 -1 -1 -1 -1 -1
0.5615185499191284 0.4893835186958313 0.5430171489715576 -1 -1 -1 -1 -1 -1 -1 -1 -1
1 
33 
-1 -1 -1 -1 -1 -1 -1 -1 -1 -1
0.652704656124115 0.6710911989212036 0.892071545124054 -1 -1 -1 -1 -1 -1 -1 -1 -1
0.6508768200874329 0.6733102202415466 0.9046230316162109 -1 -1 -1 -1 -1 -1 -1 -1 -1
0.6505151987075806 0.6731310486793518 0.871709942817688 -1 -1 -1 -1 -1 -1 -1 -1 -1
0.6505856513977051 0.6831116676330566 0.9179829359054565 -1 -1 -1 -1 -1 -1 -1 -1 -1
0.654867947101593 0.6704061031341553 0.9080293774604797 -1 -1 -1 -1 -1 -1 -1 -1 -1
0.6548064947128296 0.6694701313972473 0.8692028522491455 -1 -1 -1 -1 -1 -1 -1 -1 -1
0.6625787615776062 0.6537923216819763 0.9150915741920471 -1 -1 -1 -1 -1 -1 -1 -1 -1
0.6545263528823853 0.6608392000198364 0.8314014673233032 -1 -1 -1 -1 -1 -1 -1 -1 -1
0.6683155298233032 0.6484720706939697 0.8656172156333923 -1 -1 -1 -1 -1 -1 -1 -1 -1
0.6522387266159058 0.6613612174987793 0.8593989014625549 -1 -1 -1 -1 -1 -1 -1 -1 -1
0.6527124047279358 0.6605688333511353 0.8808130621910095 -1 -1 -1 -1 -1 -1 -1 -1 -1
0.634630024433136 0.622890830039978 0.9922921061515808 -1 -1 -1 -1 -1 -1 -1 -1 -1
0.6704968810081482 0.6079331040382385 0.9883916974067688 -1 -1 -1 -1 -1 -1 -1 -1 -1
0.6169968247413635 0.5973948240280151 0.15036100149154663 -1 -1 -1 -1 -1 -1 -1 -1 -1
0.669676661491394 0.590944766998291 0.3076161742210388 -1 -1 -1 -1 -1 -1 -1 -1 -1
0.6183376312255859 0.62324059009552 0.20367011427879333 -1 -1 -1 -1 -1 -1 -1 -1 -1
0.6638072729110718 0.612246572971344 0.20022930204868317 -1 -1 -1 -1 -1 -1 -1 -1 -1
0.6190908551216125 0.6253396272659302 0.23154431581497192 -1 -1 -1 -1 -1 -1 -1 -1 -1
0.6633942127227783 0.6109477877616882 0.23228611052036285 -1 -1 -1 -1 -1 -1 -1 -1 -1
0.6198158860206604 0.6323196291923523 0.22080104053020477 -1 -1 -1 -1 -1 -1 -1 -1 -1
0.6632649898529053 0.6174857020378113 0.2333173304796219 -1 -1 -1 -1 -1 -1 -1 -1 -1
0.6202808022499084 0.6310408115386963 0.2021569013595581 -1 -1 -1 -1 -1 -1 -1 -1 -1
0.6629711985588074 0.6178750991821289 0.22417832911014557 -1 -1 -1 -1 -1 -1 -1 -1 -1
0.6134225130081177 0.43492764234542847 0.9980819225311279 -1 -1 -1 -1 -1 -1 -1 -1 -1
0.6323642134666443 0.43863627314567566 0.9959296584129333 -1 -1 -1 -1 -1 -1 -1 -1 -1
0.5728554129600525 0.312049001455307 0.8793968558311462 -1 -1 -1 -1 -1 -1 -1 -1 -1
0.5912296772003174 0.4278982877731323 0.7509749531745911 -1 -1 -1 -1 -1 -1 -1 -1 -1
0.5608171224594116 0.2257709950208664 0.9275110960006714 -1 -1 -1 -1 -1 -1 -1 -1 -1
0.562167763710022 0.3790866434574127 0.7733392715454102 -1 -1 -1 -1 -1 -1 -1 -1 -1
0.5622762441635132 0.2187168300151825 0.8513612747192383 -1 -1 -1 -1 -1 -1 -1 -1 -1
0.559627115726471 0.37582871317863464 0.6606153249740601 -1 -1 -1 -1 -1 -1 -1 -1 -1
0.5523319840431213 0.1855858713388443 0.9115529656410217 -1 -1 -1 -1 -1 -1 -1 -1 -1
0.5472251176834106 0.3573017120361328 0.8199537396430969 -1 -1 -1 -1 -1 -1 -1 -1 -1
1 
33 
-1 -1 -1 -1 -1 -1 -1 -1 -1 -1
0.6574652194976807 0.6319460272789001 0.5963785648345947 -1 -1 -1 -1 -1 -1 -1 -1 -1
0.6589665412902832 0.6525796055793762 0.6741299033164978 -1 -1 -1 -1 -1 -1 -1 -1 -1
0.6587505340576172 0.6526516079902649 0.6007947325706482 -1 -1 -1 -1 -1 -1 -1 -1 -1
0.6606383323669434 0.6438069343566895 0.6738900542259216 -1 -1 -1 -1 -1 -1 -1 -1 -1
0.6629860401153564 0.6488271951675415 0.6969836950302124 -1 -1 -1 -1 -1 -1 -1 -1 -1
0.6629709601402283 0.6482928395271301 0.635401725769043 -1 -1 -1 -1 -1 -1 -1 -1 -1
0.6651344895362854 0.6394606828689575 0.7035180330276489 -1 -1 -1 -1 -1 -1 -1 -1 -1
0.6640065908432007 0.6394279599189758 0.49830713868141174 -1 -1 -1 -1 -1 -1 -1 -1 -1
0.6702040433883667 0.6330074071884155 0.5778024196624756 -1 -1 -1 -1 -1 -1 -1 -1 -1
0.6576303243637085 0.6456219553947449 0.5595248937606812 -1 -1 -1 -1 -1 -1 -1 -1 -1
0.6581497192382812 0.6446665525436401 0.6595304012298584 -1 -1 -1 -1 -1 -1 -1 -1 -1
0.6540115475654602 0.5975931882858276 0.9699342250823975 -1 -1 -1 -1 -1 -1 -1 -1 -1
0.668102502822876 0.5935019850730896 0.9650906920433044 -1 -1 -1 -1 -1 -1 -1 -1 -1
0.6394482851028442 0.6028528809547424 0.07092850655317307 -1 -1 -1 -1 -1 -1 -1 -1 -1
0.6578993201255798 0.6081960797309875 0.30850207805633545 -1 -1 -1 -1 -1 -1 -1 -1 -1
0.6308313012123108 0.6444119811058044 0.14491723477840424 -1 -1 -1 -1 -1 -1 -1 -1 -1
0.6514219641685486 0.6406101584434509 0.20255166292190552 -1 -1 -1 -1 -1 -1 -1 -1 -1
0.6303706169128418 0.6506383419036865 0.1967771053314209 -1 -1 -1 -1 -1 -1 -1 -1 -1
0.6481137871742249 0.6436206698417664 0.2204892337322235 -1 -1 -1 -1 -1 -1 -1 -1 -1
0.6302450895309448 0.6580730676651001 0.19339337944984436 -1 -1 -1 -1 -1 -1 -1 -1 -1
0.6513431668281555 0.6486002206802368 0.21775497496128082 -1 -1 -1 -1 -1 -1 -1 -1 -1
0.630347490310669 0.6560279130935669 0.17805199325084686 -1 -1 -1 -1 -1 -1 -1 -1 -1
0.6528453230857849 0.6468408107757568 0.2042677402496338 -1 -1 -1 -1 -1 -1 -1 -1 -1
0.6254612803459167 0.409218430519104 0.9990233182907104 -1 -1 -1 -1 -1 -1 -1 -1 -1
0.6340895295143127 0.42019203305244446 0.9964398741722107 -1 -1 -1 -1 -1 -1 -1 -1 -1
0.5747703909873962 0.3117930293083191 0.8945161700248718 -1 -1 -1 -1 -1 -1 -1 -1 -1
0.5915202498435974 0.45698341727256775 0.6962497234344482 -1 -1 -1 -1 -1 -1 -1 -1 -1
0.5614575147628784 0.22500330209732056 0.9297196865081787 -1 -1 -1 -1 -1 -1 -1 -1 -1
0.5554983019828796 0.42802226543426514 0.7127901315689087 -1 -1 -1 -1 -1 -1 -1 -1 -1
0.558723509311676 0.2080279141664505 0.911480724811554 -1 -1 -1 -1 -1 -1 -1 -1 -1
0.5497211217880249 0.41955867409706116 0.7085011005401611 -1 -1 -1 -1 -1 -1 -1 -1 -1
0.5491321086883545 0.19316606223583221 0.8628461956977844 -1 -1 -1 -1 -1 -1 -1 -1 -1
0.5474993586540222 0.4363446533679962 0.6738305687904358 -1 -1 -1 -1 -1 -1 -1 -1 -1
1 
33 
-1 -1 -1 -1 -1 -1 -1 -1 -1 -1
0.6494734287261963 0.6253204345703125 0.9225579500198364 -1 -1 -1 -1 -1 -1 -1 -1 -1
0.6552011370658875 0.6508628129959106 0.9344795346260071 -1 -1 -1 -1 -1 -1 -1 -1 -1
0.6506876349449158 0.6351417899131775 0.9123614430427551 -1 -1 -1 -1 -1 -1 -1 -1 -1
0.6502869129180908 0.6355757713317871 0.9406753778457642 -1 -1 -1 -1 -1 -1 -1 -1 -1
0.6508502960205078 0.6332247257232666 0.9347234964370728 -1 -1 -1 -1 -1 -1 -1 -1 -1
0.6506037712097168 0.6326496005058289 0.9079867601394653 -1 -1 -1 -1 -1 -1 -1 -1 -1
0.650349497795105 0.6320290565490723 0.9375569224357605 -1 -1 -1 -1 -1 -1 -1 -1 -1
0.6457076072692871 0.6298078298568726 0.8728695511817932 -1 -1 -1 -1 -1 -1 -1 -1 -1
0.6454222202301025 0.6256006956100464 0.9329271912574768 -1 -1 -1 -1 -1 -1 -1 -1 -1
0.644587516784668 0.6155623197555542 0.8853392601013184 -1 -1 -1 -1 -1 -1 -1 -1 -1
0.6445894241333008 0.613577663898468 0.9081054925918579 -1 -1 -1 -1 -1 -1 -1 -1 -1
0.6195721626281738 0.5833176374435425 0.9927905797958374 -1 -1 -1 -1 -1 -1 -1 -1 -1
0.6308996081352234 0.5775705575942993 0.9874715209007263 -1 -1 -1 -1 -1 -1 -1 -1 -1
0.6058687567710876 0.5651102662086487 0.15475155413150787 -1 -1 -1 -1 -1 -1 -1 -1 -1
0.628401517868042 0.5711597204208374 0.11953951418399811 -1 -1 -1 -1 -1 -1 -1 -1 -1
0.5971642136573792 0.60446697473526 0.2597370147705078 -1 -1 -1 -1 -1 -1 -1 -1 -1
0.6169065833091736 0.6039842367172241 0.0825139731168747 -1 -1 -1 -1 -1 -1 -1 -1 -1
0.5952449440956116 0.6127430200576782 0.30566054582595825 -1 -1 -1 -1 -1 -1 -1 -1 -1
0.6122456192970276 0.6090906858444214 0.09216348081827164 -1 -1 -1 -1 -1 -1 -1 -1 -1
0.5948777794837952 0.6211353540420532 0.3017445504665375 -1 -1 -1 -1 -1 -1 -1 -1 -1
0.6140641570091248 0.615735650062561 0.09089971333742142 -1 -1 -1 -1 -1 -1 -1 -1 -1
0.5957762598991394 0.6177814602851868 0.2529415786266327 -1 -1 -1 -1 -1 -1 -1 -1 -1
0.6164748668670654 0.6137296557426453 0.08986064046621323 -1 -1 -1 -1 -1 -1 -1 -1 -1
0.5902431607246399 0.4065448045730591 0.9992390871047974 -1 -1 -1 -1 -1 -1 -1 -1 -1
0.5987791419029236 0.4086725115776062 0.9989159107208252 -1 -1 -1 -1 -1 -1 -1 -1 -1
0.5607263445854187 0.31445983052253723 0.4106488525867462 -1 -1 -1 -1 -1 -1 -1 -1 -1
0.5694352984428406 0.3841499984264374 0.6006140112876892 -1 -1 -1 -1 -1 -1 -1 -1 -1
0.559244692325592 0.22010210156440735 0.8006591200828552 -1 -1 -1 -1 -1 -1 -1 -1 -1
0.5619716048240662 0.3030209541320801 0.7017959356307983 -1 -1 -1 -1 -1 -1 -1 -1 -1
0.5620850920677185 0.20982979238033295 0.8126537799835205 -1 -1 -1 -1 -1 -1 -1 -1 -1
0.5631375312805176 0.30053678154945374 0.6556240916252136 -1 -1 -1 -1 -1 -1 -1 -1 -1
0.5456136465072632 0.18320944905281067 0.8343655467033386 -1 -1 -1 -1 -1 -1 -1 -1 -1
0.5552664399147034 0.25366199016571045 0.7520573139190674 -1 -1 -1 -1 -1 -1 -1 -1 -1
1 
33 
-1 -1 -1 -1 -1 -1 -1 -1 -1 -1
0.6600492000579834 0.589565634727478 0.8356151580810547 -1 -1 -1 -1 -1 -1 -1 -1 -1
0.6645025014877319 0.5953046679496765 0.8939787149429321 -1 -1 -1 -1 -1 -1 -1 -1 -1
0.664496660232544 0.595068633556366 0.8603821992874146 -1 -1 -1 -1 -1 -1 -1 -1 -1
0.6644704341888428 0.5947391986846924 0.8942142724990845 -1 -1 -1 -1 -1 -1 -1 -1 -1
0.6649585366249084 0.5943779349327087 0.8941466212272644 -1 -1 -1 -1 -1 -1 -1 -1 -1
0.6654949188232422 0.5934240818023682 0.8696020841598511 -1 -1 -1 -1 -1 -1 -1 -1 -1
0.6659998893737793 0.5924526453018188 0.8994234800338745 -1 -1 -1 -1 -1 -1 -1 -1 -1
0.6655296683311462 0.5875881314277649 0.850006103515625 -1 -1 -1 -1 -1 -1 -1 -1 -1
0.6676151752471924 0.5838546752929688 0.8454724550247192 -1 -1 -1 -1 -1 -1 -1 -1 -1
0.6569475531578064 0.5815118551254272 0.8711645603179932 -1 -1 -1 -1 -1 -1 -1 -1 -1
0.6573755145072937 0.5806501507759094 0.8950108289718628 -1 -1 -1 -1 -1 -1 -1 -1 -1
0.6481741070747375 0.5582067370414734 0.9885587692260742 -1 -1 -1 -1 -1 -1 -1 -1 -1
0.6582763195037842 0.5522392988204956 0.9838281869888306 -1 -1 -1 -1 -1 -1 -1 -1 -1
0.633154571056366 0.5722792148590088 0.05622279271483421 -1 -1 -1 -1 -1 -1 -1 -1 -1
0.650314450263977 0.5753402709960938 0.2740987241268158 -1 -1 -1 -1 -1 -1 -1 -1 -1
0.6127183437347412 0.6158660054206848 0.15002423524856567 -1 -1 -1 -1 -1 -1 -1 -1 -1
0.649506151676178 0.6118414998054504 0.2013782411813736 -1 -1 -1 -1 -1 -1 -1 -1 -1
0.6092597842216492 0.6217493414878845 0.22179251909255981 -1 -1 -1 -1 -1 -1 -1 -1 -1
0.6489952802658081 0.6148715019226074 0.23530106246471405 -1 -1 -1 -1 -1 -1 -1 -1 -1
0.6080736517906189 0.627133309841156 0.22542110085487366 -1 -1 -1 -1 -1 -1 -1 -1 -1
0.6508110761642456 0.6177635788917542 0.23205719888210297 -1 -1 -1 -1 -1 -1 -1 -1 -1
0.6094722151756287 0.6249329447746277 0.19978496432304382 -1 -1 -1 -1 -1 -1 -1 -1 -1
0.6508635878562927 0.6165328025817871 0.21040114760398865 -1 -1 -1 -1 -1 -1 -1 -1 -1
0.6156878471374512 0.3761577606201172 0.9997478127479553 -1 -1 -1 -1 -1 -1 -1 -1 -1
0.6238094568252563 0.38003188371658325 0.9991464614868164 -1 -1 -1 -1 -1 -1 -1 -1 -1
0.5657697916030884 0.30799293518066406 0.9365983009338379 -1 -1 -1 -1 -1 -1 -1 -1 -1
0.5906573534011841 0.4246231019496918 0.8084350824356079 -1 -1 -1 -1 -1 -1 -1 -1 -1
0.5511529445648193 0.2186342179775238 0.929304301738739 -1 -1 -1 -1 -1 -1 -1 -1 -1
0.5562151670455933 0.43264245986938477 0.679736316204071 -1 -1 -1 -1 -1 -1 -1 -1 -1
0.5525273084640503 0.2108755111694336 0.8974162936210632 -1 -1 -1 -1 -1 -1 -1 -1 -1
0.5520930290222168 0.43201327323913574 0.6844753623008728 -1 -1 -1 -1 -1 -1 -1 -1 -1
0.5431677103042603 0.18443641066551208 0.8724903464317322 -1 -1 -1 -1 -1 -1 -1 -1 -1
0.5459679365158081 0.44644632935523987 0.700110137462616 -1 -1 -1 -1 -1 -1 -1 -1 -1
1 
33 
-1 -1 -1 -1 -1 -1 -1 -1 -1 -1
0.6560549139976501 0.644255518913269 0.9283510446548462 -1 -1 -1 -1 -1 -1 -1 -1 -1
0.6489477157592773 0.6734526753425598 0.9090116024017334 -1 -1 -1 -1 -1 -1 -1 -1 -1
0.6559348702430725 0.6549529433250427 0.8942843675613403 -1 -1 -1 -1 -1 -1 -1 -1 -1
0.6547470688819885 0.6555695533752441 0.9198763370513916 -1 -1 -1 -1 -1 -1 -1 -1 -1
0.6545895934104919 0.6744046807289124 0.905373215675354 -1 -1 -1 -1 -1 -1 -1 -1 -1
0.6632741689682007 0.650732159614563 0.8794926404953003 -1 -1 -1 -1 -1 -1 -1 -1 -1
0.66513991355896 0.6496869325637817 0.9091367125511169 -1 -1 -1 -1 -1 -1 -1 -1 -1
0.6553824543952942 0.6501487493515015 0.835807740688324 -1 -1 -1 -1 -1 -1 -1 -1 -1
0.6698264479637146 0.6417046785354614 0.8111441731452942 -1 -1 -1 -1 -1 -1 -1 -1 -1
0.6510651111602783 0.64886474609375 0.9006940722465515 -1 -1 -1 -1 -1 -1 -1 -1 -1
0.6557199358940125 0.648821234703064 0.9142860174179077 -1 -1 -1 -1 -1 -1 -1 -1 -1
0.6368956565856934 0.6072700619697571 0.9860841631889343 -1 -1 -1 -1 -1 -1 -1 -1 -1
0.6737511157989502 0.5884832143783569 0.979174792766571 -1 -1 -1 -1 -1 -1 -1 -1 -1
0.6132246851921082 0.5768377184867859 0.3447742760181427 -1 -1 -1 -1 -1 -1 -1 -1 -1
0.6832128763198853 0.5524901747703552 0.5086067914962769 -1 -1 -1 -1 -1 -1 -1 -1 -1
0.6042196154594421 0.6017599105834961 0.45318058133125305 -1 -1 -1 -1 -1 -1 -1 -1 -1
0.6734002232551575 0.5779187679290771 0.5159575939178467 -1 -1 -1 -1 -1 -1 -1 -1 -1
0.599992573261261 0.6068978905677795 0.4660778045654297 -1 -1 -1 -1 -1 -1 -1 -1 -1
0.6710916757583618 0.5783451795578003 0.5182056427001953 -1 -1 -1 -1 -1 -1 -1 -1 -1
0.6013243794441223 0.6125539541244507 0.4541885554790497 -1 -1 -1 -1 -1 -1 -1 -1 -1
0.6712453365325928 0.5882382392883301 0.5236398577690125 -1 -1 -1 -1 -1 -1 -1 -1 -1
0.6035975217819214 0.6100412607192993 0.43575215339660645 -1 -1 -1 -1 -1 -1 -1 -1 -1
0.6723734736442566 0.5870822668075562 0.501157820224762 -1 -1 -1 -1 -1 -1 -1 -1 -1
0.6183689832687378 0.43368545174598694 0.9893093109130859 -1 -1 -1 -1 -1 -1 -1 -1 -1
0.6355906128883362 0.42935895919799805 0.9712238311767578 -1 -1 -1 -1 -1 -1 -1 -1 -1
0.5724706649780273 0.3182140588760376 0.9451776742935181 -1 -1 -1 -1 -1 -1 -1 -1 -1
0.5973501801490784 0.399798184633255 0.7488619685173035 -1 -1 -1 -1 -1 -1 -1 -1 -1
0.5673339366912842 0.2882004976272583 0.9094679951667786 -1 -1 -1 -1 -1 -1 -1 -1 -1
0.5597261190414429 0.40527477860450745 0.7783503532409668 -1 -1 -1 -1 -1 -1 -1 -1 -1
0.5689261555671692 0.2869029641151428 0.9013868570327759 -1 -1 -1 -1 -1 -1 -1 -1 -1
0.554922878742218 0.40565478801727295 0.7752827405929565 -1 -1 -1 -1 -1 -1 -1 -1 -1
0.5628886818885803 0.26162368059158325 0.8092733025550842 -1 -1 -1 -1 -1 -1 -1 -1 -1
0.5486183166503906 0.4085116684436798 0.6886071562767029 -1 -1 -1 -1 -1 -1 -1 -1 -1
1 
33 
-1 -1 -1 -1 -1 -1 -1 -1 -1 -1
0.6538124084472656 0.6609891653060913 0.9981630444526672 -1 -1 -1 -1 -1 -1 -1 -1 -1
0.6502796411514282 0.6792178750038147 0.9989014863967896 -1 -1 -1 -1 -1 -1 -1 -1 -1
0.6492018103599548 0.6788418292999268 0.9982941746711731 -1 -1 -1 -1 -1 -1 -1 -1 -1
0.6513936519622803 0.6530870199203491 0.9988331198692322 -1 -1 -1 -1 -1 -1 -1 -1 -1
0.6553909182548523 0.6784481406211853 0.9988777041435242 -1 -1 -1 -1 -1 -1 -1 -1 -1
0.6562454104423523 0.6782175302505493 0.9984084963798523 -1 -1 -1 -1 -1 -1 -1 -1 -1
0.6573483347892761 0.6769660711288452 0.9989733695983887 -1 -1 -1 -1 -1 -1 -1 -1 -1
0.6539462804794312 0.6474901437759399 0.9972934126853943 -1 -1 -1 -1 -1 -1 -1 -1 -1
0.6683860421180725 0.6426324844360352 0.9985236525535583 -1 -1 -1 -1 -1 -1 -1 -1 -1
0.6526015996932983 0.661406397819519 0.9972227811813354 -1 -1 -1 -1 -1 -1 -1 -1 -1
0.6555418968200684 0.6613721251487732 0.998239278793335 -1 -1 -1 -1 -1 -1 -1 -1 -1
0.6369034051895142 0.5984728336334229 0.9971346855163574 -1 -1 -1 -1 -1 -1 -1 -1 -1
0.6781567931175232 0.5904451608657837 0.9971047043800354 -1 -1 -1 -1 -1 -1 -1 -1 -1
0.6069671511650085 0.5930321216583252 0.2977742850780487 -1 -1 -1 -1 -1 -1 -1 -1 -1
0.6848229169845581 0.5635857582092285 0.5351099967956543 -1 -1 -1 -1 -1 -1 -1 -1 -1
0.588325023651123 0.6362318396568298 0.5321840643882751 -1 -1 -1 -1 -1 -1 -1 -1 -1
0.6855496764183044 0.5847846865653992 0.5565997362136841 -1 -1 -1 -1 -1 -1 -1 -1 -1
0.5819116234779358 0.6457637548446655 0.5216432809829712 -1 -1 -1 -1 -1 -1 -1 -1 -1
0.6873579025268555 0.5843021869659424 0.567110538482666 -1 -1 -1 -1 -1 -1 -1 -1 -1
0.5836087465286255 0.6498460173606873 0.5098680257797241 -1 -1 -1 -1 -1 -1 -1 -1 -1
0.686724066734314 0.5922067165374756 0.5684397220611572 -1 -1 -1 -1 -1 -1 -1 -1 -1
0.5866842865943909 0.6458794474601746 0.4847452640533447 -1 -1 -1 -1 -1 -1 -1 -1 -1
0.685309112071991 0.5914136171340942 0.5444451570510864 -1 -1 -1 -1 -1 -1 -1 -1 -1
0.6254205107688904 0.4238920211791992 0.9995361566543579 -1 -1 -1 -1 -1 -1 -1 -1 -1
0.6478719115257263 0.42680221796035767 0.9979508519172668 -1 -1 -1 -1 -1 -1 -1 -1 -1
0.571148693561554 0.3493020236492157 0.9214591979980469 -1 -1 -1 -1 -1 -1 -1 -1 -1
0.6117997765541077 0.4643232822418213 0.9345832467079163 -1 -1 -1 -1 -1 -1 -1 -1 -1
0.553537130355835 0.2519664168357849 0.9586053490638733 -1 -1 -1 -1 -1 -1 -1 -1 -1
0.5597642660140991 0.45176592469215393 0.9376720190048218 -1 -1 -1 -1 -1 -1 -1 -1 -1
0.5570355653762817 0.23778890073299408 0.9549821615219116 -1 -1 -1 -1 -1 -1 -1 -1 -1
0.5528322458267212 0.44511187076568604 0.8742613792419434 -1 -1 -1 -1 -1 -1 -1 -1 -1
0.5341114401817322 0.22666120529174805 0.9551102519035339 -1 -1 -1 -1 -1 -1 -1 -1 -1
0.5409694314002991 0.46602046489715576 0.9399215579032898 -1 -1 -1 -1 -1 -1 -1 -1 -1
1 
33 
-1 -1 -1 -1 -1 -1 -1 -1 -1 -1
0.6508603692054749 0.6725677847862244 0.9997629523277283 -1 -1 -1 -1 -1 -1 -1 -1 -1
0.6472938656806946 0.6828452944755554 0.9997839331626892 -1 -1 -1 -1 -1 -1 -1 -1 -1
0.646004855632782 0.6778200268745422 0.9997491240501404 -1 -1 -1 -1 -1 -1 -1 -1 -1
0.6454457640647888 0.677086591720581 0.9997432827949524 -1 -1 -1 -1 -1 -1 -1 -1 -1
0.6507304906845093 0.6843807101249695 0.9997890591621399 -1 -1 -1 -1 -1 -1 -1 -1 -1
0.6511632204055786 0.6844335198402405 0.9997151494026184 -1 -1 -1 -1 -1 -1 -1 -1 -1
0.6514454483985901 0.6840711832046509 0.9997374415397644 -1 -1 -1 -1 -1 -1 -1 -1 -1
0.6376542448997498 0.6499922871589661 0.9998583793640137 -1 -1 -1 -1 -1 -1 -1 -1 -1
0.656043291091919 0.6781860589981079 0.9998216032981873 -1 -1 -1 -1 -1 -1 -1 -1 -1
0.6520972847938538 0.6653332710266113 0.9997554421424866 -1 -1 -1 -1 -1 -1 -1 -1 -1
0.6533794403076172 0.6653987169265747 0.999893307685852 -1 -1 -1 -1 -1 -1 -1 -1 -1
0.634613037109375 0.6190006732940674 0.9999337196350098 -1 -1 -1 -1 -1 -1 -1 -1 -1
0.6655440926551819 0.6079549789428711 0.9999070167541504 -1 -1 -1 -1 -1 -1 -1 -1 -1
0.6128223538398743 0.6291357278823853 0.9382384419441223 -1 -1 -1 -1 -1 -1 -1 -1 -1
0.6807247996330261 0.5618001222610474 0.5800758600234985 -1 -1 -1 -1 -1 -1 -1 -1 -1
0.5943394899368286 0.6791390180587769 0.8140791654586792 -1 -1 -1 -1 -1 -1 -1 -1 -1
0.6662346720695496 0.5595893859863281 0.49579256772994995 -1 -1 -1 -1 -1 -1 -1 -1 -1
0.5882218480110168 0.6939817667007446 0.6965189576148987 -1 -1 -1 -1 -1 -1 -1 -1 -1
0.6622855067253113 0.5536257028579712 0.4276799261569977 -1 -1 -1 -1 -1 -1 -1 -1 -1
0.5881077647209167 0.6928116679191589 0.6631971001625061 -1 -1 -1 -1 -1 -1 -1 -1 -1
0.6608487367630005 0.5607466697692871 0.4260077178478241 -1 -1 -1 -1 -1 -1 -1 -1 -1
0.5912101864814758 0.6875542402267456 0.6190615296363831 -1 -1 -1 -1 -1 -1 -1 -1 -1
0.6623746156692505 0.5633283853530884 0.4256463348865509 -1 -1 -1 -1 -1 -1 -1 -1 -1
0.6377850770950317 0.47462454438209534 0.9999182224273682 -1 -1 -1 -1 -1 -1 -1 -1 -1
0.6463876962661743 0.47315821051597595 0.9999102354049683 -1 -1 -1 -1 -1 -1 -1 -1 -1
0.5832459926605225 0.4213080108165741 0.9882586002349854 -1 -1 -1 -1 -1 -1 -1 -1 -1
0.5838614702224731 0.4500000774860382 0.588665783405304 -1 -1 -1 -1 -1 -1 -1 -1 -1
0.559921145439148 0.529461145401001 0.9188209176063538 -1 -1 -1 -1 -1 -1 -1 -1 -1
0.5600860118865967 0.5141605734825134 0.7399604916572571 -1 -1 -1 -1 -1 -1 -1 -1 -1
0.5639437437057495 0.5498149991035461 0.9396568536758423 -1 -1 -1 -1 -1 -1 -1 -1 -1
0.5632044672966003 0.5243346095085144 0.7342498898506165 -1 -1 -1 -1 -1 -1 -1 -1 -1
0.5403035879135132 0.5470190644264221 0.8947133421897888 -1 -1 -1 -1 -1 -1 -1 -1 -1
0.5453330278396606 0.5328829288482666 0.7448438405990601 -1 -1 -1 -1 -1 -1 -1 -1 -1
1 
33 
-1 -1 -1 -1 -1 -1 -1 -1 -1 -1
0.6130347847938538 0.5153864622116089 0.9959592223167419 -1 -1 -1 -1 -1 -1 -1 -1 -1
0.6092748045921326 0.5224862694740295 0.9971427321434021 -1 -1 -1 -1 -1 -1 -1 -1 -1
0.6079120635986328 0.5223566889762878 0.9966537952423096 -1 -1 -1 -1 -1 -1 -1 -1 -1
0.606567919254303 0.5221406817436218 0.9968760013580322 -1 -1 -1 -1 -1 -1 -1 -1 -1
0.6124647259712219 0.5224042534828186 0.9965240359306335 -1 -1 -1 -1 -1 -1 -1 -1 -1
0.6132716536521912 0.5222173929214478 0.9947881698608398 -1 -1 -1 -1 -1 -1 -1 -1 -1
0.6140736937522888 0.521994948387146 0.9957270622253418 -1 -1 -1 -1 -1 -1 -1 -1 -1
0.6026788949966431 0.5186488628387451 0.9967923760414124 -1 -1 -1 -1 -1 -1 -1 -1 -1
0.6133689880371094 0.5175123810768127 0.994163453578949 -1 -1 -1 -1 -1 -1 -1 -1 -1
0.6113148927688599 0.5082641839981079 0.9950619339942932 -1 -1 -1 -1 -1 -1 -1 -1 -1
0.6148061156272888 0.5084606409072876 0.9966747760772705 -1 -1 -1 -1 -1 -1 -1 -1 -1
0.598021924495697 0.5024248957633972 0.9976492524147034 -1 -1 -1 -1 -1 -1 -1 -1 -1
0.6246861815452576 0.49398499727249146 0.998101532459259 -1 -1 -1 -1 -1 -1 -1 -1 -1
0.5978947281837463 0.5527635812759399 0.8041291236877441 -1 -1 -1 -1 -1 -1 -1 -1 -1
0.6473050117492676 0.5150429606437683 0.23460815846920013 -1 -1 -1 -1 -1 -1 -1 -1 -1
0.5874722599983215 0.5993765592575073 0.571924090385437 -1 -1 -1 -1 -1 -1 -1 -1 -1
0.6537313461303711 0.5515943169593811 0.32588592171669006 -1 -1 -1 -1 -1 -1 -1 -1 -1
0.5831550359725952 0.6090349555015564 0.46274396777153015 -1 -1 -1 -1 -1 -1 -1 -1 -1
0.656085193157196 0.5548985600471497 0.3191947340965271 -1 -1 -1 -1 -1 -1 -1 -1 -1
0.5857008099555969 0.6066179871559143 0.43879789113998413 -1 -1 -1 -1 -1 -1 -1 -1 -1
0.6537841558456421 0.5573254227638245 0.32389429211616516 -1 -1 -1 -1 -1 -1 -1 -1 -1
0.5872215628623962 0.6041578054428101 0.403603732585907 -1 -1 -1 -1 -1 -1 -1 -1 -1
0.6532319188117981 0.5575830340385437 0.3591788113117218 -1 -1 -1 -1 -1 -1 -1 -1 -1
0.5903259515762329 0.38454777002334595 0.9997380375862122 -1 -1 -1 -1 -1 -1 -1 -1 -1
0.6024452447891235 0.3868100345134735 0.9998633861541748 -1 -1 -1 -1 -1 -1 -1 -1 -1
0.5570905208587646 0.36706551909446716 0.9579302072525024 -1 -1 -1 -1 -1 -1 -1 -1 -1
0.5793231725692749 0.4140850007534027 0.621103048324585 -1 -1 -1 -1 -1 -1 -1 -1 -1
0.5529119968414307 0.48405909538269043 0.7883827090263367 -1 -1 -1 -1 -1 -1 -1 -1 -1
0.5566608309745789 0.49600598216056824 0.6105597615242004 -1 -1 -1 -1 -1 -1 -1 -1 -1
0.5575248003005981 0.5053061246871948 0.7812333106994629 -1 -1 -1 -1 -1 -1 -1 -1 -1
0.5560114979743958 0.506824254989624 0.6256926655769348 -1 -1 -1 -1 -1 -1 -1 -1 -1
0.5449615120887756 0.4980224370956421 0.7955331802368164 -1 -1 -1 -1 -1 -1 -1 -1 -1
0.5431795716285706 0.5167205929756165 0.6217807531356812 -1 -1 -1 -1 -1 -1 -1 -1 -1
1 
33 
-1 -1 -1 -1 -1 -1 -1 -1 -1 -1
0.584161102771759 0.5296593308448792 0.9321869611740112 -1 -1 -1 -1 -1 -1 -1 -1 -1
0.582698404788971 0.5300413370132446 0.956139087677002 -1 -1 -1 -1 -1 -1 -1 -1 -1
0.5828662514686584 0.5292747020721436 0.9458337426185608 -1 -1 -1 -1 -1 -1 -1 -1 -1
0.5864418148994446 0.5269532203674316 0.9508085250854492 -1 -1 -1 -1 -1 -1 -1 -1 -1
0.5813265442848206 0.5298418402671814 0.9325270056724548 -1 -1 -1 -1 -1 -1 -1 -1 -1
0.5806583762168884 0.52897047996521 0.903636634349823 -1 -1 -1 -1 -1 -1 -1 -1 -1
0.5836313366889954 0.5212490558624268 0.9275891780853271 -1 -1 -1 -1 -1 -1 -1 -1 -1
0.5901213884353638 0.5225633978843689 0.929017186164856 -1 -1 -1 -1 -1 -1 -1 -1 -1
0.5852993726730347 0.5134487748146057 0.9156758189201355 -1 -1 -1 -1 -1 -1 -1 -1 -1
0.584303617477417 0.524785578250885 0.9161388278007507 -1 -1 -1 -1 -1 -1 -1 -1 -1
0.5831663012504578 0.5245301723480225 0.919120192527771 -1 -1 -1 -1 -1 -1 -1 -1 -1
0.5966588258743286 0.5223915576934814 0.9900206327438354 -1 -1 -1 -1 -1 -1 -1 -1 -1
0.5860853791236877 0.5035009980201721 0.9806802272796631 -1 -1 -1 -1 -1 -1 -1 -1 -1
0.5781922936439514 0.6005204319953918 0.7971372604370117 -1 -1 -1 -1 -1 -1 -1 -1 -1
0.5687720775604248 0.5943741202354431 0.6591135263442993 -1 -1 -1 -1 -1 -1 -1 -1 -1
0.5532325506210327 0.6550219058990479 0.862128734588623 -1 -1 -1 -1 -1 -1 -1 -1 -1
0.5574243664741516 0.6614043712615967 0.785704493522644 -1 -1 -1 -1 -1 -1 -1 -1 -1
0.549759030342102 0.6710164546966553 0.8344094157218933 -1 -1 -1 -1 -1 -1 -1 -1 -1
0.5539908409118652 0.677474319934845 0.7759094834327698 -1 -1 -1 -1 -1 -1 -1 -1 -1
0.5476322174072266 0.6689680814743042 0.8395249247550964 -1 -1 -1 -1 -1 -1 -1 -1 -1
0.5558241605758667 0.6766269207000732 0.7660815119743347 -1 -1 -1 -1 -1 -1 -1 -1 -1
0.5482504367828369 0.6629282236099243 0.8057948350906372 -1 -1 -1 -1 -1 -1 -1 -1 -1
0.557185173034668 0.6729071736335754 0.7281521558761597 -1 -1 -1 -1 -1 -1 -1 -1 -1
0.6109511852264404 0.42388370633125305 0.9993522763252258 -1 -1 -1 -1 -1 -1 -1 -1 -1
0.6043791770935059 0.41213497519493103 0.9993857145309448 -1 -1 -1 -1 -1 -1 -1 -1 -1
0.5828736424446106 0.3819003701210022 0.13799135386943817 -1 -1 -1 -1 -1 -1 -1 -1 -1
0.571770191192627 0.3473145067691803 0.2763373553752899 -1 -1 -1 -1 -1 -1 -1 -1 -1
0.5616220235824585 0.30730071663856506 0.2585226893424988 -1 -1 -1 -1 -1 -1 -1 -1 -1
0.5565041899681091 0.2905951142311096 0.5639241337776184 -1 -1 -1 -1 -1 -1 -1 -1 -1
0.5569531917572021 0.3017323315143585 0.4945864677429199 -1 -1 -1 -1 -1 -1 -1 -1 -1
0.5532999038696289 0.28619176149368286 0.6692749857902527 -1 -1 -1 -1 -1 -1 -1 -1 -1
0.5534898638725281 0.27059313654899597 0.35906782746315 -1 -1 -1 -1 -1 -1 -1 -1 -1
0.551905632019043 0.26125675439834595 0.6088941693305969 -1 -1 -1 -1 -1 -1 -1 -1 -1
1 
33 
-1 -1 -1 -1 -1 -1 -1 -1 -1 -1
0.6015527844429016 0.5802841186523438 0.9944513440132141 -1 -1 -1 -1 -1 -1 -1 -1 -1
0.5992423295974731 0.5892072319984436 0.9959312081336975 -1 -1 -1 -1 -1 -1 -1 -1 -1
0.5981783866882324 0.5891039371490479 0.9950255751609802 -1 -1 -1 -1 -1 -1 -1 -1 -1
0.5971238613128662 0.5889363288879395 0.9957903027534485 -1 -1 -1 -1 -1 -1 -1 -1 -1
0.6025832891464233 0.5902608633041382 0.9957064986228943 -1 -1 -1 -1 -1 -1 -1 -1 -1
0.6039391160011292 0.5909765958786011 0.9933003187179565 -1 -1 -1 -1 -1 -1 -1 -1 -1
0.6052782535552979 0.5916788578033447 0.9945559501647949 -1 -1 -1 -1 -1 -1 -1 -1 -1
0.5973862409591675 0.5875377655029297 0.9934245347976685 -1 -1 -1 -1 -1 -1 -1 -1 -1
0.6089717149734497 0.5908868312835693 0.9910439252853394 -1 -1 -1 -1 -1 -1 -1 -1 -1
0.6012552976608276 0.5728601217269897 0.9913619160652161 -1 -1 -1 -1 -1 -1 -1 -1 -1
0.6052997708320618 0.5741828083992004 0.9921994805335999 -1 -1 -1 -1 -1 -1 -1 -1 -1
0.5923599004745483 0.5576253533363342 0.9969199895858765 -1 -1 -1 -1 -1 -1 -1 -1 -1
0.6245993971824646 0.5707873106002808 0.996701180934906 -1 -1 -1 -1 -1 -1 -1 -1 -1
0.5726147294044495 0.5842079520225525 0.5955884456634521 -1 -1 -1 -1 -1 -1 -1 -1 -1
0.6339898705482483 0.5907406806945801 0.43905335664749146 -1 -1 -1 -1 -1 -1 -1 -1 -1
0.5558331608772278 0.6483461260795593 0.5268834233283997 -1 -1 -1 -1 -1 -1 -1 -1 -1
0.6304780840873718 0.6262593269348145 0.3035411536693573 -1 -1 -1 -1 -1 -1 -1 -1 -1
0.5515621900558472 0.6637207269668579 0.42818546295166016 -1 -1 -1 -1 -1 -1 -1 -1 -1
0.6310794353485107 0.632757306098938 0.28119924664497375 -1 -1 -1 -1 -1 -1 -1 -1 -1
0.5526636838912964 0.6663485765457153 0.40617480874061584 -1 -1 -1 -1 -1 -1 -1 -1 -1
0.6294617652893066 0.6343923807144165 0.28260618448257446 -1 -1 -1 -1 -1 -1 -1 -1 -1
0.5548365116119385 0.661361575126648 0.39767563343048096 -1 -1 -1 -1 -1 -1 -1 -1 -1
0.6292675137519836 0.6318893432617188 0.2852645814418793 -1 -1 -1 -1 -1 -1 -1 -1 -1
0.6111716032028198 0.43485185503959656 0.9995771050453186 -1 -1 -1 -1 -1 -1 -1 -1 -1
0.6263368129730225 0.4449552595615387 0.9996111989021301 -1 -1 -1 -1 -1 -1 -1 -1 -1
0.5699847340583801 0.3772274851799011 0.7023676037788391 -1 -1 -1 -1 -1 -1 -1 -1 -1
0.5948131680488586 0.40461593866348267 0.726586639881134 -1 -1 -1 -1 -1 -1 -1 -1 -1
0.5626752376556396 0.42653390765190125 0.42538967728614807 -1 -1 -1 -1 -1 -1 -1 -1 -1
0.5519940853118896 0.416287362575531 0.7441785931587219 -1 -1 -1 -1 -1 -1 -1 -1 -1
0.564894437789917 0.4405060410499573 0.46260830760002136 -1 -1 -1 -1 -1 -1 -1 -1 -1
0.5492000579833984 0.4217824935913086 0.6604853868484497 -1 -1 -1 -1 -1 -1 -1 -1 -1
0.5613692402839661 0.4251824617385864 0.4177344739437103 -1 -1 -1 -1 -1 -1 -1 -1 -1
0.5349874496459961 0.4133106470108032 0.7202939987182617 -1 -1 -1 -1 -1 -1 -1 -1 -1
1 
33 
-1 -1 -1 -1 -1 -1 -1 -1 -1 -1
0.5647977590560913 0.614295482635498 0.9957811832427979 -1 -1 -1 -1 -1 -1 -1 -1 -1
0.5613546371459961 0.6159998178482056 0.9975391626358032 -1 -1 -1 -1 -1 -1 -1 -1 -1
0.5609527826309204 0.6153467893600464 0.9973983764648438 -1 -1 -1 -1 -1 -1 -1 -1 -1
0.5605707168579102 0.6146323680877686 0.9971201419830322 -1 -1 -1 -1 -1 -1 -1 -1 -1
0.5614147186279297 0.6164369583129883 0.9936210513114929 -1 -1 -1 -1 -1 -1 -1 -1 -1
0.561152458190918 0.6160645484924316 0.9925901889801025 -1 -1 -1 -1 -1 -1 -1 -1 -1
0.5608727931976318 0.6156947016716003 0.9938621520996094 -1 -1 -1 -1 -1 -1 -1 -1 -1
0.5586596727371216 0.6072825789451599 0.9968241453170776 -1 -1 -1 -1 -1 -1 -1 -1 -1
0.5588691234588623 0.6088118553161621 0.9937493801116943 -1 -1 -1 -1 -1 -1 -1 -1 -1
0.5659847259521484 0.6082467436790466 0.9951632022857666 -1 -1 -1 -1 -1 -1 -1 -1 -1
0.5661458373069763 0.6086367964744568 0.9929763674736023 -1 -1 -1 -1 -1 -1 -1 -1 -1
0.5630221962928772 0.5847616195678711 0.9992252588272095 -1 -1 -1 -1 -1 -1 -1 -1 -1
0.5654086470603943 0.5888396501541138 0.996384859085083 -1 -1 -1 -1 -1 -1 -1 -1 -1
0.5666939616203308 0.6174565553665161 0.958508312702179 -1 -1 -1 -1 -1 -1 -1 -1 -1
0.565140962600708 0.6285597681999207 0.17653051018714905 -1 -1 -1 -1 -1 -1 -1 -1 -1
0.5573903322219849 0.6619061827659607 0.8306914567947388 -1 -1 -1 -1 -1 -1 -1 -1 -1
0.5525550842285156 0.6647952795028687 0.39086970686912537 -1 -1 -1 -1 -1 -1 -1 -1 -1
0.5544193387031555 0.6720221042633057 0.7793267369270325 -1 -1 -1 -1 -1 -1 -1 -1 -1
0.5492160320281982 0.6698890328407288 0.391371488571167 -1 -1 -1 -1 -1 -1 -1 -1 -1
0.5527207851409912 0.6705409288406372 0.7597452998161316 -1 -1 -1 -1 -1 -1 -1 -1 -1
0.5490334630012512 0.6719933152198792 0.39361700415611267 -1 -1 -1 -1 -1 -1 -1 -1 -1
0.5543715953826904 0.6670107841491699 0.7218263745307922 -1 -1 -1 -1 -1 -1 -1 -1 -1
0.5505450963973999 0.6706706881523132 0.39836108684539795 -1 -1 -1 -1 -1 -1 -1 -1 -1
0.5769880414009094 0.47089719772338867 0.9998716115951538 -1 -1 -1 -1 -1 -1 -1 -1 -1
0.57763671875 0.473649263381958 0.9997307658195496 -1 -1 -1 -1 -1 -1 -1 -1 -1
0.5780234932899475 0.3950970768928528 0.9359884262084961 -1 -1 -1 -1 -1 -1 -1 -1 -1
0.5722347497940063 0.3964815139770508 0.3041883111000061 -1 -1 -1 -1 -1 -1 -1 -1 -1
0.5521802306175232 0.3868332505226135 0.884287416934967 -1 -1 -1 -1 -1 -1 -1 -1 -1
0.5492480993270874 0.41326671838760376 0.3354181945323944 -1 -1 -1 -1 -1 -1 -1 -1 -1
0.5483236312866211 0.3927222490310669 0.9147497415542603 -1 -1 -1 -1 -1 -1 -1 -1 -1
0.5456103086471558 0.4195204973220825 0.6758826375007629 -1 -1 -1 -1 -1 -1 -1 -1 -1
0.5451509952545166 0.3633110523223877 0.8731060028076172 -1 -1 -1 -1 -1 -1 -1 -1 -1
0.5480054020881653 0.39854729175567627 0.48400062322616577 -1 -1 -1 -1 -1 -1 -1 -1 -1
1 
33 
-1 -1 -1 -1 -1 -1 -1 -1 -1 -1
0.5882369875907898 0.6071417331695557 0.8321258425712585 -1 -1 -1 -1 -1 -1 -1 -1 -1
0.5905236601829529 0.6130619645118713 0.8240365386009216 -1 -1 -1 -1 -1 -1 -1 -1 -1
0.5910418033599854 0.6126043796539307 0.8056274056434631 -1 -1 -1 -1 -1 -1 -1 -1 -1
0.5915497541427612 0.6120952367782593 0.8445464372634888 -1 -1 -1 -1 -1 -1 -1 -1 -1
0.5894390940666199 0.6128231287002563 0.779293417930603 -1 -1 -1 -1 -1 -1 -1 -1 -1
0.5895460247993469 0.6123000979423523 0.749517560005188 -1 -1 -1 -1 -1 -1 -1 -1 -1
0.5896530151367188 0.6117627620697021 0.7756300568580627 -1 -1 -1 -1 -1 -1 -1 -1 -1
0.594947099685669 0.6035287380218506 0.7633504867553711 -1 -1 -1 -1 -1 -1 -1 -1 -1
0.5921017527580261 0.6028785109519958 0.7084495425224304 -1 -1 -1 -1 -1 -1 -1 -1 -1
0.5887488126754761 0.5978134274482727 0.8076215386390686 -1 -1 -1 -1 -1 -1 -1 -1 -1
0.5880280137062073 0.5977716445922852 0.7718427777290344 -1 -1 -1 -1 -1 -1 -1 -1 -1
0.5934088826179504 0.5668509006500244 0.9829708337783813 -1 -1 -1 -1 -1 -1 -1 -1 -1
0.5928527116775513 0.5706354379653931 0.9711052179336548 -1 -1 -1 -1 -1 -1 -1 -1 -1
0.5754512548446655 0.575832188129425 0.12545731663703918 -1 -1 -1 -1 -1 -1 -1 -1 -1
0.5686951279640198 0.5986878871917725 0.5699186325073242 -1 -1 -1 -1 -1 -1 -1 -1 -1
0.5627949833869934 0.6418085098266602 0.41042324900627136 -1 -1 -1 -1 -1 -1 -1 -1 -1
0.5648468136787415 0.6510202288627625 0.748527467250824 -1 -1 -1 -1 -1 -1 -1 -1 -1
0.5585781335830688 0.647141695022583 0.4615902006626129 -1 -1 -1 -1 -1 -1 -1 -1 -1
0.5638526082038879 0.6626943349838257 0.7306621670722961 -1 -1 -1 -1 -1 -1 -1 -1 -1
0.5565631985664368 0.6519869565963745 0.4670848250389099 -1 -1 -1 -1 -1 -1 -1 -1 -1
0.5665210485458374 0.664649486541748 0.7187091112136841 -1 -1 -1 -1 -1 -1 -1 -1 -1
0.5568988919258118 0.6467207074165344 0.4363413453102112 -1 -1 -1 -1 -1 -1 -1 -1 -1
0.5667837262153625 0.6608593463897705 0.6608842611312866 -1 -1 -1 -1 -1 -1 -1 -1 -1
0.5995367765426636 0.42628219723701477 0.9990723133087158 -1 -1 -1 -1 -1 -1 -1 -1 -1
0.6009494662284851 0.42635536193847656 0.9980717301368713 -1 -1 -1 -1 -1 -1 -1 -1 -1
0.5706886649131775 0.38111555576324463 0.15748551487922668 -1 -1 -1 -1 -1 -1 -1 -1 -1
0.5767331123352051 0.3947667181491852 0.4959915578365326 -1 -1 -1 -1 -1 -1 -1 -1 -1
0.5677369236946106 0.34582799673080444 0.15487952530384064 -1 -1 -1 -1 -1 -1 -1 -1 -1
0.568676769733429 0.3542954623699188 0.5370232462882996 -1 -1 -1 -1 -1 -1 -1 -1 -1
0.568979024887085 0.34177860617637634 0.30064454674720764 -1 -1 -1 -1 -1 -1 -1 -1 -1
0.5706464052200317 0.3487623929977417 0.6269198060035706 -1 -1 -1 -1 -1 -1 -1 -1 -1
0.5613526701927185 0.3327605128288269 0.21399575471878052 -1 -1 -1 -1 -1 -1 -1 -1 -1
0.5573177337646484 0.34080198407173157 0.5072378516197205 -1 -1 -1 -1 -1 -1 -1 -1 -1
1 
