31
1 
33 
-1 -1 -1 -1 -1 -1 -1 -1 -1 -1
0.4933457374572754 0.3871171474456787 0.9886289834976196 -1 -1 -1 -1 -1 -1 -1 -1 -1
0.4954632818698883 0.3805006146430969 0.9881104230880737 -1 -1 -1 -1 -1 -1 -1 -1 -1
0.49639368057250977 0.379843145608902 0.9889321327209473 -1 -1 -1 -1 -1 -1 -1 -1 -1
0.497197687625885 0.37925300002098083 0.9884021878242493 -1 -1 -1 -1 -1 -1 -1 -1 -1
0.49440398812294006 0.3815299868583679 0.9845483303070068 -1 -1 -1 -1 -1 -1 -1 -1 -1
0.49451109766960144 0.38174885511398315 0.9862290620803833 -1 -1 -1 -1 -1 -1 -1 -1 -1
0.4941171407699585 0.37667545676231384 0.9867002964019775 -1 -1 -1 -1 -1 -1 -1 -1 -1
0.5011980533599854 0.38587701320648193 0.981956958770752 -1 -1 -1 -1 -1 -1 -1 -1 -1
0.49735283851623535 0.3871474266052246 0.9696612358093262 -1 -1 -1 -1 -1 -1 -1 -1 -1
0.4973636567592621 0.39699310064315796 0.9222109913825989 -1 -1 -1 -1 -1 -1 -1 -1 -1
0.49526163935661316 0.3917505443096161 0.9068095684051514 -1 -1 -1 -1 -1 -1 -1 -1 -1
0.5068150162696838 0.4170847535133362 0.9924300312995911 -1 -1 -1 -1 -1 -1 -1 -1 -1
0.504493772983551 0.4119437336921692 0.9933498501777649 -1 -1 -1 -1 -1 -1 -1 -1 -1
0.4948117733001709 0.35014885663986206 0.888922393321991 -1 -1 -1 -1 -1 -1 -1 -1 -1
0.49029555916786194 0.3236973285675049 0.7144520878791809 -1 -1 -1 -1 -1 -1 -1 -1 -1
0.47112759947776794 0.3011031150817871 0.8996814489364624 -1 -1 -1 -1 -1 -1 -1 -1 -1
0.46605154871940613 0.2771850824356079 0.8263056874275208 -1 -1 -1 -1 -1 -1 -1 -1 -1
0.46680328249931335 0.26454806327819824 0.8601911067962646 -1 -1 -1 -1 -1 -1 -1 -1 -1
0.4667303264141083 0.253819078207016 0.7919327616691589 -1 -1 -1 -1 -1 -1 -1 -1 -1
0.47006547451019287 0.26312029361724854 0.8494477272033691 -1 -1 -1 -1 -1 -1 -1 -1 -1
0.4672909677028656 0.25786781311035156 0.7768552303314209 -1 -1 -1 -1 -1 -1 -1 -1 -1
0.4726450741291046 0.26650768518447876 0.8049068450927734 -1 -1 -1 -1 -1 -1 -1 -1 -1
0.46968770027160645 0.2607570290565491 0.7694714665412903 -1 -1 -1 -1 -1 -1 -1 -1 -1
0.51506108045578 0.5815536975860596 0.9992757439613342 -1 -1 -1 -1 -1 -1 -1 -1 -1
0.5170000791549683 0.5733146071434021 0.9994082450866699 -1 -1 -1 -1 -1 -1 -1 -1 -1
0.5202512145042419 0.640568733215332 0.9031217098236084 -1 -1 -1 -1 -1 -1 -1 -1 -1
0.5242846608161926 0.648720920085907 0.7267924547195435 -1 -1 -1 -1 -1 -1 -1 -1 -1
0.5253410339355469 0.7283871173858643 0.8547043800354004 -1 -1 -1 -1 -1 -1 -1 -1 -1
0.5218560695648193 0.7176305055618286 0.7628856301307678 -1 -1 -1 -1 -1 -1 -1 -1 -1
0.5295824408531189 0.7381099462509155 0.9226563572883606 -1 -1 -1 -1 -1 -1 -1 -1 -1
0.5258840918540955 0.7347944974899292 0.8519325852394104 -1 -1 -1 -1 -1 -1 -1 -1 -1
0.5194858312606812 0.7748585939407349 0.8652992248535156 -1 -1 -1 -1 -1 -1 -1 -1 -1
0.5180450081825256 0.7692432403564453 0.7641672492027283 -1 -1 -1 -1 -1 -1 -1 -1 -1
1 
33 
-1 -1 -1 -1 -1 -1 -1 -1 -1 -1
0.48676955699920654 0.36360740661621094 0.9980025887489319 -1 -1 -1 -1 -1 -1 -1 -1 -1
0.49140897393226624 0.3542677164077759 0.998936116695404 -1 -1 -1 -1 -1 -1 -1 -1 -1
0.49268415570259094 0.35420534014701843 0.9990843534469604 -1 -1 -1 -1 -1 -1 -1 -1 -1
0.4937785863876343 0.3540804386138916 0.9990025162696838 -1 -1 -1 -1 -1 -1 -1 -1 -1
0.49092599749565125 0.3542400896549225 0.9980105757713318 -1 -1 -1 -1 -1 -1 -1 -1 -1
0.49158498644828796 0.35420727729797363 0.9977182149887085 -1 -1 -1 -1 -1 -1 -1 -1 -1
0.49215608835220337 0.35404300689697266 0.997383177280426 -1 -1 -1 -1 -1 -1 -1 -1 -1
0.5005910396575928 0.3610268831253052 0.9988456964492798 -1 -1 -1 -1 -1 -1 -1 -1 -1
0.4984723627567291 0.36132681369781494 0.9947484135627747 -1 -1 -1 -1 -1 -1 -1 -1 -1
0.48997610807418823 0.37092506885528564 0.9935095906257629 -1 -1 -1 -1 -1 -1 -1 -1 -1
0.4890718460083008 0.37192973494529724 0.9895598888397217 -1 -1 -1 -1 -1 -1 -1 -1 -1
0.505982518196106 0.38597413897514343 0.9979097247123718 -1 -1 -1 -1 -1 -1 -1 -1 -1
0.5046659708023071 0.3970450460910797 0.9813956618309021 -1 -1 -1 -1 -1 -1 -1 -1 -1
0.49240368604660034 0.32122278213500977 0.9875072836875916 -1 -1 -1 -1 -1 -1 -1 -1 -1
0.49046003818511963 0.31095558404922485 0.23804305493831635 -1 -1 -1 -1 -1 -1 -1 -1 -1
0.47568148374557495 0.24376733601093292 0.9419271349906921 -1 -1 -1 -1 -1 -1 -1 -1 -1
0.4766080975532532 0.24678130447864532 0.5348000526428223 -1 -1 -1 -1 -1 -1 -1 -1 -1
0.471184641122818 0.23853647708892822 0.9043917655944824 -1 -1 -1 -1 -1 -1 -1 -1 -1
0.4754353165626526 0.23591890931129456 0.601872980594635 -1 -1 -1 -1 -1 -1 -1 -1 -1
0.4716464877128601 0.23408398032188416 0.8912799954414368 -1 -1 -1 -1 -1 -1 -1 -1 -1
0.4750202000141144 0.22879552841186523 0.5888599753379822 -1 -1 -1 -1 -1 -1 -1 -1 -1
0.47253817319869995 0.23952677845954895 0.8593902587890625 -1 -1 -1 -1 -1 -1 -1 -1 -1
0.47255611419677734 0.23690184950828552 0.581946611404419 -1 -1 -1 -1 -1 -1 -1 -1 -1
0.5125186443328857 0.5528839826583862 0.99909508228302 -1 -1 -1 -1 -1 -1 -1 -1 -1
0.5130293369293213 0.5593293905258179 0.9984315037727356 -1 -1 -1 -1 -1 -1 -1 -1 -1
0.5163642764091492 0.6044569611549377 0.9834190607070923 -1 -1 -1 -1 -1 -1 -1 -1 -1
0.5122954845428467 0.6319076418876648 0.6897668838500977 -1 -1 -1 -1 -1 -1 -1 -1 -1
0.5224881172180176 0.7127341032028198 0.9655216932296753 -1 -1 -1 -1 -1 -1 -1 -1 -1
0.5300071239471436 0.7535520792007446 0.7301335334777832 -1 -1 -1 -1 -1 -1 -1 -1 -1
0.5334030985832214 0.7338142991065979 0.9770514369010925 -1 -1 -1 -1 -1 -1 -1 -1 -1
0.5361688137054443 0.7705247402191162 0.80756676197052 -1 -1 -1 -1 -1 -1 -1 -1 -1
0.5174692869186401 0.7658088207244873 0.9784507751464844 -1 -1 -1 -1 -1 -1 -1 -1 -1
0.5143253207206726 0.7815632820129395 0.8425614237785339 -1 -1 -1 -1 -1 -1 -1 -1 -1
1 
33 
-1 -1 -1 -1 -1 -1 -1 -1 -1 -1
0.480554461479187 0.34181398153305054 0.9980649352073669 -1 -1 -1 -1 -1 -1 -1 -1 -1
0.48492148518562317 0.33761662244796753 0.9987609386444092 -1 -1 -1 -1 -1 -1 -1 -1 -1
0.4866923689842224 0.3382321000099182 0.9987269043922424 -1 -1 -1 -1 -1 -1 -1 -1 -1
0.4879419803619385 0.3386506140232086 0.9986875653266907 -1 -1 -1 -1 -1 -1 -1 -1 -1
0.48431283235549927 0.3360980749130249 0.9981327652931213 -1 -1 -1 -1 -1 -1 -1 -1 -1
0.4850436747074127 0.3365703225135803 0.9977624416351318 -1 -1 -1 -1 -1 -1 -1 -1 -1
0.48647019267082214 0.33810755610466003 0.9977983236312866 -1 -1 -1 -1 -1 -1 -1 -1 -1
0.49623197317123413 0.3458738327026367 0.9980511665344238 -1 -1 -1 -1 -1 -1 -1 -1 -1
0.49435752630233765 0.3457028269767761 0.9951773881912231 -1 -1 -1 -1 -1 -1 -1 -1 -1
0.486445814371109 0.3513892590999603 0.9930612444877625 -1 -1 -1 -1 -1 -1 -1 -1 -1
0.4855596423149109 0.35219794511795044 0.9912164211273193 -1 -1 -1 -1 -1 -1 -1 -1 -1
0.5046089887619019 0.36757147312164307 0.9965301156044006 -1 -1 -1 -1 -1 -1 -1 -1 -1
0.5048055648803711 0.3804296851158142 0.9913512468338013 -1 -1 -1 -1 -1 -1 -1 -1 -1
0.4893856644630432 0.29795730113983154 0.9817687273025513 -1 -1 -1 -1 -1 -1 -1 -1 -1
0.48357143998146057 0.3018554449081421 0.25040894746780396 -1 -1 -1 -1 -1 -1 -1 -1 -1
0.47380825877189636 0.2248866856098175 0.9434098601341248 -1 -1 -1 -1 -1 -1 -1 -1 -1
0.4733802080154419 0.23509635031223297 0.5135593414306641 -1 -1 -1 -1 -1 -1 -1 -1 -1
0.4708528518676758 0.20771446824073792 0.9058527946472168 -1 -1 -1 -1 -1 -1 -1 -1 -1
0.4697900414466858 0.2168271243572235 0.5667695999145508 -1 -1 -1 -1 -1 -1 -1 -1 -1
0.47377142310142517 0.20165985822677612 0.8929256796836853 -1 -1 -1 -1 -1 -1 -1 -1 -1
0.4671902358531952 0.2125851809978485 0.5576467514038086 -1 -1 -1 -1 -1 -1 -1 -1 -1
0.473945677280426 0.21299239993095398 0.8595896363258362 -1 -1 -1 -1 -1 -1 -1 -1 -1
0.465876042842865 0.21797072887420654 0.5631245970726013 -1 -1 -1 -1 -1 -1 -1 -1 -1
0.5128932595252991 0.5413192510604858 0.9990002512931824 -1 -1 -1 -1 -1 -1 -1 -1 -1
0.5130524635314941 0.5470191240310669 0.9993054866790771 -1 -1 -1 -1 -1 -1 -1 -1 -1
0.5124824047088623 0.5767644047737122 0.9248898029327393 -1 -1 -1 -1 -1 -1 -1 -1 -1
0.5209751129150391 0.6277821063995361 0.6044368743896484 -1 -1 -1 -1 -1 -1 -1 -1 -1
0.5217258334159851 0.6765211820602417 0.9182535409927368 -1 -1 -1 -1 -1 -1 -1 -1 -1
0.5267507433891296 0.72893226146698 0.7036890387535095 -1 -1 -1 -1 -1 -1 -1 -1 -1
0.5279496908187866 0.6812489628791809 0.9607046842575073 -1 -1 -1 -1 -1 -1 -1 -1 -1
0.531496524810791 0.7401244640350342 0.7900403141975403 -1 -1 -1 -1 -1 -1 -1 -1 -1
0.5256026387214661 0.726425290107727 0.9494349360466003 -1 -1 -1 -1 -1 -1 -1 -1 -1
0.5170425176620483 0.7681097388267517 0.796941876411438 -1 -1 -1 -1 -1 -1 -1 -1 -1
1 
33 
-1 -1 -1 -1 -1 -1 -1 -1 -1 -1
0.4837200939655304 0.32207992672920227 0.9985918402671814 -1 -1 -1 -1 -1 -1 -1 -1 -1
0.48771464824676514 0.3181396722793579 0.9991430044174194 -1 -1 -1 -1 -1 -1 -1 -1 -1
0.48889103531837463 0.3187884986400604 0.999244213104248 -1 -1 -1 -1 -1 -1 -1 -1 -1
0.49006080627441406 0.3191806674003601 0.9992468357086182 -1 -1 -1 -1 -1 -1 -1 -1 -1
0.48733291029930115 0.3182342052459717 0.9984960556030273 -1 -1 -1 -1 -1 -1 -1 -1 -1
0.48797520995140076 0.3190818428993225 0.9982786178588867 -1 -1 -1 -1 -1 -1 -1 -1 -1
0.4886205792427063 0.3196388781070709 0.9981752634048462 -1 -1 -1 -1 -1 -1 -1 -1 -1
0.4984897971153259 0.3308407962322235 0.9992551207542419 -1 -1 -1 -1 -1 -1 -1 -1 -1
0.4948003888130188 0.328086793422699 0.9955301880836487 -1 -1 -1 -1 -1 -1 -1 -1 -1
0.48899316787719727 0.33303704857826233 0.9926659464836121 -1 -1 -1 -1 -1 -1 -1 -1 -1
0.48815760016441345 0.33408552408218384 0.9850644469261169 -1 -1 -1 -1 -1 -1 -1 -1 -1
0.5061271786689758 0.3508296012878418 0.9988176226615906 -1 -1 -1 -1 -1 -1 -1 -1 -1
0.5039612054824829 0.37047314643859863 0.9884228110313416 -1 -1 -1 -1 -1 -1 -1 -1 -1
0.4901140630245209 0.27455562353134155 0.9842253923416138 -1 -1 -1 -1 -1 -1 -1 -1 -1
0.4875345230102539 0.28396859765052795 0.2716655433177948 -1 -1 -1 -1 -1 -1 -1 -1 -1
0.47939035296440125 0.2081889510154724 0.9527435898780823 -1 -1 -1 -1 -1 -1 -1 -1 -1
0.47287315130233765 0.2198333740234375 0.5134759545326233 -1 -1 -1 -1 -1 -1 -1 -1 -1
0.47778668999671936 0.1901356279850006 0.9128775596618652 -1 -1 -1 -1 -1 -1 -1 -1 -1
0.4719310998916626 0.20465582609176636 0.5209393501281738 -1 -1 -1 -1 -1 -1 -1 -1 -1
0.4808104932308197 0.18682554364204407 0.9021317958831787 -1 -1 -1 -1 -1 -1 -1 -1 -1
0.46915680170059204 0.20112749934196472 0.5013787746429443 -1 -1 -1 -1 -1 -1 -1 -1 -1
0.4802938401699066 0.19884276390075684 0.8719857931137085 -1 -1 -1 -1 -1 -1 -1 -1 -1
0.4674026370048523 0.20613929629325867 0.5127047300338745 -1 -1 -1 -1 -1 -1 -1 -1 -1
0.5106721520423889 0.5189703106880188 0.9997921586036682 -1 -1 -1 -1 -1 -1 -1 -1 -1
0.5089266896247864 0.5266664624214172 0.999640941619873 -1 -1 -1 -1 -1 -1 -1 -1 -1
0.5112805366516113 0.5635794401168823 0.9669457077980042 -1 -1 -1 -1 -1 -1 -1 -1 -1
0.5204432010650635 0.6198930144309998 0.6523727178573608 -1 -1 -1 -1 -1 -1 -1 -1 -1
0.5204153656959534 0.6710284948348999 0.9335864782333374 -1 -1 -1 -1 -1 -1 -1 -1 -1
0.5269657373428345 0.7253595590591431 0.6682656407356262 -1 -1 -1 -1 -1 -1 -1 -1 -1
0.5257580280303955 0.6845847368240356 0.960276186466217 -1 -1 -1 -1 -1 -1 -1 -1 -1
0.5321711301803589 0.7410457730293274 0.7861051559448242 -1 -1 -1 -1 -1 -1 -1 -1 -1
0.5206388831138611 0.7261128425598145 0.9638053178787231 -1 -1 -1 -1 -1 -1 -1 -1 -1
0.5158448219299316 0.7551308274269104 0.775524914264679 -1 -1 -1 -1 -1 -1 -1 -1 -1
1 
33 
-1 -1 -1 -1 -1 -1 -1 -1 -1 -1
0.4907985031604767 0.31494349241256714 0.9992300271987915 -1 -1 -1 -1 -1 -1 -1 -1 -1
0.4949493706226349 0.3106310963630676 0.9995607733726501 -1 -1 -1 -1 -1 -1 -1 -1 -1
0.49611297249794006 0.31112879514694214 0.9995514750480652 -1 -1 -1 -1 -1 -1 -1 -1 -1
0.4970695972442627 0.3113412857055664 0.9995915293693542 -1 -1 -1 -1 -1 -1 -1 -1 -1
0.4936468303203583 0.3106679320335388 0.9993027448654175 -1 -1 -1 -1 -1 -1 -1 -1 -1
0.4935590326786041 0.3112335503101349 0.9990044236183167 -1 -1 -1 -1 -1 -1 -1 -1 -1
0.4933617413043976 0.31155216693878174 0.9991030693054199 -1 -1 -1 -1 -1 -1 -1 -1 -1
0.5026325583457947 0.3187742829322815 0.9996532201766968 -1 -1 -1 -1 -1 -1 -1 -1 -1
0.49743735790252686 0.3207354247570038 0.9977179765701294 -1 -1 -1 -1 -1 -1 -1 -1 -1
0.4934467673301697 0.32340574264526367 0.9956154823303223 -1 -1 -1 -1 -1 -1 -1 -1 -1
0.4920029640197754 0.32535529136657715 0.9921849370002747 -1 -1 -1 -1 -1 -1 -1 -1 -1
0.5107681751251221 0.3397256135940552 0.9995121955871582 -1 -1 -1 -1 -1 -1 -1 -1 -1
0.5027890205383301 0.36490195989608765 0.9919564723968506 -1 -1 -1 -1 -1 -1 -1 -1 -1
0.4954647421836853 0.27251917123794556 0.9950079917907715 -1 -1 -1 -1 -1 -1 -1 -1 -1
0.4919312000274658 0.31628328561782837 0.1389707624912262 -1 -1 -1 -1 -1 -1 -1 -1 -1
0.48122337460517883 0.1863228678703308 0.9923489093780518 -1 -1 -1 -1 -1 -1 -1 -1 -1
0.4785158634185791 0.2575069069862366 0.26414310932159424 -1 -1 -1 -1 -1 -1 -1 -1 -1
0.4790329933166504 0.16868838667869568 0.9807376265525818 -1 -1 -1 -1 -1 -1 -1 -1 -1
0.4779958128929138 0.24193134903907776 0.26703840494155884 -1 -1 -1 -1 -1 -1 -1 -1 -1
0.47997409105300903 0.16255730390548706 0.9778489470481873 -1 -1 -1 -1 -1 -1 -1 -1 -1
0.47696366906166077 0.24139614403247833 0.260806143283844 -1 -1 -1 -1 -1 -1 -1 -1 -1
0.4798309803009033 0.17135998606681824 0.9673513770103455 -1 -1 -1 -1 -1 -1 -1 -1 -1
0.47553908824920654 0.2457103133201599 0.28119128942489624 -1 -1 -1 -1 -1 -1 -1 -1 -1
0.5178981423377991 0.4916645884513855 0.9999446868896484 -1 -1 -1 -1 -1 -1 -1 -1 -1
0.5093068480491638 0.5070110559463501 0.9998633861541748 -1 -1 -1 -1 -1 -1 -1 -1 -1
0.5108671188354492 0.5187636613845825 0.9786141514778137 -1 -1 -1 -1 -1 -1 -1 -1 -1
0.5165124535560608 0.6117441058158875 0.7099887728691101 -1 -1 -1 -1 -1 -1 -1 -1 -1
0.5213332772254944 0.6292471289634705 0.9348494410514832 -1 -1 -1 -1 -1 -1 -1 -1 -1
0.5188496112823486 0.7105881571769714 0.7525819540023804 -1 -1 -1 -1 -1 -1 -1 -1 -1
0.5244992971420288 0.6433173418045044 0.9534476399421692 -1 -1 -1 -1 -1 -1 -1 -1 -1
0.5332342982292175 0.740037202835083 0.8461940884590149 -1 -1 -1 -1 -1 -1 -1 -1 -1
0.5213354229927063 0.6679878234863281 0.9589492678642273 -1 -1 -1 -1 -1 -1 -1 -1 -1
0.5144057869911194 0.751247763633728 0.7698251008987427 -1 -1 -1 -1 -1 -1 -1 -1 -1
1 
33 
-1 -1 -1 -1 -1 -1 -1 -1 -1 -1
0.4877047836780548 0.3116927444934845 0.9974192380905151 -1 -1 -1 -1 -1 -1 -1 -1 -1
0.491585910320282 0.3061673939228058 0.9980694651603699 -1 -1 -1 -1 -1 -1 -1 -1 -1
0.49244317412376404 0.30666786432266235 0.9981495141983032 -1 -1 -1 -1 -1 -1 -1 -1 -1
0.493205726146698 0.3068969249725342 0.9979425072669983 -1 -1 -1 -1 -1 -1 -1 -1 -1
0.49120351672172546 0.3061486482620239 0.9976195693016052 -1 -1 -1 -1 -1 -1 -1 -1 -1
0.49158528447151184 0.30681073665618896 0.9971990585327148 -1 -1 -1 -1 -1 -1 -1 -1 -1
0.491831511259079 0.3071845769882202 0.9969083666801453 -1 -1 -1 -1 -1 -1 -1 -1 -1
0.4996422529220581 0.31618732213974 0.9975754618644714 -1 -1 -1 -1 -1 -1 -1 -1 -1
0.49680742621421814 0.31698504090309143 0.9940810799598694 -1 -1 -1 -1 -1 -1 -1 -1 -1
0.4911106526851654 0.32149800658226013 0.9910827875137329 -1 -1 -1 -1 -1 -1 -1 -1 -1
0.49036359786987305 0.3220735192298889 0.990168571472168 -1 -1 -1 -1 -1 -1 -1 -1 -1
0.5064765810966492 0.33857813477516174 0.9975413084030151 -1 -1 -1 -1 -1 -1 -1 -1 -1
0.5059866309165955 0.3535100817680359 0.9914337396621704 -1 -1 -1 -1 -1 -1 -1 -1 -1
0.4922660291194916 0.2611951231956482 0.9889692068099976 -1 -1 -1 -1 -1 -1 -1 -1 -1
0.49239176511764526 0.2728973627090454 0.32450950145721436 -1 -1 -1 -1 -1 -1 -1 -1 -1
0.48601752519607544 0.1809948980808258 0.9801267385482788 -1 -1 -1 -1 -1 -1 -1 -1 -1
0.4847691059112549 0.19828954339027405 0.6753147840499878 -1 -1 -1 -1 -1 -1 -1 -1 -1
0.4838234782218933 0.1640356481075287 0.9645736813545227 -1 -1 -1 -1 -1 -1 -1 -1 -1
0.48301851749420166 0.17666956782341003 0.7163503766059875 -1 -1 -1 -1 -1 -1 -1 -1 -1
0.4853709936141968 0.16124451160430908 0.9578068852424622 -1 -1 -1 -1 -1 -1 -1 -1 -1
0.48362502455711365 0.17444264888763428 0.7087751626968384 -1 -1 -1 -1 -1 -1 -1 -1 -1
0.48567622900009155 0.1664963960647583 0.9412693977355957 -1 -1 -1 -1 -1 -1 -1 -1 -1
0.48169633746147156 0.18176719546318054 0.7041164040565491 -1 -1 -1 -1 -1 -1 -1 -1 -1
0.5134484767913818 0.5111297965049744 0.9988633394241333 -1 -1 -1 -1 -1 -1 -1 -1 -1
0.5152143239974976 0.5162043571472168 0.9991994500160217 -1 -1 -1 -1 -1 -1 -1 -1 -1
0.5141238570213318 0.5750126838684082 0.9315232634544373 -1 -1 -1 -1 -1 -1 -1 -1 -1
0.510270893573761 0.5888848900794983 0.6616542935371399 -1 -1 -1 -1 -1 -1 -1 -1 -1
0.5172646641731262 0.6658377647399902 0.9273735880851746 -1 -1 -1 -1 -1 -1 -1 -1 -1
0.5164391994476318 0.691767156124115 0.7351552248001099 -1 -1 -1 -1 -1 -1 -1 -1 -1
0.5157888531684875 0.6928278207778931 0.9585376977920532 -1 -1 -1 -1 -1 -1 -1 -1 -1
0.5210914015769958 0.706114649772644 0.8037912249565125 -1 -1 -1 -1 -1 -1 -1 -1 -1
0.5145025253295898 0.7025645971298218 0.9448347091674805 -1 -1 -1 -1 -1 -1 -1 -1 -1
0.5131780505180359 0.7428429126739502 0.8070724606513977 -1 -1 -1 -1 -1 -1 -1 -1 -1
1 
33 
-1 -1 -1 -1 -1 -1 -1 -1 -1 -1
0.4855697751045227 0.2938205599784851 0.9967934489250183 -1 -1 -1 -1 -1 -1 -1 -1 -1
0.4899750053882599 0.2880903482437134 0.9975723624229431 -1 -1 -1 -1 -1 -1 -1 -1 -1
0.49067655205726624 0.28755325078964233 0.9980079531669617 -1 -1 -1 -1 -1 -1 -1 -1 -1
0.49122354388237 0.2864798903465271 0.9977728724479675 -1 -1 -1 -1 -1 -1 -1 -1 -1
0.4891622066497803 0.28891274333000183 0.9969248175621033 -1 -1 -1 -1 -1 -1 -1 -1 -1
0.489155650138855 0.28916624188423157 0.9967087507247925 -1 -1 -1 -1 -1 -1 -1 -1 -1
0.48894089460372925 0.2888273000717163 0.9962497353553772 -1 -1 -1 -1 -1 -1 -1 -1 -1
0.4975438714027405 0.29526713490486145 0.9977769255638123 -1 -1 -1 -1 -1 -1 -1 -1 -1
0.4925089478492737 0.29924893379211426 0.9931689500808716 -1 -1 -1 -1 -1 -1 -1 -1 -1
0.49009406566619873 0.30480045080184937 0.9859033823013306 -1 -1 -1 -1 -1 -1 -1 -1 -1
0.4891091287136078 0.3061426877975464 0.9813588261604309 -1 -1 -1 -1 -1 -1 -1 -1 -1
0.5045800805091858 0.3203904628753662 0.9973819851875305 -1 -1 -1 -1 -1 -1 -1 -1 -1
0.5000640153884888 0.3355976939201355 0.9782536029815674 -1 -1 -1 -1 -1 -1 -1 -1 -1
0.4854705333709717 0.24996164441108704 0.9799347519874573 -1 -1 -1 -1 -1 -1 -1 -1 -1
0.48151442408561707 0.2583965063095093 0.34290799498558044 -1 -1 -1 -1 -1 -1 -1 -1 -1
0.47961944341659546 0.17970407009124756 0.9554049372673035 -1 -1 -1 -1 -1 -1 -1 -1 -1
0.4726306200027466 0.19488345086574554 0.6472995281219482 -1 -1 -1 -1 -1 -1 -1 -1 -1
0.4750526547431946 0.16201508045196533 0.9285761117935181 -1 -1 -1 -1 -1 -1 -1 -1 -1
0.4732239246368408 0.1695261299610138 0.6619371771812439 -1 -1 -1 -1 -1 -1 -1 -1 -1
0.47889554500579834 0.1585702896118164 0.9175612330436707 -1 -1 -1 -1 -1 -1 -1 -1 -1
0.4707522690296173 0.17058542370796204 0.6469147205352783 -1 -1 -1 -1 -1 -1 -1 -1 -1
0.4798606038093567 0.16434597969055176 0.890357255935669 -1 -1 -1 -1 -1 -1 -1 -1 -1
0.4711073040962219 0.17685091495513916 0.6448435187339783 -1 -1 -1 -1 -1 -1 -1 -1 -1
0.5182361006736755 0.4859235882759094 0.998977541923523 -1 -1 -1 -1 -1 -1 -1 -1 -1
0.512383222579956 0.49095964431762695 0.9983370304107666 -1 -1 -1 -1 -1 -1 -1 -1 -1
0.5138424038887024 0.5615169405937195 0.9804201126098633 -1 -1 -1 -1 -1 -1 -1 -1 -1
0.5105759501457214 0.5868712663650513 0.6954600214958191 -1 -1 -1 -1 -1 -1 -1 -1 -1
0.5160676836967468 0.6784849762916565 0.9557062983512878 -1 -1 -1 -1 -1 -1 -1 -1 -1
0.5158028602600098 0.6953527927398682 0.7536702752113342 -1 -1 -1 -1 -1 -1 -1 -1 -1
0.5217643976211548 0.7028356790542603 0.9636002779006958 -1 -1 -1 -1 -1 -1 -1 -1 -1
0.5232970118522644 0.7396081686019897 0.8150277733802795 -1 -1 -1 -1 -1 -1 -1 -1 -1
0.5050063729286194 0.7303303480148315 0.9611192941665649 -1 -1 -1 -1 -1 -1 -1 -1 -1
0.5083214640617371 0.7430554628372192 0.8078978657722473 -1 -1 -1 -1 -1 -1 -1 -1 -1
1 
33 
-1 -1 -1 -1 -1 -1 -1 -1 -1 -1
0.49224424362182617 0.30796390771865845 0.9750847220420837 -1 -1 -1 -1 -1 -1 -1 -1 -1
0.4943285286426544 0.30189716815948486 0.9808858036994934 -1 -1 -1 -1 -1 -1 -1 -1 -1
0.49489885568618774 0.3019651770591736 0.9815016388893127 -1 -1 -1 -1 -1 -1 -1 -1 -1
0.4954393208026886 0.3019433617591858 0.980786144733429 -1 -1 -1 -1 -1 -1 -1 -1 -1
0.4934978187084198 0.3022906184196472 0.9821651577949524 -1 -1 -1 -1 -1 -1 -1 -1 -1
0.49336865544319153 0.30254530906677246 0.9813117384910583 -1 -1 -1 -1 -1 -1 -1 -1 -1
0.4931543171405792 0.30257928371429443 0.9804613590240479 -1 -1 -1 -1 -1 -1 -1 -1 -1
0.5004875063896179 0.31456756591796875 0.9802858829498291 -1 -1 -1 -1 -1 -1 -1 -1 -1
0.4961327910423279 0.31606367230415344 0.9618998169898987 -1 -1 -1 -1 -1 -1 -1 -1 -1
0.4943770468235016 0.31959402561187744 0.92923504114151 -1 -1 -1 -1 -1 -1 -1 -1 -1
0.4934879243373871 0.3205093443393707 0.9195702075958252 -1 -1 -1 -1 -1 -1 -1 -1 -1
0.5059514045715332 0.32829606533050537 0.9839279055595398 -1 -1 -1 -1 -1 -1 -1 -1 -1
0.5020464658737183 0.34551429748535156 0.9471078515052795 -1 -1 -1 -1 -1 -1 -1 -1 -1
0.4872758090496063 0.2450505644083023 0.9314489960670471 -1 -1 -1 -1 -1 -1 -1 -1 -1
0.48326557874679565 0.25655388832092285 0.3738999366760254 -1 -1 -1 -1 -1 -1 -1 -1 -1
0.4769049882888794 0.17473261058330536 0.9015419483184814 -1 -1 -1 -1 -1 -1 -1 -1 -1
0.4661421775817871 0.18174345791339874 0.6573023200035095 -1 -1 -1 -1 -1 -1 -1 -1 -1
0.47028329968452454 0.15804094076156616 0.86504727602005 -1 -1 -1 -1 -1 -1 -1 -1 -1
0.46728479862213135 0.16791045665740967 0.6712478399276733 -1 -1 -1 -1 -1 -1 -1 -1 -1
0.4739149808883667 0.15315616130828857 0.8461058139801025 -1 -1 -1 -1 -1 -1 -1 -1 -1
0.4632244408130646 0.16411027312278748 0.6488829851150513 -1 -1 -1 -1 -1 -1 -1 -1 -1
0.4723096191883087 0.1633058786392212 0.801288366317749 -1 -1 -1 -1 -1 -1 -1 -1 -1
0.4620211720466614 0.16902372241020203 0.6343340277671814 -1 -1 -1 -1 -1 -1 -1 -1 -1
0.5156537890434265 0.49328237771987915 0.9974279999732971 -1 -1 -1 -1 -1 -1 -1 -1 -1
0.5127612948417664 0.501244843006134 0.9968910813331604 -1 -1 -1 -1 -1 -1 -1 -1 -1
0.5125815868377686 0.5858219861984253 0.9474806189537048 -1 -1 -1 -1 -1 -1 -1 -1 -1
0.5077558755874634 0.5951844453811646 0.6496375799179077 -1 -1 -1 -1 -1 -1 -1 -1 -1
0.5135704278945923 0.6807661056518555 0.8896318078041077 -1 -1 -1 -1 -1 -1 -1 -1 -1
0.5125837922096252 0.7037053108215332 0.7302407026290894 -1 -1 -1 -1 -1 -1 -1 -1 -1
0.5118231773376465 0.7111061215400696 0.9117081165313721 -1 -1 -1 -1 -1 -1 -1 -1 -1
0.519936203956604 0.7377583980560303 0.8472640514373779 -1 -1 -1 -1 -1 -1 -1 -1 -1
0.5095160007476807 0.7214586734771729 0.8867150545120239 -1 -1 -1 -1 -1 -1 -1 -1 -1
0.5093770027160645 0.7429788708686829 0.7513824701309204 -1 -1 -1 -1 -1 -1 -1 -1 -1
1 
33 
-1 -1 -1 -1 -1 -1 -1 -1 -1 -1
0.4878453314304352 0.3029569089412689 0.9947133660316467 -1 -1 -1 -1 -1 -1 -1 -1 -1
0.4903688132762909 0.2953098714351654 0.9957958459854126 -1 -1 -1 -1 -1 -1 -1 -1 -1
0.4909822940826416 0.29494673013687134 0.9959421753883362 -1 -1 -1 -1 -1 -1 -1 -1 -1
0.49161264300346375 0.2944753170013428 0.9961137771606445 -1 -1 -1 -1 -1 -1 -1 -1 -1
0.48934149742126465 0.2959432899951935 0.995944082736969 -1 -1 -1 -1 -1 -1 -1 -1 -1
0.4891703128814697 0.2960021495819092 0.9951364398002625 -1 -1 -1 -1 -1 -1 -1 -1 -1
0.4889860451221466 0.2959209680557251 0.9951221346855164 -1 -1 -1 -1 -1 -1 -1 -1 -1
0.4952438175678253 0.3056870400905609 0.9957256317138672 -1 -1 -1 -1 -1 -1 -1 -1 -1
0.4916125535964966 0.30917131900787354 0.9873500466346741 -1 -1 -1 -1 -1 -1 -1 -1 -1
0.4906933605670929 0.31469419598579407 0.9742014408111572 -1 -1 -1 -1 -1 -1 -1 -1 -1
0.4896627962589264 0.3154456615447998 0.9686365127563477 -1 -1 -1 -1 -1 -1 -1 -1 -1
0.503476083278656 0.32512807846069336 0.9966789484024048 -1 -1 -1 -1 -1 -1 -1 -1 -1
0.4981730580329895 0.34967076778411865 0.9676469564437866 -1 -1 -1 -1 -1 -1 -1 -1 -1
0.49044516682624817 0.25200799107551575 0.9877510070800781 -1 -1 -1 -1 -1 -1 -1 -1 -1
0.49423208832740784 0.2935190200805664 0.25231239199638367 -1 -1 -1 -1 -1 -1 -1 -1 -1
0.48208776116371155 0.17843864858150482 0.9846599102020264 -1 -1 -1 -1 -1 -1 -1 -1 -1
0.4764367938041687 0.23107558488845825 0.4738345146179199 -1 -1 -1 -1 -1 -1 -1 -1 -1
0.47732216119766235 0.16119450330734253 0.9711655974388123 -1 -1 -1 -1 -1 -1 -1 -1 -1
0.4759675860404968 0.21758350729942322 0.48277491331100464 -1 -1 -1 -1 -1 -1 -1 -1 -1
0.47676244378089905 0.15791764855384827 0.9660159349441528 -1 -1 -1 -1 -1 -1 -1 -1 -1
0.4720330238342285 0.21586383879184723 0.47099483013153076 -1 -1 -1 -1 -1 -1 -1 -1 -1
0.4780297577381134 0.1639959216117859 0.9524924755096436 -1 -1 -1 -1 -1 -1 -1 -1 -1
0.4710753262042999 0.22025328874588013 0.4792059659957886 -1 -1 -1 -1 -1 -1 -1 -1 -1
0.5138571262359619 0.4846212565898895 0.9991657733917236 -1 -1 -1 -1 -1 -1 -1 -1 -1
0.5091280937194824 0.4996607303619385 0.9988561868667603 -1 -1 -1 -1 -1 -1 -1 -1 -1
0.5138208866119385 0.5794713497161865 0.9756094217300415 -1 -1 -1 -1 -1 -1 -1 -1 -1
0.5041369199752808 0.5933283567428589 0.7211081981658936 -1 -1 -1 -1 -1 -1 -1 -1 -1
0.513643205165863 0.6898201704025269 0.938276469707489 -1 -1 -1 -1 -1 -1 -1 -1 -1
0.5168666839599609 0.7244720458984375 0.7720244526863098 -1 -1 -1 -1 -1 -1 -1 -1 -1
0.514907717704773 0.722815990447998 0.938955545425415 -1 -1 -1 -1 -1 -1 -1 -1 -1
0.5207386612892151 0.7457060813903809 0.8210043907165527 -1 -1 -1 -1 -1 -1 -1 -1 -1
0.5104496479034424 0.7340621948242188 0.9428216814994812 -1 -1 -1 -1 -1 -1 -1 -1 -1
0.5086032152175903 0.7492544651031494 0.8135103583335876 -1 -1 -1 -1 -1 -1 -1 -1 -1
1 
33 
-1 -1 -1 -1 -1 -1 -1 -1 -1 -1
0.47396978735923767 0.2785979211330414 0.9988316893577576 -1 -1 -1 -1 -1 -1 -1 -1 -1
0.47563841938972473 0.27264589071273804 0.9990599751472473 -1 -1 -1 -1 -1 -1 -1 -1 -1
0.4761255383491516 0.2730258107185364 0.9990662932395935 -1 -1 -1 -1 -1 -1 -1 -1 -1
0.4766402244567871 0.2735143005847931 0.9991278052330017 -1 -1 -1 -1 -1 -1 -1 -1 -1
0.47561755776405334 0.27261626720428467 0.9989482760429382 -1 -1 -1 -1 -1 -1 -1 -1 -1
0.4759109318256378 0.27296626567840576 0.9987826943397522 -1 -1 -1 -1 -1 -1 -1 -1 -1
0.4762561023235321 0.27334749698638916 0.9988981485366821 -1 -1 -1 -1 -1 -1 -1 -1 -1
0.4805743396282196 0.28290796279907227 0.9986693859100342 -1 -1 -1 -1 -1 -1 -1 -1 -1
0.4800097346305847 0.2819770276546478 0.9974435567855835 -1 -1 -1 -1 -1 -1 -1 -1 -1
0.4758472740650177 0.2929672598838806 0.9936438798904419 -1 -1 -1 -1 -1 -1 -1 -1 -1
0.47521114349365234 0.2950449287891388 0.9913257956504822 -1 -1 -1 -1 -1 -1 -1 -1 -1
0.4990207850933075 0.31447920203208923 0.9982011318206787 -1 -1 -1 -1 -1 -1 -1 -1 -1
0.486854612827301 0.3232094943523407 0.9892730116844177 -1 -1 -1 -1 -1 -1 -1 -1 -1
0.483917236328125 0.24000491201877594 0.9512737989425659 -1 -1 -1 -1 -1 -1 -1 -1 -1
0.4768151640892029 0.2598101794719696 0.2956545650959015 -1 -1 -1 -1 -1 -1 -1 -1 -1
0.4740656614303589 0.18174093961715698 0.9671826362609863 -1 -1 -1 -1 -1 -1 -1 -1 -1
0.4637398421764374 0.18533268570899963 0.5214546322822571 -1 -1 -1 -1 -1 -1 -1 -1 -1
0.4706721007823944 0.16059064865112305 0.9492448568344116 -1 -1 -1 -1 -1 -1 -1 -1 -1
0.4650786221027374 0.16907116770744324 0.515697181224823 -1 -1 -1 -1 -1 -1 -1 -1 -1
0.47027355432510376 0.1603395640850067 0.9417183995246887 -1 -1 -1 -1 -1 -1 -1 -1 -1
0.4620894491672516 0.16581851243972778 0.4928843677043915 -1 -1 -1 -1 -1 -1 -1 -1 -1
0.4700604975223541 0.16698402166366577 0.9145718812942505 -1 -1 -1 -1 -1 -1 -1 -1 -1
0.4602867066860199 0.17103442549705505 0.5010883808135986 -1 -1 -1 -1 -1 -1 -1 -1 -1
0.5110021233558655 0.4812721908092499 0.999713122844696 -1 -1 -1 -1 -1 -1 -1 -1 -1
0.5039297342300415 0.48737698793411255 0.9995473027229309 -1 -1 -1 -1 -1 -1 -1 -1 -1
0.5096820592880249 0.5526825189590454 0.9201185703277588 -1 -1 -1 -1 -1 -1 -1 -1 -1
0.51421058177948 0.5897558927536011 0.7178565859794617 -1 -1 -1 -1 -1 -1 -1 -1 -1
0.5110940337181091 0.6825338006019592 0.9076249003410339 -1 -1 -1 -1 -1 -1 -1 -1 -1
0.5131416320800781 0.7161426544189453 0.7566111087799072 -1 -1 -1 -1 -1 -1 -1 -1 -1
0.5081004500389099 0.7151542901992798 0.9259019494056702 -1 -1 -1 -1 -1 -1 -1 -1 -1
0.5149475932121277 0.7359256744384766 0.788367509841919 -1 -1 -1 -1 -1 -1 -1 -1 -1
0.5091909170150757 0.7347513437271118 0.9238973259925842 -1 -1 -1 -1 -1 -1 -1 -1 -1
0.5086429119110107 0.74509197473526 0.7697778344154358 -1 -1 -1 -1 -1 -1 -1 -1 -1
1 
33 
-1 -1 -1 -1 -1 -1 -1 -1 -1 -1
0.47360289096832275 0.3182107210159302 0.9942814111709595 -1 -1 -1 -1 -1 -1 -1 -1 -1
0.4754018783569336 0.30949288606643677 0.9950954914093018 -1 -1 -1 -1 -1 -1 -1 -1 -1
0.47627606987953186 0.30995434522628784 0.9949017763137817 -1 -1 -1 -1 -1 -1 -1 -1 -1
0.4778777062892914 0.31003427505493164 0.9946199655532837 -1 -1 -1 -1 -1 -1 -1 -1 -1
0.47515419125556946 0.30930715799331665 0.9946364760398865 -1 -1 -1 -1 -1 -1 -1 -1 -1
0.4757228493690491 0.3100256323814392 0.9937679767608643 -1 -1 -1 -1 -1 -1 -1 -1 -1
0.47609561681747437 0.31021061539649963 0.9933090209960938 -1 -1 -1 -1 -1 -1 -1 -1 -1
0.4865306615829468 0.32346028089523315 0.9940111041069031 -1 -1 -1 -1 -1 -1 -1 -1 -1
0.4818669855594635 0.32462701201438904 0.986620306968689 -1 -1 -1 -1 -1 -1 -1 -1 -1
0.4792667627334595 0.33177071809768677 0.9860193729400635 -1 -1 -1 -1 -1 -1 -1 -1 -1
0.47852960228919983 0.3324078917503357 0.9793872833251953 -1 -1 -1 -1 -1 -1 -1 -1 -1
0.5013778805732727 0.35099461674690247 0.9949659705162048 -1 -1 -1 -1 -1 -1 -1 -1 -1
0.4939877688884735 0.36503592133522034 0.9867779016494751 -1 -1 -1 -1 -1 -1 -1 -1 -1
0.48706722259521484 0.26991426944732666 0.9613192081451416 -1 -1 -1 -1 -1 -1 -1 -1 -1
0.4792642593383789 0.2830294668674469 0.4405563175678253 -1 -1 -1 -1 -1 -1 -1 -1 -1
0.4739222824573517 0.20289066433906555 0.9507712125778198 -1 -1 -1 -1 -1 -1 -1 -1 -1
0.46528470516204834 0.20757034420967102 0.7071109414100647 -1 -1 -1 -1 -1 -1 -1 -1 -1
0.46819597482681274 0.18657633662223816 0.9162827730178833 -1 -1 -1 -1 -1 -1 -1 -1 -1
0.46591636538505554 0.18985137343406677 0.7001581788063049 -1 -1 -1 -1 -1 -1 -1 -1 -1
0.46571558713912964 0.18565237522125244 0.9045006632804871 -1 -1 -1 -1 -1 -1 -1 -1 -1
0.46241745352745056 0.18627461791038513 0.680145263671875 -1 -1 -1 -1 -1 -1 -1 -1 -1
0.46895870566368103 0.1900319755077362 0.8732249736785889 -1 -1 -1 -1 -1 -1 -1 -1 -1
0.46163129806518555 0.19266799092292786 0.6660977005958557 -1 -1 -1 -1 -1 -1 -1 -1 -1
0.5131880044937134 0.5200888514518738 0.998618483543396 -1 -1 -1 -1 -1 -1 -1 -1 -1
0.5080998539924622 0.5262424349784851 0.9987595081329346 -1 -1 -1 -1 -1 -1 -1 -1 -1
0.5062997937202454 0.5692042112350464 0.8959565162658691 -1 -1 -1 -1 -1 -1 -1 -1 -1
0.5120762586593628 0.6140928268432617 0.7233838438987732 -1 -1 -1 -1 -1 -1 -1 -1 -1
0.5075979828834534 0.679814338684082 0.8745682835578918 -1 -1 -1 -1 -1 -1 -1 -1 -1
0.5093244910240173 0.6973344087600708 0.8109875917434692 -1 -1 -1 -1 -1 -1 -1 -1 -1
0.5086625218391418 0.6991374492645264 0.9090631008148193 -1 -1 -1 -1 -1 -1 -1 -1 -1
0.5202867388725281 0.7424121499061584 0.8470727205276489 -1 -1 -1 -1 -1 -1 -1 -1 -1
0.5041714310646057 0.7331388592720032 0.8916486501693726 -1 -1 -1 -1 -1 -1 -1 -1 -1
0.5059217214584351 0.7585256099700928 0.8345891237258911 -1 -1 -1 -1 -1 -1 -1 -1 -1
1 
33 
-1 -1 -1 -1 -1 -1 -1 -1 -1 -1
0.47592365741729736 0.38410043716430664 0.5644974112510681 -1 -1 -1 -1 -1 -1 -1 -1 -1
0.4782966077327728 0.3761078119277954 0.5817007422447205 -1 -1 -1 -1 -1 -1 -1 -1 -1
0.4791881740093231 0.37627315521240234 0.6061574220657349 -1 -1 -1 -1 -1 -1 -1 -1 -1
0.4801284670829773 0.37656930088996887 0.5761743187904358 -1 -1 -1 -1 -1 -1 -1 -1 -1
0.47725358605384827 0.3757535517215729 0.5928090810775757 -1 -1 -1 -1 -1 -1 -1 -1 -1
0.47716188430786133 0.37576645612716675 0.6021717190742493 -1 -1 -1 -1 -1 -1 -1 -1 -1
0.4771009385585785 0.37577754259109497 0.6001092791557312 -1 -1 -1 -1 -1 -1 -1 -1 -1
0.4840127229690552 0.3814329504966736 0.5749484896659851 -1 -1 -1 -1 -1 -1 -1 -1 -1
0.4797366261482239 0.3800136148929596 0.5381019711494446 -1 -1 -1 -1 -1 -1 -1 -1 -1
0.4778583347797394 0.3934978246688843 0.4034425616264343 -1 -1 -1 -1 -1 -1 -1 -1 -1
0.47655582427978516 0.3928601145744324 0.40326541662216187 -1 -1 -1 -1 -1 -1 -1 -1 -1
0.4959724247455597 0.402210533618927 0.9569252729415894 -1 -1 -1 -1 -1 -1 -1 -1 -1
0.4806531071662903 0.3998420238494873 0.9858403205871582 -1 -1 -1 -1 -1 -1 -1 -1 -1
0.49613678455352783 0.35397249460220337 0.6443411707878113 -1 -1 -1 -1 -1 -1 -1 -1 -1
0.47689688205718994 0.3318242132663727 0.5070754885673523 -1 -1 -1 -1 -1 -1 -1 -1 -1
0.4817620515823364 0.2862747311592102 0.7507139444351196 -1 -1 -1 -1 -1 -1 -1 -1 -1
0.4748879373073578 0.2699947953224182 0.6498059630393982 -1 -1 -1 -1 -1 -1 -1 -1 -1
0.47789689898490906 0.274830162525177 0.7348148822784424 -1 -1 -1 -1 -1 -1 -1 -1 -1
0.4761953353881836 0.2571154534816742 0.6333262920379639 -1 -1 -1 -1 -1 -1 -1 -1 -1
0.47902199625968933 0.26665180921554565 0.713897705078125 -1 -1 -1 -1 -1 -1 -1 -1 -1
0.475424200296402 0.25711870193481445 0.6197240352630615 -1 -1 -1 -1 -1 -1 -1 -1 -1
0.4797115921974182 0.2717175781726837 0.6642189621925354 -1 -1 -1 -1 -1 -1 -1 -1 -1
0.4745108187198639 0.2623630464076996 0.6108362674713135 -1 -1 -1 -1 -1 -1 -1 -1 -1
0.5059674978256226 0.5575271844863892 0.9988073110580444 -1 -1 -1 -1 -1 -1 -1 -1 -1
0.49593204259872437 0.5604317784309387 0.9995926022529602 -1 -1 -1 -1 -1 -1 -1 -1 -1
0.5159381628036499 0.5799389481544495 0.8692477941513062 -1 -1 -1 -1 -1 -1 -1 -1 -1
0.4934372305870056 0.6213449239730835 0.8975473046302795 -1 -1 -1 -1 -1 -1 -1 -1 -1
0.5073358416557312 0.6598334312438965 0.7726824879646301 -1 -1 -1 -1 -1 -1 -1 -1 -1
0.5111569762229919 0.7333933115005493 0.886177659034729 -1 -1 -1 -1 -1 -1 -1 -1 -1
0.5073447823524475 0.6700109243392944 0.8403795957565308 -1 -1 -1 -1 -1 -1 -1 -1 -1
0.5168907046318054 0.7457818984985352 0.8829264044761658 -1 -1 -1 -1 -1 -1 -1 -1 -1
0.5075395703315735 0.6884761452674866 0.8121899366378784 -1 -1 -1 -1 -1 -1 -1 -1 -1
0.5085912942886353 0.772754430770874 0.8846328258514404 -1 -1 -1 -1 -1 -1 -1 -1 -1
1 
33 
-1 -1 -1 -1 -1 -1 -1 -1 -1 -1
0.46621111035346985 0.38864290714263916 0.9958584904670715 -1 -1 -1 -1 -1 -1 -1 -1 -1
0.4700813591480255 0.37787914276123047 0.9977265000343323 -1 -1 -1 -1 -1 -1 -1 -1 -1
0.471133291721344 0.3770953416824341 0.9976187348365784 -1 -1 -1 -1 -1 -1 -1 -1 -1
0.472208708524704 0.37629997730255127 0.998319685459137 -1 -1 -1 -1 -1 -1 -1 -1 -1
0.4692371189594269 0.37762635946273804 0.997174859046936 -1 -1 -1 -1 -1 -1 -1 -1 -1
0.4697049856185913 0.37667205929756165 0.9953677654266357 -1 -1 -1 -1 -1 -1 -1 -1 -1
0.4702059030532837 0.37562572956085205 0.9966408014297485 -1 -1 -1 -1 -1 -1 -1 -1 -1
0.4795879125595093 0.3754613995552063 0.9975730776786804 -1 -1 -1 -1 -1 -1 -1 -1 -1
0.4762212038040161 0.375397264957428 0.9941614270210266 -1 -1 -1 -1 -1 -1 -1 -1 -1
0.47018730640411377 0.39435893297195435 0.9920756816864014 -1 -1 -1 -1 -1 -1 -1 -1 -1
0.4692210853099823 0.3945460617542267 0.9858549237251282 -1 -1 -1 -1 -1 -1 -1 -1 -1
0.49870771169662476 0.39981377124786377 0.9986299276351929 -1 -1 -1 -1 -1 -1 -1 -1 -1
0.4840684235095978 0.4075722098350525 0.9881711006164551 -1 -1 -1 -1 -1 -1 -1 -1 -1
0.49789392948150635 0.34414568543434143 0.9646987318992615 -1 -1 -1 -1 -1 -1 -1 -1 -1
0.48346149921417236 0.3784732520580292 0.06305761635303497 -1 -1 -1 -1 -1 -1 -1 -1 -1
0.49445202946662903 0.28845611214637756 0.8784303069114685 -1 -1 -1 -1 -1 -1 -1 -1 -1
0.49452805519104004 0.34852835536003113 0.11496230214834213 -1 -1 -1 -1 -1 -1 -1 -1 -1
0.4901082217693329 0.27678006887435913 0.8616427183151245 -1 -1 -1 -1 -1 -1 -1 -1 -1
0.49879029393196106 0.3432309925556183 0.14610172808170319 -1 -1 -1 -1 -1 -1 -1 -1 -1
0.48953813314437866 0.2767622470855713 0.8549554944038391 -1 -1 -1 -1 -1 -1 -1 -1 -1
0.5012539029121399 0.3420660197734833 0.15073925256729126 -1 -1 -1 -1 -1 -1 -1 -1 -1
0.4908375144004822 0.2815134823322296 0.7917401194572449 -1 -1 -1 -1 -1 -1 -1 -1 -1
0.49950772523880005 0.34291911125183105 0.15400297939777374 -1 -1 -1 -1 -1 -1 -1 -1 -1
0.5140697956085205 0.5410296320915222 0.9999368190765381 -1 -1 -1 -1 -1 -1 -1 -1 -1
0.499934583902359 0.5455507636070251 0.9996384382247925 -1 -1 -1 -1 -1 -1 -1 -1 -1
0.4937717020511627 0.6215810179710388 0.9920416474342346 -1 -1 -1 -1 -1 -1 -1 -1 -1
0.48904454708099365 0.6223053336143494 0.5553025603294373 -1 -1 -1 -1 -1 -1 -1 -1 -1
0.5098960995674133 0.7220528721809387 0.9918377995491028 -1 -1 -1 -1 -1 -1 -1 -1 -1
0.5182245969772339 0.7131109237670898 0.6565949320793152 -1 -1 -1 -1 -1 -1 -1 -1 -1
0.5182172060012817 0.7369396686553955 0.9789943695068359 -1 -1 -1 -1 -1 -1 -1 -1 -1
0.5261710286140442 0.7194896340370178 0.7256801724433899 -1 -1 -1 -1 -1 -1 -1 -1 -1
0.49691906571388245 0.7769851088523865 0.991606593132019 -1 -1 -1 -1 -1 -1 -1 -1 -1
0.5108659863471985 0.756147027015686 0.7355567216873169 -1 -1 -1 -1 -1 -1 -1 -1 -1
1 
33 
-1 -1 -1 -1 -1 -1 -1 -1 -1 -1
0.4956476092338562 0.6865364909172058 0.9757075905799866 -1 -1 -1 -1 -1 -1 -1 -1 -1
0.49747222661972046 0.6958046555519104 0.9736589193344116 -1 -1 -1 -1 -1 -1 -1 -1 -1
0.49716249108314514 0.696182370185852 0.9619422554969788 -1 -1 -1 -1 -1 -1 -1 -1 -1
0.4968462288379669 0.6964945197105408 0.975580632686615 -1 -1 -1 -1 -1 -1 -1 -1 -1
0.4998724162578583 0.6945192813873291 0.9729361534118652 -1 -1 -1 -1 -1 -1 -1 -1 -1
0.5012081265449524 0.6940296292304993 0.9608157873153687 -1 -1 -1 -1 -1 -1 -1 -1 -1
0.5025156736373901 0.6935269236564636 0.973638117313385 -1 -1 -1 -1 -1 -1 -1 -1 -1
0.5005807280540466 0.6919457912445068 0.9618335366249084 -1 -1 -1 -1 -1 -1 -1 -1 -1
0.5081520676612854 0.6872391104698181 0.9469483494758606 -1 -1 -1 -1 -1 -1 -1 -1 -1
0.49551934003829956 0.6772287487983704 0.9798972010612488 -1 -1 -1 -1 -1 -1 -1 -1 -1
0.49822723865509033 0.6757917404174805 0.9787065982818604 -1 -1 -1 -1 -1 -1 -1 -1 -1
0.49737194180488586 0.6561369895935059 0.9934908151626587 -1 -1 -1 -1 -1 -1 -1 -1 -1
0.512324869632721 0.6458545327186584 0.9928886294364929 -1 -1 -1 -1 -1 -1 -1 -1 -1
0.49908575415611267 0.6767179369926453 0.5610518455505371 -1 -1 -1 -1 -1 -1 -1 -1 -1
0.5017558932304382 0.676937460899353 0.68479323387146 -1 -1 -1 -1 -1 -1 -1 -1 -1
0.5048660039901733 0.7292230129241943 0.4425020217895508 -1 -1 -1 -1 -1 -1 -1 -1 -1
0.5018209218978882 0.7349767088890076 0.6678489446640015 -1 -1 -1 -1 -1 -1 -1 -1 -1
0.5078595280647278 0.7463331818580627 0.43921592831611633 -1 -1 -1 -1 -1 -1 -1 -1 -1
0.5031582117080688 0.7489120960235596 0.6568182706832886 -1 -1 -1 -1 -1 -1 -1 -1 -1
0.509299635887146 0.7468594908714294 0.4321373999118805 -1 -1 -1 -1 -1 -1 -1 -1 -1
0.5082699060440063 0.7503882646560669 0.650783360004425 -1 -1 -1 -1 -1 -1 -1 -1 -1
0.5081044435501099 0.7441548109054565 0.4080294072628021 -1 -1 -1 -1 -1 -1 -1 -1 -1
0.5085809230804443 0.7421634197235107 0.5946279764175415 -1 -1 -1 -1 -1 -1 -1 -1 -1
0.496285617351532 0.5114264488220215 0.9994895458221436 -1 -1 -1 -1 -1 -1 -1 -1 -1
0.5110114812850952 0.5117517709732056 0.9995892643928528 -1 -1 -1 -1 -1 -1 -1 -1 -1
0.47738558053970337 0.42967766523361206 0.7728632092475891 -1 -1 -1 -1 -1 -1 -1 -1 -1
0.4997177720069885 0.45700007677078247 0.7512426376342773 -1 -1 -1 -1 -1 -1 -1 -1 -1
0.5014228820800781 0.41957882046699524 0.67817622423172 -1 -1 -1 -1 -1 -1 -1 -1 -1
0.49867451190948486 0.4145135283470154 0.8334080576896667 -1 -1 -1 -1 -1 -1 -1 -1 -1
0.5062448978424072 0.4252154231071472 0.6177787780761719 -1 -1 -1 -1 -1 -1 -1 -1 -1
0.4996397793292999 0.4117647409439087 0.7439794540405273 -1 -1 -1 -1 -1 -1 -1 -1 -1
0.505932092666626 0.39880186319351196 0.746889054775238 -1 -1 -1 -1 -1 -1 -1 -1 -1
0.4957878887653351 0.39205503463745117 0.8814088106155396 -1 -1 -1 -1 -1 -1 -1 -1 -1
1 
33 
-1 -1 -1 -1 -1 -1 -1 -1 -1 -1
0.46060243248939514 0.4591142535209656 0.9975420236587524 -1 -1 -1 -1 -1 -1 -1 -1 -1
0.46144723892211914 0.44866716861724854 0.9985564351081848 -1 -1 -1 -1 -1 -1 -1 -1 -1
0.4696022868156433 0.4457601308822632 0.9989001750946045 -1 -1 -1 -1 -1 -1 -1 -1 -1
0.47060468792915344 0.44511842727661133 0.9986830353736877 -1 -1 -1 -1 -1 -1 -1 -1 -1
0.4616798460483551 0.4478154182434082 0.99662846326828 -1 -1 -1 -1 -1 -1 -1 -1 -1
0.46293431520462036 0.44637632369995117 0.9961484670639038 -1 -1 -1 -1 -1 -1 -1 -1 -1
0.46438732743263245 0.44240352511405945 0.9956814050674438 -1 -1 -1 -1 -1 -1 -1 -1 -1
0.47875848412513733 0.43822842836380005 0.9990140199661255 -1 -1 -1 -1 -1 -1 -1 -1 -1
0.4741194248199463 0.44014185667037964 0.9973101615905762 -1 -1 -1 -1 -1 -1 -1 -1 -1
0.47113415598869324 0.4625568985939026 0.9985325336456299 -1 -1 -1 -1 -1 -1 -1 -1 -1
0.4690771996974945 0.4620895981788635 0.9958159327507019 -1 -1 -1 -1 -1 -1 -1 -1 -1
0.511181116104126 0.4655269384384155 0.9999579191207886 -1 -1 -1 -1 -1 -1 -1 -1 -1
0.49299386143684387 0.445031076669693 0.9994725584983826 -1 -1 -1 -1 -1 -1 -1 -1 -1
0.5222173929214478 0.49321508407592773 0.9168786406517029 -1 -1 -1 -1 -1 -1 -1 -1 -1
0.5122196078300476 0.4471813142299652 0.28010186553001404 -1 -1 -1 -1 -1 -1 -1 -1 -1
0.5275656580924988 0.4910951852798462 0.7584124803543091 -1 -1 -1 -1 -1 -1 -1 -1 -1
0.5288642048835754 0.45932120084762573 0.2888912558555603 -1 -1 -1 -1 -1 -1 -1 -1 -1
0.5300049185752869 0.49142569303512573 0.7749068737030029 -1 -1 -1 -1 -1 -1 -1 -1 -1
0.533406674861908 0.46403777599334717 0.327316552400589 -1 -1 -1 -1 -1 -1 -1 -1 -1
0.528948187828064 0.48786044120788574 0.7872748374938965 -1 -1 -1 -1 -1 -1 -1 -1 -1
0.534328043460846 0.4643799066543579 0.3403533697128296 -1 -1 -1 -1 -1 -1 -1 -1 -1
0.5272830724716187 0.48764485120773315 0.7070905566215515 -1 -1 -1 -1 -1 -1 -1 -1 -1
0.5323013663291931 0.4630225896835327 0.3296375870704651 -1 -1 -1 -1 -1 -1 -1 -1 -1
0.5105434656143188 0.5959004163742065 0.9999940395355225 -1 -1 -1 -1 -1 -1 -1 -1 -1
0.4942328631877899 0.5880445241928101 0.9999544620513916 -1 -1 -1 -1 -1 -1 -1 -1 -1
0.48334431648254395 0.6425973176956177 0.991791844367981 -1 -1 -1 -1 -1 -1 -1 -1 -1
0.48248380422592163 0.6483392715454102 0.5478411316871643 -1 -1 -1 -1 -1 -1 -1 -1 -1
0.5072391033172607 0.7299585342407227 0.9772166013717651 -1 -1 -1 -1 -1 -1 -1 -1 -1
0.5092261433601379 0.7179197669029236 0.6576935648918152 -1 -1 -1 -1 -1 -1 -1 -1 -1
0.5174488425254822 0.7376051545143127 0.9656231999397278 -1 -1 -1 -1 -1 -1 -1 -1 -1
0.5192657709121704 0.7262811660766602 0.704414963722229 -1 -1 -1 -1 -1 -1 -1 -1 -1
0.4917207360267639 0.7850154638290405 0.9780139923095703 -1 -1 -1 -1 -1 -1 -1 -1 -1
0.5030600428581238 0.7708339095115662 0.6863762140274048 -1 -1 -1 -1 -1 -1 -1 -1 -1
1 
33 
-1 -1 -1 -1 -1 -1 -1 -1 -1 -1
0.5038048028945923 0.6949589848518372 0.9977701902389526 -1 -1 -1 -1 -1 -1 -1 -1 -1
0.5047758221626282 0.6997864246368408 0.9977699518203735 -1 -1 -1 -1 -1 -1 -1 -1 -1
0.5047073364257812 0.6996815204620361 0.9960248470306396 -1 -1 -1 -1 -1 -1 -1 -1 -1
0.504631757736206 0.699553906917572 0.9973189234733582 -1 -1 -1 -1 -1 -1 -1 -1 -1
0.5056872963905334 0.6998035907745361 0.9968131184577942 -1 -1 -1 -1 -1 -1 -1 -1 -1
0.5063901543617249 0.6997019648551941 0.9951896667480469 -1 -1 -1 -1 -1 -1 -1 -1 -1
0.5070768594741821 0.699606716632843 0.9966093301773071 -1 -1 -1 -1 -1 -1 -1 -1 -1
0.5070828795433044 0.6967035531997681 0.9959868788719177 -1 -1 -1 -1 -1 -1 -1 -1 -1
0.5107534527778625 0.6962354779243469 0.9912691116333008 -1 -1 -1 -1 -1 -1 -1 -1 -1
0.5039690136909485 0.6892538666725159 0.9978367686271667 -1 -1 -1 -1 -1 -1 -1 -1 -1
0.5051575303077698 0.6894750595092773 0.9968613386154175 -1 -1 -1 -1 -1 -1 -1 -1 -1
0.5042616724967957 0.6727331280708313 0.9995057582855225 -1 -1 -1 -1 -1 -1 -1 -1 -1
0.514601469039917 0.6749574542045593 0.9967610239982605 -1 -1 -1 -1 -1 -1 -1 -1 -1
0.494260311126709 0.6377274394035339 0.3769027888774872 -1 -1 -1 -1 -1 -1 -1 -1 -1
0.5028301477432251 0.6778262853622437 0.5659992098808289 -1 -1 -1 -1 -1 -1 -1 -1 -1
0.5032376646995544 0.6429839730262756 0.563991367816925 -1 -1 -1 -1 -1 -1 -1 -1 -1
0.5075356960296631 0.7083631157875061 0.783147394657135 -1 -1 -1 -1 -1 -1 -1 -1 -1
0.5060954689979553 0.6401187181472778 0.5883480906486511 -1 -1 -1 -1 -1 -1 -1 -1 -1
0.5093953013420105 0.7132771611213684 0.8169692158699036 -1 -1 -1 -1 -1 -1 -1 -1 -1
0.5067726373672485 0.6479126214981079 0.5658508539199829 -1 -1 -1 -1 -1 -1 -1 -1 -1
0.5118008852005005 0.7160679697990417 0.7911676168441772 -1 -1 -1 -1 -1 -1 -1 -1 -1
0.5057855844497681 0.6493732929229736 0.4801011085510254 -1 -1 -1 -1 -1 -1 -1 -1 -1
0.5112358331680298 0.7141405344009399 0.736042320728302 -1 -1 -1 -1 -1 -1 -1 -1 -1
0.5015518665313721 0.5901620984077454 0.9999854564666748 -1 -1 -1 -1 -1 -1 -1 -1 -1
0.5102745890617371 0.5917966365814209 0.9997861981391907 -1 -1 -1 -1 -1 -1 -1 -1 -1
0.4810015857219696 0.5379884839057922 0.9610471725463867 -1 -1 -1 -1 -1 -1 -1 -1 -1
0.5072859525680542 0.5973366498947144 0.7049868702888489 -1 -1 -1 -1 -1 -1 -1 -1 -1
0.4791952967643738 0.49142521619796753 0.9694613814353943 -1 -1 -1 -1 -1 -1 -1 -1 -1
0.496005654335022 0.6290635466575623 0.7547944188117981 -1 -1 -1 -1 -1 -1 -1 -1 -1
0.48191773891448975 0.4888555705547333 0.9682687520980835 -1 -1 -1 -1 -1 -1 -1 -1 -1
0.49492931365966797 0.6330592632293701 0.7903268933296204 -1 -1 -1 -1 -1 -1 -1 -1 -1
0.47067245841026306 0.4657691419124603 0.9600775837898254 -1 -1 -1 -1 -1 -1 -1 -1 -1
0.49313777685165405 0.6365470290184021 0.7640267014503479 -1 -1 -1 -1 -1 -1 -1 -1 -1
1 
33 
-1 -1 -1 -1 -1 -1 -1 -1 -1 -1
0.5148393511772156 0.7456613779067993 0.998700737953186 -1 -1 -1 -1 -1 -1 -1 -1 -1
0.5094634294509888 0.7483155727386475 0.9994257688522339 -1 -1 -1 -1 -1 -1 -1 -1 -1
0.5084062218666077 0.7474257349967957 0.9991880059242249 -1 -1 -1 -1 -1 -1 -1 -1 -1
0.5073592066764832 0.7465176582336426 0.9995013475418091 -1 -1 -1 -1 -1 -1 -1 -1 -1
0.5103979110717773 0.7493373155593872 0.9990522265434265 -1 -1 -1 -1 -1 -1 -1 -1 -1
0.5120956897735596 0.7515619993209839 0.9988176226615906 -1 -1 -1 -1 -1 -1 -1 -1 -1
0.5118550062179565 0.7515950798988342 0.9990574717521667 -1 -1 -1 -1 -1 -1 -1 -1 -1
0.5043737292289734 0.7417579293251038 0.9996440410614014 -1 -1 -1 -1 -1 -1 -1 -1 -1
0.5048032402992249 0.7402967810630798 0.9980727434158325 -1 -1 -1 -1 -1 -1 -1 -1 -1
0.5139063596725464 0.7347062826156616 0.9996259212493896 -1 -1 -1 -1 -1 -1 -1 -1 -1
0.5149620771408081 0.7358336448669434 0.9995114803314209 -1 -1 -1 -1 -1 -1 -1 -1 -1
0.49305611848831177 0.6954077482223511 0.9999039173126221 -1 -1 -1 -1 -1 -1 -1 -1 -1
0.5155022740364075 0.6935743689537048 0.9992067217826843 -1 -1 -1 -1 -1 -1 -1 -1 -1
0.49524638056755066 0.6678121089935303 0.970273494720459 -1 -1 -1 -1 -1 -1 -1 -1 -1
0.5173293352127075 0.6552694439888 0.03962678834795952 -1 -1 -1 -1 -1 -1 -1 -1 -1
0.5209933519363403 0.6797609329223633 0.9408151507377625 -1 -1 -1 -1 -1 -1 -1 -1 -1
0.5233142375946045 0.6590203642845154 0.14255623519420624 -1 -1 -1 -1 -1 -1 -1 -1 -1
0.52629554271698 0.6811903715133667 0.905876636505127 -1 -1 -1 -1 -1 -1 -1 -1 -1
0.5243948698043823 0.658164381980896 0.1968809813261032 -1 -1 -1 -1 -1 -1 -1 -1 -1
0.5267025232315063 0.6876099705696106 0.8914105892181396 -1 -1 -1 -1 -1 -1 -1 -1 -1
0.5255608558654785 0.6641572117805481 0.2037518173456192 -1 -1 -1 -1 -1 -1 -1 -1 -1
0.5252062082290649 0.6851661801338196 0.8238005042076111 -1 -1 -1 -1 -1 -1 -1 -1 -1
0.5249740481376648 0.6635669469833374 0.19656787812709808 -1 -1 -1 -1 -1 -1 -1 -1 -1
0.4888385832309723 0.5729381442070007 0.9999476671218872 -1 -1 -1 -1 -1 -1 -1 -1 -1
0.5105981826782227 0.5770039558410645 0.9998676776885986 -1 -1 -1 -1 -1 -1 -1 -1 -1
0.46172067523002625 0.5463266968727112 0.9694026708602905 -1 -1 -1 -1 -1 -1 -1 -1 -1
0.5304402709007263 0.5982505679130554 0.7016780376434326 -1 -1 -1 -1 -1 -1 -1 -1 -1
0.4831339120864868 0.5426523089408875 0.5263216495513916 -1 -1 -1 -1 -1 -1 -1 -1 -1
0.5369160175323486 0.5842785835266113 0.6358040571212769 -1 -1 -1 -1 -1 -1 -1 -1 -1
0.48653915524482727 0.545628547668457 0.5111597776412964 -1 -1 -1 -1 -1 -1 -1 -1 -1
0.5379645824432373 0.5771356821060181 0.7393007874488831 -1 -1 -1 -1 -1 -1 -1 -1 -1
0.4917410910129547 0.5398916006088257 0.5669796466827393 -1 -1 -1 -1 -1 -1 -1 -1 -1
0.5414283871650696 0.5971110463142395 0.7951229810714722 -1 -1 -1 -1 -1 -1 -1 -1 -1
1 
33 
-1 -1 -1 -1 -1 -1 -1 -1 -1 -1
0.4454950988292694 0.567838728427887 0.9966478943824768 -1 -1 -1 -1 -1 -1 -1 -1 -1
0.4458830654621124 0.5579341650009155 0.9968758821487427 -1 -1 -1 -1 -1 -1 -1 -1 -1
0.44643014669418335 0.5574949383735657 0.9969508647918701 -1 -1 -1 -1 -1 -1 -1 -1 -1
0.44706040620803833 0.5571332573890686 0.9972862005233765 -1 -1 -1 -1 -1 -1 -1 -1 -1
0.4457814395427704 0.5577818155288696 0.9945883750915527 -1 -1 -1 -1 -1 -1 -1 -1 -1
0.4463050067424774 0.5573374629020691 0.9940871000289917 -1 -1 -1 -1 -1 -1 -1 -1 -1
0.44692081212997437 0.5567680597305298 0.9946322441101074 -1 -1 -1 -1 -1 -1 -1 -1 -1
0.45390862226486206 0.5552785992622375 0.9973046779632568 -1 -1 -1 -1 -1 -1 -1 -1 -1
0.45383599400520325 0.5531888604164124 0.9939393997192383 -1 -1 -1 -1 -1 -1 -1 -1 -1
0.4498165249824524 0.5735456943511963 0.9948191046714783 -1 -1 -1 -1 -1 -1 -1 -1 -1
0.44963333010673523 0.5735445022583008 0.9903205037117004 -1 -1 -1 -1 -1 -1 -1 -1 -1
0.4757273495197296 0.5860173106193542 0.9999393224716187 -1 -1 -1 -1 -1 -1 -1 -1 -1
0.4819391071796417 0.5622621774673462 0.9979866743087769 -1 -1 -1 -1 -1 -1 -1 -1 -1
0.5079496502876282 0.6209001541137695 0.9298102855682373 -1 -1 -1 -1 -1 -1 -1 -1 -1
0.5135189890861511 0.5753277540206909 0.17649737000465393 -1 -1 -1 -1 -1 -1 -1 -1 -1
0.5298465490341187 0.6747256517410278 0.8241024613380432 -1 -1 -1 -1 -1 -1 -1 -1 -1
0.527845025062561 0.5924615859985352 0.16773003339767456 -1 -1 -1 -1 -1 -1 -1 -1 -1
0.5360163450241089 0.6821631789207458 0.7686508297920227 -1 -1 -1 -1 -1 -1 -1 -1 -1
0.5320648550987244 0.5944828987121582 0.16229426860809326 -1 -1 -1 -1 -1 -1 -1 -1 -1
0.5332553386688232 0.6847901940345764 0.7639881372451782 -1 -1 -1 -1 -1 -1 -1 -1 -1
0.5282803773880005 0.5954594612121582 0.16561833024024963 -1 -1 -1 -1 -1 -1 -1 -1 -1
0.531415581703186 0.6817991137504578 0.6656650900840759 -1 -1 -1 -1 -1 -1 -1 -1 -1
0.5262182950973511 0.5963418483734131 0.17625723779201508 -1 -1 -1 -1 -1 -1 -1 -1 -1
0.5021370649337769 0.6831550598144531 0.9995173215866089 -1 -1 -1 -1 -1 -1 -1 -1 -1
0.5031918287277222 0.6737001538276672 0.9993448853492737 -1 -1 -1 -1 -1 -1 -1 -1 -1
0.4823768138885498 0.7257053256034851 0.7791081666946411 -1 -1 -1 -1 -1 -1 -1 -1 -1
0.48201414942741394 0.7064263224601746 0.15951715409755707 -1 -1 -1 -1 -1 -1 -1 -1 -1
0.5062873959541321 0.7875746488571167 0.7866188287734985 -1 -1 -1 -1 -1 -1 -1 -1 -1
0.5068774819374084 0.7801472544670105 0.3197895884513855 -1 -1 -1 -1 -1 -1 -1 -1 -1
0.5159397125244141 0.7865639925003052 0.7709629535675049 -1 -1 -1 -1 -1 -1 -1 -1 -1
0.514647364616394 0.7855603098869324 0.4454619586467743 -1 -1 -1 -1 -1 -1 -1 -1 -1
0.49522390961647034 0.8267996907234192 0.8529111742973328 -1 -1 -1 -1 -1 -1 -1 -1 -1
0.49938303232192993 0.8169688582420349 0.4385233521461487 -1 -1 -1 -1 -1 -1 -1 -1 -1
1 
33 
-1 -1 -1 -1 -1 -1 -1 -1 -1 -1
0.49830713868141174 0.7616990208625793 0.9987480640411377 -1 -1 -1 -1 -1 -1 -1 -1 -1
0.4967832863330841 0.7609066963195801 0.9988846182823181 -1 -1 -1 -1 -1 -1 -1 -1 -1
0.496753066778183 0.7596307992935181 0.9989455342292786 -1 -1 -1 -1 -1 -1 -1 -1 -1
0.496711403131485 0.7583314776420593 0.9986839890480042 -1 -1 -1 -1 -1 -1 -1 -1 -1
0.49731701612472534 0.7637444734573364 0.9974341988563538 -1 -1 -1 -1 -1 -1 -1 -1 -1
0.4977820813655853 0.7645504474639893 0.9973451495170593 -1 -1 -1 -1 -1 -1 -1 -1 -1
0.4982328414916992 0.7653210163116455 0.9972319006919861 -1 -1 -1 -1 -1 -1 -1 -1 -1
0.5002649426460266 0.7533177137374878 0.998717188835144 -1 -1 -1 -1 -1 -1 -1 -1 -1
0.5017266869544983 0.7618984580039978 0.9960350394248962 -1 -1 -1 -1 -1 -1 -1 -1 -1
0.501364529132843 0.7567594647407532 0.9984318614006042 -1 -1 -1 -1 -1 -1 -1 -1 -1
0.5023057460784912 0.7604877948760986 0.9975920915603638 -1 -1 -1 -1 -1 -1 -1 -1 -1
0.5098810791969299 0.7339401245117188 0.9996993541717529 -1 -1 -1 -1 -1 -1 -1 -1 -1
0.5113437175750732 0.7542613744735718 0.9989431500434875 -1 -1 -1 -1 -1 -1 -1 -1 -1
0.5003035664558411 0.7101565003395081 0.8413470387458801 -1 -1 -1 -1 -1 -1 -1 -1 -1
0.4993951618671417 0.7749766707420349 0.7981166839599609 -1 -1 -1 -1 -1 -1 -1 -1 -1
0.4958072006702423 0.7145558595657349 0.8691664338111877 -1 -1 -1 -1 -1 -1 -1 -1 -1
0.5028732419013977 0.8102173209190369 0.9423588514328003 -1 -1 -1 -1 -1 -1 -1 -1 -1
0.49465686082839966 0.7121302485466003 0.8500076532363892 -1 -1 -1 -1 -1 -1 -1 -1 -1
0.5037033557891846 0.8179783821105957 0.9371419548988342 -1 -1 -1 -1 -1 -1 -1 -1 -1
0.4953373074531555 0.7162980437278748 0.8504399657249451 -1 -1 -1 -1 -1 -1 -1 -1 -1
0.5059279203414917 0.817062258720398 0.9330646991729736 -1 -1 -1 -1 -1 -1 -1 -1 -1
0.49577394127845764 0.7177561521530151 0.7969126105308533 -1 -1 -1 -1 -1 -1 -1 -1 -1
0.505990207195282 0.8141277432441711 0.9139702320098877 -1 -1 -1 -1 -1 -1 -1 -1 -1
0.5108158588409424 0.6729480624198914 0.9999223947525024 -1 -1 -1 -1 -1 -1 -1 -1 -1
0.5131481885910034 0.6757472157478333 0.9998339414596558 -1 -1 -1 -1 -1 -1 -1 -1 -1
0.48845309019088745 0.6172972917556763 0.978503406047821 -1 -1 -1 -1 -1 -1 -1 -1 -1
0.4918716847896576 0.6106384992599487 0.7883321046829224 -1 -1 -1 -1 -1 -1 -1 -1 -1
0.46562257409095764 0.6181641221046448 0.9495700597763062 -1 -1 -1 -1 -1 -1 -1 -1 -1
0.46263980865478516 0.5985606908798218 0.8820008635520935 -1 -1 -1 -1 -1 -1 -1 -1 -1
0.4637414813041687 0.6245384216308594 0.9512832760810852 -1 -1 -1 -1 -1 -1 -1 -1 -1
0.4598897397518158 0.6010128259658813 0.8776114583015442 -1 -1 -1 -1 -1 -1 -1 -1 -1
0.45750513672828674 0.59938645362854 0.9211034774780273 -1 -1 -1 -1 -1 -1 -1 -1 -1
0.4523358643054962 0.5805251598358154 0.8028436899185181 -1 -1 -1 -1 -1 -1 -1 -1 -1
1 
33 
-1 -1 -1 -1 -1 -1 -1 -1 -1 -1
0.4563438594341278 0.5981080532073975 0.9983277916908264 -1 -1 -1 -1 -1 -1 -1 -1 -1
0.456318736076355 0.5905650854110718 0.9987891316413879 -1 -1 -1 -1 -1 -1 -1 -1 -1
0.45675376057624817 0.5901709794998169 0.9985322952270508 -1 -1 -1 -1 -1 -1 -1 -1 -1
0.4572470486164093 0.5897518396377563 0.998909592628479 -1 -1 -1 -1 -1 -1 -1 -1 -1
0.4566454589366913 0.5907836556434631 0.9984948635101318 -1 -1 -1 -1 -1 -1 -1 -1 -1
0.4572899639606476 0.5905770659446716 0.9981951117515564 -1 -1 -1 -1 -1 -1 -1 -1 -1
0.45796188712120056 0.5902878046035767 0.99885094165802 -1 -1 -1 -1 -1 -1 -1 -1 -1
0.46566441655158997 0.5897808074951172 0.9987308382987976 -1 -1 -1 -1 -1 -1 -1 -1 -1
0.46549785137176514 0.5894788503646851 0.9986760020256042 -1 -1 -1 -1 -1 -1 -1 -1 -1
0.4605092406272888 0.6047326922416687 0.9991806149482727 -1 -1 -1 -1 -1 -1 -1 -1 -1
0.4609195590019226 0.6053515076637268 0.9987228512763977 -1 -1 -1 -1 -1 -1 -1 -1 -1
0.4834912121295929 0.6281232237815857 0.9999454021453857 -1 -1 -1 -1 -1 -1 -1 -1 -1
0.4877883195877075 0.6287602186203003 0.9994662404060364 -1 -1 -1 -1 -1 -1 -1 -1 -1
0.47614699602127075 0.6954978108406067 0.8398873209953308 -1 -1 -1 -1 -1 -1 -1 -1 -1
0.48531365394592285 0.6907121539115906 0.023719651624560356 -1 -1 -1 -1 -1 -1 -1 -1 -1
0.4702824652194977 0.7476957440376282 0.581447422504425 -1 -1 -1 -1 -1 -1 -1 -1 -1
0.4825393557548523 0.7444157600402832 0.022165032103657722 -1 -1 -1 -1 -1 -1 -1 -1 -1
0.4702521562576294 0.7554059028625488 0.5737938284873962 -1 -1 -1 -1 -1 -1 -1 -1 -1
0.48116961121559143 0.7558528184890747 0.028725890442728996 -1 -1 -1 -1 -1 -1 -1 -1 -1
0.46947842836380005 0.7552923560142517 0.5702400207519531 -1 -1 -1 -1 -1 -1 -1 -1 -1
0.482017457485199 0.7542991638183594 0.0280693881213665 -1 -1 -1 -1 -1 -1 -1 -1 -1
0.46992161870002747 0.7538713216781616 0.4789760708808899 -1 -1 -1 -1 -1 -1 -1 -1 -1
0.4829571545124054 0.7506440281867981 0.032050687819719315 -1 -1 -1 -1 -1 -1 -1 -1 -1
0.5207123160362244 0.7214853763580322 0.999786913394928 -1 -1 -1 -1 -1 -1 -1 -1 -1
0.5166893005371094 0.7190681099891663 0.9995490908622742 -1 -1 -1 -1 -1 -1 -1 -1 -1
0.481107234954834 0.7861962914466858 0.9616888761520386 -1 -1 -1 -1 -1 -1 -1 -1 -1
0.47747212648391724 0.7837948799133301 0.14765587449073792 -1 -1 -1 -1 -1 -1 -1 -1 -1
0.5083451271057129 0.8784900903701782 0.9860057830810547 -1 -1 -1 -1 -1 -1 -1 -1 -1
0.5028086304664612 0.8625583052635193 0.2794567346572876 -1 -1 -1 -1 -1 -1 -1 -1 -1
0.517299473285675 0.8836805820465088 0.9625074863433838 -1 -1 -1 -1 -1 -1 -1 -1 -1
0.5079151391983032 0.869178295135498 0.38157954812049866 -1 -1 -1 -1 -1 -1 -1 -1 -1
0.49410510063171387 0.9021342992782593 0.983121395111084 -1 -1 -1 -1 -1 -1 -1 -1 -1
0.4919387102127075 0.8922867178916931 0.3788858950138092 -1 -1 -1 -1 -1 -1 -1 -1 -1
1 
33 
-1 -1 -1 -1 -1 -1 -1 -1 -1 -1
0.46233075857162476 0.5998625755310059 0.994168758392334 -1 -1 -1 -1 -1 -1 -1 -1 -1
0.4642694592475891 0.5915889739990234 0.9957017302513123 -1 -1 -1 -1 -1 -1 -1 -1 -1
0.46492764353752136 0.5912793874740601 0.9956459403038025 -1 -1 -1 -1 -1 -1 -1 -1 -1
0.4656974971294403 0.5909703969955444 0.996630847454071 -1 -1 -1 -1 -1 -1 -1 -1 -1
0.4642847776412964 0.5913536548614502 0.9938157796859741 -1 -1 -1 -1 -1 -1 -1 -1 -1
0.46487540006637573 0.5908809304237366 0.9938738346099854 -1 -1 -1 -1 -1 -1 -1 -1 -1
0.4655590057373047 0.5903905034065247 0.9960119724273682 -1 -1 -1 -1 -1 -1 -1 -1 -1
0.4731546640396118 0.593942403793335 0.9954700469970703 -1 -1 -1 -1 -1 -1 -1 -1 -1
0.4728045165538788 0.5930266380310059 0.9967321157455444 -1 -1 -1 -1 -1 -1 -1 -1 -1
0.4648132920265198 0.6070924997329712 0.9974440336227417 -1 -1 -1 -1 -1 -1 -1 -1 -1
0.4647854268550873 0.6073210835456848 0.9949440360069275 -1 -1 -1 -1 -1 -1 -1 -1 -1
0.4856185019016266 0.6397613883018494 0.9999253749847412 -1 -1 -1 -1 -1 -1 -1 -1 -1
0.4909951090812683 0.639663577079773 0.9993495345115662 -1 -1 -1 -1 -1 -1 -1 -1 -1
0.46199455857276917 0.6876869201660156 0.9726354479789734 -1 -1 -1 -1 -1 -1 -1 -1 -1
0.4708951413631439 0.681766927242279 0.07091309130191803 -1 -1 -1 -1 -1 -1 -1 -1 -1
0.42832282185554504 0.7165268659591675 0.962445855140686 -1 -1 -1 -1 -1 -1 -1 -1 -1
0.4402300715446472 0.7130900621414185 0.13721521198749542 -1 -1 -1 -1 -1 -1 -1 -1 -1
0.41927072405815125 0.7241061329841614 0.9585406184196472 -1 -1 -1 -1 -1 -1 -1 -1 -1
0.4387912154197693 0.7194700241088867 0.19311116635799408 -1 -1 -1 -1 -1 -1 -1 -1 -1
0.4192999005317688 0.718093752861023 0.9564337730407715 -1 -1 -1 -1 -1 -1 -1 -1 -1
0.4369138479232788 0.720772385597229 0.19846199452877045 -1 -1 -1 -1 -1 -1 -1 -1 -1
0.4217217266559601 0.7166941165924072 0.9131652116775513 -1 -1 -1 -1 -1 -1 -1 -1 -1
0.43851354718208313 0.7230703234672546 0.21168364584445953 -1 -1 -1 -1 -1 -1 -1 -1 -1
0.5236793756484985 0.7416791319847107 0.9995824694633484 -1 -1 -1 -1 -1 -1 -1 -1 -1
0.5170136094093323 0.7356066703796387 0.9989005327224731 -1 -1 -1 -1 -1 -1 -1 -1 -1
0.47995251417160034 0.8044659495353699 0.9633444547653198 -1 -1 -1 -1 -1 -1 -1 -1 -1
0.4801342189311981 0.7947287559509277 0.17150923609733582 -1 -1 -1 -1 -1 -1 -1 -1 -1
0.5032082796096802 0.8925453424453735 0.9797717928886414 -1 -1 -1 -1 -1 -1 -1 -1 -1
0.5008968710899353 0.8776869177818298 0.3177591562271118 -1 -1 -1 -1 -1 -1 -1 -1 -1
0.5128019452095032 0.898772656917572 0.9579148888587952 -1 -1 -1 -1 -1 -1 -1 -1 -1
0.5105972290039062 0.8834443092346191 0.44335705041885376 -1 -1 -1 -1 -1 -1 -1 -1 -1
0.490978479385376 0.9271364212036133 0.9651856422424316 -1 -1 -1 -1 -1 -1 -1 -1 -1
0.4956260323524475 0.9038037061691284 0.4119124710559845 -1 -1 -1 -1 -1 -1 -1 -1 -1
1 
33 
-1 -1 -1 -1 -1 -1 -1 -1 -1 -1
0.4651122987270355 0.604999303817749 0.9989778995513916 -1 -1 -1 -1 -1 -1 -1 -1 -1
0.4674765169620514 0.5964074730873108 0.9992031455039978 -1 -1 -1 -1 -1 -1 -1 -1 -1
0.4683329463005066 0.59623122215271 0.9992479681968689 -1 -1 -1 -1 -1 -1 -1 -1 -1
0.46927115321159363 0.596123456954956 0.9993860721588135 -1 -1 -1 -1 -1 -1 -1 -1 -1
0.4669231176376343 0.5960661172866821 0.9987125396728516 -1 -1 -1 -1 -1 -1 -1 -1 -1
0.4673421382904053 0.5956448316574097 0.9986065030097961 -1 -1 -1 -1 -1 -1 -1 -1 -1
0.46785813570022583 0.5952083468437195 0.9989737272262573 -1 -1 -1 -1 -1 -1 -1 -1 -1
0.47734180092811584 0.5998584628105164 0.9988321661949158 -1 -1 -1 -1 -1 -1 -1 -1 -1
0.47654271125793457 0.5977857708930969 0.9989439845085144 -1 -1 -1 -1 -1 -1 -1 -1 -1
0.4678073525428772 0.6128485202789307 0.9988719820976257 -1 -1 -1 -1 -1 -1 -1 -1 -1
0.4672478437423706 0.6133081316947937 0.9980140924453735 -1 -1 -1 -1 -1 -1 -1 -1 -1
0.48784467577934265 0.6445510387420654 0.9995642304420471 -1 -1 -1 -1 -1 -1 -1 -1 -1
0.490070104598999 0.6387321949005127 0.9987418055534363 -1 -1 -1 -1 -1 -1 -1 -1 -1
0.44866108894348145 0.6589019298553467 0.9780595898628235 -1 -1 -1 -1 -1 -1 -1 -1 -1
0.4510907232761383 0.6456786394119263 0.264646053314209 -1 -1 -1 -1 -1 -1 -1 -1 -1
0.41905778646469116 0.6387165784835815 0.9741427302360535 -1 -1 -1 -1 -1 -1 -1 -1 -1
0.41940271854400635 0.6274721622467041 0.3869917392730713 -1 -1 -1 -1 -1 -1 -1 -1 -1
0.41108036041259766 0.6296997666358948 0.9692943692207336 -1 -1 -1 -1 -1 -1 -1 -1 -1
0.41343849897384644 0.6201813220977783 0.4457881450653076 -1 -1 -1 -1 -1 -1 -1 -1 -1
0.4137119948863983 0.6232263445854187 0.9683631062507629 -1 -1 -1 -1 -1 -1 -1 -1 -1
0.41406339406967163 0.6165778040885925 0.45616286993026733 -1 -1 -1 -1 -1 -1 -1 -1 -1
0.4164108633995056 0.6258317828178406 0.9436915516853333 -1 -1 -1 -1 -1 -1 -1 -1 -1
0.4156002402305603 0.6196326017379761 0.49033063650131226 -1 -1 -1 -1 -1 -1 -1 -1 -1
0.520772397518158 0.7581067681312561 0.9996817111968994 -1 -1 -1 -1 -1 -1 -1 -1 -1
0.5164060592651367 0.7528480291366577 0.999408483505249 -1 -1 -1 -1 -1 -1 -1 -1 -1
0.47980788350105286 0.8202459812164307 0.9658677577972412 -1 -1 -1 -1 -1 -1 -1 -1 -1
0.4841572046279907 0.811394214630127 0.27832552790641785 -1 -1 -1 -1 -1 -1 -1 -1 -1
0.5005756616592407 0.9086031913757324 0.9818690419197083 -1 -1 -1 -1 -1 -1 -1 -1 -1
0.5022300481796265 0.8897033929824829 0.4009060561656952 -1 -1 -1 -1 -1 -1 -1 -1 -1
0.5084571838378906 0.920940101146698 0.9691722989082336 -1 -1 -1 -1 -1 -1 -1 -1 -1
0.5094305872917175 0.8980712890625 0.5803928375244141 -1 -1 -1 -1 -1 -1 -1 -1 -1
0.48131296038627625 0.9383536577224731 0.9650552868843079 -1 -1 -1 -1 -1 -1 -1 -1 -1
0.48976364731788635 0.9133176803588867 0.5479966402053833 -1 -1 -1 -1 -1 -1 -1 -1 -1
1 
33 
-1 -1 -1 -1 -1 -1 -1 -1 -1 -1
0.47236108779907227 0.6068147420883179 0.9992663264274597 -1 -1 -1 -1 -1 -1 -1 -1 -1
0.47475844621658325 0.599122166633606 0.9996216297149658 -1 -1 -1 -1 -1 -1 -1 -1 -1
0.4753784239292145 0.5986882448196411 0.9995885491371155 -1 -1 -1 -1 -1 -1 -1 -1 -1
0.47649428248405457 0.597348153591156 0.9996782541275024 -1 -1 -1 -1 -1 -1 -1 -1 -1
0.4745689332485199 0.5995804071426392 0.9993849992752075 -1 -1 -1 -1 -1 -1 -1 -1 -1
0.4749714136123657 0.5994513034820557 0.9991316199302673 -1 -1 -1 -1 -1 -1 -1 -1 -1
0.4753718078136444 0.5990786552429199 0.9992707371711731 -1 -1 -1 -1 -1 -1 -1 -1 -1
0.4843972325325012 0.6027746200561523 0.999466598033905 -1 -1 -1 -1 -1 -1 -1 -1 -1
0.4824950695037842 0.6020417213439941 0.9994497895240784 -1 -1 -1 -1 -1 -1 -1 -1 -1
0.4752035140991211 0.6167007088661194 0.9987269043922424 -1 -1 -1 -1 -1 -1 -1 -1 -1
0.47486618161201477 0.6186895966529846 0.9979261159896851 -1 -1 -1 -1 -1 -1 -1 -1 -1
0.4937794506549835 0.6345235109329224 0.9995716214179993 -1 -1 -1 -1 -1 -1 -1 -1 -1
0.4929734170436859 0.6351832151412964 0.9963772892951965 -1 -1 -1 -1 -1 -1 -1 -1 -1
0.4668336510658264 0.6190502643585205 0.9768279790878296 -1 -1 -1 -1 -1 -1 -1 -1 -1
0.4679644703865051 0.6169973611831665 0.16069233417510986 -1 -1 -1 -1 -1 -1 -1 -1 -1
0.44505685567855835 0.5756272077560425 0.9628115296363831 -1 -1 -1 -1 -1 -1 -1 -1 -1
0.45160430669784546 0.5776298642158508 0.3863963782787323 -1 -1 -1 -1 -1 -1 -1 -1 -1
0.44085949659347534 0.5601598024368286 0.9571637511253357 -1 -1 -1 -1 -1 -1 -1 -1 -1
0.44960156083106995 0.5642622709274292 0.4315941035747528 -1 -1 -1 -1 -1 -1 -1 -1 -1
0.44249802827835083 0.5571995377540588 0.9541511535644531 -1 -1 -1 -1 -1 -1 -1 -1 -1
0.44995513558387756 0.5623246431350708 0.42094486951828003 -1 -1 -1 -1 -1 -1 -1 -1 -1
0.4438164532184601 0.564069926738739 0.9202398061752319 -1 -1 -1 -1 -1 -1 -1 -1 -1
0.4497104287147522 0.5670334696769714 0.42055967450141907 -1 -1 -1 -1 -1 -1 -1 -1 -1
0.5173130035400391 0.7489722371101379 0.9998894929885864 -1 -1 -1 -1 -1 -1 -1 -1 -1
0.5174387693405151 0.7478445172309875 0.9996015429496765 -1 -1 -1 -1 -1 -1 -1 -1 -1
0.4794960021972656 0.8255301713943481 0.9889407753944397 -1 -1 -1 -1 -1 -1 -1 -1 -1
0.4840400218963623 0.8180453777313232 0.5416373014450073 -1 -1 -1 -1 -1 -1 -1 -1 -1
0.4987919330596924 0.9154089689254761 0.9874138832092285 -1 -1 -1 -1 -1 -1 -1 -1 -1
0.498263955116272 0.9023007154464722 0.5788012146949768 -1 -1 -1 -1 -1 -1 -1 -1 -1
0.5056260228157043 0.9188051223754883 0.9728273153305054 -1 -1 -1 -1 -1 -1 -1 -1 -1
0.5030925273895264 0.9166692495346069 0.587602436542511 -1 -1 -1 -1 -1 -1 -1 -1 -1
0.47672054171562195 0.935343325138092 0.9677382707595825 -1 -1 -1 -1 -1 -1 -1 -1 -1
0.47801733016967773 0.9280552864074707 0.5994784235954285 -1 -1 -1 -1 -1 -1 -1 -1 -1
1 
33 
-1 -1 -1 -1 -1 -1 -1 -1 -1 -1
0.4747997522354126 0.5650150179862976 0.9982858300209045 -1 -1 -1 -1 -1 -1 -1 -1 -1
0.4766577482223511 0.5580730438232422 0.9993084669113159 -1 -1 -1 -1 -1 -1 -1 -1 -1
0.47724586725234985 0.5577073693275452 0.9992934465408325 -1 -1 -1 -1 -1 -1 -1 -1 -1
0.4777413308620453 0.5568059682846069 0.9994008541107178 -1 -1 -1 -1 -1 -1 -1 -1 -1
0.47661909461021423 0.5572668313980103 0.9987724423408508 -1 -1 -1 -1 -1 -1 -1 -1 -1
0.4772384464740753 0.5566233396530151 0.9979937076568604 -1 -1 -1 -1 -1 -1 -1 -1 -1
0.4777393043041229 0.5553762912750244 0.9982832670211792 -1 -1 -1 -1 -1 -1 -1 -1 -1
0.48445478081703186 0.5606293678283691 0.9985835552215576 -1 -1 -1 -1 -1 -1 -1 -1 -1
0.48446521162986755 0.5588735938072205 0.9981075525283813 -1 -1 -1 -1 -1 -1 -1 -1 -1
0.4790404736995697 0.5745335817337036 0.9974256157875061 -1 -1 -1 -1 -1 -1 -1 -1 -1
0.479128897190094 0.5746051669120789 0.9958829879760742 -1 -1 -1 -1 -1 -1 -1 -1 -1
0.496151864528656 0.6018457412719727 0.9996267557144165 -1 -1 -1 -1 -1 -1 -1 -1 -1
0.4967915713787079 0.601183295249939 0.9938820600509644 -1 -1 -1 -1 -1 -1 -1 -1 -1
0.47315916419029236 0.5647774338722229 0.9454746246337891 -1 -1 -1 -1 -1 -1 -1 -1 -1
0.48388099670410156 0.563052237033844 0.08263823390007019 -1 -1 -1 -1 -1 -1 -1 -1 -1
0.4750879108905792 0.5147848129272461 0.9485194087028503 -1 -1 -1 -1 -1 -1 -1 -1 -1
0.4786844849586487 0.5126945972442627 0.24880896508693695 -1 -1 -1 -1 -1 -1 -1 -1 -1
0.4757934510707855 0.5033169984817505 0.9514975547790527 -1 -1 -1 -1 -1 -1 -1 -1 -1
0.478344202041626 0.5116767883300781 0.31689950823783875 -1 -1 -1 -1 -1 -1 -1 -1 -1
0.4790579080581665 0.5016783475875854 0.9497464299201965 -1 -1 -1 -1 -1 -1 -1 -1 -1
0.48343706130981445 0.5017179846763611 0.3157726228237152 -1 -1 -1 -1 -1 -1 -1 -1 -1
0.47646310925483704 0.502465009689331 0.9052143692970276 -1 -1 -1 -1 -1 -1 -1 -1 -1
0.4791942536830902 0.5148100256919861 0.31975388526916504 -1 -1 -1 -1 -1 -1 -1 -1 -1
0.5149987936019897 0.7367571592330933 0.999955415725708 -1 -1 -1 -1 -1 -1 -1 -1 -1
0.5111594796180725 0.7296841740608215 0.9995942711830139 -1 -1 -1 -1 -1 -1 -1 -1 -1
0.4846712648868561 0.8179972171783447 0.9747392535209656 -1 -1 -1 -1 -1 -1 -1 -1 -1
0.4883308708667755 0.7999037504196167 0.3109186589717865 -1 -1 -1 -1 -1 -1 -1 -1 -1
0.5000712871551514 0.9142262935638428 0.9852043390274048 -1 -1 -1 -1 -1 -1 -1 -1 -1
0.5046454071998596 0.8671157360076904 0.329521507024765 -1 -1 -1 -1 -1 -1 -1 -1 -1
0.5073896646499634 0.9260700345039368 0.9771251678466797 -1 -1 -1 -1 -1 -1 -1 -1 -1
0.5103097558021545 0.8763814568519592 0.4802219867706299 -1 -1 -1 -1 -1 -1 -1 -1 -1
0.4778721332550049 0.9379073977470398 0.9813421368598938 -1 -1 -1 -1 -1 -1 -1 -1 -1
0.4935772120952606 0.8905069231987 0.5517250299453735 -1 -1 -1 -1 -1 -1 -1 -1 -1
1 
33 
-1 -1 -1 -1 -1 -1 -1 -1 -1 -1
0.4922081530094147 0.4888899326324463 0.9937706589698792 -1 -1 -1 -1 -1 -1 -1 -1 -1
0.4975009858608246 0.4862724840641022 0.9973068237304688 -1 -1 -1 -1 -1 -1 -1 -1 -1
0.497669517993927 0.4877966046333313 0.9980849027633667 -1 -1 -1 -1 -1 -1 -1 -1 -1
0.49777600169181824 0.48936575651168823 0.997560977935791 -1 -1 -1 -1 -1 -1 -1 -1 -1
0.4975619912147522 0.4862831234931946 0.9933486580848694 -1 -1 -1 -1 -1 -1 -1 -1 -1
0.4978482723236084 0.48774802684783936 0.9927769899368286 -1 -1 -1 -1 -1 -1 -1 -1 -1
0.4983687996864319 0.4889546036720276 0.9930603504180908 -1 -1 -1 -1 -1 -1 -1 -1 -1
0.49959802627563477 0.5079085826873779 0.9960137605667114 -1 -1 -1 -1 -1 -1 -1 -1 -1
0.5008381009101868 0.5037128925323486 0.9956694841384888 -1 -1 -1 -1 -1 -1 -1 -1 -1
0.489170104265213 0.5045420527458191 0.9896390438079834 -1 -1 -1 -1 -1 -1 -1 -1 -1
0.4902212917804718 0.5053285956382751 0.9858637452125549 -1 -1 -1 -1 -1 -1 -1 -1 -1
0.4972016513347626 0.5558643937110901 0.9994427561759949 -1 -1 -1 -1 -1 -1 -1 -1 -1
0.5017434358596802 0.5539006590843201 0.9869025945663452 -1 -1 -1 -1 -1 -1 -1 -1 -1
0.48272839188575745 0.5119537115097046 0.9570788741111755 -1 -1 -1 -1 -1 -1 -1 -1 -1
0.49230045080184937 0.5023559927940369 0.06288878619670868 -1 -1 -1 -1 -1 -1 -1 -1 -1
0.4963758587837219 0.4713250994682312 0.9154170155525208 -1 -1 -1 -1 -1 -1 -1 -1 -1
0.504008412361145 0.4668212831020355 0.12718403339385986 -1 -1 -1 -1 -1 -1 -1 -1 -1
0.501003086566925 0.4621772766113281 0.905587375164032 -1 -1 -1 -1 -1 -1 -1 -1 -1
0.5093511939048767 0.4556988477706909 0.16635675728321075 -1 -1 -1 -1 -1 -1 -1 -1 -1
0.503966212272644 0.46357429027557373 0.9023289084434509 -1 -1 -1 -1 -1 -1 -1 -1 -1
0.5107278823852539 0.4606569707393646 0.17381460964679718 -1 -1 -1 -1 -1 -1 -1 -1 -1
0.5031909942626953 0.4667246341705322 0.8424582481384277 -1 -1 -1 -1 -1 -1 -1 -1 -1
0.5078296065330505 0.46360939741134644 0.18417365849018097 -1 -1 -1 -1 -1 -1 -1 -1 -1
0.5089485049247742 0.7081313133239746 0.9997718930244446 -1 -1 -1 -1 -1 -1 -1 -1 -1
0.5073955655097961 0.7035284042358398 0.9992579817771912 -1 -1 -1 -1 -1 -1 -1 -1 -1
0.4900014400482178 0.7983415126800537 0.9491032361984253 -1 -1 -1 -1 -1 -1 -1 -1 -1
0.49390146136283875 0.7941327691078186 0.26525381207466125 -1 -1 -1 -1 -1 -1 -1 -1 -1
0.49803680181503296 0.8992522954940796 0.9577898383140564 -1 -1 -1 -1 -1 -1 -1 -1 -1
0.5031690001487732 0.883945643901825 0.3477749526500702 -1 -1 -1 -1 -1 -1 -1 -1 -1
0.5060951113700867 0.9099947810173035 0.9633483290672302 -1 -1 -1 -1 -1 -1 -1 -1 -1
0.5060572028160095 0.8939560055732727 0.4722846746444702 -1 -1 -1 -1 -1 -1 -1 -1 -1
0.47994324564933777 0.9380055665969849 0.95391845703125 -1 -1 -1 -1 -1 -1 -1 -1 -1
0.4912032186985016 0.9147453308105469 0.5580487251281738 -1 -1 -1 -1 -1 -1 -1 -1 -1
1 
33 
-1 -1 -1 -1 -1 -1 -1 -1 -1 -1
0.5078720450401306 0.4779798686504364 0.9982853531837463 -1 -1 -1 -1 -1 -1 -1 -1 -1
0.5119525790214539 0.4731704592704773 0.9991378784179688 -1 -1 -1 -1 -1 -1 -1 -1 -1
0.5121824145317078 0.4739435911178589 0.9990290403366089 -1 -1 -1 -1 -1 -1 -1 -1 -1
0.5125154256820679 0.47493600845336914 0.9993507266044617 -1 -1 -1 -1 -1 -1 -1 -1 -1
0.5127601623535156 0.4729207158088684 0.9988248944282532 -1 -1 -1 -1 -1 -1 -1 -1 -1
0.5135813355445862 0.47352495789527893 0.9981807470321655 -1 -1 -1 -1 -1 -1 -1 -1 -1
0.5145450234413147 0.4742552638053894 0.9989252686500549 -1 -1 -1 -1 -1 -1 -1 -1 -1
0.5159741640090942 0.48627376556396484 0.9988258481025696 -1 -1 -1 -1 -1 -1 -1 -1 -1
0.5195457935333252 0.48515748977661133 0.9983673691749573 -1 -1 -1 -1 -1 -1 -1 -1 -1
0.5074959993362427 0.4869658946990967 0.9950093030929565 -1 -1 -1 -1 -1 -1 -1 -1 -1
0.5082283020019531 0.4870016276836395 0.9944792985916138 -1 -1 -1 -1 -1 -1 -1 -1 -1
0.5084023475646973 0.5180904269218445 0.9996205568313599 -1 -1 -1 -1 -1 -1 -1 -1 -1
0.5197710990905762 0.5251302719116211 0.9925731420516968 -1 -1 -1 -1 -1 -1 -1 -1 -1
0.5047798156738281 0.458754301071167 0.9685339331626892 -1 -1 -1 -1 -1 -1 -1 -1 -1
0.5130805969238281 0.4983956217765808 0.0695982426404953 -1 -1 -1 -1 -1 -1 -1 -1 -1
0.5140387415885925 0.4209965169429779 0.8696087002754211 -1 -1 -1 -1 -1 -1 -1 -1 -1
0.5172260403633118 0.47445976734161377 0.17759205400943756 -1 -1 -1 -1 -1 -1 -1 -1 -1
0.516609251499176 0.4101332426071167 0.8404542207717896 -1 -1 -1 -1 -1 -1 -1 -1 -1
0.5195885896682739 0.4721471071243286 0.2064322829246521 -1 -1 -1 -1 -1 -1 -1 -1 -1
0.519356906414032 0.4140728712081909 0.8317166566848755 -1 -1 -1 -1 -1 -1 -1 -1 -1
0.5218676924705505 0.471558541059494 0.21490611135959625 -1 -1 -1 -1 -1 -1 -1 -1 -1
0.5185863971710205 0.4166731834411621 0.7877300977706909 -1 -1 -1 -1 -1 -1 -1 -1 -1
0.5208278298377991 0.47109341621398926 0.2258470058441162 -1 -1 -1 -1 -1 -1 -1 -1 -1
0.5057589411735535 0.6694880127906799 0.9999042749404907 -1 -1 -1 -1 -1 -1 -1 -1 -1
0.5116325616836548 0.6630504727363586 0.9994581341743469 -1 -1 -1 -1 -1 -1 -1 -1 -1
0.4933381676673889 0.7657870054244995 0.9812910556793213 -1 -1 -1 -1 -1 -1 -1 -1 -1
0.4935947060585022 0.733037531375885 0.21696248650550842 -1 -1 -1 -1 -1 -1 -1 -1 -1
0.49931877851486206 0.8767932653427124 0.9822768568992615 -1 -1 -1 -1 -1 -1 -1 -1 -1
0.5044957995414734 0.8130466341972351 0.31625601649284363 -1 -1 -1 -1 -1 -1 -1 -1 -1
0.5065703392028809 0.8921148180961609 0.9695888161659241 -1 -1 -1 -1 -1 -1 -1 -1 -1
0.5097957253456116 0.8243758678436279 0.46690958738327026 -1 -1 -1 -1 -1 -1 -1 -1 -1
0.4777202308177948 0.9041951298713684 0.9759641289710999 -1 -1 -1 -1 -1 -1 -1 -1 -1
0.49179863929748535 0.8381320834159851 0.5292232036590576 -1 -1 -1 -1 -1 -1 -1 -1 -1
1 
33 
-1 -1 -1 -1 -1 -1 -1 -1 -1 -1
0.5203653573989868 0.4570121467113495 0.9999626874923706 -1 -1 -1 -1 -1 -1 -1 -1 -1
0.5263911485671997 0.45611101388931274 0.9999819993972778 -1 -1 -1 -1 -1 -1 -1 -1 -1
0.5277472138404846 0.45698902010917664 0.9999797344207764 -1 -1 -1 -1 -1 -1 -1 -1 -1
0.531785786151886 0.4596085548400879 0.9999866485595703 -1 -1 -1 -1 -1 -1 -1 -1 -1
0.5244811773300171 0.4541289210319519 0.9999802112579346 -1 -1 -1 -1 -1 -1 -1 -1 -1
0.5244448184967041 0.45387887954711914 0.9999722242355347 -1 -1 -1 -1 -1 -1 -1 -1 -1
0.5288416743278503 0.4578987956047058 0.9999819993972778 -1 -1 -1 -1 -1 -1 -1 -1 -1
0.534496009349823 0.46922317147254944 0.9999871253967285 -1 -1 -1 -1 -1 -1 -1 -1 -1
0.5305038690567017 0.4665328562259674 0.999953031539917 -1 -1 -1 -1 -1 -1 -1 -1 -1
0.5209053158760071 0.4659190773963928 0.9996147155761719 -1 -1 -1 -1 -1 -1 -1 -1 -1
0.5189710259437561 0.46401500701904297 0.9994164705276489 -1 -1 -1 -1 -1 -1 -1 -1 -1
0.5287156701087952 0.4861610233783722 0.9997478127479553 -1 -1 -1 -1 -1 -1 -1 -1 -1
0.519534170627594 0.5006556510925293 0.9976105690002441 -1 -1 -1 -1 -1 -1 -1 -1 -1
0.5307616591453552 0.4239661991596222 0.9872758984565735 -1 -1 -1 -1 -1 -1 -1 -1 -1
0.5263028740882874 0.4347149133682251 0.31934037804603577 -1 -1 -1 -1 -1 -1 -1 -1 -1
0.5370671153068542 0.36215946078300476 0.9764109253883362 -1 -1 -1 -1 -1 -1 -1 -1 -1
0.5294930338859558 0.37118226289749146 0.6808539032936096 -1 -1 -1 -1 -1 -1 -1 -1 -1
0.5363146066665649 0.34693342447280884 0.9521804451942444 -1 -1 -1 -1 -1 -1 -1 -1 -1
0.5293148756027222 0.3623468279838562 0.5864303112030029 -1 -1 -1 -1 -1 -1 -1 -1 -1
0.5387061238288879 0.34782594442367554 0.9435118436813354 -1 -1 -1 -1 -1 -1 -1 -1 -1
0.5333772897720337 0.35151439905166626 0.5722653865814209 -1 -1 -1 -1 -1 -1 -1 -1 -1
0.5388079285621643 0.3525850772857666 0.9262109994888306 -1 -1 -1 -1 -1 -1 -1 -1 -1
0.5330936312675476 0.35708755254745483 0.5833684802055359 -1 -1 -1 -1 -1 -1 -1 -1 -1
0.5175231099128723 0.6204829216003418 0.9999865293502808 -1 -1 -1 -1 -1 -1 -1 -1 -1
0.5066272616386414 0.6344554424285889 0.9999687671661377 -1 -1 -1 -1 -1 -1 -1 -1 -1
0.493447870016098 0.7005593776702881 0.9930232763290405 -1 -1 -1 -1 -1 -1 -1 -1 -1
0.4877874553203583 0.7150463461875916 0.6950424909591675 -1 -1 -1 -1 -1 -1 -1 -1 -1
0.49861466884613037 0.8133777379989624 0.9719505906105042 -1 -1 -1 -1 -1 -1 -1 -1 -1
0.4991922676563263 0.8446340560913086 0.7464510798454285 -1 -1 -1 -1 -1 -1 -1 -1 -1
0.5025991797447205 0.8261724710464478 0.9618259072303772 -1 -1 -1 -1 -1 -1 -1 -1 -1
0.5047881603240967 0.8643010854721069 0.7900102138519287 -1 -1 -1 -1 -1 -1 -1 -1 -1
0.4876653850078583 0.8594425916671753 0.9811919331550598 -1 -1 -1 -1 -1 -1 -1 -1 -1
0.4812283217906952 0.8769593834877014 0.8210674524307251 -1 -1 -1 -1 -1 -1 -1 -1 -1
1 
33 
-1 -1 -1 -1 -1 -1 -1 -1 -1 -1
0.4850393235683441 0.7162719964981079 0.926182210445404 -1 -1 -1 -1 -1 -1 -1 -1 -1
0.48438626527786255 0.7251328825950623 0.940950870513916 -1 -1 -1 -1 -1 -1 -1 -1 -1
0.48404011130332947 0.7253472805023193 0.9191311001777649 -1 -1 -1 -1 -1 -1 -1 -1 -1
0.48369401693344116 0.7254793643951416 0.9353892207145691 -1 -1 -1 -1 -1 -1 -1 -1 -1
0.4852231442928314 0.7245872020721436 0.9402175545692444 -1 -1 -1 -1 -1 -1 -1 -1 -1
0.48562803864479065 0.7244638204574585 0.9224600195884705 -1 -1 -1 -1 -1 -1 -1 -1 -1
0.4860086441040039 0.7243321537971497 0.9430257081985474 -1 -1 -1 -1 -1 -1 -1 -1 -1
0.483993798494339 0.7218750715255737 0.9265491366386414 -1 -1 -1 -1 -1 -1 -1 -1 -1
0.48654434084892273 0.7199826240539551 0.9345447421073914 -1 -1 -1 -1 -1 -1 -1 -1 -1
0.4849734604358673 0.707838237285614 0.9209222197532654 -1 -1 -1 -1 -1 -1 -1 -1 -1
0.48616814613342285 0.7072764039039612 0.9099653363227844 -1 -1 -1 -1 -1 -1 -1 -1 -1
0.48571234941482544 0.6859784722328186 0.9744214415550232 -1 -1 -1 -1 -1 -1 -1 -1 -1
0.4851281940937042 0.6853522062301636 0.9578085541725159 -1 -1 -1 -1 -1 -1 -1 -1 -1
0.48178020119667053 0.69586580991745 0.5257694125175476 -1 -1 -1 -1 -1 -1 -1 -1 -1
0.4776066839694977 0.7088890075683594 0.25971493124961853 -1 -1 -1 -1 -1 -1 -1 -1 -1
0.48547542095184326 0.7562617063522339 0.5573691725730896 -1 -1 -1 -1 -1 -1 -1 -1 -1
0.48709017038345337 0.7550157308578491 0.45353808999061584 -1 -1 -1 -1 -1 -1 -1 -1 -1
0.48778364062309265 0.7707358002662659 0.5817036032676697 -1 -1 -1 -1 -1 -1 -1 -1 -1
0.48547568917274475 0.7695655822753906 0.480618417263031 -1 -1 -1 -1 -1 -1 -1 -1 -1
0.48621076345443726 0.7754994630813599 0.5642496943473816 -1 -1 -1 -1 -1 -1 -1 -1 -1
0.4882666766643524 0.773853600025177 0.4620022475719452 -1 -1 -1 -1 -1 -1 -1 -1 -1
0.48566171526908875 0.7696337103843689 0.4976617991924286 -1 -1 -1 -1 -1 -1 -1 -1 -1
0.4885587692260742 0.7703803181648254 0.4277160167694092 -1 -1 -1 -1 -1 -1 -1 -1 -1
0.505878210067749 0.5622590184211731 0.9951325058937073 -1 -1 -1 -1 -1 -1 -1 -1 -1
0.5040756464004517 0.5610691905021667 0.9893167018890381 -1 -1 -1 -1 -1 -1 -1 -1 -1
0.5281683802604675 0.4628579616546631 0.7599165439605713 -1 -1 -1 -1 -1 -1 -1 -1 -1
0.5258819460868835 0.4647521674633026 0.6811819076538086 -1 -1 -1 -1 -1 -1 -1 -1 -1
0.5494875907897949 0.3756340444087982 0.8607457876205444 -1 -1 -1 -1 -1 -1 -1 -1 -1
0.5452966094017029 0.3774357736110687 0.8028948903083801 -1 -1 -1 -1 -1 -1 -1 -1 -1
0.5523510575294495 0.35826125741004944 0.8615022897720337 -1 -1 -1 -1 -1 -1 -1 -1 -1
0.5477868318557739 0.36211806535720825 0.777765154838562 -1 -1 -1 -1 -1 -1 -1 -1 -1
0.5566365122795105 0.36443817615509033 0.8138058185577393 -1 -1 -1 -1 -1 -1 -1 -1 -1
0.5525998473167419 0.3619304895401001 0.7663112282752991 -1 -1 -1 -1 -1 -1 -1 -1 -1
1 
33 
-1 -1 -1 -1 -1 -1 -1 -1 -1 -1
0.4888651967048645 0.6765087842941284 0.9950869679450989 -1 -1 -1 -1 -1 -1 -1 -1 -1
0.48534145951271057 0.6838258504867554 0.9976444840431213 -1 -1 -1 -1 -1 -1 -1 -1 -1
0.4841201603412628 0.6842917203903198 0.9968106150627136 -1 -1 -1 -1 -1 -1 -1 -1 -1
0.48285436630249023 0.6846472024917603 0.998155415058136 -1 -1 -1 -1 -1 -1 -1 -1 -1
0.48730677366256714 0.6825922727584839 0.9979390501976013 -1 -1 -1 -1 -1 -1 -1 -1 -1
0.4875796139240265 0.6823435425758362 0.9970083832740784 -1 -1 -1 -1 -1 -1 -1 -1 -1
0.48783770203590393 0.6821041107177734 0.9985315799713135 -1 -1 -1 -1 -1 -1 -1 -1 -1
0.4773380160331726 0.6830799579620361 0.9986294507980347 -1 -1 -1 -1 -1 -1 -1 -1 -1
0.48394542932510376 0.6800339818000793 0.9987443685531616 -1 -1 -1 -1 -1 -1 -1 -1 -1
0.48677077889442444 0.6695092916488647 0.9925282001495361 -1 -1 -1 -1 -1 -1 -1 -1 -1
0.4889131784439087 0.6684242486953735 0.9926804900169373 -1 -1 -1 -1 -1 -1 -1 -1 -1
0.46658915281295776 0.6673835515975952 0.9998892545700073 -1 -1 -1 -1 -1 -1 -1 -1 -1
0.4845510423183441 0.6463333964347839 0.9991061091423035 -1 -1 -1 -1 -1 -1 -1 -1 -1
0.4703380763530731 0.7062640190124512 0.8449472188949585 -1 -1 -1 -1 -1 -1 -1 -1 -1
0.49307310581207275 0.6219039559364319 0.15094265341758728 -1 -1 -1 -1 -1 -1 -1 -1 -1
0.4840017557144165 0.7289125323295593 0.7627615928649902 -1 -1 -1 -1 -1 -1 -1 -1 -1
0.5034659504890442 0.6466326117515564 0.3826766312122345 -1 -1 -1 -1 -1 -1 -1 -1 -1
0.48470571637153625 0.736930251121521 0.7560756802558899 -1 -1 -1 -1 -1 -1 -1 -1 -1
0.5053061246871948 0.652278482913971 0.3517129421234131 -1 -1 -1 -1 -1 -1 -1 -1 -1
0.48582881689071655 0.7343246936798096 0.6974349021911621 -1 -1 -1 -1 -1 -1 -1 -1 -1
0.5056320428848267 0.6581846475601196 0.3326498568058014 -1 -1 -1 -1 -1 -1 -1 -1 -1
0.4861719608306885 0.7294667363166809 0.6070432662963867 -1 -1 -1 -1 -1 -1 -1 -1 -1
0.505007803440094 0.6560677289962769 0.32311582565307617 -1 -1 -1 -1 -1 -1 -1 -1 -1
0.4815964102745056 0.5506012439727783 0.9999649524688721 -1 -1 -1 -1 -1 -1 -1 -1 -1
0.4940826892852783 0.541283369064331 0.9998353719711304 -1 -1 -1 -1 -1 -1 -1 -1 -1
0.526325523853302 0.4610767066478729 0.977347195148468 -1 -1 -1 -1 -1 -1 -1 -1 -1
0.531869113445282 0.468782901763916 0.8120948076248169 -1 -1 -1 -1 -1 -1 -1 -1 -1
0.5677873492240906 0.3430568277835846 0.9542463421821594 -1 -1 -1 -1 -1 -1 -1 -1 -1
0.5641657710075378 0.3602156937122345 0.5914677381515503 -1 -1 -1 -1 -1 -1 -1 -1 -1
0.5710863471031189 0.31993168592453003 0.8739175796508789 -1 -1 -1 -1 -1 -1 -1 -1 -1
0.5627361536026001 0.33556067943573 0.6306263208389282 -1 -1 -1 -1 -1 -1 -1 -1 -1
0.5990473628044128 0.32025569677352905 0.9701784253120422 -1 -1 -1 -1 -1 -1 -1 -1 -1
0.5906649827957153 0.34942275285720825 0.8521983027458191 -1 -1 -1 -1 -1 -1 -1 -1 -1
1 
33 
-1 -1 -1 -1 -1 -1 -1 -1 -1 -1
0.4759683609008789 0.7219027280807495 0.9694640040397644 -1 -1 -1 -1 -1 -1 -1 -1 -1
0.4723610579967499 0.7354905605316162 0.9601805806159973 -1 -1 -1 -1 -1 -1 -1 -1 -1
0.4724695086479187 0.7356259226799011 0.958625316619873 -1 -1 -1 -1 -1 -1 -1 -1 -1
0.4727731943130493 0.7358787059783936 0.9685245156288147 -1 -1 -1 -1 -1 -1 -1 -1 -1
0.4720705449581146 0.7344719171524048 0.9487877488136292 -1 -1 -1 -1 -1 -1 -1 -1 -1
0.47189027070999146 0.7339236736297607 0.9464039206504822 -1 -1 -1 -1 -1 -1 -1 -1 -1
0.4719368815422058 0.7337167859077454 0.9564588665962219 -1 -1 -1 -1 -1 -1 -1 -1 -1
0.4695392847061157 0.7261505126953125 0.9596895575523376 -1 -1 -1 -1 -1 -1 -1 -1 -1
0.46953311562538147 0.7305724620819092 0.9385724067687988 -1 -1 -1 -1 -1 -1 -1 -1 -1
0.47472235560417175 0.7108396887779236 0.9670040011405945 -1 -1 -1 -1 -1 -1 -1 -1 -1
0.47440704703330994 0.7117929458618164 0.9469037652015686 -1 -1 -1 -1 -1 -1 -1 -1 -1
0.46209192276000977 0.673009991645813 0.9993550181388855 -1 -1 -1 -1 -1 -1 -1 -1 -1
0.4632968008518219 0.6855958104133606 0.9945388436317444 -1 -1 -1 -1 -1 -1 -1 -1 -1
0.46723848581314087 0.5985836386680603 0.7433872818946838 -1 -1 -1 -1 -1 -1 -1 -1 -1
0.47501590847969055 0.6323460936546326 0.2536008954048157 -1 -1 -1 -1 -1 -1 -1 -1 -1
0.48493117094039917 0.552174985408783 0.5418329238891602 -1 -1 -1 -1 -1 -1 -1 -1 -1
0.4911089837551117 0.6122269034385681 0.18070578575134277 -1 -1 -1 -1 -1 -1 -1 -1 -1
0.4876285493373871 0.5361596345901489 0.489045649766922 -1 -1 -1 -1 -1 -1 -1 -1 -1
0.49376916885375977 0.6044274568557739 0.18911315500736237 -1 -1 -1 -1 -1 -1 -1 -1 -1
0.4888540506362915 0.5445475578308105 0.480578750371933 -1 -1 -1 -1 -1 -1 -1 -1 -1
0.49689486622810364 0.6095524430274963 0.19394224882125854 -1 -1 -1 -1 -1 -1 -1 -1 -1
0.48765018582344055 0.55033278465271 0.42514610290527344 -1 -1 -1 -1 -1 -1 -1 -1 -1
0.4963129758834839 0.6119169592857361 0.18625110387802124 -1 -1 -1 -1 -1 -1 -1 -1 -1
0.47734370827674866 0.5127702951431274 0.9968949556350708 -1 -1 -1 -1 -1 -1 -1 -1 -1
0.4798579216003418 0.5222446322441101 0.9909454584121704 -1 -1 -1 -1 -1 -1 -1 -1 -1
0.5202860832214355 0.4211694896221161 0.7643469572067261 -1 -1 -1 -1 -1 -1 -1 -1 -1
0.5278326272964478 0.4451024830341339 0.5613875985145569 -1 -1 -1 -1 -1 -1 -1 -1 -1
0.5428905487060547 0.309024453163147 0.8034837245941162 -1 -1 -1 -1 -1 -1 -1 -1 -1
0.5763728022575378 0.3435743451118469 0.6871709823608398 -1 -1 -1 -1 -1 -1 -1 -1 -1
0.5436965227127075 0.28835928440093994 0.7598931193351746 -1 -1 -1 -1 -1 -1 -1 -1 -1
0.5792410969734192 0.3240341246128082 0.6695117354393005 -1 -1 -1 -1 -1 -1 -1 -1 -1
0.5564849972724915 0.2928636968135834 0.7412513494491577 -1 -1 -1 -1 -1 -1 -1 -1 -1
0.599757194519043 0.3276476263999939 0.6656702160835266 -1 -1 -1 -1 -1 -1 -1 -1 -1
1 
33 
-1 -1 -1 -1 -1 -1 -1 -1 -1 -1
0.4687253534793854 0.7242562770843506 0.9711419939994812 -1 -1 -1 -1 -1 -1 -1 -1 -1
0.4694032669067383 0.730756402015686 0.9667369723320007 -1 -1 -1 -1 -1 -1 -1 -1 -1
0.47170597314834595 0.7309747934341431 0.9655267000198364 -1 -1 -1 -1 -1 -1 -1 -1 -1
0.47250306606292725 0.7303160429000854 0.9741014242172241 -1 -1 -1 -1 -1 -1 -1 -1 -1
0.46758735179901123 0.7365373373031616 0.9745776653289795 -1 -1 -1 -1 -1 -1 -1 -1 -1
0.46721312403678894 0.7364289164543152 0.9749183654785156 -1 -1 -1 -1 -1 -1 -1 -1 -1
0.46484407782554626 0.7352945804595947 0.9769036173820496 -1 -1 -1 -1 -1 -1 -1 -1 -1
0.4801589548587799 0.7007775902748108 0.960952639579773 -1 -1 -1 -1 -1 -1 -1 -1 -1
0.4646736979484558 0.7275847792625427 0.9631454944610596 -1 -1 -1 -1 -1 -1 -1 -1 -1
0.468574196100235 0.7129691243171692 0.9315927624702454 -1 -1 -1 -1 -1 -1 -1 -1 -1
0.4675863981246948 0.6991998553276062 0.9387784600257874 -1 -1 -1 -1 -1 -1 -1 -1 -1
0.48606085777282715 0.6413432359695435 0.9973552227020264 -1 -1 -1 -1 -1 -1 -1 -1 -1
0.4493336081504822 0.6560367345809937 0.9977453351020813 -1 -1 -1 -1 -1 -1 -1 -1 -1
0.4974590539932251 0.5805049538612366 0.06015700101852417 -1 -1 -1 -1 -1 -1 -1 -1 -1
0.4457085430622101 0.6721065044403076 0.4751772880554199 -1 -1 -1 -1 -1 -1 -1 -1 -1
0.5035719871520996 0.5563108325004578 0.20442821085453033 -1 -1 -1 -1 -1 -1 -1 -1 -1
0.4458882808685303 0.7120459079742432 0.5518529415130615 -1 -1 -1 -1 -1 -1 -1 -1 -1
0.5073135495185852 0.5461598038673401 0.32650524377822876 -1 -1 -1 -1 -1 -1 -1 -1 -1
0.443340539932251 0.7221054434776306 0.5733584761619568 -1 -1 -1 -1 -1 -1 -1 -1 -1
0.5040092468261719 0.5521710515022278 0.33667710423469543 -1 -1 -1 -1 -1 -1 -1 -1 -1
0.4481114447116852 0.7230109572410583 0.5644445419311523 -1 -1 -1 -1 -1 -1 -1 -1 -1
0.5015848875045776 0.556137204170227 0.2850826680660248 -1 -1 -1 -1 -1 -1 -1 -1 -1
0.45013853907585144 0.719139575958252 0.4988943934440613 -1 -1 -1 -1 -1 -1 -1 -1 -1
0.4973701238632202 0.4718368649482727 0.9999144077301025 -1 -1 -1 -1 -1 -1 -1 -1 -1
0.4704321622848511 0.4724978506565094 0.9998971223831177 -1 -1 -1 -1 -1 -1 -1 -1 -1
0.5121679306030273 0.42568618059158325 0.2542972266674042 -1 -1 -1 -1 -1 -1 -1 -1 -1
0.450198233127594 0.454843670129776 0.6229618787765503 -1 -1 -1 -1 -1 -1 -1 -1 -1
0.5470081567764282 0.38135746121406555 0.7529100775718689 -1 -1 -1 -1 -1 -1 -1 -1 -1
0.4907718002796173 0.3710576891899109 0.9138662815093994 -1 -1 -1 -1 -1 -1 -1 -1 -1
0.5494287610054016 0.38062307238578796 0.8303636312484741 -1 -1 -1 -1 -1 -1 -1 -1 -1
0.4977353513240814 0.3678113520145416 0.9267219305038452 -1 -1 -1 -1 -1 -1 -1 -1 -1
0.5564519762992859 0.35042300820350647 0.7804371118545532 -1 -1 -1 -1 -1 -1 -1 -1 -1
0.5032401084899902 0.32153069972991943 0.8961411714553833 -1 -1 -1 -1 -1 -1 -1 -1 -1
1 
