17
1 
33 
-1 -1 -1 -1 -1 -1 -1 -1 -1 -1
0.21009403467178345 0.6730620265007019 0.9012323021888733 -1 -1 -1 -1 -1 -1 -1 -1 -1
0.20585617423057556 0.6754892468452454 0.9207337498664856 -1 -1 -1 -1 -1 -1 -1 -1 -1
0.20659133791923523 0.6755228042602539 0.920067310333252 -1 -1 -1 -1 -1 -1 -1 -1 -1
0.20741258561611176 0.6754343509674072 0.9222106337547302 -1 -1 -1 -1 -1 -1 -1 -1 -1
0.2049894630908966 0.6764563918113708 0.8963672518730164 -1 -1 -1 -1 -1 -1 -1 -1 -1
0.20518067479133606 0.6776700615882874 0.8945016860961914 -1 -1 -1 -1 -1 -1 -1 -1 -1
0.20535393059253693 0.6788364052772522 0.9136080741882324 -1 -1 -1 -1 -1 -1 -1 -1 -1
0.21721547842025757 0.6799355745315552 0.8925430774688721 -1 -1 -1 -1 -1 -1 -1 -1 -1
0.21407638490200043 0.6809470057487488 0.8976294994354248 -1 -1 -1 -1 -1 -1 -1 -1 -1
0.22014465928077698 0.6734498739242554 0.8879507184028625 -1 -1 -1 -1 -1 -1 -1 -1 -1
0.2192727029323578 0.6763502359390259 0.8826747536659241 -1 -1 -1 -1 -1 -1 -1 -1 -1
0.26020535826683044 0.6859490275382996 0.9420484304428101 -1 -1 -1 -1 -1 -1 -1 -1 -1
0.24579140543937683 0.6703232526779175 0.9382302761077881 -1 -1 -1 -1 -1 -1 -1 -1 -1
0.2650715112686157 0.7685198187828064 0.21217237412929535 -1 -1 -1 -1 -1 -1 -1 -1 -1
0.20759521424770355 0.7367587685585022 0.42487576603889465 -1 -1 -1 -1 -1 -1 -1 -1 -1
0.24134695529937744 0.7851715683937073 0.1963995397090912 -1 -1 -1 -1 -1 -1 -1 -1 -1
0.14244377613067627 0.7712205052375793 0.6817643642425537 -1 -1 -1 -1 -1 -1 -1 -1 -1
0.2393900454044342 0.7953716516494751 0.2409995198249817 -1 -1 -1 -1 -1 -1 -1 -1 -1
0.12856526672840118 0.7701524496078491 0.7192600965499878 -1 -1 -1 -1 -1 -1 -1 -1 -1
0.23117497563362122 0.7921481132507324 0.23354673385620117 -1 -1 -1 -1 -1 -1 -1 -1 -1
0.12563736736774445 0.7815103530883789 0.7031638026237488 -1 -1 -1 -1 -1 -1 -1 -1 -1
0.2315605878829956 0.7870191335678101 0.23465272784233093 -1 -1 -1 -1 -1 -1 -1 -1 -1
0.13198016583919525 0.7831737399101257 0.6639842987060547 -1 -1 -1 -1 -1 -1 -1 -1 -1
0.39348962903022766 0.6056483387947083 0.9931190013885498 -1 -1 -1 -1 -1 -1 -1 -1 -1
0.3886881172657013 0.5953860282897949 0.9931233525276184 -1 -1 -1 -1 -1 -1 -1 -1 -1
0.4773666560649872 0.6007196307182312 0.848487138748169 -1 -1 -1 -1 -1 -1 -1 -1 -1
0.4657037854194641 0.5590938925743103 0.7039771676063538 -1 -1 -1 -1 -1 -1 -1 -1 -1
0.5584248304367065 0.6715379357337952 0.9303500056266785 -1 -1 -1 -1 -1 -1 -1 -1 -1
0.5256675481796265 0.5307035446166992 0.8363280892372131 -1 -1 -1 -1 -1 -1 -1 -1 -1
0.5695803761482239 0.6782798171043396 0.9074586629867554 -1 -1 -1 -1 -1 -1 -1 -1 -1
0.5349735617637634 0.5244954824447632 0.8613671064376831 -1 -1 -1 -1 -1 -1 -1 -1 -1
0.578480064868927 0.6931432485580444 0.8874548077583313 -1 -1 -1 -1 -1 -1 -1 -1 -1
0.5454952716827393 0.5299985408782959 0.8076719641685486 -1 -1 -1 -1 -1 -1 -1 -1 -1
1 
33 
-1 -1 -1 -1 -1 -1 -1 -1 -1 -1
0.5068115592002869 0.4798237085342407 0.9998394250869751 -1 -1 -1 -1 -1 -1 -1 -1 -1
0.5096681714057922 0.46906358003616333 0.9999048709869385 -1 -1 -1 -1 -1 -1 -1 -1 -1
0.5092013478279114 0.4672921299934387 0.9998904466629028 -1 -1 -1 -1 -1 -1 -1 -1 -1
0.5085906386375427 0.46528559923171997 0.9999090433120728 -1 -1 -1 -1 -1 -1 -1 -1 -1
0.5100442171096802 0.4709273874759674 0.9999018907546997 -1 -1 -1 -1 -1 -1 -1 -1 -1
0.50995934009552 0.47052913904190063 0.9998518228530884 -1 -1 -1 -1 -1 -1 -1 -1 -1
0.5097273588180542 0.4699333906173706 0.999886155128479 -1 -1 -1 -1 -1 -1 -1 -1 -1
0.5031268000602722 0.4574214220046997 0.9997918009757996 -1 -1 -1 -1 -1 -1 -1 -1 -1
0.5043451189994812 0.46407464146614075 0.9999105930328369 -1 -1 -1 -1 -1 -1 -1 -1 -1
0.5027220845222473 0.4806104302406311 0.9997367262840271 -1 -1 -1 -1 -1 -1 -1 -1 -1
0.50296550989151 0.48270314931869507 0.999817430973053 -1 -1 -1 -1 -1 -1 -1 -1 -1
0.48126018047332764 0.4698071777820587 0.9994698166847229 -1 -1 -1 -1 -1 -1 -1 -1 -1
0.47769978642463684 0.48605042695999146 0.9997915625572205 -1 -1 -1 -1 -1 -1 -1 -1 -1
0.4674689471721649 0.545624852180481 0.057658933103084564 -1 -1 -1 -1 -1 -1 -1 -1 -1
0.4380871653556824 0.5246061682701111 0.7166868448257446 -1 -1 -1 -1 -1 -1 -1 -1 -1
0.45647650957107544 0.5919073224067688 0.11589543521404266 -1 -1 -1 -1 -1 -1 -1 -1 -1
0.4264568090438843 0.5377703309059143 0.5510618686676025 -1 -1 -1 -1 -1 -1 -1 -1 -1
0.4555633068084717 0.6042302250862122 0.14688153564929962 -1 -1 -1 -1 -1 -1 -1 -1 -1
0.4230632483959198 0.5392672419548035 0.5637511610984802 -1 -1 -1 -1 -1 -1 -1 -1 -1
0.4541723132133484 0.6014888286590576 0.151964470744133 -1 -1 -1 -1 -1 -1 -1 -1 -1
0.4252186119556427 0.5364260673522949 0.5568704009056091 -1 -1 -1 -1 -1 -1 -1 -1 -1
0.4536926746368408 0.5982159972190857 0.16171306371688843 -1 -1 -1 -1 -1 -1 -1 -1 -1
0.42610326409339905 0.5367209911346436 0.5288869738578796 -1 -1 -1 -1 -1 -1 -1 -1 -1
0.4506024420261383 0.5816411375999451 0.9995586276054382 -1 -1 -1 -1 -1 -1 -1 -1 -1
0.4436475336551666 0.5843641757965088 0.9998025298118591 -1 -1 -1 -1 -1 -1 -1 -1 -1
0.46936845779418945 0.6300151348114014 0.9400940537452698 -1 -1 -1 -1 -1 -1 -1 -1 -1
0.4729941487312317 0.5987327694892883 0.9937474727630615 -1 -1 -1 -1 -1 -1 -1 -1 -1
0.4278201460838318 0.6676698923110962 0.9664779305458069 -1 -1 -1 -1 -1 -1 -1 -1 -1
0.5372599363327026 0.6796388626098633 0.9894261360168457 -1 -1 -1 -1 -1 -1 -1 -1 -1
0.4056149125099182 0.6723842620849609 0.9626915454864502 -1 -1 -1 -1 -1 -1 -1 -1 -1
0.5461074709892273 0.6934245228767395 0.9737652540206909 -1 -1 -1 -1 -1 -1 -1 -1 -1
0.4257589280605316 0.6824495196342468 0.9534083008766174 -1 -1 -1 -1 -1 -1 -1 -1 -1
0.5634806752204895 0.6878064870834351 0.9739446043968201 -1 -1 -1 -1 -1 -1 -1 -1 -1
1 
33 
-1 -1 -1 -1 -1 -1 -1 -1 -1 -1
0.510128378868103 0.5059456825256348 0.9795666337013245 -1 -1 -1 -1 -1 -1 -1 -1 -1
0.5128940939903259 0.4954426884651184 0.9622077345848083 -1 -1 -1 -1 -1 -1 -1 -1 -1
0.5127367377281189 0.4937354326248169 0.9659517407417297 -1 -1 -1 -1 -1 -1 -1 -1 -1
0.5125276446342468 0.49198001623153687 0.9691566228866577 -1 -1 -1 -1 -1 -1 -1 -1 -1
0.5130147933959961 0.49629703164100647 0.9636974930763245 -1 -1 -1 -1 -1 -1 -1 -1 -1
0.5129490494728088 0.49526649713516235 0.9628041982650757 -1 -1 -1 -1 -1 -1 -1 -1 -1
0.5128390789031982 0.49417003989219666 0.9585760235786438 -1 -1 -1 -1 -1 -1 -1 -1 -1
0.5085285902023315 0.4834091067314148 0.8986992239952087 -1 -1 -1 -1 -1 -1 -1 -1 -1
0.5093336701393127 0.48549264669418335 0.9551092386245728 -1 -1 -1 -1 -1 -1 -1 -1 -1
0.5066872835159302 0.5049657821655273 0.89275062084198 -1 -1 -1 -1 -1 -1 -1 -1 -1
0.5065685510635376 0.5058939456939697 0.9134541153907776 -1 -1 -1 -1 -1 -1 -1 -1 -1
0.4817439019680023 0.4945310354232788 0.996623158454895 -1 -1 -1 -1 -1 -1 -1 -1 -1
0.48126131296157837 0.4980945289134979 0.9998161196708679 -1 -1 -1 -1 -1 -1 -1 -1 -1
0.47423550486564636 0.5708128213882446 0.013212342746555805 -1 -1 -1 -1 -1 -1 -1 -1 -1
0.4580845236778259 0.5725529193878174 0.8079354763031006 -1 -1 -1 -1 -1 -1 -1 -1 -1
0.46816813945770264 0.6243004202842712 0.02082444727420807 -1 -1 -1 -1 -1 -1 -1 -1 -1
0.4458876848220825 0.6275650262832642 0.692427933216095 -1 -1 -1 -1 -1 -1 -1 -1 -1
0.4665088951587677 0.6391543745994568 0.029246201738715172 -1 -1 -1 -1 -1 -1 -1 -1 -1
0.44080787897109985 0.6379752159118652 0.6870036721229553 -1 -1 -1 -1 -1 -1 -1 -1 -1
0.46914082765579224 0.640213131904602 0.030313970521092415 -1 -1 -1 -1 -1 -1 -1 -1 -1
0.44336554408073425 0.6402163505554199 0.6944023966789246 -1 -1 -1 -1 -1 -1 -1 -1 -1
0.46907180547714233 0.6344674825668335 0.03440207988023758 -1 -1 -1 -1 -1 -1 -1 -1 -1
0.4449327886104584 0.6362161636352539 0.589849054813385 -1 -1 -1 -1 -1 -1 -1 -1 -1
0.4583635926246643 0.6080574989318848 0.9996781349182129 -1 -1 -1 -1 -1 -1 -1 -1 -1
0.45192795991897583 0.6116984486579895 0.9997089505195618 -1 -1 -1 -1 -1 -1 -1 -1 -1
0.4982275366783142 0.6358609795570374 0.8485652208328247 -1 -1 -1 -1 -1 -1 -1 -1 -1
0.45211607217788696 0.6996168494224548 0.993156373500824 -1 -1 -1 -1 -1 -1 -1 -1 -1
0.5104650259017944 0.7159411311149597 0.9264092445373535 -1 -1 -1 -1 -1 -1 -1 -1 -1
0.4053618609905243 0.7001286745071411 0.9671105742454529 -1 -1 -1 -1 -1 -1 -1 -1 -1
0.5058332681655884 0.7329901456832886 0.8764920830726624 -1 -1 -1 -1 -1 -1 -1 -1 -1
0.39904680848121643 0.6916399598121643 0.8323087692260742 -1 -1 -1 -1 -1 -1 -1 -1 -1
0.5367921590805054 0.7333787083625793 0.9221867322921753 -1 -1 -1 -1 -1 -1 -1 -1 -1
0.39422309398651123 0.7169902324676514 0.9419151544570923 -1 -1 -1 -1 -1 -1 -1 -1 -1
1 
33 
-1 -1 -1 -1 -1 -1 -1 -1 -1 -1
0.5107218623161316 0.5180379152297974 0.9995096921920776 -1 -1 -1 -1 -1 -1 -1 -1 -1
0.5117968320846558 0.5086753368377686 0.9990744590759277 -1 -1 -1 -1 -1 -1 -1 -1 -1
0.5112811923027039 0.5075500011444092 0.9989211559295654 -1 -1 -1 -1 -1 -1 -1 -1 -1
0.510675311088562 0.5063299536705017 0.9993541836738586 -1 -1 -1 -1 -1 -1 -1 -1 -1
0.5117035508155823 0.5090681910514832 0.9995290040969849 -1 -1 -1 -1 -1 -1 -1 -1 -1
0.5111915469169617 0.5082883834838867 0.999543309211731 -1 -1 -1 -1 -1 -1 -1 -1 -1
0.5106164216995239 0.5074558258056641 0.9995980858802795 -1 -1 -1 -1 -1 -1 -1 -1 -1
0.5044556260108948 0.4992516338825226 0.9982142448425293 -1 -1 -1 -1 -1 -1 -1 -1 -1
0.5045149922370911 0.5012421607971191 0.999382495880127 -1 -1 -1 -1 -1 -1 -1 -1 -1
0.5067300796508789 0.5211920738220215 0.999679684638977 -1 -1 -1 -1 -1 -1 -1 -1 -1
0.5064725875854492 0.521548330783844 0.9998063445091248 -1 -1 -1 -1 -1 -1 -1 -1 -1
0.4840148687362671 0.5181761980056763 0.9999254941940308 -1 -1 -1 -1 -1 -1 -1 -1 -1
0.4763268530368805 0.527009904384613 0.9999979734420776 -1 -1 -1 -1 -1 -1 -1 -1 -1
0.49594777822494507 0.5863168239593506 0.27408498525619507 -1 -1 -1 -1 -1 -1 -1 -1 -1
0.47902414202690125 0.6031484007835388 0.9766232967376709 -1 -1 -1 -1 -1 -1 -1 -1 -1
0.5053380727767944 0.6525875329971313 0.18945640325546265 -1 -1 -1 -1 -1 -1 -1 -1 -1
0.5047585368156433 0.6591737866401672 0.9319798350334167 -1 -1 -1 -1 -1 -1 -1 -1 -1
0.508809506893158 0.6713790893554688 0.13540568947792053 -1 -1 -1 -1 -1 -1 -1 -1 -1
0.5082671642303467 0.6774566173553467 0.8895998597145081 -1 -1 -1 -1 -1 -1 -1 -1 -1
0.5078666806221008 0.6746373176574707 0.14660538733005524 -1 -1 -1 -1 -1 -1 -1 -1 -1
0.5131322145462036 0.6758429408073425 0.8972987532615662 -1 -1 -1 -1 -1 -1 -1 -1 -1
0.5064108371734619 0.6670659780502319 0.14443452656269073 -1 -1 -1 -1 -1 -1 -1 -1 -1
0.5109076499938965 0.6691181063652039 0.8209268450737 -1 -1 -1 -1 -1 -1 -1 -1 -1
0.4765446186065674 0.6404644250869751 0.99996018409729 -1 -1 -1 -1 -1 -1 -1 -1 -1
0.47241219878196716 0.642989993095398 0.9999963045120239 -1 -1 -1 -1 -1 -1 -1 -1 -1
0.46955546736717224 0.724852442741394 0.5382327437400818 -1 -1 -1 -1 -1 -1 -1 -1 -1
0.5125218033790588 0.6575854420661926 0.9620589017868042 -1 -1 -1 -1 -1 -1 -1 -1 -1
0.4340696930885315 0.7055292725563049 0.46380186080932617 -1 -1 -1 -1 -1 -1 -1 -1 -1
0.5216141939163208 0.7472091317176819 0.9761695861816406 -1 -1 -1 -1 -1 -1 -1 -1 -1
0.426557332277298 0.6807593703269958 0.5515220761299133 -1 -1 -1 -1 -1 -1 -1 -1 -1
0.5190343856811523 0.7601051330566406 0.9554396271705627 -1 -1 -1 -1 -1 -1 -1 -1 -1
0.42441320419311523 0.7162746787071228 0.6423661112785339 -1 -1 -1 -1 -1 -1 -1 -1 -1
0.5502776503562927 0.767386257648468 0.9792638421058655 -1 -1 -1 -1 -1 -1 -1 -1 -1
1 
33 
-1 -1 -1 -1 -1 -1 -1 -1 -1 -1
0.5041312575340271 0.5227158069610596 0.9983108043670654 -1 -1 -1 -1 -1 -1 -1 -1 -1
0.5052217841148376 0.5125900506973267 0.9968094229698181 -1 -1 -1 -1 -1 -1 -1 -1 -1
0.5050573348999023 0.5120675563812256 0.9961906671524048 -1 -1 -1 -1 -1 -1 -1 -1 -1
0.5048162341117859 0.5115230083465576 0.9974060654640198 -1 -1 -1 -1 -1 -1 -1 -1 -1
0.5044297575950623 0.5118616819381714 0.9981980919837952 -1 -1 -1 -1 -1 -1 -1 -1 -1
0.5037481188774109 0.5108358860015869 0.9980816841125488 -1 -1 -1 -1 -1 -1 -1 -1 -1
0.5029525756835938 0.5097450613975525 0.9985552430152893 -1 -1 -1 -1 -1 -1 -1 -1 -1
0.4994673728942871 0.5098984837532043 0.9919896721839905 -1 -1 -1 -1 -1 -1 -1 -1 -1
0.49731335043907166 0.5078023076057434 0.996653139591217 -1 -1 -1 -1 -1 -1 -1 -1 -1
0.501069188117981 0.5283346772193909 0.9964441657066345 -1 -1 -1 -1 -1 -1 -1 -1 -1
0.5000584125518799 0.5273842215538025 0.9983025789260864 -1 -1 -1 -1 -1 -1 -1 -1 -1
0.4907839298248291 0.5510010123252869 0.9980003237724304 -1 -1 -1 -1 -1 -1 -1 -1 -1
0.47695019841194153 0.5297769904136658 0.999839186668396 -1 -1 -1 -1 -1 -1 -1 -1 -1
0.516501247882843 0.5948545932769775 0.472432941198349 -1 -1 -1 -1 -1 -1 -1 -1 -1
0.4760938584804535 0.5624128580093384 0.9530580043792725 -1 -1 -1 -1 -1 -1 -1 -1 -1
0.5467193126678467 0.6194958686828613 0.6501523852348328 -1 -1 -1 -1 -1 -1 -1 -1 -1
0.5046063661575317 0.5965021848678589 0.9148067831993103 -1 -1 -1 -1 -1 -1 -1 -1 -1
0.5560246706008911 0.6257211565971375 0.6293584704399109 -1 -1 -1 -1 -1 -1 -1 -1 -1
0.5098180174827576 0.6049423217773438 0.8827797770500183 -1 -1 -1 -1 -1 -1 -1 -1 -1
0.5563677549362183 0.6230483651161194 0.6490670442581177 -1 -1 -1 -1 -1 -1 -1 -1 -1
0.5124014019966125 0.6034145355224609 0.8726718425750732 -1 -1 -1 -1 -1 -1 -1 -1 -1
0.5521342754364014 0.6223706007003784 0.6492660045623779 -1 -1 -1 -1 -1 -1 -1 -1 -1
0.5106065273284912 0.6016916632652283 0.8124883770942688 -1 -1 -1 -1 -1 -1 -1 -1 -1
0.46829867362976074 0.6595968008041382 0.9986164569854736 -1 -1 -1 -1 -1 -1 -1 -1 -1
0.4558621942996979 0.6555731296539307 0.9995330572128296 -1 -1 -1 -1 -1 -1 -1 -1 -1
0.50110924243927 0.7038803100585938 0.7550340294837952 -1 -1 -1 -1 -1 -1 -1 -1 -1
0.4967140853404999 0.6930004358291626 0.9905967712402344 -1 -1 -1 -1 -1 -1 -1 -1 -1
0.4776945114135742 0.7503606677055359 0.8108598589897156 -1 -1 -1 -1 -1 -1 -1 -1 -1
0.506304919719696 0.783215343952179 0.9953866600990295 -1 -1 -1 -1 -1 -1 -1 -1 -1
0.47233420610427856 0.7540342211723328 0.8238431811332703 -1 -1 -1 -1 -1 -1 -1 -1 -1
0.5033920407295227 0.8023282289505005 0.9865124225616455 -1 -1 -1 -1 -1 -1 -1 -1 -1
0.4833861291408539 0.7714136838912964 0.8606977462768555 -1 -1 -1 -1 -1 -1 -1 -1 -1
0.5277997851371765 0.8126046657562256 0.9928768277168274 -1 -1 -1 -1 -1 -1 -1 -1 -1
1 
33 
-1 -1 -1 -1 -1 -1 -1 -1 -1 -1
0.49679359793663025 0.5325354337692261 0.9975038170814514 -1 -1 -1 -1 -1 -1 -1 -1 -1
0.49720415472984314 0.5219086408615112 0.9924088716506958 -1 -1 -1 -1 -1 -1 -1 -1 -1
0.49678030610084534 0.5211859941482544 0.9903833270072937 -1 -1 -1 -1 -1 -1 -1 -1 -1
0.4963400363922119 0.5205608606338501 0.9946632385253906 -1 -1 -1 -1 -1 -1 -1 -1 -1
0.4971448481082916 0.522224485874176 0.9962974190711975 -1 -1 -1 -1 -1 -1 -1 -1 -1
0.49669021368026733 0.5217715501785278 0.9955809712409973 -1 -1 -1 -1 -1 -1 -1 -1 -1
0.4962167739868164 0.5213595628738403 0.9964790940284729 -1 -1 -1 -1 -1 -1 -1 -1 -1
0.49045807123184204 0.5195649862289429 0.9865217804908752 -1 -1 -1 -1 -1 -1 -1 -1 -1
0.4901235103607178 0.520605206489563 0.9915651082992554 -1 -1 -1 -1 -1 -1 -1 -1 -1
0.49357590079307556 0.5371445417404175 0.9928925037384033 -1 -1 -1 -1 -1 -1 -1 -1 -1
0.49319636821746826 0.5376951694488525 0.9964196681976318 -1 -1 -1 -1 -1 -1 -1 -1 -1
0.4815715551376343 0.544577419757843 0.9969606995582581 -1 -1 -1 -1 -1 -1 -1 -1 -1
0.4741693437099457 0.5514390468597412 0.9988808035850525 -1 -1 -1 -1 -1 -1 -1 -1 -1
0.5147533416748047 0.5536729693412781 0.5910071134567261 -1 -1 -1 -1 -1 -1 -1 -1 -1
0.5072426199913025 0.5674152970314026 0.9876888394355774 -1 -1 -1 -1 -1 -1 -1 -1 -1
0.5521593689918518 0.5582879185676575 0.6663921475410461 -1 -1 -1 -1 -1 -1 -1 -1 -1
0.5451693534851074 0.5730924606323242 0.9638198614120483 -1 -1 -1 -1 -1 -1 -1 -1 -1
0.5620319247245789 0.5560042858123779 0.6659846305847168 -1 -1 -1 -1 -1 -1 -1 -1 -1
0.5551645755767822 0.5794515013694763 0.9392749071121216 -1 -1 -1 -1 -1 -1 -1 -1 -1
0.5614992380142212 0.5571379065513611 0.6903485059738159 -1 -1 -1 -1 -1 -1 -1 -1 -1
0.5561044812202454 0.5742290019989014 0.935418963432312 -1 -1 -1 -1 -1 -1 -1 -1 -1
0.5572194457054138 0.5538023114204407 0.6796926856040955 -1 -1 -1 -1 -1 -1 -1 -1 -1
0.5526437759399414 0.5729818344116211 0.8829600811004639 -1 -1 -1 -1 -1 -1 -1 -1 -1
0.46724966168403625 0.6630066633224487 0.9989892840385437 -1 -1 -1 -1 -1 -1 -1 -1 -1
0.4583691656589508 0.6667112112045288 0.9995378255844116 -1 -1 -1 -1 -1 -1 -1 -1 -1
0.4889361560344696 0.7275875210762024 0.6889112591743469 -1 -1 -1 -1 -1 -1 -1 -1 -1
0.5028098225593567 0.7172911167144775 0.9801075458526611 -1 -1 -1 -1 -1 -1 -1 -1 -1
0.45410728454589844 0.7630513906478882 0.76148521900177 -1 -1 -1 -1 -1 -1 -1 -1 -1
0.49851104617118835 0.8107958436012268 0.9959962368011475 -1 -1 -1 -1 -1 -1 -1 -1 -1
0.44651371240615845 0.7622820734977722 0.7430427670478821 -1 -1 -1 -1 -1 -1 -1 -1 -1
0.49328774213790894 0.8229394555091858 0.9889242053031921 -1 -1 -1 -1 -1 -1 -1 -1 -1
0.4488295614719391 0.7894733548164368 0.8432624340057373 -1 -1 -1 -1 -1 -1 -1 -1 -1
0.5123328566551208 0.8357734084129333 0.994705855846405 -1 -1 -1 -1 -1 -1 -1 -1 -1
1 
33 
-1 -1 -1 -1 -1 -1 -1 -1 -1 -1
0.5045897364616394 0.5479522347450256 0.9875959157943726 -1 -1 -1 -1 -1 -1 -1 -1 -1
0.5057982206344604 0.538494348526001 0.9748170971870422 -1 -1 -1 -1 -1 -1 -1 -1 -1
0.5055050253868103 0.5374531745910645 0.9627165198326111 -1 -1 -1 -1 -1 -1 -1 -1 -1
0.505250096321106 0.5364503860473633 0.9790738821029663 -1 -1 -1 -1 -1 -1 -1 -1 -1
0.5044671297073364 0.5395179986953735 0.9838095903396606 -1 -1 -1 -1 -1 -1 -1 -1 -1
0.503885805606842 0.5386449098587036 0.9807913303375244 -1 -1 -1 -1 -1 -1 -1 -1 -1
0.5027240514755249 0.5375164151191711 0.9842507839202881 -1 -1 -1 -1 -1 -1 -1 -1 -1
0.49759235978126526 0.527436375617981 0.9703088402748108 -1 -1 -1 -1 -1 -1 -1 -1 -1
0.4940475821495056 0.5291118025779724 0.9652698636054993 -1 -1 -1 -1 -1 -1 -1 -1 -1
0.49886927008628845 0.5510898232460022 0.9518279433250427 -1 -1 -1 -1 -1 -1 -1 -1 -1
0.49858441948890686 0.5504852533340454 0.9584760069847107 -1 -1 -1 -1 -1 -1 -1 -1 -1
0.4886229932308197 0.5272555947303772 0.9914528131484985 -1 -1 -1 -1 -1 -1 -1 -1 -1
0.47270700335502625 0.5502261519432068 0.9841396808624268 -1 -1 -1 -1 -1 -1 -1 -1 -1
0.5295741558074951 0.513441264629364 0.2166779339313507 -1 -1 -1 -1 -1 -1 -1 -1 -1
0.5219368934631348 0.5476359724998474 0.9610121846199036 -1 -1 -1 -1 -1 -1 -1 -1 -1
0.5535264015197754 0.5069178938865662 0.23576459288597107 -1 -1 -1 -1 -1 -1 -1 -1 -1
0.5443772077560425 0.5163838863372803 0.92035311460495 -1 -1 -1 -1 -1 -1 -1 -1 -1
0.5598483085632324 0.502935528755188 0.3048349916934967 -1 -1 -1 -1 -1 -1 -1 -1 -1
0.5487134456634521 0.5099916458129883 0.8943282961845398 -1 -1 -1 -1 -1 -1 -1 -1 -1
0.556861937046051 0.5044206976890564 0.3313455879688263 -1 -1 -1 -1 -1 -1 -1 -1 -1
0.5469155311584473 0.5043920278549194 0.8912003636360168 -1 -1 -1 -1 -1 -1 -1 -1 -1
0.55403071641922 0.508348822593689 0.34320101141929626 -1 -1 -1 -1 -1 -1 -1 -1 -1
0.5453869700431824 0.5074235796928406 0.8239949345588684 -1 -1 -1 -1 -1 -1 -1 -1 -1
0.4655836224555969 0.6630989909172058 0.9996052384376526 -1 -1 -1 -1 -1 -1 -1 -1 -1
0.4547596573829651 0.6709527373313904 0.9989270567893982 -1 -1 -1 -1 -1 -1 -1 -1 -1
0.5024694204330444 0.7245513200759888 0.4842793941497803 -1 -1 -1 -1 -1 -1 -1 -1 -1
0.49635323882102966 0.7333401441574097 0.9431265592575073 -1 -1 -1 -1 -1 -1 -1 -1 -1
0.47828322649002075 0.7934239506721497 0.32583555579185486 -1 -1 -1 -1 -1 -1 -1 -1 -1
0.4736816883087158 0.7999722957611084 0.8507847785949707 -1 -1 -1 -1 -1 -1 -1 -1 -1
0.46888163685798645 0.7991319894790649 0.38701796531677246 -1 -1 -1 -1 -1 -1 -1 -1 -1
0.46432262659072876 0.8005478382110596 0.7997793555259705 -1 -1 -1 -1 -1 -1 -1 -1 -1
0.4900580644607544 0.8270329833030701 0.49783840775489807 -1 -1 -1 -1 -1 -1 -1 -1 -1
0.48300352692604065 0.8322758674621582 0.8272941708564758 -1 -1 -1 -1 -1 -1 -1 -1 -1
1 
33 
-1 -1 -1 -1 -1 -1 -1 -1 -1 -1
0.4951865077018738 0.5332736372947693 0.9574398994445801 -1 -1 -1 -1 -1 -1 -1 -1 -1
0.4950293302536011 0.5234834551811218 0.9282802939414978 -1 -1 -1 -1 -1 -1 -1 -1 -1
0.4946013391017914 0.5230899453163147 0.8993355631828308 -1 -1 -1 -1 -1 -1 -1 -1 -1
0.4941852390766144 0.5222980380058289 0.9381804466247559 -1 -1 -1 -1 -1 -1 -1 -1 -1
0.4948793649673462 0.5229853391647339 0.9480018019676208 -1 -1 -1 -1 -1 -1 -1 -1 -1
0.49437394738197327 0.5222685933113098 0.936846911907196 -1 -1 -1 -1 -1 -1 -1 -1 -1
0.49387142062187195 0.5211104154586792 0.948434054851532 -1 -1 -1 -1 -1 -1 -1 -1 -1
0.4865041971206665 0.5192538499832153 0.8879573941230774 -1 -1 -1 -1 -1 -1 -1 -1 -1
0.4858160614967346 0.5187265872955322 0.9221984148025513 -1 -1 -1 -1 -1 -1 -1 -1 -1
0.49052754044532776 0.5356837511062622 0.8871702551841736 -1 -1 -1 -1 -1 -1 -1 -1 -1
0.49040791392326355 0.535099983215332 0.9139629602432251 -1 -1 -1 -1 -1 -1 -1 -1 -1
0.47556614875793457 0.5293114185333252 0.9912270903587341 -1 -1 -1 -1 -1 -1 -1 -1 -1
0.46829119324684143 0.5411331653594971 0.9912721514701843 -1 -1 -1 -1 -1 -1 -1 -1 -1
0.505378246307373 0.4916396737098694 0.2272884100675583 -1 -1 -1 -1 -1 -1 -1 -1 -1
0.5066139698028564 0.5149117708206177 0.9707227945327759 -1 -1 -1 -1 -1 -1 -1 -1 -1
0.5242165327072144 0.44446301460266113 0.42052459716796875 -1 -1 -1 -1 -1 -1 -1 -1 -1
0.5229816436767578 0.45497316122055054 0.9630557894706726 -1 -1 -1 -1 -1 -1 -1 -1 -1
0.5278184413909912 0.4392913281917572 0.4843866527080536 -1 -1 -1 -1 -1 -1 -1 -1 -1
0.5282765030860901 0.44303834438323975 0.9466400146484375 -1 -1 -1 -1 -1 -1 -1 -1 -1
0.5266129374504089 0.4355154037475586 0.5010859370231628 -1 -1 -1 -1 -1 -1 -1 -1 -1
0.5266955494880676 0.439594030380249 0.9404416680335999 -1 -1 -1 -1 -1 -1 -1 -1 -1
0.5254744291305542 0.43868908286094666 0.5037186741828918 -1 -1 -1 -1 -1 -1 -1 -1 -1
0.5254145860671997 0.44304296374320984 0.8919721245765686 -1 -1 -1 -1 -1 -1 -1 -1 -1
0.4676649570465088 0.6628475785255432 0.9994878768920898 -1 -1 -1 -1 -1 -1 -1 -1 -1
0.4605022072792053 0.6674118041992188 0.9989559650421143 -1 -1 -1 -1 -1 -1 -1 -1 -1
0.4939839839935303 0.7365728616714478 0.17193683981895447 -1 -1 -1 -1 -1 -1 -1 -1 -1
0.49248555302619934 0.7378388047218323 0.7577099800109863 -1 -1 -1 -1 -1 -1 -1 -1 -1
0.4816717505455017 0.8149627447128296 0.12528946995735168 -1 -1 -1 -1 -1 -1 -1 -1 -1
0.4772563874721527 0.8256570100784302 0.8089688420295715 -1 -1 -1 -1 -1 -1 -1 -1 -1
0.47504040598869324 0.8251364231109619 0.2104712724685669 -1 -1 -1 -1 -1 -1 -1 -1 -1
0.47112688422203064 0.8384427428245544 0.814793586730957 -1 -1 -1 -1 -1 -1 -1 -1 -1
0.4950617551803589 0.8371168375015259 0.28156623244285583 -1 -1 -1 -1 -1 -1 -1 -1 -1
0.49118512868881226 0.8443604111671448 0.8120100498199463 -1 -1 -1 -1 -1 -1 -1 -1 -1
1 
33 
-1 -1 -1 -1 -1 -1 -1 -1 -1 -1
0.49545395374298096 0.5083008408546448 0.988231360912323 -1 -1 -1 -1 -1 -1 -1 -1 -1
0.4940418004989624 0.4987291991710663 0.9801719784736633 -1 -1 -1 -1 -1 -1 -1 -1 -1
0.4937703311443329 0.49776315689086914 0.9739600419998169 -1 -1 -1 -1 -1 -1 -1 -1 -1
0.4935302436351776 0.49666473269462585 0.9825260639190674 -1 -1 -1 -1 -1 -1 -1 -1 -1
0.49306386709213257 0.4989294409751892 0.9860579371452332 -1 -1 -1 -1 -1 -1 -1 -1 -1
0.49219202995300293 0.49823522567749023 0.9829839468002319 -1 -1 -1 -1 -1 -1 -1 -1 -1
0.49135056138038635 0.49733966588974 0.9848811626434326 -1 -1 -1 -1 -1 -1 -1 -1 -1
0.4872952997684479 0.49350953102111816 0.9667174816131592 -1 -1 -1 -1 -1 -1 -1 -1 -1
0.48422539234161377 0.49415427446365356 0.9671662449836731 -1 -1 -1 -1 -1 -1 -1 -1 -1
0.49259015917778015 0.5114100575447083 0.9615594148635864 -1 -1 -1 -1 -1 -1 -1 -1 -1
0.49167248606681824 0.512121319770813 0.9629122018814087 -1 -1 -1 -1 -1 -1 -1 -1 -1
0.4740338921546936 0.5109878778457642 0.989605188369751 -1 -1 -1 -1 -1 -1 -1 -1 -1
0.47079190611839294 0.5166060328483582 0.9949991703033447 -1 -1 -1 -1 -1 -1 -1 -1 -1
0.4944034516811371 0.4549596309661865 0.1679430454969406 -1 -1 -1 -1 -1 -1 -1 -1 -1
0.49802860617637634 0.4550893008708954 0.9409523606300354 -1 -1 -1 -1 -1 -1 -1 -1 -1
0.5078656077384949 0.4009611904621124 0.26000115275382996 -1 -1 -1 -1 -1 -1 -1 -1 -1
0.5065515041351318 0.40069329738616943 0.9130058288574219 -1 -1 -1 -1 -1 -1 -1 -1 -1
0.5079984068870544 0.38591936230659485 0.2961348295211792 -1 -1 -1 -1 -1 -1 -1 -1 -1
0.5077508091926575 0.3852023780345917 0.8888804316520691 -1 -1 -1 -1 -1 -1 -1 -1 -1
0.505972146987915 0.3853377401828766 0.30299314856529236 -1 -1 -1 -1 -1 -1 -1 -1 -1
0.5050703883171082 0.38490596413612366 0.8754714131355286 -1 -1 -1 -1 -1 -1 -1 -1 -1
0.5060814023017883 0.39033785462379456 0.32015323638916016 -1 -1 -1 -1 -1 -1 -1 -1 -1
0.5049527883529663 0.3899945616722107 0.8160083293914795 -1 -1 -1 -1 -1 -1 -1 -1 -1
0.4752025604248047 0.6566930413246155 0.9972445964813232 -1 -1 -1 -1 -1 -1 -1 -1 -1
0.4677840769290924 0.6642867922782898 0.9967904686927795 -1 -1 -1 -1 -1 -1 -1 -1 -1
0.502520740032196 0.7041440606117249 0.31566891074180603 -1 -1 -1 -1 -1 -1 -1 -1 -1
0.4895465075969696 0.7129008769989014 0.9628520607948303 -1 -1 -1 -1 -1 -1 -1 -1 -1
0.4882979989051819 0.7866206765174866 0.37587761878967285 -1 -1 -1 -1 -1 -1 -1 -1 -1
0.47983258962631226 0.8154610991477966 0.9661051630973816 -1 -1 -1 -1 -1 -1 -1 -1 -1
0.4813585579395294 0.8001972436904907 0.4296453893184662 -1 -1 -1 -1 -1 -1 -1 -1 -1
0.4738512933254242 0.8346894383430481 0.9531466960906982 -1 -1 -1 -1 -1 -1 -1 -1 -1
0.5039689540863037 0.8057478666305542 0.5084380507469177 -1 -1 -1 -1 -1 -1 -1 -1 -1
0.5014302730560303 0.8336248993873596 0.9468907117843628 -1 -1 -1 -1 -1 -1 -1 -1 -1
1 
33 
-1 -1 -1 -1 -1 -1 -1 -1 -1 -1
0.4914877116680145 0.6482146978378296 0.993285596370697 -1 -1 -1 -1 -1 -1 -1 -1 -1
0.4898536205291748 0.6494672298431396 0.9890977144241333 -1 -1 -1 -1 -1 -1 -1 -1 -1
0.4893285930156708 0.649358868598938 0.989474892616272 -1 -1 -1 -1 -1 -1 -1 -1 -1
0.4888266623020172 0.6492118239402771 0.9898774027824402 -1 -1 -1 -1 -1 -1 -1 -1 -1
0.4915488660335541 0.6499962210655212 0.9919227361679077 -1 -1 -1 -1 -1 -1 -1 -1 -1
0.4920772910118103 0.6501961350440979 0.9913185834884644 -1 -1 -1 -1 -1 -1 -1 -1 -1
0.4925830066204071 0.6503941416740417 0.9913985729217529 -1 -1 -1 -1 -1 -1 -1 -1 -1
0.4884280562400818 0.6484725475311279 0.9820051193237305 -1 -1 -1 -1 -1 -1 -1 -1 -1
0.4939137101173401 0.6498318314552307 0.9821503758430481 -1 -1 -1 -1 -1 -1 -1 -1 -1
0.49142396450042725 0.6462310552597046 0.9266296625137329 -1 -1 -1 -1 -1 -1 -1 -1 -1
0.4931471049785614 0.6467846632003784 0.9380250573158264 -1 -1 -1 -1 -1 -1 -1 -1 -1
0.48734959959983826 0.6429014801979065 0.9851049780845642 -1 -1 -1 -1 -1 -1 -1 -1 -1
0.500549852848053 0.6454549431800842 0.9926853179931641 -1 -1 -1 -1 -1 -1 -1 -1 -1
0.4829663038253784 0.6452611088752747 0.34973272681236267 -1 -1 -1 -1 -1 -1 -1 -1 -1
0.5050948858261108 0.641878068447113 0.5309931635856628 -1 -1 -1 -1 -1 -1 -1 -1 -1
0.47910112142562866 0.6555711030960083 0.65566086769104 -1 -1 -1 -1 -1 -1 -1 -1 -1
0.49692174792289734 0.6518518924713135 0.6061075329780579 -1 -1 -1 -1 -1 -1 -1 -1 -1
0.4777429699897766 0.657382607460022 0.6451237797737122 -1 -1 -1 -1 -1 -1 -1 -1 -1
0.49486443400382996 0.6538524031639099 0.5284837484359741 -1 -1 -1 -1 -1 -1 -1 -1 -1
0.4779757559299469 0.6594454050064087 0.6361107230186462 -1 -1 -1 -1 -1 -1 -1 -1 -1
0.49479183554649353 0.65647292137146 0.524341881275177 -1 -1 -1 -1 -1 -1 -1 -1 -1
0.47852328419685364 0.6592001914978027 0.621647834777832 -1 -1 -1 -1 -1 -1 -1 -1 -1
0.49510449171066284 0.6565696001052856 0.5254635810852051 -1 -1 -1 -1 -1 -1 -1 -1 -1
0.4901203513145447 0.6161066293716431 0.9958966970443726 -1 -1 -1 -1 -1 -1 -1 -1 -1
0.4947899878025055 0.6198722124099731 0.9960921406745911 -1 -1 -1 -1 -1 -1 -1 -1 -1
0.48095816373825073 0.6534184813499451 0.4917660355567932 -1 -1 -1 -1 -1 -1 -1 -1 -1
0.48786303400993347 0.6595759391784668 0.4924972951412201 -1 -1 -1 -1 -1 -1 -1 -1 -1
0.47999489307403564 0.6777216792106628 0.7581995725631714 -1 -1 -1 -1 -1 -1 -1 -1 -1
0.48546192049980164 0.6913124918937683 0.6147248148918152 -1 -1 -1 -1 -1 -1 -1 -1 -1
0.4806229770183563 0.6808064579963684 0.7384315729141235 -1 -1 -1 -1 -1 -1 -1 -1 -1
0.4853918254375458 0.6948571801185608 0.6014101505279541 -1 -1 -1 -1 -1 -1 -1 -1 -1
0.4789016842842102 0.6844038367271423 0.6632924675941467 -1 -1 -1 -1 -1 -1 -1 -1 -1
0.48558947443962097 0.7019636034965515 0.49646875262260437 -1 -1 -1 -1 -1 -1 -1 -1 -1
1 
33 
-1 -1 -1 -1 -1 -1 -1 -1 -1 -1
0.4747058153152466 0.6994900703430176 0.9930017590522766 -1 -1 -1 -1 -1 -1 -1 -1 -1
0.47642526030540466 0.7000269293785095 0.9879286885261536 -1 -1 -1 -1 -1 -1 -1 -1 -1
0.47672322392463684 0.6989014148712158 0.9883403778076172 -1 -1 -1 -1 -1 -1 -1 -1 -1
0.47719985246658325 0.697860598564148 0.9873142838478088 -1 -1 -1 -1 -1 -1 -1 -1 -1
0.4767385423183441 0.700126051902771 0.9919530749320984 -1 -1 -1 -1 -1 -1 -1 -1 -1
0.4773378074169159 0.6990851163864136 0.992728590965271 -1 -1 -1 -1 -1 -1 -1 -1 -1
0.47820159792900085 0.6982395052909851 0.9905187487602234 -1 -1 -1 -1 -1 -1 -1 -1 -1
0.4791470170021057 0.6838333606719971 0.9848968982696533 -1 -1 -1 -1 -1 -1 -1 -1 -1
0.4812607169151306 0.6847186088562012 0.9906389713287354 -1 -1 -1 -1 -1 -1 -1 -1 -1
0.4744824171066284 0.6886844635009766 0.9903526902198792 -1 -1 -1 -1 -1 -1 -1 -1 -1
0.47494345903396606 0.6882283687591553 0.9849352836608887 -1 -1 -1 -1 -1 -1 -1 -1 -1
0.46733906865119934 0.642489492893219 0.9957683086395264 -1 -1 -1 -1 -1 -1 -1 -1 -1
0.4746173322200775 0.6635681986808777 0.9995821118354797 -1 -1 -1 -1 -1 -1 -1 -1 -1
0.445253849029541 0.6256264448165894 0.06389909982681274 -1 -1 -1 -1 -1 -1 -1 -1 -1
0.4778974950313568 0.703339695930481 0.908018946647644 -1 -1 -1 -1 -1 -1 -1 -1 -1
0.4204874634742737 0.6506277918815613 0.1589197963476181 -1 -1 -1 -1 -1 -1 -1 -1 -1
0.4761454164981842 0.7806124091148376 0.875377357006073 -1 -1 -1 -1 -1 -1 -1 -1 -1
0.4155084490776062 0.6525512933731079 0.19705715775489807 -1 -1 -1 -1 -1 -1 -1 -1 -1
0.4786112606525421 0.7929896116256714 0.8496667146682739 -1 -1 -1 -1 -1 -1 -1 -1 -1
0.4143074154853821 0.661378026008606 0.21685439348220825 -1 -1 -1 -1 -1 -1 -1 -1 -1
0.47988536953926086 0.7928131818771362 0.8257638812065125 -1 -1 -1 -1 -1 -1 -1 -1 -1
0.4157786965370178 0.6608330607414246 0.23606421053409576 -1 -1 -1 -1 -1 -1 -1 -1 -1
0.47934919595718384 0.7900816202163696 0.7775837779045105 -1 -1 -1 -1 -1 -1 -1 -1 -1
0.4682387411594391 0.5411399602890015 0.9982206225395203 -1 -1 -1 -1 -1 -1 -1 -1 -1
0.465182900428772 0.530498743057251 0.9997335076332092 -1 -1 -1 -1 -1 -1 -1 -1 -1
0.4902303218841553 0.5541790723800659 0.07015159726142883 -1 -1 -1 -1 -1 -1 -1 -1 -1
0.4753710627555847 0.42514947056770325 0.9642513990402222 -1 -1 -1 -1 -1 -1 -1 -1 -1
0.504511296749115 0.5946178436279297 0.12097527831792831 -1 -1 -1 -1 -1 -1 -1 -1 -1
0.4891928732395172 0.3137398362159729 0.9573090076446533 -1 -1 -1 -1 -1 -1 -1 -1 -1
0.5060322284698486 0.5953301191329956 0.32148098945617676 -1 -1 -1 -1 -1 -1 -1 -1 -1
0.49800464510917664 0.29961270093917847 0.9686325788497925 -1 -1 -1 -1 -1 -1 -1 -1 -1
0.50661301612854 0.6157519817352295 0.2584241032600403 -1 -1 -1 -1 -1 -1 -1 -1 -1
0.4848022162914276 0.2785961925983429 0.9461838603019714 -1 -1 -1 -1 -1 -1 -1 -1 -1
1 
33 
-1 -1 -1 -1 -1 -1 -1 -1 -1 -1
0.47695082426071167 0.6225970387458801 0.9938570857048035 -1 -1 -1 -1 -1 -1 -1 -1 -1
0.47641170024871826 0.6210691928863525 0.9883461594581604 -1 -1 -1 -1 -1 -1 -1 -1 -1
0.47651004791259766 0.6196238994598389 0.9862164258956909 -1 -1 -1 -1 -1 -1 -1 -1 -1
0.4719994366168976 0.6180944442749023 0.9880803823471069 -1 -1 -1 -1 -1 -1 -1 -1 -1
0.475272536277771 0.626044511795044 0.9918743968009949 -1 -1 -1 -1 -1 -1 -1 -1 -1
0.4747960567474365 0.6258834004402161 0.992159366607666 -1 -1 -1 -1 -1 -1 -1 -1 -1
0.475350558757782 0.6253200769424438 0.9922194480895996 -1 -1 -1 -1 -1 -1 -1 -1 -1
0.4716765880584717 0.6096885800361633 0.9815025925636292 -1 -1 -1 -1 -1 -1 -1 -1 -1
0.4771121144294739 0.6136220693588257 0.9874393343925476 -1 -1 -1 -1 -1 -1 -1 -1 -1
0.47643211483955383 0.6188489198684692 0.9784376621246338 -1 -1 -1 -1 -1 -1 -1 -1 -1
0.47574275732040405 0.6199474930763245 0.9710807204246521 -1 -1 -1 -1 -1 -1 -1 -1 -1
0.4649356007575989 0.5842673182487488 0.9869772791862488 -1 -1 -1 -1 -1 -1 -1 -1 -1
0.4735979735851288 0.6016404628753662 0.9955419898033142 -1 -1 -1 -1 -1 -1 -1 -1 -1
0.44966617226600647 0.6414995193481445 0.6018582582473755 -1 -1 -1 -1 -1 -1 -1 -1 -1
0.4757719337940216 0.6882132887840271 0.979810893535614 -1 -1 -1 -1 -1 -1 -1 -1 -1
0.43276873230934143 0.6994465589523315 0.7487337589263916 -1 -1 -1 -1 -1 -1 -1 -1 -1
0.4784092307090759 0.7496111989021301 0.9766239523887634 -1 -1 -1 -1 -1 -1 -1 -1 -1
0.428520143032074 0.7110414505004883 0.6765017509460449 -1 -1 -1 -1 -1 -1 -1 -1 -1
0.479998379945755 0.7602527141571045 0.9577970504760742 -1 -1 -1 -1 -1 -1 -1 -1 -1
0.4274277985095978 0.7158322334289551 0.6849654912948608 -1 -1 -1 -1 -1 -1 -1 -1 -1
0.4817245304584503 0.7625441551208496 0.9516748189926147 -1 -1 -1 -1 -1 -1 -1 -1 -1
0.4283496141433716 0.7118998765945435 0.6890959143638611 -1 -1 -1 -1 -1 -1 -1 -1 -1
0.48264074325561523 0.7593120336532593 0.9329413175582886 -1 -1 -1 -1 -1 -1 -1 -1 -1
0.4621139168739319 0.49765822291374207 0.9979649782180786 -1 -1 -1 -1 -1 -1 -1 -1 -1
0.4635087251663208 0.49236977100372314 0.9986237287521362 -1 -1 -1 -1 -1 -1 -1 -1 -1
0.47316423058509827 0.41375383734703064 0.3172142505645752 -1 -1 -1 -1 -1 -1 -1 -1 -1
0.473002165555954 0.39869898557662964 0.9115211367607117 -1 -1 -1 -1 -1 -1 -1 -1 -1
0.4977444112300873 0.3604884445667267 0.4241713583469391 -1 -1 -1 -1 -1 -1 -1 -1 -1
0.4855572283267975 0.27889618277549744 0.9438395500183105 -1 -1 -1 -1 -1 -1 -1 -1 -1
0.5014736652374268 0.35212960839271545 0.5953293442726135 -1 -1 -1 -1 -1 -1 -1 -1 -1
0.4949072301387787 0.26574912667274475 0.9545672535896301 -1 -1 -1 -1 -1 -1 -1 -1 -1
0.4975617825984955 0.335843563079834 0.5539896488189697 -1 -1 -1 -1 -1 -1 -1 -1 -1
0.48430830240249634 0.2445136457681656 0.9278665781021118 -1 -1 -1 -1 -1 -1 -1 -1 -1
1 
33 
-1 -1 -1 -1 -1 -1 -1 -1 -1 -1
0.46291428804397583 0.5999763607978821 0.9646414518356323 -1 -1 -1 -1 -1 -1 -1 -1 -1
0.4663084149360657 0.6076033711433411 0.9615099430084229 -1 -1 -1 -1 -1 -1 -1 -1 -1
0.4666217267513275 0.6075984239578247 0.9414544701576233 -1 -1 -1 -1 -1 -1 -1 -1 -1
0.46709194779396057 0.6079763174057007 0.9667322039604187 -1 -1 -1 -1 -1 -1 -1 -1 -1
0.4659704864025116 0.6070770025253296 0.963340163230896 -1 -1 -1 -1 -1 -1 -1 -1 -1
0.46609047055244446 0.6064988374710083 0.9528371691703796 -1 -1 -1 -1 -1 -1 -1 -1 -1
0.4665262699127197 0.6063637137413025 0.9662431478500366 -1 -1 -1 -1 -1 -1 -1 -1 -1
0.4694634974002838 0.6002398729324341 0.9071483612060547 -1 -1 -1 -1 -1 -1 -1 -1 -1
0.47136110067367554 0.6022862195968628 0.9174497127532959 -1 -1 -1 -1 -1 -1 -1 -1 -1
0.4659498333930969 0.5951288938522339 0.9281339049339294 -1 -1 -1 -1 -1 -1 -1 -1 -1
0.4652535021305084 0.5944663286209106 0.8881710171699524 -1 -1 -1 -1 -1 -1 -1 -1 -1
0.4682061970233917 0.5626144409179688 0.9831767082214355 -1 -1 -1 -1 -1 -1 -1 -1 -1
0.4738948345184326 0.5924124121665955 0.9981151819229126 -1 -1 -1 -1 -1 -1 -1 -1 -1
0.46381479501724243 0.5123304128646851 0.032726187258958817 -1 -1 -1 -1 -1 -1 -1 -1 -1
0.47051408886909485 0.6556650400161743 0.9394651055335999 -1 -1 -1 -1 -1 -1 -1 -1 -1
0.45807987451553345 0.4832718074321747 0.05742039531469345 -1 -1 -1 -1 -1 -1 -1 -1 -1
0.482288658618927 0.7274149656295776 0.9626782536506653 -1 -1 -1 -1 -1 -1 -1 -1 -1
0.4575241208076477 0.47224417328834534 0.07487659901380539 -1 -1 -1 -1 -1 -1 -1 -1 -1
0.483139306306839 0.7391423583030701 0.9447688460350037 -1 -1 -1 -1 -1 -1 -1 -1 -1
0.45699161291122437 0.47621268033981323 0.0805683583021164 -1 -1 -1 -1 -1 -1 -1 -1 -1
0.4847078323364258 0.7415167093276978 0.9328327775001526 -1 -1 -1 -1 -1 -1 -1 -1 -1
0.45731210708618164 0.48061197996139526 0.08738382160663605 -1 -1 -1 -1 -1 -1 -1 -1 -1
0.48477351665496826 0.7377867698669434 0.9039646983146667 -1 -1 -1 -1 -1 -1 -1 -1 -1
0.46886834502220154 0.4648389518260956 0.995697021484375 -1 -1 -1 -1 -1 -1 -1 -1 -1
0.46768248081207275 0.4648634195327759 0.998874843120575 -1 -1 -1 -1 -1 -1 -1 -1 -1
0.47596561908721924 0.3965694308280945 0.10719107836484909 -1 -1 -1 -1 -1 -1 -1 -1 -1
0.4714844822883606 0.36587879061698914 0.8343813419342041 -1 -1 -1 -1 -1 -1 -1 -1 -1
0.4909960627555847 0.34305763244628906 0.19179677963256836 -1 -1 -1 -1 -1 -1 -1 -1 -1
0.486589640378952 0.2579261362552643 0.8596178889274597 -1 -1 -1 -1 -1 -1 -1 -1 -1
0.4954001009464264 0.33686983585357666 0.36107054352760315 -1 -1 -1 -1 -1 -1 -1 -1 -1
0.4933434724807739 0.24225549399852753 0.888530433177948 -1 -1 -1 -1 -1 -1 -1 -1 -1
0.4856872260570526 0.3215821385383606 0.3084033131599426 -1 -1 -1 -1 -1 -1 -1 -1 -1
0.4785228967666626 0.2285664975643158 0.8527119159698486 -1 -1 -1 -1 -1 -1 -1 -1 -1
1 
33 
-1 -1 -1 -1 -1 -1 -1 -1 -1 -1
0.4714032709598541 0.3081161379814148 0.9922500848770142 -1 -1 -1 -1 -1 -1 -1 -1 -1
0.46812203526496887 0.30183154344558716 0.9900679588317871 -1 -1 -1 -1 -1 -1 -1 -1 -1
0.4674835205078125 0.3020903766155243 0.9861472249031067 -1 -1 -1 -1 -1 -1 -1 -1 -1
0.4669252932071686 0.30252891778945923 0.9899278283119202 -1 -1 -1 -1 -1 -1 -1 -1 -1
0.47062554955482483 0.3020714223384857 0.9909422993659973 -1 -1 -1 -1 -1 -1 -1 -1 -1
0.47146573662757874 0.3023078441619873 0.9885827302932739 -1 -1 -1 -1 -1 -1 -1 -1 -1
0.4736623764038086 0.302911639213562 0.9904265999794006 -1 -1 -1 -1 -1 -1 -1 -1 -1
0.46566298604011536 0.31153950095176697 0.979927659034729 -1 -1 -1 -1 -1 -1 -1 -1 -1
0.47172629833221436 0.31073105335235596 0.9792357087135315 -1 -1 -1 -1 -1 -1 -1 -1 -1
0.47056135535240173 0.31791263818740845 0.9895370006561279 -1 -1 -1 -1 -1 -1 -1 -1 -1
0.47286954522132874 0.3182127773761749 0.9847529530525208 -1 -1 -1 -1 -1 -1 -1 -1 -1
0.4624215066432953 0.35984498262405396 0.9945211410522461 -1 -1 -1 -1 -1 -1 -1 -1 -1
0.4750279486179352 0.3506760597229004 0.995637834072113 -1 -1 -1 -1 -1 -1 -1 -1 -1
0.4716075658798218 0.30612117052078247 0.32722726464271545 -1 -1 -1 -1 -1 -1 -1 -1 -1
0.48711898922920227 0.2808642089366913 0.8939967155456543 -1 -1 -1 -1 -1 -1 -1 -1 -1
0.4826752841472626 0.2502312660217285 0.5655024647712708 -1 -1 -1 -1 -1 -1 -1 -1 -1
0.49192407727241516 0.2180735468864441 0.9553240537643433 -1 -1 -1 -1 -1 -1 -1 -1 -1
0.487052321434021 0.21524390578269958 0.5835666060447693 -1 -1 -1 -1 -1 -1 -1 -1 -1
0.49454253911972046 0.20308104157447815 0.9357436895370483 -1 -1 -1 -1 -1 -1 -1 -1 -1
0.4901503622531891 0.20924606919288635 0.589490532875061 -1 -1 -1 -1 -1 -1 -1 -1 -1
0.4934419095516205 0.19949284195899963 0.9285938143730164 -1 -1 -1 -1 -1 -1 -1 -1 -1
0.4894925355911255 0.21472632884979248 0.5880206823348999 -1 -1 -1 -1 -1 -1 -1 -1 -1
0.49228960275650024 0.20472171902656555 0.9009807109832764 -1 -1 -1 -1 -1 -1 -1 -1 -1
0.4611014425754547 0.5050950050354004 0.9997979998588562 -1 -1 -1 -1 -1 -1 -1 -1 -1
0.47043463587760925 0.5004392266273499 0.9995254278182983 -1 -1 -1 -1 -1 -1 -1 -1 -1
0.4699394106864929 0.5878199934959412 0.8284767270088196 -1 -1 -1 -1 -1 -1 -1 -1 -1
0.4894064962863922 0.4833841621875763 0.7307034134864807 -1 -1 -1 -1 -1 -1 -1 -1 -1
0.48183155059814453 0.6862411499023438 0.9062934517860413 -1 -1 -1 -1 -1 -1 -1 -1 -1
0.48823028802871704 0.5845186114311218 0.8109413981437683 -1 -1 -1 -1 -1 -1 -1 -1 -1
0.4840693771839142 0.6983253955841064 0.9090831875801086 -1 -1 -1 -1 -1 -1 -1 -1 -1
0.4848877489566803 0.597453236579895 0.85316002368927 -1 -1 -1 -1 -1 -1 -1 -1 -1
0.48983949422836304 0.7210881114006042 0.8639137148857117 -1 -1 -1 -1 -1 -1 -1 -1 -1
0.49197304248809814 0.6082897186279297 0.7553717494010925 -1 -1 -1 -1 -1 -1 -1 -1 -1
1 
33 
-1 -1 -1 -1 -1 -1 -1 -1 -1 -1
0.4780745208263397 0.29179978370666504 0.9831681847572327 -1 -1 -1 -1 -1 -1 -1 -1 -1
0.47668638825416565 0.2863246202468872 0.9778858423233032 -1 -1 -1 -1 -1 -1 -1 -1 -1
0.47572335600852966 0.2866874933242798 0.9713729619979858 -1 -1 -1 -1 -1 -1 -1 -1 -1
0.4752331078052521 0.287344366312027 0.9782466888427734 -1 -1 -1 -1 -1 -1 -1 -1 -1
0.4777127206325531 0.28688299655914307 0.9833236336708069 -1 -1 -1 -1 -1 -1 -1 -1 -1
0.4778117835521698 0.2875064015388489 0.979606568813324 -1 -1 -1 -1 -1 -1 -1 -1 -1
0.47734934091567993 0.2880523204803467 0.9834992289543152 -1 -1 -1 -1 -1 -1 -1 -1 -1
0.471824586391449 0.29673290252685547 0.9707521200180054 -1 -1 -1 -1 -1 -1 -1 -1 -1
0.4734712243080139 0.29624128341674805 0.9676351547241211 -1 -1 -1 -1 -1 -1 -1 -1 -1
0.4770938456058502 0.3011573255062103 0.9696764349937439 -1 -1 -1 -1 -1 -1 -1 -1 -1
0.4781329929828644 0.30147165060043335 0.9603790044784546 -1 -1 -1 -1 -1 -1 -1 -1 -1
0.4669030010700226 0.33966103196144104 0.9819834232330322 -1 -1 -1 -1 -1 -1 -1 -1 -1
0.4691534638404846 0.3361496329307556 0.9947872161865234 -1 -1 -1 -1 -1 -1 -1 -1 -1
0.48080095648765564 0.2720409631729126 0.10396788269281387 -1 -1 -1 -1 -1 -1 -1 -1 -1
0.4851946234703064 0.2643582224845886 0.97625732421875 -1 -1 -1 -1 -1 -1 -1 -1 -1
0.4954928159713745 0.2121092677116394 0.3107336461544037 -1 -1 -1 -1 -1 -1 -1 -1 -1
0.4981426000595093 0.20624548196792603 0.9717836976051331 -1 -1 -1 -1 -1 -1 -1 -1 -1
0.4957388639450073 0.2020086646080017 0.36481648683547974 -1 -1 -1 -1 -1 -1 -1 -1 -1
0.5012643337249756 0.1874009072780609 0.9559316635131836 -1 -1 -1 -1 -1 -1 -1 -1 -1
0.49548253417015076 0.19644379615783691 0.37688538432121277 -1 -1 -1 -1 -1 -1 -1 -1 -1
0.49952295422554016 0.1842377781867981 0.9477311372756958 -1 -1 -1 -1 -1 -1 -1 -1 -1
0.49481770396232605 0.2020600438117981 0.3975960612297058 -1 -1 -1 -1 -1 -1 -1 -1 -1
0.4983600676059723 0.1892542541027069 0.914835512638092 -1 -1 -1 -1 -1 -1 -1 -1 -1
0.46943002939224243 0.482800155878067 0.9963588118553162 -1 -1 -1 -1 -1 -1 -1 -1 -1
0.4667540490627289 0.492812842130661 0.9976304769515991 -1 -1 -1 -1 -1 -1 -1 -1 -1
0.49324163794517517 0.5260830521583557 0.3422008752822876 -1 -1 -1 -1 -1 -1 -1 -1 -1
0.47020918130874634 0.5756330490112305 0.9538254737854004 -1 -1 -1 -1 -1 -1 -1 -1 -1
0.48711010813713074 0.5943965911865234 0.35198578238487244 -1 -1 -1 -1 -1 -1 -1 -1 -1
0.48934921622276306 0.6847569346427917 0.9767540693283081 -1 -1 -1 -1 -1 -1 -1 -1 -1
0.4833040237426758 0.6011155843734741 0.5092414021492004 -1 -1 -1 -1 -1 -1 -1 -1 -1
0.4877799153327942 0.6990436315536499 0.9758250713348389 -1 -1 -1 -1 -1 -1 -1 -1 -1
0.4950978755950928 0.6247034668922424 0.5472078919410706 -1 -1 -1 -1 -1 -1 -1 -1 -1
0.4984186589717865 0.7164896726608276 0.9610593914985657 -1 -1 -1 -1 -1 -1 -1 -1 -1
1 
33 
-1 -1 -1 -1 -1 -1 -1 -1 -1 -1
0.4827120900154114 0.2657774090766907 0.9941211342811584 -1 -1 -1 -1 -1 -1 -1 -1 -1
0.47737807035446167 0.25911182165145874 0.9922864437103271 -1 -1 -1 -1 -1 -1 -1 -1 -1
0.4763900637626648 0.2593572735786438 0.9897541403770447 -1 -1 -1 -1 -1 -1 -1 -1 -1
0.47542279958724976 0.25967857241630554 0.9925813674926758 -1 -1 -1 -1 -1 -1 -1 -1 -1
0.4779568910598755 0.25994932651519775 0.9947691559791565 -1 -1 -1 -1 -1 -1 -1 -1 -1
0.4771127998828888 0.26075172424316406 0.9938164353370667 -1 -1 -1 -1 -1 -1 -1 -1 -1
0.4762902855873108 0.2615646421909332 0.9949870109558105 -1 -1 -1 -1 -1 -1 -1 -1 -1
0.4674237072467804 0.2677685022354126 0.9919905066490173 -1 -1 -1 -1 -1 -1 -1 -1 -1
0.46921712160110474 0.27041885256767273 0.99068683385849 -1 -1 -1 -1 -1 -1 -1 -1 -1
0.4812775254249573 0.2755358815193176 0.9882708191871643 -1 -1 -1 -1 -1 -1 -1 -1 -1
0.48147672414779663 0.2765277624130249 0.9866291284561157 -1 -1 -1 -1 -1 -1 -1 -1 -1
0.46229812502861023 0.30787283182144165 0.9835131764411926 -1 -1 -1 -1 -1 -1 -1 -1 -1
0.4689498543739319 0.30969810485839844 0.9970120191574097 -1 -1 -1 -1 -1 -1 -1 -1 -1
0.47350528836250305 0.2597086429595947 0.05487048625946045 -1 -1 -1 -1 -1 -1 -1 -1 -1
0.4864162802696228 0.25707852840423584 0.9883975386619568 -1 -1 -1 -1 -1 -1 -1 -1 -1
0.4905797243118286 0.20468062162399292 0.3500251770019531 -1 -1 -1 -1 -1 -1 -1 -1 -1
0.4992421567440033 0.19087639451026917 0.9912035465240479 -1 -1 -1 -1 -1 -1 -1 -1 -1
0.4927642345428467 0.19200557470321655 0.44263267517089844 -1 -1 -1 -1 -1 -1 -1 -1 -1
0.5042442679405212 0.17361077666282654 0.9856199026107788 -1 -1 -1 -1 -1 -1 -1 -1 -1
0.49328193068504333 0.18594926595687866 0.45509472489356995 -1 -1 -1 -1 -1 -1 -1 -1 -1
0.5022715926170349 0.1695845127105713 0.9830317497253418 -1 -1 -1 -1 -1 -1 -1 -1 -1
0.49205803871154785 0.19214507937431335 0.4720405340194702 -1 -1 -1 -1 -1 -1 -1 -1 -1
0.5006580352783203 0.17533504962921143 0.9678268432617188 -1 -1 -1 -1 -1 -1 -1 -1 -1
0.4621732234954834 0.45011141896247864 0.9985741376876831 -1 -1 -1 -1 -1 -1 -1 -1 -1
0.46153897047042847 0.4585619270801544 0.9989331364631653 -1 -1 -1 -1 -1 -1 -1 -1 -1
0.5009702444076538 0.47882169485092163 0.4512428343296051 -1 -1 -1 -1 -1 -1 -1 -1 -1
0.47325417399406433 0.5365420579910278 0.9850280284881592 -1 -1 -1 -1 -1 -1 -1 -1 -1
0.4833533763885498 0.5598083138465881 0.5169948935508728 -1 -1 -1 -1 -1 -1 -1 -1 -1
0.48437070846557617 0.6447076797485352 0.9927753210067749 -1 -1 -1 -1 -1 -1 -1 -1 -1
0.4769097864627838 0.5693971514701843 0.5933756232261658 -1 -1 -1 -1 -1 -1 -1 -1 -1
0.4854946732521057 0.6678873300552368 0.9872965812683105 -1 -1 -1 -1 -1 -1 -1 -1 -1
0.49421852827072144 0.5841892957687378 0.7096002697944641 -1 -1 -1 -1 -1 -1 -1 -1 -1
0.5077665448188782 0.6667637825012207 0.9864161014556885 -1 -1 -1 -1 -1 -1 -1 -1 -1
1 
33 
-1 -1 -1 -1 -1 -1 -1 -1 -1 -1
0.48616349697113037 0.2737800180912018 0.9973311424255371 -1 -1 -1 -1 -1 -1 -1 -1 -1
0.4830336570739746 0.26237952709198 0.996299684047699 -1 -1 -1 -1 -1 -1 -1 -1 -1
0.48221269249916077 0.2616408169269562 0.9943969249725342 -1 -1 -1 -1 -1 -1 -1 -1 -1
0.48129621148109436 0.26083165407180786 0.9954342246055603 -1 -1 -1 -1 -1 -1 -1 -1 -1
0.48364877700805664 0.2641388177871704 0.9976294636726379 -1 -1 -1 -1 -1 -1 -1 -1 -1
0.4831959903240204 0.2645377218723297 0.9970083832740784 -1 -1 -1 -1 -1 -1 -1 -1 -1
0.4806288480758667 0.2632994055747986 0.9974310994148254 -1 -1 -1 -1 -1 -1 -1 -1 -1
0.4722808301448822 0.25946587324142456 0.9954298734664917 -1 -1 -1 -1 -1 -1 -1 -1 -1
0.47156259417533875 0.2662166655063629 0.996204674243927 -1 -1 -1 -1 -1 -1 -1 -1 -1
0.48190104961395264 0.27784138917922974 0.9931586384773254 -1 -1 -1 -1 -1 -1 -1 -1 -1
0.4823424816131592 0.2795293927192688 0.9924865961074829 -1 -1 -1 -1 -1 -1 -1 -1 -1
0.45864778757095337 0.29450851678848267 0.9947764873504639 -1 -1 -1 -1 -1 -1 -1 -1 -1
0.46743088960647583 0.30011194944381714 0.9975399971008301 -1 -1 -1 -1 -1 -1 -1 -1 -1
0.47041478753089905 0.2467213273048401 0.11516222357749939 -1 -1 -1 -1 -1 -1 -1 -1 -1
0.48975786566734314 0.2442791759967804 0.9853156805038452 -1 -1 -1 -1 -1 -1 -1 -1 -1
0.4937152862548828 0.18879395723342896 0.495156466960907 -1 -1 -1 -1 -1 -1 -1 -1 -1
0.5004901885986328 0.18239092826843262 0.9882875084877014 -1 -1 -1 -1 -1 -1 -1 -1 -1
0.4908835291862488 0.18364232778549194 0.5792694091796875 -1 -1 -1 -1 -1 -1 -1 -1 -1
0.5056422352790833 0.1699347198009491 0.9813103675842285 -1 -1 -1 -1 -1 -1 -1 -1 -1
0.499275803565979 0.17276176810264587 0.5922563076019287 -1 -1 -1 -1 -1 -1 -1 -1 -1
0.5038772821426392 0.1645272970199585 0.9790345430374146 -1 -1 -1 -1 -1 -1 -1 -1 -1
0.4941888451576233 0.18164724111557007 0.6071359515190125 -1 -1 -1 -1 -1 -1 -1 -1 -1
0.5021051168441772 0.17000555992126465 0.9580919742584229 -1 -1 -1 -1 -1 -1 -1 -1 -1
0.4647510349750519 0.4339888095855713 0.9991438388824463 -1 -1 -1 -1 -1 -1 -1 -1 -1
0.46320492029190063 0.4360145032405853 0.9989098310470581 -1 -1 -1 -1 -1 -1 -1 -1 -1
0.49750441312789917 0.4377513527870178 0.5716060996055603 -1 -1 -1 -1 -1 -1 -1 -1 -1
0.4754190444946289 0.5168381929397583 0.9624941349029541 -1 -1 -1 -1 -1 -1 -1 -1 -1
0.4839169979095459 0.5317137837409973 0.6104944944381714 -1 -1 -1 -1 -1 -1 -1 -1 -1
0.48575374484062195 0.6210376024246216 0.9880656003952026 -1 -1 -1 -1 -1 -1 -1 -1 -1
0.47842663526535034 0.5397672057151794 0.6932312250137329 -1 -1 -1 -1 -1 -1 -1 -1 -1
0.4848040044307709 0.6293076276779175 0.975702702999115 -1 -1 -1 -1 -1 -1 -1 -1 -1
0.4944547116756439 0.5542895793914795 0.7401526570320129 -1 -1 -1 -1 -1 -1 -1 -1 -1
0.5048277378082275 0.636562705039978 0.9811224937438965 -1 -1 -1 -1 -1 -1 -1 -1 -1
1 
