25
1 
33 
-1 -1 -1 -1 -1 -1 -1 -1 -1 -1
0.5582317113876343 0.4958072304725647 0.9756129384040833 -1 -1 -1 -1 -1 -1 -1 -1 -1
0.5618404746055603 0.49863719940185547 0.9801613688468933 -1 -1 -1 -1 -1 -1 -1 -1 -1
0.5616466403007507 0.500609815120697 0.9842336773872375 -1 -1 -1 -1 -1 -1 -1 -1 -1
0.5614359974861145 0.5025902390480042 0.9811718463897705 -1 -1 -1 -1 -1 -1 -1 -1 -1
0.5625731945037842 0.49576491117477417 0.9441384673118591 -1 -1 -1 -1 -1 -1 -1 -1 -1
0.5628851652145386 0.49561601877212524 0.9486662745475769 -1 -1 -1 -1 -1 -1 -1 -1 -1
0.5632066130638123 0.4954824149608612 0.9701451063156128 -1 -1 -1 -1 -1 -1 -1 -1 -1
0.5605384111404419 0.5135379433631897 0.9847763776779175 -1 -1 -1 -1 -1 -1 -1 -1 -1
0.5629584789276123 0.504749596118927 0.9754525423049927 -1 -1 -1 -1 -1 -1 -1 -1 -1
0.5534594058990479 0.5042586922645569 0.9781395792961121 -1 -1 -1 -1 -1 -1 -1 -1 -1
0.554401695728302 0.5011307001113892 0.970075786113739 -1 -1 -1 -1 -1 -1 -1 -1 -1
0.5420247912406921 0.547134518623352 0.999721109867096 -1 -1 -1 -1 -1 -1 -1 -1 -1
0.5512663125991821 0.5254859924316406 0.9970195889472961 -1 -1 -1 -1 -1 -1 -1 -1 -1
0.5018284320831299 0.5358463525772095 0.9714817404747009 -1 -1 -1 -1 -1 -1 -1 -1 -1
0.5305675864219666 0.5246905088424683 0.21219362318515778 -1 -1 -1 -1 -1 -1 -1 -1 -1
0.4668172001838684 0.5060787796974182 0.9561305046081543 -1 -1 -1 -1 -1 -1 -1 -1 -1
0.5088913440704346 0.5133927464485168 0.6114904284477234 -1 -1 -1 -1 -1 -1 -1 -1 -1
0.4576932489871979 0.5009557604789734 0.9422940611839294 -1 -1 -1 -1 -1 -1 -1 -1 -1
0.5074266791343689 0.5084303021430969 0.7132281064987183 -1 -1 -1 -1 -1 -1 -1 -1 -1
0.46074894070625305 0.49239522218704224 0.9413674473762512 -1 -1 -1 -1 -1 -1 -1 -1 -1
0.5056795477867126 0.5064073801040649 0.7208787798881531 -1 -1 -1 -1 -1 -1 -1 -1 -1
0.46413543820381165 0.4955889582633972 0.8785032629966736 -1 -1 -1 -1 -1 -1 -1 -1 -1
0.5052053332328796 0.5087524056434631 0.7092050909996033 -1 -1 -1 -1 -1 -1 -1 -1 -1
0.5282174348831177 0.6626802086830139 0.9999334812164307 -1 -1 -1 -1 -1 -1 -1 -1 -1
0.5265112519264221 0.6476268768310547 0.9998559951782227 -1 -1 -1 -1 -1 -1 -1 -1 -1
0.4892956614494324 0.7123251557350159 0.9924579858779907 -1 -1 -1 -1 -1 -1 -1 -1 -1
0.5008003115653992 0.7042052745819092 0.5425176024436951 -1 -1 -1 -1 -1 -1 -1 -1 -1
0.5220299363136292 0.7975288033485413 0.9891407489776611 -1 -1 -1 -1 -1 -1 -1 -1 -1
0.529405951499939 0.7876662015914917 0.855294942855835 -1 -1 -1 -1 -1 -1 -1 -1 -1
0.5333588123321533 0.8065763711929321 0.971059262752533 -1 -1 -1 -1 -1 -1 -1 -1 -1
0.5365884900093079 0.7926241755485535 0.8301451802253723 -1 -1 -1 -1 -1 -1 -1 -1 -1
0.50853431224823 0.8352401256561279 0.985161542892456 -1 -1 -1 -1 -1 -1 -1 -1 -1
0.5273494124412537 0.8246253132820129 0.8566555976867676 -1 -1 -1 -1 -1 -1 -1 -1 -1
1 
33 
-1 -1 -1 -1 -1 -1 -1 -1 -1 -1
0.5221760869026184 0.7632255554199219 0.9986894726753235 -1 -1 -1 -1 -1 -1 -1 -1 -1
0.5211379528045654 0.7671943306922913 0.9995749592781067 -1 -1 -1 -1 -1 -1 -1 -1 -1
0.520378828048706 0.7673460841178894 0.9994811415672302 -1 -1 -1 -1 -1 -1 -1 -1 -1
0.5196314454078674 0.7674628496170044 0.9995537400245667 -1 -1 -1 -1 -1 -1 -1 -1 -1
0.522510290145874 0.7674816846847534 0.9991329312324524 -1 -1 -1 -1 -1 -1 -1 -1 -1
0.5226581692695618 0.7677304148674011 0.9987751841545105 -1 -1 -1 -1 -1 -1 -1 -1 -1
0.522803008556366 0.7679886221885681 0.9989023208618164 -1 -1 -1 -1 -1 -1 -1 -1 -1
0.51518315076828 0.7682787179946899 0.9996523857116699 -1 -1 -1 -1 -1 -1 -1 -1 -1
0.5202417373657227 0.7690531015396118 0.9983476400375366 -1 -1 -1 -1 -1 -1 -1 -1 -1
0.5193873047828674 0.7609817981719971 0.9990135431289673 -1 -1 -1 -1 -1 -1 -1 -1 -1
0.5208508968353271 0.760845422744751 0.9984222650527954 -1 -1 -1 -1 -1 -1 -1 -1 -1
0.5057376623153687 0.757014811038971 0.9989615678787231 -1 -1 -1 -1 -1 -1 -1 -1 -1
0.5177958011627197 0.7645248770713806 0.9988579750061035 -1 -1 -1 -1 -1 -1 -1 -1 -1
0.5188518762588501 0.7792576551437378 0.7358397841453552 -1 -1 -1 -1 -1 -1 -1 -1 -1
0.5327670574188232 0.7832580208778381 0.24055899679660797 -1 -1 -1 -1 -1 -1 -1 -1 -1
0.5200976133346558 0.8066371083259583 0.4026431143283844 -1 -1 -1 -1 -1 -1 -1 -1 -1
0.5311145782470703 0.8045575022697449 0.2107950747013092 -1 -1 -1 -1 -1 -1 -1 -1 -1
0.520725667476654 0.8122764825820923 0.40099072456359863 -1 -1 -1 -1 -1 -1 -1 -1 -1
0.5306101441383362 0.8082301020622253 0.2532743811607361 -1 -1 -1 -1 -1 -1 -1 -1 -1
0.5191400051116943 0.8118270039558411 0.40384766459465027 -1 -1 -1 -1 -1 -1 -1 -1 -1
0.5296427607536316 0.8097939491271973 0.2608100473880768 -1 -1 -1 -1 -1 -1 -1 -1 -1
0.5194137692451477 0.8103842735290527 0.34986448287963867 -1 -1 -1 -1 -1 -1 -1 -1 -1
0.5298461318016052 0.8083987832069397 0.2546495795249939 -1 -1 -1 -1 -1 -1 -1 -1 -1
0.5156126618385315 0.6968185901641846 0.999218225479126 -1 -1 -1 -1 -1 -1 -1 -1 -1
0.5227900147438049 0.7063609957695007 0.998940646648407 -1 -1 -1 -1 -1 -1 -1 -1 -1
0.5032725930213928 0.7229114770889282 0.6797699928283691 -1 -1 -1 -1 -1 -1 -1 -1 -1
0.5298500061035156 0.7401269674301147 0.2760887145996094 -1 -1 -1 -1 -1 -1 -1 -1 -1
0.5244808793067932 0.759990930557251 0.552418053150177 -1 -1 -1 -1 -1 -1 -1 -1 -1
0.5216451287269592 0.7904335260391235 0.11149721592664719 -1 -1 -1 -1 -1 -1 -1 -1 -1
0.528141975402832 0.7642165422439575 0.5110510587692261 -1 -1 -1 -1 -1 -1 -1 -1 -1
0.5227558016777039 0.7951331734657288 0.21867579221725464 -1 -1 -1 -1 -1 -1 -1 -1 -1
0.5255705118179321 0.7813356518745422 0.5779145956039429 -1 -1 -1 -1 -1 -1 -1 -1 -1
0.5136228203773499 0.8165327310562134 0.2140643298625946 -1 -1 -1 -1 -1 -1 -1 -1 -1
1 
33 
-1 -1 -1 -1 -1 -1 -1 -1 -1 -1
0.5088604688644409 0.6576375961303711 0.9905824661254883 -1 -1 -1 -1 -1 -1 -1 -1 -1
0.5103322863578796 0.6535763144493103 0.9949756860733032 -1 -1 -1 -1 -1 -1 -1 -1 -1
0.5110098123550415 0.6532231569290161 0.9928794503211975 -1 -1 -1 -1 -1 -1 -1 -1 -1
0.5116897821426392 0.6528797745704651 0.9961647987365723 -1 -1 -1 -1 -1 -1 -1 -1 -1
0.5090141892433167 0.6542618870735168 0.9933152794837952 -1 -1 -1 -1 -1 -1 -1 -1 -1
0.5086795091629028 0.6544657945632935 0.987407922744751 -1 -1 -1 -1 -1 -1 -1 -1 -1
0.5083475112915039 0.6546655893325806 0.9924262762069702 -1 -1 -1 -1 -1 -1 -1 -1 -1
0.513841450214386 0.6519328951835632 0.9967798590660095 -1 -1 -1 -1 -1 -1 -1 -1 -1
0.5090553760528564 0.6547605395317078 0.9924880266189575 -1 -1 -1 -1 -1 -1 -1 -1 -1
0.5102109313011169 0.6602159738540649 0.9972381591796875 -1 -1 -1 -1 -1 -1 -1 -1 -1
0.508697509765625 0.660892128944397 0.997062623500824 -1 -1 -1 -1 -1 -1 -1 -1 -1
0.5176873207092285 0.6632908582687378 0.999661922454834 -1 -1 -1 -1 -1 -1 -1 -1 -1
0.5069765448570251 0.6683429479598999 0.9972411394119263 -1 -1 -1 -1 -1 -1 -1 -1 -1
0.5285232663154602 0.6880480051040649 0.8958684802055359 -1 -1 -1 -1 -1 -1 -1 -1 -1
0.5085847973823547 0.7027270793914795 0.201067715883255 -1 -1 -1 -1 -1 -1 -1 -1 -1
0.5276450514793396 0.7051623463630676 0.866068422794342 -1 -1 -1 -1 -1 -1 -1 -1 -1
0.5161917805671692 0.7175613641738892 0.253039687871933 -1 -1 -1 -1 -1 -1 -1 -1 -1
0.5281332731246948 0.709592878818512 0.8318365216255188 -1 -1 -1 -1 -1 -1 -1 -1 -1
0.5185443162918091 0.7219933271408081 0.22931532561779022 -1 -1 -1 -1 -1 -1 -1 -1 -1
0.5251360535621643 0.708229660987854 0.8363831043243408 -1 -1 -1 -1 -1 -1 -1 -1 -1
0.5184231996536255 0.718977689743042 0.23121722042560577 -1 -1 -1 -1 -1 -1 -1 -1 -1
0.5250476002693176 0.70707768201828 0.7706782817840576 -1 -1 -1 -1 -1 -1 -1 -1 -1
0.5182507634162903 0.7175304889678955 0.22063708305358887 -1 -1 -1 -1 -1 -1 -1 -1 -1
0.5280100703239441 0.7097371220588684 0.997882068157196 -1 -1 -1 -1 -1 -1 -1 -1 -1
0.5218402743339539 0.7093670964241028 0.9976623058319092 -1 -1 -1 -1 -1 -1 -1 -1 -1
0.522699773311615 0.7140239477157593 0.6850058436393738 -1 -1 -1 -1 -1 -1 -1 -1 -1
0.5097265243530273 0.7188541293144226 0.38927939534187317 -1 -1 -1 -1 -1 -1 -1 -1 -1
0.5233438014984131 0.7407464385032654 0.5037363767623901 -1 -1 -1 -1 -1 -1 -1 -1 -1
0.5220571160316467 0.7481631636619568 0.21565692126750946 -1 -1 -1 -1 -1 -1 -1 -1 -1
0.5246045589447021 0.74461829662323 0.6069906949996948 -1 -1 -1 -1 -1 -1 -1 -1 -1
0.5256935358047485 0.7510902881622314 0.23468348383903503 -1 -1 -1 -1 -1 -1 -1 -1 -1
0.5186963081359863 0.7466544508934021 0.44674500823020935 -1 -1 -1 -1 -1 -1 -1 -1 -1
0.5185831189155579 0.7594999670982361 0.1809684783220291 -1 -1 -1 -1 -1 -1 -1 -1 -1
1 
33 
-1 -1 -1 -1 -1 -1 -1 -1 -1 -1
0.46567559242248535 0.6455144286155701 0.8746840953826904 -1 -1 -1 -1 -1 -1 -1 -1 -1
0.464992493391037 0.6370386481285095 0.9051079154014587 -1 -1 -1 -1 -1 -1 -1 -1 -1
0.4656585156917572 0.6360914707183838 0.9007211327552795 -1 -1 -1 -1 -1 -1 -1 -1 -1
0.46632662415504456 0.6351869106292725 0.9290023446083069 -1 -1 -1 -1 -1 -1 -1 -1 -1
0.4590553939342499 0.6314817667007446 0.8479069471359253 -1 -1 -1 -1 -1 -1 -1 -1 -1
0.45966053009033203 0.6312388181686401 0.8096358776092529 -1 -1 -1 -1 -1 -1 -1 -1 -1
0.4603360891342163 0.631037712097168 0.8606269359588623 -1 -1 -1 -1 -1 -1 -1 -1 -1
0.46817249059677124 0.6271571516990662 0.9107743501663208 -1 -1 -1 -1 -1 -1 -1 -1 -1
0.467778742313385 0.6270025968551636 0.8422492742538452 -1 -1 -1 -1 -1 -1 -1 -1 -1
0.4711366295814514 0.647746205329895 0.9283244609832764 -1 -1 -1 -1 -1 -1 -1 -1 -1
0.47067055106163025 0.6482072472572327 0.8597073554992676 -1 -1 -1 -1 -1 -1 -1 -1 -1
0.49074918031692505 0.6522393822669983 0.9997867941856384 -1 -1 -1 -1 -1 -1 -1 -1 -1
0.4915519654750824 0.6492663025856018 0.9953977465629578 -1 -1 -1 -1 -1 -1 -1 -1 -1
0.4942050278186798 0.737032413482666 0.8307051658630371 -1 -1 -1 -1 -1 -1 -1 -1 -1
0.49730202555656433 0.7156919240951538 0.026900075376033783 -1 -1 -1 -1 -1 -1 -1 -1 -1
0.48865312337875366 0.7957044839859009 0.8141510486602783 -1 -1 -1 -1 -1 -1 -1 -1 -1
0.49068135023117065 0.7678987383842468 0.05009282007813454 -1 -1 -1 -1 -1 -1 -1 -1 -1
0.48939400911331177 0.8089650869369507 0.8158053159713745 -1 -1 -1 -1 -1 -1 -1 -1 -1
0.48888716101646423 0.7798482179641724 0.06974420696496964 -1 -1 -1 -1 -1 -1 -1 -1 -1
0.4857404828071594 0.8081079125404358 0.8238157033920288 -1 -1 -1 -1 -1 -1 -1 -1 -1
0.48739171028137207 0.7786454558372498 0.06940874457359314 -1 -1 -1 -1 -1 -1 -1 -1 -1
0.4857850670814514 0.8032678365707397 0.7389014959335327 -1 -1 -1 -1 -1 -1 -1 -1 -1
0.4891470968723297 0.7741925120353699 0.07396819442510605 -1 -1 -1 -1 -1 -1 -1 -1 -1
0.5370311141014099 0.7417373657226562 0.997841477394104 -1 -1 -1 -1 -1 -1 -1 -1 -1
0.5293815732002258 0.7342263460159302 0.9952369928359985 -1 -1 -1 -1 -1 -1 -1 -1 -1
0.4917522668838501 0.7984563708305359 0.8620569705963135 -1 -1 -1 -1 -1 -1 -1 -1 -1
0.48504549264907837 0.7872588634490967 0.10118522495031357 -1 -1 -1 -1 -1 -1 -1 -1 -1
0.5212575793266296 0.8844315409660339 0.9161961674690247 -1 -1 -1 -1 -1 -1 -1 -1 -1
0.5157301425933838 0.8568718433380127 0.11399053037166595 -1 -1 -1 -1 -1 -1 -1 -1 -1
0.5319321155548096 0.8893626928329468 0.8626613020896912 -1 -1 -1 -1 -1 -1 -1 -1 -1
0.5247447490692139 0.8617080450057983 0.21825990080833435 -1 -1 -1 -1 -1 -1 -1 -1 -1
0.5094513297080994 0.9232485294342041 0.8848482966423035 -1 -1 -1 -1 -1 -1 -1 -1 -1
0.507257878780365 0.8922383785247803 0.13720998167991638 -1 -1 -1 -1 -1 -1 -1 -1 -1
1 
33 
-1 -1 -1 -1 -1 -1 -1 -1 -1 -1
0.4573839008808136 0.6459413170814514 0.9968275427818298 -1 -1 -1 -1 -1 -1 -1 -1 -1
0.459423303604126 0.6361318230628967 0.9977031350135803 -1 -1 -1 -1 -1 -1 -1 -1 -1
0.46028029918670654 0.63566654920578 0.99779212474823 -1 -1 -1 -1 -1 -1 -1 -1 -1
0.46125414967536926 0.635144054889679 0.9983567595481873 -1 -1 -1 -1 -1 -1 -1 -1 -1
0.4589593708515167 0.6357463598251343 0.9974247217178345 -1 -1 -1 -1 -1 -1 -1 -1 -1
0.4594120383262634 0.6350169777870178 0.9971810579299927 -1 -1 -1 -1 -1 -1 -1 -1 -1
0.45995593070983887 0.6342568397521973 0.9978050589561462 -1 -1 -1 -1 -1 -1 -1 -1 -1
0.4691178798675537 0.6362333297729492 0.9954332113265991 -1 -1 -1 -1 -1 -1 -1 -1 -1
0.46708279848098755 0.6355373859405518 0.9956026077270508 -1 -1 -1 -1 -1 -1 -1 -1 -1
0.4607457220554352 0.6540135741233826 0.9963966012001038 -1 -1 -1 -1 -1 -1 -1 -1 -1
0.460162490606308 0.6541034579277039 0.9955676198005676 -1 -1 -1 -1 -1 -1 -1 -1 -1
0.4854893386363983 0.6916473507881165 0.9989827275276184 -1 -1 -1 -1 -1 -1 -1 -1 -1
0.4806630611419678 0.683289647102356 0.9947987794876099 -1 -1 -1 -1 -1 -1 -1 -1 -1
0.45563191175460815 0.7500655055046082 0.9681887626647949 -1 -1 -1 -1 -1 -1 -1 -1 -1
0.45282700657844543 0.7410891056060791 0.15315048396587372 -1 -1 -1 -1 -1 -1 -1 -1 -1
0.42020976543426514 0.7772029638290405 0.9543811082839966 -1 -1 -1 -1 -1 -1 -1 -1 -1
0.4237191081047058 0.7723453044891357 0.2645842730998993 -1 -1 -1 -1 -1 -1 -1 -1 -1
0.41074520349502563 0.7826183438301086 0.9377618432044983 -1 -1 -1 -1 -1 -1 -1 -1 -1
0.4168335497379303 0.7718697190284729 0.2843623161315918 -1 -1 -1 -1 -1 -1 -1 -1 -1
0.4089955687522888 0.776718020439148 0.934171199798584 -1 -1 -1 -1 -1 -1 -1 -1 -1
0.41458427906036377 0.771551787853241 0.30005329847335815 -1 -1 -1 -1 -1 -1 -1 -1 -1
0.4120825529098511 0.774829626083374 0.8814597129821777 -1 -1 -1 -1 -1 -1 -1 -1 -1
0.4161839485168457 0.7722797393798828 0.31839072704315186 -1 -1 -1 -1 -1 -1 -1 -1 -1
0.5471152663230896 0.7716473340988159 0.9996191263198853 -1 -1 -1 -1 -1 -1 -1 -1 -1
0.5351158380508423 0.7563289403915405 0.9982654452323914 -1 -1 -1 -1 -1 -1 -1 -1 -1
0.5030524730682373 0.8431784510612488 0.9698245525360107 -1 -1 -1 -1 -1 -1 -1 -1 -1
0.48880237340927124 0.8043672442436218 0.17841984331607819 -1 -1 -1 -1 -1 -1 -1 -1 -1
0.5214789509773254 0.9369701743125916 0.987885594367981 -1 -1 -1 -1 -1 -1 -1 -1 -1
0.5087105631828308 0.8665530681610107 0.360316663980484 -1 -1 -1 -1 -1 -1 -1 -1 -1
0.5298336744308472 0.9546561241149902 0.9699196219444275 -1 -1 -1 -1 -1 -1 -1 -1 -1
0.5152587294578552 0.8755320906639099 0.4786621034145355 -1 -1 -1 -1 -1 -1 -1 -1 -1
0.49913403391838074 0.9555321931838989 0.9794591069221497 -1 -1 -1 -1 -1 -1 -1 -1 -1
0.4948287606239319 0.8901451826095581 0.5639762282371521 -1 -1 -1 -1 -1 -1 -1 -1 -1
1 
33 
-1 -1 -1 -1 -1 -1 -1 -1 -1 -1
0.46029722690582275 0.6714600920677185 0.9910408854484558 -1 -1 -1 -1 -1 -1 -1 -1 -1
0.4614519774913788 0.6619250774383545 0.9957660436630249 -1 -1 -1 -1 -1 -1 -1 -1 -1
0.46214544773101807 0.6620547771453857 0.9960416555404663 -1 -1 -1 -1 -1 -1 -1 -1 -1
0.4629935920238495 0.662132740020752 0.9967504739761353 -1 -1 -1 -1 -1 -1 -1 -1 -1
0.461318701505661 0.6606635451316833 0.994137167930603 -1 -1 -1 -1 -1 -1 -1 -1 -1
0.46186965703964233 0.660088300704956 0.9933931231498718 -1 -1 -1 -1 -1 -1 -1 -1 -1
0.46256718039512634 0.6594454646110535 0.9931174516677856 -1 -1 -1 -1 -1 -1 -1 -1 -1
0.4693765938282013 0.6650277972221375 0.9955061674118042 -1 -1 -1 -1 -1 -1 -1 -1 -1
0.46864554286003113 0.6616710424423218 0.9932683110237122 -1 -1 -1 -1 -1 -1 -1 -1 -1
0.46414127945899963 0.6795984506607056 0.9925619959831238 -1 -1 -1 -1 -1 -1 -1 -1 -1
0.46391722559928894 0.6790579557418823 0.9943360686302185 -1 -1 -1 -1 -1 -1 -1 -1 -1
0.47717660665512085 0.7063443064689636 0.9983779191970825 -1 -1 -1 -1 -1 -1 -1 -1 -1
0.4819205105304718 0.69443678855896 0.9857401251792908 -1 -1 -1 -1 -1 -1 -1 -1 -1
0.4422726333141327 0.7199395895004272 0.9815441370010376 -1 -1 -1 -1 -1 -1 -1 -1 -1
0.4443100094795227 0.7164276838302612 0.08270005881786346 -1 -1 -1 -1 -1 -1 -1 -1 -1
0.40591904520988464 0.698950469493866 0.9170854091644287 -1 -1 -1 -1 -1 -1 -1 -1 -1
0.4156484007835388 0.7048192024230957 0.1805349439382553 -1 -1 -1 -1 -1 -1 -1 -1 -1
0.39932000637054443 0.6900243759155273 0.8589568734169006 -1 -1 -1 -1 -1 -1 -1 -1 -1
0.4110534191131592 0.6979333162307739 0.2505735158920288 -1 -1 -1 -1 -1 -1 -1 -1 -1
0.4009973108768463 0.6825316548347473 0.8440255522727966 -1 -1 -1 -1 -1 -1 -1 -1 -1
0.40526679158210754 0.6890793442726135 0.2735813558101654 -1 -1 -1 -1 -1 -1 -1 -1 -1
0.4033694565296173 0.6868122816085815 0.7936042547225952 -1 -1 -1 -1 -1 -1 -1 -1 -1
0.40689194202423096 0.6919417977333069 0.28832027316093445 -1 -1 -1 -1 -1 -1 -1 -1 -1
0.545635461807251 0.797894299030304 0.9997069239616394 -1 -1 -1 -1 -1 -1 -1 -1 -1
0.5357332825660706 0.7784917950630188 0.998992383480072 -1 -1 -1 -1 -1 -1 -1 -1 -1
0.5022121071815491 0.880967378616333 0.9510202407836914 -1 -1 -1 -1 -1 -1 -1 -1 -1
0.4832533597946167 0.7929387092590332 0.17663471400737762 -1 -1 -1 -1 -1 -1 -1 -1 -1
0.5211852192878723 0.9560062289237976 0.5595203042030334 -1 -1 -1 -1 -1 -1 -1 -1 -1
0.5018002986907959 0.8587284684181213 0.1944533735513687 -1 -1 -1 -1 -1 -1 -1 -1 -1
0.5192463994026184 0.9565302133560181 0.5146688222885132 -1 -1 -1 -1 -1 -1 -1 -1 -1
0.5072113275527954 0.8688867092132568 0.21729843318462372 -1 -1 -1 -1 -1 -1 -1 -1 -1
0.510587751865387 0.9631999135017395 0.4321724772453308 -1 -1 -1 -1 -1 -1 -1 -1 -1
0.49309390783309937 0.8744893074035645 0.2747402489185333 -1 -1 -1 -1 -1 -1 -1 -1 -1
1 
33 
-1 -1 -1 -1 -1 -1 -1 -1 -1 -1
0.45988762378692627 0.6697984933853149 0.9962939620018005 -1 -1 -1 -1 -1 -1 -1 -1 -1
0.46304550766944885 0.6599892973899841 0.9979117512702942 -1 -1 -1 -1 -1 -1 -1 -1 -1
0.46373891830444336 0.6599687337875366 0.9979825019836426 -1 -1 -1 -1 -1 -1 -1 -1 -1
0.4645465612411499 0.6599395275115967 0.998063862323761 -1 -1 -1 -1 -1 -1 -1 -1 -1
0.46301960945129395 0.6598567962646484 0.9968225955963135 -1 -1 -1 -1 -1 -1 -1 -1 -1
0.46360793709754944 0.6597780585289001 0.9961244463920593 -1 -1 -1 -1 -1 -1 -1 -1 -1
0.464304655790329 0.6596412658691406 0.9967184662818909 -1 -1 -1 -1 -1 -1 -1 -1 -1
0.4715961813926697 0.6650896668434143 0.9981555342674255 -1 -1 -1 -1 -1 -1 -1 -1 -1
0.47103041410446167 0.6638311743736267 0.9991361498832703 -1 -1 -1 -1 -1 -1 -1 -1 -1
0.4619944393634796 0.6785929799079895 0.9965412020683289 -1 -1 -1 -1 -1 -1 -1 -1 -1
0.4620550572872162 0.6784635782241821 0.997688889503479 -1 -1 -1 -1 -1 -1 -1 -1 -1
0.4812004268169403 0.7006477117538452 0.9990952014923096 -1 -1 -1 -1 -1 -1 -1 -1 -1
0.4846566915512085 0.697913646697998 0.990142285823822 -1 -1 -1 -1 -1 -1 -1 -1 -1
0.439616322517395 0.6790801882743835 0.9833831191062927 -1 -1 -1 -1 -1 -1 -1 -1 -1
0.4497591257095337 0.68570876121521 0.05442250147461891 -1 -1 -1 -1 -1 -1 -1 -1 -1
0.43141263723373413 0.6331710815429688 0.868087649345398 -1 -1 -1 -1 -1 -1 -1 -1 -1
0.457470566034317 0.6568070650100708 0.030613448470830917 -1 -1 -1 -1 -1 -1 -1 -1 -1
0.42960891127586365 0.6151245832443237 0.8139511942863464 -1 -1 -1 -1 -1 -1 -1 -1 -1
0.4597022235393524 0.6477729678153992 0.03867650404572487 -1 -1 -1 -1 -1 -1 -1 -1 -1
0.43674278259277344 0.6180099248886108 0.809420645236969 -1 -1 -1 -1 -1 -1 -1 -1 -1
0.4625535011291504 0.6451811790466309 0.04119771346449852 -1 -1 -1 -1 -1 -1 -1 -1 -1
0.4366171061992645 0.623143196105957 0.778542160987854 -1 -1 -1 -1 -1 -1 -1 -1 -1
0.46071717143058777 0.6489776372909546 0.04762580245733261 -1 -1 -1 -1 -1 -1 -1 -1 -1
0.5392197370529175 0.8151772022247314 0.9982230067253113 -1 -1 -1 -1 -1 -1 -1 -1 -1
0.5345762968063354 0.8035103678703308 0.9972928166389465 -1 -1 -1 -1 -1 -1 -1 -1 -1
0.5001336336135864 0.9124540686607361 0.9475191831588745 -1 -1 -1 -1 -1 -1 -1 -1 -1
0.5006219148635864 0.890437662601471 0.18999147415161133 -1 -1 -1 -1 -1 -1 -1 -1 -1
0.5245206952095032 0.9524127244949341 0.37062153220176697 -1 -1 -1 -1 -1 -1 -1 -1 -1
0.5208581686019897 0.932731568813324 0.08107767254114151 -1 -1 -1 -1 -1 -1 -1 -1 -1
0.5291633009910583 0.9427255988121033 0.4253480136394501 -1 -1 -1 -1 -1 -1 -1 -1 -1
0.5280095934867859 0.9373314380645752 0.14203611016273499 -1 -1 -1 -1 -1 -1 -1 -1 -1
0.5134238600730896 0.970556378364563 0.2926310896873474 -1 -1 -1 -1 -1 -1 -1 -1 -1
0.5143232345581055 0.954844057559967 0.12018074095249176 -1 -1 -1 -1 -1 -1 -1 -1 -1
1 
33 
-1 -1 -1 -1 -1 -1 -1 -1 -1 -1
0.45547956228256226 0.658514678478241 0.9984182119369507 -1 -1 -1 -1 -1 -1 -1 -1 -1
0.4576743245124817 0.6468502283096313 0.9991452693939209 -1 -1 -1 -1 -1 -1 -1 -1 -1
0.45882588624954224 0.6463857293128967 0.9994639754295349 -1 -1 -1 -1 -1 -1 -1 -1 -1
0.4617847800254822 0.6459144949913025 0.9992664456367493 -1 -1 -1 -1 -1 -1 -1 -1 -1
0.4567297697067261 0.6470775604248047 0.9984540939331055 -1 -1 -1 -1 -1 -1 -1 -1 -1
0.45702651143074036 0.6470586061477661 0.9983922839164734 -1 -1 -1 -1 -1 -1 -1 -1 -1
0.45724838972091675 0.646875262260437 0.9979702830314636 -1 -1 -1 -1 -1 -1 -1 -1 -1
0.47018036246299744 0.6464477777481079 0.9993141889572144 -1 -1 -1 -1 -1 -1 -1 -1 -1
0.46426498889923096 0.6487023234367371 0.9997206330299377 -1 -1 -1 -1 -1 -1 -1 -1 -1
0.46164947748184204 0.6683130860328674 0.9992018342018127 -1 -1 -1 -1 -1 -1 -1 -1 -1
0.4600953757762909 0.6671016216278076 0.9989547729492188 -1 -1 -1 -1 -1 -1 -1 -1 -1
0.4854198694229126 0.6925404071807861 0.999923825263977 -1 -1 -1 -1 -1 -1 -1 -1 -1
0.48957327008247375 0.697706401348114 0.9964290261268616 -1 -1 -1 -1 -1 -1 -1 -1 -1
0.4790118336677551 0.6831055283546448 0.9007784128189087 -1 -1 -1 -1 -1 -1 -1 -1 -1
0.5046009421348572 0.716120183467865 0.05230927839875221 -1 -1 -1 -1 -1 -1 -1 -1 -1
0.4885687530040741 0.6368436813354492 0.9402353763580322 -1 -1 -1 -1 -1 -1 -1 -1 -1
0.5133106112480164 0.6968420743942261 0.11239467561244965 -1 -1 -1 -1 -1 -1 -1 -1 -1
0.49326711893081665 0.6197575926780701 0.9450044631958008 -1 -1 -1 -1 -1 -1 -1 -1 -1
0.5194200873374939 0.6954658031463623 0.14768452942371368 -1 -1 -1 -1 -1 -1 -1 -1 -1
0.4947940707206726 0.6208921670913696 0.9479470252990723 -1 -1 -1 -1 -1 -1 -1 -1 -1
0.5207957625389099 0.6914040446281433 0.1564682126045227 -1 -1 -1 -1 -1 -1 -1 -1 -1
0.49320662021636963 0.6297648549079895 0.9152567386627197 -1 -1 -1 -1 -1 -1 -1 -1 -1
0.5166612267494202 0.6902990937232971 0.16920781135559082 -1 -1 -1 -1 -1 -1 -1 -1 -1
0.5298170447349548 0.8189082741737366 0.9998210072517395 -1 -1 -1 -1 -1 -1 -1 -1 -1
0.5277538299560547 0.8129873871803284 0.9996346235275269 -1 -1 -1 -1 -1 -1 -1 -1 -1
0.4967476725578308 0.9168503880500793 0.8610138297080994 -1 -1 -1 -1 -1 -1 -1 -1 -1
0.49857044219970703 0.9029821157455444 0.3169749677181244 -1 -1 -1 -1 -1 -1 -1 -1 -1
0.51755690574646 0.9777051210403442 0.3729584813117981 -1 -1 -1 -1 -1 -1 -1 -1 -1
0.5175251364707947 0.9638227820396423 0.1201484352350235 -1 -1 -1 -1 -1 -1 -1 -1 -1
0.522265613079071 0.9736365675926208 0.5073108077049255 -1 -1 -1 -1 -1 -1 -1 -1 -1
0.5238073468208313 0.9720431566238403 0.22520098090171814 -1 -1 -1 -1 -1 -1 -1 -1 -1
0.5062839984893799 1.0014022588729858 0.35189926624298096 -1 -1 -1 -1 -1 -1 -1 -1 -1
0.5108611583709717 0.9897037744522095 0.15097780525684357 -1 -1 -1 -1 -1 -1 -1 -1 -1
1 
33 
-1 -1 -1 -1 -1 -1 -1 -1 -1 -1
0.4726172089576721 0.6183273792266846 0.9921097159385681 -1 -1 -1 -1 -1 -1 -1 -1 -1
0.4744952917098999 0.6100782752037048 0.9964113831520081 -1 -1 -1 -1 -1 -1 -1 -1 -1
0.4749203324317932 0.6102012991905212 0.9962579011917114 -1 -1 -1 -1 -1 -1 -1 -1 -1
0.4753478467464447 0.610157310962677 0.9969967603683472 -1 -1 -1 -1 -1 -1 -1 -1 -1
0.47487616539001465 0.6093829870223999 0.993910551071167 -1 -1 -1 -1 -1 -1 -1 -1 -1
0.47565555572509766 0.6094627380371094 0.9911880493164062 -1 -1 -1 -1 -1 -1 -1 -1 -1
0.47638845443725586 0.6092498302459717 0.9923567771911621 -1 -1 -1 -1 -1 -1 -1 -1 -1
0.48098519444465637 0.6163942217826843 0.9974353909492493 -1 -1 -1 -1 -1 -1 -1 -1 -1
0.48215219378471375 0.6156614422798157 0.996842622756958 -1 -1 -1 -1 -1 -1 -1 -1 -1
0.4757729470729828 0.6302255392074585 0.992926299571991 -1 -1 -1 -1 -1 -1 -1 -1 -1
0.4762754440307617 0.6297744512557983 0.9912315011024475 -1 -1 -1 -1 -1 -1 -1 -1 -1
0.4873376786708832 0.6561289429664612 0.9995850920677185 -1 -1 -1 -1 -1 -1 -1 -1 -1
0.49817177653312683 0.6618302464485168 0.9866891503334045 -1 -1 -1 -1 -1 -1 -1 -1 -1
0.4661616086959839 0.6013586521148682 0.9758366346359253 -1 -1 -1 -1 -1 -1 -1 -1 -1
0.49537116289138794 0.6416899561882019 0.03870944678783417 -1 -1 -1 -1 -1 -1 -1 -1 -1
0.4790034294128418 0.54549640417099 0.927539587020874 -1 -1 -1 -1 -1 -1 -1 -1 -1
0.5042070150375366 0.6290460824966431 0.04796600714325905 -1 -1 -1 -1 -1 -1 -1 -1 -1
0.4847739636898041 0.5382345914840698 0.9017524123191833 -1 -1 -1 -1 -1 -1 -1 -1 -1
0.5088638067245483 0.6269761323928833 0.06567598879337311 -1 -1 -1 -1 -1 -1 -1 -1 -1
0.4872356653213501 0.5386491417884827 0.8980419635772705 -1 -1 -1 -1 -1 -1 -1 -1 -1
0.5087802410125732 0.6246293783187866 0.06838217377662659 -1 -1 -1 -1 -1 -1 -1 -1 -1
0.4858269691467285 0.5424256920814514 0.8725194334983826 -1 -1 -1 -1 -1 -1 -1 -1 -1
0.5064325928688049 0.6257548332214355 0.07650748640298843 -1 -1 -1 -1 -1 -1 -1 -1 -1
0.5208936333656311 0.8094284534454346 0.9998841285705566 -1 -1 -1 -1 -1 -1 -1 -1 -1
0.5246095657348633 0.7977814674377441 0.9993487000465393 -1 -1 -1 -1 -1 -1 -1 -1 -1
0.49557697772979736 0.9026485681533813 0.9493448138237 -1 -1 -1 -1 -1 -1 -1 -1 -1
0.5002281665802002 0.878997802734375 0.19401462376117706 -1 -1 -1 -1 -1 -1 -1 -1 -1
0.5095767974853516 0.9543597102165222 0.7211374640464783 -1 -1 -1 -1 -1 -1 -1 -1 -1
0.5112361907958984 0.9071565270423889 0.08877617120742798 -1 -1 -1 -1 -1 -1 -1 -1 -1
0.5152741074562073 0.9585031867027283 0.7668861746788025 -1 -1 -1 -1 -1 -1 -1 -1 -1
0.5161275863647461 0.9098743200302124 0.23806524276733398 -1 -1 -1 -1 -1 -1 -1 -1 -1
0.5046645998954773 0.9795275926589966 0.6255107522010803 -1 -1 -1 -1 -1 -1 -1 -1 -1
0.5019753575325012 0.9261517524719238 0.1515430510044098 -1 -1 -1 -1 -1 -1 -1 -1 -1
1 
33 
-1 -1 -1 -1 -1 -1 -1 -1 -1 -1
0.47827163338661194 0.5937317609786987 0.9900026321411133 -1 -1 -1 -1 -1 -1 -1 -1 -1
0.47955524921417236 0.5819911360740662 0.9952951073646545 -1 -1 -1 -1 -1 -1 -1 -1 -1
0.4802207946777344 0.5819261074066162 0.9953925609588623 -1 -1 -1 -1 -1 -1 -1 -1 -1
0.4810118079185486 0.5820180773735046 0.9962045550346375 -1 -1 -1 -1 -1 -1 -1 -1 -1
0.4797425866127014 0.5813885927200317 0.991865336894989 -1 -1 -1 -1 -1 -1 -1 -1 -1
0.4804985225200653 0.5809186697006226 0.9879476428031921 -1 -1 -1 -1 -1 -1 -1 -1 -1
0.4813596308231354 0.5805397033691406 0.9895423650741577 -1 -1 -1 -1 -1 -1 -1 -1 -1
0.48904889822006226 0.5882978439331055 0.9943321943283081 -1 -1 -1 -1 -1 -1 -1 -1 -1
0.48936328291893005 0.586438775062561 0.9891218543052673 -1 -1 -1 -1 -1 -1 -1 -1 -1
0.48209348320961 0.6027522087097168 0.985909640789032 -1 -1 -1 -1 -1 -1 -1 -1 -1
0.4825360178947449 0.6026865839958191 0.9808464646339417 -1 -1 -1 -1 -1 -1 -1 -1 -1
0.4960038959980011 0.6219151020050049 0.9984373450279236 -1 -1 -1 -1 -1 -1 -1 -1 -1
0.5021948218345642 0.623828113079071 0.9603007435798645 -1 -1 -1 -1 -1 -1 -1 -1 -1
0.4735467731952667 0.555284857749939 0.9938308000564575 -1 -1 -1 -1 -1 -1 -1 -1 -1
0.4756782352924347 0.5606215000152588 0.12565992772579193 -1 -1 -1 -1 -1 -1 -1 -1 -1
0.46740829944610596 0.48971933126449585 0.9672271013259888 -1 -1 -1 -1 -1 -1 -1 -1 -1
0.4705922603607178 0.4942428469657898 0.39802199602127075 -1 -1 -1 -1 -1 -1 -1 -1 -1
0.4666822850704193 0.4771747887134552 0.9488756060600281 -1 -1 -1 -1 -1 -1 -1 -1 -1
0.4718523323535919 0.4826529324054718 0.488798588514328 -1 -1 -1 -1 -1 -1 -1 -1 -1
0.47153180837631226 0.4762454628944397 0.9411322474479675 -1 -1 -1 -1 -1 -1 -1 -1 -1
0.4743237793445587 0.47492173314094543 0.49159881472587585 -1 -1 -1 -1 -1 -1 -1 -1 -1
0.4711140990257263 0.4792003631591797 0.9174433946609497 -1 -1 -1 -1 -1 -1 -1 -1 -1
0.4743807315826416 0.48034167289733887 0.514272928237915 -1 -1 -1 -1 -1 -1 -1 -1 -1
0.5200672745704651 0.768172025680542 0.9993560910224915 -1 -1 -1 -1 -1 -1 -1 -1 -1
0.5225648283958435 0.7614408731460571 0.9957457184791565 -1 -1 -1 -1 -1 -1 -1 -1 -1
0.5027698278427124 0.8772852420806885 0.9792271256446838 -1 -1 -1 -1 -1 -1 -1 -1 -1
0.5063117742538452 0.8348130583763123 0.19832752645015717 -1 -1 -1 -1 -1 -1 -1 -1 -1
0.5214212536811829 0.966291606426239 0.9655242562294006 -1 -1 -1 -1 -1 -1 -1 -1 -1
0.5187784433364868 0.8835635185241699 0.11041969060897827 -1 -1 -1 -1 -1 -1 -1 -1 -1
0.5289362668991089 0.9735422134399414 0.9555186629295349 -1 -1 -1 -1 -1 -1 -1 -1 -1
0.5240363478660583 0.8894493579864502 0.265363484621048 -1 -1 -1 -1 -1 -1 -1 -1 -1
0.5067393183708191 0.997323751449585 0.9245500564575195 -1 -1 -1 -1 -1 -1 -1 -1 -1
0.5096937417984009 0.897951602935791 0.20297972857952118 -1 -1 -1 -1 -1 -1 -1 -1 -1
1 
33 
-1 -1 -1 -1 -1 -1 -1 -1 -1 -1
0.5262357592582703 0.8384189605712891 0.9993792772293091 -1 -1 -1 -1 -1 -1 -1 -1 -1
0.5234128832817078 0.8501771688461304 0.9996695518493652 -1 -1 -1 -1 -1 -1 -1 -1 -1
0.5227967500686646 0.8498576879501343 0.9996483325958252 -1 -1 -1 -1 -1 -1 -1 -1 -1
0.5222834348678589 0.8495088815689087 0.9997251629829407 -1 -1 -1 -1 -1 -1 -1 -1 -1
0.5244652032852173 0.8503508567810059 0.9994319081306458 -1 -1 -1 -1 -1 -1 -1 -1 -1
0.5245208740234375 0.8500665426254272 0.9991531372070312 -1 -1 -1 -1 -1 -1 -1 -1 -1
0.5245372653007507 0.8497656583786011 0.9994792342185974 -1 -1 -1 -1 -1 -1 -1 -1 -1
0.5168027877807617 0.8368973135948181 0.9998356103897095 -1 -1 -1 -1 -1 -1 -1 -1 -1
0.519990086555481 0.8369970321655273 0.9996261596679688 -1 -1 -1 -1 -1 -1 -1 -1 -1
0.5249836444854736 0.8311193585395813 0.9990283250808716 -1 -1 -1 -1 -1 -1 -1 -1 -1
0.5265164375305176 0.8310574293136597 0.9984557628631592 -1 -1 -1 -1 -1 -1 -1 -1 -1
0.5138275027275085 0.8101986050605774 0.9998193383216858 -1 -1 -1 -1 -1 -1 -1 -1 -1
0.5223007798194885 0.796015739440918 0.9982694387435913 -1 -1 -1 -1 -1 -1 -1 -1 -1
0.5175583362579346 0.8549301624298096 0.9706115126609802 -1 -1 -1 -1 -1 -1 -1 -1 -1
0.5301892161369324 0.8103011846542358 0.21453656256198883 -1 -1 -1 -1 -1 -1 -1 -1 -1
0.5182305574417114 0.8662146329879761 0.5850222110748291 -1 -1 -1 -1 -1 -1 -1 -1 -1
0.528630256652832 0.8306491374969482 0.18916486203670502 -1 -1 -1 -1 -1 -1 -1 -1 -1
0.5183876156806946 0.8693285584449768 0.450795978307724 -1 -1 -1 -1 -1 -1 -1 -1 -1
0.527524471282959 0.8345739245414734 0.20903106033802032 -1 -1 -1 -1 -1 -1 -1 -1 -1
0.5174261927604675 0.8623132705688477 0.43388134241104126 -1 -1 -1 -1 -1 -1 -1 -1 -1
0.5262249112129211 0.8345339298248291 0.21884815394878387 -1 -1 -1 -1 -1 -1 -1 -1 -1
0.5171640515327454 0.8593465089797974 0.4336467683315277 -1 -1 -1 -1 -1 -1 -1 -1 -1
0.5265368819236755 0.8334904909133911 0.22501319646835327 -1 -1 -1 -1 -1 -1 -1 -1 -1
0.5116137266159058 0.6896399259567261 0.9998846054077148 -1 -1 -1 -1 -1 -1 -1 -1 -1
0.5170297026634216 0.6852052807807922 0.999819815158844 -1 -1 -1 -1 -1 -1 -1 -1 -1
0.5048242211341858 0.590099036693573 0.8746620416641235 -1 -1 -1 -1 -1 -1 -1 -1 -1
0.5019214153289795 0.600551962852478 0.24164439737796783 -1 -1 -1 -1 -1 -1 -1 -1 -1
0.4732585847377777 0.5174281001091003 0.8986927270889282 -1 -1 -1 -1 -1 -1 -1 -1 -1
0.4751698672771454 0.5315395593643188 0.4054904580116272 -1 -1 -1 -1 -1 -1 -1 -1 -1
0.4616262912750244 0.5188919901847839 0.8903698325157166 -1 -1 -1 -1 -1 -1 -1 -1 -1
0.4686512053012848 0.5254441499710083 0.5143504738807678 -1 -1 -1 -1 -1 -1 -1 -1 -1
0.46608275175094604 0.4845556616783142 0.9086582064628601 -1 -1 -1 -1 -1 -1 -1 -1 -1
0.47740063071250916 0.499843955039978 0.560981273651123 -1 -1 -1 -1 -1 -1 -1 -1 -1
1 
33 
-1 -1 -1 -1 -1 -1 -1 -1 -1 -1
0.5362949967384338 0.8174115419387817 0.9970292448997498 -1 -1 -1 -1 -1 -1 -1 -1 -1
0.5323960185050964 0.8253065347671509 0.9988013505935669 -1 -1 -1 -1 -1 -1 -1 -1 -1
0.5317249298095703 0.8253737688064575 0.998666524887085 -1 -1 -1 -1 -1 -1 -1 -1 -1
0.5311130881309509 0.8254312872886658 0.998753547668457 -1 -1 -1 -1 -1 -1 -1 -1 -1
0.5323711633682251 0.8257753849029541 0.996478259563446 -1 -1 -1 -1 -1 -1 -1 -1 -1
0.5316760540008545 0.8260858058929443 0.9947831034660339 -1 -1 -1 -1 -1 -1 -1 -1 -1
0.5310044288635254 0.8263824582099915 0.9960944056510925 -1 -1 -1 -1 -1 -1 -1 -1 -1
0.5252955555915833 0.8192133903503418 0.9981586337089539 -1 -1 -1 -1 -1 -1 -1 -1 -1
0.5251949429512024 0.818889319896698 0.9957041144371033 -1 -1 -1 -1 -1 -1 -1 -1 -1
0.5335903167724609 0.8094370365142822 0.995633065700531 -1 -1 -1 -1 -1 -1 -1 -1 -1
0.5339511632919312 0.8095411062240601 0.993294894695282 -1 -1 -1 -1 -1 -1 -1 -1 -1
0.5210481286048889 0.7820643186569214 0.9987070560455322 -1 -1 -1 -1 -1 -1 -1 -1 -1
0.5195450186729431 0.7743849158287048 0.9924088716506958 -1 -1 -1 -1 -1 -1 -1 -1 -1
0.5210989117622375 0.8438369631767273 0.9783201217651367 -1 -1 -1 -1 -1 -1 -1 -1 -1
0.5259279012680054 0.833598792552948 0.04313696175813675 -1 -1 -1 -1 -1 -1 -1 -1 -1
0.51755690574646 0.9108861088752747 0.9707680940628052 -1 -1 -1 -1 -1 -1 -1 -1 -1
0.528374433517456 0.8851930499076843 0.14977097511291504 -1 -1 -1 -1 -1 -1 -1 -1 -1
0.5124262571334839 0.9266383647918701 0.9627450108528137 -1 -1 -1 -1 -1 -1 -1 -1 -1
0.5274406671524048 0.8941022753715515 0.2273077815771103 -1 -1 -1 -1 -1 -1 -1 -1 -1
0.5103429555892944 0.9266103506088257 0.9604579210281372 -1 -1 -1 -1 -1 -1 -1 -1 -1
0.5252196192741394 0.8961281776428223 0.22976469993591309 -1 -1 -1 -1 -1 -1 -1 -1 -1
0.5120762586593628 0.9228010177612305 0.9427262544631958 -1 -1 -1 -1 -1 -1 -1 -1 -1
0.5254648327827454 0.8954110145568848 0.25105908513069153 -1 -1 -1 -1 -1 -1 -1 -1 -1
0.5222964286804199 0.6258314847946167 0.9992029070854187 -1 -1 -1 -1 -1 -1 -1 -1 -1
0.5191131234169006 0.6318584084510803 0.9984183311462402 -1 -1 -1 -1 -1 -1 -1 -1 -1
0.4974842369556427 0.5252315402030945 0.8255049586296082 -1 -1 -1 -1 -1 -1 -1 -1 -1
0.49607008695602417 0.5353752374649048 0.23459787666797638 -1 -1 -1 -1 -1 -1 -1 -1 -1
0.43859243392944336 0.4620213508605957 0.9559338092803955 -1 -1 -1 -1 -1 -1 -1 -1 -1
0.45317453145980835 0.4745720326900482 0.3663006126880646 -1 -1 -1 -1 -1 -1 -1 -1 -1
0.4326566457748413 0.4702807068824768 0.9802184104919434 -1 -1 -1 -1 -1 -1 -1 -1 -1
0.4364544749259949 0.4783477187156677 0.6885806322097778 -1 -1 -1 -1 -1 -1 -1 -1 -1
0.4156714081764221 0.4148378074169159 0.9563136100769043 -1 -1 -1 -1 -1 -1 -1 -1 -1
0.43589749932289124 0.4361564517021179 0.5177432298660278 -1 -1 -1 -1 -1 -1 -1 -1 -1
1 
33 
-1 -1 -1 -1 -1 -1 -1 -1 -1 -1
0.5119389891624451 0.7557685375213623 0.9454984664916992 -1 -1 -1 -1 -1 -1 -1 -1 -1
0.5161569714546204 0.7654421329498291 0.9336447715759277 -1 -1 -1 -1 -1 -1 -1 -1 -1
0.517236590385437 0.7657737731933594 0.9393900036811829 -1 -1 -1 -1 -1 -1 -1 -1 -1
0.5182988047599792 0.766036868095398 0.9405107498168945 -1 -1 -1 -1 -1 -1 -1 -1 -1
0.5156491994857788 0.7643211483955383 0.9436599016189575 -1 -1 -1 -1 -1 -1 -1 -1 -1
0.5165891647338867 0.7639358043670654 0.9461419582366943 -1 -1 -1 -1 -1 -1 -1 -1 -1
0.51751309633255 0.763543963432312 0.9476959109306335 -1 -1 -1 -1 -1 -1 -1 -1 -1
0.5277723073959351 0.7628293037414551 0.9078664779663086 -1 -1 -1 -1 -1 -1 -1 -1 -1
0.5266731381416321 0.7588867545127869 0.9327935576438904 -1 -1 -1 -1 -1 -1 -1 -1 -1
0.5156615972518921 0.7476692795753479 0.9353715777397156 -1 -1 -1 -1 -1 -1 -1 -1 -1
0.5152374505996704 0.7465052604675293 0.9451183676719666 -1 -1 -1 -1 -1 -1 -1 -1 -1
0.5360174775123596 0.7336750626564026 0.9754204154014587 -1 -1 -1 -1 -1 -1 -1 -1 -1
0.5391714572906494 0.7259569764137268 0.9915254712104797 -1 -1 -1 -1 -1 -1 -1 -1 -1
0.5309271216392517 0.7656352519989014 0.1042962372303009 -1 -1 -1 -1 -1 -1 -1 -1 -1
0.5277990102767944 0.7695972919464111 0.928451657295227 -1 -1 -1 -1 -1 -1 -1 -1 -1
0.5201270580291748 0.8157187104225159 0.25017422437667847 -1 -1 -1 -1 -1 -1 -1 -1 -1
0.5218260884284973 0.8277864456176758 0.8540886044502258 -1 -1 -1 -1 -1 -1 -1 -1 -1
0.5192531943321228 0.8272655010223389 0.3460559844970703 -1 -1 -1 -1 -1 -1 -1 -1 -1
0.5197396874427795 0.839250922203064 0.8389800786972046 -1 -1 -1 -1 -1 -1 -1 -1 -1
0.518355667591095 0.8326216340065002 0.3563145399093628 -1 -1 -1 -1 -1 -1 -1 -1 -1
0.5234982371330261 0.8440104126930237 0.8245483040809631 -1 -1 -1 -1 -1 -1 -1 -1 -1
0.5178634524345398 0.8282865881919861 0.3477368652820587 -1 -1 -1 -1 -1 -1 -1 -1 -1
0.5245365500450134 0.8400017023086548 0.748455286026001 -1 -1 -1 -1 -1 -1 -1 -1 -1
0.5425875186920166 0.5951402187347412 0.9931636452674866 -1 -1 -1 -1 -1 -1 -1 -1 -1
0.5428472757339478 0.5863704681396484 0.9959024786949158 -1 -1 -1 -1 -1 -1 -1 -1 -1
0.505590558052063 0.5493821501731873 0.25686439871788025 -1 -1 -1 -1 -1 -1 -1 -1 -1
0.5051896572113037 0.5144323110580444 0.9919460415840149 -1 -1 -1 -1 -1 -1 -1 -1 -1
0.4778515100479126 0.5834298133850098 0.2792819142341614 -1 -1 -1 -1 -1 -1 -1 -1 -1
0.46490395069122314 0.4913579523563385 0.9928969740867615 -1 -1 -1 -1 -1 -1 -1 -1 -1
0.47629639506340027 0.5823456048965454 0.5347937941551208 -1 -1 -1 -1 -1 -1 -1 -1 -1
0.4623338282108307 0.48215335607528687 0.9928941130638123 -1 -1 -1 -1 -1 -1 -1 -1 -1
0.4642298221588135 0.6116509437561035 0.3488251566886902 -1 -1 -1 -1 -1 -1 -1 -1 -1
0.44393014907836914 0.5065978169441223 0.9802749752998352 -1 -1 -1 -1 -1 -1 -1 -1 -1
1 
33 
-1 -1 -1 -1 -1 -1 -1 -1 -1 -1
0.4541158080101013 0.47831350564956665 0.9921146035194397 -1 -1 -1 -1 -1 -1 -1 -1 -1
0.4531612992286682 0.4669380784034729 0.9931172132492065 -1 -1 -1 -1 -1 -1 -1 -1 -1
0.45407426357269287 0.4651125371456146 0.9929081201553345 -1 -1 -1 -1 -1 -1 -1 -1 -1
0.45476630330085754 0.46337658166885376 0.994513750076294 -1 -1 -1 -1 -1 -1 -1 -1 -1
0.4527739882469177 0.4666179418563843 0.9877415895462036 -1 -1 -1 -1 -1 -1 -1 -1 -1
0.45345747470855713 0.46468475461006165 0.9862501621246338 -1 -1 -1 -1 -1 -1 -1 -1 -1
0.45395293831825256 0.4629485011100769 0.9899529814720154 -1 -1 -1 -1 -1 -1 -1 -1 -1
0.4618651270866394 0.45340776443481445 0.9914034008979797 -1 -1 -1 -1 -1 -1 -1 -1 -1
0.46129170060157776 0.45374780893325806 0.9782822728157043 -1 -1 -1 -1 -1 -1 -1 -1 -1
0.4589729309082031 0.47882524132728577 0.9910763502120972 -1 -1 -1 -1 -1 -1 -1 -1 -1
0.4585763216018677 0.47902172803878784 0.9839223623275757 -1 -1 -1 -1 -1 -1 -1 -1 -1
0.4836310148239136 0.46877336502075195 0.9997919201850891 -1 -1 -1 -1 -1 -1 -1 -1 -1
0.48848146200180054 0.4635099768638611 0.9946692585945129 -1 -1 -1 -1 -1 -1 -1 -1 -1
0.4405173361301422 0.5031142234802246 0.9869405627250671 -1 -1 -1 -1 -1 -1 -1 -1 -1
0.4531010091304779 0.5004715919494629 0.12122554332017899 -1 -1 -1 -1 -1 -1 -1 -1 -1
0.4072951674461365 0.5422743558883667 0.9582412838935852 -1 -1 -1 -1 -1 -1 -1 -1 -1
0.4159778952598572 0.5270882248878479 0.12380564212799072 -1 -1 -1 -1 -1 -1 -1 -1 -1
0.392513245344162 0.5374866127967834 0.9352383017539978 -1 -1 -1 -1 -1 -1 -1 -1 -1
0.4081750512123108 0.5194993615150452 0.14394192397594452 -1 -1 -1 -1 -1 -1 -1 -1 -1
0.3898518681526184 0.5297129154205322 0.9281242489814758 -1 -1 -1 -1 -1 -1 -1 -1 -1
0.39431965351104736 0.5255575180053711 0.15656454861164093 -1 -1 -1 -1 -1 -1 -1 -1 -1
0.3940862715244293 0.5288227796554565 0.8673615455627441 -1 -1 -1 -1 -1 -1 -1 -1 -1
0.406332790851593 0.5280578136444092 0.1628493368625641 -1 -1 -1 -1 -1 -1 -1 -1 -1
0.5344448089599609 0.5693661570549011 0.9985542893409729 -1 -1 -1 -1 -1 -1 -1 -1 -1
0.5326279997825623 0.5690609812736511 0.9933000802993774 -1 -1 -1 -1 -1 -1 -1 -1 -1
0.5422216057777405 0.662358283996582 0.9130104780197144 -1 -1 -1 -1 -1 -1 -1 -1 -1
0.5321572422981262 0.6599071025848389 0.2500030994415283 -1 -1 -1 -1 -1 -1 -1 -1 -1
0.5289879441261292 0.7651476860046387 0.9140775203704834 -1 -1 -1 -1 -1 -1 -1 -1 -1
0.529190719127655 0.7597835659980774 0.6047275066375732 -1 -1 -1 -1 -1 -1 -1 -1 -1
0.5315302610397339 0.7838607430458069 0.843473494052887 -1 -1 -1 -1 -1 -1 -1 -1 -1
0.5335136651992798 0.7759879231452942 0.6427046656608582 -1 -1 -1 -1 -1 -1 -1 -1 -1
0.5051639676094055 0.7861906290054321 0.882308840751648 -1 -1 -1 -1 -1 -1 -1 -1 -1
0.5112363696098328 0.7793138027191162 0.6914924383163452 -1 -1 -1 -1 -1 -1 -1 -1 -1
1 
33 
-1 -1 -1 -1 -1 -1 -1 -1 -1 -1
0.5133702754974365 0.43752577900886536 0.15083138644695282 -1 -1 -1 -1 -1 -1 -1 -1 -1
0.5144690871238708 0.43282827734947205 0.17880144715309143 -1 -1 -1 -1 -1 -1 -1 -1 -1
0.5148978233337402 0.43196800351142883 0.1387757509946823 -1 -1 -1 -1 -1 -1 -1 -1 -1
0.5153336524963379 0.43114206194877625 0.21092158555984497 -1 -1 -1 -1 -1 -1 -1 -1 -1
0.5138342380523682 0.433402955532074 0.17622560262680054 -1 -1 -1 -1 -1 -1 -1 -1 -1
0.5138084292411804 0.43290573358535767 0.14208143949508667 -1 -1 -1 -1 -1 -1 -1 -1 -1
0.5138019323348999 0.4323574900627136 0.20733888447284698 -1 -1 -1 -1 -1 -1 -1 -1 -1
0.5180920362472534 0.42463433742523193 0.3355588912963867 -1 -1 -1 -1 -1 -1 -1 -1 -1
0.5153026580810547 0.4269438683986664 0.18800631165504456 -1 -1 -1 -1 -1 -1 -1 -1 -1
0.5147868990898132 0.4380573332309723 0.2108813375234604 -1 -1 -1 -1 -1 -1 -1 -1 -1
0.5141092538833618 0.43855032324790955 0.15093237161636353 -1 -1 -1 -1 -1 -1 -1 -1 -1
0.5235396027565002 0.42849498987197876 0.9997128844261169 -1 -1 -1 -1 -1 -1 -1 -1 -1
0.5264435410499573 0.43348634243011475 0.987644612789154 -1 -1 -1 -1 -1 -1 -1 -1 -1
0.533400297164917 0.4723663032054901 0.7802771925926208 -1 -1 -1 -1 -1 -1 -1 -1 -1
0.5361273884773254 0.4837845265865326 0.07501842081546783 -1 -1 -1 -1 -1 -1 -1 -1 -1
0.5245888829231262 0.5146269798278809 0.12122128903865814 -1 -1 -1 -1 -1 -1 -1 -1 -1
0.5440608859062195 0.543258547782898 0.11886056512594223 -1 -1 -1 -1 -1 -1 -1 -1 -1
0.5217134952545166 0.5276015400886536 0.08924491703510284 -1 -1 -1 -1 -1 -1 -1 -1 -1
0.5456435680389404 0.5565366744995117 0.09922320395708084 -1 -1 -1 -1 -1 -1 -1 -1 -1
0.5190399885177612 0.5240895748138428 0.08535069972276688 -1 -1 -1 -1 -1 -1 -1 -1 -1
0.5447409749031067 0.5610511898994446 0.09144464135169983 -1 -1 -1 -1 -1 -1 -1 -1 -1
0.5206605195999146 0.5206937193870544 0.06872912496328354 -1 -1 -1 -1 -1 -1 -1 -1 -1
0.5439930558204651 0.5575918555259705 0.08094862848520279 -1 -1 -1 -1 -1 -1 -1 -1 -1
0.5403040647506714 0.5054466724395752 0.9995126724243164 -1 -1 -1 -1 -1 -1 -1 -1 -1
0.5403537750244141 0.5132668018341064 0.9939748644828796 -1 -1 -1 -1 -1 -1 -1 -1 -1
0.539372980594635 0.5873965620994568 0.8791398406028748 -1 -1 -1 -1 -1 -1 -1 -1 -1
0.5359882116317749 0.5804432034492493 0.06044068560004234 -1 -1 -1 -1 -1 -1 -1 -1 -1
0.5428698062896729 0.6715571880340576 0.7683958411216736 -1 -1 -1 -1 -1 -1 -1 -1 -1
0.539790153503418 0.6630088090896606 0.16779270768165588 -1 -1 -1 -1 -1 -1 -1 -1 -1
0.5486682653427124 0.6857662796974182 0.5933722257614136 -1 -1 -1 -1 -1 -1 -1 -1 -1
0.5446339845657349 0.6770352125167847 0.16097484529018402 -1 -1 -1 -1 -1 -1 -1 -1 -1
0.5259107947349548 0.6919378042221069 0.6563012003898621 -1 -1 -1 -1 -1 -1 -1 -1 -1
0.5228767991065979 0.6792557239532471 0.1390344351530075 -1 -1 -1 -1 -1 -1 -1 -1 -1
1 
33 
-1 -1 -1 -1 -1 -1 -1 -1 -1 -1
0.5282857418060303 0.44695186614990234 0.3166253864765167 -1 -1 -1 -1 -1 -1 -1 -1 -1
0.5271368026733398 0.44363468885421753 0.32408612966537476 -1 -1 -1 -1 -1 -1 -1 -1 -1
0.5259696245193481 0.4422527551651001 0.32711395621299744 -1 -1 -1 -1 -1 -1 -1 -1 -1
0.5247690081596375 0.44089072942733765 0.33349788188934326 -1 -1 -1 -1 -1 -1 -1 -1 -1
0.5304790735244751 0.44495725631713867 0.3012668192386627 -1 -1 -1 -1 -1 -1 -1 -1 -1
0.5318640470504761 0.4444056451320648 0.288608580827713 -1 -1 -1 -1 -1 -1 -1 -1 -1
0.5333123803138733 0.4438760280609131 0.2939910888671875 -1 -1 -1 -1 -1 -1 -1 -1 -1
0.5247779488563538 0.43051373958587646 0.364037424325943 -1 -1 -1 -1 -1 -1 -1 -1 -1
0.5345667004585266 0.43485602736473083 0.27476802468299866 -1 -1 -1 -1 -1 -1 -1 -1 -1
0.5264328122138977 0.4423027038574219 0.5342087745666504 -1 -1 -1 -1 -1 -1 -1 -1 -1
0.5304041504859924 0.44352713227272034 0.5358518958091736 -1 -1 -1 -1 -1 -1 -1 -1 -1
0.5090750455856323 0.41277003288269043 0.9993540644645691 -1 -1 -1 -1 -1 -1 -1 -1 -1
0.5462789535522461 0.42753010988235474 0.9999407529830933 -1 -1 -1 -1 -1 -1 -1 -1 -1
0.4965469539165497 0.46798017621040344 0.00975028332322836 -1 -1 -1 -1 -1 -1 -1 -1 -1
0.5234993696212769 0.48471784591674805 0.1060955747961998 -1 -1 -1 -1 -1 -1 -1 -1 -1
0.5067280530929565 0.5228028297424316 0.010618186555802822 -1 -1 -1 -1 -1 -1 -1 -1 -1
0.516059160232544 0.537699282169342 0.14893966913223267 -1 -1 -1 -1 -1 -1 -1 -1 -1
0.5075347423553467 0.5355408787727356 0.01798456721007824 -1 -1 -1 -1 -1 -1 -1 -1 -1
0.5137662887573242 0.5489549040794373 0.16525062918663025 -1 -1 -1 -1 -1 -1 -1 -1 -1
0.5103299021720886 0.5380899906158447 0.01857670769095421 -1 -1 -1 -1 -1 -1 -1 -1 -1
0.5153958201408386 0.5489850640296936 0.1589055061340332 -1 -1 -1 -1 -1 -1 -1 -1 -1
0.5106543302536011 0.5343571901321411 0.018262671306729317 -1 -1 -1 -1 -1 -1 -1 -1 -1
0.5151687860488892 0.5444047451019287 0.14159664511680603 -1 -1 -1 -1 -1 -1 -1 -1 -1
0.5027490258216858 0.5371646881103516 0.9999868869781494 -1 -1 -1 -1 -1 -1 -1 -1 -1
0.529362678527832 0.5473480224609375 0.9999960660934448 -1 -1 -1 -1 -1 -1 -1 -1 -1
0.5106497406959534 0.5400215983390808 0.1329367607831955 -1 -1 -1 -1 -1 -1 -1 -1 -1
0.5641271471977234 0.5849902629852295 0.3787270784378052 -1 -1 -1 -1 -1 -1 -1 -1 -1
0.497737854719162 0.5581896305084229 0.10083430260419846 -1 -1 -1 -1 -1 -1 -1 -1 -1
0.5571151971817017 0.5950530767440796 0.2378873974084854 -1 -1 -1 -1 -1 -1 -1 -1 -1
0.4944213926792145 0.5616748332977295 0.2024814635515213 -1 -1 -1 -1 -1 -1 -1 -1 -1
0.5508022308349609 0.5960089564323425 0.4508185386657715 -1 -1 -1 -1 -1 -1 -1 -1 -1
0.5010257959365845 0.5554327964782715 0.04785329848527908 -1 -1 -1 -1 -1 -1 -1 -1 -1
0.5701979994773865 0.5956931114196777 0.11688634753227234 -1 -1 -1 -1 -1 -1 -1 -1 -1
1 
33 
-1 -1 -1 -1 -1 -1 -1 -1 -1 -1
0.5064988136291504 0.3798476755619049 0.9705128073692322 -1 -1 -1 -1 -1 -1 -1 -1 -1
0.5075071454048157 0.37272173166275024 0.9827749133110046 -1 -1 -1 -1 -1 -1 -1 -1 -1
0.5078029632568359 0.37214016914367676 0.9817121028900146 -1 -1 -1 -1 -1 -1 -1 -1 -1
0.5080996751785278 0.3715737760066986 0.9861276149749756 -1 -1 -1 -1 -1 -1 -1 -1 -1
0.5068344473838806 0.37396782636642456 0.9685958623886108 -1 -1 -1 -1 -1 -1 -1 -1 -1
0.5065658092498779 0.37428998947143555 0.9607903957366943 -1 -1 -1 -1 -1 -1 -1 -1 -1
0.5063076615333557 0.37459003925323486 0.9718888401985168 -1 -1 -1 -1 -1 -1 -1 -1 -1
0.5078486204147339 0.37207695841789246 0.9904060959815979 -1 -1 -1 -1 -1 -1 -1 -1 -1
0.5048589706420898 0.37692609429359436 0.9738001823425293 -1 -1 -1 -1 -1 -1 -1 -1 -1
0.5060864090919495 0.38573911786079407 0.9890232086181641 -1 -1 -1 -1 -1 -1 -1 -1 -1
0.505181074142456 0.3866482377052307 0.98619544506073 -1 -1 -1 -1 -1 -1 -1 -1 -1
0.5105594992637634 0.40004855394363403 0.999679684638977 -1 -1 -1 -1 -1 -1 -1 -1 -1
0.5014860033988953 0.41756606101989746 0.9990166425704956 -1 -1 -1 -1 -1 -1 -1 -1 -1
0.5370355844497681 0.4688313603401184 0.5193542838096619 -1 -1 -1 -1 -1 -1 -1 -1 -1
0.5166835784912109 0.47940951585769653 0.06257972866296768 -1 -1 -1 -1 -1 -1 -1 -1 -1
0.5375186800956726 0.5045535564422607 0.3313632905483246 -1 -1 -1 -1 -1 -1 -1 -1 -1
0.5306313633918762 0.4935890734195709 0.07663322240114212 -1 -1 -1 -1 -1 -1 -1 -1 -1
0.538545548915863 0.5169798731803894 0.2606911361217499 -1 -1 -1 -1 -1 -1 -1 -1 -1
0.5363066792488098 0.49933117628097534 0.08388741314411163 -1 -1 -1 -1 -1 -1 -1 -1 -1
0.535947322845459 0.5123137831687927 0.2591032087802887 -1 -1 -1 -1 -1 -1 -1 -1 -1
0.5337810516357422 0.4947547912597656 0.08614672720432281 -1 -1 -1 -1 -1 -1 -1 -1 -1
0.53477543592453 0.50773686170578 0.2123580425977707 -1 -1 -1 -1 -1 -1 -1 -1 -1
0.5313875079154968 0.4918346703052521 0.08515394479036331 -1 -1 -1 -1 -1 -1 -1 -1 -1
0.5428958535194397 0.4960325062274933 0.999941349029541 -1 -1 -1 -1 -1 -1 -1 -1 -1
0.5407978296279907 0.5062564611434937 0.9999090433120728 -1 -1 -1 -1 -1 -1 -1 -1 -1
0.5404050350189209 0.49474993348121643 0.2763180732727051 -1 -1 -1 -1 -1 -1 -1 -1 -1
0.5615589022636414 0.5104493498802185 0.09917104244232178 -1 -1 -1 -1 -1 -1 -1 -1 -1
0.585056722164154 0.5248404145240784 0.4182409346103668 -1 -1 -1 -1 -1 -1 -1 -1 -1
0.5946338176727295 0.5361763834953308 0.19889815151691437 -1 -1 -1 -1 -1 -1 -1 -1 -1
0.5915319919586182 0.5289754271507263 0.5184449553489685 -1 -1 -1 -1 -1 -1 -1 -1 -1
0.5980018973350525 0.5409098267555237 0.22431789338588715 -1 -1 -1 -1 -1 -1 -1 -1 -1
0.6018677353858948 0.5325546264648438 0.5654404163360596 -1 -1 -1 -1 -1 -1 -1 -1 -1
0.6117411255836487 0.5408827662467957 0.2733666002750397 -1 -1 -1 -1 -1 -1 -1 -1 -1
1 
33 
-1 -1 -1 -1 -1 -1 -1 -1 -1 -1
0.5567219257354736 0.41919195652008057 0.9773052930831909 -1 -1 -1 -1 -1 -1 -1 -1 -1
0.5575075149536133 0.42229577898979187 0.9764593243598938 -1 -1 -1 -1 -1 -1 -1 -1 -1
0.5572617650032043 0.42245787382125854 0.9740999937057495 -1 -1 -1 -1 -1 -1 -1 -1 -1
0.557010293006897 0.42261263728141785 0.9747649431228638 -1 -1 -1 -1 -1 -1 -1 -1 -1
0.5578442215919495 0.42253682017326355 0.9753894805908203 -1 -1 -1 -1 -1 -1 -1 -1 -1
0.5578477382659912 0.4227701723575592 0.9749184846878052 -1 -1 -1 -1 -1 -1 -1 -1 -1
0.5578612089157104 0.42299628257751465 0.9760997295379639 -1 -1 -1 -1 -1 -1 -1 -1 -1
0.5547857880592346 0.4236772954463959 0.9738614559173584 -1 -1 -1 -1 -1 -1 -1 -1 -1
0.5559240579605103 0.42435526847839355 0.9549736380577087 -1 -1 -1 -1 -1 -1 -1 -1 -1
0.5543919205665588 0.4175110459327698 0.9515352249145508 -1 -1 -1 -1 -1 -1 -1 -1 -1
0.5547277927398682 0.4177454710006714 0.9445906281471252 -1 -1 -1 -1 -1 -1 -1 -1 -1
0.5440852046012878 0.41918137669563293 0.9238099455833435 -1 -1 -1 -1 -1 -1 -1 -1 -1
0.55054771900177 0.4134754538536072 0.9873055219650269 -1 -1 -1 -1 -1 -1 -1 -1 -1
0.5405359864234924 0.4118421673774719 0.45573756098747253 -1 -1 -1 -1 -1 -1 -1 -1 -1
0.550594687461853 0.39586541056632996 0.5449854731559753 -1 -1 -1 -1 -1 -1 -1 -1 -1
0.5498231053352356 0.39631563425064087 0.17886343598365784 -1 -1 -1 -1 -1 -1 -1 -1 -1
0.5556594133377075 0.3747141361236572 0.379349946975708 -1 -1 -1 -1 -1 -1 -1 -1 -1
0.5521413683891296 0.39193928241729736 0.1434917449951172 -1 -1 -1 -1 -1 -1 -1 -1 -1
0.55808424949646 0.370354562997818 0.3701448142528534 -1 -1 -1 -1 -1 -1 -1 -1 -1
0.5532839894294739 0.39272499084472656 0.13459646701812744 -1 -1 -1 -1 -1 -1 -1 -1 -1
0.5576376914978027 0.36895501613616943 0.37882936000823975 -1 -1 -1 -1 -1 -1 -1 -1 -1
0.5524027347564697 0.39420491456985474 0.1223430261015892 -1 -1 -1 -1 -1 -1 -1 -1 -1
0.5565120577812195 0.3704065978527069 0.39840415120124817 -1 -1 -1 -1 -1 -1 -1 -1 -1
0.5258113145828247 0.3988136649131775 0.8213273286819458 -1 -1 -1 -1 -1 -1 -1 -1 -1
0.5274897813796997 0.39969998598098755 0.8195656538009644 -1 -1 -1 -1 -1 -1 -1 -1 -1
0.5462030172348022 0.4176195561885834 0.16223794221878052 -1 -1 -1 -1 -1 -1 -1 -1 -1
0.5433430075645447 0.42362117767333984 0.11573071032762527 -1 -1 -1 -1 -1 -1 -1 -1 -1
0.5569888949394226 0.43963250517845154 0.1688080132007599 -1 -1 -1 -1 -1 -1 -1 -1 -1
0.553482711315155 0.4495677649974823 0.1391671895980835 -1 -1 -1 -1 -1 -1 -1 -1 -1
0.5579372644424438 0.44073522090911865 0.15863056480884552 -1 -1 -1 -1 -1 -1 -1 -1 -1
0.5548997521400452 0.45114362239837646 0.14351995289325714 -1 -1 -1 -1 -1 -1 -1 -1 -1
0.5625741481781006 0.450864315032959 0.20240075886249542 -1 -1 -1 -1 -1 -1 -1 -1 -1
0.5588482618331909 0.46089407801628113 0.17767833173274994 -1 -1 -1 -1 -1 -1 -1 -1 -1
1 
33 
-1 -1 -1 -1 -1 -1 -1 -1 -1 -1
0.5826097130775452 0.27212846279144287 0.5551841855049133 -1 -1 -1 -1 -1 -1 -1 -1 -1
0.5808137655258179 0.26673293113708496 0.6217398047447205 -1 -1 -1 -1 -1 -1 -1 -1 -1
0.5800326466560364 0.2657887935638428 0.6028380990028381 -1 -1 -1 -1 -1 -1 -1 -1 -1
0.5792728662490845 0.2648858428001404 0.6593427658081055 -1 -1 -1 -1 -1 -1 -1 -1 -1
0.5814663767814636 0.2675468325614929 0.601283073425293 -1 -1 -1 -1 -1 -1 -1 -1 -1
0.5811809301376343 0.2671239972114563 0.5616504549980164 -1 -1 -1 -1 -1 -1 -1 -1 -1
0.5809181332588196 0.2667205333709717 0.6326338052749634 -1 -1 -1 -1 -1 -1 -1 -1 -1
0.5727956891059875 0.2601127624511719 0.5551279783248901 -1 -1 -1 -1 -1 -1 -1 -1 -1
0.5742066502571106 0.2631792426109314 0.5372980237007141 -1 -1 -1 -1 -1 -1 -1 -1 -1
0.5780166983604431 0.274008572101593 0.7105884552001953 -1 -1 -1 -1 -1 -1 -1 -1 -1
0.5786604285240173 0.27475351095199585 0.670719563961029 -1 -1 -1 -1 -1 -1 -1 -1 -1
0.5550214648246765 0.2843400835990906 0.996088981628418 -1 -1 -1 -1 -1 -1 -1 -1 -1
0.5603131651878357 0.28096622228622437 0.9993875026702881 -1 -1 -1 -1 -1 -1 -1 -1 -1
0.552445113658905 0.35539552569389343 0.009878059849143028 -1 -1 -1 -1 -1 -1 -1 -1 -1
0.5524468421936035 0.35031935572624207 0.11592110991477966 -1 -1 -1 -1 -1 -1 -1 -1 -1
0.559196412563324 0.4055623412132263 0.009286504238843918 -1 -1 -1 -1 -1 -1 -1 -1 -1
0.5710551142692566 0.3910444676876068 0.15296445786952972 -1 -1 -1 -1 -1 -1 -1 -1 -1
0.5584985613822937 0.41652941703796387 0.01131993718445301 -1 -1 -1 -1 -1 -1 -1 -1 -1
0.5752636194229126 0.4042183458805084 0.21186435222625732 -1 -1 -1 -1 -1 -1 -1 -1 -1
0.5608175992965698 0.4147188663482666 0.012210887856781483 -1 -1 -1 -1 -1 -1 -1 -1 -1
0.5796549916267395 0.39578431844711304 0.19854553043842316 -1 -1 -1 -1 -1 -1 -1 -1 -1
0.561437726020813 0.4104280471801758 0.013408023864030838 -1 -1 -1 -1 -1 -1 -1 -1 -1
0.5772465467453003 0.3899199366569519 0.15081103146076202 -1 -1 -1 -1 -1 -1 -1 -1 -1
0.525559663772583 0.3857493996620178 0.9999468326568604 -1 -1 -1 -1 -1 -1 -1 -1 -1
0.5284276604652405 0.3788086473941803 0.9999727010726929 -1 -1 -1 -1 -1 -1 -1 -1 -1
0.5342473387718201 0.425448477268219 0.1256909817457199 -1 -1 -1 -1 -1 -1 -1 -1 -1
0.5325819253921509 0.445888876914978 0.13087038695812225 -1 -1 -1 -1 -1 -1 -1 -1 -1
0.5452385544776917 0.4619607627391815 0.051982760429382324 -1 -1 -1 -1 -1 -1 -1 -1 -1
0.5415487885475159 0.4722910523414612 0.05298393964767456 -1 -1 -1 -1 -1 -1 -1 -1 -1
0.5444290041923523 0.46337002515792847 0.15202979743480682 -1 -1 -1 -1 -1 -1 -1 -1 -1
0.5394008159637451 0.47434476017951965 0.12364237755537033 -1 -1 -1 -1 -1 -1 -1 -1 -1
0.5535269975662231 0.48579269647598267 0.12620314955711365 -1 -1 -1 -1 -1 -1 -1 -1 -1
0.5545639395713806 0.4938530921936035 0.1567145586013794 -1 -1 -1 -1 -1 -1 -1 -1 -1
1 
33 
-1 -1 -1 -1 -1 -1 -1 -1 -1 -1
0.5163241624832153 0.4142390191555023 0.7672439217567444 -1 -1 -1 -1 -1 -1 -1 -1 -1
0.5185015201568604 0.41311129927635193 0.8647484183311462 -1 -1 -1 -1 -1 -1 -1 -1 -1
0.5202334523200989 0.41208598017692566 0.8795915246009827 -1 -1 -1 -1 -1 -1 -1 -1 -1
0.5219859480857849 0.4111185669898987 0.8775753974914551 -1 -1 -1 -1 -1 -1 -1 -1 -1
0.5139986276626587 0.4159550666809082 0.8787977695465088 -1 -1 -1 -1 -1 -1 -1 -1 -1
0.5126043558120728 0.41690850257873535 0.885450541973114 -1 -1 -1 -1 -1 -1 -1 -1 -1
0.511240541934967 0.41790327429771423 0.8787515759468079 -1 -1 -1 -1 -1 -1 -1 -1 -1
0.5270234942436218 0.4036845862865448 0.9457942843437195 -1 -1 -1 -1 -1 -1 -1 -1 -1
0.5102339386940002 0.41296079754829407 0.9286219477653503 -1 -1 -1 -1 -1 -1 -1 -1 -1
0.5201997756958008 0.4101913869380951 0.8727776408195496 -1 -1 -1 -1 -1 -1 -1 -1 -1
0.5156476497650146 0.41373690962791443 0.8540380001068115 -1 -1 -1 -1 -1 -1 -1 -1 -1
0.5448101162910461 0.3754105269908905 0.9986903071403503 -1 -1 -1 -1 -1 -1 -1 -1 -1
0.5000497698783875 0.3930164575576782 0.9947925209999084 -1 -1 -1 -1 -1 -1 -1 -1 -1
0.5595226883888245 0.37223997712135315 0.5264613032341003 -1 -1 -1 -1 -1 -1 -1 -1 -1
0.5094559788703918 0.39391735196113586 0.20949095487594604 -1 -1 -1 -1 -1 -1 -1 -1 -1
0.5456523299217224 0.392323762178421 0.377546101808548 -1 -1 -1 -1 -1 -1 -1 -1 -1
0.5415021181106567 0.40945965051651 0.23501603305339813 -1 -1 -1 -1 -1 -1 -1 -1 -1
0.542508065700531 0.40200161933898926 0.33275818824768066 -1 -1 -1 -1 -1 -1 -1 -1 -1
0.5475501418113708 0.41906875371932983 0.27908942103385925 -1 -1 -1 -1 -1 -1 -1 -1 -1
0.5390472412109375 0.39899179339408875 0.32478055357933044 -1 -1 -1 -1 -1 -1 -1 -1 -1
0.5521588325500488 0.4146220088005066 0.27473184466362 -1 -1 -1 -1 -1 -1 -1 -1 -1
0.5396055579185486 0.3964296579360962 0.2857825756072998 -1 -1 -1 -1 -1 -1 -1 -1 -1
0.5511635541915894 0.41014450788497925 0.269061416387558 -1 -1 -1 -1 -1 -1 -1 -1 -1
0.537183403968811 0.37048718333244324 0.9999806880950928 -1 -1 -1 -1 -1 -1 -1 -1 -1
0.5083445906639099 0.37403061985969543 0.9999750852584839 -1 -1 -1 -1 -1 -1 -1 -1 -1
0.5624567866325378 0.40963172912597656 0.20568664371967316 -1 -1 -1 -1 -1 -1 -1 -1 -1
0.5322074294090271 0.42570048570632935 0.15656320750713348 -1 -1 -1 -1 -1 -1 -1 -1 -1
0.5705347061157227 0.4193677604198456 0.16536790132522583 -1 -1 -1 -1 -1 -1 -1 -1 -1
0.5368621349334717 0.4313226044178009 0.1383717656135559 -1 -1 -1 -1 -1 -1 -1 -1 -1
0.5695160627365112 0.41813233494758606 0.1918986737728119 -1 -1 -1 -1 -1 -1 -1 -1 -1
0.5370814204216003 0.4275531470775604 0.11522004008293152 -1 -1 -1 -1 -1 -1 -1 -1 -1
0.5797944664955139 0.4390219748020172 0.19014249742031097 -1 -1 -1 -1 -1 -1 -1 -1 -1
0.5447710156440735 0.45237213373184204 0.15297304093837738 -1 -1 -1 -1 -1 -1 -1 -1 -1
1 
33 
-1 -1 -1 -1 -1 -1 -1 -1 -1 -1
0.5438582897186279 0.35464537143707275 0.997156023979187 -1 -1 -1 -1 -1 -1 -1 -1 -1
0.5475619435310364 0.352834016084671 0.9984731078147888 -1 -1 -1 -1 -1 -1 -1 -1 -1
0.5483083724975586 0.354525625705719 0.9972180128097534 -1 -1 -1 -1 -1 -1 -1 -1 -1
0.5490514636039734 0.356232225894928 0.9979758858680725 -1 -1 -1 -1 -1 -1 -1 -1 -1
0.5454526543617249 0.34760886430740356 0.9990139007568359 -1 -1 -1 -1 -1 -1 -1 -1 -1
0.5446177124977112 0.3454267084598541 0.9984462857246399 -1 -1 -1 -1 -1 -1 -1 -1 -1
0.543786883354187 0.3432742655277252 0.9990204572677612 -1 -1 -1 -1 -1 -1 -1 -1 -1
0.5476776957511902 0.35542529821395874 0.9975132942199707 -1 -1 -1 -1 -1 -1 -1 -1 -1
0.5403316617012024 0.3377440273761749 0.9989455342292786 -1 -1 -1 -1 -1 -1 -1 -1 -1
0.5416111946105957 0.3585805594921112 0.9950366616249084 -1 -1 -1 -1 -1 -1 -1 -1 -1
0.5390338897705078 0.3515152335166931 0.9983931183815002 -1 -1 -1 -1 -1 -1 -1 -1 -1
0.5383210182189941 0.36343055963516235 0.9955825209617615 -1 -1 -1 -1 -1 -1 -1 -1 -1
0.5195314288139343 0.33702877163887024 0.9979382157325745 -1 -1 -1 -1 -1 -1 -1 -1 -1
0.5320693254470825 0.39792951941490173 0.30696389079093933 -1 -1 -1 -1 -1 -1 -1 -1 -1
0.49741584062576294 0.35350996255874634 0.6233380436897278 -1 -1 -1 -1 -1 -1 -1 -1 -1
0.5310405492782593 0.40407595038414 0.1406380534172058 -1 -1 -1 -1 -1 -1 -1 -1 -1
0.5070376992225647 0.37537312507629395 0.4318637549877167 -1 -1 -1 -1 -1 -1 -1 -1 -1
0.5312792658805847 0.4051419496536255 0.10863301157951355 -1 -1 -1 -1 -1 -1 -1 -1 -1
0.508607804775238 0.3820223808288574 0.3252449929714203 -1 -1 -1 -1 -1 -1 -1 -1 -1
0.5319060683250427 0.4017311930656433 0.11836408078670502 -1 -1 -1 -1 -1 -1 -1 -1 -1
0.5136401057243347 0.3801393508911133 0.32876166701316833 -1 -1 -1 -1 -1 -1 -1 -1 -1
0.5310379862785339 0.4010380506515503 0.11702314764261246 -1 -1 -1 -1 -1 -1 -1 -1 -1
0.5132653713226318 0.37769171595573425 0.29478371143341064 -1 -1 -1 -1 -1 -1 -1 -1 -1
0.5090367197990417 0.38677480816841125 0.993100643157959 -1 -1 -1 -1 -1 -1 -1 -1 -1
0.49812212586402893 0.3774433135986328 0.9951868653297424 -1 -1 -1 -1 -1 -1 -1 -1 -1
0.516270101070404 0.4087136685848236 0.2856072187423706 -1 -1 -1 -1 -1 -1 -1 -1 -1
0.496500700712204 0.391884446144104 0.11164455860853195 -1 -1 -1 -1 -1 -1 -1 -1 -1
0.5069201588630676 0.40392422676086426 0.17295290529727936 -1 -1 -1 -1 -1 -1 -1 -1 -1
0.48971840739250183 0.3955102264881134 0.05122586339712143 -1 -1 -1 -1 -1 -1 -1 -1 -1
0.5044527053833008 0.4017203748226166 0.2007596343755722 -1 -1 -1 -1 -1 -1 -1 -1 -1
0.4888334274291992 0.395995169878006 0.0338338166475296 -1 -1 -1 -1 -1 -1 -1 -1 -1
0.5056474208831787 0.41378891468048096 0.24849145114421844 -1 -1 -1 -1 -1 -1 -1 -1 -1
0.4875745475292206 0.4077662229537964 0.08059842139482498 -1 -1 -1 -1 -1 -1 -1 -1 -1
1 
33 
-1 -1 -1 -1 -1 -1 -1 -1 -1 -1
0.5088431239128113 0.34603360295295715 0.9922900795936584 -1 -1 -1 -1 -1 -1 -1 -1 -1
0.509617030620575 0.3454766273498535 0.9905850291252136 -1 -1 -1 -1 -1 -1 -1 -1 -1
0.5096463561058044 0.34575968980789185 0.987478494644165 -1 -1 -1 -1 -1 -1 -1 -1 -1
0.5096766352653503 0.34605130553245544 0.992448091506958 -1 -1 -1 -1 -1 -1 -1 -1 -1
0.5093171000480652 0.34457236528396606 0.9894499182701111 -1 -1 -1 -1 -1 -1 -1 -1 -1
0.5091378688812256 0.34419548511505127 0.9842413067817688 -1 -1 -1 -1 -1 -1 -1 -1 -1
0.5089584589004517 0.34382617473602295 0.9884129166603088 -1 -1 -1 -1 -1 -1 -1 -1 -1
0.5083876252174377 0.34671923518180847 0.9928756952285767 -1 -1 -1 -1 -1 -1 -1 -1 -1
0.5074723958969116 0.34390348196029663 0.989991307258606 -1 -1 -1 -1 -1 -1 -1 -1 -1
0.5076031684875488 0.3475430905818939 0.9908541440963745 -1 -1 -1 -1 -1 -1 -1 -1 -1
0.507168173789978 0.34625422954559326 0.9908571839332581 -1 -1 -1 -1 -1 -1 -1 -1 -1
0.5031527876853943 0.35469773411750793 0.9913837909698486 -1 -1 -1 -1 -1 -1 -1 -1 -1
0.5013498663902283 0.34781861305236816 0.965247392654419 -1 -1 -1 -1 -1 -1 -1 -1 -1
0.506028413772583 0.3553583323955536 0.6074185371398926 -1 -1 -1 -1 -1 -1 -1 -1 -1
0.5074681639671326 0.3418232500553131 0.4871959984302521 -1 -1 -1 -1 -1 -1 -1 -1 -1
0.5096732378005981 0.3512847423553467 0.22492244839668274 -1 -1 -1 -1 -1 -1 -1 -1 -1
0.5112988948822021 0.3409774899482727 0.1494549959897995 -1 -1 -1 -1 -1 -1 -1 -1 -1
0.5106322765350342 0.3502025008201599 0.1821153461933136 -1 -1 -1 -1 -1 -1 -1 -1 -1
0.512049674987793 0.34086623787879944 0.1262740045785904 -1 -1 -1 -1 -1 -1 -1 -1 -1
0.5106054544448853 0.35057544708251953 0.17792783677577972 -1 -1 -1 -1 -1 -1 -1 -1 -1
0.5111920833587646 0.3418954908847809 0.12721771001815796 -1 -1 -1 -1 -1 -1 -1 -1 -1
0.5100119709968567 0.3509787619113922 0.1869196742773056 -1 -1 -1 -1 -1 -1 -1 -1 -1
0.5107666254043579 0.34205546975135803 0.13210150599479675 -1 -1 -1 -1 -1 -1 -1 -1 -1
0.4886074662208557 0.37735992670059204 0.99899822473526 -1 -1 -1 -1 -1 -1 -1 -1 -1
0.4863486588001251 0.37185895442962646 0.9980267882347107 -1 -1 -1 -1 -1 -1 -1 -1 -1
0.48204559087753296 0.39962533116340637 0.6565946936607361 -1 -1 -1 -1 -1 -1 -1 -1 -1
0.48122474551200867 0.38689491152763367 0.6621591448783875 -1 -1 -1 -1 -1 -1 -1 -1 -1
0.4727858006954193 0.3991645574569702 0.41170233488082886 -1 -1 -1 -1 -1 -1 -1 -1 -1
0.47208473086357117 0.3972437083721161 0.6951324343681335 -1 -1 -1 -1 -1 -1 -1 -1 -1
0.47190070152282715 0.3978421092033386 0.4189757704734802 -1 -1 -1 -1 -1 -1 -1 -1 -1
0.47171181440353394 0.39748889207839966 0.6459477543830872 -1 -1 -1 -1 -1 -1 -1 -1 -1
0.4690742492675781 0.4028940796852112 0.46467238664627075 -1 -1 -1 -1 -1 -1 -1 -1 -1
0.4668237566947937 0.40354108810424805 0.7284665107727051 -1 -1 -1 -1 -1 -1 -1 -1 -1
1 
33 
-1 -1 -1 -1 -1 -1 -1 -1 -1 -1
0.5133881568908691 0.2630506753921509 0.9693697690963745 -1 -1 -1 -1 -1 -1 -1 -1 -1
0.5163346529006958 0.2520156502723694 0.9839057326316833 -1 -1 -1 -1 -1 -1 -1 -1 -1
0.5207661390304565 0.25450199842453003 0.9872699975967407 -1 -1 -1 -1 -1 -1 -1 -1 -1
0.5240468978881836 0.26629161834716797 0.9866313338279724 -1 -1 -1 -1 -1 -1 -1 -1 -1
0.5150072574615479 0.25120681524276733 0.9758694767951965 -1 -1 -1 -1 -1 -1 -1 -1 -1
0.5141191482543945 0.2588944435119629 0.9741920232772827 -1 -1 -1 -1 -1 -1 -1 -1 -1
0.5129832029342651 0.2576688528060913 0.9716476202011108 -1 -1 -1 -1 -1 -1 -1 -1 -1
0.5309325456619263 0.2724878191947937 0.9855828285217285 -1 -1 -1 -1 -1 -1 -1 -1 -1
0.5161468982696533 0.2606496214866638 0.9514188766479492 -1 -1 -1 -1 -1 -1 -1 -1 -1
0.5172047019004822 0.28684622049331665 0.9422898292541504 -1 -1 -1 -1 -1 -1 -1 -1 -1
0.5110649466514587 0.2827857732772827 0.8926807641983032 -1 -1 -1 -1 -1 -1 -1 -1 -1
0.5465746521949768 0.3322795033454895 0.999213457107544 -1 -1 -1 -1 -1 -1 -1 -1 -1
0.49912184476852417 0.30032891035079956 0.9949246644973755 -1 -1 -1 -1 -1 -1 -1 -1 -1
0.5306493043899536 0.4117494225502014 0.8127040863037109 -1 -1 -1 -1 -1 -1 -1 -1 -1
0.4841102659702301 0.36464399099349976 0.1357206404209137 -1 -1 -1 -1 -1 -1 -1 -1 -1
0.5010809898376465 0.400229811668396 0.6652792096138 -1 -1 -1 -1 -1 -1 -1 -1 -1
0.48334479331970215 0.3846226930618286 0.2436496466398239 -1 -1 -1 -1 -1 -1 -1 -1 -1
0.49197670817375183 0.40213194489479065 0.6032776832580566 -1 -1 -1 -1 -1 -1 -1 -1 -1
0.48264846205711365 0.39124929904937744 0.3089922368526459 -1 -1 -1 -1 -1 -1 -1 -1 -1
0.49202677607536316 0.39284372329711914 0.5915089845657349 -1 -1 -1 -1 -1 -1 -1 -1 -1
0.4842798113822937 0.3897935152053833 0.3201788663864136 -1 -1 -1 -1 -1 -1 -1 -1 -1
0.4950564503669739 0.39096230268478394 0.494937539100647 -1 -1 -1 -1 -1 -1 -1 -1 -1
0.4860388934612274 0.38685131072998047 0.2907840609550476 -1 -1 -1 -1 -1 -1 -1 -1 -1
0.5252814888954163 0.4311240613460541 0.9988719820976257 -1 -1 -1 -1 -1 -1 -1 -1 -1
0.49712270498275757 0.4147493541240692 0.9975762963294983 -1 -1 -1 -1 -1 -1 -1 -1 -1
0.5092357397079468 0.44951286911964417 0.14155778288841248 -1 -1 -1 -1 -1 -1 -1 -1 -1
0.4821661114692688 0.431930273771286 0.04531766101717949 -1 -1 -1 -1 -1 -1 -1 -1 -1
0.49799981713294983 0.4765969514846802 0.24597206711769104 -1 -1 -1 -1 -1 -1 -1 -1 -1
0.4830884337425232 0.47259706258773804 0.08900034427642822 -1 -1 -1 -1 -1 -1 -1 -1 -1
0.49731945991516113 0.4829370975494385 0.34689271450042725 -1 -1 -1 -1 -1 -1 -1 -1 -1
0.48731333017349243 0.4795910716056824 0.1133032962679863 -1 -1 -1 -1 -1 -1 -1 -1 -1
0.4886162579059601 0.4899640381336212 0.2664857506752014 -1 -1 -1 -1 -1 -1 -1 -1 -1
0.4686483144760132 0.49154528975486755 0.09281204640865326 -1 -1 -1 -1 -1 -1 -1 -1 -1
1 
33 
-1 -1 -1 -1 -1 -1 -1 -1 -1 -1
0.5071297883987427 0.36839595437049866 0.9875571727752686 -1 -1 -1 -1 -1 -1 -1 -1 -1
0.5053593516349792 0.36318156123161316 0.9892551898956299 -1 -1 -1 -1 -1 -1 -1 -1 -1
0.5057258605957031 0.3594737648963928 0.9856964349746704 -1 -1 -1 -1 -1 -1 -1 -1 -1
0.5060756206512451 0.3557618260383606 0.9891369342803955 -1 -1 -1 -1 -1 -1 -1 -1 -1
0.5048666596412659 0.37232568860054016 0.9879845380783081 -1 -1 -1 -1 -1 -1 -1 -1 -1
0.5049842000007629 0.37511706352233887 0.9837571978569031 -1 -1 -1 -1 -1 -1 -1 -1 -1
0.5051132440567017 0.3779926896095276 0.9866025447845459 -1 -1 -1 -1 -1 -1 -1 -1 -1
0.5088146328926086 0.3454512655735016 0.9900064468383789 -1 -1 -1 -1 -1 -1 -1 -1 -1
0.5067651271820068 0.3763793110847473 0.9901700615882874 -1 -1 -1 -1 -1 -1 -1 -1 -1
0.5097792744636536 0.3598872125148773 0.9947167038917542 -1 -1 -1 -1 -1 -1 -1 -1 -1
0.5095906257629395 0.36987435817718506 0.9951034784317017 -1 -1 -1 -1 -1 -1 -1 -1 -1
0.5168302655220032 0.3026069402694702 0.9998630285263062 -1 -1 -1 -1 -1 -1 -1 -1 -1
0.5170799493789673 0.3964691758155823 0.9997093081474304 -1 -1 -1 -1 -1 -1 -1 -1 -1
0.5063576102256775 0.3122906982898712 0.5901820659637451 -1 -1 -1 -1 -1 -1 -1 -1 -1
0.5106440186500549 0.4127911627292633 0.4884718954563141 -1 -1 -1 -1 -1 -1 -1 -1 -1
0.5017074346542358 0.367758184671402 0.2724088430404663 -1 -1 -1 -1 -1 -1 -1 -1 -1
0.49939054250717163 0.4035390615463257 0.21068532764911652 -1 -1 -1 -1 -1 -1 -1 -1 -1
0.5019462704658508 0.37740927934646606 0.19123008847236633 -1 -1 -1 -1 -1 -1 -1 -1 -1
0.4953109622001648 0.40243345499038696 0.15420563519001007 -1 -1 -1 -1 -1 -1 -1 -1 -1
0.502314567565918 0.38700369000434875 0.21199601888656616 -1 -1 -1 -1 -1 -1 -1 -1 -1
0.4957677721977234 0.3953377902507782 0.15789449214935303 -1 -1 -1 -1 -1 -1 -1 -1 -1
0.5021970868110657 0.38531896471977234 0.19523026049137115 -1 -1 -1 -1 -1 -1 -1 -1 -1
0.49795079231262207 0.39319804310798645 0.15758542716503143 -1 -1 -1 -1 -1 -1 -1 -1 -1
0.4716808497905731 0.3295893669128418 0.9998805522918701 -1 -1 -1 -1 -1 -1 -1 -1 -1
0.4724409580230713 0.3864480257034302 0.9998347759246826 -1 -1 -1 -1 -1 -1 -1 -1 -1
0.4749118685722351 0.32741987705230713 0.7153234481811523 -1 -1 -1 -1 -1 -1 -1 -1 -1
0.46351757645606995 0.38768336176872253 0.39476752281188965 -1 -1 -1 -1 -1 -1 -1 -1 -1
0.44338542222976685 0.3457891345024109 0.42112940549850464 -1 -1 -1 -1 -1 -1 -1 -1 -1
0.44355690479278564 0.3890873193740845 0.22430351376533508 -1 -1 -1 -1 -1 -1 -1 -1 -1
0.436075896024704 0.3499961197376251 0.453176885843277 -1 -1 -1 -1 -1 -1 -1 -1 -1
0.4399392008781433 0.3884924054145813 0.27492111921310425 -1 -1 -1 -1 -1 -1 -1 -1 -1
0.44837936758995056 0.3479348123073578 0.2571232318878174 -1 -1 -1 -1 -1 -1 -1 -1 -1
0.44596490263938904 0.3896445631980896 0.13196370005607605 -1 -1 -1 -1 -1 -1 -1 -1 -1
1 
33 
-1 -1 -1 -1 -1 -1 -1 -1 -1 -1
0.5232537984848022 0.40599414706230164 0.997775137424469 -1 -1 -1 -1 -1 -1 -1 -1 -1
0.5252190828323364 0.4033055603504181 0.9981369972229004 -1 -1 -1 -1 -1 -1 -1 -1 -1
0.5259459018707275 0.40170052647590637 0.9974240064620972 -1 -1 -1 -1 -1 -1 -1 -1 -1
0.5266565084457397 0.40009820461273193 0.9982998967170715 -1 -1 -1 -1 -1 -1 -1 -1 -1
0.5230861306190491 0.40595319867134094 0.9984558820724487 -1 -1 -1 -1 -1 -1 -1 -1 -1
0.522377610206604 0.405875027179718 0.9978014826774597 -1 -1 -1 -1 -1 -1 -1 -1 -1
0.5216490030288696 0.40584248304367065 0.9982632994651794 -1 -1 -1 -1 -1 -1 -1 -1 -1
0.5265679359436035 0.3852674067020416 0.9965497255325317 -1 -1 -1 -1 -1 -1 -1 -1 -1
0.5189806818962097 0.39371955394744873 0.9976112842559814 -1 -1 -1 -1 -1 -1 -1 -1 -1
0.5219113826751709 0.39679858088493347 0.9970934391021729 -1 -1 -1 -1 -1 -1 -1 -1 -1
0.520421028137207 0.399333119392395 0.9970447421073914 -1 -1 -1 -1 -1 -1 -1 -1 -1
0.5266901254653931 0.343482106924057 0.9991388320922852 -1 -1 -1 -1 -1 -1 -1 -1 -1
0.49819597601890564 0.3753708004951477 0.996355414390564 -1 -1 -1 -1 -1 -1 -1 -1 -1
0.5305759906768799 0.3819599151611328 0.38213711977005005 -1 -1 -1 -1 -1 -1 -1 -1 -1
0.4962778687477112 0.41838571429252625 0.6125848889350891 -1 -1 -1 -1 -1 -1 -1 -1 -1
0.5366950631141663 0.4458882212638855 0.6471449136734009 -1 -1 -1 -1 -1 -1 -1 -1 -1
0.5237640142440796 0.441959410905838 0.5710716843605042 -1 -1 -1 -1 -1 -1 -1 -1 -1
0.542090654373169 0.45902219414711 0.638227105140686 -1 -1 -1 -1 -1 -1 -1 -1 -1
0.5290446281433105 0.45068734884262085 0.5458235144615173 -1 -1 -1 -1 -1 -1 -1 -1 -1
0.5379449725151062 0.46309828758239746 0.6846132874488831 -1 -1 -1 -1 -1 -1 -1 -1 -1
0.5317943096160889 0.4437265694141388 0.5446166396141052 -1 -1 -1 -1 -1 -1 -1 -1 -1
0.5348311066627502 0.4581218361854553 0.628030002117157 -1 -1 -1 -1 -1 -1 -1 -1 -1
0.5304970145225525 0.43973371386528015 0.5000932812690735 -1 -1 -1 -1 -1 -1 -1 -1 -1
0.4546257555484772 0.3487136662006378 0.997694194316864 -1 -1 -1 -1 -1 -1 -1 -1 -1
0.4393969774246216 0.36747825145721436 0.9981380701065063 -1 -1 -1 -1 -1 -1 -1 -1 -1
0.4747219681739807 0.35127881169319153 0.051182013005018234 -1 -1 -1 -1 -1 -1 -1 -1 -1
0.45520874857902527 0.3805484175682068 0.07816891372203827 -1 -1 -1 -1 -1 -1 -1 -1 -1
0.4757852852344513 0.34962013363838196 0.058903515338897705 -1 -1 -1 -1 -1 -1 -1 -1 -1
0.46427857875823975 0.3673717677593231 0.03806042671203613 -1 -1 -1 -1 -1 -1 -1 -1 -1
0.4740275740623474 0.34408658742904663 0.07448640465736389 -1 -1 -1 -1 -1 -1 -1 -1 -1
0.46532538533210754 0.36293497681617737 0.04162566363811493 -1 -1 -1 -1 -1 -1 -1 -1 -1
0.48300713300704956 0.366800457239151 0.12241315096616745 -1 -1 -1 -1 -1 -1 -1 -1 -1
0.46975594758987427 0.379385381937027 0.07363062351942062 -1 -1 -1 -1 -1 -1 -1 -1 -1
1 
