25
1 
33 
-1 -1 -1 -1 -1 -1 -1 -1 -1 -1
0.5354305505752563 0.40301400423049927 0.9996333122253418 -1 -1 -1 -1 -1 -1 -1 -1 -1
0.5368011593818665 0.39240312576293945 0.9996131062507629 -1 -1 -1 -1 -1 -1 -1 -1 -1
0.5365161895751953 0.3915857672691345 0.9995670914649963 -1 -1 -1 -1 -1 -1 -1 -1 -1
0.536093533039093 0.3905683755874634 0.9996503591537476 -1 -1 -1 -1 -1 -1 -1 -1 -1
0.5359306931495667 0.3916643559932709 0.9997783303260803 -1 -1 -1 -1 -1 -1 -1 -1 -1
0.5351330041885376 0.3903971314430237 0.9997631907463074 -1 -1 -1 -1 -1 -1 -1 -1 -1
0.5342110991477966 0.38892269134521484 0.9998102784156799 -1 -1 -1 -1 -1 -1 -1 -1 -1
0.5275804400444031 0.3817133605480194 0.9996046423912048 -1 -1 -1 -1 -1 -1 -1 -1 -1
0.5261591672897339 0.3806585967540741 0.9998815059661865 -1 -1 -1 -1 -1 -1 -1 -1 -1
0.5306504368782043 0.4077110290527344 0.9996554851531982 -1 -1 -1 -1 -1 -1 -1 -1 -1
0.5296851992607117 0.4065675437450409 0.9998823404312134 -1 -1 -1 -1 -1 -1 -1 -1 -1
0.4992823302745819 0.4109821319580078 0.9994787573814392 -1 -1 -1 -1 -1 -1 -1 -1 -1
0.49577590823173523 0.40573644638061523 0.9999827146530151 -1 -1 -1 -1 -1 -1 -1 -1 -1
0.4952518045902252 0.46502822637557983 0.168890118598938 -1 -1 -1 -1 -1 -1 -1 -1 -1
0.44879183173179626 0.4118337631225586 0.9918509125709534 -1 -1 -1 -1 -1 -1 -1 -1 -1
0.4952775835990906 0.5146000981330872 0.22885625064373016 -1 -1 -1 -1 -1 -1 -1 -1 -1
0.4164483845233917 0.4425785541534424 0.9915286302566528 -1 -1 -1 -1 -1 -1 -1 -1 -1
0.4952593147754669 0.5273562669754028 0.2428407073020935 -1 -1 -1 -1 -1 -1 -1 -1 -1
0.4056016802787781 0.44746771454811096 0.9873615503311157 -1 -1 -1 -1 -1 -1 -1 -1 -1
0.49546974897384644 0.5225792527198792 0.24793854355812073 -1 -1 -1 -1 -1 -1 -1 -1 -1
0.42316126823425293 0.45872992277145386 0.9879629015922546 -1 -1 -1 -1 -1 -1 -1 -1 -1
0.49531394243240356 0.5195208787918091 0.2740219235420227 -1 -1 -1 -1 -1 -1 -1 -1 -1
0.42411819100379944 0.4490087926387787 0.9835785627365112 -1 -1 -1 -1 -1 -1 -1 -1 -1
0.46245336532592773 0.5381607413291931 0.9997771382331848 -1 -1 -1 -1 -1 -1 -1 -1 -1
0.46898192167282104 0.5336840152740479 0.9999027252197266 -1 -1 -1 -1 -1 -1 -1 -1 -1
0.4567418694496155 0.6464785933494568 0.9789799451828003 -1 -1 -1 -1 -1 -1 -1 -1 -1
0.5338655114173889 0.5635345578193665 0.993965208530426 -1 -1 -1 -1 -1 -1 -1 -1 -1
0.3922819495201111 0.6513736844062805 0.9744135141372681 -1 -1 -1 -1 -1 -1 -1 -1 -1
0.5750702619552612 0.6572756171226501 0.9960799813270569 -1 -1 -1 -1 -1 -1 -1 -1 -1
0.3847970962524414 0.6405969262123108 0.9756563901901245 -1 -1 -1 -1 -1 -1 -1 -1 -1
0.5747239589691162 0.6708647608757019 0.9908939599990845 -1 -1 -1 -1 -1 -1 -1 -1 -1
0.3762139081954956 0.6800671815872192 0.9658527374267578 -1 -1 -1 -1 -1 -1 -1 -1 -1
0.6060761213302612 0.6713495850563049 0.9919258952140808 -1 -1 -1 -1 -1 -1 -1 -1 -1
1 
33 
-1 -1 -1 -1 -1 -1 -1 -1 -1 -1
0.5383555889129639 0.4140125513076782 0.9999922513961792 -1 -1 -1 -1 -1 -1 -1 -1 -1
0.539613664150238 0.40330934524536133 0.999992847442627 -1 -1 -1 -1 -1 -1 -1 -1 -1
0.5390772223472595 0.4023243188858032 0.999993085861206 -1 -1 -1 -1 -1 -1 -1 -1 -1
0.5383713245391846 0.40115368366241455 0.9999921321868896 -1 -1 -1 -1 -1 -1 -1 -1 -1
0.5388100743293762 0.4038463234901428 0.9999973773956299 -1 -1 -1 -1 -1 -1 -1 -1 -1
0.5378102660179138 0.40336164832115173 0.9999979734420776 -1 -1 -1 -1 -1 -1 -1 -1 -1
0.5366639494895935 0.4026980698108673 0.999997615814209 -1 -1 -1 -1 -1 -1 -1 -1 -1
0.5280176401138306 0.39567726850509644 0.9999929666519165 -1 -1 -1 -1 -1 -1 -1 -1 -1
0.5269711017608643 0.39807331562042236 0.9999982118606567 -1 -1 -1 -1 -1 -1 -1 -1 -1
0.53187096118927 0.41896724700927734 0.9999656677246094 -1 -1 -1 -1 -1 -1 -1 -1 -1
0.5310424566268921 0.419380784034729 0.9999836683273315 -1 -1 -1 -1 -1 -1 -1 -1 -1
0.498462975025177 0.4141475558280945 0.9997654557228088 -1 -1 -1 -1 -1 -1 -1 -1 -1
0.499416321516037 0.4264654517173767 0.999982476234436 -1 -1 -1 -1 -1 -1 -1 -1 -1
0.5046809315681458 0.36741241812705994 0.5958538055419922 -1 -1 -1 -1 -1 -1 -1 -1 -1
0.4632391333580017 0.45065414905548096 0.9507705569267273 -1 -1 -1 -1 -1 -1 -1 -1 -1
0.5036777853965759 0.3144703805446625 0.8273650407791138 -1 -1 -1 -1 -1 -1 -1 -1 -1
0.42921704053878784 0.4543455243110657 0.9727150201797485 -1 -1 -1 -1 -1 -1 -1 -1 -1
0.5010378360748291 0.3062709867954254 0.7885377407073975 -1 -1 -1 -1 -1 -1 -1 -1 -1
0.42011868953704834 0.45893239974975586 0.9723361134529114 -1 -1 -1 -1 -1 -1 -1 -1 -1
0.5024163722991943 0.30443084239959717 0.783648669719696 -1 -1 -1 -1 -1 -1 -1 -1 -1
0.4211328327655792 0.4589923620223999 0.9731425046920776 -1 -1 -1 -1 -1 -1 -1 -1 -1
0.5032383799552917 0.3087382912635803 0.7937031984329224 -1 -1 -1 -1 -1 -1 -1 -1 -1
0.4239470660686493 0.45762723684310913 0.9603496193885803 -1 -1 -1 -1 -1 -1 -1 -1 -1
0.46927163004875183 0.5604186058044434 0.9999673366546631 -1 -1 -1 -1 -1 -1 -1 -1 -1
0.4815238416194916 0.5582371354103088 0.9999860525131226 -1 -1 -1 -1 -1 -1 -1 -1 -1
0.4484838843345642 0.6536676287651062 0.9993526339530945 -1 -1 -1 -1 -1 -1 -1 -1 -1
0.5441118478775024 0.5845858454704285 0.9994799494743347 -1 -1 -1 -1 -1 -1 -1 -1 -1
0.3941763639450073 0.6619114875793457 0.997922956943512 -1 -1 -1 -1 -1 -1 -1 -1 -1
0.5789483189582825 0.6750336289405823 0.9992480874061584 -1 -1 -1 -1 -1 -1 -1 -1 -1
0.3861057758331299 0.6557872295379639 0.998067319393158 -1 -1 -1 -1 -1 -1 -1 -1 -1
0.5773102641105652 0.6938936114311218 0.997921884059906 -1 -1 -1 -1 -1 -1 -1 -1 -1
0.379040390253067 0.6836196780204773 0.9864457249641418 -1 -1 -1 -1 -1 -1 -1 -1 -1
0.6077605485916138 0.6844252347946167 0.9950050711631775 -1 -1 -1 -1 -1 -1 -1 -1 -1
1 
33 
-1 -1 -1 -1 -1 -1 -1 -1 -1 -1
0.5359049439430237 0.4329058825969696 0.9998761415481567 -1 -1 -1 -1 -1 -1 -1 -1 -1
0.5359219312667847 0.422182559967041 0.9998633861541748 -1 -1 -1 -1 -1 -1 -1 -1 -1
0.5354147553443909 0.42100000381469727 0.9998660087585449 -1 -1 -1 -1 -1 -1 -1 -1 -1
0.5347587466239929 0.4195725917816162 0.9998717308044434 -1 -1 -1 -1 -1 -1 -1 -1 -1
0.5352197289466858 0.4217008054256439 0.9999219179153442 -1 -1 -1 -1 -1 -1 -1 -1 -1
0.5343012809753418 0.4204002618789673 0.9999328851699829 -1 -1 -1 -1 -1 -1 -1 -1 -1
0.5333264470100403 0.4190327823162079 0.9999418258666992 -1 -1 -1 -1 -1 -1 -1 -1 -1
0.5255815982818604 0.41369378566741943 0.9998248219490051 -1 -1 -1 -1 -1 -1 -1 -1 -1
0.5252912640571594 0.41545313596725464 0.9999608993530273 -1 -1 -1 -1 -1 -1 -1 -1 -1
0.5306914448738098 0.43729060888290405 0.9995505213737488 -1 -1 -1 -1 -1 -1 -1 -1 -1
0.5298238396644592 0.43693089485168457 0.9997974038124084 -1 -1 -1 -1 -1 -1 -1 -1 -1
0.49446019530296326 0.4370291233062744 0.9987310767173767 -1 -1 -1 -1 -1 -1 -1 -1 -1
0.5047622919082642 0.44998040795326233 0.9997804760932922 -1 -1 -1 -1 -1 -1 -1 -1 -1
0.49129369854927063 0.36706000566482544 0.47933611273765564 -1 -1 -1 -1 -1 -1 -1 -1 -1
0.47459039092063904 0.5068852305412292 0.7793652415275574 -1 -1 -1 -1 -1 -1 -1 -1 -1
0.4902918338775635 0.3128434717655182 0.5892667174339294 -1 -1 -1 -1 -1 -1 -1 -1 -1
0.4602043032646179 0.5492972731590271 0.4757786691188812 -1 -1 -1 -1 -1 -1 -1 -1 -1
0.48838260769844055 0.30241745710372925 0.5376618504524231 -1 -1 -1 -1 -1 -1 -1 -1 -1
0.45631280541419983 0.5591545104980469 0.48290953040122986 -1 -1 -1 -1 -1 -1 -1 -1 -1
0.49003517627716064 0.30184313654899597 0.5145535469055176 -1 -1 -1 -1 -1 -1 -1 -1 -1
0.4651898443698883 0.5520915985107422 0.4735938608646393 -1 -1 -1 -1 -1 -1 -1 -1 -1
0.4910672605037689 0.30526694655418396 0.5601847171783447 -1 -1 -1 -1 -1 -1 -1 -1 -1
0.4590083062648773 0.5578290820121765 0.4239601492881775 -1 -1 -1 -1 -1 -1 -1 -1 -1
0.47139084339141846 0.5680957436561584 0.9997596144676208 -1 -1 -1 -1 -1 -1 -1 -1 -1
0.4806647300720215 0.5688108801841736 0.9998395442962646 -1 -1 -1 -1 -1 -1 -1 -1 -1
0.4601036310195923 0.6776387095451355 0.9900561571121216 -1 -1 -1 -1 -1 -1 -1 -1 -1
0.549842894077301 0.6014162302017212 0.9976390600204468 -1 -1 -1 -1 -1 -1 -1 -1 -1
0.40243232250213623 0.6720554828643799 0.9868059158325195 -1 -1 -1 -1 -1 -1 -1 -1 -1
0.5713182091712952 0.7125037312507629 0.9972932934761047 -1 -1 -1 -1 -1 -1 -1 -1 -1
0.39757129549980164 0.6596480011940002 0.9844337701797485 -1 -1 -1 -1 -1 -1 -1 -1 -1
0.5674392580986023 0.7294922471046448 0.9905473589897156 -1 -1 -1 -1 -1 -1 -1 -1 -1
0.38176804780960083 0.6980862617492676 0.9816638231277466 -1 -1 -1 -1 -1 -1 -1 -1 -1
0.6046087145805359 0.7320107817649841 0.9943108558654785 -1 -1 -1 -1 -1 -1 -1 -1 -1
1 
33 
-1 -1 -1 -1 -1 -1 -1 -1 -1 -1
0.5297563672065735 0.447032630443573 0.9995506405830383 -1 -1 -1 -1 -1 -1 -1 -1 -1
0.5304424166679382 0.43675076961517334 0.9995480179786682 -1 -1 -1 -1 -1 -1 -1 -1 -1
0.5300418734550476 0.4361640214920044 0.9993420243263245 -1 -1 -1 -1 -1 -1 -1 -1 -1
0.5294803380966187 0.4354200065135956 0.9997138381004333 -1 -1 -1 -1 -1 -1 -1 -1 -1
0.5301471948623657 0.4362359046936035 0.9996938705444336 -1 -1 -1 -1 -1 -1 -1 -1 -1
0.5295912027359009 0.43537968397140503 0.9995827078819275 -1 -1 -1 -1 -1 -1 -1 -1 -1
0.5289128422737122 0.4343772828578949 0.999736487865448 -1 -1 -1 -1 -1 -1 -1 -1 -1
0.5209398865699768 0.4309207499027252 0.9993830919265747 -1 -1 -1 -1 -1 -1 -1 -1 -1
0.5210776925086975 0.43040966987609863 0.9994699358940125 -1 -1 -1 -1 -1 -1 -1 -1 -1
0.5256691575050354 0.4531653821468353 0.9992864727973938 -1 -1 -1 -1 -1 -1 -1 -1 -1
0.5249525308609009 0.45285889506340027 0.9992944002151489 -1 -1 -1 -1 -1 -1 -1 -1 -1
0.49384036660194397 0.46466264128685 0.9991115927696228 -1 -1 -1 -1 -1 -1 -1 -1 -1
0.5009957551956177 0.4617554545402527 0.9999672174453735 -1 -1 -1 -1 -1 -1 -1 -1 -1
0.4875086843967438 0.5302878022193909 0.025134170427918434 -1 -1 -1 -1 -1 -1 -1 -1 -1
0.5022727847099304 0.5295268297195435 0.9627910852432251 -1 -1 -1 -1 -1 -1 -1 -1 -1
0.4947179853916168 0.5889516472816467 0.040811020880937576 -1 -1 -1 -1 -1 -1 -1 -1 -1
0.5175574421882629 0.594179093837738 0.9257890582084656 -1 -1 -1 -1 -1 -1 -1 -1 -1
0.49637383222579956 0.6030248999595642 0.04597071558237076 -1 -1 -1 -1 -1 -1 -1 -1 -1
0.5185847878456116 0.6090951561927795 0.8997135758399963 -1 -1 -1 -1 -1 -1 -1 -1 -1
0.500695526599884 0.6029512882232666 0.044164691120386124 -1 -1 -1 -1 -1 -1 -1 -1 -1
0.523215115070343 0.6074490547180176 0.8973615765571594 -1 -1 -1 -1 -1 -1 -1 -1 -1
0.49992188811302185 0.5977017879486084 0.04910227283835411 -1 -1 -1 -1 -1 -1 -1 -1 -1
0.5214406251907349 0.6018476486206055 0.8309019804000854 -1 -1 -1 -1 -1 -1 -1 -1 -1
0.4795241057872772 0.6013554930686951 0.9996621608734131 -1 -1 -1 -1 -1 -1 -1 -1 -1
0.4844921827316284 0.6008744835853577 0.9998663663864136 -1 -1 -1 -1 -1 -1 -1 -1 -1
0.4690234959125519 0.6999097466468811 0.9726858139038086 -1 -1 -1 -1 -1 -1 -1 -1 -1
0.5472241640090942 0.6417704224586487 0.9956023693084717 -1 -1 -1 -1 -1 -1 -1 -1 -1
0.41944849491119385 0.7013636827468872 0.9836766123771667 -1 -1 -1 -1 -1 -1 -1 -1 -1
0.5567441582679749 0.7521602511405945 0.9945966005325317 -1 -1 -1 -1 -1 -1 -1 -1 -1
0.4118856191635132 0.6836563944816589 0.9814735054969788 -1 -1 -1 -1 -1 -1 -1 -1 -1
0.5500118136405945 0.7681955099105835 0.9867790937423706 -1 -1 -1 -1 -1 -1 -1 -1 -1
0.4064640998840332 0.7160421013832092 0.9737957715988159 -1 -1 -1 -1 -1 -1 -1 -1 -1
0.576682984828949 0.7883347272872925 0.9874338507652283 -1 -1 -1 -1 -1 -1 -1 -1 -1
1 
33 
-1 -1 -1 -1 -1 -1 -1 -1 -1 -1
0.5211255550384521 0.4637462794780731 0.9995504021644592 -1 -1 -1 -1 -1 -1 -1 -1 -1
0.5205856561660767 0.4533369541168213 0.9995061159133911 -1 -1 -1 -1 -1 -1 -1 -1 -1
0.5201015472412109 0.45277154445648193 0.9994245767593384 -1 -1 -1 -1 -1 -1 -1 -1 -1
0.5195119380950928 0.45206862688064575 0.9996602535247803 -1 -1 -1 -1 -1 -1 -1 -1 -1
0.5200632810592651 0.4532249867916107 0.9997178912162781 -1 -1 -1 -1 -1 -1 -1 -1 -1
0.5192301273345947 0.45267465710639954 0.9996993541717529 -1 -1 -1 -1 -1 -1 -1 -1 -1
0.5182654857635498 0.4519689679145813 0.9998032450675964 -1 -1 -1 -1 -1 -1 -1 -1 -1
0.5108307003974915 0.4496912360191345 0.9995648264884949 -1 -1 -1 -1 -1 -1 -1 -1 -1
0.5105085968971252 0.4502424895763397 0.9997361302375793 -1 -1 -1 -1 -1 -1 -1 -1 -1
0.5170294046401978 0.47113335132598877 0.9993399977684021 -1 -1 -1 -1 -1 -1 -1 -1 -1
0.5161432027816772 0.47101858258247375 0.9995724558830261 -1 -1 -1 -1 -1 -1 -1 -1 -1
0.48746633529663086 0.4875389635562897 0.9991967082023621 -1 -1 -1 -1 -1 -1 -1 -1 -1
0.49599990248680115 0.49224331974983215 0.9999390840530396 -1 -1 -1 -1 -1 -1 -1 -1 -1
0.4876760244369507 0.5334612131118774 0.01937064342200756 -1 -1 -1 -1 -1 -1 -1 -1 -1
0.5152629017829895 0.5506850481033325 0.9639989733695984 -1 -1 -1 -1 -1 -1 -1 -1 -1
0.5020889043807983 0.5622249245643616 0.017104387283325195 -1 -1 -1 -1 -1 -1 -1 -1 -1
0.5349118709564209 0.5683552622795105 0.8702064156532288 -1 -1 -1 -1 -1 -1 -1 -1 -1
0.5050362944602966 0.5700832009315491 0.026376590132713318 -1 -1 -1 -1 -1 -1 -1 -1 -1
0.5399995446205139 0.5728113651275635 0.8561577796936035 -1 -1 -1 -1 -1 -1 -1 -1 -1
0.5065508484840393 0.5668827891349792 0.027237029746174812 -1 -1 -1 -1 -1 -1 -1 -1 -1
0.5399256348609924 0.5649207234382629 0.8571742177009583 -1 -1 -1 -1 -1 -1 -1 -1 -1
0.5057458877563477 0.5643287897109985 0.031523674726486206 -1 -1 -1 -1 -1 -1 -1 -1 -1
0.5367705821990967 0.5636492967605591 0.793124258518219 -1 -1 -1 -1 -1 -1 -1 -1 -1
0.47815391421318054 0.6260851621627808 0.9997826218605042 -1 -1 -1 -1 -1 -1 -1 -1 -1
0.4836571514606476 0.6291242241859436 0.9998561143875122 -1 -1 -1 -1 -1 -1 -1 -1 -1
0.48594194650650024 0.7243790030479431 0.9329771995544434 -1 -1 -1 -1 -1 -1 -1 -1 -1
0.5359506607055664 0.6814069151878357 0.9854530692100525 -1 -1 -1 -1 -1 -1 -1 -1 -1
0.43815794587135315 0.7445691823959351 0.9855251908302307 -1 -1 -1 -1 -1 -1 -1 -1 -1
0.5387907028198242 0.7899587154388428 0.9974480867385864 -1 -1 -1 -1 -1 -1 -1 -1 -1
0.43357983231544495 0.7336447238922119 0.9856582283973694 -1 -1 -1 -1 -1 -1 -1 -1 -1
0.5324565172195435 0.8065457344055176 0.9925105571746826 -1 -1 -1 -1 -1 -1 -1 -1 -1
0.4286636710166931 0.768765389919281 0.9868345856666565 -1 -1 -1 -1 -1 -1 -1 -1 -1
0.5593772530555725 0.8185930252075195 0.9963057041168213 -1 -1 -1 -1 -1 -1 -1 -1 -1
1 
33 
-1 -1 -1 -1 -1 -1 -1 -1 -1 -1
0.5143079161643982 0.48126548528671265 0.9997760653495789 -1 -1 -1 -1 -1 -1 -1 -1 -1
0.5137373805046082 0.46916913986206055 0.9993603825569153 -1 -1 -1 -1 -1 -1 -1 -1 -1
0.5133406519889832 0.46854233741760254 0.9991182684898376 -1 -1 -1 -1 -1 -1 -1 -1 -1
0.5127692222595215 0.46787309646606445 0.9995174407958984 -1 -1 -1 -1 -1 -1 -1 -1 -1
0.5125935673713684 0.4696606993675232 0.9997130036354065 -1 -1 -1 -1 -1 -1 -1 -1 -1
0.5114535689353943 0.46944135427474976 0.9996269941329956 -1 -1 -1 -1 -1 -1 -1 -1 -1
0.5102532505989075 0.46914616227149963 0.9996721744537354 -1 -1 -1 -1 -1 -1 -1 -1 -1
0.5034917593002319 0.4679605960845947 0.9988834261894226 -1 -1 -1 -1 -1 -1 -1 -1 -1
0.5021690726280212 0.46963685750961304 0.9992616772651672 -1 -1 -1 -1 -1 -1 -1 -1 -1
0.5111042857170105 0.48978906869888306 0.999594509601593 -1 -1 -1 -1 -1 -1 -1 -1 -1
0.5097010731697083 0.49046608805656433 0.9997649788856506 -1 -1 -1 -1 -1 -1 -1 -1 -1
0.49626773595809937 0.5057079195976257 0.9998376369476318 -1 -1 -1 -1 -1 -1 -1 -1 -1
0.4848446547985077 0.523265540599823 0.9998181462287903 -1 -1 -1 -1 -1 -1 -1 -1 -1
0.5373534560203552 0.5285567045211792 0.8631225824356079 -1 -1 -1 -1 -1 -1 -1 -1 -1
0.5144540071487427 0.5721243619918823 0.9767239093780518 -1 -1 -1 -1 -1 -1 -1 -1 -1
0.5743826031684875 0.5507780313491821 0.9080640077590942 -1 -1 -1 -1 -1 -1 -1 -1 -1
0.5445640087127686 0.5842329263687134 0.9711134433746338 -1 -1 -1 -1 -1 -1 -1 -1 -1
0.583939790725708 0.5466694831848145 0.8832937479019165 -1 -1 -1 -1 -1 -1 -1 -1 -1
0.5514543056488037 0.5906884670257568 0.9588131308555603 -1 -1 -1 -1 -1 -1 -1 -1 -1
0.5844212174415588 0.5458390712738037 0.8954135775566101 -1 -1 -1 -1 -1 -1 -1 -1 -1
0.5533668398857117 0.5816380381584167 0.9566064476966858 -1 -1 -1 -1 -1 -1 -1 -1 -1
0.5813571214675903 0.5507768988609314 0.8873591423034668 -1 -1 -1 -1 -1 -1 -1 -1 -1
0.550442636013031 0.5805808901786804 0.9194008708000183 -1 -1 -1 -1 -1 -1 -1 -1 -1
0.48174750804901123 0.6467593312263489 0.9995653033256531 -1 -1 -1 -1 -1 -1 -1 -1 -1
0.47698113322257996 0.6520649790763855 0.9997822642326355 -1 -1 -1 -1 -1 -1 -1 -1 -1
0.49972042441368103 0.732936441898346 0.8653695583343506 -1 -1 -1 -1 -1 -1 -1 -1 -1
0.5257245898246765 0.72003173828125 0.9912794232368469 -1 -1 -1 -1 -1 -1 -1 -1 -1
0.45926734805107117 0.7823268175125122 0.931097686290741 -1 -1 -1 -1 -1 -1 -1 -1 -1
0.5215758085250854 0.8265438079833984 0.9986874461174011 -1 -1 -1 -1 -1 -1 -1 -1 -1
0.4531278908252716 0.7778331637382507 0.9194784760475159 -1 -1 -1 -1 -1 -1 -1 -1 -1
0.5141311883926392 0.8413129448890686 0.9946597218513489 -1 -1 -1 -1 -1 -1 -1 -1 -1
0.4504401385784149 0.8187782168388367 0.9456422328948975 -1 -1 -1 -1 -1 -1 -1 -1 -1
0.5447484254837036 0.8625664114952087 0.9977656602859497 -1 -1 -1 -1 -1 -1 -1 -1 -1
1 
33 
-1 -1 -1 -1 -1 -1 -1 -1 -1 -1
0.504610002040863 0.49656587839126587 0.9971850514411926 -1 -1 -1 -1 -1 -1 -1 -1 -1
0.5038000345230103 0.48623284697532654 0.9911152124404907 -1 -1 -1 -1 -1 -1 -1 -1 -1
0.5034199357032776 0.485490083694458 0.9877870678901672 -1 -1 -1 -1 -1 -1 -1 -1 -1
0.5028843879699707 0.48466378450393677 0.9923321008682251 -1 -1 -1 -1 -1 -1 -1 -1 -1
0.5026828646659851 0.4868192672729492 0.9962154030799866 -1 -1 -1 -1 -1 -1 -1 -1 -1
0.5015453696250916 0.48664355278015137 0.995794415473938 -1 -1 -1 -1 -1 -1 -1 -1 -1
0.5002431869506836 0.4864087700843811 0.9965693950653076 -1 -1 -1 -1 -1 -1 -1 -1 -1
0.49439537525177 0.4855670928955078 0.9793912172317505 -1 -1 -1 -1 -1 -1 -1 -1 -1
0.49238404631614685 0.48728543519973755 0.9931628704071045 -1 -1 -1 -1 -1 -1 -1 -1 -1
0.500937283039093 0.5036272406578064 0.9878919124603271 -1 -1 -1 -1 -1 -1 -1 -1 -1
0.4993605315685272 0.5048229098320007 0.9937432408332825 -1 -1 -1 -1 -1 -1 -1 -1 -1
0.4870273768901825 0.5134984254837036 0.9983896017074585 -1 -1 -1 -1 -1 -1 -1 -1 -1
0.4809848666191101 0.5269967317581177 0.9993377327919006 -1 -1 -1 -1 -1 -1 -1 -1 -1
0.5290538668632507 0.5103451609611511 0.8161260485649109 -1 -1 -1 -1 -1 -1 -1 -1 -1
0.5177909135818481 0.5529176592826843 0.998004138469696 -1 -1 -1 -1 -1 -1 -1 -1 -1
0.5647760629653931 0.4950140416622162 0.9436687231063843 -1 -1 -1 -1 -1 -1 -1 -1 -1
0.5603331327438354 0.5705972909927368 0.9949012994766235 -1 -1 -1 -1 -1 -1 -1 -1 -1
0.5713279247283936 0.48992353677749634 0.9240596294403076 -1 -1 -1 -1 -1 -1 -1 -1 -1
0.5702122449874878 0.577203631401062 0.9868733286857605 -1 -1 -1 -1 -1 -1 -1 -1 -1
0.5719075798988342 0.49027225375175476 0.9292687177658081 -1 -1 -1 -1 -1 -1 -1 -1 -1
0.5718339681625366 0.571471095085144 0.9854815602302551 -1 -1 -1 -1 -1 -1 -1 -1 -1
0.5696926116943359 0.49226272106170654 0.9233736991882324 -1 -1 -1 -1 -1 -1 -1 -1 -1
0.5684423446655273 0.5684628486633301 0.9707525968551636 -1 -1 -1 -1 -1 -1 -1 -1 -1
0.4777456820011139 0.6658210754394531 0.997729480266571 -1 -1 -1 -1 -1 -1 -1 -1 -1
0.4723946154117584 0.6700130701065063 0.9968898892402649 -1 -1 -1 -1 -1 -1 -1 -1 -1
0.5119062066078186 0.7385281324386597 0.6853828430175781 -1 -1 -1 -1 -1 -1 -1 -1 -1
0.5157454013824463 0.7412912249565125 0.9864656329154968 -1 -1 -1 -1 -1 -1 -1 -1 -1
0.4817213714122772 0.8100566267967224 0.7544063925743103 -1 -1 -1 -1 -1 -1 -1 -1 -1
0.5030049681663513 0.831157386302948 0.9911543130874634 -1 -1 -1 -1 -1 -1 -1 -1 -1
0.4722585380077362 0.8119708895683289 0.7444640398025513 -1 -1 -1 -1 -1 -1 -1 -1 -1
0.4925665557384491 0.8446371555328369 0.9708353877067566 -1 -1 -1 -1 -1 -1 -1 -1 -1
0.49045538902282715 0.8428764343261719 0.847245991230011 -1 -1 -1 -1 -1 -1 -1 -1 -1
0.5168208479881287 0.8609602451324463 0.9861994981765747 -1 -1 -1 -1 -1 -1 -1 -1 -1
1 
33 
-1 -1 -1 -1 -1 -1 -1 -1 -1 -1
0.4976351261138916 0.5019478797912598 0.9972303509712219 -1 -1 -1 -1 -1 -1 -1 -1 -1
0.49695488810539246 0.49091750383377075 0.9933400750160217 -1 -1 -1 -1 -1 -1 -1 -1 -1
0.4965269863605499 0.4902101755142212 0.989608108997345 -1 -1 -1 -1 -1 -1 -1 -1 -1
0.4959403872489929 0.4895089268684387 0.9936461448669434 -1 -1 -1 -1 -1 -1 -1 -1 -1
0.4962121844291687 0.4921071529388428 0.9975760579109192 -1 -1 -1 -1 -1 -1 -1 -1 -1
0.4953145682811737 0.49232935905456543 0.9972617626190186 -1 -1 -1 -1 -1 -1 -1 -1 -1
0.494257390499115 0.49242550134658813 0.9978043437004089 -1 -1 -1 -1 -1 -1 -1 -1 -1
0.487786203622818 0.48925259709358215 0.9885692596435547 -1 -1 -1 -1 -1 -1 -1 -1 -1
0.48597773909568787 0.49210453033447266 0.9964417815208435 -1 -1 -1 -1 -1 -1 -1 -1 -1
0.4943794012069702 0.5088996291160583 0.9916536211967468 -1 -1 -1 -1 -1 -1 -1 -1 -1
0.49385085701942444 0.5092898607254028 0.9961680769920349 -1 -1 -1 -1 -1 -1 -1 -1 -1
0.47703835368156433 0.5183438658714294 0.9966859221458435 -1 -1 -1 -1 -1 -1 -1 -1 -1
0.47224611043930054 0.532181978225708 0.9994722008705139 -1 -1 -1 -1 -1 -1 -1 -1 -1
0.5138195753097534 0.4804829955101013 0.6777880191802979 -1 -1 -1 -1 -1 -1 -1 -1 -1
0.5172436237335205 0.5234725475311279 0.9989373087882996 -1 -1 -1 -1 -1 -1 -1 -1 -1
0.540788471698761 0.43480294942855835 0.7885315418243408 -1 -1 -1 -1 -1 -1 -1 -1 -1
0.5595341324806213 0.509769082069397 0.9964073300361633 -1 -1 -1 -1 -1 -1 -1 -1 -1
0.549105167388916 0.4252242147922516 0.7372726798057556 -1 -1 -1 -1 -1 -1 -1 -1 -1
0.5699305534362793 0.5080231428146362 0.9890933036804199 -1 -1 -1 -1 -1 -1 -1 -1 -1
0.5500603914260864 0.4230981767177582 0.74589604139328 -1 -1 -1 -1 -1 -1 -1 -1 -1
0.5692075490951538 0.5019369125366211 0.9877231121063232 -1 -1 -1 -1 -1 -1 -1 -1 -1
0.5468184947967529 0.4267260432243347 0.7460034489631653 -1 -1 -1 -1 -1 -1 -1 -1 -1
0.5660353899002075 0.5031415224075317 0.9705798625946045 -1 -1 -1 -1 -1 -1 -1 -1 -1
0.4852936267852783 0.6666116118431091 0.997717022895813 -1 -1 -1 -1 -1 -1 -1 -1 -1
0.47276219725608826 0.6804139614105225 0.9958107471466064 -1 -1 -1 -1 -1 -1 -1 -1 -1
0.5252799987792969 0.7249386310577393 0.5840920805931091 -1 -1 -1 -1 -1 -1 -1 -1 -1
0.5080907940864563 0.7587364912033081 0.9318509697914124 -1 -1 -1 -1 -1 -1 -1 -1 -1
0.49955037236213684 0.8201243281364441 0.5091617107391357 -1 -1 -1 -1 -1 -1 -1 -1 -1
0.4936694800853729 0.8619654178619385 0.9667292833328247 -1 -1 -1 -1 -1 -1 -1 -1 -1
0.4899914860725403 0.83317631483078 0.5363363027572632 -1 -1 -1 -1 -1 -1 -1 -1 -1
0.48515596985816956 0.8771563768386841 0.9258565902709961 -1 -1 -1 -1 -1 -1 -1 -1 -1
0.5232594609260559 0.8556028008460999 0.715660035610199 -1 -1 -1 -1 -1 -1 -1 -1 -1
0.509488046169281 0.8862362504005432 0.9660901427268982 -1 -1 -1 -1 -1 -1 -1 -1 -1
1 
33 
-1 -1 -1 -1 -1 -1 -1 -1 -1 -1
0.494189590215683 0.4948645830154419 0.9999371767044067 -1 -1 -1 -1 -1 -1 -1 -1 -1
0.4936102628707886 0.48498445749282837 0.9997873902320862 -1 -1 -1 -1 -1 -1 -1 -1 -1
0.4932982623577118 0.4841076135635376 0.9997277855873108 -1 -1 -1 -1 -1 -1 -1 -1 -1
0.49284762144088745 0.48306649923324585 0.9997991919517517 -1 -1 -1 -1 -1 -1 -1 -1 -1
0.49269381165504456 0.4856182932853699 0.9999009370803833 -1 -1 -1 -1 -1 -1 -1 -1 -1
0.4917384684085846 0.48527052998542786 0.9998939037322998 -1 -1 -1 -1 -1 -1 -1 -1 -1
0.49062371253967285 0.48480162024497986 0.9998890161514282 -1 -1 -1 -1 -1 -1 -1 -1 -1
0.4834868013858795 0.48270702362060547 0.9997499585151672 -1 -1 -1 -1 -1 -1 -1 -1 -1
0.4824215769767761 0.48444870114326477 0.9998869895935059 -1 -1 -1 -1 -1 -1 -1 -1 -1
0.49118492007255554 0.5025139451026917 0.9997292160987854 -1 -1 -1 -1 -1 -1 -1 -1 -1
0.4900687336921692 0.502842903137207 0.999862790107727 -1 -1 -1 -1 -1 -1 -1 -1 -1
0.4642980992794037 0.5110477209091187 0.9991782307624817 -1 -1 -1 -1 -1 -1 -1 -1 -1
0.4690089821815491 0.5251394510269165 0.9998741149902344 -1 -1 -1 -1 -1 -1 -1 -1 -1
0.49669840931892395 0.45631155371665955 0.5236327648162842 -1 -1 -1 -1 -1 -1 -1 -1 -1
0.5092740058898926 0.49288737773895264 0.9955553412437439 -1 -1 -1 -1 -1 -1 -1 -1 -1
0.5184332728385925 0.40708643198013306 0.5912880301475525 -1 -1 -1 -1 -1 -1 -1 -1 -1
0.5495171546936035 0.458260715007782 0.9763163924217224 -1 -1 -1 -1 -1 -1 -1 -1 -1
0.521034300327301 0.38311487436294556 0.60484379529953 -1 -1 -1 -1 -1 -1 -1 -1 -1
0.5597575306892395 0.45167434215545654 0.9542505145072937 -1 -1 -1 -1 -1 -1 -1 -1 -1
0.5227075815200806 0.3817846477031708 0.5976621508598328 -1 -1 -1 -1 -1 -1 -1 -1 -1
0.5591553449630737 0.4422532320022583 0.9497725963592529 -1 -1 -1 -1 -1 -1 -1 -1 -1
0.5220867395401001 0.3881577253341675 0.5928402543067932 -1 -1 -1 -1 -1 -1 -1 -1 -1
0.5555480122566223 0.44517290592193604 0.9020735025405884 -1 -1 -1 -1 -1 -1 -1 -1 -1
0.47887879610061646 0.6593366861343384 0.9986127614974976 -1 -1 -1 -1 -1 -1 -1 -1 -1
0.47247734665870667 0.6721946001052856 0.9993777275085449 -1 -1 -1 -1 -1 -1 -1 -1 -1
0.5223283767700195 0.6692668199539185 0.8914743661880493 -1 -1 -1 -1 -1 -1 -1 -1 -1
0.5020191669464111 0.7623504996299744 0.9918223023414612 -1 -1 -1 -1 -1 -1 -1 -1 -1
0.5038776993751526 0.7443316578865051 0.8207988142967224 -1 -1 -1 -1 -1 -1 -1 -1 -1
0.48883742094039917 0.8687371611595154 0.9937313199043274 -1 -1 -1 -1 -1 -1 -1 -1 -1
0.494607537984848 0.747092604637146 0.7759698629379272 -1 -1 -1 -1 -1 -1 -1 -1 -1
0.4817363917827606 0.8862699270248413 0.9794449210166931 -1 -1 -1 -1 -1 -1 -1 -1 -1
0.5095719695091248 0.7685855031013489 0.8884855508804321 -1 -1 -1 -1 -1 -1 -1 -1 -1
0.5094027519226074 0.8905975222587585 0.9897764921188354 -1 -1 -1 -1 -1 -1 -1 -1 -1
1 
33 
-1 -1 -1 -1 -1 -1 -1 -1 -1 -1
0.49318867921829224 0.4889942407608032 0.9994285702705383 -1 -1 -1 -1 -1 -1 -1 -1 -1
0.49364957213401794 0.47706305980682373 0.9987677335739136 -1 -1 -1 -1 -1 -1 -1 -1 -1
0.49316859245300293 0.47511279582977295 0.9983446598052979 -1 -1 -1 -1 -1 -1 -1 -1 -1
0.49262261390686035 0.47296345233917236 0.9987438321113586 -1 -1 -1 -1 -1 -1 -1 -1 -1
0.4936893582344055 0.4790869355201721 0.9992567896842957 -1 -1 -1 -1 -1 -1 -1 -1 -1
0.4932481348514557 0.4788530468940735 0.999083399772644 -1 -1 -1 -1 -1 -1 -1 -1 -1
0.49277985095977783 0.47852450609207153 0.9992068409919739 -1 -1 -1 -1 -1 -1 -1 -1 -1
0.48471513390541077 0.46897459030151367 0.9980670809745789 -1 -1 -1 -1 -1 -1 -1 -1 -1
0.48568904399871826 0.47628253698349 0.9984031319618225 -1 -1 -1 -1 -1 -1 -1 -1 -1
0.48922497034072876 0.49168312549591064 0.9988149404525757 -1 -1 -1 -1 -1 -1 -1 -1 -1
0.48897212743759155 0.4933398365974426 0.9991459846496582 -1 -1 -1 -1 -1 -1 -1 -1 -1
0.4668731391429901 0.48262929916381836 0.9990910291671753 -1 -1 -1 -1 -1 -1 -1 -1 -1
0.4738111197948456 0.5109704732894897 0.9996956586837769 -1 -1 -1 -1 -1 -1 -1 -1 -1
0.4883750081062317 0.41761860251426697 0.44212576746940613 -1 -1 -1 -1 -1 -1 -1 -1 -1
0.5166507959365845 0.4840034246444702 0.991486132144928 -1 -1 -1 -1 -1 -1 -1 -1 -1
0.5020495057106018 0.3519790768623352 0.7577747106552124 -1 -1 -1 -1 -1 -1 -1 -1 -1
0.5371789932250977 0.41320082545280457 0.9767613410949707 -1 -1 -1 -1 -1 -1 -1 -1 -1
0.5021708607673645 0.3366878032684326 0.8126731514930725 -1 -1 -1 -1 -1 -1 -1 -1 -1
0.5455935597419739 0.4038148522377014 0.9646760821342468 -1 -1 -1 -1 -1 -1 -1 -1 -1
0.504064679145813 0.33549466729164124 0.8139387369155884 -1 -1 -1 -1 -1 -1 -1 -1 -1
0.542436957359314 0.39507272839546204 0.9606265425682068 -1 -1 -1 -1 -1 -1 -1 -1 -1
0.5046424269676208 0.34158724546432495 0.7952749729156494 -1 -1 -1 -1 -1 -1 -1 -1 -1
0.5394918322563171 0.40195298194885254 0.9223511219024658 -1 -1 -1 -1 -1 -1 -1 -1 -1
0.47613945603370667 0.6369165778160095 0.9996881484985352 -1 -1 -1 -1 -1 -1 -1 -1 -1
0.4690053462982178 0.6538299918174744 0.999815046787262 -1 -1 -1 -1 -1 -1 -1 -1 -1
0.5218855142593384 0.6426812410354614 0.9053059220314026 -1 -1 -1 -1 -1 -1 -1 -1 -1
0.49342256784439087 0.7531867623329163 0.994785487651825 -1 -1 -1 -1 -1 -1 -1 -1 -1
0.49997687339782715 0.7433790564537048 0.9084035158157349 -1 -1 -1 -1 -1 -1 -1 -1 -1
0.48514804244041443 0.8650208115577698 0.9989296793937683 -1 -1 -1 -1 -1 -1 -1 -1 -1
0.4959314465522766 0.7470355033874512 0.9136441349983215 -1 -1 -1 -1 -1 -1 -1 -1 -1
0.4765898585319519 0.8809977173805237 0.994274914264679 -1 -1 -1 -1 -1 -1 -1 -1 -1
0.5054484009742737 0.7825105786323547 0.946614682674408 -1 -1 -1 -1 -1 -1 -1 -1 -1
0.5128329992294312 0.8961116075515747 0.9979650974273682 -1 -1 -1 -1 -1 -1 -1 -1 -1
1 
33 
-1 -1 -1 -1 -1 -1 -1 -1 -1 -1
0.4848611652851105 0.4499260187149048 0.9960320591926575 -1 -1 -1 -1 -1 -1 -1 -1 -1
0.48212167620658875 0.43959516286849976 0.9928319454193115 -1 -1 -1 -1 -1 -1 -1 -1 -1
0.4807397127151489 0.4380851984024048 0.9903743267059326 -1 -1 -1 -1 -1 -1 -1 -1 -1
0.4792311489582062 0.43654340505599976 0.9919291734695435 -1 -1 -1 -1 -1 -1 -1 -1 -1
0.4842555522918701 0.4418836832046509 0.9961332082748413 -1 -1 -1 -1 -1 -1 -1 -1 -1
0.48442724347114563 0.4419393539428711 0.9949171543121338 -1 -1 -1 -1 -1 -1 -1 -1 -1
0.48457351326942444 0.44191187620162964 0.9949278831481934 -1 -1 -1 -1 -1 -1 -1 -1 -1
0.4727419316768646 0.4378015995025635 0.9835055470466614 -1 -1 -1 -1 -1 -1 -1 -1 -1
0.4798918068408966 0.44197750091552734 0.9905934929847717 -1 -1 -1 -1 -1 -1 -1 -1 -1
0.48135754466056824 0.4547708332538605 0.9916998744010925 -1 -1 -1 -1 -1 -1 -1 -1 -1
0.4834027588367462 0.4566156268119812 0.9919763207435608 -1 -1 -1 -1 -1 -1 -1 -1 -1
0.45422354340553284 0.4685303568840027 0.9973760843276978 -1 -1 -1 -1 -1 -1 -1 -1 -1
0.4725366532802582 0.4702798128128052 0.9994379878044128 -1 -1 -1 -1 -1 -1 -1 -1 -1
0.47554248571395874 0.3914056420326233 0.3083760142326355 -1 -1 -1 -1 -1 -1 -1 -1 -1
0.5010697841644287 0.41051751375198364 0.9888639450073242 -1 -1 -1 -1 -1 -1 -1 -1 -1
0.48680081963539124 0.3220282196998596 0.7127812504768372 -1 -1 -1 -1 -1 -1 -1 -1 -1
0.527565598487854 0.3537181317806244 0.9852295517921448 -1 -1 -1 -1 -1 -1 -1 -1 -1
0.4868399202823639 0.3061410188674927 0.7300100326538086 -1 -1 -1 -1 -1 -1 -1 -1 -1
0.5336883068084717 0.34453436732292175 0.9762495756149292 -1 -1 -1 -1 -1 -1 -1 -1 -1
0.4882231056690216 0.3056211471557617 0.7336563467979431 -1 -1 -1 -1 -1 -1 -1 -1 -1
0.5316588282585144 0.33778396248817444 0.9731566905975342 -1 -1 -1 -1 -1 -1 -1 -1 -1
0.48905429244041443 0.3116334080696106 0.7388825416564941 -1 -1 -1 -1 -1 -1 -1 -1 -1
0.5284984111785889 0.34089869260787964 0.9511712789535522 -1 -1 -1 -1 -1 -1 -1 -1 -1
0.4666453003883362 0.628275990486145 0.9993070363998413 -1 -1 -1 -1 -1 -1 -1 -1 -1
0.47291654348373413 0.6359018087387085 0.9997480511665344 -1 -1 -1 -1 -1 -1 -1 -1 -1
0.505187451839447 0.6301496028900146 0.3895966708660126 -1 -1 -1 -1 -1 -1 -1 -1 -1
0.48715928196907043 0.7332891821861267 0.9601238965988159 -1 -1 -1 -1 -1 -1 -1 -1 -1
0.4966033399105072 0.7320373058319092 0.5380229353904724 -1 -1 -1 -1 -1 -1 -1 -1 -1
0.47966092824935913 0.8432104587554932 0.9896153211593628 -1 -1 -1 -1 -1 -1 -1 -1 -1
0.49216270446777344 0.7434216141700745 0.6652460694313049 -1 -1 -1 -1 -1 -1 -1 -1 -1
0.47340115904808044 0.8624165654182434 0.9823457598686218 -1 -1 -1 -1 -1 -1 -1 -1 -1
0.5123730897903442 0.7571078538894653 0.7224377393722534 -1 -1 -1 -1 -1 -1 -1 -1 -1
0.5029507875442505 0.8718607425689697 0.9863861799240112 -1 -1 -1 -1 -1 -1 -1 -1 -1
1 
33 
-1 -1 -1 -1 -1 -1 -1 -1 -1 -1
0.48726803064346313 0.4152611494064331 0.9994762539863586 -1 -1 -1 -1 -1 -1 -1 -1 -1
0.48489493131637573 0.4048345685005188 0.9992944002151489 -1 -1 -1 -1 -1 -1 -1 -1 -1
0.4842284619808197 0.4038544297218323 0.998794674873352 -1 -1 -1 -1 -1 -1 -1 -1 -1
0.4836304783821106 0.40288811922073364 0.9992332458496094 -1 -1 -1 -1 -1 -1 -1 -1 -1
0.48527082800865173 0.4059458374977112 0.9995381832122803 -1 -1 -1 -1 -1 -1 -1 -1 -1
0.4848402142524719 0.40570858120918274 0.9993395209312439 -1 -1 -1 -1 -1 -1 -1 -1 -1
0.4844858944416046 0.4054903984069824 0.9994534850120544 -1 -1 -1 -1 -1 -1 -1 -1 -1
0.477764755487442 0.4027751088142395 0.9984201192855835 -1 -1 -1 -1 -1 -1 -1 -1 -1
0.480303019285202 0.40600714087486267 0.9992966651916504 -1 -1 -1 -1 -1 -1 -1 -1 -1
0.4846802055835724 0.42074450850486755 0.9991406202316284 -1 -1 -1 -1 -1 -1 -1 -1 -1
0.484679639339447 0.42193126678466797 0.9991900324821472 -1 -1 -1 -1 -1 -1 -1 -1 -1
0.45848700404167175 0.4384034276008606 0.9991575479507446 -1 -1 -1 -1 -1 -1 -1 -1 -1
0.47101664543151855 0.4357185959815979 0.9995786547660828 -1 -1 -1 -1 -1 -1 -1 -1 -1
0.4692540168762207 0.36243313550949097 0.24286723136901855 -1 -1 -1 -1 -1 -1 -1 -1 -1
0.4856187701225281 0.3657165467739105 0.9866782426834106 -1 -1 -1 -1 -1 -1 -1 -1 -1
0.4797871708869934 0.2978666126728058 0.6055117249488831 -1 -1 -1 -1 -1 -1 -1 -1 -1
0.5075435638427734 0.3066505193710327 0.9839379191398621 -1 -1 -1 -1 -1 -1 -1 -1 -1
0.48011353611946106 0.2802215814590454 0.6642611026763916 -1 -1 -1 -1 -1 -1 -1 -1 -1
0.5107460021972656 0.2916022837162018 0.9729453325271606 -1 -1 -1 -1 -1 -1 -1 -1 -1
0.4823961853981018 0.27741366624832153 0.67041015625 -1 -1 -1 -1 -1 -1 -1 -1 -1
0.5097033977508545 0.28831395506858826 0.9685773253440857 -1 -1 -1 -1 -1 -1 -1 -1 -1
0.4839138686656952 0.2867095172405243 0.6913037896156311 -1 -1 -1 -1 -1 -1 -1 -1 -1
0.508609414100647 0.2955935597419739 0.9475001096725464 -1 -1 -1 -1 -1 -1 -1 -1 -1
0.4671187400817871 0.6006255149841309 0.9999799728393555 -1 -1 -1 -1 -1 -1 -1 -1 -1
0.4710305333137512 0.5988364219665527 0.9999005794525146 -1 -1 -1 -1 -1 -1 -1 -1 -1
0.4817321300506592 0.7098524570465088 0.9331637024879456 -1 -1 -1 -1 -1 -1 -1 -1 -1
0.5119009613990784 0.5858665704727173 0.9744670391082764 -1 -1 -1 -1 -1 -1 -1 -1 -1
0.47706836462020874 0.8190585374832153 0.9541054964065552 -1 -1 -1 -1 -1 -1 -1 -1 -1
0.5115828514099121 0.6794606447219849 0.9591308236122131 -1 -1 -1 -1 -1 -1 -1 -1 -1
0.4715604782104492 0.8417665362358093 0.9686873555183411 -1 -1 -1 -1 -1 -1 -1 -1 -1
0.5050512552261353 0.6942269206047058 0.953213632106781 -1 -1 -1 -1 -1 -1 -1 -1 -1
0.503786027431488 0.854709267616272 0.9268873929977417 -1 -1 -1 -1 -1 -1 -1 -1 -1
0.528245210647583 0.7013732194900513 0.9310856461524963 -1 -1 -1 -1 -1 -1 -1 -1 -1
1 
33 
-1 -1 -1 -1 -1 -1 -1 -1 -1 -1
0.488606333732605 0.3864606022834778 0.9953271150588989 -1 -1 -1 -1 -1 -1 -1 -1 -1
0.4873453676700592 0.37643229961395264 0.989941418170929 -1 -1 -1 -1 -1 -1 -1 -1 -1
0.4869653582572937 0.37596410512924194 0.9919180274009705 -1 -1 -1 -1 -1 -1 -1 -1 -1
0.4865347445011139 0.37555813789367676 0.9897679686546326 -1 -1 -1 -1 -1 -1 -1 -1 -1
0.48612621426582336 0.3762436807155609 0.9903207421302795 -1 -1 -1 -1 -1 -1 -1 -1 -1
0.4850490987300873 0.375720739364624 0.9916172623634338 -1 -1 -1 -1 -1 -1 -1 -1 -1
0.4839792251586914 0.3753492832183838 0.9885045886039734 -1 -1 -1 -1 -1 -1 -1 -1 -1
0.47880712151527405 0.37519749999046326 0.9902661442756653 -1 -1 -1 -1 -1 -1 -1 -1 -1
0.4777117073535919 0.37801915407180786 0.9896667003631592 -1 -1 -1 -1 -1 -1 -1 -1 -1
0.4852467179298401 0.3935553729534149 0.9872431755065918 -1 -1 -1 -1 -1 -1 -1 -1 -1
0.4841359257698059 0.39245933294296265 0.9865944385528564 -1 -1 -1 -1 -1 -1 -1 -1 -1
0.4593428671360016 0.4065453112125397 0.9965835213661194 -1 -1 -1 -1 -1 -1 -1 -1 -1
0.46798545122146606 0.407288134098053 0.99968421459198 -1 -1 -1 -1 -1 -1 -1 -1 -1
0.47138944268226624 0.33267802000045776 0.1321970373392105 -1 -1 -1 -1 -1 -1 -1 -1 -1
0.48236462473869324 0.3310314118862152 0.9756956696510315 -1 -1 -1 -1 -1 -1 -1 -1 -1
0.4793703854084015 0.25998175144195557 0.464845210313797 -1 -1 -1 -1 -1 -1 -1 -1 -1
0.49689069390296936 0.2671561539173126 0.9801510572433472 -1 -1 -1 -1 -1 -1 -1 -1 -1
0.47585004568099976 0.24222564697265625 0.5545427799224854 -1 -1 -1 -1 -1 -1 -1 -1 -1
0.49059954285621643 0.24033647775650024 0.9710054993629456 -1 -1 -1 -1 -1 -1 -1 -1 -1
0.4793552756309509 0.23984825611114502 0.5488299131393433 -1 -1 -1 -1 -1 -1 -1 -1 -1
0.49586933851242065 0.2420373260974884 0.9640108942985535 -1 -1 -1 -1 -1 -1 -1 -1 -1
0.48154354095458984 0.24477159976959229 0.5657919645309448 -1 -1 -1 -1 -1 -1 -1 -1 -1
0.49487224221229553 0.2503526210784912 0.9456645250320435 -1 -1 -1 -1 -1 -1 -1 -1 -1
0.47024378180503845 0.5560365915298462 0.9990574717521667 -1 -1 -1 -1 -1 -1 -1 -1 -1
0.4663228988647461 0.5719537138938904 0.9996466636657715 -1 -1 -1 -1 -1 -1 -1 -1 -1
0.5146582722663879 0.5231035947799683 0.3140607476234436 -1 -1 -1 -1 -1 -1 -1 -1 -1
0.47682756185531616 0.6843509674072266 0.988640546798706 -1 -1 -1 -1 -1 -1 -1 -1 -1
0.5107743740081787 0.5723519325256348 0.4243412911891937 -1 -1 -1 -1 -1 -1 -1 -1 -1
0.48077043890953064 0.8019600510597229 0.9929203391075134 -1 -1 -1 -1 -1 -1 -1 -1 -1
0.5074147582054138 0.5787013173103333 0.6506491899490356 -1 -1 -1 -1 -1 -1 -1 -1 -1
0.47561877965927124 0.8214267492294312 0.9919883012771606 -1 -1 -1 -1 -1 -1 -1 -1 -1
0.5223476886749268 0.5910458564758301 0.6226852536201477 -1 -1 -1 -1 -1 -1 -1 -1 -1
0.5059642791748047 0.8333511352539062 0.9853169322013855 -1 -1 -1 -1 -1 -1 -1 -1 -1
1 
33 
-1 -1 -1 -1 -1 -1 -1 -1 -1 -1
0.48629632592201233 0.3400994837284088 0.9953653812408447 -1 -1 -1 -1 -1 -1 -1 -1 -1
0.48428934812545776 0.32700687646865845 0.9937740564346313 -1 -1 -1 -1 -1 -1 -1 -1 -1
0.48390570282936096 0.32599562406539917 0.9925519227981567 -1 -1 -1 -1 -1 -1 -1 -1 -1
0.4833155572414398 0.3244747221469879 0.9924995303153992 -1 -1 -1 -1 -1 -1 -1 -1 -1
0.4829080104827881 0.32712846994400024 0.9939470291137695 -1 -1 -1 -1 -1 -1 -1 -1 -1
0.48173654079437256 0.3265460729598999 0.9933075904846191 -1 -1 -1 -1 -1 -1 -1 -1 -1
0.4803369343280792 0.3255150616168976 0.9928464293479919 -1 -1 -1 -1 -1 -1 -1 -1 -1
0.47680243849754333 0.3278322219848633 0.9927549958229065 -1 -1 -1 -1 -1 -1 -1 -1 -1
0.4739063084125519 0.33047300577163696 0.9911476373672485 -1 -1 -1 -1 -1 -1 -1 -1 -1
0.483303427696228 0.34968501329421997 0.9915249943733215 -1 -1 -1 -1 -1 -1 -1 -1 -1
0.4821380376815796 0.3494792580604553 0.9895833730697632 -1 -1 -1 -1 -1 -1 -1 -1 -1
0.4651923179626465 0.3886367380619049 0.9950454235076904 -1 -1 -1 -1 -1 -1 -1 -1 -1
0.46992120146751404 0.3734617233276367 0.9993882179260254 -1 -1 -1 -1 -1 -1 -1 -1 -1
0.4746825695037842 0.32890522480010986 0.06859782338142395 -1 -1 -1 -1 -1 -1 -1 -1 -1
0.47622019052505493 0.27463990449905396 0.9759942293167114 -1 -1 -1 -1 -1 -1 -1 -1 -1
0.4740106463432312 0.273747056722641 0.29863113164901733 -1 -1 -1 -1 -1 -1 -1 -1 -1
0.48084792494773865 0.20760563015937805 0.9738327264785767 -1 -1 -1 -1 -1 -1 -1 -1 -1
0.4719662368297577 0.26359352469444275 0.34516286849975586 -1 -1 -1 -1 -1 -1 -1 -1 -1
0.4810308516025543 0.18910786509513855 0.9664344787597656 -1 -1 -1 -1 -1 -1 -1 -1 -1
0.47212398052215576 0.2573610246181488 0.3475225865840912 -1 -1 -1 -1 -1 -1 -1 -1 -1
0.4766048789024353 0.19155225157737732 0.9589206576347351 -1 -1 -1 -1 -1 -1 -1 -1 -1
0.47347575426101685 0.26183900237083435 0.376209557056427 -1 -1 -1 -1 -1 -1 -1 -1 -1
0.47666510939598083 0.19536089897155762 0.9387321472167969 -1 -1 -1 -1 -1 -1 -1 -1 -1
0.4740661382675171 0.5450364351272583 0.9989684820175171 -1 -1 -1 -1 -1 -1 -1 -1 -1
0.4693777859210968 0.5501132011413574 0.9997424483299255 -1 -1 -1 -1 -1 -1 -1 -1 -1
0.49850863218307495 0.5314568281173706 0.09019850939512253 -1 -1 -1 -1 -1 -1 -1 -1 -1
0.47334563732147217 0.6605381965637207 0.9777270555496216 -1 -1 -1 -1 -1 -1 -1 -1 -1
0.49898281693458557 0.6095196008682251 0.18782909214496613 -1 -1 -1 -1 -1 -1 -1 -1 -1
0.48240476846694946 0.7819591760635376 0.9844669103622437 -1 -1 -1 -1 -1 -1 -1 -1 -1
0.4946821630001068 0.618974506855011 0.4568536579608917 -1 -1 -1 -1 -1 -1 -1 -1 -1
0.47928884625434875 0.8019434809684753 0.9869824051856995 -1 -1 -1 -1 -1 -1 -1 -1 -1
0.5205480456352234 0.6279362440109253 0.38229650259017944 -1 -1 -1 -1 -1 -1 -1 -1 -1
0.5114133358001709 0.8193016052246094 0.9712437391281128 -1 -1 -1 -1 -1 -1 -1 -1 -1
1 
33 
-1 -1 -1 -1 -1 -1 -1 -1 -1 -1
0.48097947239875793 0.33133476972579956 0.9773072004318237 -1 -1 -1 -1 -1 -1 -1 -1 -1
0.4784804582595825 0.32207465171813965 0.9754233956336975 -1 -1 -1 -1 -1 -1 -1 -1 -1
0.4781978130340576 0.32142022252082825 0.9700338244438171 -1 -1 -1 -1 -1 -1 -1 -1 -1
0.47773081064224243 0.32030946016311646 0.9722501039505005 -1 -1 -1 -1 -1 -1 -1 -1 -1
0.47734755277633667 0.32225117087364197 0.9773780703544617 -1 -1 -1 -1 -1 -1 -1 -1 -1
0.4758687913417816 0.3219073414802551 0.9712031483650208 -1 -1 -1 -1 -1 -1 -1 -1 -1
0.4744158089160919 0.32124564051628113 0.9680993556976318 -1 -1 -1 -1 -1 -1 -1 -1 -1
0.47138169407844543 0.3238217234611511 0.9732349514961243 -1 -1 -1 -1 -1 -1 -1 -1 -1
0.46773239970207214 0.327792227268219 0.9580296277999878 -1 -1 -1 -1 -1 -1 -1 -1 -1
0.479253888130188 0.34224075078964233 0.9653878211975098 -1 -1 -1 -1 -1 -1 -1 -1 -1
0.4778567850589752 0.34256428480148315 0.948563277721405 -1 -1 -1 -1 -1 -1 -1 -1 -1
0.4665360450744629 0.359810471534729 0.9883393049240112 -1 -1 -1 -1 -1 -1 -1 -1 -1
0.4650479257106781 0.3692590594291687 0.9963598847389221 -1 -1 -1 -1 -1 -1 -1 -1 -1
0.47248098254203796 0.2835550308227539 0.11779502779245377 -1 -1 -1 -1 -1 -1 -1 -1 -1
0.47452810406684875 0.28101545572280884 0.9203599691390991 -1 -1 -1 -1 -1 -1 -1 -1 -1
0.4801134765148163 0.21205389499664307 0.3800932466983795 -1 -1 -1 -1 -1 -1 -1 -1 -1
0.4787415862083435 0.20590341091156006 0.9184489250183105 -1 -1 -1 -1 -1 -1 -1 -1 -1
0.48008617758750916 0.19083359837532043 0.44632989168167114 -1 -1 -1 -1 -1 -1 -1 -1 -1
0.476521372795105 0.18805760145187378 0.9049882888793945 -1 -1 -1 -1 -1 -1 -1 -1 -1
0.4782101809978485 0.1858927607536316 0.44031453132629395 -1 -1 -1 -1 -1 -1 -1 -1 -1
0.47306281328201294 0.1865094006061554 0.884030818939209 -1 -1 -1 -1 -1 -1 -1 -1 -1
0.47673994302749634 0.19889476895332336 0.4715774357318878 -1 -1 -1 -1 -1 -1 -1 -1 -1
0.4735688269138336 0.1915750503540039 0.8366854786872864 -1 -1 -1 -1 -1 -1 -1 -1 -1
0.4733416736125946 0.5072125792503357 0.9964895844459534 -1 -1 -1 -1 -1 -1 -1 -1 -1
0.46483904123306274 0.5231162309646606 0.9986466765403748 -1 -1 -1 -1 -1 -1 -1 -1 -1
0.5073012113571167 0.48718300461769104 0.18873855471611023 -1 -1 -1 -1 -1 -1 -1 -1 -1
0.4690897464752197 0.6376507878303528 0.9644746780395508 -1 -1 -1 -1 -1 -1 -1 -1 -1
0.501603901386261 0.5494284629821777 0.14491006731987 -1 -1 -1 -1 -1 -1 -1 -1 -1
0.47701436281204224 0.7548857927322388 0.9793466925621033 -1 -1 -1 -1 -1 -1 -1 -1 -1
0.4947317838668823 0.5576419830322266 0.3508260250091553 -1 -1 -1 -1 -1 -1 -1 -1 -1
0.47300517559051514 0.7752359509468079 0.9799198508262634 -1 -1 -1 -1 -1 -1 -1 -1 -1
0.5235587358474731 0.5770436525344849 0.29436832666397095 -1 -1 -1 -1 -1 -1 -1 -1 -1
0.4946017563343048 0.8040260672569275 0.9610142707824707 -1 -1 -1 -1 -1 -1 -1 -1 -1
1 
33 
-1 -1 -1 -1 -1 -1 -1 -1 -1 -1
0.4924767017364502 0.3174664080142975 0.9792250990867615 -1 -1 -1 -1 -1 -1 -1 -1 -1
0.4906665086746216 0.3053995966911316 0.9676327705383301 -1 -1 -1 -1 -1 -1 -1 -1 -1
0.49047914147377014 0.30481594800949097 0.9553755521774292 -1 -1 -1 -1 -1 -1 -1 -1 -1
0.4902206361293793 0.30432945489883423 0.9691745638847351 -1 -1 -1 -1 -1 -1 -1 -1 -1
0.48892056941986084 0.3049652576446533 0.9682042598724365 -1 -1 -1 -1 -1 -1 -1 -1 -1
0.4875876307487488 0.3040614128112793 0.964523434638977 -1 -1 -1 -1 -1 -1 -1 -1 -1
0.48615923523902893 0.3033145070075989 0.9725478291511536 -1 -1 -1 -1 -1 -1 -1 -1 -1
0.48205676674842834 0.30649465322494507 0.9646204113960266 -1 -1 -1 -1 -1 -1 -1 -1 -1
0.4783300459384918 0.30562910437583923 0.959323525428772 -1 -1 -1 -1 -1 -1 -1 -1 -1
0.48927727341651917 0.3234770596027374 0.9624465107917786 -1 -1 -1 -1 -1 -1 -1 -1 -1
0.48773548007011414 0.32263433933258057 0.9568345546722412 -1 -1 -1 -1 -1 -1 -1 -1 -1
0.4666149914264679 0.35025811195373535 0.9932308197021484 -1 -1 -1 -1 -1 -1 -1 -1 -1
0.46599841117858887 0.3363545536994934 0.9987233281135559 -1 -1 -1 -1 -1 -1 -1 -1 -1
0.4707063138484955 0.2954779267311096 0.02230796404182911 -1 -1 -1 -1 -1 -1 -1 -1 -1
0.4756792485713959 0.2595810294151306 0.9755124449729919 -1 -1 -1 -1 -1 -1 -1 -1 -1
0.47474268078804016 0.2869133949279785 0.06343501806259155 -1 -1 -1 -1 -1 -1 -1 -1 -1
0.48085612058639526 0.18735796213150024 0.976443350315094 -1 -1 -1 -1 -1 -1 -1 -1 -1
0.4749332070350647 0.28260815143585205 0.10098908841609955 -1 -1 -1 -1 -1 -1 -1 -1 -1
0.4810631573200226 0.17015954852104187 0.9694007039070129 -1 -1 -1 -1 -1 -1 -1 -1 -1
0.4730359613895416 0.2765718102455139 0.10206680744886398 -1 -1 -1 -1 -1 -1 -1 -1 -1
0.4795360267162323 0.16713696718215942 0.9625886678695679 -1 -1 -1 -1 -1 -1 -1 -1 -1
0.4732331335544586 0.27770286798477173 0.12462688982486725 -1 -1 -1 -1 -1 -1 -1 -1 -1
0.47917431592941284 0.17288252711296082 0.9368323087692261 -1 -1 -1 -1 -1 -1 -1 -1 -1
0.46767187118530273 0.5043643712997437 0.994662344455719 -1 -1 -1 -1 -1 -1 -1 -1 -1
0.4672776758670807 0.4997081458568573 0.996625542640686 -1 -1 -1 -1 -1 -1 -1 -1 -1
0.5166271924972534 0.4876750707626343 0.05869670584797859 -1 -1 -1 -1 -1 -1 -1 -1 -1
0.47341200709342957 0.6203049421310425 0.8477156162261963 -1 -1 -1 -1 -1 -1 -1 -1 -1
0.49957603216171265 0.5635907053947449 0.040352676063776016 -1 -1 -1 -1 -1 -1 -1 -1 -1
0.4763798415660858 0.7383147478103638 0.8830305337905884 -1 -1 -1 -1 -1 -1 -1 -1 -1
0.4937745928764343 0.5646051168441772 0.10236848890781403 -1 -1 -1 -1 -1 -1 -1 -1 -1
0.47224190831184387 0.7527934908866882 0.9161736965179443 -1 -1 -1 -1 -1 -1 -1 -1 -1
0.5094719529151917 0.584677517414093 0.08886821568012238 -1 -1 -1 -1 -1 -1 -1 -1 -1
0.4908270537853241 0.7546257972717285 0.8421125411987305 -1 -1 -1 -1 -1 -1 -1 -1 -1
1 
33 
-1 -1 -1 -1 -1 -1 -1 -1 -1 -1
0.4871358275413513 0.30634117126464844 0.9988692402839661 -1 -1 -1 -1 -1 -1 -1 -1 -1
0.48543813824653625 0.29560136795043945 0.9973766803741455 -1 -1 -1 -1 -1 -1 -1 -1 -1
0.4849975109100342 0.2956649661064148 0.9974644184112549 -1 -1 -1 -1 -1 -1 -1 -1 -1
0.4844723343849182 0.29584985971450806 0.997549831867218 -1 -1 -1 -1 -1 -1 -1 -1 -1
0.48429593443870544 0.294846773147583 0.9975148439407349 -1 -1 -1 -1 -1 -1 -1 -1 -1
0.4831339120864868 0.2943366765975952 0.99748295545578 -1 -1 -1 -1 -1 -1 -1 -1 -1
0.4818981885910034 0.2939680814743042 0.9969490170478821 -1 -1 -1 -1 -1 -1 -1 -1 -1
0.4761035740375519 0.2994127869606018 0.9979641437530518 -1 -1 -1 -1 -1 -1 -1 -1 -1
0.47417518496513367 0.2983795404434204 0.9975572824478149 -1 -1 -1 -1 -1 -1 -1 -1 -1
0.4849480390548706 0.3151811361312866 0.9977896213531494 -1 -1 -1 -1 -1 -1 -1 -1 -1
0.48387864232063293 0.3144645690917969 0.9974627494812012 -1 -1 -1 -1 -1 -1 -1 -1 -1
0.4646472930908203 0.34335196018218994 0.9978739023208618 -1 -1 -1 -1 -1 -1 -1 -1 -1
0.46611660718917847 0.33290040493011475 0.9997751116752625 -1 -1 -1 -1 -1 -1 -1 -1 -1
0.47042644023895264 0.26440054178237915 0.14893171191215515 -1 -1 -1 -1 -1 -1 -1 -1 -1
0.4752660095691681 0.2533023953437805 0.9841252565383911 -1 -1 -1 -1 -1 -1 -1 -1 -1
0.4807513952255249 0.19957038760185242 0.2996005117893219 -1 -1 -1 -1 -1 -1 -1 -1 -1
0.4815259277820587 0.17718321084976196 0.9682361483573914 -1 -1 -1 -1 -1 -1 -1 -1 -1
0.4773366451263428 0.18092846870422363 0.36557766795158386 -1 -1 -1 -1 -1 -1 -1 -1 -1
0.4835171401500702 0.16294696927070618 0.9616557955741882 -1 -1 -1 -1 -1 -1 -1 -1 -1
0.47685134410858154 0.1788443624973297 0.3630359470844269 -1 -1 -1 -1 -1 -1 -1 -1 -1
0.4820324182510376 0.1605394184589386 0.9496549367904663 -1 -1 -1 -1 -1 -1 -1 -1 -1
0.4753493368625641 0.19006332755088806 0.3991442918777466 -1 -1 -1 -1 -1 -1 -1 -1 -1
0.4807411730289459 0.1653957962989807 0.9271300435066223 -1 -1 -1 -1 -1 -1 -1 -1 -1
0.4666692912578583 0.50386643409729 0.9988694787025452 -1 -1 -1 -1 -1 -1 -1 -1 -1
0.46551379561424255 0.5075349807739258 0.9996298551559448 -1 -1 -1 -1 -1 -1 -1 -1 -1
0.5161294341087341 0.48726895451545715 0.17555758357048035 -1 -1 -1 -1 -1 -1 -1 -1 -1
0.4695626199245453 0.6233854293823242 0.9815919399261475 -1 -1 -1 -1 -1 -1 -1 -1 -1
0.5084729790687561 0.5247838497161865 0.11197555065155029 -1 -1 -1 -1 -1 -1 -1 -1 -1
0.47733116149902344 0.7446293234825134 0.9769594669342041 -1 -1 -1 -1 -1 -1 -1 -1 -1
0.506202757358551 0.5247266888618469 0.3086355924606323 -1 -1 -1 -1 -1 -1 -1 -1 -1
0.4744310677051544 0.7586879134178162 0.9843369126319885 -1 -1 -1 -1 -1 -1 -1 -1 -1
0.5162964463233948 0.5362205505371094 0.288949579000473 -1 -1 -1 -1 -1 -1 -1 -1 -1
0.4970402717590332 0.7840480804443359 0.9581845998764038 -1 -1 -1 -1 -1 -1 -1 -1 -1
1 
33 
-1 -1 -1 -1 -1 -1 -1 -1 -1 -1
0.48658427596092224 0.2945375442504883 0.9962801337242126 -1 -1 -1 -1 -1 -1 -1 -1 -1
0.4836394488811493 0.2867759168148041 0.9952303171157837 -1 -1 -1 -1 -1 -1 -1 -1 -1
0.48363998532295227 0.2867472767829895 0.9929076433181763 -1 -1 -1 -1 -1 -1 -1 -1 -1
0.48361918330192566 0.2864789664745331 0.9949820637702942 -1 -1 -1 -1 -1 -1 -1 -1 -1
0.4809514880180359 0.2861891984939575 0.9961112141609192 -1 -1 -1 -1 -1 -1 -1 -1 -1
0.47914835810661316 0.28578492999076843 0.9945480227470398 -1 -1 -1 -1 -1 -1 -1 -1 -1
0.47725823521614075 0.28525424003601074 0.9952070116996765 -1 -1 -1 -1 -1 -1 -1 -1 -1
0.4764288067817688 0.29160773754119873 0.9941452741622925 -1 -1 -1 -1 -1 -1 -1 -1 -1
0.46881821751594543 0.29138505458831787 0.993683934211731 -1 -1 -1 -1 -1 -1 -1 -1 -1
0.4871121644973755 0.305215448141098 0.9931387305259705 -1 -1 -1 -1 -1 -1 -1 -1 -1
0.48403337597846985 0.3050426244735718 0.9922450184822083 -1 -1 -1 -1 -1 -1 -1 -1 -1
0.4696856141090393 0.33457911014556885 0.9914549589157104 -1 -1 -1 -1 -1 -1 -1 -1 -1
0.4641813039779663 0.33140015602111816 0.998005211353302 -1 -1 -1 -1 -1 -1 -1 -1 -1
0.4757607579231262 0.25478410720825195 0.17243628203868866 -1 -1 -1 -1 -1 -1 -1 -1 -1
0.47496360540390015 0.25386399030685425 0.9843286275863647 -1 -1 -1 -1 -1 -1 -1 -1 -1
0.4844415783882141 0.17721664905548096 0.3999832272529602 -1 -1 -1 -1 -1 -1 -1 -1 -1
0.4836285412311554 0.17230728268623352 0.9689744114875793 -1 -1 -1 -1 -1 -1 -1 -1 -1
0.48712459206581116 0.16083240509033203 0.4222384989261627 -1 -1 -1 -1 -1 -1 -1 -1 -1
0.4872605800628662 0.15657037496566772 0.9458521008491516 -1 -1 -1 -1 -1 -1 -1 -1 -1
0.48708412051200867 0.1571744978427887 0.42490530014038086 -1 -1 -1 -1 -1 -1 -1 -1 -1
0.4860427975654602 0.15255683660507202 0.9319823384284973 -1 -1 -1 -1 -1 -1 -1 -1 -1
0.48595818877220154 0.16288569569587708 0.46267393231391907 -1 -1 -1 -1 -1 -1 -1 -1 -1
0.48465198278427124 0.15849334001541138 0.8980627059936523 -1 -1 -1 -1 -1 -1 -1 -1 -1
0.47562187910079956 0.5019189715385437 0.9971441626548767 -1 -1 -1 -1 -1 -1 -1 -1 -1
0.4695085883140564 0.5022575259208679 0.9985848665237427 -1 -1 -1 -1 -1 -1 -1 -1 -1
0.5157626867294312 0.5158209204673767 0.34422066807746887 -1 -1 -1 -1 -1 -1 -1 -1 -1
0.4708375632762909 0.6125295758247375 0.9777873754501343 -1 -1 -1 -1 -1 -1 -1 -1 -1
0.5078436732292175 0.6067735552787781 0.29138490557670593 -1 -1 -1 -1 -1 -1 -1 -1 -1
0.4781914949417114 0.7366297841072083 0.9865896701812744 -1 -1 -1 -1 -1 -1 -1 -1 -1
0.501028835773468 0.6141893863677979 0.47549861669540405 -1 -1 -1 -1 -1 -1 -1 -1 -1
0.4738864004611969 0.7559065818786621 0.9822871088981628 -1 -1 -1 -1 -1 -1 -1 -1 -1
0.5246564149856567 0.6390159130096436 0.44215261936187744 -1 -1 -1 -1 -1 -1 -1 -1 -1
0.48818933963775635 0.7829571962356567 0.9697898030281067 -1 -1 -1 -1 -1 -1 -1 -1 -1
1 
33 
-1 -1 -1 -1 -1 -1 -1 -1 -1 -1
0.48349499702453613 0.2704651951789856 0.9991452693939209 -1 -1 -1 -1 -1 -1 -1 -1 -1
0.47836145758628845 0.2629922032356262 0.9980496168136597 -1 -1 -1 -1 -1 -1 -1 -1 -1
0.47747060656547546 0.26296254992485046 0.9979028701782227 -1 -1 -1 -1 -1 -1 -1 -1 -1
0.47639748454093933 0.2628389596939087 0.9980422258377075 -1 -1 -1 -1 -1 -1 -1 -1 -1
0.47760888934135437 0.26347362995147705 0.9988238215446472 -1 -1 -1 -1 -1 -1 -1 -1 -1
0.4762440025806427 0.26389801502227783 0.9987095594406128 -1 -1 -1 -1 -1 -1 -1 -1 -1
0.4747360646724701 0.26444005966186523 0.9986088871955872 -1 -1 -1 -1 -1 -1 -1 -1 -1
0.46354201436042786 0.26479506492614746 0.997262716293335 -1 -1 -1 -1 -1 -1 -1 -1 -1
0.4649103879928589 0.26924335956573486 0.9986465573310852 -1 -1 -1 -1 -1 -1 -1 -1 -1
0.4828355312347412 0.2794947326183319 0.9969906806945801 -1 -1 -1 -1 -1 -1 -1 -1 -1
0.4816080629825592 0.2794904410839081 0.9972947239875793 -1 -1 -1 -1 -1 -1 -1 -1 -1
0.46685248613357544 0.3103344440460205 0.9971562623977661 -1 -1 -1 -1 -1 -1 -1 -1 -1
0.46654582023620605 0.31844842433929443 0.9995984435081482 -1 -1 -1 -1 -1 -1 -1 -1 -1
0.47833871841430664 0.2393759936094284 0.1229284256696701 -1 -1 -1 -1 -1 -1 -1 -1 -1
0.48138701915740967 0.2423064261674881 0.9804785847663879 -1 -1 -1 -1 -1 -1 -1 -1 -1
0.4872037172317505 0.16455909609794617 0.28888899087905884 -1 -1 -1 -1 -1 -1 -1 -1 -1
0.48775869607925415 0.1646299958229065 0.9568468928337097 -1 -1 -1 -1 -1 -1 -1 -1 -1
0.4886188805103302 0.14762166142463684 0.3455103635787964 -1 -1 -1 -1 -1 -1 -1 -1 -1
0.49022945761680603 0.14822915196418762 0.9286182522773743 -1 -1 -1 -1 -1 -1 -1 -1 -1
0.4880830943584442 0.14625683426856995 0.3486108183860779 -1 -1 -1 -1 -1 -1 -1 -1 -1
0.48777419328689575 0.14594382047653198 0.9130969643592834 -1 -1 -1 -1 -1 -1 -1 -1 -1
0.48777642846107483 0.15188592672348022 0.3775339722633362 -1 -1 -1 -1 -1 -1 -1 -1 -1
0.4873642325401306 0.15266156196594238 0.8674987554550171 -1 -1 -1 -1 -1 -1 -1 -1 -1
0.48485445976257324 0.47593557834625244 0.9989965558052063 -1 -1 -1 -1 -1 -1 -1 -1 -1
0.4733864367008209 0.49118733406066895 0.9995973706245422 -1 -1 -1 -1 -1 -1 -1 -1 -1
0.5204214453697205 0.48899176716804504 0.6154404282569885 -1 -1 -1 -1 -1 -1 -1 -1 -1
0.473970890045166 0.590438187122345 0.9883671402931213 -1 -1 -1 -1 -1 -1 -1 -1 -1
0.5389875769615173 0.5299171209335327 0.7395051717758179 -1 -1 -1 -1 -1 -1 -1 -1 -1
0.4798809587955475 0.718569278717041 0.9903538227081299 -1 -1 -1 -1 -1 -1 -1 -1 -1
0.5391495227813721 0.5405992269515991 0.8000369071960449 -1 -1 -1 -1 -1 -1 -1 -1 -1
0.47580426931381226 0.7332465052604675 0.9801868796348572 -1 -1 -1 -1 -1 -1 -1 -1 -1
0.5590231418609619 0.527593731880188 0.8166042566299438 -1 -1 -1 -1 -1 -1 -1 -1 -1
0.49135613441467285 0.7620534896850586 0.9811974167823792 -1 -1 -1 -1 -1 -1 -1 -1 -1
1 
33 
-1 -1 -1 -1 -1 -1 -1 -1 -1 -1
0.49032774567604065 0.2882399559020996 0.9885908961296082 -1 -1 -1 -1 -1 -1 -1 -1 -1
0.4889119565486908 0.2784954309463501 0.982778012752533 -1 -1 -1 -1 -1 -1 -1 -1 -1
0.4883992671966553 0.2782897353172302 0.9738984704017639 -1 -1 -1 -1 -1 -1 -1 -1 -1
0.4877479374408722 0.27803683280944824 0.9804941415786743 -1 -1 -1 -1 -1 -1 -1 -1 -1
0.4881671965122223 0.27834266424179077 0.9883096218109131 -1 -1 -1 -1 -1 -1 -1 -1 -1
0.4871404767036438 0.27804821729660034 0.9856259226799011 -1 -1 -1 -1 -1 -1 -1 -1 -1
0.48491090536117554 0.27695590257644653 0.9877299666404724 -1 -1 -1 -1 -1 -1 -1 -1 -1
0.4785833954811096 0.28094327449798584 0.969864010810852 -1 -1 -1 -1 -1 -1 -1 -1 -1
0.47529852390289307 0.2792167067527771 0.9802616834640503 -1 -1 -1 -1 -1 -1 -1 -1 -1
0.4876247048377991 0.2953888177871704 0.9777413010597229 -1 -1 -1 -1 -1 -1 -1 -1 -1
0.4869472086429596 0.29524660110473633 0.9843355417251587 -1 -1 -1 -1 -1 -1 -1 -1 -1
0.46811187267303467 0.3139358162879944 0.971094012260437 -1 -1 -1 -1 -1 -1 -1 -1 -1
0.4694727063179016 0.30487361550331116 0.9976842403411865 -1 -1 -1 -1 -1 -1 -1 -1 -1
0.4791925549507141 0.24086590111255646 0.14927281439304352 -1 -1 -1 -1 -1 -1 -1 -1 -1
0.48378679156303406 0.22785736620426178 0.9852462410926819 -1 -1 -1 -1 -1 -1 -1 -1 -1
0.4888746738433838 0.17305147647857666 0.40507972240448 -1 -1 -1 -1 -1 -1 -1 -1 -1
0.4893459379673004 0.16039028763771057 0.985619306564331 -1 -1 -1 -1 -1 -1 -1 -1 -1
0.4900112748146057 0.1582440733909607 0.499128133058548 -1 -1 -1 -1 -1 -1 -1 -1 -1
0.48930874466896057 0.14957144856452942 0.9827660322189331 -1 -1 -1 -1 -1 -1 -1 -1 -1
0.48973119258880615 0.15713319182395935 0.4959670305252075 -1 -1 -1 -1 -1 -1 -1 -1 -1
0.4888375401496887 0.1485523283481598 0.9777863621711731 -1 -1 -1 -1 -1 -1 -1 -1 -1
0.48917239904403687 0.16263273358345032 0.5043517351150513 -1 -1 -1 -1 -1 -1 -1 -1 -1
0.4888361692428589 0.1513834297657013 0.9611386656761169 -1 -1 -1 -1 -1 -1 -1 -1 -1
0.46698904037475586 0.47326532006263733 0.9950048327445984 -1 -1 -1 -1 -1 -1 -1 -1 -1
0.4608677923679352 0.4681522846221924 0.997967541217804 -1 -1 -1 -1 -1 -1 -1 -1 -1
0.5080311298370361 0.5274569392204285 0.4508008062839508 -1 -1 -1 -1 -1 -1 -1 -1 -1
0.474436491727829 0.5939648747444153 0.9678928256034851 -1 -1 -1 -1 -1 -1 -1 -1 -1
0.47512486577033997 0.5970122218132019 0.28360408544540405 -1 -1 -1 -1 -1 -1 -1 -1 -1
0.47652414441108704 0.7148470878601074 0.98799729347229 -1 -1 -1 -1 -1 -1 -1 -1 -1
0.4671812951564789 0.601876437664032 0.45107996463775635 -1 -1 -1 -1 -1 -1 -1 -1 -1
0.47299298644065857 0.7275192737579346 0.9871216416358948 -1 -1 -1 -1 -1 -1 -1 -1 -1
0.4819849729537964 0.6396884918212891 0.46421509981155396 -1 -1 -1 -1 -1 -1 -1 -1 -1
0.49753621220588684 0.7359633445739746 0.9752146005630493 -1 -1 -1 -1 -1 -1 -1 -1 -1
1 
33 
-1 -1 -1 -1 -1 -1 -1 -1 -1 -1
0.47908490896224976 0.25591805577278137 0.9996681213378906 -1 -1 -1 -1 -1 -1 -1 -1 -1
0.47875869274139404 0.2500113248825073 0.9998040795326233 -1 -1 -1 -1 -1 -1 -1 -1 -1
0.47936660051345825 0.2501414120197296 0.9997062087059021 -1 -1 -1 -1 -1 -1 -1 -1 -1
0.4799787104129791 0.2502903640270233 0.9997934699058533 -1 -1 -1 -1 -1 -1 -1 -1 -1
0.4762299656867981 0.24958683550357819 0.9997151494026184 -1 -1 -1 -1 -1 -1 -1 -1 -1
0.47499650716781616 0.24948956072330475 0.9996473789215088 -1 -1 -1 -1 -1 -1 -1 -1 -1
0.4737851023674011 0.24938899278640747 0.9997193217277527 -1 -1 -1 -1 -1 -1 -1 -1 -1
0.47783926129341125 0.25464949011802673 0.9997147917747498 -1 -1 -1 -1 -1 -1 -1 -1 -1
0.46960753202438354 0.25375622510910034 0.9996009469032288 -1 -1 -1 -1 -1 -1 -1 -1 -1
0.47968509793281555 0.26421666145324707 0.9996623992919922 -1 -1 -1 -1 -1 -1 -1 -1 -1
0.4764701724052429 0.26380178332328796 0.9993189573287964 -1 -1 -1 -1 -1 -1 -1 -1 -1
0.4803321063518524 0.29848790168762207 0.9990752935409546 -1 -1 -1 -1 -1 -1 -1 -1 -1
0.46428900957107544 0.29058533906936646 0.9981021285057068 -1 -1 -1 -1 -1 -1 -1 -1 -1
0.48815372586250305 0.345320463180542 0.11685795336961746 -1 -1 -1 -1 -1 -1 -1 -1 -1
0.46829280257225037 0.3108900785446167 0.7973026037216187 -1 -1 -1 -1 -1 -1 -1 -1 -1
0.493447870016098 0.36086463928222656 0.11139675974845886 -1 -1 -1 -1 -1 -1 -1 -1 -1
0.4761539697647095 0.2830626964569092 0.6973552107810974 -1 -1 -1 -1 -1 -1 -1 -1 -1
0.4955662786960602 0.3667912185192108 0.11285347491502762 -1 -1 -1 -1 -1 -1 -1 -1 -1
0.4776647090911865 0.27601391077041626 0.6244763135910034 -1 -1 -1 -1 -1 -1 -1 -1 -1
0.49544045329093933 0.3628959655761719 0.11764702945947647 -1 -1 -1 -1 -1 -1 -1 -1 -1
0.47746214270591736 0.275367796421051 0.5875626802444458 -1 -1 -1 -1 -1 -1 -1 -1 -1
0.4943969249725342 0.36081287264823914 0.11667061597108841 -1 -1 -1 -1 -1 -1 -1 -1 -1
0.47730982303619385 0.27884364128112793 0.5153353214263916 -1 -1 -1 -1 -1 -1 -1 -1 -1
0.481058806180954 0.39880135655403137 0.9990606904029846 -1 -1 -1 -1 -1 -1 -1 -1 -1
0.4732992649078369 0.39791029691696167 0.9986637830734253 -1 -1 -1 -1 -1 -1 -1 -1 -1
0.4783165752887726 0.48110806941986084 0.32720842957496643 -1 -1 -1 -1 -1 -1 -1 -1 -1
0.4841633439064026 0.4828106760978699 0.4666067659854889 -1 -1 -1 -1 -1 -1 -1 -1 -1
0.475411057472229 0.5525193214416504 0.39885103702545166 -1 -1 -1 -1 -1 -1 -1 -1 -1
0.4842779338359833 0.5557228326797485 0.4733443260192871 -1 -1 -1 -1 -1 -1 -1 -1 -1
0.4733194410800934 0.5620444416999817 0.47613605856895447 -1 -1 -1 -1 -1 -1 -1 -1 -1
0.48381900787353516 0.564333438873291 0.3867819905281067 -1 -1 -1 -1 -1 -1 -1 -1 -1
0.4804368317127228 0.5748263001441956 0.47617650032043457 -1 -1 -1 -1 -1 -1 -1 -1 -1
0.48816823959350586 0.5818208456039429 0.47984907031059265 -1 -1 -1 -1 -1 -1 -1 -1 -1
1 
33 
-1 -1 -1 -1 -1 -1 -1 -1 -1 -1
0.49546360969543457 0.28164196014404297 0.9994251728057861 -1 -1 -1 -1 -1 -1 -1 -1 -1
0.4937717318534851 0.27122050523757935 0.9992383718490601 -1 -1 -1 -1 -1 -1 -1 -1 -1
0.4932483434677124 0.2708294987678528 0.998783528804779 -1 -1 -1 -1 -1 -1 -1 -1 -1
0.4926261007785797 0.27045416831970215 0.9991538524627686 -1 -1 -1 -1 -1 -1 -1 -1 -1
0.4929704964160919 0.2709284722805023 0.9993711113929749 -1 -1 -1 -1 -1 -1 -1 -1 -1
0.4918524920940399 0.27030259370803833 0.9992672801017761 -1 -1 -1 -1 -1 -1 -1 -1 -1
0.49060317873954773 0.26966965198516846 0.9994325041770935 -1 -1 -1 -1 -1 -1 -1 -1 -1
0.4844687581062317 0.27180370688438416 0.9990911483764648 -1 -1 -1 -1 -1 -1 -1 -1 -1
0.48154953122138977 0.27029407024383545 0.9995524287223816 -1 -1 -1 -1 -1 -1 -1 -1 -1
0.49220800399780273 0.2885916233062744 0.9986013770103455 -1 -1 -1 -1 -1 -1 -1 -1 -1
0.491245836019516 0.28803151845932007 0.9991611242294312 -1 -1 -1 -1 -1 -1 -1 -1 -1
0.4750208854675293 0.3145725131034851 0.9971189498901367 -1 -1 -1 -1 -1 -1 -1 -1 -1
0.47124138474464417 0.30756402015686035 0.9992955923080444 -1 -1 -1 -1 -1 -1 -1 -1 -1
0.48597145080566406 0.26350557804107666 0.15628786385059357 -1 -1 -1 -1 -1 -1 -1 -1 -1
0.4827355444431305 0.2326885312795639 0.9914895296096802 -1 -1 -1 -1 -1 -1 -1 -1 -1
0.4904124140739441 0.21609129011631012 0.17554856836795807 -1 -1 -1 -1 -1 -1 -1 -1 -1
0.48317858576774597 0.2049103081226349 0.9291213154792786 -1 -1 -1 -1 -1 -1 -1 -1 -1
0.491146445274353 0.20707571506500244 0.21113170683383942 -1 -1 -1 -1 -1 -1 -1 -1 -1
0.4793468117713928 0.195945143699646 0.8977664113044739 -1 -1 -1 -1 -1 -1 -1 -1 -1
0.4885130822658539 0.2073982059955597 0.21737529337406158 -1 -1 -1 -1 -1 -1 -1 -1 -1
0.4781230688095093 0.2007906436920166 0.8793317675590515 -1 -1 -1 -1 -1 -1 -1 -1 -1
0.4881133735179901 0.21160340309143066 0.2326696217060089 -1 -1 -1 -1 -1 -1 -1 -1 -1
0.47837087512016296 0.20420613884925842 0.8499477505683899 -1 -1 -1 -1 -1 -1 -1 -1 -1
0.4716722369194031 0.47655031085014343 0.9992026686668396 -1 -1 -1 -1 -1 -1 -1 -1 -1
0.4699690341949463 0.4768249988555908 0.9991682767868042 -1 -1 -1 -1 -1 -1 -1 -1 -1
0.49629756808280945 0.5655771493911743 0.2943076193332672 -1 -1 -1 -1 -1 -1 -1 -1 -1
0.48939868807792664 0.5631074905395508 0.9491192102432251 -1 -1 -1 -1 -1 -1 -1 -1 -1
0.48003095388412476 0.6713207960128784 0.3476109206676483 -1 -1 -1 -1 -1 -1 -1 -1 -1
0.47928667068481445 0.668784499168396 0.9365142583847046 -1 -1 -1 -1 -1 -1 -1 -1 -1
0.4723040759563446 0.6832929849624634 0.29486438632011414 -1 -1 -1 -1 -1 -1 -1 -1 -1
0.470034658908844 0.6834748387336731 0.9263412356376648 -1 -1 -1 -1 -1 -1 -1 -1 -1
0.4938216805458069 0.7036395072937012 0.5418398380279541 -1 -1 -1 -1 -1 -1 -1 -1 -1
0.5014678835868835 0.701530933380127 0.9181552529335022 -1 -1 -1 -1 -1 -1 -1 -1 -1
1 
33 
-1 -1 -1 -1 -1 -1 -1 -1 -1 -1
0.49937883019447327 0.2788105607032776 0.9626831412315369 -1 -1 -1 -1 -1 -1 -1 -1 -1
0.4959316849708557 0.26833075284957886 0.9587224721908569 -1 -1 -1 -1 -1 -1 -1 -1 -1
0.49507230520248413 0.2680585980415344 0.9333190321922302 -1 -1 -1 -1 -1 -1 -1 -1 -1
0.4940390884876251 0.2678907513618469 0.9602179527282715 -1 -1 -1 -1 -1 -1 -1 -1 -1
0.4956454336643219 0.2683907747268677 0.9686350226402283 -1 -1 -1 -1 -1 -1 -1 -1 -1
0.4946918487548828 0.26810452342033386 0.9589057564735413 -1 -1 -1 -1 -1 -1 -1 -1 -1
0.4935493469238281 0.2679138481616974 0.970055341720581 -1 -1 -1 -1 -1 -1 -1 -1 -1
0.48382723331451416 0.2745015621185303 0.9120452404022217 -1 -1 -1 -1 -1 -1 -1 -1 -1
0.4838165044784546 0.2724437117576599 0.9599958658218384 -1 -1 -1 -1 -1 -1 -1 -1 -1
0.4964464604854584 0.2856745421886444 0.9344375133514404 -1 -1 -1 -1 -1 -1 -1 -1 -1
0.49615469574928284 0.28485673666000366 0.9372602701187134 -1 -1 -1 -1 -1 -1 -1 -1 -1
0.4680439233779907 0.3105120360851288 0.9775460362434387 -1 -1 -1 -1 -1 -1 -1 -1 -1
0.4748486280441284 0.29735422134399414 0.9948685169219971 -1 -1 -1 -1 -1 -1 -1 -1 -1
0.47867920994758606 0.2396203577518463 0.044153716415166855 -1 -1 -1 -1 -1 -1 -1 -1 -1
0.48650166392326355 0.21945223212242126 0.9832242727279663 -1 -1 -1 -1 -1 -1 -1 -1 -1
0.4913972020149231 0.16750290989875793 0.19308030605316162 -1 -1 -1 -1 -1 -1 -1 -1 -1
0.49475228786468506 0.1469079852104187 0.9732477068901062 -1 -1 -1 -1 -1 -1 -1 -1 -1
0.49211397767066956 0.14229032397270203 0.27659809589385986 -1 -1 -1 -1 -1 -1 -1 -1 -1
0.4947493374347687 0.12793377041816711 0.964901328086853 -1 -1 -1 -1 -1 -1 -1 -1 -1
0.493441104888916 0.13910764455795288 0.2785723805427551 -1 -1 -1 -1 -1 -1 -1 -1 -1
0.4941693842411041 0.12467417120933533 0.9573652148246765 -1 -1 -1 -1 -1 -1 -1 -1 -1
0.4933494031429291 0.1483915150165558 0.3127673864364624 -1 -1 -1 -1 -1 -1 -1 -1 -1
0.4942452907562256 0.13295873999595642 0.9339953064918518 -1 -1 -1 -1 -1 -1 -1 -1 -1
0.4715326428413391 0.48696208000183105 0.9942278861999512 -1 -1 -1 -1 -1 -1 -1 -1 -1
0.4760018289089203 0.4836278259754181 0.9931973218917847 -1 -1 -1 -1 -1 -1 -1 -1 -1
0.48510801792144775 0.6108216643333435 0.0309407040476799 -1 -1 -1 -1 -1 -1 -1 -1 -1
0.48300763964653015 0.6040644645690918 0.6404823064804077 -1 -1 -1 -1 -1 -1 -1 -1 -1
0.48371559381484985 0.7185459136962891 0.04051167517900467 -1 -1 -1 -1 -1 -1 -1 -1 -1
0.48236382007598877 0.7244521975517273 0.6639612317085266 -1 -1 -1 -1 -1 -1 -1 -1 -1
0.4787557125091553 0.7360807657241821 0.14043450355529785 -1 -1 -1 -1 -1 -1 -1 -1 -1
0.4741405248641968 0.7425533533096313 0.8722435832023621 -1 -1 -1 -1 -1 -1 -1 -1 -1
0.5068827271461487 0.7410587668418884 0.07766542583703995 -1 -1 -1 -1 -1 -1 -1 -1 -1
0.5039182901382446 0.7519387602806091 0.6074366569519043 -1 -1 -1 -1 -1 -1 -1 -1 -1
1 
33 
-1 -1 -1 -1 -1 -1 -1 -1 -1 -1
0.49712949991226196 0.27628958225250244 0.9897215962409973 -1 -1 -1 -1 -1 -1 -1 -1 -1
0.4939846694469452 0.2666008472442627 0.9876527786254883 -1 -1 -1 -1 -1 -1 -1 -1 -1
0.4931281805038452 0.26653939485549927 0.9795531630516052 -1 -1 -1 -1 -1 -1 -1 -1 -1
0.49210041761398315 0.2664400637149811 0.9878880381584167 -1 -1 -1 -1 -1 -1 -1 -1 -1
0.4933038055896759 0.2666436433792114 0.9899147748947144 -1 -1 -1 -1 -1 -1 -1 -1 -1
0.4920365512371063 0.2666332721710205 0.9863281846046448 -1 -1 -1 -1 -1 -1 -1 -1 -1
0.4905594289302826 0.26655375957489014 0.9900750517845154 -1 -1 -1 -1 -1 -1 -1 -1 -1
0.48262548446655273 0.2729405164718628 0.970497727394104 -1 -1 -1 -1 -1 -1 -1 -1 -1
0.4814874231815338 0.27216386795043945 0.9868811368942261 -1 -1 -1 -1 -1 -1 -1 -1 -1
0.49288541078567505 0.2838495671749115 0.9831182360649109 -1 -1 -1 -1 -1 -1 -1 -1 -1
0.49249979853630066 0.28330641984939575 0.9852978587150574 -1 -1 -1 -1 -1 -1 -1 -1 -1
0.4726662337779999 0.30976182222366333 0.9866325855255127 -1 -1 -1 -1 -1 -1 -1 -1 -1
0.47647395730018616 0.2996174693107605 0.9972725510597229 -1 -1 -1 -1 -1 -1 -1 -1 -1
0.48444101214408875 0.2317526936531067 0.09739404171705246 -1 -1 -1 -1 -1 -1 -1 -1 -1
0.4865916967391968 0.2266855537891388 0.9910033941268921 -1 -1 -1 -1 -1 -1 -1 -1 -1
0.49659091234207153 0.1606631875038147 0.3348555266857147 -1 -1 -1 -1 -1 -1 -1 -1 -1
0.49576056003570557 0.15217235684394836 0.9821310043334961 -1 -1 -1 -1 -1 -1 -1 -1 -1
0.49696120619773865 0.14204734563827515 0.41320276260375977 -1 -1 -1 -1 -1 -1 -1 -1 -1
0.495728075504303 0.13210219144821167 0.9736844301223755 -1 -1 -1 -1 -1 -1 -1 -1 -1
0.4966922104358673 0.13753482699394226 0.41272878646850586 -1 -1 -1 -1 -1 -1 -1 -1 -1
0.49567416310310364 0.12849995493888855 0.9667900204658508 -1 -1 -1 -1 -1 -1 -1 -1 -1
0.49657076597213745 0.14535662531852722 0.441708505153656 -1 -1 -1 -1 -1 -1 -1 -1 -1
0.4956634044647217 0.13577839732170105 0.949109673500061 -1 -1 -1 -1 -1 -1 -1 -1 -1
0.47304001450538635 0.48391029238700867 0.9960642457008362 -1 -1 -1 -1 -1 -1 -1 -1 -1
0.4771076440811157 0.479895681142807 0.9964752793312073 -1 -1 -1 -1 -1 -1 -1 -1 -1
0.48452696204185486 0.5942173004150391 0.06893372535705566 -1 -1 -1 -1 -1 -1 -1 -1 -1
0.48350465297698975 0.5899947881698608 0.8897585272789001 -1 -1 -1 -1 -1 -1 -1 -1 -1
0.48374494910240173 0.698453962802887 0.11457763612270355 -1 -1 -1 -1 -1 -1 -1 -1 -1
0.48453283309936523 0.7063235640525818 0.9117264151573181 -1 -1 -1 -1 -1 -1 -1 -1 -1
0.47471779584884644 0.7251238226890564 0.29294219613075256 -1 -1 -1 -1 -1 -1 -1 -1 -1
0.4741370677947998 0.7366819381713867 0.9526164531707764 -1 -1 -1 -1 -1 -1 -1 -1 -1
0.49705976247787476 0.7411929368972778 0.22385579347610474 -1 -1 -1 -1 -1 -1 -1 -1 -1
0.4966360330581665 0.7473062872886658 0.8565525412559509 -1 -1 -1 -1 -1 -1 -1 -1 -1
1 
33 
-1 -1 -1 -1 -1 -1 -1 -1 -1 -1
0.5018188953399658 0.27332091331481934 0.991958737373352 -1 -1 -1 -1 -1 -1 -1 -1 -1
0.4995702803134918 0.2655700445175171 0.9888414740562439 -1 -1 -1 -1 -1 -1 -1 -1 -1
0.4986744523048401 0.2651579678058624 0.9829530715942383 -1 -1 -1 -1 -1 -1 -1 -1 -1
0.4975048005580902 0.2644605040550232 0.9889284372329712 -1 -1 -1 -1 -1 -1 -1 -1 -1
0.49937954545021057 0.2658870816230774 0.9913926124572754 -1 -1 -1 -1 -1 -1 -1 -1 -1
0.49851861596107483 0.26579001545906067 0.9893181920051575 -1 -1 -1 -1 -1 -1 -1 -1 -1
0.4974026381969452 0.2653599977493286 0.9911053776741028 -1 -1 -1 -1 -1 -1 -1 -1 -1
0.48850300908088684 0.2681194841861725 0.9775721430778503 -1 -1 -1 -1 -1 -1 -1 -1 -1
0.4887888729572296 0.26821914315223694 0.9905676245689392 -1 -1 -1 -1 -1 -1 -1 -1 -1
0.49793240427970886 0.279921293258667 0.9884955883026123 -1 -1 -1 -1 -1 -1 -1 -1 -1
0.4978395700454712 0.28017404675483704 0.9894400238990784 -1 -1 -1 -1 -1 -1 -1 -1 -1
0.4742206633090973 0.30423682928085327 0.993800699710846 -1 -1 -1 -1 -1 -1 -1 -1 -1
0.4784916341304779 0.29806286096572876 0.9979467988014221 -1 -1 -1 -1 -1 -1 -1 -1 -1
0.485268235206604 0.22838273644447327 0.08219151198863983 -1 -1 -1 -1 -1 -1 -1 -1 -1
0.48908865451812744 0.218450129032135 0.9891524314880371 -1 -1 -1 -1 -1 -1 -1 -1 -1
0.4953179359436035 0.15683075785636902 0.2287321239709854 -1 -1 -1 -1 -1 -1 -1 -1 -1
0.4980526566505432 0.14557987451553345 0.9683418273925781 -1 -1 -1 -1 -1 -1 -1 -1 -1
0.4947134256362915 0.1453515589237213 0.31144022941589355 -1 -1 -1 -1 -1 -1 -1 -1 -1
0.49847182631492615 0.1358608603477478 0.9580594897270203 -1 -1 -1 -1 -1 -1 -1 -1 -1
0.4953402578830719 0.14497509598731995 0.3165530264377594 -1 -1 -1 -1 -1 -1 -1 -1 -1
0.49759528040885925 0.13608548045158386 0.947766125202179 -1 -1 -1 -1 -1 -1 -1 -1 -1
0.4958023428916931 0.14578917622566223 0.35091525316238403 -1 -1 -1 -1 -1 -1 -1 -1 -1
0.4975680708885193 0.13830018043518066 0.9179595112800598 -1 -1 -1 -1 -1 -1 -1 -1 -1
0.4729454517364502 0.4759373366832733 0.9987778067588806 -1 -1 -1 -1 -1 -1 -1 -1 -1
0.4774032235145569 0.4748058617115021 0.9979647397994995 -1 -1 -1 -1 -1 -1 -1 -1 -1
0.4841824769973755 0.5875368714332581 0.0670747235417366 -1 -1 -1 -1 -1 -1 -1 -1 -1
0.4823320209980011 0.5900756120681763 0.892206072807312 -1 -1 -1 -1 -1 -1 -1 -1 -1
0.488849401473999 0.6895006895065308 0.10637342929840088 -1 -1 -1 -1 -1 -1 -1 -1 -1
0.4879363477230072 0.6977001428604126 0.9178967475891113 -1 -1 -1 -1 -1 -1 -1 -1 -1
0.4838840067386627 0.7053791880607605 0.26496851444244385 -1 -1 -1 -1 -1 -1 -1 -1 -1
0.48158854246139526 0.7175166606903076 0.9577015042304993 -1 -1 -1 -1 -1 -1 -1 -1 -1
0.5101240873336792 0.7249996662139893 0.2453240603208542 -1 -1 -1 -1 -1 -1 -1 -1 -1
0.509657084941864 0.7326557636260986 0.8911586403846741 -1 -1 -1 -1 -1 -1 -1 -1 -1
1 
