18
1 
33 
-1 -1 -1 -1 -1 -1 -1 -1 -1 -1
0.5113102793693542 0.29680442810058594 0.9992239475250244 -1 -1 -1 -1 -1 -1 -1 -1 -1
0.5116356611251831 0.28798907995224 0.9985916018486023 -1 -1 -1 -1 -1 -1 -1 -1 -1
0.511012077331543 0.2871777415275574 0.9978713989257812 -1 -1 -1 -1 -1 -1 -1 -1 -1
0.5103165507316589 0.2862778902053833 0.9986280202865601 -1 -1 -1 -1 -1 -1 -1 -1 -1
0.5116773843765259 0.28740906715393066 0.9988119602203369 -1 -1 -1 -1 -1 -1 -1 -1 -1
0.5110828876495361 0.28602421283721924 0.9986445307731628 -1 -1 -1 -1 -1 -1 -1 -1 -1
0.5104583501815796 0.28493553400039673 0.9989076852798462 -1 -1 -1 -1 -1 -1 -1 -1 -1
0.5031049251556396 0.2824031710624695 0.9976930022239685 -1 -1 -1 -1 -1 -1 -1 -1 -1
0.5025335550308228 0.2810646891593933 0.9990605711936951 -1 -1 -1 -1 -1 -1 -1 -1 -1
0.5063384771347046 0.30014950037002563 0.998672604560852 -1 -1 -1 -1 -1 -1 -1 -1 -1
0.5062529444694519 0.29909610748291016 0.9987761378288269 -1 -1 -1 -1 -1 -1 -1 -1 -1
0.48623818159103394 0.3131086826324463 0.9984605312347412 -1 -1 -1 -1 -1 -1 -1 -1 -1
0.4812190532684326 0.2957475781440735 0.9998125433921814 -1 -1 -1 -1 -1 -1 -1 -1 -1
0.4946940243244171 0.2665981650352478 0.18481673300266266 -1 -1 -1 -1 -1 -1 -1 -1 -1
0.49560582637786865 0.23195399343967438 0.9963000416755676 -1 -1 -1 -1 -1 -1 -1 -1 -1
0.5088014602661133 0.21854399144649506 0.28662851452827454 -1 -1 -1 -1 -1 -1 -1 -1 -1
0.5048621892929077 0.16707289218902588 0.987467885017395 -1 -1 -1 -1 -1 -1 -1 -1 -1
0.5110440254211426 0.20846199989318848 0.32134634256362915 -1 -1 -1 -1 -1 -1 -1 -1 -1
0.5075988173484802 0.15676310658454895 0.9816686511039734 -1 -1 -1 -1 -1 -1 -1 -1 -1
0.5090609192848206 0.20529639720916748 0.3258156180381775 -1 -1 -1 -1 -1 -1 -1 -1 -1
0.5079895853996277 0.15668141841888428 0.9761472344398499 -1 -1 -1 -1 -1 -1 -1 -1 -1
0.5077304840087891 0.20920273661613464 0.3602275848388672 -1 -1 -1 -1 -1 -1 -1 -1 -1
0.5071479082107544 0.16022706031799316 0.9591304063796997 -1 -1 -1 -1 -1 -1 -1 -1 -1
0.48783501982688904 0.447785884141922 0.998909592628479 -1 -1 -1 -1 -1 -1 -1 -1 -1
0.4876946806907654 0.44724470376968384 0.9988707900047302 -1 -1 -1 -1 -1 -1 -1 -1 -1
0.5039331316947937 0.5460408926010132 0.12379548698663712 -1 -1 -1 -1 -1 -1 -1 -1 -1
0.5039994716644287 0.5435958504676819 0.9725589752197266 -1 -1 -1 -1 -1 -1 -1 -1 -1
0.5139899849891663 0.6431394219398499 0.187408447265625 -1 -1 -1 -1 -1 -1 -1 -1 -1
0.5134345293045044 0.6465292572975159 0.9619749188423157 -1 -1 -1 -1 -1 -1 -1 -1 -1
0.5083681344985962 0.6590383052825928 0.3285786509513855 -1 -1 -1 -1 -1 -1 -1 -1 -1
0.507056474685669 0.6599009037017822 0.9641962051391602 -1 -1 -1 -1 -1 -1 -1 -1 -1
0.5318525433540344 0.671826958656311 0.3965171277523041 -1 -1 -1 -1 -1 -1 -1 -1 -1
0.5325978994369507 0.675253689289093 0.9474785923957825 -1 -1 -1 -1 -1 -1 -1 -1 -1
1 
33 
-1 -1 -1 -1 -1 -1 -1 -1 -1 -1
0.47737228870391846 0.2784023880958557 0.995063841342926 -1 -1 -1 -1 -1 -1 -1 -1 -1
0.47374382615089417 0.2743927240371704 0.9932418465614319 -1 -1 -1 -1 -1 -1 -1 -1 -1
0.47311830520629883 0.2750224471092224 0.9895228743553162 -1 -1 -1 -1 -1 -1 -1 -1 -1
0.47110632061958313 0.27573925256729126 0.9942461848258972 -1 -1 -1 -1 -1 -1 -1 -1 -1
0.4740261435508728 0.27401483058929443 0.9950850605964661 -1 -1 -1 -1 -1 -1 -1 -1 -1
0.47367286682128906 0.27430301904678345 0.9932678937911987 -1 -1 -1 -1 -1 -1 -1 -1 -1
0.4731285274028778 0.2747853398323059 0.9950915575027466 -1 -1 -1 -1 -1 -1 -1 -1 -1
0.47007718682289124 0.2825664281845093 0.9877931475639343 -1 -1 -1 -1 -1 -1 -1 -1 -1
0.4705153703689575 0.28141528367996216 0.9917861819267273 -1 -1 -1 -1 -1 -1 -1 -1 -1
0.47938272356987 0.28679347038269043 0.9931424856185913 -1 -1 -1 -1 -1 -1 -1 -1 -1
0.4801461696624756 0.2854101061820984 0.9920808672904968 -1 -1 -1 -1 -1 -1 -1 -1 -1
0.47593092918395996 0.31439030170440674 0.9903690218925476 -1 -1 -1 -1 -1 -1 -1 -1 -1
0.48145008087158203 0.303951621055603 0.9980325102806091 -1 -1 -1 -1 -1 -1 -1 -1 -1
0.49278542399406433 0.25349318981170654 0.1418544352054596 -1 -1 -1 -1 -1 -1 -1 -1 -1
0.4978662133216858 0.24091625213623047 0.990568220615387 -1 -1 -1 -1 -1 -1 -1 -1 -1
0.5050181746482849 0.18404483795166016 0.45121443271636963 -1 -1 -1 -1 -1 -1 -1 -1 -1
0.5060760974884033 0.17383244633674622 0.9791897535324097 -1 -1 -1 -1 -1 -1 -1 -1 -1
0.5081563591957092 0.16583165526390076 0.5041073560714722 -1 -1 -1 -1 -1 -1 -1 -1 -1
0.5096054077148438 0.1571265161037445 0.9666483402252197 -1 -1 -1 -1 -1 -1 -1 -1 -1
0.5085705518722534 0.16185399889945984 0.5177597999572754 -1 -1 -1 -1 -1 -1 -1 -1 -1
0.5086666345596313 0.15417179465293884 0.9590753316879272 -1 -1 -1 -1 -1 -1 -1 -1 -1
0.5076614618301392 0.16626518964767456 0.535110592842102 -1 -1 -1 -1 -1 -1 -1 -1 -1
0.5079317092895508 0.1586671769618988 0.9343728423118591 -1 -1 -1 -1 -1 -1 -1 -1 -1
0.4904392659664154 0.47090309858322144 0.9989137649536133 -1 -1 -1 -1 -1 -1 -1 -1 -1
0.4946993887424469 0.4653002619743347 0.9985468983650208 -1 -1 -1 -1 -1 -1 -1 -1 -1
0.5014975666999817 0.5727532505989075 0.19993562996387482 -1 -1 -1 -1 -1 -1 -1 -1 -1
0.5027698874473572 0.5656332969665527 0.9581388235092163 -1 -1 -1 -1 -1 -1 -1 -1 -1
0.5164778828620911 0.6663248538970947 0.31629377603530884 -1 -1 -1 -1 -1 -1 -1 -1 -1
0.5186395049095154 0.6702810525894165 0.9588220119476318 -1 -1 -1 -1 -1 -1 -1 -1 -1
0.5110633373260498 0.6759023666381836 0.4958004355430603 -1 -1 -1 -1 -1 -1 -1 -1 -1
0.5129837989807129 0.6811921000480652 0.948341429233551 -1 -1 -1 -1 -1 -1 -1 -1 -1
0.5339428782463074 0.6985214948654175 0.4725816547870636 -1 -1 -1 -1 -1 -1 -1 -1 -1
0.5370184779167175 0.7099051475524902 0.9317224025726318 -1 -1 -1 -1 -1 -1 -1 -1 -1
1 
33 
-1 -1 -1 -1 -1 -1 -1 -1 -1 -1
0.48277297616004944 0.2686365246772766 0.9973575472831726 -1 -1 -1 -1 -1 -1 -1 -1 -1
0.4757917523384094 0.26805996894836426 0.9963601231575012 -1 -1 -1 -1 -1 -1 -1 -1 -1
0.4749722182750702 0.26861274242401123 0.9948563575744629 -1 -1 -1 -1 -1 -1 -1 -1 -1
0.473088800907135 0.2688470780849457 0.9971127510070801 -1 -1 -1 -1 -1 -1 -1 -1 -1
0.47658124566078186 0.2688647210597992 0.9976219534873962 -1 -1 -1 -1 -1 -1 -1 -1 -1
0.47639039158821106 0.2699463367462158 0.9970441460609436 -1 -1 -1 -1 -1 -1 -1 -1 -1
0.47598010301589966 0.2710709571838379 0.9976704716682434 -1 -1 -1 -1 -1 -1 -1 -1 -1
0.47267788648605347 0.28575822710990906 0.9950191974639893 -1 -1 -1 -1 -1 -1 -1 -1 -1
0.472951740026474 0.28200843930244446 0.9967992305755615 -1 -1 -1 -1 -1 -1 -1 -1 -1
0.48473280668258667 0.2792285680770874 0.9965416789054871 -1 -1 -1 -1 -1 -1 -1 -1 -1
0.48471182584762573 0.2832551598548889 0.9962922930717468 -1 -1 -1 -1 -1 -1 -1 -1 -1
0.47655346989631653 0.3263096809387207 0.9915197491645813 -1 -1 -1 -1 -1 -1 -1 -1 -1
0.4832404851913452 0.3148983120918274 0.9982106685638428 -1 -1 -1 -1 -1 -1 -1 -1 -1
0.4898432195186615 0.26907646656036377 0.1015128344297409 -1 -1 -1 -1 -1 -1 -1 -1 -1
0.4964005947113037 0.25762492418289185 0.9960436820983887 -1 -1 -1 -1 -1 -1 -1 -1 -1
0.5024121999740601 0.2080206274986267 0.3056030571460724 -1 -1 -1 -1 -1 -1 -1 -1 -1
0.5045207142829895 0.19210666418075562 0.9841440916061401 -1 -1 -1 -1 -1 -1 -1 -1 -1
0.505668580532074 0.18979445099830627 0.35616931319236755 -1 -1 -1 -1 -1 -1 -1 -1 -1
0.5071329474449158 0.1755499243736267 0.9716190099716187 -1 -1 -1 -1 -1 -1 -1 -1 -1
0.5045256018638611 0.18815475702285767 0.370165079832077 -1 -1 -1 -1 -1 -1 -1 -1 -1
0.5059787034988403 0.17201495170593262 0.9644832015037537 -1 -1 -1 -1 -1 -1 -1 -1 -1
0.5033461451530457 0.19348174333572388 0.4003151059150696 -1 -1 -1 -1 -1 -1 -1 -1 -1
0.5051016807556152 0.17699536681175232 0.9400746822357178 -1 -1 -1 -1 -1 -1 -1 -1 -1
0.48876258730888367 0.47283029556274414 0.9992283582687378 -1 -1 -1 -1 -1 -1 -1 -1 -1
0.49411875009536743 0.4721911549568176 0.9989190101623535 -1 -1 -1 -1 -1 -1 -1 -1 -1
0.5044516921043396 0.5737760663032532 0.2491028755903244 -1 -1 -1 -1 -1 -1 -1 -1 -1
0.50599604845047 0.5745421648025513 0.9820465445518494 -1 -1 -1 -1 -1 -1 -1 -1 -1
0.5136998891830444 0.665299117565155 0.3888137638568878 -1 -1 -1 -1 -1 -1 -1 -1 -1
0.5175173878669739 0.6737204790115356 0.9833125472068787 -1 -1 -1 -1 -1 -1 -1 -1 -1
0.5082700252532959 0.676998496055603 0.5637772679328918 -1 -1 -1 -1 -1 -1 -1 -1 -1
0.511193573474884 0.6864312291145325 0.9781147837638855 -1 -1 -1 -1 -1 -1 -1 -1 -1
0.5332779884338379 0.6964240074157715 0.5813886523246765 -1 -1 -1 -1 -1 -1 -1 -1 -1
0.5376186370849609 0.7076403498649597 0.9695422053337097 -1 -1 -1 -1 -1 -1 -1 -1 -1
1 
33 
-1 -1 -1 -1 -1 -1 -1 -1 -1 -1
0.5111032128334045 0.3328026235103607 0.9803677797317505 -1 -1 -1 -1 -1 -1 -1 -1 -1
0.5124998688697815 0.3279734253883362 0.9774861335754395 -1 -1 -1 -1 -1 -1 -1 -1 -1
0.5123193860054016 0.3280167281627655 0.9655933976173401 -1 -1 -1 -1 -1 -1 -1 -1 -1
0.5119076371192932 0.3278307020664215 0.9781517386436462 -1 -1 -1 -1 -1 -1 -1 -1 -1
0.5115116238594055 0.32739293575286865 0.9802479147911072 -1 -1 -1 -1 -1 -1 -1 -1 -1
0.5106211304664612 0.32694947719573975 0.9761360883712769 -1 -1 -1 -1 -1 -1 -1 -1 -1
0.5094946026802063 0.3263165056705475 0.9812597632408142 -1 -1 -1 -1 -1 -1 -1 -1 -1
0.5044650435447693 0.3286111354827881 0.9599621295928955 -1 -1 -1 -1 -1 -1 -1 -1 -1
0.5010403394699097 0.3281872868537903 0.9735115766525269 -1 -1 -1 -1 -1 -1 -1 -1 -1
0.5088579058647156 0.3453960418701172 0.9693527221679688 -1 -1 -1 -1 -1 -1 -1 -1 -1
0.5081485509872437 0.344626784324646 0.9662254452705383 -1 -1 -1 -1 -1 -1 -1 -1 -1
0.49110499024391174 0.3542064428329468 0.9877199530601501 -1 -1 -1 -1 -1 -1 -1 -1 -1
0.4891173839569092 0.3439967632293701 0.9972395896911621 -1 -1 -1 -1 -1 -1 -1 -1 -1
0.4952283203601837 0.2928108870983124 0.13506130874156952 -1 -1 -1 -1 -1 -1 -1 -1 -1
0.4973931312561035 0.2821994423866272 0.9907001852989197 -1 -1 -1 -1 -1 -1 -1 -1 -1
0.5011714100837708 0.22890661656856537 0.3754114508628845 -1 -1 -1 -1 -1 -1 -1 -1 -1
0.5008845329284668 0.21266856789588928 0.9896463751792908 -1 -1 -1 -1 -1 -1 -1 -1 -1
0.5002514719963074 0.21225494146347046 0.42233896255493164 -1 -1 -1 -1 -1 -1 -1 -1 -1
0.5010603070259094 0.1967495083808899 0.9828328490257263 -1 -1 -1 -1 -1 -1 -1 -1 -1
0.4997478127479553 0.20917797088623047 0.4292268455028534 -1 -1 -1 -1 -1 -1 -1 -1 -1
0.49982187151908875 0.19204413890838623 0.9787094593048096 -1 -1 -1 -1 -1 -1 -1 -1 -1
0.49997082352638245 0.21718890964984894 0.4548937976360321 -1 -1 -1 -1 -1 -1 -1 -1 -1
0.49978646636009216 0.19826510548591614 0.9648334980010986 -1 -1 -1 -1 -1 -1 -1 -1 -1
0.49421611428260803 0.49253371357917786 0.9977554678916931 -1 -1 -1 -1 -1 -1 -1 -1 -1
0.49294430017471313 0.48949334025382996 0.9979581832885742 -1 -1 -1 -1 -1 -1 -1 -1 -1
0.5088936686515808 0.5871987342834473 0.1445026695728302 -1 -1 -1 -1 -1 -1 -1 -1 -1
0.5088955163955688 0.5764888525009155 0.922227680683136 -1 -1 -1 -1 -1 -1 -1 -1 -1
0.5106831192970276 0.6777641773223877 0.21365490555763245 -1 -1 -1 -1 -1 -1 -1 -1 -1
0.5128328204154968 0.681773841381073 0.9320313930511475 -1 -1 -1 -1 -1 -1 -1 -1 -1
0.5043038129806519 0.6965453624725342 0.3356352746486664 -1 -1 -1 -1 -1 -1 -1 -1 -1
0.5058884024620056 0.6971046924591064 0.9370929598808289 -1 -1 -1 -1 -1 -1 -1 -1 -1
0.5287527441978455 0.7165036201477051 0.3614959120750427 -1 -1 -1 -1 -1 -1 -1 -1 -1
0.5335699319839478 0.7111780047416687 0.9125515222549438 -1 -1 -1 -1 -1 -1 -1 -1 -1
1 
33 
-1 -1 -1 -1 -1 -1 -1 -1 -1 -1
0.521915078163147 0.341696560382843 0.9830470681190491 -1 -1 -1 -1 -1 -1 -1 -1 -1
0.52128005027771 0.3312317728996277 0.9795554280281067 -1 -1 -1 -1 -1 -1 -1 -1 -1
0.5206482410430908 0.3302326202392578 0.9689329862594604 -1 -1 -1 -1 -1 -1 -1 -1 -1
0.5199081897735596 0.329434871673584 0.9776611328125 -1 -1 -1 -1 -1 -1 -1 -1 -1
0.5211599469184875 0.3323577344417572 0.9827909469604492 -1 -1 -1 -1 -1 -1 -1 -1 -1
0.5204330086708069 0.3320733308792114 0.9803464412689209 -1 -1 -1 -1 -1 -1 -1 -1 -1
0.5196218490600586 0.3319714665412903 0.9837543368339539 -1 -1 -1 -1 -1 -1 -1 -1 -1
0.5117520689964294 0.3269674479961395 0.9590848684310913 -1 -1 -1 -1 -1 -1 -1 -1 -1
0.5119966268539429 0.3293429911136627 0.9761547446250916 -1 -1 -1 -1 -1 -1 -1 -1 -1
0.5171824097633362 0.34447282552719116 0.9661402106285095 -1 -1 -1 -1 -1 -1 -1 -1 -1
0.5169236660003662 0.3450789451599121 0.9711499810218811 -1 -1 -1 -1 -1 -1 -1 -1 -1
0.49214401841163635 0.3548901081085205 0.9837121367454529 -1 -1 -1 -1 -1 -1 -1 -1 -1
0.49500149488449097 0.35289931297302246 0.9971965551376343 -1 -1 -1 -1 -1 -1 -1 -1 -1
0.49319911003112793 0.3029523193836212 0.08040265738964081 -1 -1 -1 -1 -1 -1 -1 -1 -1
0.49393314123153687 0.29329144954681396 0.9770141243934631 -1 -1 -1 -1 -1 -1 -1 -1 -1
0.49376365542411804 0.24544626474380493 0.3713606297969818 -1 -1 -1 -1 -1 -1 -1 -1 -1
0.49325621128082275 0.23428523540496826 0.9789931774139404 -1 -1 -1 -1 -1 -1 -1 -1 -1
0.4931923747062683 0.22637975215911865 0.43111130595207214 -1 -1 -1 -1 -1 -1 -1 -1 -1
0.49280846118927 0.22013986110687256 0.9716572761535645 -1 -1 -1 -1 -1 -1 -1 -1 -1
0.49415695667266846 0.22388815879821777 0.4348406195640564 -1 -1 -1 -1 -1 -1 -1 -1 -1
0.49201786518096924 0.21796220541000366 0.9659231901168823 -1 -1 -1 -1 -1 -1 -1 -1 -1
0.4935356676578522 0.23107969760894775 0.4481815695762634 -1 -1 -1 -1 -1 -1 -1 -1 -1
0.49193263053894043 0.22268280386924744 0.947028398513794 -1 -1 -1 -1 -1 -1 -1 -1 -1
0.4951364994049072 0.5115190148353577 0.9980134963989258 -1 -1 -1 -1 -1 -1 -1 -1 -1
0.4955075979232788 0.5124038457870483 0.9981476068496704 -1 -1 -1 -1 -1 -1 -1 -1 -1
0.5130245685577393 0.6012270450592041 0.14213493466377258 -1 -1 -1 -1 -1 -1 -1 -1 -1
0.5111092925071716 0.5989884734153748 0.9488451480865479 -1 -1 -1 -1 -1 -1 -1 -1 -1
0.5139763355255127 0.6914263963699341 0.2676837742328644 -1 -1 -1 -1 -1 -1 -1 -1 -1
0.5106033682823181 0.6939153671264648 0.9514156579971313 -1 -1 -1 -1 -1 -1 -1 -1 -1
0.5065808892250061 0.7060281038284302 0.4392782151699066 -1 -1 -1 -1 -1 -1 -1 -1 -1
0.5026780962944031 0.7066386938095093 0.953030526638031 -1 -1 -1 -1 -1 -1 -1 -1 -1
0.5332017540931702 0.7244939804077148 0.3987787663936615 -1 -1 -1 -1 -1 -1 -1 -1 -1
0.5330634713172913 0.7316805124282837 0.9230791330337524 -1 -1 -1 -1 -1 -1 -1 -1 -1
1 
33 
-1 -1 -1 -1 -1 -1 -1 -1 -1 -1
0.5183065533638 0.3426365554332733 0.9907565712928772 -1 -1 -1 -1 -1 -1 -1 -1 -1
0.5176380276679993 0.3356572091579437 0.9912721514701843 -1 -1 -1 -1 -1 -1 -1 -1 -1
0.5170296430587769 0.3356093168258667 0.9867274165153503 -1 -1 -1 -1 -1 -1 -1 -1 -1
0.5161356925964355 0.3351309299468994 0.990678608417511 -1 -1 -1 -1 -1 -1 -1 -1 -1
0.5171539187431335 0.3349030017852783 0.9931282997131348 -1 -1 -1 -1 -1 -1 -1 -1 -1
0.5163071155548096 0.3343844711780548 0.9920471906661987 -1 -1 -1 -1 -1 -1 -1 -1 -1
0.5152567028999329 0.33353543281555176 0.9940504431724548 -1 -1 -1 -1 -1 -1 -1 -1 -1
0.5067437887191772 0.33564817905426025 0.9885866045951843 -1 -1 -1 -1 -1 -1 -1 -1 -1
0.5067549347877502 0.33735913038253784 0.9910649657249451 -1 -1 -1 -1 -1 -1 -1 -1 -1
0.5147846937179565 0.35011306405067444 0.9833110570907593 -1 -1 -1 -1 -1 -1 -1 -1 -1
0.5143184661865234 0.34896236658096313 0.9868783354759216 -1 -1 -1 -1 -1 -1 -1 -1 -1
0.4933774471282959 0.36978429555892944 0.9663645029067993 -1 -1 -1 -1 -1 -1 -1 -1 -1
0.4969494938850403 0.36968162655830383 0.9952267408370972 -1 -1 -1 -1 -1 -1 -1 -1 -1
0.49213162064552307 0.34058645367622375 0.07343242317438126 -1 -1 -1 -1 -1 -1 -1 -1 -1
0.4763210415840149 0.3193510174751282 0.9534496068954468 -1 -1 -1 -1 -1 -1 -1 -1 -1
0.48572108149528503 0.28727686405181885 0.26992279291152954 -1 -1 -1 -1 -1 -1 -1 -1 -1
0.46178874373435974 0.2688053250312805 0.9589740037918091 -1 -1 -1 -1 -1 -1 -1 -1 -1
0.4825884699821472 0.2778016924858093 0.35568568110466003 -1 -1 -1 -1 -1 -1 -1 -1 -1
0.4574287533760071 0.2608548104763031 0.9499989151954651 -1 -1 -1 -1 -1 -1 -1 -1 -1
0.4823671579360962 0.2717704474925995 0.36493119597435 -1 -1 -1 -1 -1 -1 -1 -1 -1
0.458254337310791 0.2580569088459015 0.9424896240234375 -1 -1 -1 -1 -1 -1 -1 -1 -1
0.48383828997612 0.27467530965805054 0.37122929096221924 -1 -1 -1 -1 -1 -1 -1 -1 -1
0.4595634639263153 0.26144248247146606 0.9121791124343872 -1 -1 -1 -1 -1 -1 -1 -1 -1
0.49676188826560974 0.5166659355163574 0.9962303042411804 -1 -1 -1 -1 -1 -1 -1 -1 -1
0.49648743867874146 0.5194590091705322 0.9966109395027161 -1 -1 -1 -1 -1 -1 -1 -1 -1
0.5150346159934998 0.601864755153656 0.13548561930656433 -1 -1 -1 -1 -1 -1 -1 -1 -1
0.5150111317634583 0.6031743288040161 0.931739091873169 -1 -1 -1 -1 -1 -1 -1 -1 -1
0.5103150010108948 0.7054104208946228 0.22178059816360474 -1 -1 -1 -1 -1 -1 -1 -1 -1
0.5084044337272644 0.7135071158409119 0.9256104230880737 -1 -1 -1 -1 -1 -1 -1 -1 -1
0.5037471055984497 0.7201217412948608 0.3587939441204071 -1 -1 -1 -1 -1 -1 -1 -1 -1
0.5010578632354736 0.728249728679657 0.9198316335678101 -1 -1 -1 -1 -1 -1 -1 -1 -1
0.532350480556488 0.7315303683280945 0.3448471128940582 -1 -1 -1 -1 -1 -1 -1 -1 -1
0.532649040222168 0.7407591342926025 0.89098060131073 -1 -1 -1 -1 -1 -1 -1 -1 -1
1 
33 
-1 -1 -1 -1 -1 -1 -1 -1 -1 -1
0.5183107256889343 0.364548921585083 0.9881850481033325 -1 -1 -1 -1 -1 -1 -1 -1 -1
0.5174962878227234 0.35894888639450073 0.9880148768424988 -1 -1 -1 -1 -1 -1 -1 -1 -1
0.5171923637390137 0.35895025730133057 0.9836841821670532 -1 -1 -1 -1 -1 -1 -1 -1 -1
0.5166938900947571 0.3585534691810608 0.988749623298645 -1 -1 -1 -1 -1 -1 -1 -1 -1
0.5170453190803528 0.3592352867126465 0.9901649355888367 -1 -1 -1 -1 -1 -1 -1 -1 -1
0.516400158405304 0.3594321310520172 0.9882887601852417 -1 -1 -1 -1 -1 -1 -1 -1 -1
0.5156263113021851 0.3592170476913452 0.9899397492408752 -1 -1 -1 -1 -1 -1 -1 -1 -1
0.5075605511665344 0.3585110902786255 0.9864050149917603 -1 -1 -1 -1 -1 -1 -1 -1 -1
0.506284236907959 0.3598402738571167 0.9800267815589905 -1 -1 -1 -1 -1 -1 -1 -1 -1
0.5161195993423462 0.3727458119392395 0.9702567458152771 -1 -1 -1 -1 -1 -1 -1 -1 -1
0.5156890153884888 0.3720279335975647 0.9703670740127563 -1 -1 -1 -1 -1 -1 -1 -1 -1
0.49599164724349976 0.39660707116127014 0.9887985587120056 -1 -1 -1 -1 -1 -1 -1 -1 -1
0.4997166097164154 0.39656686782836914 0.9925387501716614 -1 -1 -1 -1 -1 -1 -1 -1 -1
0.48927438259124756 0.37659913301467896 0.12256988137960434 -1 -1 -1 -1 -1 -1 -1 -1 -1
0.48877862095832825 0.391817182302475 0.6907079219818115 -1 -1 -1 -1 -1 -1 -1 -1 -1
0.4917216897010803 0.3497505187988281 0.16902710497379303 -1 -1 -1 -1 -1 -1 -1 -1 -1
0.49019357562065125 0.37259572744369507 0.6249622106552124 -1 -1 -1 -1 -1 -1 -1 -1 -1
0.49088719487190247 0.3459135890007019 0.204891636967659 -1 -1 -1 -1 -1 -1 -1 -1 -1
0.489558607339859 0.3718540668487549 0.6722807884216309 -1 -1 -1 -1 -1 -1 -1 -1 -1
0.49120214581489563 0.3427448570728302 0.21398045122623444 -1 -1 -1 -1 -1 -1 -1 -1 -1
0.4908728003501892 0.369681179523468 0.6588287949562073 -1 -1 -1 -1 -1 -1 -1 -1 -1
0.4923425018787384 0.3452550768852234 0.21916337311267853 -1 -1 -1 -1 -1 -1 -1 -1 -1
0.4910241961479187 0.3708370625972748 0.5924937129020691 -1 -1 -1 -1 -1 -1 -1 -1 -1
0.5019399523735046 0.5442483425140381 0.9982056617736816 -1 -1 -1 -1 -1 -1 -1 -1 -1
0.5015848278999329 0.5399569272994995 0.998055100440979 -1 -1 -1 -1 -1 -1 -1 -1 -1
0.5222682356834412 0.601862907409668 0.2525617778301239 -1 -1 -1 -1 -1 -1 -1 -1 -1
0.5207268595695496 0.6053370833396912 0.9280443787574768 -1 -1 -1 -1 -1 -1 -1 -1 -1
0.5137668251991272 0.6970556378364563 0.3957488536834717 -1 -1 -1 -1 -1 -1 -1 -1 -1
0.5101807117462158 0.7117609977722168 0.9450703859329224 -1 -1 -1 -1 -1 -1 -1 -1 -1
0.5043514966964722 0.7193679809570312 0.47292113304138184 -1 -1 -1 -1 -1 -1 -1 -1 -1
0.5020158886909485 0.7286984920501709 0.9118014574050903 -1 -1 -1 -1 -1 -1 -1 -1 -1
0.534656286239624 0.7311744689941406 0.5681657195091248 -1 -1 -1 -1 -1 -1 -1 -1 -1
0.5310810208320618 0.7427727580070496 0.9415023326873779 -1 -1 -1 -1 -1 -1 -1 -1 -1
1 
33 
-1 -1 -1 -1 -1 -1 -1 -1 -1 -1
0.5399289727210999 0.40482574701309204 0.9820797443389893 -1 -1 -1 -1 -1 -1 -1 -1 -1
0.5400830507278442 0.3952847421169281 0.9795880317687988 -1 -1 -1 -1 -1 -1 -1 -1 -1
0.5396564602851868 0.3945517838001251 0.9744893312454224 -1 -1 -1 -1 -1 -1 -1 -1 -1
0.5391034483909607 0.3938169777393341 0.9796780347824097 -1 -1 -1 -1 -1 -1 -1 -1 -1
0.540048360824585 0.39524149894714355 0.9839587807655334 -1 -1 -1 -1 -1 -1 -1 -1 -1
0.5396599173545837 0.39453011751174927 0.984638512134552 -1 -1 -1 -1 -1 -1 -1 -1 -1
0.5391353368759155 0.39375507831573486 0.9867580533027649 -1 -1 -1 -1 -1 -1 -1 -1 -1
0.5333816409111023 0.3916609287261963 0.9747971296310425 -1 -1 -1 -1 -1 -1 -1 -1 -1
0.5330851674079895 0.39033105969429016 0.9819284677505493 -1 -1 -1 -1 -1 -1 -1 -1 -1
0.536376953125 0.4086253046989441 0.9685238599777222 -1 -1 -1 -1 -1 -1 -1 -1 -1
0.5363447666168213 0.40819260478019714 0.9792927503585815 -1 -1 -1 -1 -1 -1 -1 -1 -1
0.5119917392730713 0.41605252027511597 0.9930630326271057 -1 -1 -1 -1 -1 -1 -1 -1 -1
0.5065311789512634 0.4045015573501587 0.9995818734169006 -1 -1 -1 -1 -1 -1 -1 -1 -1
0.5114231705665588 0.4792437255382538 0.03804069384932518 -1 -1 -1 -1 -1 -1 -1 -1 -1
0.4771801233291626 0.4072856903076172 0.951684832572937 -1 -1 -1 -1 -1 -1 -1 -1 -1
0.5114664435386658 0.5131027698516846 0.1076250895857811 -1 -1 -1 -1 -1 -1 -1 -1 -1
0.4621540904045105 0.39500167965888977 0.9758819341659546 -1 -1 -1 -1 -1 -1 -1 -1 -1
0.5111194252967834 0.5262576341629028 0.13462941348552704 -1 -1 -1 -1 -1 -1 -1 -1 -1
0.45489051938056946 0.3909679651260376 0.9695928692817688 -1 -1 -1 -1 -1 -1 -1 -1 -1
0.5121129751205444 0.5207042098045349 0.14273525774478912 -1 -1 -1 -1 -1 -1 -1 -1 -1
0.4562993347644806 0.3888295590877533 0.970228910446167 -1 -1 -1 -1 -1 -1 -1 -1 -1
0.5125859379768372 0.5161935687065125 0.15099166333675385 -1 -1 -1 -1 -1 -1 -1 -1 -1
0.4584892988204956 0.39104151725769043 0.9513825178146362 -1 -1 -1 -1 -1 -1 -1 -1 -1
0.5017908215522766 0.5509980320930481 0.9983591437339783 -1 -1 -1 -1 -1 -1 -1 -1 -1
0.49431559443473816 0.5494499802589417 0.9987419247627258 -1 -1 -1 -1 -1 -1 -1 -1 -1
0.524416983127594 0.6278092265129089 0.36989906430244446 -1 -1 -1 -1 -1 -1 -1 -1 -1
0.5254723429679871 0.6191760897636414 0.9554115533828735 -1 -1 -1 -1 -1 -1 -1 -1 -1
0.5111697316169739 0.707211434841156 0.5392457842826843 -1 -1 -1 -1 -1 -1 -1 -1 -1
0.5072419047355652 0.7202428579330444 0.9438925385475159 -1 -1 -1 -1 -1 -1 -1 -1 -1
0.5037789940834045 0.7236520051956177 0.6206293702125549 -1 -1 -1 -1 -1 -1 -1 -1 -1
0.4994821548461914 0.733069658279419 0.8907536268234253 -1 -1 -1 -1 -1 -1 -1 -1 -1
0.5335691571235657 0.731782078742981 0.7239000201225281 -1 -1 -1 -1 -1 -1 -1 -1 -1
0.5287325382232666 0.7493132948875427 0.951640248298645 -1 -1 -1 -1 -1 -1 -1 -1 -1
1 
33 
-1 -1 -1 -1 -1 -1 -1 -1 -1 -1
0.520780622959137 0.5209711194038391 0.9622047543525696 -1 -1 -1 -1 -1 -1 -1 -1 -1
0.5217658281326294 0.518934965133667 0.9747453927993774 -1 -1 -1 -1 -1 -1 -1 -1 -1
0.5215727686882019 0.5200304985046387 0.9739758968353271 -1 -1 -1 -1 -1 -1 -1 -1 -1
0.521385908126831 0.5211926102638245 0.978706955909729 -1 -1 -1 -1 -1 -1 -1 -1 -1
0.5219751596450806 0.5154553651809692 0.9805567264556885 -1 -1 -1 -1 -1 -1 -1 -1 -1
0.5218768119812012 0.5139769315719604 0.9801874756813049 -1 -1 -1 -1 -1 -1 -1 -1 -1
0.5217685699462891 0.5125364065170288 0.9837153553962708 -1 -1 -1 -1 -1 -1 -1 -1 -1
0.5189396142959595 0.5228585600852966 0.9772451519966125 -1 -1 -1 -1 -1 -1 -1 -1 -1
0.5187986493110657 0.510746419429779 0.9688062071800232 -1 -1 -1 -1 -1 -1 -1 -1 -1
0.5179146528244019 0.5260493755340576 0.9794823527336121 -1 -1 -1 -1 -1 -1 -1 -1 -1
0.5180349349975586 0.5218838453292847 0.9844878315925598 -1 -1 -1 -1 -1 -1 -1 -1 -1
0.5098971128463745 0.5571986436843872 0.9963566064834595 -1 -1 -1 -1 -1 -1 -1 -1 -1
0.5048713684082031 0.5091487765312195 0.9999085664749146 -1 -1 -1 -1 -1 -1 -1 -1 -1
0.5070927739143372 0.6096216440200806 0.04027380421757698 -1 -1 -1 -1 -1 -1 -1 -1 -1
0.4848092794418335 0.5144686102867126 0.3428620398044586 -1 -1 -1 -1 -1 -1 -1 -1 -1
0.5159621238708496 0.6467350721359253 0.055756475776433945 -1 -1 -1 -1 -1 -1 -1 -1 -1
0.47400686144828796 0.531890869140625 0.2845270037651062 -1 -1 -1 -1 -1 -1 -1 -1 -1
0.5178622007369995 0.6531847715377808 0.07954732328653336 -1 -1 -1 -1 -1 -1 -1 -1 -1
0.4708775579929352 0.532558798789978 0.3135075867176056 -1 -1 -1 -1 -1 -1 -1 -1 -1
0.5202110409736633 0.6531115174293518 0.08340533077716827 -1 -1 -1 -1 -1 -1 -1 -1 -1
0.4730261266231537 0.5358653664588928 0.30619317293167114 -1 -1 -1 -1 -1 -1 -1 -1 -1
0.5192673206329346 0.6501849293708801 0.08510205149650574 -1 -1 -1 -1 -1 -1 -1 -1 -1
0.4742780327796936 0.5368698835372925 0.2939896285533905 -1 -1 -1 -1 -1 -1 -1 -1 -1
0.48506367206573486 0.5918465852737427 0.999940037727356 -1 -1 -1 -1 -1 -1 -1 -1 -1
0.4855762720108032 0.5666311383247375 0.9999871253967285 -1 -1 -1 -1 -1 -1 -1 -1 -1
0.4956165552139282 0.6410809755325317 0.7402466535568237 -1 -1 -1 -1 -1 -1 -1 -1 -1
0.5280725955963135 0.6216315627098083 0.9442044496536255 -1 -1 -1 -1 -1 -1 -1 -1 -1
0.4403512179851532 0.6347799897193909 0.7240049242973328 -1 -1 -1 -1 -1 -1 -1 -1 -1
0.5097851753234863 0.716575562953949 0.9734073877334595 -1 -1 -1 -1 -1 -1 -1 -1 -1
0.4440942108631134 0.6337701678276062 0.7770432829856873 -1 -1 -1 -1 -1 -1 -1 -1 -1
0.5023248195648193 0.7294232845306396 0.9588638544082642 -1 -1 -1 -1 -1 -1 -1 -1 -1
0.4249158799648285 0.646783709526062 0.7060952186584473 -1 -1 -1 -1 -1 -1 -1 -1 -1
0.5268005132675171 0.7424978017807007 0.9520425796508789 -1 -1 -1 -1 -1 -1 -1 -1 -1
1 
33 
-1 -1 -1 -1 -1 -1 -1 -1 -1 -1
0.5582592487335205 0.44777220487594604 0.9998379945755005 -1 -1 -1 -1 -1 -1 -1 -1 -1
0.557278037071228 0.43886256217956543 0.9998760223388672 -1 -1 -1 -1 -1 -1 -1 -1 -1
0.5567780137062073 0.4383046627044678 0.9998520612716675 -1 -1 -1 -1 -1 -1 -1 -1 -1
0.5562300682067871 0.4376782476902008 0.9999067783355713 -1 -1 -1 -1 -1 -1 -1 -1 -1
0.5570632815361023 0.4387972354888916 0.9998842477798462 -1 -1 -1 -1 -1 -1 -1 -1 -1
0.5564112067222595 0.438193678855896 0.9998528957366943 -1 -1 -1 -1 -1 -1 -1 -1 -1
0.5557191371917725 0.43752145767211914 0.9999045133590698 -1 -1 -1 -1 -1 -1 -1 -1 -1
0.5493850111961365 0.4366189241409302 0.9998044371604919 -1 -1 -1 -1 -1 -1 -1 -1 -1
0.5492473840713501 0.4369466304779053 0.9998695850372314 -1 -1 -1 -1 -1 -1 -1 -1 -1
0.5546414256095886 0.4542212188243866 0.9997264742851257 -1 -1 -1 -1 -1 -1 -1 -1 -1
0.5541871786117554 0.45413780212402344 0.9998475313186646 -1 -1 -1 -1 -1 -1 -1 -1 -1
0.5271168351173401 0.4706780016422272 0.9992048144340515 -1 -1 -1 -1 -1 -1 -1 -1 -1
0.5294481515884399 0.4657200276851654 0.9999610185623169 -1 -1 -1 -1 -1 -1 -1 -1 -1
0.5025381445884705 0.524626612663269 0.02203255146741867 -1 -1 -1 -1 -1 -1 -1 -1 -1
0.49407824873924255 0.5036854147911072 0.9410517811775208 -1 -1 -1 -1 -1 -1 -1 -1 -1
0.47740501165390015 0.5691953301429749 0.030411725863814354 -1 -1 -1 -1 -1 -1 -1 -1 -1
0.47061073780059814 0.5533627271652222 0.8243911862373352 -1 -1 -1 -1 -1 -1 -1 -1 -1
0.46874865889549255 0.5846415758132935 0.03790877014398575 -1 -1 -1 -1 -1 -1 -1 -1 -1
0.46036210656166077 0.5652192831039429 0.7642832398414612 -1 -1 -1 -1 -1 -1 -1 -1 -1
0.4691373407840729 0.5836567282676697 0.036235298961400986 -1 -1 -1 -1 -1 -1 -1 -1 -1
0.4619552791118622 0.5692039728164673 0.7428148984909058 -1 -1 -1 -1 -1 -1 -1 -1 -1
0.47153180837631226 0.5775051116943359 0.03987807407975197 -1 -1 -1 -1 -1 -1 -1 -1 -1
0.46568161249160767 0.5662288665771484 0.6770016551017761 -1 -1 -1 -1 -1 -1 -1 -1 -1
0.48246505856513977 0.5654038190841675 0.9999004602432251 -1 -1 -1 -1 -1 -1 -1 -1 -1
0.4827239513397217 0.5624978542327881 0.9998975992202759 -1 -1 -1 -1 -1 -1 -1 -1 -1
0.516476571559906 0.6301664710044861 0.5166622996330261 -1 -1 -1 -1 -1 -1 -1 -1 -1
0.5312839150428772 0.6275715231895447 0.9925490617752075 -1 -1 -1 -1 -1 -1 -1 -1 -1
0.5115574598312378 0.7162947654724121 0.6335474252700806 -1 -1 -1 -1 -1 -1 -1 -1 -1
0.5108263492584229 0.7220962047576904 0.986031174659729 -1 -1 -1 -1 -1 -1 -1 -1 -1
0.5022246241569519 0.7253323197364807 0.6312546133995056 -1 -1 -1 -1 -1 -1 -1 -1 -1
0.5027485489845276 0.7325509786605835 0.9446013569831848 -1 -1 -1 -1 -1 -1 -1 -1 -1
0.5304188132286072 0.7384226322174072 0.7441758513450623 -1 -1 -1 -1 -1 -1 -1 -1 -1
0.5307558178901672 0.7486165761947632 0.9734920263290405 -1 -1 -1 -1 -1 -1 -1 -1 -1
1 
33 
-1 -1 -1 -1 -1 -1 -1 -1 -1 -1
0.5632447600364685 0.4690602421760559 0.9974266886711121 -1 -1 -1 -1 -1 -1 -1 -1 -1
0.5618317723274231 0.46006906032562256 0.9980792999267578 -1 -1 -1 -1 -1 -1 -1 -1 -1
0.5613341927528381 0.45950445532798767 0.9980100989341736 -1 -1 -1 -1 -1 -1 -1 -1 -1
0.5608279705047607 0.458959698677063 0.9986078143119812 -1 -1 -1 -1 -1 -1 -1 -1 -1
0.5614990592002869 0.46001163125038147 0.9978450536727905 -1 -1 -1 -1 -1 -1 -1 -1 -1
0.5608163475990295 0.4594578146934509 0.9974798560142517 -1 -1 -1 -1 -1 -1 -1 -1 -1
0.5601184964179993 0.45894619822502136 0.9983144998550415 -1 -1 -1 -1 -1 -1 -1 -1 -1
0.5536919236183167 0.45661914348602295 0.997913658618927 -1 -1 -1 -1 -1 -1 -1 -1 -1
0.5534012317657471 0.45758479833602905 0.9976977705955505 -1 -1 -1 -1 -1 -1 -1 -1 -1
0.5589072108268738 0.47473597526550293 0.9969770908355713 -1 -1 -1 -1 -1 -1 -1 -1 -1
0.5585521459579468 0.4745978116989136 0.9985417127609253 -1 -1 -1 -1 -1 -1 -1 -1 -1
0.5288652777671814 0.4885615408420563 0.9983886480331421 -1 -1 -1 -1 -1 -1 -1 -1 -1
0.5287064909934998 0.49606865644454956 0.9997739195823669 -1 -1 -1 -1 -1 -1 -1 -1 -1
0.5093246102333069 0.5562586188316345 0.025992561131715775 -1 -1 -1 -1 -1 -1 -1 -1 -1
0.5018612146377563 0.5633812546730042 0.8889273405075073 -1 -1 -1 -1 -1 -1 -1 -1 -1
0.5020346641540527 0.6049233675003052 0.01371355913579464 -1 -1 -1 -1 -1 -1 -1 -1 -1
0.5127933025360107 0.6211798191070557 0.5166413187980652 -1 -1 -1 -1 -1 -1 -1 -1 -1
0.502161979675293 0.6231362819671631 0.01891281269490719 -1 -1 -1 -1 -1 -1 -1 -1 -1
0.5134641528129578 0.6393358111381531 0.45780158042907715 -1 -1 -1 -1 -1 -1 -1 -1 -1
0.5043720006942749 0.6225128769874573 0.018621640279889107 -1 -1 -1 -1 -1 -1 -1 -1 -1
0.5183101892471313 0.6382109522819519 0.44341349601745605 -1 -1 -1 -1 -1 -1 -1 -1 -1
0.5045969486236572 0.6167159080505371 0.019574329257011414 -1 -1 -1 -1 -1 -1 -1 -1 -1
0.5170229077339172 0.6308265924453735 0.372834712266922 -1 -1 -1 -1 -1 -1 -1 -1 -1
0.4899037778377533 0.5832096934318542 0.9988686442375183 -1 -1 -1 -1 -1 -1 -1 -1 -1
0.4867536127567291 0.5893582701683044 0.9987626075744629 -1 -1 -1 -1 -1 -1 -1 -1 -1
0.5335597395896912 0.6375846862792969 0.33993154764175415 -1 -1 -1 -1 -1 -1 -1 -1 -1
0.5362892746925354 0.6440430283546448 0.9721616506576538 -1 -1 -1 -1 -1 -1 -1 -1 -1
0.5142697095870972 0.7218961715698242 0.48912516236305237 -1 -1 -1 -1 -1 -1 -1 -1 -1
0.5112297534942627 0.732306957244873 0.9679263234138489 -1 -1 -1 -1 -1 -1 -1 -1 -1
0.5055882930755615 0.7356226444244385 0.49425986409187317 -1 -1 -1 -1 -1 -1 -1 -1 -1
0.5028424859046936 0.7446702718734741 0.9241334795951843 -1 -1 -1 -1 -1 -1 -1 -1 -1
0.5336869359016418 0.7570784091949463 0.6036773920059204 -1 -1 -1 -1 -1 -1 -1 -1 -1
0.5324152112007141 0.7522639036178589 0.9556353092193604 -1 -1 -1 -1 -1 -1 -1 -1 -1
1 
33 
-1 -1 -1 -1 -1 -1 -1 -1 -1 -1
0.5646936297416687 0.47359174489974976 0.9991890788078308 -1 -1 -1 -1 -1 -1 -1 -1 -1
0.562107264995575 0.46682775020599365 0.9991466999053955 -1 -1 -1 -1 -1 -1 -1 -1 -1
0.5616525411605835 0.466880202293396 0.9992784857749939 -1 -1 -1 -1 -1 -1 -1 -1 -1
0.5610880255699158 0.4669501781463623 0.9994528889656067 -1 -1 -1 -1 -1 -1 -1 -1 -1
0.5606116652488708 0.46706730127334595 0.9992483258247375 -1 -1 -1 -1 -1 -1 -1 -1 -1
0.5592167377471924 0.4672914147377014 0.9992318153381348 -1 -1 -1 -1 -1 -1 -1 -1 -1
0.5578372478485107 0.4675408899784088 0.9994182586669922 -1 -1 -1 -1 -1 -1 -1 -1 -1
0.5522559881210327 0.47068238258361816 0.9992885589599609 -1 -1 -1 -1 -1 -1 -1 -1 -1
0.5499687790870667 0.47173428535461426 0.9990630745887756 -1 -1 -1 -1 -1 -1 -1 -1 -1
0.5616571307182312 0.48155298829078674 0.9991374015808105 -1 -1 -1 -1 -1 -1 -1 -1 -1
0.5596475005149841 0.481709748506546 0.9994826316833496 -1 -1 -1 -1 -1 -1 -1 -1 -1
0.539155125617981 0.5146098136901855 0.9989134073257446 -1 -1 -1 -1 -1 -1 -1 -1 -1
0.5257591009140015 0.5204710364341736 0.9998444318771362 -1 -1 -1 -1 -1 -1 -1 -1 -1
0.5368181467056274 0.5738608241081238 0.18158793449401855 -1 -1 -1 -1 -1 -1 -1 -1 -1
0.5304000377655029 0.591193675994873 0.9629707932472229 -1 -1 -1 -1 -1 -1 -1 -1 -1
0.5531988739967346 0.6252403259277344 0.1525939255952835 -1 -1 -1 -1 -1 -1 -1 -1 -1
0.5535231828689575 0.640478253364563 0.9265562891960144 -1 -1 -1 -1 -1 -1 -1 -1 -1
0.5566733479499817 0.6287020444869995 0.1632397621870041 -1 -1 -1 -1 -1 -1 -1 -1 -1
0.5601691007614136 0.6487452387809753 0.9011622667312622 -1 -1 -1 -1 -1 -1 -1 -1 -1
0.5595248341560364 0.6267246603965759 0.17334435880184174 -1 -1 -1 -1 -1 -1 -1 -1 -1
0.5634953379631042 0.6376721858978271 0.8948352336883545 -1 -1 -1 -1 -1 -1 -1 -1 -1
0.5580077171325684 0.6266176700592041 0.1830810308456421 -1 -1 -1 -1 -1 -1 -1 -1 -1
0.5617104172706604 0.6370745301246643 0.8344153761863708 -1 -1 -1 -1 -1 -1 -1 -1 -1
0.49795952439308167 0.5949015617370605 0.9978575110435486 -1 -1 -1 -1 -1 -1 -1 -1 -1
0.4842916429042816 0.6049484014511108 0.9995002746582031 -1 -1 -1 -1 -1 -1 -1 -1 -1
0.5389649271965027 0.6316372752189636 0.45833829045295715 -1 -1 -1 -1 -1 -1 -1 -1 -1
0.5298207402229309 0.6610843539237976 0.9927029609680176 -1 -1 -1 -1 -1 -1 -1 -1 -1
0.5228409171104431 0.6970029473304749 0.5943884253501892 -1 -1 -1 -1 -1 -1 -1 -1 -1
0.5120078325271606 0.7496289610862732 0.9911062121391296 -1 -1 -1 -1 -1 -1 -1 -1 -1
0.5150577425956726 0.7058351635932922 0.6338075995445251 -1 -1 -1 -1 -1 -1 -1 -1 -1
0.5018641948699951 0.7643048763275146 0.9797828793525696 -1 -1 -1 -1 -1 -1 -1 -1 -1
0.5375617146492004 0.7171214818954468 0.684232234954834 -1 -1 -1 -1 -1 -1 -1 -1 -1
0.5344157218933105 0.7711859941482544 0.9819782376289368 -1 -1 -1 -1 -1 -1 -1 -1 -1
1 
33 
-1 -1 -1 -1 -1 -1 -1 -1 -1 -1
0.5601817965507507 0.4820764362812042 0.9978154897689819 -1 -1 -1 -1 -1 -1 -1 -1 -1
0.5586498379707336 0.47567594051361084 0.9966126084327698 -1 -1 -1 -1 -1 -1 -1 -1 -1
0.5583617687225342 0.4759410619735718 0.9969082474708557 -1 -1 -1 -1 -1 -1 -1 -1 -1
0.5580199360847473 0.4761838912963867 0.9976339340209961 -1 -1 -1 -1 -1 -1 -1 -1 -1
0.5579878091812134 0.4754079580307007 0.9973142743110657 -1 -1 -1 -1 -1 -1 -1 -1 -1
0.5572436451911926 0.4755213260650635 0.9973289966583252 -1 -1 -1 -1 -1 -1 -1 -1 -1
0.5564391016960144 0.475589394569397 0.9980400204658508 -1 -1 -1 -1 -1 -1 -1 -1 -1
0.5518689155578613 0.4810677766799927 0.9962330460548401 -1 -1 -1 -1 -1 -1 -1 -1 -1
0.5504217743873596 0.4803101420402527 0.9964712858200073 -1 -1 -1 -1 -1 -1 -1 -1 -1
0.5575802326202393 0.491836279630661 0.9954426288604736 -1 -1 -1 -1 -1 -1 -1 -1 -1
0.5567354559898376 0.491347074508667 0.9962796568870544 -1 -1 -1 -1 -1 -1 -1 -1 -1
0.537485659122467 0.5228543877601624 0.9927803874015808 -1 -1 -1 -1 -1 -1 -1 -1 -1
0.5339192152023315 0.5248150825500488 0.9992324113845825 -1 -1 -1 -1 -1 -1 -1 -1 -1
0.5621015429496765 0.5701696872711182 0.26587483286857605 -1 -1 -1 -1 -1 -1 -1 -1 -1
0.5650839805603027 0.5782192945480347 0.984750509262085 -1 -1 -1 -1 -1 -1 -1 -1 -1
0.5902485847473145 0.5802649855613708 0.2867775857448578 -1 -1 -1 -1 -1 -1 -1 -1 -1
0.5966981053352356 0.5806242823600769 0.9675842523574829 -1 -1 -1 -1 -1 -1 -1 -1 -1
0.5967344641685486 0.5778763890266418 0.33596235513687134 -1 -1 -1 -1 -1 -1 -1 -1 -1
0.6042121648788452 0.5805114507675171 0.9513012766838074 -1 -1 -1 -1 -1 -1 -1 -1 -1
0.5988802313804626 0.5723251104354858 0.35458436608314514 -1 -1 -1 -1 -1 -1 -1 -1 -1
0.6035008430480957 0.5728930234909058 0.9468429088592529 -1 -1 -1 -1 -1 -1 -1 -1 -1
0.5969576239585876 0.5779223442077637 0.37365564703941345 -1 -1 -1 -1 -1 -1 -1 -1 -1
0.6014194488525391 0.5745548009872437 0.9129838347434998 -1 -1 -1 -1 -1 -1 -1 -1 -1
0.4961622953414917 0.6120427250862122 0.992170512676239 -1 -1 -1 -1 -1 -1 -1 -1 -1
0.48832616209983826 0.6202273368835449 0.9960783123970032 -1 -1 -1 -1 -1 -1 -1 -1 -1
0.5443126559257507 0.6496246457099915 0.35913193225860596 -1 -1 -1 -1 -1 -1 -1 -1 -1
0.530186653137207 0.6858314275741577 0.9876170754432678 -1 -1 -1 -1 -1 -1 -1 -1 -1
0.5315634608268738 0.726219892501831 0.42557287216186523 -1 -1 -1 -1 -1 -1 -1 -1 -1
0.5076582431793213 0.7799261808395386 0.989548921585083 -1 -1 -1 -1 -1 -1 -1 -1 -1
0.5247799754142761 0.7362229824066162 0.5083315372467041 -1 -1 -1 -1 -1 -1 -1 -1 -1
0.49882277846336365 0.7945489883422852 0.9805652499198914 -1 -1 -1 -1 -1 -1 -1 -1 -1
0.5452097058296204 0.7442397475242615 0.5501155853271484 -1 -1 -1 -1 -1 -1 -1 -1 -1
0.5316884517669678 0.8031469583511353 0.9779200553894043 -1 -1 -1 -1 -1 -1 -1 -1 -1
1 
33 
-1 -1 -1 -1 -1 -1 -1 -1 -1 -1
0.5574295520782471 0.4932406544685364 0.9984993934631348 -1 -1 -1 -1 -1 -1 -1 -1 -1
0.5550410747528076 0.4820100665092468 0.9978463649749756 -1 -1 -1 -1 -1 -1 -1 -1 -1
0.5548856258392334 0.48257261514663696 0.9977363348007202 -1 -1 -1 -1 -1 -1 -1 -1 -1
0.5547074675559998 0.4832298755645752 0.9981429576873779 -1 -1 -1 -1 -1 -1 -1 -1 -1
0.5541989803314209 0.481937050819397 0.9984261989593506 -1 -1 -1 -1 -1 -1 -1 -1 -1
0.5535117387771606 0.48251664638519287 0.9985149502754211 -1 -1 -1 -1 -1 -1 -1 -1 -1
0.5527710914611816 0.4831719398498535 0.9988288283348083 -1 -1 -1 -1 -1 -1 -1 -1 -1
0.5492907166481018 0.49053332209587097 0.9976208806037903 -1 -1 -1 -1 -1 -1 -1 -1 -1
0.5469117164611816 0.4898197650909424 0.9980875849723816 -1 -1 -1 -1 -1 -1 -1 -1 -1
0.5565781593322754 0.504112958908081 0.9946449995040894 -1 -1 -1 -1 -1 -1 -1 -1 -1
0.5557430386543274 0.5050850510597229 0.9949333071708679 -1 -1 -1 -1 -1 -1 -1 -1 -1
0.5412169694900513 0.5303102731704712 0.987122118473053 -1 -1 -1 -1 -1 -1 -1 -1 -1
0.537858247756958 0.5318905115127563 0.9989890456199646 -1 -1 -1 -1 -1 -1 -1 -1 -1
0.5785542726516724 0.5257204174995422 0.16167926788330078 -1 -1 -1 -1 -1 -1 -1 -1 -1
0.5736032128334045 0.5371167659759521 0.9476456642150879 -1 -1 -1 -1 -1 -1 -1 -1 -1
0.5916182398796082 0.49517762660980225 0.2503367066383362 -1 -1 -1 -1 -1 -1 -1 -1 -1
0.5897278785705566 0.4939575791358948 0.881353497505188 -1 -1 -1 -1 -1 -1 -1 -1 -1
0.6019577980041504 0.4810587465763092 0.2882050573825836 -1 -1 -1 -1 -1 -1 -1 -1 -1
0.5926640629768372 0.481606662273407 0.8355645537376404 -1 -1 -1 -1 -1 -1 -1 -1 -1
0.6001452803611755 0.47628557682037354 0.3080167770385742 -1 -1 -1 -1 -1 -1 -1 -1 -1
0.5905050039291382 0.4779069721698761 0.8312526941299438 -1 -1 -1 -1 -1 -1 -1 -1 -1
0.6003015041351318 0.47941744327545166 0.3076508045196533 -1 -1 -1 -1 -1 -1 -1 -1 -1
0.5889637470245361 0.47797393798828125 0.8010444045066833 -1 -1 -1 -1 -1 -1 -1 -1 -1
0.4928807318210602 0.6348096132278442 0.9928503036499023 -1 -1 -1 -1 -1 -1 -1 -1 -1
0.48725152015686035 0.641230583190918 0.9961407780647278 -1 -1 -1 -1 -1 -1 -1 -1 -1
0.5314167141914368 0.6808930039405823 0.15224629640579224 -1 -1 -1 -1 -1 -1 -1 -1 -1
0.528992772102356 0.7051369547843933 0.9787096977233887 -1 -1 -1 -1 -1 -1 -1 -1 -1
0.5198197364807129 0.7536410689353943 0.248251274228096 -1 -1 -1 -1 -1 -1 -1 -1 -1
0.5136260986328125 0.7637200355529785 0.8575156927108765 -1 -1 -1 -1 -1 -1 -1 -1 -1
0.512432873249054 0.7613321542739868 0.2624996602535248 -1 -1 -1 -1 -1 -1 -1 -1 -1
0.5065113306045532 0.7674383521080017 0.7256097197532654 -1 -1 -1 -1 -1 -1 -1 -1 -1
0.5318528413772583 0.7776474952697754 0.34255945682525635 -1 -1 -1 -1 -1 -1 -1 -1 -1
0.5203470587730408 0.7926387786865234 0.8005014657974243 -1 -1 -1 -1 -1 -1 -1 -1 -1
1 
33 
-1 -1 -1 -1 -1 -1 -1 -1 -1 -1
0.5567411184310913 0.4843943417072296 0.9974873065948486 -1 -1 -1 -1 -1 -1 -1 -1 -1
0.563283383846283 0.47626596689224243 0.9965314269065857 -1 -1 -1 -1 -1 -1 -1 -1 -1
0.5652213096618652 0.47891753911972046 0.9951753616333008 -1 -1 -1 -1 -1 -1 -1 -1 -1
0.5672589540481567 0.481550395488739 0.9963439106941223 -1 -1 -1 -1 -1 -1 -1 -1 -1
0.5574890375137329 0.4685537815093994 0.9980999827384949 -1 -1 -1 -1 -1 -1 -1 -1 -1
0.5551471710205078 0.46591782569885254 0.9973980188369751 -1 -1 -1 -1 -1 -1 -1 -1 -1
0.5528680682182312 0.46327608823776245 0.997868537902832 -1 -1 -1 -1 -1 -1 -1 -1 -1
0.567544162273407 0.4902171194553375 0.9941310286521912 -1 -1 -1 -1 -1 -1 -1 -1 -1
0.548442006111145 0.4668365716934204 0.9965092539787292 -1 -1 -1 -1 -1 -1 -1 -1 -1
0.5548582673072815 0.5014714002609253 0.9875659346580505 -1 -1 -1 -1 -1 -1 -1 -1 -1
0.5459895730018616 0.49277764558792114 0.9821719527244568 -1 -1 -1 -1 -1 -1 -1 -1 -1
0.5296741127967834 0.5396901369094849 0.993465006351471 -1 -1 -1 -1 -1 -1 -1 -1 -1
0.5254392623901367 0.5355729460716248 0.9961978793144226 -1 -1 -1 -1 -1 -1 -1 -1 -1
0.5019150972366333 0.595526397228241 0.05578845366835594 -1 -1 -1 -1 -1 -1 -1 -1 -1
0.5001482367515564 0.61830073595047 0.8754298686981201 -1 -1 -1 -1 -1 -1 -1 -1 -1
0.5282233357429504 0.6031713485717773 0.09239034354686737 -1 -1 -1 -1 -1 -1 -1 -1 -1
0.5202078819274902 0.678354799747467 0.5337861180305481 -1 -1 -1 -1 -1 -1 -1 -1 -1
0.5344197750091553 0.6049486398696899 0.12254790216684341 -1 -1 -1 -1 -1 -1 -1 -1 -1
0.5331833958625793 0.6930299997329712 0.46721792221069336 -1 -1 -1 -1 -1 -1 -1 -1 -1
0.5392358303070068 0.6024754047393799 0.12461483478546143 -1 -1 -1 -1 -1 -1 -1 -1 -1
0.5263718962669373 0.6951349973678589 0.47113701701164246 -1 -1 -1 -1 -1 -1 -1 -1 -1
0.5363190770149231 0.6057369112968445 0.1210072934627533 -1 -1 -1 -1 -1 -1 -1 -1 -1
0.5235181450843811 0.6785477995872498 0.453828901052475 -1 -1 -1 -1 -1 -1 -1 -1 -1
0.390713632106781 0.628885805606842 0.9745405316352844 -1 -1 -1 -1 -1 -1 -1 -1 -1
0.38733938336372375 0.6420720815658569 0.975899338722229 -1 -1 -1 -1 -1 -1 -1 -1 -1
0.31103992462158203 0.6434798240661621 0.16307564079761505 -1 -1 -1 -1 -1 -1 -1 -1 -1
0.2944185733795166 0.659548819065094 0.7710695266723633 -1 -1 -1 -1 -1 -1 -1 -1 -1
0.23726364970207214 0.670161783695221 0.29755011200904846 -1 -1 -1 -1 -1 -1 -1 -1 -1
0.18966780602931976 0.6263018250465393 0.8225263357162476 -1 -1 -1 -1 -1 -1 -1 -1 -1
0.22680439054965973 0.671319842338562 0.37886878848075867 -1 -1 -1 -1 -1 -1 -1 -1 -1
0.17743340134620667 0.6108799576759338 0.8420093059539795 -1 -1 -1 -1 -1 -1 -1 -1 -1
0.21514156460762024 0.6748279333114624 0.329226553440094 -1 -1 -1 -1 -1 -1 -1 -1 -1
0.15452340245246887 0.629472553730011 0.800717830657959 -1 -1 -1 -1 -1 -1 -1 -1 -1
1 
33 
-1 -1 -1 -1 -1 -1 -1 -1 -1 -1
0.5637155175209045 0.4942134618759155 0.9970746040344238 -1 -1 -1 -1 -1 -1 -1 -1 -1
0.5626625418663025 0.4848571717739105 0.9944745898246765 -1 -1 -1 -1 -1 -1 -1 -1 -1
0.5619395971298218 0.48414796590805054 0.9931738972663879 -1 -1 -1 -1 -1 -1 -1 -1 -1
0.561120867729187 0.4832603633403778 0.9947846531867981 -1 -1 -1 -1 -1 -1 -1 -1 -1
0.5622931122779846 0.4849056005477905 0.9951590895652771 -1 -1 -1 -1 -1 -1 -1 -1 -1
0.5613520741462708 0.48444125056266785 0.9956725835800171 -1 -1 -1 -1 -1 -1 -1 -1 -1
0.5603304505348206 0.4838765263557434 0.9960390329360962 -1 -1 -1 -1 -1 -1 -1 -1 -1
0.5539730191230774 0.48439496755599976 0.9940748810768127 -1 -1 -1 -1 -1 -1 -1 -1 -1
0.5527414679527283 0.485679566860199 0.9960150122642517 -1 -1 -1 -1 -1 -1 -1 -1 -1
0.5590564012527466 0.5015110969543457 0.9867269396781921 -1 -1 -1 -1 -1 -1 -1 -1 -1
0.5583808422088623 0.5015604496002197 0.9884700775146484 -1 -1 -1 -1 -1 -1 -1 -1 -1
0.5424259901046753 0.5151748657226562 0.9952620267868042 -1 -1 -1 -1 -1 -1 -1 -1 -1
0.5386541485786438 0.5184876918792725 0.998272180557251 -1 -1 -1 -1 -1 -1 -1 -1 -1
0.5600330829620361 0.46939873695373535 0.17255915701389313 -1 -1 -1 -1 -1 -1 -1 -1 -1
0.5579801797866821 0.4669904410839081 0.9728580713272095 -1 -1 -1 -1 -1 -1 -1 -1 -1
0.5556367635726929 0.42807692289352417 0.15648037195205688 -1 -1 -1 -1 -1 -1 -1 -1 -1
0.5513340830802917 0.43020302057266235 0.9149913787841797 -1 -1 -1 -1 -1 -1 -1 -1 -1
0.5542854070663452 0.41619423031806946 0.1575791984796524 -1 -1 -1 -1 -1 -1 -1 -1 -1
0.5492565631866455 0.42220360040664673 0.8906827569007874 -1 -1 -1 -1 -1 -1 -1 -1 -1
0.5520819425582886 0.4197613596916199 0.1627987176179886 -1 -1 -1 -1 -1 -1 -1 -1 -1
0.5463783740997314 0.418792724609375 0.8823114633560181 -1 -1 -1 -1 -1 -1 -1 -1 -1
0.5523144006729126 0.4234587848186493 0.19006219506263733 -1 -1 -1 -1 -1 -1 -1 -1 -1
0.5469205379486084 0.42344462871551514 0.8558643460273743 -1 -1 -1 -1 -1 -1 -1 -1 -1
0.5163600444793701 0.6445215344429016 0.998865008354187 -1 -1 -1 -1 -1 -1 -1 -1 -1
0.5116742849349976 0.6494004726409912 0.9981780052185059 -1 -1 -1 -1 -1 -1 -1 -1 -1
0.534052312374115 0.7252329587936401 0.16707837581634521 -1 -1 -1 -1 -1 -1 -1 -1 -1
0.5341240167617798 0.7345789074897766 0.929112434387207 -1 -1 -1 -1 -1 -1 -1 -1 -1
0.50467449426651 0.8035778403282166 0.20274618268013 -1 -1 -1 -1 -1 -1 -1 -1 -1
0.4988059103488922 0.8044825792312622 0.8766316771507263 -1 -1 -1 -1 -1 -1 -1 -1 -1
0.505048930644989 0.8180410861968994 0.27400365471839905 -1 -1 -1 -1 -1 -1 -1 -1 -1
0.48697227239608765 0.8147108554840088 0.8583373427391052 -1 -1 -1 -1 -1 -1 -1 -1 -1
0.5293473601341248 0.8336672186851501 0.3812559247016907 -1 -1 -1 -1 -1 -1 -1 -1 -1
0.5164032578468323 0.8353061676025391 0.878933310508728 -1 -1 -1 -1 -1 -1 -1 -1 -1
1 
33 
-1 -1 -1 -1 -1 -1 -1 -1 -1 -1
0.563734233379364 0.47205501794815063 0.9952148199081421 -1 -1 -1 -1 -1 -1 -1 -1 -1
0.5624793767929077 0.462564617395401 0.9924148917198181 -1 -1 -1 -1 -1 -1 -1 -1 -1
0.5623299479484558 0.4621772766113281 0.9901517033576965 -1 -1 -1 -1 -1 -1 -1 -1 -1
0.5622365474700928 0.46176958084106445 0.9930522441864014 -1 -1 -1 -1 -1 -1 -1 -1 -1
0.5612337589263916 0.4621984362602234 0.9936054944992065 -1 -1 -1 -1 -1 -1 -1 -1 -1
0.5600430369377136 0.4616013169288635 0.9932271838188171 -1 -1 -1 -1 -1 -1 -1 -1 -1
0.5589336156845093 0.4609951078891754 0.9939180612564087 -1 -1 -1 -1 -1 -1 -1 -1 -1
0.5570085644721985 0.46344777941703796 0.9909418225288391 -1 -1 -1 -1 -1 -1 -1 -1 -1
0.5536893606185913 0.4633173942565918 0.9940440058708191 -1 -1 -1 -1 -1 -1 -1 -1 -1
0.5620116591453552 0.4783610701560974 0.9865715503692627 -1 -1 -1 -1 -1 -1 -1 -1 -1
0.5604612827301025 0.4780499041080475 0.9860365390777588 -1 -1 -1 -1 -1 -1 -1 -1 -1
0.5491967797279358 0.48962387442588806 0.9915372133255005 -1 -1 -1 -1 -1 -1 -1 -1 -1
0.5440404415130615 0.4944450557231903 0.9964021444320679 -1 -1 -1 -1 -1 -1 -1 -1 -1
0.5625415444374084 0.43855908513069153 0.15782541036605835 -1 -1 -1 -1 -1 -1 -1 -1 -1
0.5616754293441772 0.43831390142440796 0.9702878594398499 -1 -1 -1 -1 -1 -1 -1 -1 -1
0.5638986229896545 0.3929879665374756 0.23112739622592926 -1 -1 -1 -1 -1 -1 -1 -1 -1
0.5594835877418518 0.3953905701637268 0.948488712310791 -1 -1 -1 -1 -1 -1 -1 -1 -1
0.563116729259491 0.3776337504386902 0.23393391072750092 -1 -1 -1 -1 -1 -1 -1 -1 -1
0.5580282807350159 0.38361912965774536 0.9329382181167603 -1 -1 -1 -1 -1 -1 -1 -1 -1
0.5608910322189331 0.37895023822784424 0.23897719383239746 -1 -1 -1 -1 -1 -1 -1 -1 -1
0.554185688495636 0.3852124810218811 0.9237430691719055 -1 -1 -1 -1 -1 -1 -1 -1 -1
0.560987651348114 0.3845178782939911 0.2715347707271576 -1 -1 -1 -1 -1 -1 -1 -1 -1
0.5543739795684814 0.3897325396537781 0.8989905714988708 -1 -1 -1 -1 -1 -1 -1 -1 -1
0.5241295099258423 0.6197607517242432 0.9971613883972168 -1 -1 -1 -1 -1 -1 -1 -1 -1
0.519025981426239 0.624984622001648 0.9965229034423828 -1 -1 -1 -1 -1 -1 -1 -1 -1
0.533804714679718 0.7132186889648438 0.18374304473400116 -1 -1 -1 -1 -1 -1 -1 -1 -1
0.5337397456169128 0.7251662611961365 0.9181618094444275 -1 -1 -1 -1 -1 -1 -1 -1 -1
0.516521155834198 0.7932825088500977 0.2597389817237854 -1 -1 -1 -1 -1 -1 -1 -1 -1
0.5035334229469299 0.7979773283004761 0.9034285545349121 -1 -1 -1 -1 -1 -1 -1 -1 -1
0.5092508792877197 0.80621337890625 0.3356364369392395 -1 -1 -1 -1 -1 -1 -1 -1 -1
0.4942600429058075 0.8000562191009521 0.889474093914032 -1 -1 -1 -1 -1 -1 -1 -1 -1
0.5301339626312256 0.8083851337432861 0.4238440692424774 -1 -1 -1 -1 -1 -1 -1 -1 -1
0.5183084607124329 0.8141927719116211 0.8914851546287537 -1 -1 -1 -1 -1 -1 -1 -1 -1
1 
33 
-1 -1 -1 -1 -1 -1 -1 -1 -1 -1
0.5685136914253235 0.45161011815071106 0.983124852180481 -1 -1 -1 -1 -1 -1 -1 -1 -1
0.5681337714195251 0.4384831190109253 0.9773872494697571 -1 -1 -1 -1 -1 -1 -1 -1 -1
0.5678368210792542 0.43795597553253174 0.9700503349304199 -1 -1 -1 -1 -1 -1 -1 -1 -1
0.5674643516540527 0.4374666213989258 0.9796304702758789 -1 -1 -1 -1 -1 -1 -1 -1 -1
0.5673215985298157 0.4378209114074707 0.9802725911140442 -1 -1 -1 -1 -1 -1 -1 -1 -1
0.5664689540863037 0.4369293749332428 0.9766290783882141 -1 -1 -1 -1 -1 -1 -1 -1 -1
0.5655526518821716 0.4360195994377136 0.9798012971878052 -1 -1 -1 -1 -1 -1 -1 -1 -1
0.5611406564712524 0.43801629543304443 0.9660778045654297 -1 -1 -1 -1 -1 -1 -1 -1 -1
0.5586031079292297 0.4371207356452942 0.9704869985580444 -1 -1 -1 -1 -1 -1 -1 -1 -1
0.5648863315582275 0.4572494924068451 0.9498639106750488 -1 -1 -1 -1 -1 -1 -1 -1 -1
0.5640578269958496 0.4569188952445984 0.9537811279296875 -1 -1 -1 -1 -1 -1 -1 -1 -1
0.5513919591903687 0.4698984622955322 0.967585027217865 -1 -1 -1 -1 -1 -1 -1 -1 -1
0.5447661876678467 0.47127535939216614 0.9905282258987427 -1 -1 -1 -1 -1 -1 -1 -1 -1
0.5715276598930359 0.4084715247154236 0.10756850987672806 -1 -1 -1 -1 -1 -1 -1 -1 -1
0.5699337720870972 0.4072009027004242 0.9640650749206543 -1 -1 -1 -1 -1 -1 -1 -1 -1
0.5882909893989563 0.3592824339866638 0.2694733738899231 -1 -1 -1 -1 -1 -1 -1 -1 -1
0.5838647484779358 0.35973021388053894 0.9580371975898743 -1 -1 -1 -1 -1 -1 -1 -1 -1
0.5922871828079224 0.3509000539779663 0.2945953905582428 -1 -1 -1 -1 -1 -1 -1 -1 -1
0.588324248790741 0.35122495889663696 0.9395003318786621 -1 -1 -1 -1 -1 -1 -1 -1 -1
0.5917322039604187 0.34809157252311707 0.29963287711143494 -1 -1 -1 -1 -1 -1 -1 -1 -1
0.5879799127578735 0.34856289625167847 0.927356481552124 -1 -1 -1 -1 -1 -1 -1 -1 -1
0.5879431366920471 0.35496264696121216 0.3184480369091034 -1 -1 -1 -1 -1 -1 -1 -1 -1
0.5858933925628662 0.35707932710647583 0.8915718793869019 -1 -1 -1 -1 -1 -1 -1 -1 -1
0.5285277962684631 0.5918459296226501 0.9914681911468506 -1 -1 -1 -1 -1 -1 -1 -1 -1
0.5223214626312256 0.5974912047386169 0.9927975535392761 -1 -1 -1 -1 -1 -1 -1 -1 -1
0.5529444217681885 0.6625524759292603 0.20000101625919342 -1 -1 -1 -1 -1 -1 -1 -1 -1
0.532913327217102 0.6923534870147705 0.9410743713378906 -1 -1 -1 -1 -1 -1 -1 -1 -1
0.5311131477355957 0.7097536325454712 0.23582838475704193 -1 -1 -1 -1 -1 -1 -1 -1 -1
0.5085098147392273 0.7587780952453613 0.9370537996292114 -1 -1 -1 -1 -1 -1 -1 -1 -1
0.5313705801963806 0.7377219200134277 0.3354450464248657 -1 -1 -1 -1 -1 -1 -1 -1 -1
0.49448052048683167 0.7748269438743591 0.9132944941520691 -1 -1 -1 -1 -1 -1 -1 -1 -1
0.5520904064178467 0.7566958069801331 0.34136122465133667 -1 -1 -1 -1 -1 -1 -1 -1 -1
0.5173460841178894 0.7957427501678467 0.8944844007492065 -1 -1 -1 -1 -1 -1 -1 -1 -1
1 
