3
1 
33 
-1 -1 -1 -1 -1 -1 -1 -1 -1 -1
0.4881623089313507 0.2968721389770508 0.9604745507240295 -1 -1 -1 -1 -1 -1 -1 -1 -1
0.48807260394096375 0.28898119926452637 0.9530945420265198 -1 -1 -1 -1 -1 -1 -1 -1 -1
0.4872887134552002 0.287792444229126 0.9294189214706421 -1 -1 -1 -1 -1 -1 -1 -1 -1
0.4861888289451599 0.28620418906211853 0.9470985531806946 -1 -1 -1 -1 -1 -1 -1 -1 -1
0.4878486096858978 0.290077269077301 0.9651570916175842 -1 -1 -1 -1 -1 -1 -1 -1 -1
0.4870139956474304 0.28991830348968506 0.9599277377128601 -1 -1 -1 -1 -1 -1 -1 -1 -1
0.4859246015548706 0.28949302434921265 0.9709472060203552 -1 -1 -1 -1 -1 -1 -1 -1 -1
0.4761474132537842 0.28381872177124023 0.9347741603851318 -1 -1 -1 -1 -1 -1 -1 -1 -1
0.4766393303871155 0.2884690761566162 0.9478729367256165 -1 -1 -1 -1 -1 -1 -1 -1 -1
0.48353660106658936 0.3029367923736572 0.9491221308708191 -1 -1 -1 -1 -1 -1 -1 -1 -1
0.48326557874679565 0.3037184774875641 0.9625033140182495 -1 -1 -1 -1 -1 -1 -1 -1 -1
0.455966055393219 0.3195653557777405 0.9666038751602173 -1 -1 -1 -1 -1 -1 -1 -1 -1
0.4607730209827423 0.3265588879585266 0.9962127208709717 -1 -1 -1 -1 -1 -1 -1 -1 -1
0.4453636109828949 0.2944371998310089 0.11578544229269028 -1 -1 -1 -1 -1 -1 -1 -1 -1
0.4474257826805115 0.28568071126937866 0.9191081523895264 -1 -1 -1 -1 -1 -1 -1 -1 -1
0.43666771054267883 0.23985159397125244 0.42435726523399353 -1 -1 -1 -1 -1 -1 -1 -1 -1
0.4452890157699585 0.23199447989463806 0.9694983959197998 -1 -1 -1 -1 -1 -1 -1 -1 -1
0.4257596731185913 0.22683292627334595 0.5009369254112244 -1 -1 -1 -1 -1 -1 -1 -1 -1
0.44017836451530457 0.21780386567115784 0.9667295217514038 -1 -1 -1 -1 -1 -1 -1 -1 -1
0.4325314462184906 0.2245999276638031 0.5047475695610046 -1 -1 -1 -1 -1 -1 -1 -1 -1
0.44455239176750183 0.21799185872077942 0.9640066027641296 -1 -1 -1 -1 -1 -1 -1 -1 -1
0.43176165223121643 0.22836419939994812 0.5090436339378357 -1 -1 -1 -1 -1 -1 -1 -1 -1
0.44397857785224915 0.22136807441711426 0.9381738305091858 -1 -1 -1 -1 -1 -1 -1 -1 -1
0.4476347267627716 0.4917459189891815 0.9983658194541931 -1 -1 -1 -1 -1 -1 -1 -1 -1
0.4455985128879547 0.4971098303794861 0.9981512427330017 -1 -1 -1 -1 -1 -1 -1 -1 -1
0.4673497676849365 0.5873208045959473 0.27453142404556274 -1 -1 -1 -1 -1 -1 -1 -1 -1
0.4651876389980316 0.5852116346359253 0.9222272038459778 -1 -1 -1 -1 -1 -1 -1 -1 -1
0.4571376442909241 0.6781209111213684 0.4270808696746826 -1 -1 -1 -1 -1 -1 -1 -1 -1
0.45516008138656616 0.6958649158477783 0.9392943978309631 -1 -1 -1 -1 -1 -1 -1 -1 -1
0.4465889036655426 0.7182337045669556 0.5729449987411499 -1 -1 -1 -1 -1 -1 -1 -1 -1
0.4468977451324463 0.7130876779556274 0.9357781410217285 -1 -1 -1 -1 -1 -1 -1 -1 -1
0.4761852025985718 0.7243712544441223 0.4821752905845642 -1 -1 -1 -1 -1 -1 -1 -1 -1
0.47646066546440125 0.7390015125274658 0.8878318071365356 -1 -1 -1 -1 -1 -1 -1 -1 -1
1 
33 
-1 -1 -1 -1 -1 -1 -1 -1 -1 -1
0.45722365379333496 0.6145939230918884 0.987405002117157 -1 -1 -1 -1 -1 -1 -1 -1 -1
0.4583269953727722 0.6229996085166931 0.9736377596855164 -1 -1 -1 -1 -1 -1 -1 -1 -1
0.4576971232891083 0.623207151889801 0.9629494547843933 -1 -1 -1 -1 -1 -1 -1 -1 -1
0.45702311396598816 0.6233723163604736 0.965302586555481 -1 -1 -1 -1 -1 -1 -1 -1 -1
0.46100667119026184 0.6227444410324097 0.9788923263549805 -1 -1 -1 -1 -1 -1 -1 -1 -1
0.4623940885066986 0.6226839423179626 0.9797663688659668 -1 -1 -1 -1 -1 -1 -1 -1 -1
0.46376994252204895 0.6226281523704529 0.9825215935707092 -1 -1 -1 -1 -1 -1 -1 -1 -1
0.45946162939071655 0.6213199496269226 0.9398437142372131 -1 -1 -1 -1 -1 -1 -1 -1 -1
0.46870189905166626 0.6198908090591431 0.9758296012878418 -1 -1 -1 -1 -1 -1 -1 -1 -1
0.45626333355903625 0.6073379516601562 0.9903843402862549 -1 -1 -1 -1 -1 -1 -1 -1 -1
0.45949631929397583 0.6068847179412842 0.986328661441803 -1 -1 -1 -1 -1 -1 -1 -1 -1
0.4456793963909149 0.5880026817321777 0.9963071346282959 -1 -1 -1 -1 -1 -1 -1 -1 -1
0.47686314582824707 0.5901601314544678 0.9982593655586243 -1 -1 -1 -1 -1 -1 -1 -1 -1
0.42235463857650757 0.569343090057373 0.5979053378105164 -1 -1 -1 -1 -1 -1 -1 -1 -1
0.4648958444595337 0.6263778805732727 0.9855205416679382 -1 -1 -1 -1 -1 -1 -1 -1 -1
0.4069107472896576 0.5749304294586182 0.663242518901825 -1 -1 -1 -1 -1 -1 -1 -1 -1
0.45932647585868835 0.6877018809318542 0.9896412491798401 -1 -1 -1 -1 -1 -1 -1 -1 -1
0.4018964469432831 0.5766029953956604 0.5930924415588379 -1 -1 -1 -1 -1 -1 -1 -1 -1
0.4612799882888794 0.6995530128479004 0.9781938791275024 -1 -1 -1 -1 -1 -1 -1 -1 -1
0.4034923315048218 0.5808044075965881 0.6157891154289246 -1 -1 -1 -1 -1 -1 -1 -1 -1
0.4626123309135437 0.7016066312789917 0.9757753610610962 -1 -1 -1 -1 -1 -1 -1 -1 -1
0.4059655964374542 0.5798247456550598 0.625504732131958 -1 -1 -1 -1 -1 -1 -1 -1 -1
0.4620487689971924 0.6989433765411377 0.960033655166626 -1 -1 -1 -1 -1 -1 -1 -1 -1
0.43920010328292847 0.4707238972187042 0.9993283748626709 -1 -1 -1 -1 -1 -1 -1 -1 -1
0.4530831277370453 0.4702070653438568 0.9995643496513367 -1 -1 -1 -1 -1 -1 -1 -1 -1
0.4582264721393585 0.3860577940940857 0.7415966987609863 -1 -1 -1 -1 -1 -1 -1 -1 -1
0.4670884609222412 0.37793785333633423 0.9175313115119934 -1 -1 -1 -1 -1 -1 -1 -1 -1
0.47082608938217163 0.35947397351264954 0.5384074449539185 -1 -1 -1 -1 -1 -1 -1 -1 -1
0.4653714895248413 0.32938531041145325 0.8136783242225647 -1 -1 -1 -1 -1 -1 -1 -1 -1
0.4735267758369446 0.35756927728652954 0.6571033596992493 -1 -1 -1 -1 -1 -1 -1 -1 -1
0.46667736768722534 0.32454627752304077 0.8233544826507568 -1 -1 -1 -1 -1 -1 -1 -1 -1
0.4714796841144562 0.3363119959831238 0.5747402906417847 -1 -1 -1 -1 -1 -1 -1 -1 -1
0.4619036018848419 0.30541935563087463 0.7801532745361328 -1 -1 -1 -1 -1 -1 -1 -1 -1
1 
33 
-1 -1 -1 -1 -1 -1 -1 -1 -1 -1
0.5171059966087341 0.394708514213562 0.9974651336669922 -1 -1 -1 -1 -1 -1 -1 -1 -1
0.5185580849647522 0.3849789500236511 0.9978874325752258 -1 -1 -1 -1 -1 -1 -1 -1 -1
0.518306314945221 0.38427257537841797 0.9974777102470398 -1 -1 -1 -1 -1 -1 -1 -1 -1
0.5180360078811646 0.38355764746665955 0.9974945783615112 -1 -1 -1 -1 -1 -1 -1 -1 -1
0.5183178782463074 0.3844480812549591 0.9986379742622375 -1 -1 -1 -1 -1 -1 -1 -1 -1
0.5179060697555542 0.383403480052948 0.9987397789955139 -1 -1 -1 -1 -1 -1 -1 -1 -1
0.5174712538719177 0.38234829902648926 0.9987057447433472 -1 -1 -1 -1 -1 -1 -1 -1 -1
0.5130932331085205 0.37906742095947266 0.9986408352851868 -1 -1 -1 -1 -1 -1 -1 -1 -1
0.5129925012588501 0.37823686003685 0.9982365369796753 -1 -1 -1 -1 -1 -1 -1 -1 -1
0.5136304497718811 0.3979845643043518 0.9939219951629639 -1 -1 -1 -1 -1 -1 -1 -1 -1
0.5130203366279602 0.3969361186027527 0.9959943294525146 -1 -1 -1 -1 -1 -1 -1 -1 -1
0.48386916518211365 0.38704806566238403 0.9976486563682556 -1 -1 -1 -1 -1 -1 -1 -1 -1
0.4895898103713989 0.39142242074012756 0.9994283318519592 -1 -1 -1 -1 -1 -1 -1 -1 -1
0.4553508162498474 0.3676421046257019 0.9242677688598633 -1 -1 -1 -1 -1 -1 -1 -1 -1
0.49413520097732544 0.3859533667564392 0.9514280557632446 -1 -1 -1 -1 -1 -1 -1 -1 -1
0.43996769189834595 0.3355735242366791 0.9174696207046509 -1 -1 -1 -1 -1 -1 -1 -1 -1
0.5004446506500244 0.38240954279899597 0.9660248160362244 -1 -1 -1 -1 -1 -1 -1 -1 -1
0.43258965015411377 0.3272116780281067 0.9008535742759705 -1 -1 -1 -1 -1 -1 -1 -1 -1
0.49836546182632446 0.38514018058776855 0.9664293527603149 -1 -1 -1 -1 -1 -1 -1 -1 -1
0.4343010187149048 0.3240913450717926 0.8997775316238403 -1 -1 -1 -1 -1 -1 -1 -1 -1
0.5033680200576782 0.3828851878643036 0.9664974212646484 -1 -1 -1 -1 -1 -1 -1 -1 -1
0.43721604347229004 0.32832321524620056 0.8604240417480469 -1 -1 -1 -1 -1 -1 -1 -1 -1
0.5043274164199829 0.3832415044307709 0.9357860684394836 -1 -1 -1 -1 -1 -1 -1 -1 -1
0.44326117634773254 0.515070378780365 0.9996191263198853 -1 -1 -1 -1 -1 -1 -1 -1 -1
0.44168415665626526 0.5119390487670898 0.9997203946113586 -1 -1 -1 -1 -1 -1 -1 -1 -1
0.46948084235191345 0.6051056981086731 0.7099931240081787 -1 -1 -1 -1 -1 -1 -1 -1 -1
0.48387348651885986 0.5701768398284912 0.9953385591506958 -1 -1 -1 -1 -1 -1 -1 -1 -1
0.4635813534259796 0.6781717538833618 0.785483181476593 -1 -1 -1 -1 -1 -1 -1 -1 -1
0.46607232093811035 0.6756542921066284 0.9936357736587524 -1 -1 -1 -1 -1 -1 -1 -1 -1
0.4399224817752838 0.6929742693901062 0.8008033633232117 -1 -1 -1 -1 -1 -1 -1 -1 -1
0.45704394578933716 0.6913818717002869 0.9862099289894104 -1 -1 -1 -1 -1 -1 -1 -1 -1
0.4787364602088928 0.7089799642562866 0.8555415272712708 -1 -1 -1 -1 -1 -1 -1 -1 -1
0.48421260714530945 0.7116120457649231 0.9916063547134399 -1 -1 -1 -1 -1 -1 -1 -1 -1
1 
