6
1 
33 
-1 -1 -1 -1 -1 -1 -1 -1 -1 -1
0.49872303009033203 0.2745194733142853 0.9991426467895508 -1 -1 -1 -1 -1 -1 -1 -1 -1
0.4975603520870209 0.2649456858634949 0.9990456700325012 -1 -1 -1 -1 -1 -1 -1 -1 -1
0.4978325664997101 0.26522791385650635 0.997901201248169 -1 -1 -1 -1 -1 -1 -1 -1 -1
0.49814262986183167 0.26564574241638184 0.9982835054397583 -1 -1 -1 -1 -1 -1 -1 -1 -1
0.49474915862083435 0.2648802399635315 0.999468982219696 -1 -1 -1 -1 -1 -1 -1 -1 -1
0.49320268630981445 0.26513180136680603 0.9994609951972961 -1 -1 -1 -1 -1 -1 -1 -1 -1
0.491741806268692 0.2654498815536499 0.9996339082717896 -1 -1 -1 -1 -1 -1 -1 -1 -1
0.49567803740501404 0.2729174494743347 0.998325765132904 -1 -1 -1 -1 -1 -1 -1 -1 -1
0.48818549513816833 0.27104058861732483 0.9994811415672302 -1 -1 -1 -1 -1 -1 -1 -1 -1
0.49724486470222473 0.2877518832683563 0.9974282383918762 -1 -1 -1 -1 -1 -1 -1 -1 -1
0.49499547481536865 0.2874990701675415 0.998358428478241 -1 -1 -1 -1 -1 -1 -1 -1 -1
0.49276039004325867 0.3244079351425171 0.9641050696372986 -1 -1 -1 -1 -1 -1 -1 -1 -1
0.48472630977630615 0.3227013051509857 0.9981445074081421 -1 -1 -1 -1 -1 -1 -1 -1 -1
0.49367931485176086 0.3189181089401245 0.04871739074587822 -1 -1 -1 -1 -1 -1 -1 -1 -1
0.47201064229011536 0.27657443284988403 0.9633092880249023 -1 -1 -1 -1 -1 -1 -1 -1 -1
0.4981807470321655 0.2704591751098633 0.3735516369342804 -1 -1 -1 -1 -1 -1 -1 -1 -1
0.47082796692848206 0.21256908774375916 0.9854230880737305 -1 -1 -1 -1 -1 -1 -1 -1 -1
0.4980548322200775 0.2659910321235657 0.4740234911441803 -1 -1 -1 -1 -1 -1 -1 -1 -1
0.4743306338787079 0.19959357380867004 0.9810933470726013 -1 -1 -1 -1 -1 -1 -1 -1 -1
0.4988245964050293 0.25935909152030945 0.47818315029144287 -1 -1 -1 -1 -1 -1 -1 -1 -1
0.4752996563911438 0.19765138626098633 0.9787653088569641 -1 -1 -1 -1 -1 -1 -1 -1 -1
0.49927273392677307 0.26023101806640625 0.47482383251190186 -1 -1 -1 -1 -1 -1 -1 -1 -1
0.4746110141277313 0.20273658633232117 0.9659364819526672 -1 -1 -1 -1 -1 -1 -1 -1 -1
0.4863896369934082 0.485028475522995 0.9990839958190918 -1 -1 -1 -1 -1 -1 -1 -1 -1
0.4830254316329956 0.48716700077056885 0.9992890357971191 -1 -1 -1 -1 -1 -1 -1 -1 -1
0.5015851855278015 0.5861883163452148 0.34239116311073303 -1 -1 -1 -1 -1 -1 -1 -1 -1
0.5053531527519226 0.5848866105079651 0.915966272354126 -1 -1 -1 -1 -1 -1 -1 -1 -1
0.49818286299705505 0.6885844469070435 0.5576406717300415 -1 -1 -1 -1 -1 -1 -1 -1 -1
0.49998465180397034 0.7010250091552734 0.9567565321922302 -1 -1 -1 -1 -1 -1 -1 -1 -1
0.4920482933521271 0.7071254849433899 0.631422221660614 -1 -1 -1 -1 -1 -1 -1 -1 -1
0.49227964878082275 0.7143509387969971 0.9172016382217407 -1 -1 -1 -1 -1 -1 -1 -1 -1
0.5179959535598755 0.7240248918533325 0.6411533355712891 -1 -1 -1 -1 -1 -1 -1 -1 -1
0.518984317779541 0.7396203279495239 0.9337553977966309 -1 -1 -1 -1 -1 -1 -1 -1 -1
1 
33 
-1 -1 -1 -1 -1 -1 -1 -1 -1 -1
0.5079682469367981 0.28468233346939087 0.979534924030304 -1 -1 -1 -1 -1 -1 -1 -1 -1
0.5038108825683594 0.27495914697647095 0.9782502055168152 -1 -1 -1 -1 -1 -1 -1 -1 -1
0.5031085014343262 0.2748088538646698 0.9686070680618286 -1 -1 -1 -1 -1 -1 -1 -1 -1
0.5024104118347168 0.27470722794532776 0.9789074063301086 -1 -1 -1 -1 -1 -1 -1 -1 -1
0.5036807656288147 0.27544260025024414 0.9851321578025818 -1 -1 -1 -1 -1 -1 -1 -1 -1
0.5024802088737488 0.27563971281051636 0.9826571345329285 -1 -1 -1 -1 -1 -1 -1 -1 -1
0.5013050436973572 0.27585554122924805 0.9858365058898926 -1 -1 -1 -1 -1 -1 -1 -1 -1
0.4934745728969574 0.27953946590423584 0.9778811931610107 -1 -1 -1 -1 -1 -1 -1 -1 -1
0.49237295985221863 0.28193211555480957 0.9761943817138672 -1 -1 -1 -1 -1 -1 -1 -1 -1
0.5054181218147278 0.2956336736679077 0.9446898698806763 -1 -1 -1 -1 -1 -1 -1 -1 -1
0.5046895146369934 0.2960417866706848 0.9507197141647339 -1 -1 -1 -1 -1 -1 -1 -1 -1
0.4848255515098572 0.3288833498954773 0.9777045249938965 -1 -1 -1 -1 -1 -1 -1 -1 -1
0.4819267988204956 0.32244673371315 0.9932929277420044 -1 -1 -1 -1 -1 -1 -1 -1 -1
0.4861980378627777 0.3363332748413086 0.04072435945272446 -1 -1 -1 -1 -1 -1 -1 -1 -1
0.4818817675113678 0.34933900833129883 0.8062213063240051 -1 -1 -1 -1 -1 -1 -1 -1 -1
0.4932766556739807 0.3150494694709778 0.0649777203798294 -1 -1 -1 -1 -1 -1 -1 -1 -1
0.49676841497421265 0.33561861515045166 0.7878144383430481 -1 -1 -1 -1 -1 -1 -1 -1 -1
0.4933162331581116 0.3147643804550171 0.09132587909698486 -1 -1 -1 -1 -1 -1 -1 -1 -1
0.4993780851364136 0.33884894847869873 0.7949596047401428 -1 -1 -1 -1 -1 -1 -1 -1 -1
0.49407270550727844 0.3067322075366974 0.09540123492479324 -1 -1 -1 -1 -1 -1 -1 -1 -1
0.5010443925857544 0.32953566312789917 0.7844666838645935 -1 -1 -1 -1 -1 -1 -1 -1 -1
0.49497857689857483 0.30653420090675354 0.09982096403837204 -1 -1 -1 -1 -1 -1 -1 -1 -1
0.4995340406894684 0.3288339376449585 0.6972574591636658 -1 -1 -1 -1 -1 -1 -1 -1 -1
0.4889781177043915 0.49266862869262695 0.9947943091392517 -1 -1 -1 -1 -1 -1 -1 -1 -1
0.48384928703308105 0.4924332797527313 0.9935991764068604 -1 -1 -1 -1 -1 -1 -1 -1 -1
0.5084095001220703 0.6073555946350098 0.26601070165634155 -1 -1 -1 -1 -1 -1 -1 -1 -1
0.5025020241737366 0.6129021644592285 0.8045050501823425 -1 -1 -1 -1 -1 -1 -1 -1 -1
0.500257670879364 0.709880530834198 0.3696249723434448 -1 -1 -1 -1 -1 -1 -1 -1 -1
0.4991871118545532 0.7164548635482788 0.9037134647369385 -1 -1 -1 -1 -1 -1 -1 -1 -1
0.494207501411438 0.7259256839752197 0.4973478615283966 -1 -1 -1 -1 -1 -1 -1 -1 -1
0.49309805035591125 0.733331024646759 0.8743484020233154 -1 -1 -1 -1 -1 -1 -1 -1 -1
0.5180128216743469 0.7481517791748047 0.47202268242836 -1 -1 -1 -1 -1 -1 -1 -1 -1
0.5178403854370117 0.7570964694023132 0.8956090807914734 -1 -1 -1 -1 -1 -1 -1 -1 -1
1 
33 
-1 -1 -1 -1 -1 -1 -1 -1 -1 -1
0.5179893970489502 0.3559025228023529 0.9491087794303894 -1 -1 -1 -1 -1 -1 -1 -1 -1
0.5175002217292786 0.35250112414360046 0.937740683555603 -1 -1 -1 -1 -1 -1 -1 -1 -1
0.5171646475791931 0.3524603247642517 0.9177411794662476 -1 -1 -1 -1 -1 -1 -1 -1 -1
0.5164811611175537 0.35211557149887085 0.9435556530952454 -1 -1 -1 -1 -1 -1 -1 -1 -1
0.5166947841644287 0.3523017168045044 0.9579814672470093 -1 -1 -1 -1 -1 -1 -1 -1 -1
0.5157746076583862 0.35218727588653564 0.9493104219436646 -1 -1 -1 -1 -1 -1 -1 -1 -1
0.5145370960235596 0.3518679440021515 0.9584408402442932 -1 -1 -1 -1 -1 -1 -1 -1 -1
0.5088247060775757 0.3520406484603882 0.912986159324646 -1 -1 -1 -1 -1 -1 -1 -1 -1
0.5063995122909546 0.35315853357315063 0.9159358143806458 -1 -1 -1 -1 -1 -1 -1 -1 -1
0.5147688984870911 0.3592607080936432 0.8699337244033813 -1 -1 -1 -1 -1 -1 -1 -1 -1
0.5133536458015442 0.35881948471069336 0.8933165669441223 -1 -1 -1 -1 -1 -1 -1 -1 -1
0.49277734756469727 0.3661932945251465 0.9739019274711609 -1 -1 -1 -1 -1 -1 -1 -1 -1
0.4917548596858978 0.3657822906970978 0.992497444152832 -1 -1 -1 -1 -1 -1 -1 -1 -1
0.5038343667984009 0.3739168047904968 0.06941373646259308 -1 -1 -1 -1 -1 -1 -1 -1 -1
0.4912058711051941 0.36168742179870605 0.7551080584526062 -1 -1 -1 -1 -1 -1 -1 -1 -1
0.5153723359107971 0.3676893711090088 0.06404386460781097 -1 -1 -1 -1 -1 -1 -1 -1 -1
0.5156404376029968 0.34594398736953735 0.5811302661895752 -1 -1 -1 -1 -1 -1 -1 -1 -1
0.5163000822067261 0.3673480749130249 0.0791749581694603 -1 -1 -1 -1 -1 -1 -1 -1 -1
0.5213205814361572 0.34590792655944824 0.565943717956543 -1 -1 -1 -1 -1 -1 -1 -1 -1
0.5166447162628174 0.36234521865844727 0.0834227204322815 -1 -1 -1 -1 -1 -1 -1 -1 -1
0.5205361247062683 0.3402166962623596 0.5436936020851135 -1 -1 -1 -1 -1 -1 -1 -1 -1
0.5175322890281677 0.36374062299728394 0.08862612396478653 -1 -1 -1 -1 -1 -1 -1 -1 -1
0.5186938643455505 0.33979666233062744 0.44466033577919006 -1 -1 -1 -1 -1 -1 -1 -1 -1
0.49013039469718933 0.5318094491958618 0.9890149235725403 -1 -1 -1 -1 -1 -1 -1 -1 -1
0.4852658808231354 0.5334663391113281 0.9917438626289368 -1 -1 -1 -1 -1 -1 -1 -1 -1
0.5175260901451111 0.6061108112335205 0.22170908749103546 -1 -1 -1 -1 -1 -1 -1 -1 -1
0.5128104090690613 0.60993492603302 0.9280878305435181 -1 -1 -1 -1 -1 -1 -1 -1 -1
0.5046414136886597 0.7070072889328003 0.35904744267463684 -1 -1 -1 -1 -1 -1 -1 -1 -1
0.5000554919242859 0.7266409397125244 0.9547656178474426 -1 -1 -1 -1 -1 -1 -1 -1 -1
0.4962126612663269 0.7306251525878906 0.4240640699863434 -1 -1 -1 -1 -1 -1 -1 -1 -1
0.49244385957717896 0.7424927949905396 0.9063917994499207 -1 -1 -1 -1 -1 -1 -1 -1 -1
0.5231453776359558 0.7446573972702026 0.49205461144447327 -1 -1 -1 -1 -1 -1 -1 -1 -1
0.522865891456604 0.7603721618652344 0.9397639036178589 -1 -1 -1 -1 -1 -1 -1 -1 -1
1 
33 
-1 -1 -1 -1 -1 -1 -1 -1 -1 -1
0.5341874361038208 0.3955059051513672 0.9642729759216309 -1 -1 -1 -1 -1 -1 -1 -1 -1
0.5338736176490784 0.3847312927246094 0.9551436305046082 -1 -1 -1 -1 -1 -1 -1 -1 -1
0.5330420136451721 0.38243943452835083 0.9593999981880188 -1 -1 -1 -1 -1 -1 -1 -1 -1
0.5321808457374573 0.38097965717315674 0.9634909629821777 -1 -1 -1 -1 -1 -1 -1 -1 -1
0.534262478351593 0.384899377822876 0.9517804980278015 -1 -1 -1 -1 -1 -1 -1 -1 -1
0.5337934494018555 0.384164422750473 0.9543570876121521 -1 -1 -1 -1 -1 -1 -1 -1 -1
0.5332592725753784 0.3833206593990326 0.9482468366622925 -1 -1 -1 -1 -1 -1 -1 -1 -1
0.5263650417327881 0.3767772316932678 0.9601883888244629 -1 -1 -1 -1 -1 -1 -1 -1 -1
0.5271722674369812 0.37953299283981323 0.9235180616378784 -1 -1 -1 -1 -1 -1 -1 -1 -1
0.5298983454704285 0.3984028697013855 0.9172649383544922 -1 -1 -1 -1 -1 -1 -1 -1 -1
0.5306848883628845 0.3982020616531372 0.9192969799041748 -1 -1 -1 -1 -1 -1 -1 -1 -1
0.4914332926273346 0.40332362055778503 0.9964492321014404 -1 -1 -1 -1 -1 -1 -1 -1 -1
0.5083750486373901 0.40075522661209106 0.9985058307647705 -1 -1 -1 -1 -1 -1 -1 -1 -1
0.44748595356941223 0.4222930669784546 0.8739657402038574 -1 -1 -1 -1 -1 -1 -1 -1 -1
0.4732919931411743 0.43237727880477905 0.7422728538513184 -1 -1 -1 -1 -1 -1 -1 -1 -1
0.42819973826408386 0.44637104868888855 0.7213439345359802 -1 -1 -1 -1 -1 -1 -1 -1 -1
0.45779088139533997 0.4485926032066345 0.8357776999473572 -1 -1 -1 -1 -1 -1 -1 -1 -1
0.4217090308666229 0.45381301641464233 0.6562489867210388 -1 -1 -1 -1 -1 -1 -1 -1 -1
0.45101720094680786 0.45363688468933105 0.8377213478088379 -1 -1 -1 -1 -1 -1 -1 -1 -1
0.4230741262435913 0.43061184883117676 0.660312294960022 -1 -1 -1 -1 -1 -1 -1 -1 -1
0.4538690447807312 0.45129507780075073 0.8392516374588013 -1 -1 -1 -1 -1 -1 -1 -1 -1
0.4245342016220093 0.42984265089035034 0.617685854434967 -1 -1 -1 -1 -1 -1 -1 -1 -1
0.456218421459198 0.4503169655799866 0.7718262076377869 -1 -1 -1 -1 -1 -1 -1 -1 -1
0.47804293036460876 0.5284278392791748 0.99544757604599 -1 -1 -1 -1 -1 -1 -1 -1 -1
0.48279428482055664 0.5365789532661438 0.9959772229194641 -1 -1 -1 -1 -1 -1 -1 -1 -1
0.5199798345565796 0.6013902425765991 0.30714455246925354 -1 -1 -1 -1 -1 -1 -1 -1 -1
0.5179344415664673 0.6256260871887207 0.9689150452613831 -1 -1 -1 -1 -1 -1 -1 -1 -1
0.506491482257843 0.7108345031738281 0.4416838586330414 -1 -1 -1 -1 -1 -1 -1 -1 -1
0.4977473318576813 0.7450919151306152 0.9469978213310242 -1 -1 -1 -1 -1 -1 -1 -1 -1
0.49642515182495117 0.7267976403236389 0.5536201596260071 -1 -1 -1 -1 -1 -1 -1 -1 -1
0.48791101574897766 0.7586508393287659 0.9143826961517334 -1 -1 -1 -1 -1 -1 -1 -1 -1
0.5282862782478333 0.7439787983894348 0.563443124294281 -1 -1 -1 -1 -1 -1 -1 -1 -1
0.5220023989677429 0.7762233018875122 0.9337281584739685 -1 -1 -1 -1 -1 -1 -1 -1 -1
1 
33 
-1 -1 -1 -1 -1 -1 -1 -1 -1 -1
0.5529944896697998 0.4183954894542694 0.9997503161430359 -1 -1 -1 -1 -1 -1 -1 -1 -1
0.5549323558807373 0.4087448716163635 0.9997134804725647 -1 -1 -1 -1 -1 -1 -1 -1 -1
0.5544921159744263 0.4080754816532135 0.9996042847633362 -1 -1 -1 -1 -1 -1 -1 -1 -1
0.5525349378585815 0.40661823749542236 0.9996960163116455 -1 -1 -1 -1 -1 -1 -1 -1 -1
0.5545733571052551 0.4081760048866272 0.9998080134391785 -1 -1 -1 -1 -1 -1 -1 -1 -1
0.5538517832756042 0.40722253918647766 0.99972003698349 -1 -1 -1 -1 -1 -1 -1 -1 -1
0.5516720414161682 0.40555262565612793 0.9998114705085754 -1 -1 -1 -1 -1 -1 -1 -1 -1
0.5418625473976135 0.4020737111568451 0.9995506405830383 -1 -1 -1 -1 -1 -1 -1 -1 -1
0.541566014289856 0.40194132924079895 0.9998660087585449 -1 -1 -1 -1 -1 -1 -1 -1 -1
0.5464606285095215 0.4226057827472687 0.999818742275238 -1 -1 -1 -1 -1 -1 -1 -1 -1
0.5458633303642273 0.4224095940589905 0.9999316930770874 -1 -1 -1 -1 -1 -1 -1 -1 -1
0.5163177251815796 0.4420440196990967 0.9990991353988647 -1 -1 -1 -1 -1 -1 -1 -1 -1
0.5133079886436462 0.4384532570838928 0.9999411106109619 -1 -1 -1 -1 -1 -1 -1 -1 -1
0.4715609848499298 0.4832799434661865 0.2413005232810974 -1 -1 -1 -1 -1 -1 -1 -1 -1
0.47365522384643555 0.49827781319618225 0.9933263063430786 -1 -1 -1 -1 -1 -1 -1 -1 -1
0.442639023065567 0.5299631953239441 0.5276087522506714 -1 -1 -1 -1 -1 -1 -1 -1 -1
0.4365296959877014 0.5386701822280884 0.9899888038635254 -1 -1 -1 -1 -1 -1 -1 -1 -1
0.4364127218723297 0.5420371294021606 0.5591103434562683 -1 -1 -1 -1 -1 -1 -1 -1 -1
0.42668622732162476 0.5439810156822205 0.9835370182991028 -1 -1 -1 -1 -1 -1 -1 -1 -1
0.43632835149765015 0.5391891598701477 0.5375194549560547 -1 -1 -1 -1 -1 -1 -1 -1 -1
0.4258987605571747 0.5478399991989136 0.9821020364761353 -1 -1 -1 -1 -1 -1 -1 -1 -1
0.4376593232154846 0.5354153513908386 0.4912520945072174 -1 -1 -1 -1 -1 -1 -1 -1 -1
0.42949196696281433 0.5464907288551331 0.9692613482475281 -1 -1 -1 -1 -1 -1 -1 -1 -1
0.48298290371894836 0.5547590851783752 0.9997005462646484 -1 -1 -1 -1 -1 -1 -1 -1 -1
0.48109596967697144 0.5581136345863342 0.999550998210907 -1 -1 -1 -1 -1 -1 -1 -1 -1
0.5210641026496887 0.6322243809700012 0.676331639289856 -1 -1 -1 -1 -1 -1 -1 -1 -1
0.5196848511695862 0.6402655839920044 0.9969465136528015 -1 -1 -1 -1 -1 -1 -1 -1 -1
0.5084275007247925 0.689633846282959 0.6987608075141907 -1 -1 -1 -1 -1 -1 -1 -1 -1
0.49927932024002075 0.7464296817779541 0.997707724571228 -1 -1 -1 -1 -1 -1 -1 -1 -1
0.5008708834648132 0.7025909423828125 0.6970995664596558 -1 -1 -1 -1 -1 -1 -1 -1 -1
0.4919634759426117 0.7577059268951416 0.9931198358535767 -1 -1 -1 -1 -1 -1 -1 -1 -1
0.5194588303565979 0.7269942164421082 0.8142222762107849 -1 -1 -1 -1 -1 -1 -1 -1 -1
0.5174970030784607 0.7770828604698181 0.9954462051391602 -1 -1 -1 -1 -1 -1 -1 -1 -1
1 
33 
-1 -1 -1 -1 -1 -1 -1 -1 -1 -1
0.5489417314529419 0.45853251218795776 0.9518068432807922 -1 -1 -1 -1 -1 -1 -1 -1 -1
0.549360454082489 0.4477020502090454 0.9526255130767822 -1 -1 -1 -1 -1 -1 -1 -1 -1
0.5487722158432007 0.44681453704833984 0.9524403810501099 -1 -1 -1 -1 -1 -1 -1 -1 -1
0.5481733083724976 0.4459747076034546 0.9615432620048523 -1 -1 -1 -1 -1 -1 -1 -1 -1
0.5495606660842896 0.4477331340312958 0.9526292085647583 -1 -1 -1 -1 -1 -1 -1 -1 -1
0.5489702224731445 0.4465697109699249 0.9519404768943787 -1 -1 -1 -1 -1 -1 -1 -1 -1
0.5483934879302979 0.4454302191734314 0.9628255367279053 -1 -1 -1 -1 -1 -1 -1 -1 -1
0.5407660007476807 0.439606636762619 0.9474202990531921 -1 -1 -1 -1 -1 -1 -1 -1 -1
0.5412517189979553 0.440161794424057 0.9545588493347168 -1 -1 -1 -1 -1 -1 -1 -1 -1
0.5430606007575989 0.4628245234489441 0.9507729411125183 -1 -1 -1 -1 -1 -1 -1 -1 -1
0.5429424047470093 0.46228915452957153 0.9733425974845886 -1 -1 -1 -1 -1 -1 -1 -1 -1
0.5155013799667358 0.4687573313713074 0.9940537810325623 -1 -1 -1 -1 -1 -1 -1 -1 -1
0.520237147808075 0.4692767262458801 0.9994418025016785 -1 -1 -1 -1 -1 -1 -1 -1 -1
0.49443525075912476 0.5197188258171082 0.01923886127769947 -1 -1 -1 -1 -1 -1 -1 -1 -1
0.49649932980537415 0.5176640748977661 0.908506453037262 -1 -1 -1 -1 -1 -1 -1 -1 -1
0.48656392097473145 0.5574500560760498 0.04604414477944374 -1 -1 -1 -1 -1 -1 -1 -1 -1
0.4927496612071991 0.5645168423652649 0.7546030879020691 -1 -1 -1 -1 -1 -1 -1 -1 -1
0.482979953289032 0.5710895657539368 0.07406198978424072 -1 -1 -1 -1 -1 -1 -1 -1 -1
0.48978111147880554 0.5792679786682129 0.7395040392875671 -1 -1 -1 -1 -1 -1 -1 -1 -1
0.48595812916755676 0.5686898827552795 0.07450997829437256 -1 -1 -1 -1 -1 -1 -1 -1 -1
0.4935179352760315 0.580785870552063 0.7225911617279053 -1 -1 -1 -1 -1 -1 -1 -1 -1
0.48716965317726135 0.5635344982147217 0.07194294780492783 -1 -1 -1 -1 -1 -1 -1 -1 -1
0.4933632016181946 0.5748324394226074 0.6471492648124695 -1 -1 -1 -1 -1 -1 -1 -1 -1
0.47615206241607666 0.5778529047966003 0.9970871806144714 -1 -1 -1 -1 -1 -1 -1 -1 -1
0.4756869673728943 0.5823723077774048 0.9966986775398254 -1 -1 -1 -1 -1 -1 -1 -1 -1
0.5207235813140869 0.6403494477272034 0.41308411955833435 -1 -1 -1 -1 -1 -1 -1 -1 -1
0.522757351398468 0.6482553482055664 0.9878218770027161 -1 -1 -1 -1 -1 -1 -1 -1 -1
0.499198317527771 0.7427462935447693 0.6422559022903442 -1 -1 -1 -1 -1 -1 -1 -1 -1
0.4987582266330719 0.7515506744384766 0.9915299415588379 -1 -1 -1 -1 -1 -1 -1 -1 -1
0.49086418747901917 0.7557557821273804 0.6970968842506409 -1 -1 -1 -1 -1 -1 -1 -1 -1
0.48949697613716125 0.7652591466903687 0.9765839576721191 -1 -1 -1 -1 -1 -1 -1 -1 -1
0.5157292485237122 0.7743449807167053 0.7347376346588135 -1 -1 -1 -1 -1 -1 -1 -1 -1
0.5157433152198792 0.7832725048065186 0.9860172867774963 -1 -1 -1 -1 -1 -1 -1 -1 -1
1 
