8
1 
33 
-1 -1 -1 -1 -1 -1 -1 -1 -1 -1
0.5367523431777954 0.628342866897583 0.9812831878662109 -1 -1 -1 -1 -1 -1 -1 -1 -1
0.5351079702377319 0.6453169584274292 0.9910258650779724 -1 -1 -1 -1 -1 -1 -1 -1 -1
0.5347244739532471 0.6460374593734741 0.9864085912704468 -1 -1 -1 -1 -1 -1 -1 -1 -1
0.5343765020370483 0.6466985940933228 0.9902762174606323 -1 -1 -1 -1 -1 -1 -1 -1 -1
0.5361945033073425 0.6439612507820129 0.9829581379890442 -1 -1 -1 -1 -1 -1 -1 -1 -1
0.5365289449691772 0.6438014507293701 0.9691698551177979 -1 -1 -1 -1 -1 -1 -1 -1 -1
0.5368213653564453 0.6437397003173828 0.9814959168434143 -1 -1 -1 -1 -1 -1 -1 -1 -1
0.5336636304855347 0.6449834704399109 0.9933526515960693 -1 -1 -1 -1 -1 -1 -1 -1 -1
0.5367872714996338 0.6419483423233032 0.9768503904342651 -1 -1 -1 -1 -1 -1 -1 -1 -1
0.5338215827941895 0.6221984624862671 0.9925400614738464 -1 -1 -1 -1 -1 -1 -1 -1 -1
0.5351684093475342 0.6214520931243896 0.9870403409004211 -1 -1 -1 -1 -1 -1 -1 -1 -1
0.5172839760780334 0.6094920039176941 0.9992703795433044 -1 -1 -1 -1 -1 -1 -1 -1 -1
0.5281655788421631 0.6059426069259644 0.9939170479774475 -1 -1 -1 -1 -1 -1 -1 -1 -1
0.5181736946105957 0.6584571599960327 0.9038963913917542 -1 -1 -1 -1 -1 -1 -1 -1 -1
0.5229995846748352 0.6379629373550415 0.24966062605381012 -1 -1 -1 -1 -1 -1 -1 -1 -1
0.5227457880973816 0.7126084566116333 0.8555755019187927 -1 -1 -1 -1 -1 -1 -1 -1 -1
0.5284332633018494 0.6903522610664368 0.3100154995918274 -1 -1 -1 -1 -1 -1 -1 -1 -1
0.5240004658699036 0.7229009866714478 0.8659392595291138 -1 -1 -1 -1 -1 -1 -1 -1 -1
0.5280640721321106 0.6770236492156982 0.3374861478805542 -1 -1 -1 -1 -1 -1 -1 -1 -1
0.5235549807548523 0.7226039171218872 0.8609063625335693 -1 -1 -1 -1 -1 -1 -1 -1 -1
0.5304396748542786 0.6998148560523987 0.33716514706611633 -1 -1 -1 -1 -1 -1 -1 -1 -1
0.5233479738235474 0.7203414440155029 0.8000510931015015 -1 -1 -1 -1 -1 -1 -1 -1 -1
0.5284541249275208 0.6780546307563782 0.3554571568965912 -1 -1 -1 -1 -1 -1 -1 -1 -1
0.5234834551811218 0.48688092827796936 0.999622106552124 -1 -1 -1 -1 -1 -1 -1 -1 -1
0.5305800437927246 0.4902075231075287 0.9972898960113525 -1 -1 -1 -1 -1 -1 -1 -1 -1
0.5211407542228699 0.38819795846939087 0.9677529335021973 -1 -1 -1 -1 -1 -1 -1 -1 -1
0.5276240706443787 0.4084305763244629 0.4290359914302826 -1 -1 -1 -1 -1 -1 -1 -1 -1
0.49981769919395447 0.2890568971633911 0.9828212261199951 -1 -1 -1 -1 -1 -1 -1 -1 -1
0.5013967156410217 0.3608101010322571 0.4843704402446747 -1 -1 -1 -1 -1 -1 -1 -1 -1
0.4910132586956024 0.28090184926986694 0.9585539102554321 -1 -1 -1 -1 -1 -1 -1 -1 -1
0.4952104091644287 0.35634857416152954 0.7080066204071045 -1 -1 -1 -1 -1 -1 -1 -1 -1
0.5069321990013123 0.24996499717235565 0.9653193950653076 -1 -1 -1 -1 -1 -1 -1 -1 -1
0.5000750422477722 0.3335827887058258 0.5974010229110718 -1 -1 -1 -1 -1 -1 -1 -1 -1
1 
33 
-1 -1 -1 -1 -1 -1 -1 -1 -1 -1
0.5395408868789673 0.6559187173843384 0.983116090297699 -1 -1 -1 -1 -1 -1 -1 -1 -1
0.5381636023521423 0.6569233536720276 0.9924561977386475 -1 -1 -1 -1 -1 -1 -1 -1 -1
0.5376062989234924 0.6563257575035095 0.9918210506439209 -1 -1 -1 -1 -1 -1 -1 -1 -1
0.5370610356330872 0.6557276248931885 0.9931268692016602 -1 -1 -1 -1 -1 -1 -1 -1 -1
0.5388553142547607 0.6572791934013367 0.9859733581542969 -1 -1 -1 -1 -1 -1 -1 -1 -1
0.5388098955154419 0.6569768190383911 0.9782740473747253 -1 -1 -1 -1 -1 -1 -1 -1 -1
0.5387958884239197 0.6565558314323425 0.9827630519866943 -1 -1 -1 -1 -1 -1 -1 -1 -1
0.5333741307258606 0.6476490497589111 0.9956379532814026 -1 -1 -1 -1 -1 -1 -1 -1 -1
0.5364843606948853 0.6479434967041016 0.9840846061706543 -1 -1 -1 -1 -1 -1 -1 -1 -1
0.5374442934989929 0.6507248878479004 0.9913253784179688 -1 -1 -1 -1 -1 -1 -1 -1 -1
0.5383877158164978 0.6504932641983032 0.9858214259147644 -1 -1 -1 -1 -1 -1 -1 -1 -1
0.5231781601905823 0.6223542094230652 0.9997692704200745 -1 -1 -1 -1 -1 -1 -1 -1 -1
0.5314134359359741 0.6145132780075073 0.9832609295845032 -1 -1 -1 -1 -1 -1 -1 -1 -1
0.5240534543991089 0.6975908279418945 0.9973973035812378 -1 -1 -1 -1 -1 -1 -1 -1 -1
0.5359873175621033 0.6016890406608582 0.03231437876820564 -1 -1 -1 -1 -1 -1 -1 -1 -1
0.5196696519851685 0.7542763948440552 0.9944498538970947 -1 -1 -1 -1 -1 -1 -1 -1 -1
0.5363434553146362 0.5995395183563232 0.05352332070469856 -1 -1 -1 -1 -1 -1 -1 -1 -1
0.5207017660140991 0.7615777254104614 0.9877270460128784 -1 -1 -1 -1 -1 -1 -1 -1 -1
0.5362634658813477 0.5975409746170044 0.08672846108675003 -1 -1 -1 -1 -1 -1 -1 -1 -1
0.5214112401008606 0.7594814896583557 0.9867603778839111 -1 -1 -1 -1 -1 -1 -1 -1 -1
0.5343374609947205 0.5987811088562012 0.08969776332378387 -1 -1 -1 -1 -1 -1 -1 -1 -1
0.521129846572876 0.7591192722320557 0.9812825918197632 -1 -1 -1 -1 -1 -1 -1 -1 -1
0.5347479581832886 0.600199818611145 0.10404408723115921 -1 -1 -1 -1 -1 -1 -1 -1 -1
0.5227867960929871 0.481089323759079 0.9997425675392151 -1 -1 -1 -1 -1 -1 -1 -1 -1
0.5304973721504211 0.48740506172180176 0.9978793859481812 -1 -1 -1 -1 -1 -1 -1 -1 -1
0.5184847116470337 0.3745400905609131 0.9890267252922058 -1 -1 -1 -1 -1 -1 -1 -1 -1
0.5274114608764648 0.41505295038223267 0.3361280560493469 -1 -1 -1 -1 -1 -1 -1 -1 -1
0.4979650676250458 0.26971620321273804 0.9924958944320679 -1 -1 -1 -1 -1 -1 -1 -1 -1
0.5022079944610596 0.35254108905792236 0.5136610865592957 -1 -1 -1 -1 -1 -1 -1 -1 -1
0.48985975980758667 0.26114314794540405 0.9875806570053101 -1 -1 -1 -1 -1 -1 -1 -1 -1
0.49294501543045044 0.35383108258247375 0.7477517127990723 -1 -1 -1 -1 -1 -1 -1 -1 -1
0.5014296174049377 0.227450430393219 0.9889234900474548 -1 -1 -1 -1 -1 -1 -1 -1 -1
0.5082687139511108 0.3206433653831482 0.6580778360366821 -1 -1 -1 -1 -1 -1 -1 -1 -1
1 
33 
-1 -1 -1 -1 -1 -1 -1 -1 -1 -1
0.5368537902832031 0.6416308879852295 0.9838969707489014 -1 -1 -1 -1 -1 -1 -1 -1 -1
0.535376250743866 0.6468120217323303 0.9860633015632629 -1 -1 -1 -1 -1 -1 -1 -1 -1
0.5348727107048035 0.6468314528465271 0.9813712239265442 -1 -1 -1 -1 -1 -1 -1 -1 -1
0.5343850255012512 0.6470035314559937 0.9836409687995911 -1 -1 -1 -1 -1 -1 -1 -1 -1
0.5359731912612915 0.647289514541626 0.9838899374008179 -1 -1 -1 -1 -1 -1 -1 -1 -1
0.5359127521514893 0.6475433707237244 0.9775311350822449 -1 -1 -1 -1 -1 -1 -1 -1 -1
0.5358967781066895 0.6479516625404358 0.9805342555046082 -1 -1 -1 -1 -1 -1 -1 -1 -1
0.5310980081558228 0.6445901393890381 0.9840788841247559 -1 -1 -1 -1 -1 -1 -1 -1 -1
0.5338776707649231 0.6450567841529846 0.9703036546707153 -1 -1 -1 -1 -1 -1 -1 -1 -1
0.5349233150482178 0.6364430785179138 0.9882835149765015 -1 -1 -1 -1 -1 -1 -1 -1 -1
0.5356114506721497 0.6365942358970642 0.9861132502555847 -1 -1 -1 -1 -1 -1 -1 -1 -1
0.5229794383049011 0.6152442693710327 0.9995437264442444 -1 -1 -1 -1 -1 -1 -1 -1 -1
0.5317827463150024 0.6095560789108276 0.9903400540351868 -1 -1 -1 -1 -1 -1 -1 -1 -1
0.5247835516929626 0.6679309606552124 0.9884175658226013 -1 -1 -1 -1 -1 -1 -1 -1 -1
0.5391566753387451 0.5611348748207092 0.036878347396850586 -1 -1 -1 -1 -1 -1 -1 -1 -1
0.5246561169624329 0.7319128513336182 0.9790024757385254 -1 -1 -1 -1 -1 -1 -1 -1 -1
0.5460720658302307 0.5321940779685974 0.04825323447585106 -1 -1 -1 -1 -1 -1 -1 -1 -1
0.5247910618782043 0.7437090873718262 0.9629807472229004 -1 -1 -1 -1 -1 -1 -1 -1 -1
0.547673761844635 0.523859977722168 0.08358962088823318 -1 -1 -1 -1 -1 -1 -1 -1 -1
0.5246326923370361 0.7453622817993164 0.9627595543861389 -1 -1 -1 -1 -1 -1 -1 -1 -1
0.5482754707336426 0.5284199714660645 0.09167148172855377 -1 -1 -1 -1 -1 -1 -1 -1 -1
0.5251584649085999 0.7409011125564575 0.9403191804885864 -1 -1 -1 -1 -1 -1 -1 -1 -1
0.5474438071250916 0.5288647413253784 0.11148393899202347 -1 -1 -1 -1 -1 -1 -1 -1 -1
0.5242852568626404 0.49066662788391113 0.9990818500518799 -1 -1 -1 -1 -1 -1 -1 -1 -1
0.5311179757118225 0.4972535967826843 0.9775581359863281 -1 -1 -1 -1 -1 -1 -1 -1 -1
0.5186540484428406 0.3919610381126404 0.9985124468803406 -1 -1 -1 -1 -1 -1 -1 -1 -1
0.5475758910179138 0.5216344594955444 0.3433324694633484 -1 -1 -1 -1 -1 -1 -1 -1 -1
0.49979081749916077 0.30900517106056213 0.9994407296180725 -1 -1 -1 -1 -1 -1 -1 -1 -1
0.5454872250556946 0.5763528943061829 0.6716030240058899 -1 -1 -1 -1 -1 -1 -1 -1 -1
0.48177215456962585 0.29971349239349365 0.995170533657074 -1 -1 -1 -1 -1 -1 -1 -1 -1
0.5475854277610779 0.5838295221328735 0.8754939436912537 -1 -1 -1 -1 -1 -1 -1 -1 -1
0.4930272400379181 0.26303330063819885 0.998816728591919 -1 -1 -1 -1 -1 -1 -1 -1 -1
0.5387647151947021 0.5990208387374878 0.8098340034484863 -1 -1 -1 -1 -1 -1 -1 -1 -1
1 
33 
-1 -1 -1 -1 -1 -1 -1 -1 -1 -1
0.5326516032218933 0.6551625728607178 0.9886532425880432 -1 -1 -1 -1 -1 -1 -1 -1 -1
0.5309617519378662 0.6586822867393494 0.9915720224380493 -1 -1 -1 -1 -1 -1 -1 -1 -1
0.5303165316581726 0.658548891544342 0.9896434545516968 -1 -1 -1 -1 -1 -1 -1 -1 -1
0.5297116041183472 0.6583966016769409 0.9900416731834412 -1 -1 -1 -1 -1 -1 -1 -1 -1
0.5320132970809937 0.658981204032898 0.9908972382545471 -1 -1 -1 -1 -1 -1 -1 -1 -1
0.53215092420578 0.6591126918792725 0.9899336695671082 -1 -1 -1 -1 -1 -1 -1 -1 -1
0.5323173403739929 0.6592221260070801 0.9905445575714111 -1 -1 -1 -1 -1 -1 -1 -1 -1
0.5274779200553894 0.6531227827072144 0.9925750494003296 -1 -1 -1 -1 -1 -1 -1 -1 -1
0.5316109657287598 0.6530105471611023 0.9900220036506653 -1 -1 -1 -1 -1 -1 -1 -1 -1
0.5313550233840942 0.6498419642448425 0.9916709661483765 -1 -1 -1 -1 -1 -1 -1 -1 -1
0.5326079726219177 0.6497819423675537 0.9936447143554688 -1 -1 -1 -1 -1 -1 -1 -1 -1
0.518921434879303 0.6300497055053711 0.999785840511322 -1 -1 -1 -1 -1 -1 -1 -1 -1
0.532128095626831 0.6197216510772705 0.9933801889419556 -1 -1 -1 -1 -1 -1 -1 -1 -1
0.5248672962188721 0.6898862719535828 0.9897889494895935 -1 -1 -1 -1 -1 -1 -1 -1 -1
0.5377915501594543 0.583147406578064 0.0317918136715889 -1 -1 -1 -1 -1 -1 -1 -1 -1
0.5256267189979553 0.7504991292953491 0.9799318909645081 -1 -1 -1 -1 -1 -1 -1 -1 -1
0.5444080233573914 0.5581534504890442 0.04556608200073242 -1 -1 -1 -1 -1 -1 -1 -1 -1
0.5241976976394653 0.7642008066177368 0.959345281124115 -1 -1 -1 -1 -1 -1 -1 -1 -1
0.5454211235046387 0.5449714660644531 0.06897158920764923 -1 -1 -1 -1 -1 -1 -1 -1 -1
0.5229433178901672 0.7635692358016968 0.9526497721672058 -1 -1 -1 -1 -1 -1 -1 -1 -1
0.5457378625869751 0.5461686849594116 0.0704789087176323 -1 -1 -1 -1 -1 -1 -1 -1 -1
0.5240312218666077 0.758025050163269 0.9363296031951904 -1 -1 -1 -1 -1 -1 -1 -1 -1
0.5451555848121643 0.546531617641449 0.08560818433761597 -1 -1 -1 -1 -1 -1 -1 -1 -1
0.5264695882797241 0.512765109539032 0.999910831451416 -1 -1 -1 -1 -1 -1 -1 -1 -1
0.5340405702590942 0.5190843939781189 0.9972551465034485 -1 -1 -1 -1 -1 -1 -1 -1 -1
0.5212082266807556 0.4121527671813965 0.9993452429771423 -1 -1 -1 -1 -1 -1 -1 -1 -1
0.5411294102668762 0.5433506369590759 0.6039407849311829 -1 -1 -1 -1 -1 -1 -1 -1 -1
0.5053590536117554 0.323147714138031 0.9987850785255432 -1 -1 -1 -1 -1 -1 -1 -1 -1
0.5412564277648926 0.5862141847610474 0.7543925046920776 -1 -1 -1 -1 -1 -1 -1 -1 -1
0.5012273788452148 0.320462167263031 0.9888187050819397 -1 -1 -1 -1 -1 -1 -1 -1 -1
0.5434876680374146 0.5904452800750732 0.8228988647460938 -1 -1 -1 -1 -1 -1 -1 -1 -1
0.5051758885383606 0.28206098079681396 0.9962349534034729 -1 -1 -1 -1 -1 -1 -1 -1 -1
0.5380935668945312 0.6046703457832336 0.8615981936454773 -1 -1 -1 -1 -1 -1 -1 -1 -1
1 
33 
-1 -1 -1 -1 -1 -1 -1 -1 -1 -1
0.4814540445804596 0.4072491228580475 0.9980864524841309 -1 -1 -1 -1 -1 -1 -1 -1 -1
0.4820467531681061 0.39722591638565063 0.9989914298057556 -1 -1 -1 -1 -1 -1 -1 -1 -1
0.48274531960487366 0.396397203207016 0.9987462759017944 -1 -1 -1 -1 -1 -1 -1 -1 -1
0.483379989862442 0.3957332968711853 0.9990407824516296 -1 -1 -1 -1 -1 -1 -1 -1 -1
0.481101393699646 0.397020548582077 0.9989287257194519 -1 -1 -1 -1 -1 -1 -1 -1 -1
0.4811467230319977 0.3959687650203705 0.9983748197555542 -1 -1 -1 -1 -1 -1 -1 -1 -1
0.4811408221721649 0.3950384855270386 0.9988676309585571 -1 -1 -1 -1 -1 -1 -1 -1 -1
0.48862212896347046 0.3928225636482239 0.9988526105880737 -1 -1 -1 -1 -1 -1 -1 -1 -1
0.4849682152271271 0.3928546905517578 0.9983152151107788 -1 -1 -1 -1 -1 -1 -1 -1 -1
0.48606887459754944 0.4106065034866333 0.9959975481033325 -1 -1 -1 -1 -1 -1 -1 -1 -1
0.48499318957328796 0.4103703200817108 0.9937456846237183 -1 -1 -1 -1 -1 -1 -1 -1 -1
0.5126750469207764 0.4114437401294708 0.9988527297973633 -1 -1 -1 -1 -1 -1 -1 -1 -1
0.500828206539154 0.41236618161201477 0.994270920753479 -1 -1 -1 -1 -1 -1 -1 -1 -1
0.5094617605209351 0.34388571977615356 0.9904334545135498 -1 -1 -1 -1 -1 -1 -1 -1 -1
0.5066594481468201 0.35300198197364807 0.36634528636932373 -1 -1 -1 -1 -1 -1 -1 -1 -1
0.5077897310256958 0.281030535697937 0.9315556287765503 -1 -1 -1 -1 -1 -1 -1 -1 -1
0.5103483200073242 0.3032831847667694 0.6122437715530396 -1 -1 -1 -1 -1 -1 -1 -1 -1
0.5057734251022339 0.26888343691825867 0.8968339562416077 -1 -1 -1 -1 -1 -1 -1 -1 -1
0.5139268040657043 0.28925880789756775 0.6112321615219116 -1 -1 -1 -1 -1 -1 -1 -1 -1
0.505581796169281 0.26934754848480225 0.8866376280784607 -1 -1 -1 -1 -1 -1 -1 -1 -1
0.5141385793685913 0.2850574851036072 0.6105758547782898 -1 -1 -1 -1 -1 -1 -1 -1 -1
0.5062909126281738 0.2738074064254761 0.8400774598121643 -1 -1 -1 -1 -1 -1 -1 -1 -1
0.5128591656684875 0.28984299302101135 0.6053332090377808 -1 -1 -1 -1 -1 -1 -1 -1 -1
0.5357299447059631 0.5377856492996216 0.9998266100883484 -1 -1 -1 -1 -1 -1 -1 -1 -1
0.5217803716659546 0.5326032042503357 0.9994495511054993 -1 -1 -1 -1 -1 -1 -1 -1 -1
0.5136396884918213 0.6366006135940552 0.9938045740127563 -1 -1 -1 -1 -1 -1 -1 -1 -1
0.5101177096366882 0.6278573870658875 0.7281278371810913 -1 -1 -1 -1 -1 -1 -1 -1 -1
0.533312201499939 0.7378108501434326 0.9947159886360168 -1 -1 -1 -1 -1 -1 -1 -1 -1
0.5336637496948242 0.6978740096092224 0.778617799282074 -1 -1 -1 -1 -1 -1 -1 -1 -1
0.5408573746681213 0.7502452731132507 0.9870997071266174 -1 -1 -1 -1 -1 -1 -1 -1 -1
0.5426703095436096 0.7041226625442505 0.8199467658996582 -1 -1 -1 -1 -1 -1 -1 -1 -1
0.5175914168357849 0.77234947681427 0.9916408061981201 -1 -1 -1 -1 -1 -1 -1 -1 -1
0.5243163108825684 0.7321375012397766 0.839235782623291 -1 -1 -1 -1 -1 -1 -1 -1 -1
1 
33 
-1 -1 -1 -1 -1 -1 -1 -1 -1 -1
0.478418231010437 0.43111443519592285 0.9995699524879456 -1 -1 -1 -1 -1 -1 -1 -1 -1
0.4782293438911438 0.41861873865127563 0.9997217059135437 -1 -1 -1 -1 -1 -1 -1 -1 -1
0.4789648950099945 0.4169861674308777 0.999776303768158 -1 -1 -1 -1 -1 -1 -1 -1 -1
0.47963976860046387 0.41542232036590576 0.9997566342353821 -1 -1 -1 -1 -1 -1 -1 -1 -1
0.47789233922958374 0.4196666479110718 0.9997087121009827 -1 -1 -1 -1 -1 -1 -1 -1 -1
0.4784158766269684 0.418745219707489 0.9996060729026794 -1 -1 -1 -1 -1 -1 -1 -1 -1
0.47889888286590576 0.41777974367141724 0.9995436072349548 -1 -1 -1 -1 -1 -1 -1 -1 -1
0.4842749536037445 0.41167235374450684 0.9998137354850769 -1 -1 -1 -1 -1 -1 -1 -1 -1
0.4831133782863617 0.41331779956817627 0.9998410940170288 -1 -1 -1 -1 -1 -1 -1 -1 -1
0.4844411611557007 0.4314144253730774 0.9993845224380493 -1 -1 -1 -1 -1 -1 -1 -1 -1
0.4838370382785797 0.43280625343322754 0.9989957213401794 -1 -1 -1 -1 -1 -1 -1 -1 -1
0.5079715251922607 0.42637020349502563 0.9999822378158569 -1 -1 -1 -1 -1 -1 -1 -1 -1
0.5019500255584717 0.431912899017334 0.9982460737228394 -1 -1 -1 -1 -1 -1 -1 -1 -1
0.5112819075584412 0.3717185854911804 0.9827064275741577 -1 -1 -1 -1 -1 -1 -1 -1 -1
0.5241026282310486 0.4594082236289978 0.061343200504779816 -1 -1 -1 -1 -1 -1 -1 -1 -1
0.5119601488113403 0.32632729411125183 0.9743061065673828 -1 -1 -1 -1 -1 -1 -1 -1 -1
0.5356839895248413 0.4828670918941498 0.06778470426797867 -1 -1 -1 -1 -1 -1 -1 -1 -1
0.5135825872421265 0.3099902272224426 0.9668766260147095 -1 -1 -1 -1 -1 -1 -1 -1 -1
0.5400418639183044 0.49122700095176697 0.08196652680635452 -1 -1 -1 -1 -1 -1 -1 -1 -1
0.5109124779701233 0.310819149017334 0.96468585729599 -1 -1 -1 -1 -1 -1 -1 -1 -1
0.5387265682220459 0.4910849630832672 0.08566941320896149 -1 -1 -1 -1 -1 -1 -1 -1 -1
0.5106039643287659 0.3180142045021057 0.930679202079773 -1 -1 -1 -1 -1 -1 -1 -1 -1
0.537287712097168 0.4881497919559479 0.0885884016752243 -1 -1 -1 -1 -1 -1 -1 -1 -1
0.5419200658798218 0.5560634136199951 0.9999825954437256 -1 -1 -1 -1 -1 -1 -1 -1 -1
0.5282296538352966 0.5453977584838867 0.9996578693389893 -1 -1 -1 -1 -1 -1 -1 -1 -1
0.5098459124565125 0.6349005103111267 0.9975582361221313 -1 -1 -1 -1 -1 -1 -1 -1 -1
0.5006499886512756 0.607234001159668 0.7058888077735901 -1 -1 -1 -1 -1 -1 -1 -1 -1
0.5346741080284119 0.7381367087364197 0.9973924160003662 -1 -1 -1 -1 -1 -1 -1 -1 -1
0.5258172750473022 0.6843631267547607 0.5891677737236023 -1 -1 -1 -1 -1 -1 -1 -1 -1
0.543438732624054 0.7506240606307983 0.9892973303794861 -1 -1 -1 -1 -1 -1 -1 -1 -1
0.5345669984817505 0.6942207217216492 0.6752855777740479 -1 -1 -1 -1 -1 -1 -1 -1 -1
0.5148919820785522 0.7697561979293823 0.9956092238426208 -1 -1 -1 -1 -1 -1 -1 -1 -1
0.5133410692214966 0.7175006866455078 0.7150657773017883 -1 -1 -1 -1 -1 -1 -1 -1 -1
1 
33 
-1 -1 -1 -1 -1 -1 -1 -1 -1 -1
0.47811052203178406 0.46303415298461914 0.9941231608390808 -1 -1 -1 -1 -1 -1 -1 -1 -1
0.47764185070991516 0.45351237058639526 0.9982182383537292 -1 -1 -1 -1 -1 -1 -1 -1 -1
0.47788703441619873 0.45271721482276917 0.9987936019897461 -1 -1 -1 -1 -1 -1 -1 -1 -1
0.47813430428504944 0.45208361744880676 0.9983354210853577 -1 -1 -1 -1 -1 -1 -1 -1 -1
0.47775447368621826 0.4538803994655609 0.9976805448532104 -1 -1 -1 -1 -1 -1 -1 -1 -1
0.478078693151474 0.4532008469104767 0.9976773858070374 -1 -1 -1 -1 -1 -1 -1 -1 -1
0.47838547825813293 0.452543169260025 0.9976606369018555 -1 -1 -1 -1 -1 -1 -1 -1 -1
0.48694077134132385 0.4490962028503418 0.9987205862998962 -1 -1 -1 -1 -1 -1 -1 -1 -1
0.4836607575416565 0.44632968306541443 0.9996457099914551 -1 -1 -1 -1 -1 -1 -1 -1 -1
0.4828663468360901 0.46485668420791626 0.9950548410415649 -1 -1 -1 -1 -1 -1 -1 -1 -1
0.48270440101623535 0.4654150903224945 0.9928961396217346 -1 -1 -1 -1 -1 -1 -1 -1 -1
0.5072632431983948 0.45968684554100037 0.9999642372131348 -1 -1 -1 -1 -1 -1 -1 -1 -1
0.5069467425346375 0.4709290862083435 0.9916523098945618 -1 -1 -1 -1 -1 -1 -1 -1 -1
0.516320526599884 0.4179815948009491 0.9661497473716736 -1 -1 -1 -1 -1 -1 -1 -1 -1
0.528465747833252 0.4806038439273834 0.06209534406661987 -1 -1 -1 -1 -1 -1 -1 -1 -1
0.5261713266372681 0.3635573983192444 0.969974935054779 -1 -1 -1 -1 -1 -1 -1 -1 -1
0.5358178615570068 0.46763646602630615 0.2108788788318634 -1 -1 -1 -1 -1 -1 -1 -1 -1
0.5268659591674805 0.353213906288147 0.9604118466377258 -1 -1 -1 -1 -1 -1 -1 -1 -1
0.5392965078353882 0.466842919588089 0.25077489018440247 -1 -1 -1 -1 -1 -1 -1 -1 -1
0.526860773563385 0.35077470541000366 0.956762433052063 -1 -1 -1 -1 -1 -1 -1 -1 -1
0.536619246006012 0.46436190605163574 0.2480514496564865 -1 -1 -1 -1 -1 -1 -1 -1 -1
0.5272904634475708 0.35440486669540405 0.9174458384513855 -1 -1 -1 -1 -1 -1 -1 -1 -1
0.534996747970581 0.464759886264801 0.25105780363082886 -1 -1 -1 -1 -1 -1 -1 -1 -1
0.5436661243438721 0.5736862421035767 0.9998314380645752 -1 -1 -1 -1 -1 -1 -1 -1 -1
0.5387066602706909 0.5683965682983398 0.9991994500160217 -1 -1 -1 -1 -1 -1 -1 -1 -1
0.5025254487991333 0.6367692351341248 0.9960610270500183 -1 -1 -1 -1 -1 -1 -1 -1 -1
0.49951204657554626 0.6164246201515198 0.36789146065711975 -1 -1 -1 -1 -1 -1 -1 -1 -1
0.5353663563728333 0.732481062412262 0.9919141530990601 -1 -1 -1 -1 -1 -1 -1 -1 -1
0.5251736044883728 0.7015823125839233 0.3164474070072174 -1 -1 -1 -1 -1 -1 -1 -1 -1
0.5465933680534363 0.730910062789917 0.9745185375213623 -1 -1 -1 -1 -1 -1 -1 -1 -1
0.5358530282974243 0.7104665637016296 0.4390864670276642 -1 -1 -1 -1 -1 -1 -1 -1 -1
0.5148051977157593 0.7606799006462097 0.98326575756073 -1 -1 -1 -1 -1 -1 -1 -1 -1
0.5147441029548645 0.7455529570579529 0.3982451558113098 -1 -1 -1 -1 -1 -1 -1 -1 -1
1 
33 
-1 -1 -1 -1 -1 -1 -1 -1 -1 -1
0.5272335410118103 0.4303256571292877 0.9709501266479492 -1 -1 -1 -1 -1 -1 -1 -1 -1
0.5320608019828796 0.4151882529258728 0.9699777364730835 -1 -1 -1 -1 -1 -1 -1 -1 -1
0.5322942733764648 0.41564568877220154 0.971050500869751 -1 -1 -1 -1 -1 -1 -1 -1 -1
0.5311557650566101 0.42779630422592163 0.9769687056541443 -1 -1 -1 -1 -1 -1 -1 -1 -1
0.53115314245224 0.42780351638793945 0.9580766558647156 -1 -1 -1 -1 -1 -1 -1 -1 -1
0.5317020416259766 0.4283287525177002 0.9506910443305969 -1 -1 -1 -1 -1 -1 -1 -1 -1
0.5322803258895874 0.4288605749607086 0.9767699837684631 -1 -1 -1 -1 -1 -1 -1 -1 -1
0.5333428978919983 0.43519333004951477 0.9663811922073364 -1 -1 -1 -1 -1 -1 -1 -1 -1
0.5353182554244995 0.43661391735076904 0.9786490797996521 -1 -1 -1 -1 -1 -1 -1 -1 -1
0.5264367461204529 0.43776124715805054 0.9564145803451538 -1 -1 -1 -1 -1 -1 -1 -1 -1
0.5267113447189331 0.43813183903694153 0.9552754163742065 -1 -1 -1 -1 -1 -1 -1 -1 -1
0.5269561409950256 0.4611999988555908 0.9979216456413269 -1 -1 -1 -1 -1 -1 -1 -1 -1
0.5347164869308472 0.48361700773239136 0.9901362061500549 -1 -1 -1 -1 -1 -1 -1 -1 -1
0.5128725171089172 0.4772937595844269 0.6048615574836731 -1 -1 -1 -1 -1 -1 -1 -1 -1
0.5332784652709961 0.523729145526886 0.012426781468093395 -1 -1 -1 -1 -1 -1 -1 -1 -1
0.5055018067359924 0.478169322013855 0.4074554741382599 -1 -1 -1 -1 -1 -1 -1 -1 -1
0.5353372097015381 0.5438714623451233 0.058752790093421936 -1 -1 -1 -1 -1 -1 -1 -1 -1
0.5050132870674133 0.4780474007129669 0.5849724411964417 -1 -1 -1 -1 -1 -1 -1 -1 -1
0.5387128591537476 0.5514479875564575 0.10810458660125732 -1 -1 -1 -1 -1 -1 -1 -1 -1
0.5058323740959167 0.47787538170814514 0.5575557947158813 -1 -1 -1 -1 -1 -1 -1 -1 -1
0.5380763411521912 0.5456928610801697 0.10849431902170181 -1 -1 -1 -1 -1 -1 -1 -1 -1
0.5060431361198425 0.47935712337493896 0.4920666217803955 -1 -1 -1 -1 -1 -1 -1 -1 -1
0.5362182855606079 0.5425696969032288 0.10012047737836838 -1 -1 -1 -1 -1 -1 -1 -1 -1
0.5389121770858765 0.5676833987236023 0.9997560381889343 -1 -1 -1 -1 -1 -1 -1 -1 -1
0.5396248698234558 0.5768349170684814 0.9998036026954651 -1 -1 -1 -1 -1 -1 -1 -1 -1
0.5005336999893188 0.6318997740745544 0.9638140797615051 -1 -1 -1 -1 -1 -1 -1 -1 -1
0.5018435120582581 0.6258350610733032 0.1459950953722 -1 -1 -1 -1 -1 -1 -1 -1 -1
0.527687132358551 0.6985762119293213 0.9686242938041687 -1 -1 -1 -1 -1 -1 -1 -1 -1
0.52637779712677 0.7027692794799805 0.35265910625457764 -1 -1 -1 -1 -1 -1 -1 -1 -1
0.537242591381073 0.6902130842208862 0.9763971567153931 -1 -1 -1 -1 -1 -1 -1 -1 -1
0.5335488319396973 0.7085279822349548 0.5307487845420837 -1 -1 -1 -1 -1 -1 -1 -1 -1
0.5347438454627991 0.7279362678527832 0.9702507853507996 -1 -1 -1 -1 -1 -1 -1 -1 -1
0.5197325944900513 0.7191483378410339 0.3587097227573395 -1 -1 -1 -1 -1 -1 -1 -1 -1
1 
