22
1 
33 
-1 -1 -1 -1 -1 -1 -1 -1 -1 -1
0.5150420069694519 0.49737808108329773 0.9993842840194702 -1 -1 -1 -1 -1 -1 -1 -1 -1
0.5150243639945984 0.4884377717971802 0.999555766582489 -1 -1 -1 -1 -1 -1 -1 -1 -1
0.5149890780448914 0.48819488286972046 0.9994329810142517 -1 -1 -1 -1 -1 -1 -1 -1 -1
0.5148812532424927 0.4878540337085724 0.9996201992034912 -1 -1 -1 -1 -1 -1 -1 -1 -1
0.5137819051742554 0.4875737726688385 0.9994912147521973 -1 -1 -1 -1 -1 -1 -1 -1 -1
0.5128015875816345 0.48684579133987427 0.999255359172821 -1 -1 -1 -1 -1 -1 -1 -1 -1
0.5116463899612427 0.48605117201805115 0.9993836879730225 -1 -1 -1 -1 -1 -1 -1 -1 -1
0.5091982483863831 0.4879685342311859 0.9995489716529846 -1 -1 -1 -1 -1 -1 -1 -1 -1
0.5051401257514954 0.48654645681381226 0.9993396401405334 -1 -1 -1 -1 -1 -1 -1 -1 -1
0.5119124054908752 0.5050598978996277 0.9995537400245667 -1 -1 -1 -1 -1 -1 -1 -1 -1
0.5104376077651978 0.5044887065887451 0.9997426867485046 -1 -1 -1 -1 -1 -1 -1 -1 -1
0.490608811378479 0.5257706642150879 0.9996906518936157 -1 -1 -1 -1 -1 -1 -1 -1 -1
0.47987622022628784 0.5250725746154785 0.9994470477104187 -1 -1 -1 -1 -1 -1 -1 -1 -1
0.48026108741760254 0.585259735584259 0.08607073873281479 -1 -1 -1 -1 -1 -1 -1 -1 -1
0.46189257502555847 0.5930231213569641 0.8186004161834717 -1 -1 -1 -1 -1 -1 -1 -1 -1
0.4881151616573334 0.6244258880615234 0.15162605047225952 -1 -1 -1 -1 -1 -1 -1 -1 -1
0.470205694437027 0.641322910785675 0.6449335217475891 -1 -1 -1 -1 -1 -1 -1 -1 -1
0.4898858368396759 0.6367148160934448 0.17734362185001373 -1 -1 -1 -1 -1 -1 -1 -1 -1
0.4705795347690582 0.6551342010498047 0.6092353463172913 -1 -1 -1 -1 -1 -1 -1 -1 -1
0.4922303855419159 0.6331303119659424 0.18219546973705292 -1 -1 -1 -1 -1 -1 -1 -1 -1
0.4751504957675934 0.651796817779541 0.5967230200767517 -1 -1 -1 -1 -1 -1 -1 -1 -1
0.4907217025756836 0.6292728781700134 0.1786455363035202 -1 -1 -1 -1 -1 -1 -1 -1 -1
0.47458168864250183 0.6466842293739319 0.5348710417747498 -1 -1 -1 -1 -1 -1 -1 -1 -1
0.4582007825374603 0.6185846924781799 0.9997289776802063 -1 -1 -1 -1 -1 -1 -1 -1 -1
0.4489615261554718 0.6220007538795471 0.9984810948371887 -1 -1 -1 -1 -1 -1 -1 -1 -1
0.4917345643043518 0.6796075105667114 0.507334291934967 -1 -1 -1 -1 -1 -1 -1 -1 -1
0.49099093675613403 0.6707961559295654 0.9182674288749695 -1 -1 -1 -1 -1 -1 -1 -1 -1
0.4684799909591675 0.7596625685691833 0.5708100199699402 -1 -1 -1 -1 -1 -1 -1 -1 -1
0.4711776375770569 0.7455888390541077 0.8547079563140869 -1 -1 -1 -1 -1 -1 -1 -1 -1
0.4610247015953064 0.767157256603241 0.6726250648498535 -1 -1 -1 -1 -1 -1 -1 -1 -1
0.4670056998729706 0.7529126405715942 0.8233038187026978 -1 -1 -1 -1 -1 -1 -1 -1 -1
0.48431599140167236 0.7849328517913818 0.6149876713752747 -1 -1 -1 -1 -1 -1 -1 -1 -1
0.48594245314598083 0.7792178988456726 0.8276510834693909 -1 -1 -1 -1 -1 -1 -1 -1 -1
1 
33 
-1 -1 -1 -1 -1 -1 -1 -1 -1 -1
0.514307975769043 0.5226835012435913 0.980975866317749 -1 -1 -1 -1 -1 -1 -1 -1 -1
0.5143212676048279 0.51149582862854 0.9656689763069153 -1 -1 -1 -1 -1 -1 -1 -1 -1
0.5141260027885437 0.5107933878898621 0.966693639755249 -1 -1 -1 -1 -1 -1 -1 -1 -1
0.5138536095619202 0.5100582838058472 0.9737146496772766 -1 -1 -1 -1 -1 -1 -1 -1 -1
0.5131015777587891 0.5108190178871155 0.9672128558158875 -1 -1 -1 -1 -1 -1 -1 -1 -1
0.5120722651481628 0.5096234083175659 0.9651359915733337 -1 -1 -1 -1 -1 -1 -1 -1 -1
0.5109226107597351 0.5083869695663452 0.9670311212539673 -1 -1 -1 -1 -1 -1 -1 -1 -1
0.5065632462501526 0.5074524879455566 0.9322600960731506 -1 -1 -1 -1 -1 -1 -1 -1 -1
0.5034804940223694 0.506060004234314 0.9073275327682495 -1 -1 -1 -1 -1 -1 -1 -1 -1
0.5103284120559692 0.5300047993659973 0.9278890490531921 -1 -1 -1 -1 -1 -1 -1 -1 -1
0.5085367560386658 0.5291209816932678 0.9430064558982849 -1 -1 -1 -1 -1 -1 -1 -1 -1
0.492718368768692 0.5477176308631897 0.99747234582901 -1 -1 -1 -1 -1 -1 -1 -1 -1
0.48222991824150085 0.545190691947937 0.9969301819801331 -1 -1 -1 -1 -1 -1 -1 -1 -1
0.49314621090888977 0.6073623299598694 0.36327555775642395 -1 -1 -1 -1 -1 -1 -1 -1 -1
0.4755188524723053 0.6187359094619751 0.9505835771560669 -1 -1 -1 -1 -1 -1 -1 -1 -1
0.5046601295471191 0.6523540019989014 0.550329327583313 -1 -1 -1 -1 -1 -1 -1 -1 -1
0.4916638731956482 0.6714736819267273 0.928602397441864 -1 -1 -1 -1 -1 -1 -1 -1 -1
0.5085968375205994 0.6686414480209351 0.524429440498352 -1 -1 -1 -1 -1 -1 -1 -1 -1
0.49559450149536133 0.6860085725784302 0.8976479172706604 -1 -1 -1 -1 -1 -1 -1 -1 -1
0.5094977021217346 0.6676679253578186 0.5436438918113708 -1 -1 -1 -1 -1 -1 -1 -1 -1
0.4980268180370331 0.682420551776886 0.888816773891449 -1 -1 -1 -1 -1 -1 -1 -1 -1
0.5074037313461304 0.6632424592971802 0.5265631675720215 -1 -1 -1 -1 -1 -1 -1 -1 -1
0.4969973862171173 0.6750243902206421 0.8009070158004761 -1 -1 -1 -1 -1 -1 -1 -1 -1
0.46366721391677856 0.6403113603591919 0.9924591183662415 -1 -1 -1 -1 -1 -1 -1 -1 -1
0.4538540244102478 0.6460522413253784 0.9836180806159973 -1 -1 -1 -1 -1 -1 -1 -1 -1
0.5085452198982239 0.6853577494621277 0.36140793561935425 -1 -1 -1 -1 -1 -1 -1 -1 -1
0.499533087015152 0.6914830803871155 0.9335281252861023 -1 -1 -1 -1 -1 -1 -1 -1 -1
0.4744715392589569 0.7684128880500793 0.349513977766037 -1 -1 -1 -1 -1 -1 -1 -1 -1
0.468127578496933 0.7802531123161316 0.875243604183197 -1 -1 -1 -1 -1 -1 -1 -1 -1
0.4619786739349365 0.7877248525619507 0.3527974486351013 -1 -1 -1 -1 -1 -1 -1 -1 -1
0.4555846154689789 0.7954300045967102 0.6516741514205933 -1 -1 -1 -1 -1 -1 -1 -1 -1
0.48823270201683044 0.8040666580200195 0.45433181524276733 -1 -1 -1 -1 -1 -1 -1 -1 -1
0.4844353497028351 0.8095067143440247 0.8331825137138367 -1 -1 -1 -1 -1 -1 -1 -1 -1
1 
33 
-1 -1 -1 -1 -1 -1 -1 -1 -1 -1
0.5169113874435425 0.524867594242096 0.9785151481628418 -1 -1 -1 -1 -1 -1 -1 -1 -1
0.5158405900001526 0.5134762525558472 0.9755989909172058 -1 -1 -1 -1 -1 -1 -1 -1 -1
0.5157579183578491 0.512755811214447 0.9748318195343018 -1 -1 -1 -1 -1 -1 -1 -1 -1
0.5156176686286926 0.5119470953941345 0.9786297678947449 -1 -1 -1 -1 -1 -1 -1 -1 -1
0.5141510963439941 0.5137894153594971 0.9857115149497986 -1 -1 -1 -1 -1 -1 -1 -1 -1
0.5129151344299316 0.5134890079498291 0.9866917729377747 -1 -1 -1 -1 -1 -1 -1 -1 -1
0.511563241481781 0.5132505893707275 0.989697277545929 -1 -1 -1 -1 -1 -1 -1 -1 -1
0.5102941989898682 0.5124096870422363 0.9688963890075684 -1 -1 -1 -1 -1 -1 -1 -1 -1
0.5049465298652649 0.5151854753494263 0.9873692393302917 -1 -1 -1 -1 -1 -1 -1 -1 -1
0.5147256255149841 0.5307005047798157 0.9692414999008179 -1 -1 -1 -1 -1 -1 -1 -1 -1
0.5124787092208862 0.5308163166046143 0.9796192646026611 -1 -1 -1 -1 -1 -1 -1 -1 -1
0.5003889799118042 0.5497327446937561 0.9824123978614807 -1 -1 -1 -1 -1 -1 -1 -1 -1
0.4903213083744049 0.5646755695343018 0.997829258441925 -1 -1 -1 -1 -1 -1 -1 -1 -1
0.5241453647613525 0.5970456004142761 0.1590050905942917 -1 -1 -1 -1 -1 -1 -1 -1 -1
0.511096715927124 0.6232121586799622 0.9767133593559265 -1 -1 -1 -1 -1 -1 -1 -1 -1
0.541008472442627 0.62476646900177 0.1902761161327362 -1 -1 -1 -1 -1 -1 -1 -1 -1
0.5377110838890076 0.6335287690162659 0.8737574219703674 -1 -1 -1 -1 -1 -1 -1 -1 -1
0.5477277636528015 0.6284965872764587 0.2313840389251709 -1 -1 -1 -1 -1 -1 -1 -1 -1
0.5442600250244141 0.6357684135437012 0.8196373581886292 -1 -1 -1 -1 -1 -1 -1 -1 -1
0.5464841723442078 0.6267247200012207 0.2517039477825165 -1 -1 -1 -1 -1 -1 -1 -1 -1
0.5444846153259277 0.6297199726104736 0.8147180080413818 -1 -1 -1 -1 -1 -1 -1 -1 -1
0.5434101223945618 0.6246427297592163 0.28203585743904114 -1 -1 -1 -1 -1 -1 -1 -1 -1
0.5418460369110107 0.6283338665962219 0.752216100692749 -1 -1 -1 -1 -1 -1 -1 -1 -1
0.4593419134616852 0.6450228095054626 0.988399863243103 -1 -1 -1 -1 -1 -1 -1 -1 -1
0.44917696714401245 0.6590399742126465 0.9902079701423645 -1 -1 -1 -1 -1 -1 -1 -1 -1
0.49652811884880066 0.7128049731254578 0.5021083950996399 -1 -1 -1 -1 -1 -1 -1 -1 -1
0.4960229694843292 0.7265192866325378 0.9927365779876709 -1 -1 -1 -1 -1 -1 -1 -1 -1
0.47080111503601074 0.804729700088501 0.6857218742370605 -1 -1 -1 -1 -1 -1 -1 -1 -1
0.4660615921020508 0.8187859058380127 0.98091059923172 -1 -1 -1 -1 -1 -1 -1 -1 -1
0.4591130316257477 0.8186703324317932 0.6334331035614014 -1 -1 -1 -1 -1 -1 -1 -1 -1
0.4554774761199951 0.8270490169525146 0.9185859560966492 -1 -1 -1 -1 -1 -1 -1 -1 -1
0.48261594772338867 0.8384395241737366 0.7664596438407898 -1 -1 -1 -1 -1 -1 -1 -1 -1
0.48224228620529175 0.849594235420227 0.9664008617401123 -1 -1 -1 -1 -1 -1 -1 -1 -1
1 
33 
-1 -1 -1 -1 -1 -1 -1 -1 -1 -1
0.516464114189148 0.5327988266944885 0.9969468712806702 -1 -1 -1 -1 -1 -1 -1 -1 -1
0.5160753130912781 0.5227575302124023 0.9957172274589539 -1 -1 -1 -1 -1 -1 -1 -1 -1
0.515794575214386 0.5223233699798584 0.9947159886360168 -1 -1 -1 -1 -1 -1 -1 -1 -1
0.5155168771743774 0.5218558311462402 0.9961479902267456 -1 -1 -1 -1 -1 -1 -1 -1 -1
0.5151838660240173 0.5228720307350159 0.9974287152290344 -1 -1 -1 -1 -1 -1 -1 -1 -1
0.514247477054596 0.5226286053657532 0.9974665641784668 -1 -1 -1 -1 -1 -1 -1 -1 -1
0.5132697224617004 0.5222899913787842 0.9983059167861938 -1 -1 -1 -1 -1 -1 -1 -1 -1
0.508743941783905 0.5215387940406799 0.9922802448272705 -1 -1 -1 -1 -1 -1 -1 -1 -1
0.5065497756004333 0.5223973989486694 0.9967516660690308 -1 -1 -1 -1 -1 -1 -1 -1 -1
0.5132134556770325 0.538050651550293 0.9858977794647217 -1 -1 -1 -1 -1 -1 -1 -1 -1
0.5120701789855957 0.538711667060852 0.991860568523407 -1 -1 -1 -1 -1 -1 -1 -1 -1
0.495052307844162 0.5527591109275818 0.9889975786209106 -1 -1 -1 -1 -1 -1 -1 -1 -1
0.4919619858264923 0.5597398281097412 0.9983878135681152 -1 -1 -1 -1 -1 -1 -1 -1 -1
0.5277070999145508 0.5746842622756958 0.22399014234542847 -1 -1 -1 -1 -1 -1 -1 -1 -1
0.5259029865264893 0.5911091566085815 0.9876621961593628 -1 -1 -1 -1 -1 -1 -1 -1 -1
0.5562383532524109 0.5453311204910278 0.2952732443809509 -1 -1 -1 -1 -1 -1 -1 -1 -1
0.5521407127380371 0.558029055595398 0.9763230681419373 -1 -1 -1 -1 -1 -1 -1 -1 -1
0.5636489391326904 0.5332626104354858 0.3482942283153534 -1 -1 -1 -1 -1 -1 -1 -1 -1
0.5601556301116943 0.5482670068740845 0.9636155962944031 -1 -1 -1 -1 -1 -1 -1 -1 -1
0.5635427236557007 0.5260665416717529 0.35569214820861816 -1 -1 -1 -1 -1 -1 -1 -1 -1
0.5586974620819092 0.5417935848236084 0.9599029421806335 -1 -1 -1 -1 -1 -1 -1 -1 -1
0.5602989196777344 0.5315238237380981 0.36756110191345215 -1 -1 -1 -1 -1 -1 -1 -1 -1
0.5565378665924072 0.5436308979988098 0.9320976734161377 -1 -1 -1 -1 -1 -1 -1 -1 -1
0.46070021390914917 0.6669777035713196 0.9940114617347717 -1 -1 -1 -1 -1 -1 -1 -1 -1
0.45809343457221985 0.6763612627983093 0.9933590292930603 -1 -1 -1 -1 -1 -1 -1 -1 -1
0.49321815371513367 0.7440223693847656 0.25657156109809875 -1 -1 -1 -1 -1 -1 -1 -1 -1
0.4957960546016693 0.7578237652778625 0.9635952115058899 -1 -1 -1 -1 -1 -1 -1 -1 -1
0.467426061630249 0.8268256187438965 0.37350860238075256 -1 -1 -1 -1 -1 -1 -1 -1 -1
0.4633583724498749 0.8370615839958191 0.9559720754623413 -1 -1 -1 -1 -1 -1 -1 -1 -1
0.453809529542923 0.8393713235855103 0.528120756149292 -1 -1 -1 -1 -1 -1 -1 -1 -1
0.4512496888637543 0.8473374247550964 0.9189102053642273 -1 -1 -1 -1 -1 -1 -1 -1 -1
0.482416033744812 0.8590219020843506 0.544829249382019 -1 -1 -1 -1 -1 -1 -1 -1 -1
0.4814768135547638 0.8664184808731079 0.9349266886711121 -1 -1 -1 -1 -1 -1 -1 -1 -1
1 
33 
-1 -1 -1 -1 -1 -1 -1 -1 -1 -1
0.14046888053417206 0.6090480089187622 0.9987391829490662 -1 -1 -1 -1 -1 -1 -1 -1 -1
0.13386709988117218 0.6013079881668091 0.998199462890625 -1 -1 -1 -1 -1 -1 -1 -1 -1
0.1342797428369522 0.5978246927261353 0.9974328875541687 -1 -1 -1 -1 -1 -1 -1 -1 -1
0.13476109504699707 0.5943837761878967 0.9979652166366577 -1 -1 -1 -1 -1 -1 -1 -1 -1
0.13258500397205353 0.610642671585083 0.9986060261726379 -1 -1 -1 -1 -1 -1 -1 -1 -1
0.13211287558078766 0.6140415072441101 0.9981517195701599 -1 -1 -1 -1 -1 -1 -1 -1 -1
0.13165538012981415 0.6173446178436279 0.9987450838088989 -1 -1 -1 -1 -1 -1 -1 -1 -1
0.14062154293060303 0.5928176045417786 0.9955963492393494 -1 -1 -1 -1 -1 -1 -1 -1 -1
0.1366925984621048 0.621591329574585 0.9973282814025879 -1 -1 -1 -1 -1 -1 -1 -1 -1
0.1503077745437622 0.6048651933670044 0.9962794184684753 -1 -1 -1 -1 -1 -1 -1 -1 -1
0.1487145870923996 0.6175376176834106 0.9960013031959534 -1 -1 -1 -1 -1 -1 -1 -1 -1
0.17754776775836945 0.6150556206703186 0.9968670010566711 -1 -1 -1 -1 -1 -1 -1 -1 -1
0.17765872180461884 0.6070852279663086 0.9979972243309021 -1 -1 -1 -1 -1 -1 -1 -1 -1
0.1974186897277832 0.5908961296081543 0.7223342657089233 -1 -1 -1 -1 -1 -1 -1 -1 -1
0.19139280915260315 0.5745816826820374 0.7509215474128723 -1 -1 -1 -1 -1 -1 -1 -1 -1
0.19455519318580627 0.583713173866272 0.7217036485671997 -1 -1 -1 -1 -1 -1 -1 -1 -1
0.1704079806804657 0.5623109340667725 0.8104700446128845 -1 -1 -1 -1 -1 -1 -1 -1 -1
0.19469447433948517 0.5814671516418457 0.6904628276824951 -1 -1 -1 -1 -1 -1 -1 -1 -1
0.1662471443414688 0.5568826794624329 0.7761213183403015 -1 -1 -1 -1 -1 -1 -1 -1 -1
0.18886969983577728 0.5818972587585449 0.6752621531486511 -1 -1 -1 -1 -1 -1 -1 -1 -1
0.15997055172920227 0.5664744973182678 0.7733727693557739 -1 -1 -1 -1 -1 -1 -1 -1 -1
0.19051896035671234 0.5800273418426514 0.6676254272460938 -1 -1 -1 -1 -1 -1 -1 -1 -1
0.16290904581546783 0.5704761147499084 0.7455164790153503 -1 -1 -1 -1 -1 -1 -1 -1 -1
0.30513739585876465 0.6427011489868164 0.9974633455276489 -1 -1 -1 -1 -1 -1 -1 -1 -1
0.30509716272354126 0.6265224814414978 0.9968113303184509 -1 -1 -1 -1 -1 -1 -1 -1 -1
0.3937261998653412 0.7116855382919312 0.6291937232017517 -1 -1 -1 -1 -1 -1 -1 -1 -1
0.3955681324005127 0.6191220283508301 0.7006484866142273 -1 -1 -1 -1 -1 -1 -1 -1 -1
0.4707929193973541 0.7994966506958008 0.8971652388572693 -1 -1 -1 -1 -1 -1 -1 -1 -1
0.481012225151062 0.6018116474151611 0.8047604560852051 -1 -1 -1 -1 -1 -1 -1 -1 -1
0.49361497163772583 0.8036307096481323 0.8900787830352783 -1 -1 -1 -1 -1 -1 -1 -1 -1
0.49272024631500244 0.5961554646492004 0.7972875833511353 -1 -1 -1 -1 -1 -1 -1 -1 -1
0.48150256276130676 0.8114548921585083 0.8774202466011047 -1 -1 -1 -1 -1 -1 -1 -1 -1
0.5071821212768555 0.6001351475715637 0.7918457388877869 -1 -1 -1 -1 -1 -1 -1 -1 -1
1 
33 
-1 -1 -1 -1 -1 -1 -1 -1 -1 -1
0.5243610143661499 0.5158360004425049 0.9979674220085144 -1 -1 -1 -1 -1 -1 -1 -1 -1
0.5232834219932556 0.5070044994354248 0.9977694749832153 -1 -1 -1 -1 -1 -1 -1 -1 -1
0.5226385593414307 0.5055016875267029 0.9970095157623291 -1 -1 -1 -1 -1 -1 -1 -1 -1
0.5220247507095337 0.5038869380950928 0.9978852868080139 -1 -1 -1 -1 -1 -1 -1 -1 -1
0.5234530568122864 0.508082926273346 0.9975022673606873 -1 -1 -1 -1 -1 -1 -1 -1 -1
0.5230134725570679 0.5073027610778809 0.997100293636322 -1 -1 -1 -1 -1 -1 -1 -1 -1
0.5223106145858765 0.5059666633605957 0.9977472424507141 -1 -1 -1 -1 -1 -1 -1 -1 -1
0.5175760388374329 0.5030580163002014 0.9978524446487427 -1 -1 -1 -1 -1 -1 -1 -1 -1
0.5178989171981812 0.5045948624610901 0.9970414042472839 -1 -1 -1 -1 -1 -1 -1 -1 -1
0.5223260521888733 0.5177912712097168 0.99473637342453 -1 -1 -1 -1 -1 -1 -1 -1 -1
0.5223680734634399 0.5182532072067261 0.994438648223877 -1 -1 -1 -1 -1 -1 -1 -1 -1
0.5076912045478821 0.5302014350891113 0.9917987585067749 -1 -1 -1 -1 -1 -1 -1 -1 -1
0.5154501795768738 0.5248487591743469 0.9988885521888733 -1 -1 -1 -1 -1 -1 -1 -1 -1
0.5227887034416199 0.49382609128952026 0.07224629819393158 -1 -1 -1 -1 -1 -1 -1 -1 -1
0.528328537940979 0.48634764552116394 0.9730715751647949 -1 -1 -1 -1 -1 -1 -1 -1 -1
0.5193395018577576 0.45195937156677246 0.18622925877571106 -1 -1 -1 -1 -1 -1 -1 -1 -1
0.5192574262619019 0.4396320581436157 0.9463116526603699 -1 -1 -1 -1 -1 -1 -1 -1 -1
0.5147993564605713 0.4285591244697571 0.22784225642681122 -1 -1 -1 -1 -1 -1 -1 -1 -1
0.5145513415336609 0.4230671525001526 0.9238794445991516 -1 -1 -1 -1 -1 -1 -1 -1 -1
0.5148021578788757 0.4266432225704193 0.23788569867610931 -1 -1 -1 -1 -1 -1 -1 -1 -1
0.5138476490974426 0.4212672710418701 0.9149250388145447 -1 -1 -1 -1 -1 -1 -1 -1 -1
0.5154433846473694 0.43181848526000977 0.2548051178455353 -1 -1 -1 -1 -1 -1 -1 -1 -1
0.5148429274559021 0.42593812942504883 0.8940823674201965 -1 -1 -1 -1 -1 -1 -1 -1 -1
0.47118842601776123 0.6688739061355591 0.9985899329185486 -1 -1 -1 -1 -1 -1 -1 -1 -1
0.47461241483688354 0.6716713905334473 0.9989472031593323 -1 -1 -1 -1 -1 -1 -1 -1 -1
0.48881545662879944 0.7626940608024597 0.1656751036643982 -1 -1 -1 -1 -1 -1 -1 -1 -1
0.49194252490997314 0.7735266089439392 0.9682058095932007 -1 -1 -1 -1 -1 -1 -1 -1 -1
0.46312856674194336 0.8408389687538147 0.2605080008506775 -1 -1 -1 -1 -1 -1 -1 -1 -1
0.4592618942260742 0.8488731384277344 0.9035584926605225 -1 -1 -1 -1 -1 -1 -1 -1 -1
0.4494568407535553 0.8521614670753479 0.3955583870410919 -1 -1 -1 -1 -1 -1 -1 -1 -1
0.4472053050994873 0.8566903471946716 0.8637257218360901 -1 -1 -1 -1 -1 -1 -1 -1 -1
0.47604215145111084 0.8784885406494141 0.3838815689086914 -1 -1 -1 -1 -1 -1 -1 -1 -1
0.474179208278656 0.8833872079849243 0.8458686470985413 -1 -1 -1 -1 -1 -1 -1 -1 -1
1 
33 
-1 -1 -1 -1 -1 -1 -1 -1 -1 -1
0.13529862463474274 0.5689303874969482 0.9994921684265137 -1 -1 -1 -1 -1 -1 -1 -1 -1
0.12885166704654694 0.561953604221344 0.9993728995323181 -1 -1 -1 -1 -1 -1 -1 -1 -1
0.1294323205947876 0.5579628348350525 0.9988235831260681 -1 -1 -1 -1 -1 -1 -1 -1 -1
0.1300545483827591 0.5540152788162231 0.9992119073867798 -1 -1 -1 -1 -1 -1 -1 -1 -1
0.1269315481185913 0.5750741958618164 0.9994651675224304 -1 -1 -1 -1 -1 -1 -1 -1 -1
0.12621437013149261 0.5800708532333374 0.9991291165351868 -1 -1 -1 -1 -1 -1 -1 -1 -1
0.12552662193775177 0.5850086212158203 0.9994114637374878 -1 -1 -1 -1 -1 -1 -1 -1 -1
0.13492971658706665 0.55694580078125 0.997226893901825 -1 -1 -1 -1 -1 -1 -1 -1 -1
0.12908881902694702 0.5989874601364136 0.9987173080444336 -1 -1 -1 -1 -1 -1 -1 -1 -1
0.14525361359119415 0.5666660666465759 0.998206615447998 -1 -1 -1 -1 -1 -1 -1 -1 -1
0.1429692655801773 0.5827052593231201 0.9983620047569275 -1 -1 -1 -1 -1 -1 -1 -1 -1
0.17514753341674805 0.5536259412765503 0.9973190426826477 -1 -1 -1 -1 -1 -1 -1 -1 -1
0.16875115036964417 0.6355550289154053 0.9974278807640076 -1 -1 -1 -1 -1 -1 -1 -1 -1
0.1716926097869873 0.48632270097732544 0.7657288908958435 -1 -1 -1 -1 -1 -1 -1 -1 -1
0.1735323667526245 0.6067222356796265 0.9181890487670898 -1 -1 -1 -1 -1 -1 -1 -1 -1
0.13645853102207184 0.47073107957839966 0.7313898801803589 -1 -1 -1 -1 -1 -1 -1 -1 -1
0.13870781660079956 0.5563051104545593 0.8742837905883789 -1 -1 -1 -1 -1 -1 -1 -1 -1
0.1285887509584427 0.46632927656173706 0.6132175922393799 -1 -1 -1 -1 -1 -1 -1 -1 -1
0.13004136085510254 0.5465372204780579 0.7815609574317932 -1 -1 -1 -1 -1 -1 -1 -1 -1
0.12477027624845505 0.4743625521659851 0.612744152545929 -1 -1 -1 -1 -1 -1 -1 -1 -1
0.12680427730083466 0.5457924008369446 0.7690982222557068 -1 -1 -1 -1 -1 -1 -1 -1 -1
0.12868064641952515 0.47500038146972656 0.6031234860420227 -1 -1 -1 -1 -1 -1 -1 -1 -1
0.13078045845031738 0.5501235127449036 0.7272301912307739 -1 -1 -1 -1 -1 -1 -1 -1 -1
0.29554733633995056 0.5923009514808655 0.9995071887969971 -1 -1 -1 -1 -1 -1 -1 -1 -1
0.2915201783180237 0.6493088603019714 0.9992389678955078 -1 -1 -1 -1 -1 -1 -1 -1 -1
0.39394837617874146 0.55601567029953 0.7844814658164978 -1 -1 -1 -1 -1 -1 -1 -1 -1
0.3756110370159149 0.6841530799865723 0.8929533362388611 -1 -1 -1 -1 -1 -1 -1 -1 -1
0.4880889654159546 0.5732821226119995 0.9177898168563843 -1 -1 -1 -1 -1 -1 -1 -1 -1
0.4630613923072815 0.7420139312744141 0.958322286605835 -1 -1 -1 -1 -1 -1 -1 -1 -1
0.5001729726791382 0.5907240509986877 0.842397928237915 -1 -1 -1 -1 -1 -1 -1 -1 -1
0.47429215908050537 0.7472212314605713 0.8267625570297241 -1 -1 -1 -1 -1 -1 -1 -1 -1
0.5181832313537598 0.5391044616699219 0.8951020240783691 -1 -1 -1 -1 -1 -1 -1 -1 -1
0.49164846539497375 0.7550109624862671 0.9259933233261108 -1 -1 -1 -1 -1 -1 -1 -1 -1
1 
33 
-1 -1 -1 -1 -1 -1 -1 -1 -1 -1
0.11941762268543243 0.5385858416557312 0.9995030164718628 -1 -1 -1 -1 -1 -1 -1 -1 -1
0.10503646731376648 0.5467188358306885 0.9993228912353516 -1 -1 -1 -1 -1 -1 -1 -1 -1
0.10542448610067368 0.5442577004432678 0.9988498687744141 -1 -1 -1 -1 -1 -1 -1 -1 -1
0.10589821636676788 0.5422875881195068 0.9993311166763306 -1 -1 -1 -1 -1 -1 -1 -1 -1
0.10536659508943558 0.5528569221496582 0.9995477795600891 -1 -1 -1 -1 -1 -1 -1 -1 -1
0.1058255285024643 0.5555984377861023 0.9993401169776917 -1 -1 -1 -1 -1 -1 -1 -1 -1
0.1060057133436203 0.5597464442253113 0.9996298551559448 -1 -1 -1 -1 -1 -1 -1 -1 -1
0.10816073417663574 0.5482489466667175 0.9976752400398254 -1 -1 -1 -1 -1 -1 -1 -1 -1
0.1058519035577774 0.573077917098999 0.9993257522583008 -1 -1 -1 -1 -1 -1 -1 -1 -1
0.11826819181442261 0.5451688170433044 0.9988099336624146 -1 -1 -1 -1 -1 -1 -1 -1 -1
0.12897977232933044 0.5529727935791016 0.999356210231781 -1 -1 -1 -1 -1 -1 -1 -1 -1
0.1678541898727417 0.5482539534568787 0.997803270816803 -1 -1 -1 -1 -1 -1 -1 -1 -1
0.1638994812965393 0.6195361614227295 0.9993465542793274 -1 -1 -1 -1 -1 -1 -1 -1 -1
0.1804305911064148 0.5003377795219421 0.31198886036872864 -1 -1 -1 -1 -1 -1 -1 -1 -1
0.2130011022090912 0.6156710386276245 0.8640029430389404 -1 -1 -1 -1 -1 -1 -1 -1 -1
0.15540377795696259 0.4797976016998291 0.5072317719459534 -1 -1 -1 -1 -1 -1 -1 -1 -1
0.21830010414123535 0.5552707314491272 0.752816379070282 -1 -1 -1 -1 -1 -1 -1 -1 -1
0.1511283814907074 0.4728712737560272 0.5003415942192078 -1 -1 -1 -1 -1 -1 -1 -1 -1
0.22313082218170166 0.5449965596199036 0.7001495957374573 -1 -1 -1 -1 -1 -1 -1 -1 -1
0.1457882523536682 0.47929927706718445 0.4947764277458191 -1 -1 -1 -1 -1 -1 -1 -1 -1
0.21672427654266357 0.5398381948471069 0.685160756111145 -1 -1 -1 -1 -1 -1 -1 -1 -1
0.14870288968086243 0.4813888967037201 0.4883373975753784 -1 -1 -1 -1 -1 -1 -1 -1 -1
0.2158103883266449 0.5448522567749023 0.648250937461853 -1 -1 -1 -1 -1 -1 -1 -1 -1
0.29443004727363586 0.6017401814460754 0.9989734888076782 -1 -1 -1 -1 -1 -1 -1 -1 -1
0.2910902202129364 0.6319678425788879 0.9990984201431274 -1 -1 -1 -1 -1 -1 -1 -1 -1
0.3849485218524933 0.613389253616333 0.25667110085487366 -1 -1 -1 -1 -1 -1 -1 -1 -1
0.39170706272125244 0.5737437009811401 0.8070582151412964 -1 -1 -1 -1 -1 -1 -1 -1 -1
0.46062618494033813 0.763592541217804 0.6790390014648438 -1 -1 -1 -1 -1 -1 -1 -1 -1
0.49621057510375977 0.5384876132011414 0.950792133808136 -1 -1 -1 -1 -1 -1 -1 -1 -1
0.45498716831207275 0.811866283416748 0.7348515391349792 -1 -1 -1 -1 -1 -1 -1 -1 -1
0.5137208104133606 0.5386046767234802 0.9283230304718018 -1 -1 -1 -1 -1 -1 -1 -1 -1
0.4914170205593109 0.7575213313102722 0.7551865577697754 -1 -1 -1 -1 -1 -1 -1 -1 -1
0.5218247175216675 0.49415120482444763 0.9362794756889343 -1 -1 -1 -1 -1 -1 -1 -1 -1
1 
33 
-1 -1 -1 -1 -1 -1 -1 -1 -1 -1
0.5343936085700989 0.45608216524124146 0.9024451971054077 -1 -1 -1 -1 -1 -1 -1 -1 -1
0.5287281274795532 0.4337875247001648 0.9230715036392212 -1 -1 -1 -1 -1 -1 -1 -1 -1
0.5284439921379089 0.43380337953567505 0.8907455801963806 -1 -1 -1 -1 -1 -1 -1 -1 -1
0.5279799103736877 0.4337315857410431 0.9158551692962646 -1 -1 -1 -1 -1 -1 -1 -1 -1
0.5289115309715271 0.4335961937904358 0.94328773021698 -1 -1 -1 -1 -1 -1 -1 -1 -1
0.5289169549942017 0.43370258808135986 0.9335269927978516 -1 -1 -1 -1 -1 -1 -1 -1 -1
0.5307072401046753 0.44499629735946655 0.9389445185661316 -1 -1 -1 -1 -1 -1 -1 -1 -1
0.5219386219978333 0.43678727746009827 0.8224509954452515 -1 -1 -1 -1 -1 -1 -1 -1 -1
0.5243725180625916 0.4374047815799713 0.8971568942070007 -1 -1 -1 -1 -1 -1 -1 -1 -1
0.5257744789123535 0.44821280241012573 0.8837943077087402 -1 -1 -1 -1 -1 -1 -1 -1 -1
0.5262187719345093 0.4489303529262543 0.8533812761306763 -1 -1 -1 -1 -1 -1 -1 -1 -1
0.5114105939865112 0.4734813868999481 0.9738306999206543 -1 -1 -1 -1 -1 -1 -1 -1 -1
0.518922746181488 0.46837520599365234 0.9775354266166687 -1 -1 -1 -1 -1 -1 -1 -1 -1
0.5275964140892029 0.45077669620513916 0.02630627527832985 -1 -1 -1 -1 -1 -1 -1 -1 -1
0.5451056361198425 0.4129495620727539 0.7701674103736877 -1 -1 -1 -1 -1 -1 -1 -1 -1
0.5357599854469299 0.42380785942077637 0.08037285506725311 -1 -1 -1 -1 -1 -1 -1 -1 -1
0.559695303440094 0.3357820510864258 0.7607616186141968 -1 -1 -1 -1 -1 -1 -1 -1 -1
0.5335232615470886 0.4205406904220581 0.10302187502384186 -1 -1 -1 -1 -1 -1 -1 -1 -1
0.5631787776947021 0.32053542137145996 0.7353693842887878 -1 -1 -1 -1 -1 -1 -1 -1 -1
0.5340936183929443 0.4124564230442047 0.10456769913434982 -1 -1 -1 -1 -1 -1 -1 -1 -1
0.5604516267776489 0.317353755235672 0.7143135070800781 -1 -1 -1 -1 -1 -1 -1 -1 -1
0.5358508229255676 0.41380733251571655 0.10845320671796799 -1 -1 -1 -1 -1 -1 -1 -1 -1
0.5578332543373108 0.3298972547054291 0.6462380290031433 -1 -1 -1 -1 -1 -1 -1 -1 -1
0.509859561920166 0.6121160387992859 0.9985685348510742 -1 -1 -1 -1 -1 -1 -1 -1 -1
0.5142855048179626 0.597333550453186 0.9957451224327087 -1 -1 -1 -1 -1 -1 -1 -1 -1
0.4964984655380249 0.696038544178009 0.8869981169700623 -1 -1 -1 -1 -1 -1 -1 -1 -1
0.5115668177604675 0.5813664197921753 0.676706075668335 -1 -1 -1 -1 -1 -1 -1 -1 -1
0.4790629744529724 0.768758237361908 0.9622560739517212 -1 -1 -1 -1 -1 -1 -1 -1 -1
0.5099085569381714 0.5902337431907654 0.9184382557868958 -1 -1 -1 -1 -1 -1 -1 -1 -1
0.4735163450241089 0.773829460144043 0.9673348665237427 -1 -1 -1 -1 -1 -1 -1 -1 -1
0.508849561214447 0.591967761516571 0.9347495436668396 -1 -1 -1 -1 -1 -1 -1 -1 -1
0.47629883885383606 0.8158165812492371 0.9466743469238281 -1 -1 -1 -1 -1 -1 -1 -1 -1
0.5097618103027344 0.5917423367500305 0.9009091258049011 -1 -1 -1 -1 -1 -1 -1 -1 -1
1 
33 
-1 -1 -1 -1 -1 -1 -1 -1 -1 -1
0.5076801776885986 0.3969190716743469 0.997849702835083 -1 -1 -1 -1 -1 -1 -1 -1 -1
0.5104965567588806 0.3928256034851074 0.9977648258209229 -1 -1 -1 -1 -1 -1 -1 -1 -1
0.5117501616477966 0.39364513754844666 0.9966257810592651 -1 -1 -1 -1 -1 -1 -1 -1 -1
0.5139933824539185 0.38655805587768555 0.9973165392875671 -1 -1 -1 -1 -1 -1 -1 -1 -1
0.5067826509475708 0.3902067542076111 0.9986114501953125 -1 -1 -1 -1 -1 -1 -1 -1 -1
0.5055340528488159 0.38925644755363464 0.99832683801651 -1 -1 -1 -1 -1 -1 -1 -1 -1
0.5043734908103943 0.38835224509239197 0.9987021684646606 -1 -1 -1 -1 -1 -1 -1 -1 -1
0.5140931606292725 0.3987939953804016 0.9964193105697632 -1 -1 -1 -1 -1 -1 -1 -1 -1
0.502013623714447 0.3908676505088806 0.9968516230583191 -1 -1 -1 -1 -1 -1 -1 -1 -1
0.5088614225387573 0.4051966071128845 0.9936099648475647 -1 -1 -1 -1 -1 -1 -1 -1 -1
0.504454493522644 0.4020524322986603 0.9939619898796082 -1 -1 -1 -1 -1 -1 -1 -1 -1
0.5164206624031067 0.4281064569950104 0.9993411898612976 -1 -1 -1 -1 -1 -1 -1 -1 -1
0.5169275403022766 0.40373894572257996 0.9992075562477112 -1 -1 -1 -1 -1 -1 -1 -1 -1
0.5512974858283997 0.40245163440704346 0.6648421287536621 -1 -1 -1 -1 -1 -1 -1 -1 -1
0.5198339223861694 0.3841044306755066 0.5861431956291199 -1 -1 -1 -1 -1 -1 -1 -1 -1
0.5788949728012085 0.3703972399234772 0.8040195107460022 -1 -1 -1 -1 -1 -1 -1 -1 -1
0.5137598514556885 0.3644822835922241 0.6165874600410461 -1 -1 -1 -1 -1 -1 -1 -1 -1
0.5847129821777344 0.36239656805992126 0.776607096195221 -1 -1 -1 -1 -1 -1 -1 -1 -1
0.5127087235450745 0.3557625412940979 0.5810266137123108 -1 -1 -1 -1 -1 -1 -1 -1 -1
0.5939878225326538 0.34744495153427124 0.7785887122154236 -1 -1 -1 -1 -1 -1 -1 -1 -1
0.511043906211853 0.3556557297706604 0.5789777040481567 -1 -1 -1 -1 -1 -1 -1 -1 -1
0.5834985971450806 0.3588460087776184 0.7571445107460022 -1 -1 -1 -1 -1 -1 -1 -1 -1
0.5114197731018066 0.35845527052879333 0.5907461047172546 -1 -1 -1 -1 -1 -1 -1 -1 -1
0.5100938081741333 0.5092307329177856 0.9999892711639404 -1 -1 -1 -1 -1 -1 -1 -1 -1
0.5110357999801636 0.4844495356082916 0.9999194145202637 -1 -1 -1 -1 -1 -1 -1 -1 -1
0.5057560205459595 0.6255217790603638 0.9795393943786621 -1 -1 -1 -1 -1 -1 -1 -1 -1
0.518474280834198 0.514819860458374 0.6028795838356018 -1 -1 -1 -1 -1 -1 -1 -1 -1
0.47666245698928833 0.7457789778709412 0.985629141330719 -1 -1 -1 -1 -1 -1 -1 -1 -1
0.5277307629585266 0.5865101218223572 0.7102026343345642 -1 -1 -1 -1 -1 -1 -1 -1 -1
0.4739864766597748 0.7626165151596069 0.9898012280464172 -1 -1 -1 -1 -1 -1 -1 -1 -1
0.5299628376960754 0.5982523560523987 0.7871065139770508 -1 -1 -1 -1 -1 -1 -1 -1 -1
0.47775793075561523 0.7866155505180359 0.9733031392097473 -1 -1 -1 -1 -1 -1 -1 -1 -1
0.5268010497093201 0.6089010238647461 0.6446487307548523 -1 -1 -1 -1 -1 -1 -1 -1 -1
1 
33 
-1 -1 -1 -1 -1 -1 -1 -1 -1 -1
0.5728631615638733 0.41766250133514404 0.9782494902610779 -1 -1 -1 -1 -1 -1 -1 -1 -1
0.5698567032814026 0.4080055058002472 0.9804761409759521 -1 -1 -1 -1 -1 -1 -1 -1 -1
0.5697405934333801 0.4076649844646454 0.9760988354682922 -1 -1 -1 -1 -1 -1 -1 -1 -1
0.5739485025405884 0.4130623936653137 0.9793853759765625 -1 -1 -1 -1 -1 -1 -1 -1 -1
0.5696444511413574 0.40778130292892456 0.9922019243240356 -1 -1 -1 -1 -1 -1 -1 -1 -1
0.5747103095054626 0.4155759811401367 0.9923142790794373 -1 -1 -1 -1 -1 -1 -1 -1 -1
0.5745669603347778 0.41550832986831665 0.9934535026550293 -1 -1 -1 -1 -1 -1 -1 -1 -1
0.5689386129379272 0.4074946641921997 0.9760701060295105 -1 -1 -1 -1 -1 -1 -1 -1 -1
0.5696226954460144 0.4113529622554779 0.9925507307052612 -1 -1 -1 -1 -1 -1 -1 -1 -1
0.5652645826339722 0.40977632999420166 0.9583170413970947 -1 -1 -1 -1 -1 -1 -1 -1 -1
0.5649186968803406 0.4096851944923401 0.9598966836929321 -1 -1 -1 -1 -1 -1 -1 -1 -1
0.5454792976379395 0.40419068932533264 0.9782428741455078 -1 -1 -1 -1 -1 -1 -1 -1 -1
0.549355685710907 0.41721591353416443 0.9970646500587463 -1 -1 -1 -1 -1 -1 -1 -1 -1
0.5401142835617065 0.4383416473865509 0.03270160034298897 -1 -1 -1 -1 -1 -1 -1 -1 -1
0.5751333832740784 0.4302138388156891 0.9966078996658325 -1 -1 -1 -1 -1 -1 -1 -1 -1
0.5500496029853821 0.4678468108177185 0.062183767557144165 -1 -1 -1 -1 -1 -1 -1 -1 -1
0.6247997283935547 0.41743573546409607 0.9953492283821106 -1 -1 -1 -1 -1 -1 -1 -1 -1
0.55231773853302 0.4736348092556 0.10171088576316833 -1 -1 -1 -1 -1 -1 -1 -1 -1
0.64113450050354 0.41987571120262146 0.991995096206665 -1 -1 -1 -1 -1 -1 -1 -1 -1
0.5541571378707886 0.47000932693481445 0.11177418380975723 -1 -1 -1 -1 -1 -1 -1 -1 -1
0.6418226361274719 0.4138709008693695 0.9920229911804199 -1 -1 -1 -1 -1 -1 -1 -1 -1
0.5536712408065796 0.46811389923095703 0.13508591055870056 -1 -1 -1 -1 -1 -1 -1 -1 -1
0.6368057131767273 0.41251716017723083 0.9858574867248535 -1 -1 -1 -1 -1 -1 -1 -1 -1
0.5346707105636597 0.43096670508384705 0.999249279499054 -1 -1 -1 -1 -1 -1 -1 -1 -1
0.5330609679222107 0.43455997109413147 0.9995187520980835 -1 -1 -1 -1 -1 -1 -1 -1 -1
0.5229547023773193 0.5261945128440857 0.7576426863670349 -1 -1 -1 -1 -1 -1 -1 -1 -1
0.5210480690002441 0.516864538192749 0.7759597897529602 -1 -1 -1 -1 -1 -1 -1 -1 -1
0.5042810440063477 0.6270079612731934 0.8658076524734497 -1 -1 -1 -1 -1 -1 -1 -1 -1
0.5092007517814636 0.5931030511856079 0.7713923454284668 -1 -1 -1 -1 -1 -1 -1 -1 -1
0.5001857280731201 0.6404197216033936 0.8357720971107483 -1 -1 -1 -1 -1 -1 -1 -1 -1
0.5061617493629456 0.600209653377533 0.7748873233795166 -1 -1 -1 -1 -1 -1 -1 -1 -1
0.5012054443359375 0.6568987369537354 0.9086121320724487 -1 -1 -1 -1 -1 -1 -1 -1 -1
0.5109433531761169 0.626437246799469 0.7312162518501282 -1 -1 -1 -1 -1 -1 -1 -1 -1
1 
33 
-1 -1 -1 -1 -1 -1 -1 -1 -1 -1
0.5831337571144104 0.39394116401672363 0.9944149255752563 -1 -1 -1 -1 -1 -1 -1 -1 -1
0.5858888626098633 0.38503497838974 0.9893400073051453 -1 -1 -1 -1 -1 -1 -1 -1 -1
0.5857852101325989 0.38414302468299866 0.9849449992179871 -1 -1 -1 -1 -1 -1 -1 -1 -1
0.5856265425682068 0.38317611813545227 0.9903400540351868 -1 -1 -1 -1 -1 -1 -1 -1 -1
0.585471510887146 0.38435912132263184 0.9932056665420532 -1 -1 -1 -1 -1 -1 -1 -1 -1
0.585124135017395 0.3829158544540405 0.9915542006492615 -1 -1 -1 -1 -1 -1 -1 -1 -1
0.5847126245498657 0.3812890946865082 0.9953522682189941 -1 -1 -1 -1 -1 -1 -1 -1 -1
0.582076907157898 0.3756001591682434 0.9619219899177551 -1 -1 -1 -1 -1 -1 -1 -1 -1
0.5808775424957275 0.37324759364128113 0.9899189472198486 -1 -1 -1 -1 -1 -1 -1 -1 -1
0.5786408185958862 0.3958388566970825 0.9898461103439331 -1 -1 -1 -1 -1 -1 -1 -1 -1
0.5784515142440796 0.39457985758781433 0.994325578212738 -1 -1 -1 -1 -1 -1 -1 -1 -1
0.5572249889373779 0.37698090076446533 0.990138053894043 -1 -1 -1 -1 -1 -1 -1 -1 -1
0.5609351992607117 0.3806566894054413 0.9993290901184082 -1 -1 -1 -1 -1 -1 -1 -1 -1
0.5600734949111938 0.4284021854400635 0.06745574623346329 -1 -1 -1 -1 -1 -1 -1 -1 -1
0.5955760478973389 0.43293464183807373 0.9964011907577515 -1 -1 -1 -1 -1 -1 -1 -1 -1
0.5632574558258057 0.4730689525604248 0.1090007945895195 -1 -1 -1 -1 -1 -1 -1 -1 -1
0.6297256350517273 0.4823508858680725 0.9856045246124268 -1 -1 -1 -1 -1 -1 -1 -1 -1
0.5645576119422913 0.4819676876068115 0.1399223655462265 -1 -1 -1 -1 -1 -1 -1 -1 -1
0.6344017386436462 0.4937942922115326 0.9753758907318115 -1 -1 -1 -1 -1 -1 -1 -1 -1
0.5666793584823608 0.4816402792930603 0.14869776368141174 -1 -1 -1 -1 -1 -1 -1 -1 -1
0.6356844902038574 0.4937354326248169 0.9715657830238342 -1 -1 -1 -1 -1 -1 -1 -1 -1
0.5654621124267578 0.48003560304641724 0.16261227428913116 -1 -1 -1 -1 -1 -1 -1 -1 -1
0.6340833306312561 0.48989182710647583 0.9450419545173645 -1 -1 -1 -1 -1 -1 -1 -1 -1
0.4871809184551239 0.4290756285190582 0.9968377351760864 -1 -1 -1 -1 -1 -1 -1 -1 -1
0.48811066150665283 0.44206270575523376 0.999051034450531 -1 -1 -1 -1 -1 -1 -1 -1 -1
0.4725985825061798 0.48187926411628723 0.2695354223251343 -1 -1 -1 -1 -1 -1 -1 -1 -1
0.4823472797870636 0.5499849319458008 0.9943253397941589 -1 -1 -1 -1 -1 -1 -1 -1 -1
0.4321085214614868 0.4989098608493805 0.6468179225921631 -1 -1 -1 -1 -1 -1 -1 -1 -1
0.47839951515197754 0.6531110405921936 0.9969444870948792 -1 -1 -1 -1 -1 -1 -1 -1 -1
0.42387405037879944 0.4989338517189026 0.694236695766449 -1 -1 -1 -1 -1 -1 -1 -1 -1
0.4671812951564789 0.6739646792411804 0.9939418435096741 -1 -1 -1 -1 -1 -1 -1 -1 -1
0.4322196841239929 0.5204100012779236 0.7352868914604187 -1 -1 -1 -1 -1 -1 -1 -1 -1
0.4891592562198639 0.6928844451904297 0.9924055933952332 -1 -1 -1 -1 -1 -1 -1 -1 -1
1 
33 
-1 -1 -1 -1 -1 -1 -1 -1 -1 -1
0.5917391180992126 0.40996599197387695 0.9952523708343506 -1 -1 -1 -1 -1 -1 -1 -1 -1
0.5957381129264832 0.40262913703918457 0.9941283464431763 -1 -1 -1 -1 -1 -1 -1 -1 -1
0.5956331491470337 0.4015655517578125 0.9945717453956604 -1 -1 -1 -1 -1 -1 -1 -1 -1
0.5955305695533752 0.40031370520591736 0.9955761432647705 -1 -1 -1 -1 -1 -1 -1 -1 -1
0.5956910252571106 0.40177538990974426 0.9956327080726624 -1 -1 -1 -1 -1 -1 -1 -1 -1
0.5955229997634888 0.40019020438194275 0.9960708618164062 -1 -1 -1 -1 -1 -1 -1 -1 -1
0.5953549742698669 0.39836472272872925 0.9970999956130981 -1 -1 -1 -1 -1 -1 -1 -1 -1
0.5910078287124634 0.39014706015586853 0.9903513789176941 -1 -1 -1 -1 -1 -1 -1 -1 -1
0.590643048286438 0.3891325294971466 0.9960259199142456 -1 -1 -1 -1 -1 -1 -1 -1 -1
0.5857890844345093 0.40822920203208923 0.9911693334579468 -1 -1 -1 -1 -1 -1 -1 -1 -1
0.5859071016311646 0.40683117508888245 0.9944071769714355 -1 -1 -1 -1 -1 -1 -1 -1 -1
0.5672005414962769 0.3874763250350952 0.991235613822937 -1 -1 -1 -1 -1 -1 -1 -1 -1
0.5718160271644592 0.38721948862075806 0.9990270137786865 -1 -1 -1 -1 -1 -1 -1 -1 -1
0.5737366676330566 0.4592323899269104 0.3607531189918518 -1 -1 -1 -1 -1 -1 -1 -1 -1
0.5787513256072998 0.459837406873703 0.9884422421455383 -1 -1 -1 -1 -1 -1 -1 -1 -1
0.5878024101257324 0.519834041595459 0.4280611276626587 -1 -1 -1 -1 -1 -1 -1 -1 -1
0.5933059453964233 0.5231773853302002 0.9735733866691589 -1 -1 -1 -1 -1 -1 -1 -1 -1
0.5921728014945984 0.5309048891067505 0.4249641001224518 -1 -1 -1 -1 -1 -1 -1 -1 -1
0.5959150195121765 0.5355737209320068 0.957983672618866 -1 -1 -1 -1 -1 -1 -1 -1 -1
0.592734158039093 0.5355998277664185 0.4413338005542755 -1 -1 -1 -1 -1 -1 -1 -1 -1
0.5966203212738037 0.5348879098892212 0.9518376588821411 -1 -1 -1 -1 -1 -1 -1 -1 -1
0.5902422666549683 0.5319560766220093 0.4660869538784027 -1 -1 -1 -1 -1 -1 -1 -1 -1
0.595134973526001 0.530972421169281 0.9153749942779541 -1 -1 -1 -1 -1 -1 -1 -1 -1
0.49809372425079346 0.38978540897369385 0.9857805371284485 -1 -1 -1 -1 -1 -1 -1 -1 -1
0.49413350224494934 0.3818921446800232 0.9854839444160461 -1 -1 -1 -1 -1 -1 -1 -1 -1
0.4806264638900757 0.4840945303440094 0.3414147198200226 -1 -1 -1 -1 -1 -1 -1 -1 -1
0.4857427477836609 0.4886833727359772 0.9767851233482361 -1 -1 -1 -1 -1 -1 -1 -1 -1
0.4467052221298218 0.5548537373542786 0.5770232081413269 -1 -1 -1 -1 -1 -1 -1 -1 -1
0.47566914558410645 0.5953817963600159 0.9835900664329529 -1 -1 -1 -1 -1 -1 -1 -1 -1
0.439188152551651 0.5615900754928589 0.6358198523521423 -1 -1 -1 -1 -1 -1 -1 -1 -1
0.4715445041656494 0.6058156490325928 0.9824942946434021 -1 -1 -1 -1 -1 -1 -1 -1 -1
0.4536590874195099 0.5796141028404236 0.6406121850013733 -1 -1 -1 -1 -1 -1 -1 -1 -1
0.48717978596687317 0.6215659379959106 0.9687363505363464 -1 -1 -1 -1 -1 -1 -1 -1 -1
1 
33 
-1 -1 -1 -1 -1 -1 -1 -1 -1 -1
0.49314695596694946 0.49719002842903137 0.9971502423286438 -1 -1 -1 -1 -1 -1 -1 -1 -1
0.4902248978614807 0.5018197894096375 0.9922128319740295 -1 -1 -1 -1 -1 -1 -1 -1 -1
0.48897287249565125 0.5013858079910278 0.9877057671546936 -1 -1 -1 -1 -1 -1 -1 -1 -1
0.48772168159484863 0.5009279847145081 0.9883634448051453 -1 -1 -1 -1 -1 -1 -1 -1 -1
0.49375829100608826 0.5037839412689209 0.9941675662994385 -1 -1 -1 -1 -1 -1 -1 -1 -1
0.4950808882713318 0.5047534108161926 0.9938411712646484 -1 -1 -1 -1 -1 -1 -1 -1 -1
0.4963948726654053 0.5057204365730286 0.9965014457702637 -1 -1 -1 -1 -1 -1 -1 -1 -1
0.4866469204425812 0.5014310479164124 0.9805822968482971 -1 -1 -1 -1 -1 -1 -1 -1 -1
0.49906978011131287 0.5081250667572021 0.9971942901611328 -1 -1 -1 -1 -1 -1 -1 -1 -1
0.49233803153038025 0.492622435092926 0.9930181503295898 -1 -1 -1 -1 -1 -1 -1 -1 -1
0.49666154384613037 0.494941383600235 0.9958706498146057 -1 -1 -1 -1 -1 -1 -1 -1 -1
0.48160237073898315 0.48607468605041504 0.9974668025970459 -1 -1 -1 -1 -1 -1 -1 -1 -1
0.5148859024047852 0.49432098865509033 0.999553382396698 -1 -1 -1 -1 -1 -1 -1 -1 -1
0.4761190414428711 0.47233128547668457 0.48998793959617615 -1 -1 -1 -1 -1 -1 -1 -1 -1
0.534440815448761 0.46440210938453674 0.9437652230262756 -1 -1 -1 -1 -1 -1 -1 -1 -1
0.490597128868103 0.4883919954299927 0.2853054106235504 -1 -1 -1 -1 -1 -1 -1 -1 -1
0.5431956052780151 0.4397052228450775 0.9187203645706177 -1 -1 -1 -1 -1 -1 -1 -1 -1
0.4939163029193878 0.49175846576690674 0.18356665968894958 -1 -1 -1 -1 -1 -1 -1 -1 -1
0.5470083355903625 0.4330597519874573 0.8535248041152954 -1 -1 -1 -1 -1 -1 -1 -1 -1
0.4942963421344757 0.49289536476135254 0.17059029638767242 -1 -1 -1 -1 -1 -1 -1 -1 -1
0.5446256399154663 0.4342585504055023 0.8549706935882568 -1 -1 -1 -1 -1 -1 -1 -1 -1
0.49429088830947876 0.49072277545928955 0.17353829741477966 -1 -1 -1 -1 -1 -1 -1 -1 -1
0.542184591293335 0.4356703758239746 0.8283246755599976 -1 -1 -1 -1 -1 -1 -1 -1 -1
0.49442368745803833 0.410932719707489 0.9997617602348328 -1 -1 -1 -1 -1 -1 -1 -1 -1
0.5156527757644653 0.41834592819213867 0.9996936321258545 -1 -1 -1 -1 -1 -1 -1 -1 -1
0.5050321817398071 0.35565873980522156 0.7710092663764954 -1 -1 -1 -1 -1 -1 -1 -1 -1
0.5245140194892883 0.3716585338115692 0.7727895975112915 -1 -1 -1 -1 -1 -1 -1 -1 -1
0.5117553472518921 0.31223365664482117 0.659000039100647 -1 -1 -1 -1 -1 -1 -1 -1 -1
0.5210645794868469 0.32738596200942993 0.7334979176521301 -1 -1 -1 -1 -1 -1 -1 -1 -1
0.5143598914146423 0.3080368638038635 0.6775935888290405 -1 -1 -1 -1 -1 -1 -1 -1 -1
0.5193790197372437 0.3241790533065796 0.6043208837509155 -1 -1 -1 -1 -1 -1 -1 -1 -1
0.5082258582115173 0.2839112877845764 0.687269389629364 -1 -1 -1 -1 -1 -1 -1 -1 -1
0.5249574780464172 0.2983921766281128 0.7064125537872314 -1 -1 -1 -1 -1 -1 -1 -1 -1
1 
33 
-1 -1 -1 -1 -1 -1 -1 -1 -1 -1
0.5310171842575073 0.39473485946655273 0.9936560392379761 -1 -1 -1 -1 -1 -1 -1 -1 -1
0.5357285141944885 0.39501631259918213 0.9918590188026428 -1 -1 -1 -1 -1 -1 -1 -1 -1
0.5375179052352905 0.3956283926963806 0.9899845123291016 -1 -1 -1 -1 -1 -1 -1 -1 -1
0.5392904281616211 0.3962898552417755 0.9923111200332642 -1 -1 -1 -1 -1 -1 -1 -1 -1
0.5309832692146301 0.39079371094703674 0.9943537712097168 -1 -1 -1 -1 -1 -1 -1 -1 -1
0.5298577547073364 0.3888140618801117 0.9926920533180237 -1 -1 -1 -1 -1 -1 -1 -1 -1
0.5287449955940247 0.38685548305511475 0.9941484928131104 -1 -1 -1 -1 -1 -1 -1 -1 -1
0.5459599494934082 0.3871229887008667 0.9951803684234619 -1 -1 -1 -1 -1 -1 -1 -1 -1
0.5289095044136047 0.3712252974510193 0.9958863854408264 -1 -1 -1 -1 -1 -1 -1 -1 -1
0.5329654216766357 0.3909308612346649 0.9970653653144836 -1 -1 -1 -1 -1 -1 -1 -1 -1
0.5291939973831177 0.3870839476585388 0.9968101382255554 -1 -1 -1 -1 -1 -1 -1 -1 -1
0.5602750778198242 0.37375110387802124 0.999890923500061 -1 -1 -1 -1 -1 -1 -1 -1 -1
0.5107494592666626 0.3386705219745636 0.9997373223304749 -1 -1 -1 -1 -1 -1 -1 -1 -1
0.5637804865837097 0.421232134103775 0.796108067035675 -1 -1 -1 -1 -1 -1 -1 -1 -1
0.4899463653564453 0.3797871172428131 0.48688793182373047 -1 -1 -1 -1 -1 -1 -1 -1 -1
0.5236237049102783 0.42551133036613464 0.5692499279975891 -1 -1 -1 -1 -1 -1 -1 -1 -1
0.48285338282585144 0.4349290430545807 0.634890079498291 -1 -1 -1 -1 -1 -1 -1 -1 -1
0.5151320099830627 0.43376922607421875 0.41560062766075134 -1 -1 -1 -1 -1 -1 -1 -1 -1
0.47759443521499634 0.4477153718471527 0.5435315370559692 -1 -1 -1 -1 -1 -1 -1 -1 -1
0.5121361613273621 0.426426500082016 0.42785531282424927 -1 -1 -1 -1 -1 -1 -1 -1 -1
0.4818243682384491 0.4521637260913849 0.563341498374939 -1 -1 -1 -1 -1 -1 -1 -1 -1
0.5118765234947205 0.4234149158000946 0.3595799207687378 -1 -1 -1 -1 -1 -1 -1 -1 -1
0.4854642152786255 0.4481927156448364 0.5299884676933289 -1 -1 -1 -1 -1 -1 -1 -1 -1
0.5315162539482117 0.4040306806564331 0.99997878074646 -1 -1 -1 -1 -1 -1 -1 -1 -1
0.5049390196800232 0.38203951716423035 0.9999734163284302 -1 -1 -1 -1 -1 -1 -1 -1 -1
0.5205450057983398 0.4397416114807129 0.32395634055137634 -1 -1 -1 -1 -1 -1 -1 -1 -1
0.4892391860485077 0.4113171100616455 0.23798339068889618 -1 -1 -1 -1 -1 -1 -1 -1 -1
0.49001696705818176 0.4359479248523712 0.5157638192176819 -1 -1 -1 -1 -1 -1 -1 -1 -1
0.47448214888572693 0.43460026383399963 0.5059635639190674 -1 -1 -1 -1 -1 -1 -1 -1 -1
0.48645851016044617 0.4342215657234192 0.5685516595840454 -1 -1 -1 -1 -1 -1 -1 -1 -1
0.4745095670223236 0.4397294819355011 0.39618799090385437 -1 -1 -1 -1 -1 -1 -1 -1 -1
0.4760195016860962 0.44456177949905396 0.5880481600761414 -1 -1 -1 -1 -1 -1 -1 -1 -1
0.46295273303985596 0.44462457299232483 0.5819520950317383 -1 -1 -1 -1 -1 -1 -1 -1 -1
1 
33 
-1 -1 -1 -1 -1 -1 -1 -1 -1 -1
0.5433895587921143 0.30994871258735657 0.9898138642311096 -1 -1 -1 -1 -1 -1 -1 -1 -1
0.5475931167602539 0.3099895119667053 0.9854236245155334 -1 -1 -1 -1 -1 -1 -1 -1 -1
0.5489270687103271 0.31098297238349915 0.9839906692504883 -1 -1 -1 -1 -1 -1 -1 -1 -1
0.5502400994300842 0.3120117783546448 0.9869786500930786 -1 -1 -1 -1 -1 -1 -1 -1 -1
0.5444531440734863 0.3072720170021057 0.985442042350769 -1 -1 -1 -1 -1 -1 -1 -1 -1
0.5435921549797058 0.30642032623291016 0.9833582043647766 -1 -1 -1 -1 -1 -1 -1 -1 -1
0.5427142977714539 0.30555886030197144 0.9857838153839111 -1 -1 -1 -1 -1 -1 -1 -1 -1
0.5540605783462524 0.31342095136642456 0.9822378754615784 -1 -1 -1 -1 -1 -1 -1 -1 -1
0.5424913763999939 0.30389702320098877 0.984369158744812 -1 -1 -1 -1 -1 -1 -1 -1 -1
0.5438181161880493 0.3135930895805359 0.9764847159385681 -1 -1 -1 -1 -1 -1 -1 -1 -1
0.5407100915908813 0.3107548952102661 0.9727843999862671 -1 -1 -1 -1 -1 -1 -1 -1 -1
0.5601799488067627 0.3259913921356201 0.9970341920852661 -1 -1 -1 -1 -1 -1 -1 -1 -1
0.5241172909736633 0.3012075424194336 0.9952530860900879 -1 -1 -1 -1 -1 -1 -1 -1 -1
0.5661355257034302 0.32240062952041626 0.6335088610649109 -1 -1 -1 -1 -1 -1 -1 -1 -1
0.5050290822982788 0.32629281282424927 0.32580792903900146 -1 -1 -1 -1 -1 -1 -1 -1 -1
0.5746417045593262 0.299740195274353 0.4130442440509796 -1 -1 -1 -1 -1 -1 -1 -1 -1
0.502061665058136 0.3331243097782135 0.3054375946521759 -1 -1 -1 -1 -1 -1 -1 -1 -1
0.5771185755729675 0.29628700017929077 0.33171358704566956 -1 -1 -1 -1 -1 -1 -1 -1 -1
0.4984401762485504 0.3391346335411072 0.2563350200653076 -1 -1 -1 -1 -1 -1 -1 -1 -1
0.5772609710693359 0.29662954807281494 0.32953912019729614 -1 -1 -1 -1 -1 -1 -1 -1 -1
0.5000714659690857 0.33708009123802185 0.2623122036457062 -1 -1 -1 -1 -1 -1 -1 -1 -1
0.5754614472389221 0.29716840386390686 0.2929791510105133 -1 -1 -1 -1 -1 -1 -1 -1 -1
0.5019605159759521 0.3348972499370575 0.2729246914386749 -1 -1 -1 -1 -1 -1 -1 -1 -1
0.5329339504241943 0.4089384078979492 0.9997797608375549 -1 -1 -1 -1 -1 -1 -1 -1 -1
0.5128164887428284 0.38118430972099304 0.999782383441925 -1 -1 -1 -1 -1 -1 -1 -1 -1
0.527367353439331 0.3919524550437927 0.9003466367721558 -1 -1 -1 -1 -1 -1 -1 -1 -1
0.49655184149742126 0.33765605092048645 0.6998037099838257 -1 -1 -1 -1 -1 -1 -1 -1 -1
0.49297067523002625 0.4159888029098511 0.8558810949325562 -1 -1 -1 -1 -1 -1 -1 -1 -1
0.4738403558731079 0.3906286060810089 0.7268210649490356 -1 -1 -1 -1 -1 -1 -1 -1 -1
0.48942261934280396 0.4208509624004364 0.799960196018219 -1 -1 -1 -1 -1 -1 -1 -1 -1
0.4724377691745758 0.40570497512817383 0.7462206482887268 -1 -1 -1 -1 -1 -1 -1 -1 -1
0.4766756594181061 0.41424888372421265 0.846770167350769 -1 -1 -1 -1 -1 -1 -1 -1 -1
0.4546460807323456 0.3866683542728424 0.7739485502243042 -1 -1 -1 -1 -1 -1 -1 -1 -1
1 
33 
-1 -1 -1 -1 -1 -1 -1 -1 -1 -1
0.5404759049415588 0.2427603304386139 0.9993940591812134 -1 -1 -1 -1 -1 -1 -1 -1 -1
0.5435960292816162 0.23073041439056396 0.9994446635246277 -1 -1 -1 -1 -1 -1 -1 -1 -1
0.5438911318778992 0.23081453144550323 0.9993125200271606 -1 -1 -1 -1 -1 -1 -1 -1 -1
0.5480515956878662 0.23778605461120605 0.9995030164718628 -1 -1 -1 -1 -1 -1 -1 -1 -1
0.5436825752258301 0.23618413507938385 0.9994587302207947 -1 -1 -1 -1 -1 -1 -1 -1 -1
0.5433850884437561 0.23569202423095703 0.9993070363998413 -1 -1 -1 -1 -1 -1 -1 -1 -1
0.5431050658226013 0.23522572219371796 0.9995599389076233 -1 -1 -1 -1 -1 -1 -1 -1 -1
0.5541216135025024 0.2391185313463211 0.9991888403892517 -1 -1 -1 -1 -1 -1 -1 -1 -1
0.5474554300308228 0.23566336929798126 0.9995501637458801 -1 -1 -1 -1 -1 -1 -1 -1 -1
0.5422836542129517 0.24915891885757446 0.9992559552192688 -1 -1 -1 -1 -1 -1 -1 -1 -1
0.5398077368736267 0.2478083074092865 0.9993396401405334 -1 -1 -1 -1 -1 -1 -1 -1 -1
0.5559976100921631 0.2624407410621643 0.9999597072601318 -1 -1 -1 -1 -1 -1 -1 -1 -1
0.54624342918396 0.26137709617614746 0.9999493360519409 -1 -1 -1 -1 -1 -1 -1 -1 -1
0.5372765064239502 0.32439514994621277 0.768603503704071 -1 -1 -1 -1 -1 -1 -1 -1 -1
0.5296267867088318 0.32417452335357666 0.15861845016479492 -1 -1 -1 -1 -1 -1 -1 -1 -1
0.5214124321937561 0.36333006620407104 0.6573389172554016 -1 -1 -1 -1 -1 -1 -1 -1 -1
0.5151069164276123 0.36155208945274353 0.3016851246356964 -1 -1 -1 -1 -1 -1 -1 -1 -1
0.518078088760376 0.37573790550231934 0.5981573462486267 -1 -1 -1 -1 -1 -1 -1 -1 -1
0.5119419693946838 0.37086790800094604 0.2953622341156006 -1 -1 -1 -1 -1 -1 -1 -1 -1
0.5163226127624512 0.3714354932308197 0.5976839661598206 -1 -1 -1 -1 -1 -1 -1 -1 -1
0.5109038949012756 0.3691408038139343 0.2978973686695099 -1 -1 -1 -1 -1 -1 -1 -1 -1
0.5173513293266296 0.36815160512924194 0.5256679654121399 -1 -1 -1 -1 -1 -1 -1 -1 -1
0.5130055546760559 0.36699989438056946 0.2949635982513428 -1 -1 -1 -1 -1 -1 -1 -1 -1
0.5506129264831543 0.3592554032802582 0.9999624490737915 -1 -1 -1 -1 -1 -1 -1 -1 -1
0.5459219813346863 0.35677915811538696 0.9999619722366333 -1 -1 -1 -1 -1 -1 -1 -1 -1
0.5075141191482544 0.3409634828567505 0.6972240805625916 -1 -1 -1 -1 -1 -1 -1 -1 -1
0.5098522901535034 0.3483484387397766 0.3022529184818268 -1 -1 -1 -1 -1 -1 -1 -1 -1
0.505838930606842 0.39739423990249634 0.5803260803222656 -1 -1 -1 -1 -1 -1 -1 -1 -1
0.512066662311554 0.4058414101600647 0.3019621968269348 -1 -1 -1 -1 -1 -1 -1 -1 -1
0.5094724297523499 0.409772664308548 0.6920638084411621 -1 -1 -1 -1 -1 -1 -1 -1 -1
0.5157404541969299 0.41538262367248535 0.42114728689193726 -1 -1 -1 -1 -1 -1 -1 -1 -1
0.49251875281333923 0.40605437755584717 0.666682243347168 -1 -1 -1 -1 -1 -1 -1 -1 -1
0.49747371673583984 0.4203963279724121 0.5064465999603271 -1 -1 -1 -1 -1 -1 -1 -1 -1
1 
33 
-1 -1 -1 -1 -1 -1 -1 -1 -1 -1
0.5141566395759583 0.317848265171051 0.9983540773391724 -1 -1 -1 -1 -1 -1 -1 -1 -1
0.514615535736084 0.3127554655075073 0.999099850654602 -1 -1 -1 -1 -1 -1 -1 -1 -1
0.5151964426040649 0.3117290139198303 0.9986745119094849 -1 -1 -1 -1 -1 -1 -1 -1 -1
0.515792191028595 0.31076759099960327 0.999113142490387 -1 -1 -1 -1 -1 -1 -1 -1 -1
0.5129889845848083 0.315632700920105 0.9988002777099609 -1 -1 -1 -1 -1 -1 -1 -1 -1
0.5125769972801208 0.3164100646972656 0.9981726408004761 -1 -1 -1 -1 -1 -1 -1 -1 -1
0.512173056602478 0.3171766996383667 0.9985958933830261 -1 -1 -1 -1 -1 -1 -1 -1 -1
0.517336905002594 0.30803170800209045 0.9989890456199646 -1 -1 -1 -1 -1 -1 -1 -1 -1
0.5124784111976624 0.31842005252838135 0.9971784353256226 -1 -1 -1 -1 -1 -1 -1 -1 -1
0.5162910223007202 0.31900009512901306 0.9991889595985413 -1 -1 -1 -1 -1 -1 -1 -1 -1
0.5146763920783997 0.3215806782245636 0.9989060163497925 -1 -1 -1 -1 -1 -1 -1 -1 -1
0.523297131061554 0.3152579963207245 0.9998527765274048 -1 -1 -1 -1 -1 -1 -1 -1 -1
0.5126754641532898 0.33375653624534607 0.9998457431793213 -1 -1 -1 -1 -1 -1 -1 -1 -1
0.5294731259346008 0.32088160514831543 0.5039004683494568 -1 -1 -1 -1 -1 -1 -1 -1 -1
0.5166937708854675 0.35695984959602356 0.317766398191452 -1 -1 -1 -1 -1 -1 -1 -1 -1
0.5246398448944092 0.31658700108528137 0.5927219390869141 -1 -1 -1 -1 -1 -1 -1 -1 -1
0.509515643119812 0.3550945222377777 0.4223112463951111 -1 -1 -1 -1 -1 -1 -1 -1 -1
0.5247601866722107 0.3136002719402313 0.5869501829147339 -1 -1 -1 -1 -1 -1 -1 -1 -1
0.5081981420516968 0.35700201988220215 0.48898887634277344 -1 -1 -1 -1 -1 -1 -1 -1 -1
0.5220850110054016 0.31429150700569153 0.5948488116264343 -1 -1 -1 -1 -1 -1 -1 -1 -1
0.5068474411964417 0.3540690243244171 0.49864956736564636 -1 -1 -1 -1 -1 -1 -1 -1 -1
0.5218064188957214 0.314759224653244 0.5490872263908386 -1 -1 -1 -1 -1 -1 -1 -1 -1
0.5071947574615479 0.35230037569999695 0.5113558769226074 -1 -1 -1 -1 -1 -1 -1 -1 -1
0.5448970198631287 0.3467874228954315 0.9998249411582947 -1 -1 -1 -1 -1 -1 -1 -1 -1
0.535976767539978 0.354880154132843 0.999895453453064 -1 -1 -1 -1 -1 -1 -1 -1 -1
0.5127484798431396 0.3233258128166199 0.4193948209285736 -1 -1 -1 -1 -1 -1 -1 -1 -1
0.4951303005218506 0.3637394309043884 0.5321520566940308 -1 -1 -1 -1 -1 -1 -1 -1 -1
0.4853269159793854 0.2977558672428131 0.6226072311401367 -1 -1 -1 -1 -1 -1 -1 -1 -1
0.47756046056747437 0.37356606125831604 0.4922737181186676 -1 -1 -1 -1 -1 -1 -1 -1 -1
0.4840482473373413 0.29931169748306274 0.62061607837677 -1 -1 -1 -1 -1 -1 -1 -1 -1
0.47753480076789856 0.37861305475234985 0.42874953150749207 -1 -1 -1 -1 -1 -1 -1 -1 -1
0.4661901593208313 0.27309393882751465 0.6788904666900635 -1 -1 -1 -1 -1 -1 -1 -1 -1
0.463052898645401 0.3646065592765808 0.5479412078857422 -1 -1 -1 -1 -1 -1 -1 -1 -1
1 
33 
-1 -1 -1 -1 -1 -1 -1 -1 -1 -1
0.46889162063598633 0.33039218187332153 0.9995802044868469 -1 -1 -1 -1 -1 -1 -1 -1 -1
0.46532103419303894 0.33713364601135254 0.9996916055679321 -1 -1 -1 -1 -1 -1 -1 -1 -1
0.4653046429157257 0.33753702044487 0.9996250867843628 -1 -1 -1 -1 -1 -1 -1 -1 -1
0.4651707708835602 0.3380265235900879 0.999707043170929 -1 -1 -1 -1 -1 -1 -1 -1 -1
0.46562790870666504 0.3395281434059143 0.9997797608375549 -1 -1 -1 -1 -1 -1 -1 -1 -1
0.4657820761203766 0.34158432483673096 0.9997050166130066 -1 -1 -1 -1 -1 -1 -1 -1 -1
0.4657674729824066 0.34375983476638794 0.9997335076332092 -1 -1 -1 -1 -1 -1 -1 -1 -1
0.46726641058921814 0.3495631814002991 0.9993194341659546 -1 -1 -1 -1 -1 -1 -1 -1 -1
0.4680079221725464 0.3567235469818115 0.9996827840805054 -1 -1 -1 -1 -1 -1 -1 -1 -1
0.4746961295604706 0.3301789164543152 0.9990749359130859 -1 -1 -1 -1 -1 -1 -1 -1 -1
0.4747452139854431 0.33288902044296265 0.9993380904197693 -1 -1 -1 -1 -1 -1 -1 -1 -1
0.49046722054481506 0.348562628030777 0.9986180067062378 -1 -1 -1 -1 -1 -1 -1 -1 -1
0.4908386766910553 0.35949456691741943 0.9977774024009705 -1 -1 -1 -1 -1 -1 -1 -1 -1
0.5211594700813293 0.3228343725204468 0.06734497100114822 -1 -1 -1 -1 -1 -1 -1 -1 -1
0.5196554064750671 0.3419741094112396 0.8760589361190796 -1 -1 -1 -1 -1 -1 -1 -1 -1
0.5387487411499023 0.29528284072875977 0.11091262102127075 -1 -1 -1 -1 -1 -1 -1 -1 -1
0.5338901281356812 0.3148392140865326 0.7528777718544006 -1 -1 -1 -1 -1 -1 -1 -1 -1
0.5407615900039673 0.2862612009048462 0.10900403559207916 -1 -1 -1 -1 -1 -1 -1 -1 -1
0.5362704992294312 0.3094939589500427 0.6276975870132446 -1 -1 -1 -1 -1 -1 -1 -1 -1
0.5401117205619812 0.28592032194137573 0.12001221626996994 -1 -1 -1 -1 -1 -1 -1 -1 -1
0.5337911248207092 0.30874907970428467 0.5822235941886902 -1 -1 -1 -1 -1 -1 -1 -1 -1
0.5401589274406433 0.2887501120567322 0.12441737949848175 -1 -1 -1 -1 -1 -1 -1 -1 -1
0.5330590009689331 0.3096745014190674 0.4964732229709625 -1 -1 -1 -1 -1 -1 -1 -1 -1
0.536214292049408 0.41259825229644775 0.9972647428512573 -1 -1 -1 -1 -1 -1 -1 -1 -1
0.5405165553092957 0.4165458381175995 0.993800938129425 -1 -1 -1 -1 -1 -1 -1 -1 -1
0.5189279913902283 0.33540043234825134 0.15634645521640778 -1 -1 -1 -1 -1 -1 -1 -1 -1
0.5115965604782104 0.3334364891052246 0.9634959101676941 -1 -1 -1 -1 -1 -1 -1 -1 -1
0.5111099481582642 0.23389437794685364 0.44161850214004517 -1 -1 -1 -1 -1 -1 -1 -1 -1
0.5063018202781677 0.23853911459445953 0.9298145174980164 -1 -1 -1 -1 -1 -1 -1 -1 -1
0.5174278020858765 0.21941940486431122 0.3998830020427704 -1 -1 -1 -1 -1 -1 -1 -1 -1
0.5138773918151855 0.2253270000219345 0.8307371139526367 -1 -1 -1 -1 -1 -1 -1 -1 -1
0.48688656091690063 0.20016485452651978 0.49574780464172363 -1 -1 -1 -1 -1 -1 -1 -1 -1
0.4805053770542145 0.21043209731578827 0.8828056454658508 -1 -1 -1 -1 -1 -1 -1 -1 -1
1 
33 
-1 -1 -1 -1 -1 -1 -1 -1 -1 -1
0.48776379227638245 0.3006283640861511 0.9999982118606567 -1 -1 -1 -1 -1 -1 -1 -1 -1
0.48207059502601624 0.30483588576316833 0.9999916553497314 -1 -1 -1 -1 -1 -1 -1 -1 -1
0.48059239983558655 0.30454492568969727 0.9999814033508301 -1 -1 -1 -1 -1 -1 -1 -1 -1
0.4791247546672821 0.30420273542404175 0.9999756813049316 -1 -1 -1 -1 -1 -1 -1 -1 -1
0.4862101078033447 0.3078615069389343 0.9999978542327881 -1 -1 -1 -1 -1 -1 -1 -1 -1
0.48759958148002625 0.3097703754901886 0.9999969005584717 -1 -1 -1 -1 -1 -1 -1 -1 -1
0.48896902799606323 0.31165581941604614 0.9999978542327881 -1 -1 -1 -1 -1 -1 -1 -1 -1
0.4776005744934082 0.31329938769340515 0.9999605417251587 -1 -1 -1 -1 -1 -1 -1 -1 -1
0.4926666021347046 0.3237587511539459 0.9999994039535522 -1 -1 -1 -1 -1 -1 -1 -1 -1
0.4887113571166992 0.30161333084106445 0.9999915361404419 -1 -1 -1 -1 -1 -1 -1 -1 -1
0.49185800552368164 0.30984559655189514 0.9999986886978149 -1 -1 -1 -1 -1 -1 -1 -1 -1
0.4806157946586609 0.3286606967449188 0.9991590976715088 -1 -1 -1 -1 -1 -1 -1 -1 -1
0.5199260711669922 0.3326352834701538 0.9999657869338989 -1 -1 -1 -1 -1 -1 -1 -1 -1
0.47330161929130554 0.35964488983154297 0.726361095905304 -1 -1 -1 -1 -1 -1 -1 -1 -1
0.5520646572113037 0.30623921751976013 0.9903535842895508 -1 -1 -1 -1 -1 -1 -1 -1 -1
0.47872722148895264 0.3959406316280365 0.749762773513794 -1 -1 -1 -1 -1 -1 -1 -1 -1
0.575487494468689 0.24240000545978546 0.9803103804588318 -1 -1 -1 -1 -1 -1 -1 -1 -1
0.4789287745952606 0.4054315388202667 0.6232545971870422 -1 -1 -1 -1 -1 -1 -1 -1 -1
0.5809980630874634 0.2288469523191452 0.9449377059936523 -1 -1 -1 -1 -1 -1 -1 -1 -1
0.48272278904914856 0.4057559370994568 0.5917099118232727 -1 -1 -1 -1 -1 -1 -1 -1 -1
0.5773654580116272 0.2229263037443161 0.9412941336631775 -1 -1 -1 -1 -1 -1 -1 -1 -1
0.48266780376434326 0.40116459131240845 0.5476716756820679 -1 -1 -1 -1 -1 -1 -1 -1 -1
0.5739142894744873 0.22499193251132965 0.9300544857978821 -1 -1 -1 -1 -1 -1 -1 -1 -1
0.4939364790916443 0.2675212323665619 0.9999560117721558 -1 -1 -1 -1 -1 -1 -1 -1 -1
0.5189919471740723 0.27340784668922424 0.9999237060546875 -1 -1 -1 -1 -1 -1 -1 -1 -1
0.4731868803501129 0.2260441780090332 0.7976266145706177 -1 -1 -1 -1 -1 -1 -1 -1 -1
0.5462837219238281 0.24893875420093536 0.8192126154899597 -1 -1 -1 -1 -1 -1 -1 -1 -1
0.4885581433773041 0.1686934530735016 0.7568324208259583 -1 -1 -1 -1 -1 -1 -1 -1 -1
0.5443159341812134 0.2061784416437149 0.4946204721927643 -1 -1 -1 -1 -1 -1 -1 -1 -1
0.4953641891479492 0.16178995370864868 0.7529126405715942 -1 -1 -1 -1 -1 -1 -1 -1 -1
0.5417781472206116 0.20099523663520813 0.5592231750488281 -1 -1 -1 -1 -1 -1 -1 -1 -1
0.48198696970939636 0.1427192986011505 0.5551679134368896 -1 -1 -1 -1 -1 -1 -1 -1 -1
0.5549450516700745 0.18919894099235535 0.2747599184513092 -1 -1 -1 -1 -1 -1 -1 -1 -1
1 
33 
-1 -1 -1 -1 -1 -1 -1 -1 -1 -1
0.5065946578979492 0.32862457633018494 1.0 -1 -1 -1 -1 -1 -1 -1 -1 -1
0.5060661435127258 0.32551416754722595 1.0 -1 -1 -1 -1 -1 -1 -1 -1 -1
0.5062764883041382 0.3248508870601654 1.0 -1 -1 -1 -1 -1 -1 -1 -1 -1
0.50662761926651 0.3241651952266693 1.0 -1 -1 -1 -1 -1 -1 -1 -1 -1
0.5053657293319702 0.32716798782348633 1.0 -1 -1 -1 -1 -1 -1 -1 -1 -1
0.5049548149108887 0.32770469784736633 1.0 -1 -1 -1 -1 -1 -1 -1 -1 -1
0.5046883821487427 0.3281261920928955 1.0 -1 -1 -1 -1 -1 -1 -1 -1 -1
0.5062447786331177 0.3246845602989197 1.0 -1 -1 -1 -1 -1 -1 -1 -1 -1
0.5041185021400452 0.3303499221801758 1.0 -1 -1 -1 -1 -1 -1 -1 -1 -1
0.5076954960823059 0.3302861452102661 1.0 -1 -1 -1 -1 -1 -1 -1 -1 -1
0.5063540935516357 0.3320469260215759 1.0 -1 -1 -1 -1 -1 -1 -1 -1 -1
0.5120120048522949 0.34320753812789917 1.0 -1 -1 -1 -1 -1 -1 -1 -1 -1
0.5052269697189331 0.343847393989563 1.0 -1 -1 -1 -1 -1 -1 -1 -1 -1
0.5112330317497253 0.3606979548931122 0.5857280492782593 -1 -1 -1 -1 -1 -1 -1 -1 -1
0.5065748691558838 0.3441779911518097 0.9999691247940063 -1 -1 -1 -1 -1 -1 -1 -1 -1
0.512650191783905 0.35991454124450684 0.6623798608779907 -1 -1 -1 -1 -1 -1 -1 -1 -1
0.502564549446106 0.3513379693031311 0.9999785423278809 -1 -1 -1 -1 -1 -1 -1 -1 -1
0.5111569166183472 0.3577669560909271 0.6558615565299988 -1 -1 -1 -1 -1 -1 -1 -1 -1
0.5013501644134521 0.3535309135913849 0.9998076558113098 -1 -1 -1 -1 -1 -1 -1 -1 -1
0.5141733884811401 0.3582214117050171 0.7186272740364075 -1 -1 -1 -1 -1 -1 -1 -1 -1
0.49987462162971497 0.3517872095108032 0.9998214840888977 -1 -1 -1 -1 -1 -1 -1 -1 -1
0.5140467882156372 0.35949304699897766 0.5554271936416626 -1 -1 -1 -1 -1 -1 -1 -1 -1
0.5009194612503052 0.35011470317840576 0.9993720650672913 -1 -1 -1 -1 -1 -1 -1 -1 -1
0.5149444341659546 0.3702898621559143 0.9967617392539978 -1 -1 -1 -1 -1 -1 -1 -1 -1
0.5064035654067993 0.37079936265945435 0.9989629983901978 -1 -1 -1 -1 -1 -1 -1 -1 -1
0.5183477401733398 0.3934503197669983 0.7544960379600525 -1 -1 -1 -1 -1 -1 -1 -1 -1
0.5111841559410095 0.3859507441520691 0.9652543067932129 -1 -1 -1 -1 -1 -1 -1 -1 -1
0.5246278047561646 0.40648138523101807 0.9894219040870667 -1 -1 -1 -1 -1 -1 -1 -1 -1
0.5139769315719604 0.41036391258239746 0.06113772094249725 -1 -1 -1 -1 -1 -1 -1 -1 -1
0.5250870585441589 0.4096013307571411 0.992577850818634 -1 -1 -1 -1 -1 -1 -1 -1 -1
0.5138407349586487 0.4168148934841156 0.5467556118965149 -1 -1 -1 -1 -1 -1 -1 -1 -1
0.5229488015174866 0.405370831489563 0.9992074370384216 -1 -1 -1 -1 -1 -1 -1 -1 -1
0.5173759460449219 0.41155365109443665 0.8963996171951294 -1 -1 -1 -1 -1 -1 -1 -1 -1
1 
33 
-1 -1 -1 -1 -1 -1 -1 -1 -1 -1
0.5439119338989258 0.3248506188392639 0.9961462020874023 -1 -1 -1 -1 -1 -1 -1 -1 -1
0.5429695248603821 0.3140506148338318 0.9978190660476685 -1 -1 -1 -1 -1 -1 -1 -1 -1
0.5424066185951233 0.31339943408966064 0.997857391834259 -1 -1 -1 -1 -1 -1 -1 -1 -1
0.5417482852935791 0.3126947283744812 0.9983030557632446 -1 -1 -1 -1 -1 -1 -1 -1 -1
0.5424666404724121 0.3143247961997986 0.9965394735336304 -1 -1 -1 -1 -1 -1 -1 -1 -1
0.5416072607040405 0.31385695934295654 0.9946954846382141 -1 -1 -1 -1 -1 -1 -1 -1 -1
0.5407016277313232 0.31335923075675964 0.9961589574813843 -1 -1 -1 -1 -1 -1 -1 -1 -1
0.5343140959739685 0.3129017949104309 0.9975194334983826 -1 -1 -1 -1 -1 -1 -1 -1 -1
0.5339308977127075 0.31383568048477173 0.9974794983863831 -1 -1 -1 -1 -1 -1 -1 -1 -1
0.5400068163871765 0.33365607261657715 0.9977003931999207 -1 -1 -1 -1 -1 -1 -1 -1 -1
0.5395743250846863 0.33368119597435 0.998150646686554 -1 -1 -1 -1 -1 -1 -1 -1 -1
0.5119941830635071 0.36312204599380493 0.9977880716323853 -1 -1 -1 -1 -1 -1 -1 -1 -1
0.5138835906982422 0.3522041440010071 0.9995583891868591 -1 -1 -1 -1 -1 -1 -1 -1 -1
0.4999552369117737 0.4356354773044586 0.034540724009275436 -1 -1 -1 -1 -1 -1 -1 -1 -1
0.5154116153717041 0.4308691620826721 0.41717585921287537 -1 -1 -1 -1 -1 -1 -1 -1 -1
0.512351930141449 0.462854266166687 0.040145158767700195 -1 -1 -1 -1 -1 -1 -1 -1 -1
0.538886308670044 0.44925427436828613 0.26107844710350037 -1 -1 -1 -1 -1 -1 -1 -1 -1
0.5141042470932007 0.47040221095085144 0.046559665352106094 -1 -1 -1 -1 -1 -1 -1 -1 -1
0.5445519089698792 0.4553612470626831 0.27351126074790955 -1 -1 -1 -1 -1 -1 -1 -1 -1
0.5165068507194519 0.46400660276412964 0.04648323729634285 -1 -1 -1 -1 -1 -1 -1 -1 -1
0.5467544794082642 0.4454543888568878 0.2623392343521118 -1 -1 -1 -1 -1 -1 -1 -1 -1
0.5159502029418945 0.4610549509525299 0.049399200826883316 -1 -1 -1 -1 -1 -1 -1 -1 -1
0.5438666343688965 0.4436511993408203 0.21097449958324432 -1 -1 -1 -1 -1 -1 -1 -1 -1
0.503128707408905 0.4781789481639862 0.9971900582313538 -1 -1 -1 -1 -1 -1 -1 -1 -1
0.5021202564239502 0.47524064779281616 0.9972852468490601 -1 -1 -1 -1 -1 -1 -1 -1 -1
0.5331443548202515 0.45258069038391113 0.1343451589345932 -1 -1 -1 -1 -1 -1 -1 -1 -1
0.5431177616119385 0.44337448477745056 0.6516727805137634 -1 -1 -1 -1 -1 -1 -1 -1 -1
0.5477460622787476 0.4915911555290222 0.22465594112873077 -1 -1 -1 -1 -1 -1 -1 -1 -1
0.5841028094291687 0.4746951460838318 0.5782901644706726 -1 -1 -1 -1 -1 -1 -1 -1 -1
0.546444833278656 0.5031829476356506 0.3281356394290924 -1 -1 -1 -1 -1 -1 -1 -1 -1
0.5882370471954346 0.48937782645225525 0.5852531790733337 -1 -1 -1 -1 -1 -1 -1 -1 -1
0.5630007386207581 0.4829252362251282 0.274691104888916 -1 -1 -1 -1 -1 -1 -1 -1 -1
0.6054280996322632 0.45162469148635864 0.582273006439209 -1 -1 -1 -1 -1 -1 -1 -1 -1
1 
