26
1 
33 
-1 -1 -1 -1 -1 -1 -1 -1 -1 -1
0.4943722188472748 0.3363272547721863 0.9995383024215698 -1 -1 -1 -1 -1 -1 -1 -1 -1
0.4934591054916382 0.3277110755443573 0.9996181726455688 -1 -1 -1 -1 -1 -1 -1 -1 -1
0.4929039478302002 0.32703685760498047 0.9993025064468384 -1 -1 -1 -1 -1 -1 -1 -1 -1
0.49214017391204834 0.32620930671691895 0.9992741942405701 -1 -1 -1 -1 -1 -1 -1 -1 -1
0.4931335151195526 0.32872074842453003 0.9997867941856384 -1 -1 -1 -1 -1 -1 -1 -1 -1
0.4923890233039856 0.32898250222206116 0.9997498393058777 -1 -1 -1 -1 -1 -1 -1 -1 -1
0.490781307220459 0.3294829726219177 0.9997465014457703 -1 -1 -1 -1 -1 -1 -1 -1 -1
0.48208436369895935 0.32462167739868164 0.9994439482688904 -1 -1 -1 -1 -1 -1 -1 -1 -1
0.4818486273288727 0.32864826917648315 0.9997739195823669 -1 -1 -1 -1 -1 -1 -1 -1 -1
0.4880291819572449 0.34362637996673584 0.9981465339660645 -1 -1 -1 -1 -1 -1 -1 -1 -1
0.4877359867095947 0.3437625467777252 0.9987815022468567 -1 -1 -1 -1 -1 -1 -1 -1 -1
0.45307478308677673 0.33464303612709045 0.9978392720222473 -1 -1 -1 -1 -1 -1 -1 -1 -1
0.4431300759315491 0.36037641763687134 0.9989762306213379 -1 -1 -1 -1 -1 -1 -1 -1 -1
0.4306511878967285 0.3097064197063446 0.5277411937713623 -1 -1 -1 -1 -1 -1 -1 -1 -1
0.426037073135376 0.3488893210887909 0.9542970657348633 -1 -1 -1 -1 -1 -1 -1 -1 -1
0.40774446725845337 0.2887834906578064 0.7878270745277405 -1 -1 -1 -1 -1 -1 -1 -1 -1
0.4005449712276459 0.3233621418476105 0.9728896617889404 -1 -1 -1 -1 -1 -1 -1 -1 -1
0.40151163935661316 0.2869125306606293 0.7705761790275574 -1 -1 -1 -1 -1 -1 -1 -1 -1
0.39391952753067017 0.31744498014450073 0.9620023965835571 -1 -1 -1 -1 -1 -1 -1 -1 -1
0.40039217472076416 0.29080742597579956 0.7650675177574158 -1 -1 -1 -1 -1 -1 -1 -1 -1
0.39409518241882324 0.3122323751449585 0.9634997844696045 -1 -1 -1 -1 -1 -1 -1 -1 -1
0.4037964940071106 0.28750598430633545 0.7593294382095337 -1 -1 -1 -1 -1 -1 -1 -1 -1
0.39759325981140137 0.31440579891204834 0.9397387504577637 -1 -1 -1 -1 -1 -1 -1 -1 -1
0.45926329493522644 0.47599026560783386 0.9999628067016602 -1 -1 -1 -1 -1 -1 -1 -1 -1
0.441256582736969 0.48200520873069763 0.9999500513076782 -1 -1 -1 -1 -1 -1 -1 -1 -1
0.4948688745498657 0.522358238697052 0.9976771473884583 -1 -1 -1 -1 -1 -1 -1 -1 -1
0.41370588541030884 0.5630697011947632 0.9990934133529663 -1 -1 -1 -1 -1 -1 -1 -1 -1
0.4804351031780243 0.5986818671226501 0.9885440468788147 -1 -1 -1 -1 -1 -1 -1 -1 -1
0.3719860017299652 0.6126928925514221 0.9968256950378418 -1 -1 -1 -1 -1 -1 -1 -1 -1
0.47165146470069885 0.6071105599403381 0.9703946113586426 -1 -1 -1 -1 -1 -1 -1 -1 -1
0.3667329251766205 0.612266480922699 0.9802852869033813 -1 -1 -1 -1 -1 -1 -1 -1 -1
0.4899364709854126 0.632718026638031 0.9733647108078003 -1 -1 -1 -1 -1 -1 -1 -1 -1
0.36092978715896606 0.640131950378418 0.9899812340736389 -1 -1 -1 -1 -1 -1 -1 -1 -1
1 
33 
-1 -1 -1 -1 -1 -1 -1 -1 -1 -1
0.49585506319999695 0.35512763261795044 0.9989414811134338 -1 -1 -1 -1 -1 -1 -1 -1 -1
0.4959305226802826 0.345882773399353 0.9991451501846313 -1 -1 -1 -1 -1 -1 -1 -1 -1
0.49559634923934937 0.3454408645629883 0.9988985061645508 -1 -1 -1 -1 -1 -1 -1 -1 -1
0.49510011076927185 0.3447610139846802 0.9986124038696289 -1 -1 -1 -1 -1 -1 -1 -1 -1
0.4948948919773102 0.3448123335838318 0.9991269707679749 -1 -1 -1 -1 -1 -1 -1 -1 -1
0.4938671886920929 0.34388571977615356 0.9990783929824829 -1 -1 -1 -1 -1 -1 -1 -1 -1
0.4926970303058624 0.3429042398929596 0.9988471269607544 -1 -1 -1 -1 -1 -1 -1 -1 -1
0.4857892096042633 0.338066965341568 0.9988577365875244 -1 -1 -1 -1 -1 -1 -1 -1 -1
0.4844021499156952 0.3388928472995758 0.999238133430481 -1 -1 -1 -1 -1 -1 -1 -1 -1
0.4911208748817444 0.360975980758667 0.9948543906211853 -1 -1 -1 -1 -1 -1 -1 -1 -1
0.4900623559951782 0.3600737452507019 0.9947053790092468 -1 -1 -1 -1 -1 -1 -1 -1 -1
0.45762503147125244 0.35499581694602966 0.9958124756813049 -1 -1 -1 -1 -1 -1 -1 -1 -1
0.4622241258621216 0.35739070177078247 0.999047577381134 -1 -1 -1 -1 -1 -1 -1 -1 -1
0.4324064552783966 0.338077187538147 0.5945855379104614 -1 -1 -1 -1 -1 -1 -1 -1 -1
0.43706613779067993 0.3395901322364807 0.9793604612350464 -1 -1 -1 -1 -1 -1 -1 -1 -1
0.40221166610717773 0.3225715160369873 0.8359730839729309 -1 -1 -1 -1 -1 -1 -1 -1 -1
0.4090280532836914 0.2943933606147766 0.9917710423469543 -1 -1 -1 -1 -1 -1 -1 -1 -1
0.39543116092681885 0.3172600567340851 0.7853593230247498 -1 -1 -1 -1 -1 -1 -1 -1 -1
0.40088188648223877 0.2864001989364624 0.9866135716438293 -1 -1 -1 -1 -1 -1 -1 -1 -1
0.39613786339759827 0.3152644634246826 0.7885451316833496 -1 -1 -1 -1 -1 -1 -1 -1 -1
0.40220871567726135 0.2849252223968506 0.9866064190864563 -1 -1 -1 -1 -1 -1 -1 -1 -1
0.39797839522361755 0.31638410687446594 0.7725815773010254 -1 -1 -1 -1 -1 -1 -1 -1 -1
0.4050831198692322 0.2878074049949646 0.975723385810852 -1 -1 -1 -1 -1 -1 -1 -1 -1
0.45491087436676025 0.48926565051078796 0.9998679161071777 -1 -1 -1 -1 -1 -1 -1 -1 -1
0.4438692629337311 0.4927678108215332 0.9998502731323242 -1 -1 -1 -1 -1 -1 -1 -1 -1
0.501635730266571 0.5223402380943298 0.9819129705429077 -1 -1 -1 -1 -1 -1 -1 -1 -1
0.417263001203537 0.5776186585426331 0.9990192651748657 -1 -1 -1 -1 -1 -1 -1 -1 -1
0.4953300952911377 0.6221917867660522 0.9783516526222229 -1 -1 -1 -1 -1 -1 -1 -1 -1
0.3692922294139862 0.6153351068496704 0.9956621527671814 -1 -1 -1 -1 -1 -1 -1 -1 -1
0.4889598786830902 0.6330167055130005 0.937482476234436 -1 -1 -1 -1 -1 -1 -1 -1 -1
0.3639276325702667 0.6094546914100647 0.9699090123176575 -1 -1 -1 -1 -1 -1 -1 -1 -1
0.5200822949409485 0.6322112679481506 0.9482951164245605 -1 -1 -1 -1 -1 -1 -1 -1 -1
0.3592565953731537 0.6368158459663391 0.9830762147903442 -1 -1 -1 -1 -1 -1 -1 -1 -1
1 
33 
-1 -1 -1 -1 -1 -1 -1 -1 -1 -1
0.3970031440258026 0.36834612488746643 0.8345064520835876 -1 -1 -1 -1 -1 -1 -1 -1 -1
0.39376118779182434 0.36853915452957153 0.8632264137268066 -1 -1 -1 -1 -1 -1 -1 -1 -1
0.3937605619430542 0.3688781261444092 0.8258844017982483 -1 -1 -1 -1 -1 -1 -1 -1 -1
0.3937823474407196 0.3691847622394562 0.8751168847084045 -1 -1 -1 -1 -1 -1 -1 -1 -1
0.393684446811676 0.36941367387771606 0.9304118156433105 -1 -1 -1 -1 -1 -1 -1 -1 -1
0.3935157060623169 0.3706698417663574 0.9205170273780823 -1 -1 -1 -1 -1 -1 -1 -1 -1
0.39335861802101135 0.3718671202659607 0.9160012006759644 -1 -1 -1 -1 -1 -1 -1 -1 -1
0.39407333731651306 0.37751132249832153 0.8640723824501038 -1 -1 -1 -1 -1 -1 -1 -1 -1
0.3939967751502991 0.38096344470977783 0.9328548908233643 -1 -1 -1 -1 -1 -1 -1 -1 -1
0.4002930223941803 0.3742472529411316 0.8442748188972473 -1 -1 -1 -1 -1 -1 -1 -1 -1
0.40004581212997437 0.37538081407546997 0.8760021328926086 -1 -1 -1 -1 -1 -1 -1 -1 -1
0.4091764986515045 0.3924545645713806 0.9995242357254028 -1 -1 -1 -1 -1 -1 -1 -1 -1
0.4100440740585327 0.39232417941093445 0.9971492886543274 -1 -1 -1 -1 -1 -1 -1 -1 -1
0.4398280084133148 0.3916405439376831 0.10311565548181534 -1 -1 -1 -1 -1 -1 -1 -1 -1
0.43950414657592773 0.38704243302345276 0.17920838296413422 -1 -1 -1 -1 -1 -1 -1 -1 -1
0.4629611372947693 0.3774052858352661 0.17978031933307648 -1 -1 -1 -1 -1 -1 -1 -1 -1
0.46043506264686584 0.3640880584716797 0.23101244866847992 -1 -1 -1 -1 -1 -1 -1 -1 -1
0.46706312894821167 0.3724782466888428 0.2055833488702774 -1 -1 -1 -1 -1 -1 -1 -1 -1
0.46680372953414917 0.3584330081939697 0.2489730715751648 -1 -1 -1 -1 -1 -1 -1 -1 -1
0.465429425239563 0.3684787154197693 0.2088187038898468 -1 -1 -1 -1 -1 -1 -1 -1 -1
0.46376389265060425 0.35743165016174316 0.23149417340755463 -1 -1 -1 -1 -1 -1 -1 -1 -1
0.46419328451156616 0.3709040582180023 0.2097775936126709 -1 -1 -1 -1 -1 -1 -1 -1 -1
0.4608599841594696 0.3592335879802704 0.20279310643672943 -1 -1 -1 -1 -1 -1 -1 -1 -1
0.45993971824645996 0.4383249878883362 0.999975323677063 -1 -1 -1 -1 -1 -1 -1 -1 -1
0.45633625984191895 0.4287470877170563 0.9996674060821533 -1 -1 -1 -1 -1 -1 -1 -1 -1
0.5016750693321228 0.5306455492973328 0.9524324536323547 -1 -1 -1 -1 -1 -1 -1 -1 -1
0.4621354639530182 0.43293559551239014 0.27241116762161255 -1 -1 -1 -1 -1 -1 -1 -1 -1
0.5182589292526245 0.6260667443275452 0.9653475880622864 -1 -1 -1 -1 -1 -1 -1 -1 -1
0.45596805214881897 0.4823731780052185 0.5473195910453796 -1 -1 -1 -1 -1 -1 -1 -1 -1
0.5181006789207458 0.6406844854354858 0.9581853747367859 -1 -1 -1 -1 -1 -1 -1 -1 -1
0.45557957887649536 0.48741385340690613 0.5758004188537598 -1 -1 -1 -1 -1 -1 -1 -1 -1
0.5095276236534119 0.6618669033050537 0.914516270160675 -1 -1 -1 -1 -1 -1 -1 -1 -1
0.4502032995223999 0.5049629807472229 0.5349652767181396 -1 -1 -1 -1 -1 -1 -1 -1 -1
1 
33 
-1 -1 -1 -1 -1 -1 -1 -1 -1 -1
0.4956170916557312 0.3710213303565979 0.9997833371162415 -1 -1 -1 -1 -1 -1 -1 -1 -1
0.4960026443004608 0.36343926191329956 0.9998358488082886 -1 -1 -1 -1 -1 -1 -1 -1 -1
0.49569183588027954 0.36340031027793884 0.9997426867485046 -1 -1 -1 -1 -1 -1 -1 -1 -1
0.4951764643192291 0.36342552304267883 0.9997730851173401 -1 -1 -1 -1 -1 -1 -1 -1 -1
0.4951607286930084 0.362897127866745 0.9998399019241333 -1 -1 -1 -1 -1 -1 -1 -1 -1
0.4942244291305542 0.36222130060195923 0.9998090863227844 -1 -1 -1 -1 -1 -1 -1 -1 -1
0.49313655495643616 0.3617401719093323 0.9998441934585571 -1 -1 -1 -1 -1 -1 -1 -1 -1
0.48534172773361206 0.3640601933002472 0.9996813535690308 -1 -1 -1 -1 -1 -1 -1 -1 -1
0.4852134585380554 0.3620549142360687 0.9999383687973022 -1 -1 -1 -1 -1 -1 -1 -1 -1
0.4895345866680145 0.380855917930603 0.9995759129524231 -1 -1 -1 -1 -1 -1 -1 -1 -1
0.48901572823524475 0.37897494435310364 0.9997367262840271 -1 -1 -1 -1 -1 -1 -1 -1 -1
0.4683878421783447 0.39623987674713135 0.996917724609375 -1 -1 -1 -1 -1 -1 -1 -1 -1
0.45624685287475586 0.39801499247550964 0.9993637204170227 -1 -1 -1 -1 -1 -1 -1 -1 -1
0.4455747604370117 0.414542555809021 0.13322751224040985 -1 -1 -1 -1 -1 -1 -1 -1 -1
0.42063620686531067 0.41461804509162903 0.9847249388694763 -1 -1 -1 -1 -1 -1 -1 -1 -1
0.42305684089660645 0.4198088049888611 0.34090614318847656 -1 -1 -1 -1 -1 -1 -1 -1 -1
0.39532700181007385 0.41375643014907837 0.9704836010932922 -1 -1 -1 -1 -1 -1 -1 -1 -1
0.4166506230831146 0.42185524106025696 0.36464568972587585 -1 -1 -1 -1 -1 -1 -1 -1 -1
0.38841351866722107 0.407439649105072 0.9425632953643799 -1 -1 -1 -1 -1 -1 -1 -1 -1
0.4172322154045105 0.4161350131034851 0.36770960688591003 -1 -1 -1 -1 -1 -1 -1 -1 -1
0.3877516984939575 0.40760958194732666 0.9453884959220886 -1 -1 -1 -1 -1 -1 -1 -1 -1
0.41968652606010437 0.4148063659667969 0.3502461314201355 -1 -1 -1 -1 -1 -1 -1 -1 -1
0.3804282248020172 0.4084353446960449 0.9134988784790039 -1 -1 -1 -1 -1 -1 -1 -1 -1
0.4762669503688812 0.5117428302764893 0.9999198913574219 -1 -1 -1 -1 -1 -1 -1 -1 -1
0.4573337435722351 0.5127568244934082 0.9995121955871582 -1 -1 -1 -1 -1 -1 -1 -1 -1
0.5077100992202759 0.5491318106651306 0.97334223985672 -1 -1 -1 -1 -1 -1 -1 -1 -1
0.4347907304763794 0.5947486162185669 0.9966186285018921 -1 -1 -1 -1 -1 -1 -1 -1 -1
0.5284444689750671 0.6337106823921204 0.9948493838310242 -1 -1 -1 -1 -1 -1 -1 -1 -1
0.37563854455947876 0.6154090762138367 0.9947324991226196 -1 -1 -1 -1 -1 -1 -1 -1 -1
0.527927815914154 0.6478205919265747 0.9888019561767578 -1 -1 -1 -1 -1 -1 -1 -1 -1
0.38406047224998474 0.6287751793861389 0.9721404910087585 -1 -1 -1 -1 -1 -1 -1 -1 -1
0.5491740703582764 0.6402555108070374 0.9890407919883728 -1 -1 -1 -1 -1 -1 -1 -1 -1
0.3755991756916046 0.6429407596588135 0.9861525297164917 -1 -1 -1 -1 -1 -1 -1 -1 -1
1 
33 
-1 -1 -1 -1 -1 -1 -1 -1 -1 -1
0.4955154061317444 0.3723980784416199 0.9999284744262695 -1 -1 -1 -1 -1 -1 -1 -1 -1
0.49633702635765076 0.363528847694397 0.9999501705169678 -1 -1 -1 -1 -1 -1 -1 -1 -1
0.4960077404975891 0.3634386658668518 0.9999222755432129 -1 -1 -1 -1 -1 -1 -1 -1 -1
0.4950222671031952 0.3638104796409607 0.9999270439147949 -1 -1 -1 -1 -1 -1 -1 -1 -1
0.49562302231788635 0.3632031977176666 0.9999436140060425 -1 -1 -1 -1 -1 -1 -1 -1 -1
0.4947507977485657 0.3628903031349182 0.9999330043792725 -1 -1 -1 -1 -1 -1 -1 -1 -1
0.4931865334510803 0.36285892128944397 0.9999409914016724 -1 -1 -1 -1 -1 -1 -1 -1 -1
0.4866352677345276 0.36377766728401184 0.9999151229858398 -1 -1 -1 -1 -1 -1 -1 -1 -1
0.48565346002578735 0.3629741668701172 0.9999778270721436 -1 -1 -1 -1 -1 -1 -1 -1 -1
0.49111783504486084 0.3802329897880554 0.9998775720596313 -1 -1 -1 -1 -1 -1 -1 -1 -1
0.4902310073375702 0.37994736433029175 0.9998990297317505 -1 -1 -1 -1 -1 -1 -1 -1 -1
0.4673340618610382 0.395866721868515 0.9984481334686279 -1 -1 -1 -1 -1 -1 -1 -1 -1
0.4566422700881958 0.39706945419311523 0.9992796778678894 -1 -1 -1 -1 -1 -1 -1 -1 -1
0.4358222782611847 0.4104536175727844 0.6468820571899414 -1 -1 -1 -1 -1 -1 -1 -1 -1
0.41925549507141113 0.4103635549545288 0.9665239453315735 -1 -1 -1 -1 -1 -1 -1 -1 -1
0.40437352657318115 0.42482230067253113 0.8096349835395813 -1 -1 -1 -1 -1 -1 -1 -1 -1
0.3825429379940033 0.41121944785118103 0.9526662230491638 -1 -1 -1 -1 -1 -1 -1 -1 -1
0.3958547115325928 0.4270581603050232 0.7772340178489685 -1 -1 -1 -1 -1 -1 -1 -1 -1
0.37299659848213196 0.4090588390827179 0.9216898679733276 -1 -1 -1 -1 -1 -1 -1 -1 -1
0.3956395387649536 0.4225490093231201 0.7729037404060364 -1 -1 -1 -1 -1 -1 -1 -1 -1
0.37177255749702454 0.4070843458175659 0.9240264892578125 -1 -1 -1 -1 -1 -1 -1 -1 -1
0.39871853590011597 0.42157360911369324 0.7254248261451721 -1 -1 -1 -1 -1 -1 -1 -1 -1
0.3750956058502197 0.4106118679046631 0.8822489380836487 -1 -1 -1 -1 -1 -1 -1 -1 -1
0.47663119435310364 0.5142760872840881 0.9999717473983765 -1 -1 -1 -1 -1 -1 -1 -1 -1
0.4574820399284363 0.5129896402359009 0.9996732473373413 -1 -1 -1 -1 -1 -1 -1 -1 -1
0.5084120631217957 0.5495355129241943 0.9829494953155518 -1 -1 -1 -1 -1 -1 -1 -1 -1
0.42522263526916504 0.6092577576637268 0.9969750642776489 -1 -1 -1 -1 -1 -1 -1 -1 -1
0.5299707055091858 0.6368353366851807 0.9957905411720276 -1 -1 -1 -1 -1 -1 -1 -1 -1
0.3695414066314697 0.613336443901062 0.9946529865264893 -1 -1 -1 -1 -1 -1 -1 -1 -1
0.5292580723762512 0.6520174145698547 0.9926693439483643 -1 -1 -1 -1 -1 -1 -1 -1 -1
0.38069939613342285 0.6229326128959656 0.97434401512146 -1 -1 -1 -1 -1 -1 -1 -1 -1
0.5532757043838501 0.641512393951416 0.9906542897224426 -1 -1 -1 -1 -1 -1 -1 -1 -1
0.3681086003780365 0.6360054612159729 0.9867678284645081 -1 -1 -1 -1 -1 -1 -1 -1 -1
1 
33 
-1 -1 -1 -1 -1 -1 -1 -1 -1 -1
0.4902169704437256 0.40553349256515503 0.9996339082717896 -1 -1 -1 -1 -1 -1 -1 -1 -1
0.49118149280548096 0.39421945810317993 0.9994639754295349 -1 -1 -1 -1 -1 -1 -1 -1 -1
0.49079033732414246 0.39339184761047363 0.999356210231781 -1 -1 -1 -1 -1 -1 -1 -1 -1
0.4903451204299927 0.3923737108707428 0.9992897510528564 -1 -1 -1 -1 -1 -1 -1 -1 -1
0.49059006571769714 0.3945043087005615 0.9996395111083984 -1 -1 -1 -1 -1 -1 -1 -1 -1
0.4899179935455322 0.39396509528160095 0.9996212720870972 -1 -1 -1 -1 -1 -1 -1 -1 -1
0.48926979303359985 0.3932371437549591 0.9995197057723999 -1 -1 -1 -1 -1 -1 -1 -1 -1
0.4827052056789398 0.38816148042678833 0.9987252354621887 -1 -1 -1 -1 -1 -1 -1 -1 -1
0.4823269546031952 0.3902330696582794 0.9996590614318848 -1 -1 -1 -1 -1 -1 -1 -1 -1
0.48502102494239807 0.41003990173339844 0.9982712268829346 -1 -1 -1 -1 -1 -1 -1 -1 -1
0.4848629832267761 0.40993010997772217 0.998544454574585 -1 -1 -1 -1 -1 -1 -1 -1 -1
0.4517452120780945 0.40775495767593384 0.9994352459907532 -1 -1 -1 -1 -1 -1 -1 -1 -1
0.4700104296207428 0.4206901788711548 0.9999257326126099 -1 -1 -1 -1 -1 -1 -1 -1 -1
0.4090356230735779 0.4081031382083893 0.9934385418891907 -1 -1 -1 -1 -1 -1 -1 -1 -1
0.4700329005718231 0.46546658873558044 0.847866952419281 -1 -1 -1 -1 -1 -1 -1 -1 -1
0.36275410652160645 0.41316115856170654 0.9753804206848145 -1 -1 -1 -1 -1 -1 -1 -1 -1
0.4800412654876709 0.49359115958213806 0.6870667338371277 -1 -1 -1 -1 -1 -1 -1 -1 -1
0.354350209236145 0.4142909646034241 0.9416062235832214 -1 -1 -1 -1 -1 -1 -1 -1 -1
0.4807071089744568 0.5045573711395264 0.6670992374420166 -1 -1 -1 -1 -1 -1 -1 -1 -1
0.35387587547302246 0.4105961322784424 0.9399202466011047 -1 -1 -1 -1 -1 -1 -1 -1 -1
0.48374301195144653 0.4992574155330658 0.6628673672676086 -1 -1 -1 -1 -1 -1 -1 -1 -1
0.35731661319732666 0.41147035360336304 0.9063988327980042 -1 -1 -1 -1 -1 -1 -1 -1 -1
0.48305559158325195 0.49370238184928894 0.5580875277519226 -1 -1 -1 -1 -1 -1 -1 -1 -1
0.45794346928596497 0.5357223749160767 0.9999334812164307 -1 -1 -1 -1 -1 -1 -1 -1 -1
0.4497464895248413 0.5419348478317261 0.9999347925186157 -1 -1 -1 -1 -1 -1 -1 -1 -1
0.5083953142166138 0.5631521344184875 0.9787589311599731 -1 -1 -1 -1 -1 -1 -1 -1 -1
0.42973068356513977 0.6374503374099731 0.9995604157447815 -1 -1 -1 -1 -1 -1 -1 -1 -1
0.528927206993103 0.658100962638855 0.9942067861557007 -1 -1 -1 -1 -1 -1 -1 -1 -1
0.37697872519493103 0.6113080978393555 0.9950972199440002 -1 -1 -1 -1 -1 -1 -1 -1 -1
0.525020956993103 0.6762434244155884 0.9809736609458923 -1 -1 -1 -1 -1 -1 -1 -1 -1
0.3703843951225281 0.6083623170852661 0.9716843962669373 -1 -1 -1 -1 -1 -1 -1 -1 -1
0.552365779876709 0.674574613571167 0.9871042966842651 -1 -1 -1 -1 -1 -1 -1 -1 -1
0.3696965277194977 0.6351635456085205 0.987786054611206 -1 -1 -1 -1 -1 -1 -1 -1 -1
1 
33 
-1 -1 -1 -1 -1 -1 -1 -1 -1 -1
0.4861118793487549 0.42676419019699097 0.9991439580917358 -1 -1 -1 -1 -1 -1 -1 -1 -1
0.4853743612766266 0.41762155294418335 0.9985790252685547 -1 -1 -1 -1 -1 -1 -1 -1 -1
0.48498451709747314 0.4169274568557739 0.9982945322990417 -1 -1 -1 -1 -1 -1 -1 -1 -1
0.48451218008995056 0.41615036129951477 0.9981437921524048 -1 -1 -1 -1 -1 -1 -1 -1 -1
0.48498696088790894 0.417508065700531 0.9993419051170349 -1 -1 -1 -1 -1 -1 -1 -1 -1
0.4843713641166687 0.41687124967575073 0.999406099319458 -1 -1 -1 -1 -1 -1 -1 -1 -1
0.4836762845516205 0.41623005270957947 0.9993317723274231 -1 -1 -1 -1 -1 -1 -1 -1 -1
0.47678953409194946 0.4139392375946045 0.9965984225273132 -1 -1 -1 -1 -1 -1 -1 -1 -1
0.47638362646102905 0.4153361916542053 0.9996675252914429 -1 -1 -1 -1 -1 -1 -1 -1 -1
0.4827848970890045 0.4325217306613922 0.9929109215736389 -1 -1 -1 -1 -1 -1 -1 -1 -1
0.4820936918258667 0.43222761154174805 0.9964575171470642 -1 -1 -1 -1 -1 -1 -1 -1 -1
0.45826518535614014 0.44580236077308655 0.9983119964599609 -1 -1 -1 -1 -1 -1 -1 -1 -1
0.4588625729084015 0.45356839895248413 0.9997292160987854 -1 -1 -1 -1 -1 -1 -1 -1 -1
0.4685167968273163 0.40810316801071167 0.28484565019607544 -1 -1 -1 -1 -1 -1 -1 -1 -1
0.4677172899246216 0.5194514393806458 0.9672815203666687 -1 -1 -1 -1 -1 -1 -1 -1 -1
0.4707243740558624 0.3873046040534973 0.4276405870914459 -1 -1 -1 -1 -1 -1 -1 -1 -1
0.4794647693634033 0.5673969984054565 0.8891401886940002 -1 -1 -1 -1 -1 -1 -1 -1 -1
0.4686090350151062 0.3779221773147583 0.3001258969306946 -1 -1 -1 -1 -1 -1 -1 -1 -1
0.4820995032787323 0.5809476971626282 0.8324209451675415 -1 -1 -1 -1 -1 -1 -1 -1 -1
0.47437816858291626 0.3490959405899048 0.28974756598472595 -1 -1 -1 -1 -1 -1 -1 -1 -1
0.48469871282577515 0.5817224383354187 0.8247517943382263 -1 -1 -1 -1 -1 -1 -1 -1 -1
0.4718208611011505 0.37699514627456665 0.30880534648895264 -1 -1 -1 -1 -1 -1 -1 -1 -1
0.48331958055496216 0.5787162780761719 0.7267036437988281 -1 -1 -1 -1 -1 -1 -1 -1 -1
0.463203102350235 0.5644169449806213 0.999854326248169 -1 -1 -1 -1 -1 -1 -1 -1 -1
0.45111316442489624 0.5732564926147461 0.9994317889213562 -1 -1 -1 -1 -1 -1 -1 -1 -1
0.4976200461387634 0.620529294013977 0.9670830368995667 -1 -1 -1 -1 -1 -1 -1 -1 -1
0.4619406759738922 0.6701673865318298 0.9987699389457703 -1 -1 -1 -1 -1 -1 -1 -1 -1
0.5060620307922363 0.7137741446495056 0.9807311296463013 -1 -1 -1 -1 -1 -1 -1 -1 -1
0.41216447949409485 0.6591644287109375 0.9742313027381897 -1 -1 -1 -1 -1 -1 -1 -1 -1
0.50178462266922 0.7305138111114502 0.9478999972343445 -1 -1 -1 -1 -1 -1 -1 -1 -1
0.4077126085758209 0.6440911889076233 0.9176502227783203 -1 -1 -1 -1 -1 -1 -1 -1 -1
0.5228739976882935 0.7366386651992798 0.9692637920379639 -1 -1 -1 -1 -1 -1 -1 -1 -1
0.4053361415863037 0.6886516809463501 0.9533910155296326 -1 -1 -1 -1 -1 -1 -1 -1 -1
1 
33 
-1 -1 -1 -1 -1 -1 -1 -1 -1 -1
0.4760500192642212 0.44195395708084106 0.9746904373168945 -1 -1 -1 -1 -1 -1 -1 -1 -1
0.4754437804222107 0.43179717659950256 0.9627958536148071 -1 -1 -1 -1 -1 -1 -1 -1 -1
0.4750590920448303 0.43147748708724976 0.9552747011184692 -1 -1 -1 -1 -1 -1 -1 -1 -1
0.4745675027370453 0.43105608224868774 0.9683012962341309 -1 -1 -1 -1 -1 -1 -1 -1 -1
0.4750475287437439 0.4311104416847229 0.972854495048523 -1 -1 -1 -1 -1 -1 -1 -1 -1
0.47443896532058716 0.4303963780403137 0.9681734442710876 -1 -1 -1 -1 -1 -1 -1 -1 -1
0.4736747741699219 0.4295733571052551 0.9720097184181213 -1 -1 -1 -1 -1 -1 -1 -1 -1
0.4670553207397461 0.42997634410858154 0.8821457624435425 -1 -1 -1 -1 -1 -1 -1 -1 -1
0.4657829999923706 0.42815351486206055 0.9597266912460327 -1 -1 -1 -1 -1 -1 -1 -1 -1
0.4724976718425751 0.4492109417915344 0.9262750148773193 -1 -1 -1 -1 -1 -1 -1 -1 -1
0.471790611743927 0.44833195209503174 0.9319862723350525 -1 -1 -1 -1 -1 -1 -1 -1 -1
0.4529440701007843 0.4700635075569153 0.9944011569023132 -1 -1 -1 -1 -1 -1 -1 -1 -1
0.4484063386917114 0.4622461199760437 0.9988574981689453 -1 -1 -1 -1 -1 -1 -1 -1 -1
0.4682011902332306 0.5175591111183167 0.023869764059782028 -1 -1 -1 -1 -1 -1 -1 -1 -1
0.4748641550540924 0.5114856362342834 0.981540322303772 -1 -1 -1 -1 -1 -1 -1 -1 -1
0.4841311573982239 0.5395216941833496 0.019111348316073418 -1 -1 -1 -1 -1 -1 -1 -1 -1
0.5003297328948975 0.5329267978668213 0.9168681502342224 -1 -1 -1 -1 -1 -1 -1 -1 -1
0.4874935746192932 0.5471291542053223 0.024770228192210197 -1 -1 -1 -1 -1 -1 -1 -1 -1
0.5122196078300476 0.5421284437179565 0.8821204900741577 -1 -1 -1 -1 -1 -1 -1 -1 -1
0.48909521102905273 0.5418401956558228 0.02677222155034542 -1 -1 -1 -1 -1 -1 -1 -1 -1
0.5080711841583252 0.534281313419342 0.8804165720939636 -1 -1 -1 -1 -1 -1 -1 -1 -1
0.48784688115119934 0.53913813829422 0.028929227963089943 -1 -1 -1 -1 -1 -1 -1 -1 -1
0.5055086612701416 0.5336994528770447 0.79659503698349 -1 -1 -1 -1 -1 -1 -1 -1 -1
0.4581823945045471 0.5855062007904053 0.9998261332511902 -1 -1 -1 -1 -1 -1 -1 -1 -1
0.44610708951950073 0.5925182104110718 0.9989803433418274 -1 -1 -1 -1 -1 -1 -1 -1 -1
0.48998183012008667 0.6458234786987305 0.9632755517959595 -1 -1 -1 -1 -1 -1 -1 -1 -1
0.47830939292907715 0.6566705107688904 0.9916757345199585 -1 -1 -1 -1 -1 -1 -1 -1 -1
0.4935850501060486 0.7381028532981873 0.9802631735801697 -1 -1 -1 -1 -1 -1 -1 -1 -1
0.4374300539493561 0.6938821077346802 0.9149594306945801 -1 -1 -1 -1 -1 -1 -1 -1 -1
0.48925602436065674 0.7535966038703918 0.9453862905502319 -1 -1 -1 -1 -1 -1 -1 -1 -1
0.4300946295261383 0.6890361309051514 0.792710542678833 -1 -1 -1 -1 -1 -1 -1 -1 -1
0.5087847113609314 0.7692319750785828 0.9812945127487183 -1 -1 -1 -1 -1 -1 -1 -1 -1
0.43732669949531555 0.7332708835601807 0.9370076656341553 -1 -1 -1 -1 -1 -1 -1 -1 -1
1 
33 
-1 -1 -1 -1 -1 -1 -1 -1 -1 -1
0.4645858705043793 0.4544795751571655 0.9984443783760071 -1 -1 -1 -1 -1 -1 -1 -1 -1
0.46484890580177307 0.4447634816169739 0.9971216320991516 -1 -1 -1 -1 -1 -1 -1 -1 -1
0.4646746814250946 0.44449281692504883 0.9953387975692749 -1 -1 -1 -1 -1 -1 -1 -1 -1
0.46442148089408875 0.4441605508327484 0.9972202777862549 -1 -1 -1 -1 -1 -1 -1 -1 -1
0.4639091491699219 0.44418302178382874 0.9987483024597168 -1 -1 -1 -1 -1 -1 -1 -1 -1
0.4630614221096039 0.4435300827026367 0.9986729621887207 -1 -1 -1 -1 -1 -1 -1 -1 -1
0.4620952308177948 0.44277095794677734 0.999127209186554 -1 -1 -1 -1 -1 -1 -1 -1 -1
0.45745062828063965 0.44272443652153015 0.9954621195793152 -1 -1 -1 -1 -1 -1 -1 -1 -1
0.4546467065811157 0.4408056139945984 0.9987647533416748 -1 -1 -1 -1 -1 -1 -1 -1 -1
0.46152088046073914 0.4603995680809021 0.9942638278007507 -1 -1 -1 -1 -1 -1 -1 -1 -1
0.4602185785770416 0.46004587411880493 0.9971297383308411 -1 -1 -1 -1 -1 -1 -1 -1 -1
0.445769727230072 0.4736807942390442 0.9983028173446655 -1 -1 -1 -1 -1 -1 -1 -1 -1
0.438175767660141 0.47142601013183594 0.9997557997703552 -1 -1 -1 -1 -1 -1 -1 -1 -1
0.46262672543525696 0.4561373293399811 0.1987699717283249 -1 -1 -1 -1 -1 -1 -1 -1 -1
0.4706842005252838 0.49192607402801514 0.9969124794006348 -1 -1 -1 -1 -1 -1 -1 -1 -1
0.47121524810791016 0.4232543408870697 0.30555763840675354 -1 -1 -1 -1 -1 -1 -1 -1 -1
0.5032758116722107 0.49524450302124023 0.986396849155426 -1 -1 -1 -1 -1 -1 -1 -1 -1
0.4720970690250397 0.41708236932754517 0.3279249668121338 -1 -1 -1 -1 -1 -1 -1 -1 -1
0.5120543837547302 0.4964865744113922 0.9752712249755859 -1 -1 -1 -1 -1 -1 -1 -1 -1
0.47061777114868164 0.4118041694164276 0.32948893308639526 -1 -1 -1 -1 -1 -1 -1 -1 -1
0.5132476687431335 0.49324238300323486 0.9729558229446411 -1 -1 -1 -1 -1 -1 -1 -1 -1
0.4709452986717224 0.4140282869338989 0.33809763193130493 -1 -1 -1 -1 -1 -1 -1 -1 -1
0.5096502304077148 0.49328717589378357 0.9426805973052979 -1 -1 -1 -1 -1 -1 -1 -1 -1
0.4474865794181824 0.5964219570159912 0.9994866847991943 -1 -1 -1 -1 -1 -1 -1 -1 -1
0.4358488619327545 0.5994382500648499 0.9985544085502625 -1 -1 -1 -1 -1 -1 -1 -1 -1
0.48038846254348755 0.6575160026550293 0.8402143120765686 -1 -1 -1 -1 -1 -1 -1 -1 -1
0.47865569591522217 0.6425850987434387 0.9861354827880859 -1 -1 -1 -1 -1 -1 -1 -1 -1
0.4792534410953522 0.7482919692993164 0.8829723596572876 -1 -1 -1 -1 -1 -1 -1 -1 -1
0.4609624445438385 0.7227196097373962 0.9843703508377075 -1 -1 -1 -1 -1 -1 -1 -1 -1
0.4722650349140167 0.7579346895217896 0.8359941840171814 -1 -1 -1 -1 -1 -1 -1 -1 -1
0.45278066396713257 0.7288302183151245 0.9482312202453613 -1 -1 -1 -1 -1 -1 -1 -1 -1
0.489856481552124 0.7891890406608582 0.9204441905021667 -1 -1 -1 -1 -1 -1 -1 -1 -1
0.4725443124771118 0.7674964666366577 0.9874359369277954 -1 -1 -1 -1 -1 -1 -1 -1 -1
1 
33 
-1 -1 -1 -1 -1 -1 -1 -1 -1 -1
0.4548575282096863 0.4524482488632202 0.9990122318267822 -1 -1 -1 -1 -1 -1 -1 -1 -1
0.45408645272254944 0.44498729705810547 0.9983780384063721 -1 -1 -1 -1 -1 -1 -1 -1 -1
0.4536164104938507 0.4444960355758667 0.9975167512893677 -1 -1 -1 -1 -1 -1 -1 -1 -1
0.45307424664497375 0.443952739238739 0.9985905289649963 -1 -1 -1 -1 -1 -1 -1 -1 -1
0.4537842869758606 0.444985568523407 0.9987525939941406 -1 -1 -1 -1 -1 -1 -1 -1 -1
0.45314711332321167 0.4444214701652527 0.9985387325286865 -1 -1 -1 -1 -1 -1 -1 -1 -1
0.4524278938770294 0.4438857138156891 0.9985461235046387 -1 -1 -1 -1 -1 -1 -1 -1 -1
0.44599834084510803 0.443480908870697 0.9982346296310425 -1 -1 -1 -1 -1 -1 -1 -1 -1
0.4453539550304413 0.4441360533237457 0.998690664768219 -1 -1 -1 -1 -1 -1 -1 -1 -1
0.45181694626808167 0.45976462960243225 0.9950487017631531 -1 -1 -1 -1 -1 -1 -1 -1 -1
0.45139601826667786 0.45956557989120483 0.9957510232925415 -1 -1 -1 -1 -1 -1 -1 -1 -1
0.4351959526538849 0.48333823680877686 0.9959969520568848 -1 -1 -1 -1 -1 -1 -1 -1 -1
0.4318464696407318 0.47608867287635803 0.9965104460716248 -1 -1 -1 -1 -1 -1 -1 -1 -1
0.4713365137577057 0.46839043498039246 0.12178122252225876 -1 -1 -1 -1 -1 -1 -1 -1 -1
0.47102078795433044 0.46038395166397095 0.9571899771690369 -1 -1 -1 -1 -1 -1 -1 -1 -1
0.5060486197471619 0.4399104118347168 0.15418748557567596 -1 -1 -1 -1 -1 -1 -1 -1 -1
0.5046466588973999 0.4379562735557556 0.9303921461105347 -1 -1 -1 -1 -1 -1 -1 -1 -1
0.5094489455223083 0.43456071615219116 0.2184673547744751 -1 -1 -1 -1 -1 -1 -1 -1 -1
0.5129808783531189 0.4316461980342865 0.9134340286254883 -1 -1 -1 -1 -1 -1 -1 -1 -1
0.5109153985977173 0.4336394667625427 0.22476397454738617 -1 -1 -1 -1 -1 -1 -1 -1 -1
0.5136266946792603 0.4287107288837433 0.8989720940589905 -1 -1 -1 -1 -1 -1 -1 -1 -1
0.5095418691635132 0.43909579515457153 0.24783405661582947 -1 -1 -1 -1 -1 -1 -1 -1 -1
0.5107244849205017 0.4314211308956146 0.8382294178009033 -1 -1 -1 -1 -1 -1 -1 -1 -1
0.4348084628582001 0.6037553548812866 0.9992650151252747 -1 -1 -1 -1 -1 -1 -1 -1 -1
0.4323573410511017 0.602266252040863 0.9969049096107483 -1 -1 -1 -1 -1 -1 -1 -1 -1
0.46619537472724915 0.672832727432251 0.4232959449291229 -1 -1 -1 -1 -1 -1 -1 -1 -1
0.48238638043403625 0.6299698352813721 0.9628919959068298 -1 -1 -1 -1 -1 -1 -1 -1 -1
0.459256112575531 0.7526158094406128 0.7067568302154541 -1 -1 -1 -1 -1 -1 -1 -1 -1
0.464813232421875 0.705866277217865 0.9802103638648987 -1 -1 -1 -1 -1 -1 -1 -1 -1
0.4522944390773773 0.7640737891197205 0.8469609618186951 -1 -1 -1 -1 -1 -1 -1 -1 -1
0.45746710896492004 0.7127724885940552 0.9694451689720154 -1 -1 -1 -1 -1 -1 -1 -1 -1
0.4763026833534241 0.7754627466201782 0.6926777958869934 -1 -1 -1 -1 -1 -1 -1 -1 -1
0.4731830060482025 0.7340462803840637 0.9517859220504761 -1 -1 -1 -1 -1 -1 -1 -1 -1
1 
33 
-1 -1 -1 -1 -1 -1 -1 -1 -1 -1
0.45121240615844727 0.4552689492702484 0.996440589427948 -1 -1 -1 -1 -1 -1 -1 -1 -1
0.44992905855178833 0.4451580047607422 0.9968959093093872 -1 -1 -1 -1 -1 -1 -1 -1 -1
0.44953590631484985 0.4444907307624817 0.9955739974975586 -1 -1 -1 -1 -1 -1 -1 -1 -1
0.44913721084594727 0.44382935762405396 0.9976629018783569 -1 -1 -1 -1 -1 -1 -1 -1 -1
0.44956129789352417 0.4451296627521515 0.9964929223060608 -1 -1 -1 -1 -1 -1 -1 -1 -1
0.4492260217666626 0.4374745190143585 0.9961711764335632 -1 -1 -1 -1 -1 -1 -1 -1 -1
0.44851821660995483 0.43575432896614075 0.9962000250816345 -1 -1 -1 -1 -1 -1 -1 -1 -1
0.4426547884941101 0.43414828181266785 0.9979743361473083 -1 -1 -1 -1 -1 -1 -1 -1 -1
0.4408264458179474 0.4341166019439697 0.9944289922714233 -1 -1 -1 -1 -1 -1 -1 -1 -1
0.4479587972164154 0.45392322540283203 0.9955611228942871 -1 -1 -1 -1 -1 -1 -1 -1 -1
0.4472781717777252 0.4530208706855774 0.9935305714607239 -1 -1 -1 -1 -1 -1 -1 -1 -1
0.4285600185394287 0.47299179434776306 0.9997299313545227 -1 -1 -1 -1 -1 -1 -1 -1 -1
0.4330017864704132 0.4614711403846741 0.999698281288147 -1 -1 -1 -1 -1 -1 -1 -1 -1
0.4339127540588379 0.5204001665115356 0.041183795779943466 -1 -1 -1 -1 -1 -1 -1 -1 -1
0.45993882417678833 0.4421290159225464 0.9844802021980286 -1 -1 -1 -1 -1 -1 -1 -1 -1
0.43920084834098816 0.5688610672950745 0.03809203580021858 -1 -1 -1 -1 -1 -1 -1 -1 -1
0.48497968912124634 0.40910714864730835 0.9807680249214172 -1 -1 -1 -1 -1 -1 -1 -1 -1
0.4392249286174774 0.580771267414093 0.057398706674575806 -1 -1 -1 -1 -1 -1 -1 -1 -1
0.48964282870292664 0.4007018208503723 0.9830811619758606 -1 -1 -1 -1 -1 -1 -1 -1 -1
0.43922439217567444 0.5791765451431274 0.0558437816798687 -1 -1 -1 -1 -1 -1 -1 -1 -1
0.49153488874435425 0.39784491062164307 0.9781455993652344 -1 -1 -1 -1 -1 -1 -1 -1 -1
0.4388498365879059 0.5748396515846252 0.05739474296569824 -1 -1 -1 -1 -1 -1 -1 -1 -1
0.4897761940956116 0.4014158546924591 0.9560230374336243 -1 -1 -1 -1 -1 -1 -1 -1 -1
0.42512282729148865 0.5734291672706604 0.9999712705612183 -1 -1 -1 -1 -1 -1 -1 -1 -1
0.4241858124732971 0.5750877261161804 0.9999456405639648 -1 -1 -1 -1 -1 -1 -1 -1 -1
0.4656376242637634 0.6422654986381531 0.5709139704704285 -1 -1 -1 -1 -1 -1 -1 -1 -1
0.4729967713356018 0.6081289052963257 0.9720812439918518 -1 -1 -1 -1 -1 -1 -1 -1 -1
0.4546576142311096 0.7047287821769714 0.781719446182251 -1 -1 -1 -1 -1 -1 -1 -1 -1
0.45857083797454834 0.6885627508163452 0.9828432202339172 -1 -1 -1 -1 -1 -1 -1 -1 -1
0.44805005192756653 0.7089526057243347 0.8443018198013306 -1 -1 -1 -1 -1 -1 -1 -1 -1
0.45363813638687134 0.6978552937507629 0.9718499183654785 -1 -1 -1 -1 -1 -1 -1 -1 -1
0.462863028049469 0.7339997291564941 0.7873859405517578 -1 -1 -1 -1 -1 -1 -1 -1 -1
0.47071802616119385 0.720123291015625 0.9701455235481262 -1 -1 -1 -1 -1 -1 -1 -1 -1
1 
33 
-1 -1 -1 -1 -1 -1 -1 -1 -1 -1
0.43842053413391113 0.42376431822776794 0.9999141693115234 -1 -1 -1 -1 -1 -1 -1 -1 -1
0.43679410219192505 0.41476118564605713 0.9998879432678223 -1 -1 -1 -1 -1 -1 -1 -1 -1
0.43650978803634644 0.41415178775787354 0.9998106360435486 -1 -1 -1 -1 -1 -1 -1 -1 -1
0.4361448884010315 0.4133700728416443 0.9998937845230103 -1 -1 -1 -1 -1 -1 -1 -1 -1
0.43583884835243225 0.41464003920555115 0.9999234676361084 -1 -1 -1 -1 -1 -1 -1 -1 -1
0.4349064230918884 0.4140235185623169 0.999901294708252 -1 -1 -1 -1 -1 -1 -1 -1 -1
0.43387746810913086 0.4132538437843323 0.999922513961792 -1 -1 -1 -1 -1 -1 -1 -1 -1
0.4291737973690033 0.41379714012145996 0.9998119473457336 -1 -1 -1 -1 -1 -1 -1 -1 -1
0.427055686712265 0.41351285576820374 0.9999123811721802 -1 -1 -1 -1 -1 -1 -1 -1 -1
0.436580628156662 0.4296762943267822 0.9998214840888977 -1 -1 -1 -1 -1 -1 -1 -1 -1
0.43525367975234985 0.42970937490463257 0.9998347759246826 -1 -1 -1 -1 -1 -1 -1 -1 -1
0.41992416977882385 0.44750726222991943 0.9992578625679016 -1 -1 -1 -1 -1 -1 -1 -1 -1
0.4153936803340912 0.4434187710285187 0.9997125267982483 -1 -1 -1 -1 -1 -1 -1 -1 -1
0.4402099549770355 0.4063206613063812 0.34303197264671326 -1 -1 -1 -1 -1 -1 -1 -1 -1
0.4379418194293976 0.4024072289466858 0.9904428124427795 -1 -1 -1 -1 -1 -1 -1 -1 -1
0.45496058464050293 0.3485523462295532 0.39074277877807617 -1 -1 -1 -1 -1 -1 -1 -1 -1
0.4536007046699524 0.34616225957870483 0.9774346351623535 -1 -1 -1 -1 -1 -1 -1 -1 -1
0.45796817541122437 0.33360445499420166 0.39120468497276306 -1 -1 -1 -1 -1 -1 -1 -1 -1
0.4581550657749176 0.33230167627334595 0.9567667245864868 -1 -1 -1 -1 -1 -1 -1 -1 -1
0.45509064197540283 0.3328455090522766 0.4047453999519348 -1 -1 -1 -1 -1 -1 -1 -1 -1
0.4559091627597809 0.33023959398269653 0.9491797089576721 -1 -1 -1 -1 -1 -1 -1 -1 -1
0.4538068473339081 0.33658212423324585 0.4450411796569824 -1 -1 -1 -1 -1 -1 -1 -1 -1
0.45393964648246765 0.33392345905303955 0.9230621457099915 -1 -1 -1 -1 -1 -1 -1 -1 -1
0.4184691607952118 0.5813974738121033 0.9999655485153198 -1 -1 -1 -1 -1 -1 -1 -1 -1
0.41664329171180725 0.5807583332061768 0.9999096393585205 -1 -1 -1 -1 -1 -1 -1 -1 -1
0.43202444911003113 0.6762557029724121 0.9506527185440063 -1 -1 -1 -1 -1 -1 -1 -1 -1
0.46596190333366394 0.5798678398132324 0.996401309967041 -1 -1 -1 -1 -1 -1 -1 -1 -1
0.43200042843818665 0.7846576571464539 0.9854611754417419 -1 -1 -1 -1 -1 -1 -1 -1 -1
0.45076075196266174 0.6730552315711975 0.9951316118240356 -1 -1 -1 -1 -1 -1 -1 -1 -1
0.42605575919151306 0.8028881549835205 0.9809746742248535 -1 -1 -1 -1 -1 -1 -1 -1 -1
0.44621625542640686 0.6799842715263367 0.9877364039421082 -1 -1 -1 -1 -1 -1 -1 -1 -1
0.4520793855190277 0.8044561147689819 0.9833003282546997 -1 -1 -1 -1 -1 -1 -1 -1 -1
0.4671423137187958 0.6997330188751221 0.9911426305770874 -1 -1 -1 -1 -1 -1 -1 -1 -1
1 
33 
-1 -1 -1 -1 -1 -1 -1 -1 -1 -1
0.42770832777023315 0.40467628836631775 0.9971609115600586 -1 -1 -1 -1 -1 -1 -1 -1 -1
0.425857275724411 0.39272546768188477 0.9967930912971497 -1 -1 -1 -1 -1 -1 -1 -1 -1
0.42563459277153015 0.3923283815383911 0.9952309727668762 -1 -1 -1 -1 -1 -1 -1 -1 -1
0.42531535029411316 0.3918953537940979 0.9970287680625916 -1 -1 -1 -1 -1 -1 -1 -1 -1
0.42454469203948975 0.3920893371105194 0.9972618818283081 -1 -1 -1 -1 -1 -1 -1 -1 -1
0.4235823154449463 0.3914133310317993 0.9965664148330688 -1 -1 -1 -1 -1 -1 -1 -1 -1
0.42256009578704834 0.3907463848590851 0.9972802400588989 -1 -1 -1 -1 -1 -1 -1 -1 -1
0.41843804717063904 0.3946697413921356 0.994993269443512 -1 -1 -1 -1 -1 -1 -1 -1 -1
0.41544419527053833 0.39424005150794983 0.9958927631378174 -1 -1 -1 -1 -1 -1 -1 -1 -1
0.4255681037902832 0.411959707736969 0.9949668049812317 -1 -1 -1 -1 -1 -1 -1 -1 -1
0.42436572909355164 0.41160857677459717 0.9945979118347168 -1 -1 -1 -1 -1 -1 -1 -1 -1
0.40796390175819397 0.4326759874820709 0.9952422380447388 -1 -1 -1 -1 -1 -1 -1 -1 -1
0.406121164560318 0.4173504114151001 0.9986023306846619 -1 -1 -1 -1 -1 -1 -1 -1 -1
0.42526885867118835 0.3732514977455139 0.09163914620876312 -1 -1 -1 -1 -1 -1 -1 -1 -1
0.4270123243331909 0.35221028327941895 0.9851806163787842 -1 -1 -1 -1 -1 -1 -1 -1 -1
0.43443822860717773 0.33204591274261475 0.15122126042842865 -1 -1 -1 -1 -1 -1 -1 -1 -1
0.4355589747428894 0.2963631749153137 0.9728659987449646 -1 -1 -1 -1 -1 -1 -1 -1 -1
0.43561840057373047 0.3302634358406067 0.17701096832752228 -1 -1 -1 -1 -1 -1 -1 -1 -1
0.4367925822734833 0.28371232748031616 0.9548024535179138 -1 -1 -1 -1 -1 -1 -1 -1 -1
0.4352813959121704 0.31816554069519043 0.18728330731391907 -1 -1 -1 -1 -1 -1 -1 -1 -1
0.43623295426368713 0.2813817262649536 0.9469748139381409 -1 -1 -1 -1 -1 -1 -1 -1 -1
0.4335242211818695 0.3317253589630127 0.21582427620887756 -1 -1 -1 -1 -1 -1 -1 -1 -1
0.43564116954803467 0.28459179401397705 0.9225090146064758 -1 -1 -1 -1 -1 -1 -1 -1 -1
0.4055159389972687 0.5657041668891907 0.9993897676467896 -1 -1 -1 -1 -1 -1 -1 -1 -1
0.4078872799873352 0.5583825707435608 0.9993047714233398 -1 -1 -1 -1 -1 -1 -1 -1 -1
0.42438408732414246 0.6373460292816162 0.6420745849609375 -1 -1 -1 -1 -1 -1 -1 -1 -1
0.450541228055954 0.549498438835144 0.9684246778488159 -1 -1 -1 -1 -1 -1 -1 -1 -1
0.4298374056816101 0.7235485315322876 0.7912191152572632 -1 -1 -1 -1 -1 -1 -1 -1 -1
0.4396458864212036 0.6559714674949646 0.9629427194595337 -1 -1 -1 -1 -1 -1 -1 -1 -1
0.4238952398300171 0.7378603219985962 0.8211153745651245 -1 -1 -1 -1 -1 -1 -1 -1 -1
0.44018319249153137 0.6835313439369202 0.9438687562942505 -1 -1 -1 -1 -1 -1 -1 -1 -1
0.4507785439491272 0.7490549087524414 0.8790666460990906 -1 -1 -1 -1 -1 -1 -1 -1 -1
0.4673301577568054 0.6892334222793579 0.9598795175552368 -1 -1 -1 -1 -1 -1 -1 -1 -1
1 
33 
-1 -1 -1 -1 -1 -1 -1 -1 -1 -1
0.41388189792633057 0.3697749376296997 0.9998494386672974 -1 -1 -1 -1 -1 -1 -1 -1 -1
0.4127839505672455 0.3616132140159607 0.9997902512550354 -1 -1 -1 -1 -1 -1 -1 -1 -1
0.41257244348526 0.3614949584007263 0.9996581077575684 -1 -1 -1 -1 -1 -1 -1 -1 -1
0.4122906029224396 0.36109596490859985 0.9998524188995361 -1 -1 -1 -1 -1 -1 -1 -1 -1
0.41152429580688477 0.35976046323776245 0.9997784495353699 -1 -1 -1 -1 -1 -1 -1 -1 -1
0.4104965031147003 0.35845479369163513 0.9997058510780334 -1 -1 -1 -1 -1 -1 -1 -1 -1
0.4094539284706116 0.3569191098213196 0.9997803568840027 -1 -1 -1 -1 -1 -1 -1 -1 -1
0.4062708616256714 0.3638963997364044 0.9996349811553955 -1 -1 -1 -1 -1 -1 -1 -1 -1
0.40423381328582764 0.35833823680877686 0.9996497631072998 -1 -1 -1 -1 -1 -1 -1 -1 -1
0.41133737564086914 0.37633466720581055 0.9994730353355408 -1 -1 -1 -1 -1 -1 -1 -1 -1
0.40979790687561035 0.3751184344291687 0.9993869066238403 -1 -1 -1 -1 -1 -1 -1 -1 -1
0.3966720700263977 0.4077187478542328 0.9991732239723206 -1 -1 -1 -1 -1 -1 -1 -1 -1
0.395568311214447 0.38135218620300293 0.9999277591705322 -1 -1 -1 -1 -1 -1 -1 -1 -1
0.39332544803619385 0.5144301652908325 0.039217252284288406 -1 -1 -1 -1 -1 -1 -1 -1 -1
0.41244709491729736 0.3227593004703522 0.9919267892837524 -1 -1 -1 -1 -1 -1 -1 -1 -1
0.3903644382953644 0.5606178045272827 0.041984882205724716 -1 -1 -1 -1 -1 -1 -1 -1 -1
0.4172021448612213 0.2674294114112854 0.9445115923881531 -1 -1 -1 -1 -1 -1 -1 -1 -1
0.3795456290245056 0.5818125009536743 0.058456920087337494 -1 -1 -1 -1 -1 -1 -1 -1 -1
0.4179111421108246 0.2552770972251892 0.919017493724823 -1 -1 -1 -1 -1 -1 -1 -1 -1
0.38864240050315857 0.6035299897193909 0.06282532215118408 -1 -1 -1 -1 -1 -1 -1 -1 -1
0.41702768206596375 0.25179994106292725 0.8954265117645264 -1 -1 -1 -1 -1 -1 -1 -1 -1
0.3894736170768738 0.59776371717453 0.07122009992599487 -1 -1 -1 -1 -1 -1 -1 -1 -1
0.4165217876434326 0.25375092029571533 0.8422965407371521 -1 -1 -1 -1 -1 -1 -1 -1 -1
0.40078485012054443 0.5444130897521973 0.9999973773956299 -1 -1 -1 -1 -1 -1 -1 -1 -1
0.40021803975105286 0.5295521020889282 0.9999966621398926 -1 -1 -1 -1 -1 -1 -1 -1 -1
0.4130323529243469 0.6336008906364441 0.9546541571617126 -1 -1 -1 -1 -1 -1 -1 -1 -1
0.4301566779613495 0.5293195247650146 0.9876201152801514 -1 -1 -1 -1 -1 -1 -1 -1 -1
0.41246381402015686 0.7374311685562134 0.9548736810684204 -1 -1 -1 -1 -1 -1 -1 -1 -1
0.4303613007068634 0.6070057153701782 0.9557286500930786 -1 -1 -1 -1 -1 -1 -1 -1 -1
0.4077758193016052 0.7563791275024414 0.9840510487556458 -1 -1 -1 -1 -1 -1 -1 -1 -1
0.4261438846588135 0.6208627820014954 0.972257673740387 -1 -1 -1 -1 -1 -1 -1 -1 -1
0.4320827126502991 0.7642515301704407 0.963880181312561 -1 -1 -1 -1 -1 -1 -1 -1 -1
0.45862263441085815 0.638315737247467 0.9483826756477356 -1 -1 -1 -1 -1 -1 -1 -1 -1
1 
33 
-1 -1 -1 -1 -1 -1 -1 -1 -1 -1
0.4153926968574524 0.3563697636127472 0.9997560381889343 -1 -1 -1 -1 -1 -1 -1 -1 -1
0.4142480194568634 0.3495955467224121 0.9997242093086243 -1 -1 -1 -1 -1 -1 -1 -1 -1
0.41397905349731445 0.3494124114513397 0.999518871307373 -1 -1 -1 -1 -1 -1 -1 -1 -1
0.41360926628112793 0.3491033911705017 0.999764621257782 -1 -1 -1 -1 -1 -1 -1 -1 -1
0.413261353969574 0.3489876091480255 0.9996621608734131 -1 -1 -1 -1 -1 -1 -1 -1 -1
0.412405788898468 0.34845829010009766 0.9995089769363403 -1 -1 -1 -1 -1 -1 -1 -1 -1
0.4113944172859192 0.3478236794471741 0.9995967745780945 -1 -1 -1 -1 -1 -1 -1 -1 -1
0.40728214383125305 0.3497998118400574 0.9993639588356018 -1 -1 -1 -1 -1 -1 -1 -1 -1
0.40484142303466797 0.34726887941360474 0.9994333386421204 -1 -1 -1 -1 -1 -1 -1 -1 -1
0.4122909903526306 0.361783891916275 0.9990050196647644 -1 -1 -1 -1 -1 -1 -1 -1 -1
0.4112430512905121 0.36128994822502136 0.9989970326423645 -1 -1 -1 -1 -1 -1 -1 -1 -1
0.3951696753501892 0.3909107446670532 0.99922776222229 -1 -1 -1 -1 -1 -1 -1 -1 -1
0.39211466908454895 0.36902475357055664 0.9997109770774841 -1 -1 -1 -1 -1 -1 -1 -1 -1
0.3930320739746094 0.48893871903419495 0.05025596171617508 -1 -1 -1 -1 -1 -1 -1 -1 -1
0.40315595269203186 0.2941701412200928 0.9926366806030273 -1 -1 -1 -1 -1 -1 -1 -1 -1
0.3906797170639038 0.5606621503829956 0.06853710114955902 -1 -1 -1 -1 -1 -1 -1 -1 -1
0.4083242416381836 0.23516987264156342 0.944198489189148 -1 -1 -1 -1 -1 -1 -1 -1 -1
0.39004719257354736 0.5776351094245911 0.09304746985435486 -1 -1 -1 -1 -1 -1 -1 -1 -1
0.4093049168586731 0.22306881844997406 0.8838977813720703 -1 -1 -1 -1 -1 -1 -1 -1 -1
0.3900018632411957 0.5805116891860962 0.1015915498137474 -1 -1 -1 -1 -1 -1 -1 -1 -1
0.4090427756309509 0.2214900553226471 0.85594642162323 -1 -1 -1 -1 -1 -1 -1 -1 -1
0.3894103467464447 0.5742056369781494 0.1078055128455162 -1 -1 -1 -1 -1 -1 -1 -1 -1
0.4085097312927246 0.2245495617389679 0.8176340460777283 -1 -1 -1 -1 -1 -1 -1 -1 -1
0.39508056640625 0.5334079265594482 0.9999916553497314 -1 -1 -1 -1 -1 -1 -1 -1 -1
0.39155977964401245 0.5151238441467285 0.999985933303833 -1 -1 -1 -1 -1 -1 -1 -1 -1
0.40526798367500305 0.6050684452056885 0.8685102462768555 -1 -1 -1 -1 -1 -1 -1 -1 -1
0.4258197247982025 0.4827914535999298 0.9767141342163086 -1 -1 -1 -1 -1 -1 -1 -1 -1
0.4057019352912903 0.7156901955604553 0.9423948526382446 -1 -1 -1 -1 -1 -1 -1 -1 -1
0.41078585386276245 0.5515317916870117 0.9258761405944824 -1 -1 -1 -1 -1 -1 -1 -1 -1
0.4022839367389679 0.7312986254692078 0.9586809873580933 -1 -1 -1 -1 -1 -1 -1 -1 -1
0.4048841595649719 0.5622693300247192 0.9412900805473328 -1 -1 -1 -1 -1 -1 -1 -1 -1
0.4254940152168274 0.7409185171127319 0.9752892255783081 -1 -1 -1 -1 -1 -1 -1 -1 -1
0.41880446672439575 0.5759430527687073 0.9443752765655518 -1 -1 -1 -1 -1 -1 -1 -1 -1
1 
33 
-1 -1 -1 -1 -1 -1 -1 -1 -1 -1
0.39525964856147766 0.5745043158531189 0.9968088269233704 -1 -1 -1 -1 -1 -1 -1 -1 -1
0.39866578578948975 0.5805877447128296 0.9949136972427368 -1 -1 -1 -1 -1 -1 -1 -1 -1
0.39861467480659485 0.5808127522468567 0.991654634475708 -1 -1 -1 -1 -1 -1 -1 -1 -1
0.4007553458213806 0.5821593999862671 0.9946647882461548 -1 -1 -1 -1 -1 -1 -1 -1 -1
0.39960119128227234 0.5785496234893799 0.99720299243927 -1 -1 -1 -1 -1 -1 -1 -1 -1
0.40097832679748535 0.5784788131713867 0.9961367249488831 -1 -1 -1 -1 -1 -1 -1 -1 -1
0.40133365988731384 0.578160285949707 0.9972589015960693 -1 -1 -1 -1 -1 -1 -1 -1 -1
0.4017391800880432 0.5747644901275635 0.9908045530319214 -1 -1 -1 -1 -1 -1 -1 -1 -1
0.4033096730709076 0.5706766843795776 0.9924163818359375 -1 -1 -1 -1 -1 -1 -1 -1 -1
0.3934013247489929 0.5676990747451782 0.9917981624603271 -1 -1 -1 -1 -1 -1 -1 -1 -1
0.3947393298149109 0.5654403567314148 0.9931233525276184 -1 -1 -1 -1 -1 -1 -1 -1 -1
0.3957837224006653 0.5534104704856873 0.9967965483665466 -1 -1 -1 -1 -1 -1 -1 -1 -1
0.3990340232849121 0.5363569855690002 0.9991430044174194 -1 -1 -1 -1 -1 -1 -1 -1 -1
0.3931829631328583 0.6071319580078125 0.5824742913246155 -1 -1 -1 -1 -1 -1 -1 -1 -1
0.39324504137039185 0.5667286515235901 0.8830074667930603 -1 -1 -1 -1 -1 -1 -1 -1 -1
0.4015263617038727 0.665702223777771 0.7884454727172852 -1 -1 -1 -1 -1 -1 -1 -1 -1
0.3998631536960602 0.6207072138786316 0.8410957455635071 -1 -1 -1 -1 -1 -1 -1 -1 -1
0.4060579538345337 0.6764084696769714 0.7782783508300781 -1 -1 -1 -1 -1 -1 -1 -1 -1
0.40228307247161865 0.6329262852668762 0.8222097158432007 -1 -1 -1 -1 -1 -1 -1 -1 -1
0.4068601727485657 0.679341733455658 0.7785021066665649 -1 -1 -1 -1 -1 -1 -1 -1 -1
0.4044017195701599 0.6351293921470642 0.8046419620513916 -1 -1 -1 -1 -1 -1 -1 -1 -1
0.40382978320121765 0.6746358871459961 0.7393208742141724 -1 -1 -1 -1 -1 -1 -1 -1 -1
0.4037187993526459 0.6311192512512207 0.7194945812225342 -1 -1 -1 -1 -1 -1 -1 -1 -1
0.3987683653831482 0.4180082380771637 0.9985255599021912 -1 -1 -1 -1 -1 -1 -1 -1 -1
0.3984997570514679 0.4110834002494812 0.9997159838676453 -1 -1 -1 -1 -1 -1 -1 -1 -1
0.39827150106430054 0.34162837266921997 0.1486680656671524 -1 -1 -1 -1 -1 -1 -1 -1 -1
0.38841450214385986 0.3038809895515442 0.9389451146125793 -1 -1 -1 -1 -1 -1 -1 -1 -1
0.40476831793785095 0.287680059671402 0.18888187408447266 -1 -1 -1 -1 -1 -1 -1 -1 -1
0.3941385746002197 0.19565023481845856 0.9596387147903442 -1 -1 -1 -1 -1 -1 -1 -1 -1
0.40866148471832275 0.280028760433197 0.347380667924881 -1 -1 -1 -1 -1 -1 -1 -1 -1
0.3999791145324707 0.18174102902412415 0.9470665454864502 -1 -1 -1 -1 -1 -1 -1 -1 -1
0.39455464482307434 0.26583725214004517 0.3291327655315399 -1 -1 -1 -1 -1 -1 -1 -1 -1
0.3788626492023468 0.17302337288856506 0.9247946739196777 -1 -1 -1 -1 -1 -1 -1 -1 -1
1 
33 
-1 -1 -1 -1 -1 -1 -1 -1 -1 -1
0.38579192757606506 0.5098806023597717 0.9993076324462891 -1 -1 -1 -1 -1 -1 -1 -1 -1
0.3867989778518677 0.5149698853492737 0.9991293549537659 -1 -1 -1 -1 -1 -1 -1 -1 -1
0.38673827052116394 0.5160695314407349 0.9986609220504761 -1 -1 -1 -1 -1 -1 -1 -1 -1
0.386684775352478 0.5170418620109558 0.9990667700767517 -1 -1 -1 -1 -1 -1 -1 -1 -1
0.3871496319770813 0.512260913848877 0.9993600249290466 -1 -1 -1 -1 -1 -1 -1 -1 -1
0.3874088525772095 0.5115616321563721 0.9990277290344238 -1 -1 -1 -1 -1 -1 -1 -1 -1
0.38764095306396484 0.5108451843261719 0.9994064569473267 -1 -1 -1 -1 -1 -1 -1 -1 -1
0.38782361149787903 0.5186936259269714 0.9978399276733398 -1 -1 -1 -1 -1 -1 -1 -1 -1
0.38875943422317505 0.5100266337394714 0.9991604089736938 -1 -1 -1 -1 -1 -1 -1 -1 -1
0.3849276900291443 0.5090284943580627 0.9984239339828491 -1 -1 -1 -1 -1 -1 -1 -1 -1
0.38523513078689575 0.5063316822052002 0.9988853335380554 -1 -1 -1 -1 -1 -1 -1 -1 -1
0.38942763209342957 0.5183057188987732 0.9958136677742004 -1 -1 -1 -1 -1 -1 -1 -1 -1
0.3877011835575104 0.5014018416404724 0.9994291663169861 -1 -1 -1 -1 -1 -1 -1 -1 -1
0.3904869854450226 0.6013752222061157 0.9125581979751587 -1 -1 -1 -1 -1 -1 -1 -1 -1
0.3916527330875397 0.5925722122192383 0.9464640021324158 -1 -1 -1 -1 -1 -1 -1 -1 -1
0.40039747953414917 0.674338161945343 0.9080234169960022 -1 -1 -1 -1 -1 -1 -1 -1 -1
0.40270325541496277 0.6737330555915833 0.9128630757331848 -1 -1 -1 -1 -1 -1 -1 -1 -1
0.4050694406032562 0.689765453338623 0.8718632459640503 -1 -1 -1 -1 -1 -1 -1 -1 -1
0.40626847743988037 0.6871514320373535 0.8821192979812622 -1 -1 -1 -1 -1 -1 -1 -1 -1
0.40611907839775085 0.6930010318756104 0.871828556060791 -1 -1 -1 -1 -1 -1 -1 -1 -1
0.4080582857131958 0.6910308599472046 0.8659579157829285 -1 -1 -1 -1 -1 -1 -1 -1 -1
0.4035135805606842 0.6867220997810364 0.834525465965271 -1 -1 -1 -1 -1 -1 -1 -1 -1
0.4075974225997925 0.6874020099639893 0.8241013288497925 -1 -1 -1 -1 -1 -1 -1 -1 -1
0.39218583703041077 0.41563722491264343 0.9984446167945862 -1 -1 -1 -1 -1 -1 -1 -1 -1
0.38897988200187683 0.4073031544685364 0.9998742341995239 -1 -1 -1 -1 -1 -1 -1 -1 -1
0.3866812288761139 0.33375561237335205 0.1826712042093277 -1 -1 -1 -1 -1 -1 -1 -1 -1
0.38413330912590027 0.30714255571365356 0.9672232270240784 -1 -1 -1 -1 -1 -1 -1 -1 -1
0.40098968148231506 0.2760487198829651 0.38333314657211304 -1 -1 -1 -1 -1 -1 -1 -1 -1
0.38635891675949097 0.18861937522888184 0.9783868789672852 -1 -1 -1 -1 -1 -1 -1 -1 -1
0.4034196436405182 0.2671203017234802 0.48941588401794434 -1 -1 -1 -1 -1 -1 -1 -1 -1
0.3908069431781769 0.178042471408844 0.9537645578384399 -1 -1 -1 -1 -1 -1 -1 -1 -1
0.39355969429016113 0.25040286779403687 0.4777630865573883 -1 -1 -1 -1 -1 -1 -1 -1 -1
0.3741663694381714 0.16266819834709167 0.9533137679100037 -1 -1 -1 -1 -1 -1 -1 -1 -1
1 
33 
-1 -1 -1 -1 -1 -1 -1 -1 -1 -1
0.39643266797065735 0.2722581624984741 0.9976108074188232 -1 -1 -1 -1 -1 -1 -1 -1 -1
0.3999468684196472 0.2666756510734558 0.9964861869812012 -1 -1 -1 -1 -1 -1 -1 -1 -1
0.39927706122398376 0.2663285732269287 0.995364785194397 -1 -1 -1 -1 -1 -1 -1 -1 -1
0.39860397577285767 0.26606738567352295 0.9964505434036255 -1 -1 -1 -1 -1 -1 -1 -1 -1
0.39387091994285583 0.26326319575309753 0.9969276785850525 -1 -1 -1 -1 -1 -1 -1 -1 -1
0.3924400806427002 0.26369547843933105 0.9970287680625916 -1 -1 -1 -1 -1 -1 -1 -1 -1
0.3914767801761627 0.2638939321041107 0.9972856044769287 -1 -1 -1 -1 -1 -1 -1 -1 -1
0.3907760679721832 0.2630196213722229 0.9946151375770569 -1 -1 -1 -1 -1 -1 -1 -1 -1
0.3854832053184509 0.26734334230422974 0.99739009141922 -1 -1 -1 -1 -1 -1 -1 -1 -1
0.3949454128742218 0.278743177652359 0.9951452612876892 -1 -1 -1 -1 -1 -1 -1 -1 -1
0.39279404282569885 0.2795219123363495 0.9955132603645325 -1 -1 -1 -1 -1 -1 -1 -1 -1
0.3853776752948761 0.3016422390937805 0.9971689581871033 -1 -1 -1 -1 -1 -1 -1 -1 -1
0.37526625394821167 0.3010883927345276 0.9991771578788757 -1 -1 -1 -1 -1 -1 -1 -1 -1
0.39413419365882874 0.24294188618659973 0.2558631896972656 -1 -1 -1 -1 -1 -1 -1 -1 -1
0.3874165713787079 0.23955902457237244 0.9922847747802734 -1 -1 -1 -1 -1 -1 -1 -1 -1
0.3964942395687103 0.1905771791934967 0.5022158622741699 -1 -1 -1 -1 -1 -1 -1 -1 -1
0.3887784481048584 0.17593595385551453 0.9883861541748047 -1 -1 -1 -1 -1 -1 -1 -1 -1
0.39252474904060364 0.17365235090255737 0.506419837474823 -1 -1 -1 -1 -1 -1 -1 -1 -1
0.38779765367507935 0.1591947376728058 0.9774642586708069 -1 -1 -1 -1 -1 -1 -1 -1 -1
0.39223960041999817 0.1666637659072876 0.509229838848114 -1 -1 -1 -1 -1 -1 -1 -1 -1
0.3873251974582672 0.15784341096878052 0.9724346399307251 -1 -1 -1 -1 -1 -1 -1 -1 -1
0.3947587013244629 0.17592757940292358 0.535872757434845 -1 -1 -1 -1 -1 -1 -1 -1 -1
0.3885532319545746 0.16557228565216064 0.9602900743484497 -1 -1 -1 -1 -1 -1 -1 -1 -1
0.37612631916999817 0.4738589823246002 0.999776303768158 -1 -1 -1 -1 -1 -1 -1 -1 -1
0.3729218542575836 0.47029972076416016 0.9996159076690674 -1 -1 -1 -1 -1 -1 -1 -1 -1
0.40729618072509766 0.5741640329360962 0.6842836141586304 -1 -1 -1 -1 -1 -1 -1 -1 -1
0.4166021943092346 0.4708898663520813 0.9918515086174011 -1 -1 -1 -1 -1 -1 -1 -1 -1
0.4095083177089691 0.6675733923912048 0.9041783809661865 -1 -1 -1 -1 -1 -1 -1 -1 -1
0.4098825454711914 0.5939935445785522 0.9865587949752808 -1 -1 -1 -1 -1 -1 -1 -1 -1
0.4049716293811798 0.6913373470306396 0.919434130191803 -1 -1 -1 -1 -1 -1 -1 -1 -1
0.4012405574321747 0.6100641489028931 0.9783550500869751 -1 -1 -1 -1 -1 -1 -1 -1 -1
0.4401254653930664 0.6963514089584351 0.930638313293457 -1 -1 -1 -1 -1 -1 -1 -1 -1
0.43275880813598633 0.6176837682723999 0.9798281788825989 -1 -1 -1 -1 -1 -1 -1 -1 -1
1 
33 
-1 -1 -1 -1 -1 -1 -1 -1 -1 -1
0.41638949513435364 0.2775801420211792 0.9999473094940186 -1 -1 -1 -1 -1 -1 -1 -1 -1
0.417914479970932 0.2630666494369507 0.9999063014984131 -1 -1 -1 -1 -1 -1 -1 -1 -1
0.4177462160587311 0.2626062035560608 0.9998394250869751 -1 -1 -1 -1 -1 -1 -1 -1 -1
0.4174358546733856 0.26220542192459106 0.9998847246170044 -1 -1 -1 -1 -1 -1 -1 -1 -1
0.41642698645591736 0.2623974084854126 0.9999327659606934 -1 -1 -1 -1 -1 -1 -1 -1 -1
0.41518738865852356 0.26154565811157227 0.999919056892395 -1 -1 -1 -1 -1 -1 -1 -1 -1
0.41383418440818787 0.260667085647583 0.9999351501464844 -1 -1 -1 -1 -1 -1 -1 -1 -1
0.4097341299057007 0.25918227434158325 0.9997875094413757 -1 -1 -1 -1 -1 -1 -1 -1 -1
0.40598252415657043 0.25639835000038147 0.9999514818191528 -1 -1 -1 -1 -1 -1 -1 -1 -1
0.4122696816921234 0.2843386232852936 0.9996974468231201 -1 -1 -1 -1 -1 -1 -1 -1 -1
0.410565048456192 0.2828162610530853 0.9997698664665222 -1 -1 -1 -1 -1 -1 -1 -1 -1
0.39052048325538635 0.30404961109161377 0.9991821646690369 -1 -1 -1 -1 -1 -1 -1 -1 -1
0.3756658434867859 0.29664963483810425 0.9997594952583313 -1 -1 -1 -1 -1 -1 -1 -1 -1
0.3985947370529175 0.25233396887779236 0.19643433392047882 -1 -1 -1 -1 -1 -1 -1 -1 -1
0.3855215013027191 0.23610083758831024 0.9876790642738342 -1 -1 -1 -1 -1 -1 -1 -1 -1
0.4004196524620056 0.2044847309589386 0.2474318891763687 -1 -1 -1 -1 -1 -1 -1 -1 -1
0.3891490697860718 0.16144710779190063 0.9629939198493958 -1 -1 -1 -1 -1 -1 -1 -1 -1
0.3953394293785095 0.18984833359718323 0.2819167375564575 -1 -1 -1 -1 -1 -1 -1 -1 -1
0.3900049030780792 0.14957591891288757 0.9412633776664734 -1 -1 -1 -1 -1 -1 -1 -1 -1
0.39632976055145264 0.19140279293060303 0.2917053699493408 -1 -1 -1 -1 -1 -1 -1 -1 -1
0.39029717445373535 0.14805057644844055 0.935335636138916 -1 -1 -1 -1 -1 -1 -1 -1 -1
0.3969903290271759 0.1943640410900116 0.32891279458999634 -1 -1 -1 -1 -1 -1 -1 -1 -1
0.3900654911994934 0.1519286036491394 0.9195127487182617 -1 -1 -1 -1 -1 -1 -1 -1 -1
0.37305498123168945 0.4658431112766266 0.9998917579650879 -1 -1 -1 -1 -1 -1 -1 -1 -1
0.3739401698112488 0.4562057554721832 0.9996362924575806 -1 -1 -1 -1 -1 -1 -1 -1 -1
0.384834349155426 0.5653582215309143 0.841896116733551 -1 -1 -1 -1 -1 -1 -1 -1 -1
0.43110769987106323 0.46218371391296387 0.9913103580474854 -1 -1 -1 -1 -1 -1 -1 -1 -1
0.41006019711494446 0.6666327714920044 0.9484492540359497 -1 -1 -1 -1 -1 -1 -1 -1 -1
0.3867166340351105 0.508699893951416 0.9504256844520569 -1 -1 -1 -1 -1 -1 -1 -1 -1
0.4093283414840698 0.6822575330734253 0.9256733059883118 -1 -1 -1 -1 -1 -1 -1 -1 -1
0.37935328483581543 0.5079828500747681 0.935964822769165 -1 -1 -1 -1 -1 -1 -1 -1 -1
0.4372953772544861 0.7021222114562988 0.9455402493476868 -1 -1 -1 -1 -1 -1 -1 -1 -1
0.3964657485485077 0.5534349083900452 0.9301251173019409 -1 -1 -1 -1 -1 -1 -1 -1 -1
1 
33 
-1 -1 -1 -1 -1 -1 -1 -1 -1 -1
0.4083790183067322 0.29746145009994507 0.9999145269393921 -1 -1 -1 -1 -1 -1 -1 -1 -1
0.4103066325187683 0.2872273325920105 0.9998192191123962 -1 -1 -1 -1 -1 -1 -1 -1 -1
0.410351037979126 0.2869334816932678 0.9997072815895081 -1 -1 -1 -1 -1 -1 -1 -1 -1
0.41040298342704773 0.28662267327308655 0.9998248219490051 -1 -1 -1 -1 -1 -1 -1 -1 -1
0.40876826643943787 0.28633785247802734 0.9998571872711182 -1 -1 -1 -1 -1 -1 -1 -1 -1
0.4077417850494385 0.28531205654144287 0.9998260140419006 -1 -1 -1 -1 -1 -1 -1 -1 -1
0.4068196415901184 0.28424084186553955 0.9998602867126465 -1 -1 -1 -1 -1 -1 -1 -1 -1
0.4049832224845886 0.2839590311050415 0.999550998210907 -1 -1 -1 -1 -1 -1 -1 -1 -1
0.40063586831092834 0.27895426750183105 0.9998949766159058 -1 -1 -1 -1 -1 -1 -1 -1 -1
0.4051245152950287 0.3030359447002411 0.9995576739311218 -1 -1 -1 -1 -1 -1 -1 -1 -1
0.40305760502815247 0.3014562726020813 0.9996170997619629 -1 -1 -1 -1 -1 -1 -1 -1 -1
0.3910638391971588 0.3171674609184265 0.999602735042572 -1 -1 -1 -1 -1 -1 -1 -1 -1
0.3737597167491913 0.29746848344802856 0.9998561143875122 -1 -1 -1 -1 -1 -1 -1 -1 -1
0.40870192646980286 0.2710517942905426 0.24454164505004883 -1 -1 -1 -1 -1 -1 -1 -1 -1
0.38543763756752014 0.23116737604141235 0.9933416247367859 -1 -1 -1 -1 -1 -1 -1 -1 -1
0.4088324308395386 0.20929113030433655 0.29940614104270935 -1 -1 -1 -1 -1 -1 -1 -1 -1
0.3927359879016876 0.16416066884994507 0.9796808958053589 -1 -1 -1 -1 -1 -1 -1 -1 -1
0.40845492482185364 0.19743922352790833 0.29307839274406433 -1 -1 -1 -1 -1 -1 -1 -1 -1
0.3934983015060425 0.1501830816268921 0.9680349826812744 -1 -1 -1 -1 -1 -1 -1 -1 -1
0.40563178062438965 0.19354265928268433 0.29691293835639954 -1 -1 -1 -1 -1 -1 -1 -1 -1
0.3937762677669525 0.14643993973731995 0.9618514180183411 -1 -1 -1 -1 -1 -1 -1 -1 -1
0.404634952545166 0.19795182347297668 0.34105005860328674 -1 -1 -1 -1 -1 -1 -1 -1 -1
0.39364439249038696 0.15308025479316711 0.9482531547546387 -1 -1 -1 -1 -1 -1 -1 -1 -1
0.3782486319541931 0.4635334610939026 0.9999010562896729 -1 -1 -1 -1 -1 -1 -1 -1 -1
0.37357014417648315 0.45511871576309204 0.999691367149353 -1 -1 -1 -1 -1 -1 -1 -1 -1
0.3828296363353729 0.556898295879364 0.8160091042518616 -1 -1 -1 -1 -1 -1 -1 -1 -1
0.4232666492462158 0.4852479100227356 0.9938352108001709 -1 -1 -1 -1 -1 -1 -1 -1 -1
0.405444473028183 0.6609423756599426 0.9513680934906006 -1 -1 -1 -1 -1 -1 -1 -1 -1
0.3767072260379791 0.5309302806854248 0.9772054553031921 -1 -1 -1 -1 -1 -1 -1 -1 -1
0.40141040086746216 0.6767892837524414 0.9311549067497253 -1 -1 -1 -1 -1 -1 -1 -1 -1
0.36846745014190674 0.5236122012138367 0.9651787877082825 -1 -1 -1 -1 -1 -1 -1 -1 -1
0.4265564978122711 0.6989413499832153 0.9633558392524719 -1 -1 -1 -1 -1 -1 -1 -1 -1
0.3763546049594879 0.5794687271118164 0.9709043502807617 -1 -1 -1 -1 -1 -1 -1 -1 -1
1 
33 
-1 -1 -1 -1 -1 -1 -1 -1 -1 -1
0.4055824279785156 0.3058318495750427 0.9996455907821655 -1 -1 -1 -1 -1 -1 -1 -1 -1
0.40757375955581665 0.2973031997680664 0.9993841648101807 -1 -1 -1 -1 -1 -1 -1 -1 -1
0.40791893005371094 0.2974943518638611 0.9989173412322998 -1 -1 -1 -1 -1 -1 -1 -1 -1
0.4082997441291809 0.29774683713912964 0.9993113279342651 -1 -1 -1 -1 -1 -1 -1 -1 -1
0.4055005609989166 0.2951962649822235 0.999503493309021 -1 -1 -1 -1 -1 -1 -1 -1 -1
0.40429937839508057 0.2938443422317505 0.9994065761566162 -1 -1 -1 -1 -1 -1 -1 -1 -1
0.40319886803627014 0.29251009225845337 0.9995396137237549 -1 -1 -1 -1 -1 -1 -1 -1 -1
0.40371787548065186 0.29582977294921875 0.998323380947113 -1 -1 -1 -1 -1 -1 -1 -1 -1
0.39684829115867615 0.2884371876716614 0.9995885491371155 -1 -1 -1 -1 -1 -1 -1 -1 -1
0.4033951759338379 0.3124522566795349 0.9978577494621277 -1 -1 -1 -1 -1 -1 -1 -1 -1
0.40087926387786865 0.3091864287853241 0.9980344176292419 -1 -1 -1 -1 -1 -1 -1 -1 -1
0.39038217067718506 0.3284994065761566 0.999175488948822 -1 -1 -1 -1 -1 -1 -1 -1 -1
0.37215283513069153 0.298770546913147 0.999832272529602 -1 -1 -1 -1 -1 -1 -1 -1 -1
0.40491291880607605 0.30748045444488525 0.10427359491586685 -1 -1 -1 -1 -1 -1 -1 -1 -1
0.3846971392631531 0.23830562829971313 0.9967226386070251 -1 -1 -1 -1 -1 -1 -1 -1 -1
0.40709012746810913 0.26188167929649353 0.19124284386634827 -1 -1 -1 -1 -1 -1 -1 -1 -1
0.39290472865104675 0.1685490906238556 0.9917928576469421 -1 -1 -1 -1 -1 -1 -1 -1 -1
0.4075320065021515 0.2538892328739166 0.19074474275112152 -1 -1 -1 -1 -1 -1 -1 -1 -1
0.3950820565223694 0.1557827591896057 0.9823388457298279 -1 -1 -1 -1 -1 -1 -1 -1 -1
0.4053278863430023 0.2479633241891861 0.19613116979599 -1 -1 -1 -1 -1 -1 -1 -1 -1
0.3956725001335144 0.15340188145637512 0.9790419936180115 -1 -1 -1 -1 -1 -1 -1 -1 -1
0.4043441414833069 0.2508971095085144 0.2328934520483017 -1 -1 -1 -1 -1 -1 -1 -1 -1
0.3949352204799652 0.1581456959247589 0.9704142212867737 -1 -1 -1 -1 -1 -1 -1 -1 -1
0.38107070326805115 0.4594748616218567 0.9997393488883972 -1 -1 -1 -1 -1 -1 -1 -1 -1
0.37768903374671936 0.45171117782592773 0.9995008707046509 -1 -1 -1 -1 -1 -1 -1 -1 -1
0.38705357909202576 0.5561319589614868 0.6613858938217163 -1 -1 -1 -1 -1 -1 -1 -1 -1
0.4190950095653534 0.5065854787826538 0.9893844723701477 -1 -1 -1 -1 -1 -1 -1 -1 -1
0.40704309940338135 0.6657792329788208 0.8874174356460571 -1 -1 -1 -1 -1 -1 -1 -1 -1
0.3774831295013428 0.558006227016449 0.9747341871261597 -1 -1 -1 -1 -1 -1 -1 -1 -1
0.4033288061618805 0.6798225045204163 0.8463133573532104 -1 -1 -1 -1 -1 -1 -1 -1 -1
0.36776918172836304 0.5528042316436768 0.9554580450057983 -1 -1 -1 -1 -1 -1 -1 -1 -1
0.42860984802246094 0.7043311595916748 0.9166066646575928 -1 -1 -1 -1 -1 -1 -1 -1 -1
0.37786322832107544 0.6098589301109314 0.9687311053276062 -1 -1 -1 -1 -1 -1 -1 -1 -1
1 
33 
-1 -1 -1 -1 -1 -1 -1 -1 -1 -1
0.388740599155426 0.2957991361618042 0.9998464584350586 -1 -1 -1 -1 -1 -1 -1 -1 -1
0.38606080412864685 0.2909560799598694 0.9996902942657471 -1 -1 -1 -1 -1 -1 -1 -1 -1
0.3880420923233032 0.28802990913391113 0.9995446801185608 -1 -1 -1 -1 -1 -1 -1 -1 -1
0.3878789246082306 0.28807321190834045 0.9998251795768738 -1 -1 -1 -1 -1 -1 -1 -1 -1
0.38409894704818726 0.28980404138565063 0.999739944934845 -1 -1 -1 -1 -1 -1 -1 -1 -1
0.38301753997802734 0.2895311415195465 0.9997014403343201 -1 -1 -1 -1 -1 -1 -1 -1 -1
0.38182833790779114 0.2891320586204529 0.9998055100440979 -1 -1 -1 -1 -1 -1 -1 -1 -1
0.38319194316864014 0.29012173414230347 0.9996127486228943 -1 -1 -1 -1 -1 -1 -1 -1 -1
0.3770914077758789 0.29193034768104553 0.9997748732566833 -1 -1 -1 -1 -1 -1 -1 -1 -1
0.3887762427330017 0.30286163091659546 0.999309778213501 -1 -1 -1 -1 -1 -1 -1 -1 -1
0.38761448860168457 0.30148279666900635 0.999189555644989 -1 -1 -1 -1 -1 -1 -1 -1 -1
0.38697877526283264 0.33588123321533203 0.9998893737792969 -1 -1 -1 -1 -1 -1 -1 -1 -1
0.3737579882144928 0.3081037700176239 0.9999594688415527 -1 -1 -1 -1 -1 -1 -1 -1 -1
0.39871424436569214 0.3395110070705414 0.049900855869054794 -1 -1 -1 -1 -1 -1 -1 -1 -1
0.38879522681236267 0.24191412329673767 0.9954009652137756 -1 -1 -1 -1 -1 -1 -1 -1 -1
0.40376511216163635 0.3194029927253723 0.09516187012195587 -1 -1 -1 -1 -1 -1 -1 -1 -1
0.39654481410980225 0.17787888646125793 0.9909166693687439 -1 -1 -1 -1 -1 -1 -1 -1 -1
0.4033770263195038 0.31722694635391235 0.1359521597623825 -1 -1 -1 -1 -1 -1 -1 -1 -1
0.3971811532974243 0.17070883512496948 0.9911175966262817 -1 -1 -1 -1 -1 -1 -1 -1 -1
0.40281549096107483 0.3090519607067108 0.1366686075925827 -1 -1 -1 -1 -1 -1 -1 -1 -1
0.39764535427093506 0.16917073726654053 0.9873580932617188 -1 -1 -1 -1 -1 -1 -1 -1 -1
0.4028187394142151 0.30953365564346313 0.1429435759782791 -1 -1 -1 -1 -1 -1 -1 -1 -1
0.3974885046482086 0.17099341750144958 0.9776431918144226 -1 -1 -1 -1 -1 -1 -1 -1 -1
0.3808518052101135 0.45022985339164734 0.999988317489624 -1 -1 -1 -1 -1 -1 -1 -1 -1
0.37532347440719604 0.44628751277923584 0.9999741315841675 -1 -1 -1 -1 -1 -1 -1 -1 -1
0.40153002738952637 0.5380876064300537 0.7852864861488342 -1 -1 -1 -1 -1 -1 -1 -1 -1
0.4138304889202118 0.5158423781394958 0.9871330261230469 -1 -1 -1 -1 -1 -1 -1 -1 -1
0.40777701139450073 0.6562502980232239 0.9210849404335022 -1 -1 -1 -1 -1 -1 -1 -1 -1
0.3849344551563263 0.585493803024292 0.9211220741271973 -1 -1 -1 -1 -1 -1 -1 -1 -1
0.40413713455200195 0.6644901037216187 0.8828670382499695 -1 -1 -1 -1 -1 -1 -1 -1 -1
0.3768395483493805 0.5857930183410645 0.912429928779602 -1 -1 -1 -1 -1 -1 -1 -1 -1
0.4186331629753113 0.6876004338264465 0.9543237686157227 -1 -1 -1 -1 -1 -1 -1 -1 -1
0.38686031103134155 0.6334852576255798 0.9475606083869934 -1 -1 -1 -1 -1 -1 -1 -1 -1
1 
33 
-1 -1 -1 -1 -1 -1 -1 -1 -1 -1
0.39527684450149536 0.3158385157585144 0.9885774850845337 -1 -1 -1 -1 -1 -1 -1 -1 -1
0.3930877149105072 0.3169332444667816 0.9883943796157837 -1 -1 -1 -1 -1 -1 -1 -1 -1
0.3936534523963928 0.3168814778327942 0.9832620620727539 -1 -1 -1 -1 -1 -1 -1 -1 -1
0.3942253887653351 0.3168865442276001 0.9895775318145752 -1 -1 -1 -1 -1 -1 -1 -1 -1
0.3912191390991211 0.31552210450172424 0.9878146648406982 -1 -1 -1 -1 -1 -1 -1 -1 -1
0.3903057873249054 0.3143310844898224 0.9863024353981018 -1 -1 -1 -1 -1 -1 -1 -1 -1
0.38939782977104187 0.3131471872329712 0.9924597144126892 -1 -1 -1 -1 -1 -1 -1 -1 -1
0.39383646845817566 0.31304046511650085 0.987923800945282 -1 -1 -1 -1 -1 -1 -1 -1 -1
0.3866842985153198 0.30786049365997314 0.9876818060874939 -1 -1 -1 -1 -1 -1 -1 -1 -1
0.3935506343841553 0.3208417594432831 0.9861776828765869 -1 -1 -1 -1 -1 -1 -1 -1 -1
0.39028769731521606 0.31743255257606506 0.9873878359794617 -1 -1 -1 -1 -1 -1 -1 -1 -1
0.39640355110168457 0.33792465925216675 0.9961404204368591 -1 -1 -1 -1 -1 -1 -1 -1 -1
0.38014328479766846 0.30259084701538086 0.999830961227417 -1 -1 -1 -1 -1 -1 -1 -1 -1
0.40458083152770996 0.36086201667785645 0.07841187715530396 -1 -1 -1 -1 -1 -1 -1 -1 -1
0.3916771709918976 0.2595638632774353 0.9856533408164978 -1 -1 -1 -1 -1 -1 -1 -1 -1
0.40654197335243225 0.35557323694229126 0.04175736382603645 -1 -1 -1 -1 -1 -1 -1 -1 -1
0.3972150981426239 0.19678638875484467 0.9756906628608704 -1 -1 -1 -1 -1 -1 -1 -1 -1
0.40502819418907166 0.359402596950531 0.046938758343458176 -1 -1 -1 -1 -1 -1 -1 -1 -1
0.39480599761009216 0.19528043270111084 0.962607204914093 -1 -1 -1 -1 -1 -1 -1 -1 -1
0.4055607318878174 0.35301557183265686 0.04987277463078499 -1 -1 -1 -1 -1 -1 -1 -1 -1
0.39539676904678345 0.19643056392669678 0.9593517184257507 -1 -1 -1 -1 -1 -1 -1 -1 -1
0.4060022234916687 0.35081642866134644 0.04988318309187889 -1 -1 -1 -1 -1 -1 -1 -1 -1
0.39725756645202637 0.19826360046863556 0.9461587071418762 -1 -1 -1 -1 -1 -1 -1 -1 -1
0.3783900737762451 0.4270595610141754 0.9995587468147278 -1 -1 -1 -1 -1 -1 -1 -1 -1
0.36724594235420227 0.41916608810424805 0.999903678894043 -1 -1 -1 -1 -1 -1 -1 -1 -1
0.40011897683143616 0.5225456953048706 0.6859150528907776 -1 -1 -1 -1 -1 -1 -1 -1 -1
0.4042956531047821 0.5160151720046997 0.9804446697235107 -1 -1 -1 -1 -1 -1 -1 -1 -1
0.39563363790512085 0.6123877763748169 0.7772613167762756 -1 -1 -1 -1 -1 -1 -1 -1 -1
0.4019884765148163 0.6238158941268921 0.9921371340751648 -1 -1 -1 -1 -1 -1 -1 -1 -1
0.39152562618255615 0.6174876093864441 0.7910903096199036 -1 -1 -1 -1 -1 -1 -1 -1 -1
0.39526230096817017 0.630450427532196 0.9854370951652527 -1 -1 -1 -1 -1 -1 -1 -1 -1
0.39948397874832153 0.6448537111282349 0.6993006467819214 -1 -1 -1 -1 -1 -1 -1 -1 -1
0.41414201259613037 0.6603220105171204 0.9807748198509216 -1 -1 -1 -1 -1 -1 -1 -1 -1
1 
33 
-1 -1 -1 -1 -1 -1 -1 -1 -1 -1
0.4042021632194519 0.3186885714530945 0.9823192954063416 -1 -1 -1 -1 -1 -1 -1 -1 -1
0.40535834431648254 0.31029096245765686 0.9817829728126526 -1 -1 -1 -1 -1 -1 -1 -1 -1
0.4052557945251465 0.3100150525569916 0.9699386954307556 -1 -1 -1 -1 -1 -1 -1 -1 -1
0.40513551235198975 0.30981218814849854 0.9841619729995728 -1 -1 -1 -1 -1 -1 -1 -1 -1
0.4044421911239624 0.3091233968734741 0.9813422560691833 -1 -1 -1 -1 -1 -1 -1 -1 -1
0.4037002921104431 0.30791160464286804 0.972176194190979 -1 -1 -1 -1 -1 -1 -1 -1 -1
0.402976930141449 0.3067443370819092 0.9858599305152893 -1 -1 -1 -1 -1 -1 -1 -1 -1
0.4021187722682953 0.30639415979385376 0.9744666814804077 -1 -1 -1 -1 -1 -1 -1 -1 -1
0.3988186717033386 0.303852915763855 0.9787206649780273 -1 -1 -1 -1 -1 -1 -1 -1 -1
0.4046630561351776 0.3183055520057678 0.9658192992210388 -1 -1 -1 -1 -1 -1 -1 -1 -1
0.4009338915348053 0.3214285969734192 0.9691187143325806 -1 -1 -1 -1 -1 -1 -1 -1 -1
0.3965636193752289 0.3269956111907959 0.9970490336418152 -1 -1 -1 -1 -1 -1 -1 -1 -1
0.3856468200683594 0.3075585961341858 0.9996668100357056 -1 -1 -1 -1 -1 -1 -1 -1 -1
0.4030941128730774 0.26136302947998047 0.5007831454277039 -1 -1 -1 -1 -1 -1 -1 -1 -1
0.3974434733390808 0.23958304524421692 0.9759416580200195 -1 -1 -1 -1 -1 -1 -1 -1 -1
0.40629300475120544 0.19088321924209595 0.5456336736679077 -1 -1 -1 -1 -1 -1 -1 -1 -1
0.4052976369857788 0.1823521852493286 0.954836368560791 -1 -1 -1 -1 -1 -1 -1 -1 -1
0.4081428349018097 0.17662173509597778 0.5385172367095947 -1 -1 -1 -1 -1 -1 -1 -1 -1
0.40800413489341736 0.17005741596221924 0.932604968547821 -1 -1 -1 -1 -1 -1 -1 -1 -1
0.4100823700428009 0.17956525087356567 0.5242841839790344 -1 -1 -1 -1 -1 -1 -1 -1 -1
0.4083631932735443 0.16819584369659424 0.9209654927253723 -1 -1 -1 -1 -1 -1 -1 -1 -1
0.4105994701385498 0.18334266543388367 0.5067322254180908 -1 -1 -1 -1 -1 -1 -1 -1 -1
0.4077693819999695 0.1724604368209839 0.8951118588447571 -1 -1 -1 -1 -1 -1 -1 -1 -1
0.3833799362182617 0.44524815678596497 0.9987442493438721 -1 -1 -1 -1 -1 -1 -1 -1 -1
0.3823123276233673 0.4440721869468689 0.9991520643234253 -1 -1 -1 -1 -1 -1 -1 -1 -1
0.4026649594306946 0.541888952255249 0.14483389258384705 -1 -1 -1 -1 -1 -1 -1 -1 -1
0.40499380230903625 0.5379481911659241 0.8824735879898071 -1 -1 -1 -1 -1 -1 -1 -1 -1
0.40568965673446655 0.6437538266181946 0.184903085231781 -1 -1 -1 -1 -1 -1 -1 -1 -1
0.40726178884506226 0.6472236514091492 0.8499008417129517 -1 -1 -1 -1 -1 -1 -1 -1 -1
0.4005739390850067 0.6526622772216797 0.25140103697776794 -1 -1 -1 -1 -1 -1 -1 -1 -1
0.4015665054321289 0.6559060215950012 0.83933025598526 -1 -1 -1 -1 -1 -1 -1 -1 -1
0.41879329085350037 0.6845008730888367 0.2729140818119049 -1 -1 -1 -1 -1 -1 -1 -1 -1
0.4203144907951355 0.6916466355323792 0.7962102890014648 -1 -1 -1 -1 -1 -1 -1 -1 -1
1 
33 
-1 -1 -1 -1 -1 -1 -1 -1 -1 -1
0.4032444357872009 0.32975852489471436 0.9800373315811157 -1 -1 -1 -1 -1 -1 -1 -1 -1
0.4071914553642273 0.3298161029815674 0.9706102609634399 -1 -1 -1 -1 -1 -1 -1 -1 -1
0.4083298146724701 0.33141404390335083 0.9638466238975525 -1 -1 -1 -1 -1 -1 -1 -1 -1
0.40944704413414 0.3330596387386322 0.9711079001426697 -1 -1 -1 -1 -1 -1 -1 -1 -1
0.4047989249229431 0.3245205879211426 0.9588271379470825 -1 -1 -1 -1 -1 -1 -1 -1 -1
0.40438351035118103 0.32269343733787537 0.9486009478569031 -1 -1 -1 -1 -1 -1 -1 -1 -1
0.40395158529281616 0.3208759129047394 0.9626989364624023 -1 -1 -1 -1 -1 -1 -1 -1 -1
0.4150136411190033 0.33546552062034607 0.9537714719772339 -1 -1 -1 -1 -1 -1 -1 -1 -1
0.40630701184272766 0.31621089577674866 0.959388256072998 -1 -1 -1 -1 -1 -1 -1 -1 -1
0.4047553241252899 0.33463728427886963 0.9544230103492737 -1 -1 -1 -1 -1 -1 -1 -1 -1
0.402408242225647 0.3300306499004364 0.957355260848999 -1 -1 -1 -1 -1 -1 -1 -1 -1
0.4230925142765045 0.36831605434417725 0.9948829412460327 -1 -1 -1 -1 -1 -1 -1 -1 -1
0.3996862769126892 0.29914650321006775 0.999273955821991 -1 -1 -1 -1 -1 -1 -1 -1 -1
0.422641396522522 0.4011581540107727 0.7308981418609619 -1 -1 -1 -1 -1 -1 -1 -1 -1
0.39982739090919495 0.24778255820274353 0.6785520315170288 -1 -1 -1 -1 -1 -1 -1 -1 -1
0.4239959418773651 0.3907530903816223 0.27217936515808105 -1 -1 -1 -1 -1 -1 -1 -1 -1
0.4098072052001953 0.19379077851772308 0.5489004850387573 -1 -1 -1 -1 -1 -1 -1 -1 -1
0.42306315898895264 0.3899504244327545 0.20923319458961487 -1 -1 -1 -1 -1 -1 -1 -1 -1
0.41044673323631287 0.18522697687149048 0.44933855533599854 -1 -1 -1 -1 -1 -1 -1 -1 -1
0.42544296383857727 0.38796335458755493 0.21375073492527008 -1 -1 -1 -1 -1 -1 -1 -1 -1
0.4115646183490753 0.18368405103683472 0.4581080973148346 -1 -1 -1 -1 -1 -1 -1 -1 -1
0.42512398958206177 0.38701027631759644 0.1916043907403946 -1 -1 -1 -1 -1 -1 -1 -1 -1
0.41199246048927307 0.18888163566589355 0.47403207421302795 -1 -1 -1 -1 -1 -1 -1 -1 -1
0.39441731572151184 0.4093930721282959 0.9996806383132935 -1 -1 -1 -1 -1 -1 -1 -1 -1
0.3770759105682373 0.37386706471443176 0.999879002571106 -1 -1 -1 -1 -1 -1 -1 -1 -1
0.39991843700408936 0.50417160987854 0.8770614862442017 -1 -1 -1 -1 -1 -1 -1 -1 -1
0.36553242802619934 0.3801715075969696 0.8168630003929138 -1 -1 -1 -1 -1 -1 -1 -1 -1
0.4063538908958435 0.5984675884246826 0.966596782207489 -1 -1 -1 -1 -1 -1 -1 -1 -1
0.3534916937351227 0.4125606417655945 0.7076683640480042 -1 -1 -1 -1 -1 -1 -1 -1 -1
0.4029531180858612 0.6117717027664185 0.9032751321792603 -1 -1 -1 -1 -1 -1 -1 -1 -1
0.3517841696739197 0.4204976260662079 0.6962816119194031 -1 -1 -1 -1 -1 -1 -1 -1 -1
0.41843733191490173 0.6246261596679688 0.9241944551467896 -1 -1 -1 -1 -1 -1 -1 -1 -1
0.35038474202156067 0.4093817174434662 0.7239041924476624 -1 -1 -1 -1 -1 -1 -1 -1 -1
1 
33 
-1 -1 -1 -1 -1 -1 -1 -1 -1 -1
0.4148588478565216 0.3432479202747345 0.9800926446914673 -1 -1 -1 -1 -1 -1 -1 -1 -1
0.4154379069805145 0.3447093963623047 0.9738977551460266 -1 -1 -1 -1 -1 -1 -1 -1 -1
0.41574278473854065 0.34590309858322144 0.9632607102394104 -1 -1 -1 -1 -1 -1 -1 -1 -1
0.41605204343795776 0.3471735119819641 0.9658210873603821 -1 -1 -1 -1 -1 -1 -1 -1 -1
0.41412729024887085 0.340770423412323 0.9761818647384644 -1 -1 -1 -1 -1 -1 -1 -1 -1
0.41366395354270935 0.3396342396736145 0.9800407886505127 -1 -1 -1 -1 -1 -1 -1 -1 -1
0.41321539878845215 0.338492214679718 0.9767163991928101 -1 -1 -1 -1 -1 -1 -1 -1 -1
0.41572681069374084 0.35090574622154236 0.988528311252594 -1 -1 -1 -1 -1 -1 -1 -1 -1
0.41083335876464844 0.3361859917640686 0.9859834313392639 -1 -1 -1 -1 -1 -1 -1 -1 -1
0.4136243462562561 0.34592190384864807 0.9764065146446228 -1 -1 -1 -1 -1 -1 -1 -1 -1
0.4123000502586365 0.3422973155975342 0.984265923500061 -1 -1 -1 -1 -1 -1 -1 -1 -1
0.415960431098938 0.3783878684043884 0.9998908042907715 -1 -1 -1 -1 -1 -1 -1 -1 -1
0.40256941318511963 0.3221287727355957 0.9999146461486816 -1 -1 -1 -1 -1 -1 -1 -1 -1
0.4202570915222168 0.3910115659236908 0.10271064937114716 -1 -1 -1 -1 -1 -1 -1 -1 -1
0.40017324686050415 0.2791022062301636 0.47783133387565613 -1 -1 -1 -1 -1 -1 -1 -1 -1
0.42265698313713074 0.3616746962070465 0.12248940020799637 -1 -1 -1 -1 -1 -1 -1 -1 -1
0.41044437885284424 0.2726227045059204 0.45179808139801025 -1 -1 -1 -1 -1 -1 -1 -1 -1
0.4230484068393707 0.35609525442123413 0.2179616540670395 -1 -1 -1 -1 -1 -1 -1 -1 -1
0.4120553433895111 0.2709992229938507 0.5869367718696594 -1 -1 -1 -1 -1 -1 -1 -1 -1
0.4224540591239929 0.3486842215061188 0.17364540696144104 -1 -1 -1 -1 -1 -1 -1 -1 -1
0.4139852523803711 0.2743421196937561 0.4728635549545288 -1 -1 -1 -1 -1 -1 -1 -1 -1
0.4217846691608429 0.348862886428833 0.1566612869501114 -1 -1 -1 -1 -1 -1 -1 -1 -1
0.41370531916618347 0.27623647451400757 0.41389933228492737 -1 -1 -1 -1 -1 -1 -1 -1 -1
0.38692495226860046 0.3994224965572357 0.9999991655349731 -1 -1 -1 -1 -1 -1 -1 -1 -1
0.37876009941101074 0.3578702509403229 0.9999939203262329 -1 -1 -1 -1 -1 -1 -1 -1 -1
0.3872748613357544 0.4558524191379547 0.9858241081237793 -1 -1 -1 -1 -1 -1 -1 -1 -1
0.3798920810222626 0.2931387424468994 0.980564534664154 -1 -1 -1 -1 -1 -1 -1 -1 -1
0.37763917446136475 0.47493886947631836 0.6044836640357971 -1 -1 -1 -1 -1 -1 -1 -1 -1
0.3902801275253296 0.2635885179042816 0.9457857608795166 -1 -1 -1 -1 -1 -1 -1 -1 -1
0.37258267402648926 0.47200822830200195 0.9573560953140259 -1 -1 -1 -1 -1 -1 -1 -1 -1
0.3865087032318115 0.26946142315864563 0.9955899715423584 -1 -1 -1 -1 -1 -1 -1 -1 -1
0.3839178681373596 0.4926811754703522 0.8715685606002808 -1 -1 -1 -1 -1 -1 -1 -1 -1
0.40211784839630127 0.22802399098873138 0.9863401651382446 -1 -1 -1 -1 -1 -1 -1 -1 -1
1 
