8
1 
33 
-1 -1 -1 -1 -1 -1 -1 -1 -1 -1
0.5265776515007019 0.5758850574493408 0.9990522265434265 -1 -1 -1 -1 -1 -1 -1 -1 -1
0.5250678658485413 0.5668851733207703 0.9996052384376526 -1 -1 -1 -1 -1 -1 -1 -1 -1
0.5252732038497925 0.5603793859481812 0.9996795654296875 -1 -1 -1 -1 -1 -1 -1 -1 -1
0.5259095430374146 0.5587694644927979 0.9996551275253296 -1 -1 -1 -1 -1 -1 -1 -1 -1
0.5234277248382568 0.5605456233024597 0.9991175532341003 -1 -1 -1 -1 -1 -1 -1 -1 -1
0.5235527753829956 0.5591455698013306 0.9991521835327148 -1 -1 -1 -1 -1 -1 -1 -1 -1
0.5237348675727844 0.5570999383926392 0.9993788003921509 -1 -1 -1 -1 -1 -1 -1 -1 -1
0.5314993262290955 0.5550836324691772 0.9996174573898315 -1 -1 -1 -1 -1 -1 -1 -1 -1
0.5291785001754761 0.552785336971283 0.9994723200798035 -1 -1 -1 -1 -1 -1 -1 -1 -1
0.5329923033714294 0.5751656889915466 0.9985784292221069 -1 -1 -1 -1 -1 -1 -1 -1 -1
0.531519889831543 0.5746371746063232 0.9978305697441101 -1 -1 -1 -1 -1 -1 -1 -1 -1
0.5573991537094116 0.5853040814399719 0.9996306896209717 -1 -1 -1 -1 -1 -1 -1 -1 -1
0.551885724067688 0.5694696307182312 0.9984654188156128 -1 -1 -1 -1 -1 -1 -1 -1 -1
0.5167914032936096 0.588803231716156 0.9002670049667358 -1 -1 -1 -1 -1 -1 -1 -1 -1
0.5251985788345337 0.5534384846687317 0.28189828991889954 -1 -1 -1 -1 -1 -1 -1 -1 -1
0.5146909952163696 0.5718864798545837 0.5731493234634399 -1 -1 -1 -1 -1 -1 -1 -1 -1
0.5233375430107117 0.5298503041267395 0.26298993825912476 -1 -1 -1 -1 -1 -1 -1 -1 -1
0.5145862102508545 0.5683870315551758 0.5641195774078369 -1 -1 -1 -1 -1 -1 -1 -1 -1
0.5244317650794983 0.5264345407485962 0.29742640256881714 -1 -1 -1 -1 -1 -1 -1 -1 -1
0.5163068771362305 0.5676699280738831 0.5600316524505615 -1 -1 -1 -1 -1 -1 -1 -1 -1
0.5281068086624146 0.525395929813385 0.30458974838256836 -1 -1 -1 -1 -1 -1 -1 -1 -1
0.5163437128067017 0.5706914663314819 0.5045331120491028 -1 -1 -1 -1 -1 -1 -1 -1 -1
0.5276263356208801 0.5282819271087646 0.302436888217926 -1 -1 -1 -1 -1 -1 -1 -1 -1
0.5675614476203918 0.752568244934082 0.9998332262039185 -1 -1 -1 -1 -1 -1 -1 -1 -1
0.5573596358299255 0.7423837780952454 0.9997431635856628 -1 -1 -1 -1 -1 -1 -1 -1 -1
0.5188419818878174 0.781217098236084 0.969414234161377 -1 -1 -1 -1 -1 -1 -1 -1 -1
0.4861248731613159 0.7550649046897888 0.5981278419494629 -1 -1 -1 -1 -1 -1 -1 -1 -1
0.5600572228431702 0.8736094236373901 0.9417969584465027 -1 -1 -1 -1 -1 -1 -1 -1 -1
0.550936758518219 0.8083770871162415 0.378182977437973 -1 -1 -1 -1 -1 -1 -1 -1 -1
0.5703816413879395 0.8762726783752441 0.8845775127410889 -1 -1 -1 -1 -1 -1 -1 -1 -1
0.5580552220344543 0.8089742660522461 0.44181007146835327 -1 -1 -1 -1 -1 -1 -1 -1 -1
0.5496433973312378 0.9074565172195435 0.9446112513542175 -1 -1 -1 -1 -1 -1 -1 -1 -1
0.5601581931114197 0.8543933629989624 0.4650885760784149 -1 -1 -1 -1 -1 -1 -1 -1 -1
1 
33 
-1 -1 -1 -1 -1 -1 -1 -1 -1 -1
0.5229809284210205 0.559102475643158 0.996757447719574 -1 -1 -1 -1 -1 -1 -1 -1 -1
0.5239253640174866 0.5511953830718994 0.9985431432723999 -1 -1 -1 -1 -1 -1 -1 -1 -1
0.5245675444602966 0.5506378412246704 0.9989011287689209 -1 -1 -1 -1 -1 -1 -1 -1 -1
0.5255318880081177 0.5489064455032349 0.9988884329795837 -1 -1 -1 -1 -1 -1 -1 -1 -1
0.5244874954223633 0.549664318561554 0.9971247315406799 -1 -1 -1 -1 -1 -1 -1 -1 -1
0.5262499451637268 0.5377833843231201 0.9970213770866394 -1 -1 -1 -1 -1 -1 -1 -1 -1
0.5276303291320801 0.5354132652282715 0.9975342750549316 -1 -1 -1 -1 -1 -1 -1 -1 -1
0.5451613664627075 0.5290141105651855 0.9988283514976501 -1 -1 -1 -1 -1 -1 -1 -1 -1
0.5439477562904358 0.5253586769104004 0.9985358715057373 -1 -1 -1 -1 -1 -1 -1 -1 -1
0.5297731161117554 0.5664132237434387 0.9950190782546997 -1 -1 -1 -1 -1 -1 -1 -1 -1
0.5303956270217896 0.5592439770698547 0.9934130311012268 -1 -1 -1 -1 -1 -1 -1 -1 -1
0.5582385659217834 0.5808600783348083 0.9992654919624329 -1 -1 -1 -1 -1 -1 -1 -1 -1
0.5546321272850037 0.5716508030891418 0.9960628151893616 -1 -1 -1 -1 -1 -1 -1 -1 -1
0.5162206888198853 0.5668511986732483 0.8821936845779419 -1 -1 -1 -1 -1 -1 -1 -1 -1
0.524390697479248 0.5361286401748657 0.13093161582946777 -1 -1 -1 -1 -1 -1 -1 -1 -1
0.5211402177810669 0.5508617758750916 0.3459851145744324 -1 -1 -1 -1 -1 -1 -1 -1 -1
0.5273474454879761 0.5327494144439697 0.06928987056016922 -1 -1 -1 -1 -1 -1 -1 -1 -1
0.5229868292808533 0.5481662154197693 0.35040637850761414 -1 -1 -1 -1 -1 -1 -1 -1 -1
0.5285695195198059 0.5350385308265686 0.08815526962280273 -1 -1 -1 -1 -1 -1 -1 -1 -1
0.5259479284286499 0.5507189631462097 0.35453224182128906 -1 -1 -1 -1 -1 -1 -1 -1 -1
0.5323349833488464 0.5394135117530823 0.09519046545028687 -1 -1 -1 -1 -1 -1 -1 -1 -1
0.5251297950744629 0.5539894700050354 0.3209717571735382 -1 -1 -1 -1 -1 -1 -1 -1 -1
0.5318201780319214 0.5403825640678406 0.10292206704616547 -1 -1 -1 -1 -1 -1 -1 -1 -1
0.569039523601532 0.7620286345481873 0.9998160004615784 -1 -1 -1 -1 -1 -1 -1 -1 -1
0.5633140206336975 0.7501552700996399 0.9997578263282776 -1 -1 -1 -1 -1 -1 -1 -1 -1
0.5225226879119873 0.7977727651596069 0.9593894481658936 -1 -1 -1 -1 -1 -1 -1 -1 -1
0.4926081597805023 0.7603089809417725 0.45606452226638794 -1 -1 -1 -1 -1 -1 -1 -1 -1
0.5690309405326843 0.8988469839096069 0.931323766708374 -1 -1 -1 -1 -1 -1 -1 -1 -1
0.5553746223449707 0.851064145565033 0.3836698532104492 -1 -1 -1 -1 -1 -1 -1 -1 -1
0.5802679657936096 0.9098222255706787 0.9130874872207642 -1 -1 -1 -1 -1 -1 -1 -1 -1
0.565166711807251 0.8553045988082886 0.46810534596443176 -1 -1 -1 -1 -1 -1 -1 -1 -1
0.5480390191078186 0.9387688040733337 0.9393761157989502 -1 -1 -1 -1 -1 -1 -1 -1 -1
0.5595739483833313 0.8978943824768066 0.4758881628513336 -1 -1 -1 -1 -1 -1 -1 -1 -1
1 
33 
-1 -1 -1 -1 -1 -1 -1 -1 -1 -1
0.542550265789032 0.5025376677513123 0.9978718757629395 -1 -1 -1 -1 -1 -1 -1 -1 -1
0.5482925176620483 0.49397897720336914 0.998941957950592 -1 -1 -1 -1 -1 -1 -1 -1 -1
0.5496286153793335 0.4946066737174988 0.999083399772644 -1 -1 -1 -1 -1 -1 -1 -1 -1
0.5509645938873291 0.4953067898750305 0.999101996421814 -1 -1 -1 -1 -1 -1 -1 -1 -1
0.5470728874206543 0.49308517575263977 0.9977461695671082 -1 -1 -1 -1 -1 -1 -1 -1 -1
0.547340452671051 0.4930337071418762 0.9975242018699646 -1 -1 -1 -1 -1 -1 -1 -1 -1
0.5476266145706177 0.493001788854599 0.9976820945739746 -1 -1 -1 -1 -1 -1 -1 -1 -1
0.5592327117919922 0.50453120470047 0.9987788796424866 -1 -1 -1 -1 -1 -1 -1 -1 -1
0.5550374388694763 0.5002503395080566 0.9987115859985352 -1 -1 -1 -1 -1 -1 -1 -1 -1
0.544986367225647 0.5156005620956421 0.9977378845214844 -1 -1 -1 -1 -1 -1 -1 -1 -1
0.5429800748825073 0.5146175622940063 0.9956919550895691 -1 -1 -1 -1 -1 -1 -1 -1 -1
0.5639840960502625 0.5656000375747681 0.9989174604415894 -1 -1 -1 -1 -1 -1 -1 -1 -1
0.5525177717208862 0.5473384261131287 0.9938163757324219 -1 -1 -1 -1 -1 -1 -1 -1 -1
0.5469791889190674 0.5576061606407166 0.8684860467910767 -1 -1 -1 -1 -1 -1 -1 -1 -1
0.5330864191055298 0.5103582143783569 0.23477499186992645 -1 -1 -1 -1 -1 -1 -1 -1 -1
0.5335506200790405 0.5143058896064758 0.8626015782356262 -1 -1 -1 -1 -1 -1 -1 -1 -1
0.5224868059158325 0.4800383746623993 0.41870829463005066 -1 -1 -1 -1 -1 -1 -1 -1 -1
0.5314924120903015 0.506011962890625 0.8800206184387207 -1 -1 -1 -1 -1 -1 -1 -1 -1
0.5173887014389038 0.4634976387023926 0.4566512107849121 -1 -1 -1 -1 -1 -1 -1 -1 -1
0.5251877307891846 0.49547433853149414 0.8784961700439453 -1 -1 -1 -1 -1 -1 -1 -1 -1
0.5192021727561951 0.46658259630203247 0.47241994738578796 -1 -1 -1 -1 -1 -1 -1 -1 -1
0.5327984094619751 0.5065163373947144 0.808540940284729 -1 -1 -1 -1 -1 -1 -1 -1 -1
0.5201117992401123 0.47078537940979004 0.4750942587852478 -1 -1 -1 -1 -1 -1 -1 -1 -1
0.5701531767845154 0.7472118139266968 0.9999645948410034 -1 -1 -1 -1 -1 -1 -1 -1 -1
0.5621691346168518 0.7342101335525513 0.9998094439506531 -1 -1 -1 -1 -1 -1 -1 -1 -1
0.5281009674072266 0.7984951734542847 0.9814136624336243 -1 -1 -1 -1 -1 -1 -1 -1 -1
0.5024737119674683 0.7554592490196228 0.6349074244499207 -1 -1 -1 -1 -1 -1 -1 -1 -1
0.5696852207183838 0.8948090076446533 0.9431859254837036 -1 -1 -1 -1 -1 -1 -1 -1 -1
0.5479798913002014 0.8244818449020386 0.3524762690067291 -1 -1 -1 -1 -1 -1 -1 -1 -1
0.5782614946365356 0.9060178995132446 0.9194203019142151 -1 -1 -1 -1 -1 -1 -1 -1 -1
0.5576097369194031 0.8260707855224609 0.4466017484664917 -1 -1 -1 -1 -1 -1 -1 -1 -1
0.5440844893455505 0.93867027759552 0.92580246925354 -1 -1 -1 -1 -1 -1 -1 -1 -1
0.5464004874229431 0.8675374984741211 0.4262116849422455 -1 -1 -1 -1 -1 -1 -1 -1 -1
1 
33 
-1 -1 -1 -1 -1 -1 -1 -1 -1 -1
0.5458266735076904 0.4954661726951599 0.999692440032959 -1 -1 -1 -1 -1 -1 -1 -1 -1
0.5514259934425354 0.48558610677719116 0.9998692274093628 -1 -1 -1 -1 -1 -1 -1 -1 -1
0.5530070066452026 0.48594504594802856 0.9998505115509033 -1 -1 -1 -1 -1 -1 -1 -1 -1
0.5545926690101624 0.4863746762275696 0.9998846054077148 -1 -1 -1 -1 -1 -1 -1 -1 -1
0.5496412515640259 0.4846983551979065 0.9997501969337463 -1 -1 -1 -1 -1 -1 -1 -1 -1
0.5497650504112244 0.48430347442626953 0.9995744824409485 -1 -1 -1 -1 -1 -1 -1 -1 -1
0.5498989224433899 0.48395484685897827 0.9996603727340698 -1 -1 -1 -1 -1 -1 -1 -1 -1
0.5636805891990662 0.49399876594543457 0.9998183846473694 -1 -1 -1 -1 -1 -1 -1 -1 -1
0.5582021474838257 0.48957592248916626 0.9997513890266418 -1 -1 -1 -1 -1 -1 -1 -1 -1
0.5499853491783142 0.5081872344017029 0.9994367957115173 -1 -1 -1 -1 -1 -1 -1 -1 -1
0.5472503900527954 0.50689297914505 0.998988687992096 -1 -1 -1 -1 -1 -1 -1 -1 -1
0.5672726035118103 0.5487076640129089 0.9994211196899414 -1 -1 -1 -1 -1 -1 -1 -1 -1
0.5643307566642761 0.5429234504699707 0.9963460564613342 -1 -1 -1 -1 -1 -1 -1 -1 -1
0.5382781028747559 0.5029789805412292 0.9864619374275208 -1 -1 -1 -1 -1 -1 -1 -1 -1
0.5463305711746216 0.4840288758277893 0.18046090006828308 -1 -1 -1 -1 -1 -1 -1 -1 -1
0.5281198620796204 0.425495445728302 0.9708911180496216 -1 -1 -1 -1 -1 -1 -1 -1 -1
0.5369384288787842 0.4176107347011566 0.4583043158054352 -1 -1 -1 -1 -1 -1 -1 -1 -1
0.5258954167366028 0.4068252742290497 0.9587259888648987 -1 -1 -1 -1 -1 -1 -1 -1 -1
0.5351151823997498 0.4020000696182251 0.4892911911010742 -1 -1 -1 -1 -1 -1 -1 -1 -1
0.5267823338508606 0.41117265820503235 0.9560223817825317 -1 -1 -1 -1 -1 -1 -1 -1 -1
0.5379533171653748 0.40067997574806213 0.48964282870292664 -1 -1 -1 -1 -1 -1 -1 -1 -1
0.5282018184661865 0.41739287972450256 0.9288983345031738 -1 -1 -1 -1 -1 -1 -1 -1 -1
0.538648247718811 0.4062091112136841 0.5141485929489136 -1 -1 -1 -1 -1 -1 -1 -1 -1
0.5692300200462341 0.7120764255523682 0.9999233484268188 -1 -1 -1 -1 -1 -1 -1 -1 -1
0.5649487376213074 0.7071388959884644 0.9997316002845764 -1 -1 -1 -1 -1 -1 -1 -1 -1
0.5450261831283569 0.7882664799690247 0.8816390633583069 -1 -1 -1 -1 -1 -1 -1 -1 -1
0.5153020620346069 0.7608456015586853 0.5998400449752808 -1 -1 -1 -1 -1 -1 -1 -1 -1
0.5647499561309814 0.8884932994842529 0.9160921573638916 -1 -1 -1 -1 -1 -1 -1 -1 -1
0.5572525262832642 0.8400647640228271 0.4420510232448578 -1 -1 -1 -1 -1 -1 -1 -1 -1
0.5726559162139893 0.9050091505050659 0.8802642226219177 -1 -1 -1 -1 -1 -1 -1 -1 -1
0.5676319003105164 0.8441306352615356 0.6161462664604187 -1 -1 -1 -1 -1 -1 -1 -1 -1
0.5355251431465149 0.9291987419128418 0.9086625576019287 -1 -1 -1 -1 -1 -1 -1 -1 -1
0.54997718334198 0.8791375160217285 0.519950270652771 -1 -1 -1 -1 -1 -1 -1 -1 -1
1 
33 
-1 -1 -1 -1 -1 -1 -1 -1 -1 -1
0.5482926964759827 0.46294912695884705 0.9985135197639465 -1 -1 -1 -1 -1 -1 -1 -1 -1
0.5532117486000061 0.4541274905204773 0.9991036057472229 -1 -1 -1 -1 -1 -1 -1 -1 -1
0.5539953112602234 0.4543100595474243 0.9990679621696472 -1 -1 -1 -1 -1 -1 -1 -1 -1
0.5546737313270569 0.4545851945877075 0.999255359172821 -1 -1 -1 -1 -1 -1 -1 -1 -1
0.5529090166091919 0.4540586471557617 0.9983206391334534 -1 -1 -1 -1 -1 -1 -1 -1 -1
0.5535293817520142 0.4542916417121887 0.997422456741333 -1 -1 -1 -1 -1 -1 -1 -1 -1
0.5541050434112549 0.4545256793498993 0.9978815913200378 -1 -1 -1 -1 -1 -1 -1 -1 -1
0.5626618266105652 0.464332640171051 0.998372495174408 -1 -1 -1 -1 -1 -1 -1 -1 -1
0.5623456239700317 0.4620092511177063 0.9975772500038147 -1 -1 -1 -1 -1 -1 -1 -1 -1
0.5505682826042175 0.47229039669036865 0.9957005381584167 -1 -1 -1 -1 -1 -1 -1 -1 -1
0.5503564476966858 0.47246986627578735 0.9928287863731384 -1 -1 -1 -1 -1 -1 -1 -1 -1
0.5666289329528809 0.5183334946632385 0.9993270635604858 -1 -1 -1 -1 -1 -1 -1 -1 -1
0.5670334100723267 0.5179513692855835 0.9907248616218567 -1 -1 -1 -1 -1 -1 -1 -1 -1
0.5391917824745178 0.46258294582366943 0.9923380017280579 -1 -1 -1 -1 -1 -1 -1 -1 -1
0.5512463450431824 0.4566212296485901 0.20172393321990967 -1 -1 -1 -1 -1 -1 -1 -1 -1
0.5291377305984497 0.39818572998046875 0.9778544902801514 -1 -1 -1 -1 -1 -1 -1 -1 -1
0.5405114889144897 0.38846349716186523 0.5216242074966431 -1 -1 -1 -1 -1 -1 -1 -1 -1
0.5267434120178223 0.3839394748210907 0.9626042246818542 -1 -1 -1 -1 -1 -1 -1 -1 -1
0.5393691658973694 0.369775652885437 0.5347330570220947 -1 -1 -1 -1 -1 -1 -1 -1 -1
0.5297611951828003 0.3825710117816925 0.9604617953300476 -1 -1 -1 -1 -1 -1 -1 -1 -1
0.5411490797996521 0.36924633383750916 0.5356962084770203 -1 -1 -1 -1 -1 -1 -1 -1 -1
0.5310059785842896 0.38849297165870667 0.9386260509490967 -1 -1 -1 -1 -1 -1 -1 -1 -1
0.541516125202179 0.3760971426963806 0.552442193031311 -1 -1 -1 -1 -1 -1 -1 -1 -1
0.5705269575119019 0.6824847459793091 0.9996020197868347 -1 -1 -1 -1 -1 -1 -1 -1 -1
0.5630820989608765 0.6764608025550842 0.9988152980804443 -1 -1 -1 -1 -1 -1 -1 -1 -1
0.559284508228302 0.775050163269043 0.9390038847923279 -1 -1 -1 -1 -1 -1 -1 -1 -1
0.5230786800384521 0.7192028164863586 0.6653388142585754 -1 -1 -1 -1 -1 -1 -1 -1 -1
0.563788115978241 0.8705970644950867 0.9750534296035767 -1 -1 -1 -1 -1 -1 -1 -1 -1
0.5444695353507996 0.8099358081817627 0.6359466910362244 -1 -1 -1 -1 -1 -1 -1 -1 -1
0.5719427466392517 0.8926736116409302 0.9440853595733643 -1 -1 -1 -1 -1 -1 -1 -1 -1
0.551927387714386 0.8346837759017944 0.7262041568756104 -1 -1 -1 -1 -1 -1 -1 -1 -1
0.5396842956542969 0.8959476947784424 0.9692083597183228 -1 -1 -1 -1 -1 -1 -1 -1 -1
0.5257865786552429 0.8426891565322876 0.7493916153907776 -1 -1 -1 -1 -1 -1 -1 -1 -1
1 
33 
-1 -1 -1 -1 -1 -1 -1 -1 -1 -1
0.5546675324440002 0.4244701862335205 0.9993009567260742 -1 -1 -1 -1 -1 -1 -1 -1 -1
0.5586680769920349 0.4200766682624817 0.999305009841919 -1 -1 -1 -1 -1 -1 -1 -1 -1
0.5593820810317993 0.4211655855178833 0.9992719292640686 -1 -1 -1 -1 -1 -1 -1 -1 -1
0.5600399374961853 0.42218855023384094 0.9994499087333679 -1 -1 -1 -1 -1 -1 -1 -1 -1
0.5579715967178345 0.4183548092842102 0.998755931854248 -1 -1 -1 -1 -1 -1 -1 -1 -1
0.5582696199417114 0.4184548556804657 0.9982024431228638 -1 -1 -1 -1 -1 -1 -1 -1 -1
0.5585976839065552 0.41859111189842224 0.9987082481384277 -1 -1 -1 -1 -1 -1 -1 -1 -1
0.5648868680000305 0.4303140938282013 0.9992300271987915 -1 -1 -1 -1 -1 -1 -1 -1 -1
0.5630577802658081 0.42548349499702454 0.9983463287353516 -1 -1 -1 -1 -1 -1 -1 -1 -1
0.5556707978248596 0.43450266122817993 0.9989615678787231 -1 -1 -1 -1 -1 -1 -1 -1 -1
0.5548824667930603 0.43277984857559204 0.99781334400177 -1 -1 -1 -1 -1 -1 -1 -1 -1
0.5734779834747314 0.47883322834968567 0.999721348285675 -1 -1 -1 -1 -1 -1 -1 -1 -1
0.5630285739898682 0.47458615899086 0.9974900484085083 -1 -1 -1 -1 -1 -1 -1 -1 -1
0.5560714602470398 0.4741992950439453 0.9637075662612915 -1 -1 -1 -1 -1 -1 -1 -1 -1
0.5456486940383911 0.42003995180130005 0.5199044942855835 -1 -1 -1 -1 -1 -1 -1 -1 -1
0.5545086860656738 0.46405625343322754 0.7793335318565369 -1 -1 -1 -1 -1 -1 -1 -1 -1
0.542423665523529 0.3553176522254944 0.7649021148681641 -1 -1 -1 -1 -1 -1 -1 -1 -1
0.5547479391098022 0.46403253078460693 0.6926988363265991 -1 -1 -1 -1 -1 -1 -1 -1 -1
0.5418163537979126 0.339709609746933 0.7406531572341919 -1 -1 -1 -1 -1 -1 -1 -1 -1
0.5561301708221436 0.46233099699020386 0.683140218257904 -1 -1 -1 -1 -1 -1 -1 -1 -1
0.5403887033462524 0.3313048481941223 0.7504187822341919 -1 -1 -1 -1 -1 -1 -1 -1 -1
0.5563033819198608 0.46368226408958435 0.6295599341392517 -1 -1 -1 -1 -1 -1 -1 -1 -1
0.5411580801010132 0.3397071659564972 0.7519579529762268 -1 -1 -1 -1 -1 -1 -1 -1 -1
0.5654866695404053 0.6395748853683472 0.9997128844261169 -1 -1 -1 -1 -1 -1 -1 -1 -1
0.5575922727584839 0.6355381608009338 0.999602735042572 -1 -1 -1 -1 -1 -1 -1 -1 -1
0.5589812397956848 0.7357372045516968 0.8994465470314026 -1 -1 -1 -1 -1 -1 -1 -1 -1
0.5207324028015137 0.6825043559074402 0.8000948429107666 -1 -1 -1 -1 -1 -1 -1 -1 -1
0.5655055046081543 0.8373855352401733 0.9656879901885986 -1 -1 -1 -1 -1 -1 -1 -1 -1
0.5364687442779541 0.7840108871459961 0.7788734436035156 -1 -1 -1 -1 -1 -1 -1 -1 -1
0.5715699195861816 0.8526508212089539 0.9250435829162598 -1 -1 -1 -1 -1 -1 -1 -1 -1
0.5436147451400757 0.7947753667831421 0.8008044958114624 -1 -1 -1 -1 -1 -1 -1 -1 -1
0.5456947088241577 0.8604072332382202 0.960176944732666 -1 -1 -1 -1 -1 -1 -1 -1 -1
0.5203301906585693 0.8163962364196777 0.8068574666976929 -1 -1 -1 -1 -1 -1 -1 -1 -1
1 
33 
-1 -1 -1 -1 -1 -1 -1 -1 -1 -1
0.5432582497596741 0.5302091240882874 0.9934578537940979 -1 -1 -1 -1 -1 -1 -1 -1 -1
0.5467307567596436 0.5315377712249756 0.9907830357551575 -1 -1 -1 -1 -1 -1 -1 -1 -1
0.5476000308990479 0.5336433053016663 0.9882309436798096 -1 -1 -1 -1 -1 -1 -1 -1 -1
0.5484308004379272 0.5358526110649109 0.985640287399292 -1 -1 -1 -1 -1 -1 -1 -1 -1
0.5448695421218872 0.5246451497077942 0.9887640476226807 -1 -1 -1 -1 -1 -1 -1 -1 -1
0.5444418787956238 0.5222283005714417 0.986596405506134 -1 -1 -1 -1 -1 -1 -1 -1 -1
0.5439907312393188 0.5198189616203308 0.9853476285934448 -1 -1 -1 -1 -1 -1 -1 -1 -1
0.5532022714614868 0.5378506183624268 0.9932554960250854 -1 -1 -1 -1 -1 -1 -1 -1 -1
0.5458442568778992 0.5133748650550842 0.9912713766098022 -1 -1 -1 -1 -1 -1 -1 -1 -1
0.5446282625198364 0.5337992310523987 0.9917550086975098 -1 -1 -1 -1 -1 -1 -1 -1 -1
0.5424884557723999 0.5274187326431274 0.9796305894851685 -1 -1 -1 -1 -1 -1 -1 -1 -1
0.561285674571991 0.563894510269165 0.9876320362091064 -1 -1 -1 -1 -1 -1 -1 -1 -1
0.5445531606674194 0.48064377903938293 0.9920572638511658 -1 -1 -1 -1 -1 -1 -1 -1 -1
0.5614356994628906 0.6071194410324097 0.8806765675544739 -1 -1 -1 -1 -1 -1 -1 -1 -1
0.5441065430641174 0.4077189266681671 0.9962306618690491 -1 -1 -1 -1 -1 -1 -1 -1 -1
0.54332035779953 0.6241352558135986 0.8598015308380127 -1 -1 -1 -1 -1 -1 -1 -1 -1
0.5387959480285645 0.36285820603370667 0.9983636736869812 -1 -1 -1 -1 -1 -1 -1 -1 -1
0.5377646684646606 0.6330385804176331 0.7684104442596436 -1 -1 -1 -1 -1 -1 -1 -1 -1
0.5377338528633118 0.3459628224372864 0.9948811531066895 -1 -1 -1 -1 -1 -1 -1 -1 -1
0.5378127098083496 0.6255486607551575 0.7865889668464661 -1 -1 -1 -1 -1 -1 -1 -1 -1
0.5384584069252014 0.3510456383228302 0.9953123331069946 -1 -1 -1 -1 -1 -1 -1 -1 -1
0.5385913848876953 0.6208097338676453 0.7879082560539246 -1 -1 -1 -1 -1 -1 -1 -1 -1
0.5384308099746704 0.3603206276893616 0.9950372576713562 -1 -1 -1 -1 -1 -1 -1 -1 -1
0.553016185760498 0.559932291507721 0.9985243678092957 -1 -1 -1 -1 -1 -1 -1 -1 -1
0.5398732423782349 0.5175954699516296 0.9981185793876648 -1 -1 -1 -1 -1 -1 -1 -1 -1
0.5207498669624329 0.609396755695343 0.8522284030914307 -1 -1 -1 -1 -1 -1 -1 -1 -1
0.5055365562438965 0.5341030955314636 0.7244530916213989 -1 -1 -1 -1 -1 -1 -1 -1 -1
0.49394166469573975 0.6503537893295288 0.8699955940246582 -1 -1 -1 -1 -1 -1 -1 -1 -1
0.4862515926361084 0.58531653881073 0.5562213063240051 -1 -1 -1 -1 -1 -1 -1 -1 -1
0.4893963932991028 0.6519094109535217 0.8454393148422241 -1 -1 -1 -1 -1 -1 -1 -1 -1
0.48538991808891296 0.5950504541397095 0.5214000344276428 -1 -1 -1 -1 -1 -1 -1 -1 -1
0.4852219521999359 0.67403644323349 0.8086432814598083 -1 -1 -1 -1 -1 -1 -1 -1 -1
0.47379764914512634 0.5962119102478027 0.39045682549476624 -1 -1 -1 -1 -1 -1 -1 -1 -1
1 
33 
-1 -1 -1 -1 -1 -1 -1 -1 -1 -1
0.5675605535507202 0.4212004244327545 0.9996713399887085 -1 -1 -1 -1 -1 -1 -1 -1 -1
0.5702400803565979 0.41598203778266907 0.9996545314788818 -1 -1 -1 -1 -1 -1 -1 -1 -1
0.5710258483886719 0.4161044657230377 0.9994737505912781 -1 -1 -1 -1 -1 -1 -1 -1 -1
0.5717981457710266 0.4162556231021881 0.9996380805969238 -1 -1 -1 -1 -1 -1 -1 -1 -1
0.5693649649620056 0.41613835096359253 0.9995848536491394 -1 -1 -1 -1 -1 -1 -1 -1 -1
0.5694233179092407 0.4163094758987427 0.9990971088409424 -1 -1 -1 -1 -1 -1 -1 -1 -1
0.5694898962974548 0.41649872064590454 0.999250590801239 -1 -1 -1 -1 -1 -1 -1 -1 -1
0.5756272077560425 0.42096638679504395 0.9997137188911438 -1 -1 -1 -1 -1 -1 -1 -1 -1
0.5729487538337708 0.42151618003845215 0.9986718893051147 -1 -1 -1 -1 -1 -1 -1 -1 -1
0.5688310861587524 0.4284932315349579 0.9994183778762817 -1 -1 -1 -1 -1 -1 -1 -1 -1
0.5675988793373108 0.4288859963417053 0.9988080263137817 -1 -1 -1 -1 -1 -1 -1 -1 -1
0.5763469338417053 0.44644173979759216 0.9999881982803345 -1 -1 -1 -1 -1 -1 -1 -1 -1
0.5730870366096497 0.4698740243911743 0.9980663657188416 -1 -1 -1 -1 -1 -1 -1 -1 -1
0.5639324188232422 0.4155324101448059 0.9909639358520508 -1 -1 -1 -1 -1 -1 -1 -1 -1
0.5690215826034546 0.5238692760467529 0.136783629655838 -1 -1 -1 -1 -1 -1 -1 -1 -1
0.5515927076339722 0.38229334354400635 0.9555347561836243 -1 -1 -1 -1 -1 -1 -1 -1 -1
0.5612502098083496 0.5662971138954163 0.173966184258461 -1 -1 -1 -1 -1 -1 -1 -1 -1
0.548892080783844 0.37355488538742065 0.9163665175437927 -1 -1 -1 -1 -1 -1 -1 -1 -1
0.561223566532135 0.5786468982696533 0.2474033683538437 -1 -1 -1 -1 -1 -1 -1 -1 -1
0.5495584011077881 0.3725070655345917 0.9135425090789795 -1 -1 -1 -1 -1 -1 -1 -1 -1
0.5592597723007202 0.5763664245605469 0.24697306752204895 -1 -1 -1 -1 -1 -1 -1 -1 -1
0.5510163307189941 0.378944456577301 0.8529120087623596 -1 -1 -1 -1 -1 -1 -1 -1 -1
0.5588915944099426 0.5719446539878845 0.21632304787635803 -1 -1 -1 -1 -1 -1 -1 -1 -1
0.5601038932800293 0.5533735752105713 0.9999822378158569 -1 -1 -1 -1 -1 -1 -1 -1 -1
0.5498223900794983 0.5435764193534851 0.9997504353523254 -1 -1 -1 -1 -1 -1 -1 -1 -1
0.5510348677635193 0.6453888416290283 0.989618718624115 -1 -1 -1 -1 -1 -1 -1 -1 -1
0.5131852030754089 0.5547319054603577 0.7591146230697632 -1 -1 -1 -1 -1 -1 -1 -1 -1
0.5595083236694336 0.7123600244522095 0.9815630912780762 -1 -1 -1 -1 -1 -1 -1 -1 -1
0.4856172800064087 0.5806537866592407 0.9227340221405029 -1 -1 -1 -1 -1 -1 -1 -1 -1
0.5615168809890747 0.7191995978355408 0.9357500672340393 -1 -1 -1 -1 -1 -1 -1 -1 -1
0.4840075373649597 0.5924917459487915 0.8934534788131714 -1 -1 -1 -1 -1 -1 -1 -1 -1
0.5530986785888672 0.7460231781005859 0.9754244089126587 -1 -1 -1 -1 -1 -1 -1 -1 -1
0.46918874979019165 0.5772515535354614 0.8967727422714233 -1 -1 -1 -1 -1 -1 -1 -1 -1
1 
