21
1 
33 
-1 -1 -1 -1 -1 -1 -1 -1 -1 -1
0.6094611883163452 0.3397652506828308 0.9986874461174011 -1 -1 -1 -1 -1 -1 -1 -1 -1
0.6081639528274536 0.3330932855606079 0.9984939098358154 -1 -1 -1 -1 -1 -1 -1 -1 -1
0.6067447662353516 0.3326466679573059 0.9986631870269775 -1 -1 -1 -1 -1 -1 -1 -1 -1
0.6051245331764221 0.33202964067459106 0.9983939528465271 -1 -1 -1 -1 -1 -1 -1 -1 -1
0.611366868019104 0.334337055683136 0.9987446069717407 -1 -1 -1 -1 -1 -1 -1 -1 -1
0.6121777892112732 0.3346889615058899 0.9989829659461975 -1 -1 -1 -1 -1 -1 -1 -1 -1
0.6129290461540222 0.334982305765152 0.9986613988876343 -1 -1 -1 -1 -1 -1 -1 -1 -1
0.5980082154273987 0.3378986418247223 0.9985576272010803 -1 -1 -1 -1 -1 -1 -1 -1 -1
0.6111409068107605 0.3407093286514282 0.9984388947486877 -1 -1 -1 -1 -1 -1 -1 -1 -1
0.6058385372161865 0.3470325469970703 0.9980699419975281 -1 -1 -1 -1 -1 -1 -1 -1 -1
0.6094209551811218 0.34775054454803467 0.9971761703491211 -1 -1 -1 -1 -1 -1 -1 -1 -1
0.5712734460830688 0.3646720051765442 0.9986764788627625 -1 -1 -1 -1 -1 -1 -1 -1 -1
0.6105932593345642 0.36582010984420776 0.9994909763336182 -1 -1 -1 -1 -1 -1 -1 -1 -1
0.5744418501853943 0.3000694513320923 0.6704789996147156 -1 -1 -1 -1 -1 -1 -1 -1 -1
0.6153067946434021 0.3016604781150818 0.9602597951889038 -1 -1 -1 -1 -1 -1 -1 -1 -1
0.5753871202468872 0.23595720529556274 0.8757001161575317 -1 -1 -1 -1 -1 -1 -1 -1 -1
0.6155365705490112 0.22793442010879517 0.9942189455032349 -1 -1 -1 -1 -1 -1 -1 -1 -1
0.5698410272598267 0.2193264365196228 0.8821797966957092 -1 -1 -1 -1 -1 -1 -1 -1 -1
0.6179934740066528 0.21178531646728516 0.9941391944885254 -1 -1 -1 -1 -1 -1 -1 -1 -1
0.5728703141212463 0.21578872203826904 0.8774093389511108 -1 -1 -1 -1 -1 -1 -1 -1 -1
0.6144770979881287 0.20907792448997498 0.9939029216766357 -1 -1 -1 -1 -1 -1 -1 -1 -1
0.5755382776260376 0.2216862142086029 0.8735439777374268 -1 -1 -1 -1 -1 -1 -1 -1 -1
0.612176775932312 0.21614393591880798 0.9896882176399231 -1 -1 -1 -1 -1 -1 -1 -1 -1
0.5738996267318726 0.5314247608184814 0.999913215637207 -1 -1 -1 -1 -1 -1 -1 -1 -1
0.6017513275146484 0.5309491157531738 0.99988853931427 -1 -1 -1 -1 -1 -1 -1 -1 -1
0.5604549050331116 0.6246482729911804 0.9840032458305359 -1 -1 -1 -1 -1 -1 -1 -1 -1
0.5940155386924744 0.6290953159332275 0.9849350452423096 -1 -1 -1 -1 -1 -1 -1 -1 -1
0.561157763004303 0.7190670967102051 0.9750706553459167 -1 -1 -1 -1 -1 -1 -1 -1 -1
0.5848232507705688 0.7297377586364746 0.9933245778083801 -1 -1 -1 -1 -1 -1 -1 -1 -1
0.557823121547699 0.7261379957199097 0.9898339509963989 -1 -1 -1 -1 -1 -1 -1 -1 -1
0.57466721534729 0.7340710759162903 0.9965894222259521 -1 -1 -1 -1 -1 -1 -1 -1 -1
0.5650875568389893 0.7482070326805115 0.8572800755500793 -1 -1 -1 -1 -1 -1 -1 -1 -1
0.5922252535820007 0.757695734500885 0.9594963788986206 -1 -1 -1 -1 -1 -1 -1 -1 -1
1 
33 
-1 -1 -1 -1 -1 -1 -1 -1 -1 -1
0.6074113249778748 0.3418416380882263 0.9996188879013062 -1 -1 -1 -1 -1 -1 -1 -1 -1
0.6064667701721191 0.33699387311935425 0.999606192111969 -1 -1 -1 -1 -1 -1 -1 -1 -1
0.6050634980201721 0.33657872676849365 0.999603807926178 -1 -1 -1 -1 -1 -1 -1 -1 -1
0.6035463213920593 0.33602026104927063 0.9995562434196472 -1 -1 -1 -1 -1 -1 -1 -1 -1
0.6098998785018921 0.33859309554100037 0.9997016787528992 -1 -1 -1 -1 -1 -1 -1 -1 -1
0.6108686327934265 0.33931368589401245 0.9997346997261047 -1 -1 -1 -1 -1 -1 -1 -1 -1
0.6117769479751587 0.3400458097457886 0.9996798038482666 -1 -1 -1 -1 -1 -1 -1 -1 -1
0.5974535346031189 0.3426499366760254 0.9994935989379883 -1 -1 -1 -1 -1 -1 -1 -1 -1
0.6108357906341553 0.34789878129959106 0.9995535016059875 -1 -1 -1 -1 -1 -1 -1 -1 -1
0.6038481593132019 0.3487386107444763 0.9989308714866638 -1 -1 -1 -1 -1 -1 -1 -1 -1
0.607801616191864 0.3499198853969574 0.9984486103057861 -1 -1 -1 -1 -1 -1 -1 -1 -1
0.5725945234298706 0.36677199602127075 0.9985445737838745 -1 -1 -1 -1 -1 -1 -1 -1 -1
0.6109942197799683 0.36870208382606506 0.999602735042572 -1 -1 -1 -1 -1 -1 -1 -1 -1
0.5774173736572266 0.3101996183395386 0.5516847968101501 -1 -1 -1 -1 -1 -1 -1 -1 -1
0.6145395040512085 0.308197557926178 0.9537027478218079 -1 -1 -1 -1 -1 -1 -1 -1 -1
0.5764082074165344 0.24407479166984558 0.8092506527900696 -1 -1 -1 -1 -1 -1 -1 -1 -1
0.6175708174705505 0.23506832122802734 0.993037760257721 -1 -1 -1 -1 -1 -1 -1 -1 -1
0.5723830461502075 0.22721314430236816 0.8318820595741272 -1 -1 -1 -1 -1 -1 -1 -1 -1
0.6204549670219421 0.2200225591659546 0.9931284189224243 -1 -1 -1 -1 -1 -1 -1 -1 -1
0.5750828385353088 0.22500932216644287 0.826067328453064 -1 -1 -1 -1 -1 -1 -1 -1 -1
0.6171675324440002 0.21855151653289795 0.9928370118141174 -1 -1 -1 -1 -1 -1 -1 -1 -1
0.5771868824958801 0.23003488779067993 0.825721025466919 -1 -1 -1 -1 -1 -1 -1 -1 -1
0.6149683594703674 0.22437241673469543 0.9880753755569458 -1 -1 -1 -1 -1 -1 -1 -1 -1
0.5738686919212341 0.5341679453849792 0.9999128580093384 -1 -1 -1 -1 -1 -1 -1 -1 -1
0.6020331382751465 0.5361722111701965 0.9999171495437622 -1 -1 -1 -1 -1 -1 -1 -1 -1
0.5598675608634949 0.6325058341026306 0.9743762612342834 -1 -1 -1 -1 -1 -1 -1 -1 -1
0.5928320288658142 0.6382657289505005 0.9856653213500977 -1 -1 -1 -1 -1 -1 -1 -1 -1
0.5582470297813416 0.7212121486663818 0.9651865363121033 -1 -1 -1 -1 -1 -1 -1 -1 -1
0.583674430847168 0.7352902889251709 0.992132842540741 -1 -1 -1 -1 -1 -1 -1 -1 -1
0.5555126070976257 0.725196123123169 0.9832131266593933 -1 -1 -1 -1 -1 -1 -1 -1 -1
0.5739880204200745 0.7436996698379517 0.9944337010383606 -1 -1 -1 -1 -1 -1 -1 -1 -1
0.5617592334747314 0.753676176071167 0.8232788443565369 -1 -1 -1 -1 -1 -1 -1 -1 -1
0.5904812216758728 0.7656722068786621 0.9554557204246521 -1 -1 -1 -1 -1 -1 -1 -1 -1
1 
33 
-1 -1 -1 -1 -1 -1 -1 -1 -1 -1
0.605025589466095 0.3546992540359497 0.9988530874252319 -1 -1 -1 -1 -1 -1 -1 -1 -1
0.6025843620300293 0.34707704186439514 0.9986814856529236 -1 -1 -1 -1 -1 -1 -1 -1 -1
0.6007108092308044 0.3466174900531769 0.9988433122634888 -1 -1 -1 -1 -1 -1 -1 -1 -1
0.5986129641532898 0.34607359766960144 0.9986218214035034 -1 -1 -1 -1 -1 -1 -1 -1 -1
0.6067550778388977 0.34828150272369385 0.9988828301429749 -1 -1 -1 -1 -1 -1 -1 -1 -1
0.6078624725341797 0.34871867299079895 0.9990676045417786 -1 -1 -1 -1 -1 -1 -1 -1 -1
0.6089314818382263 0.34921973943710327 0.9988018274307251 -1 -1 -1 -1 -1 -1 -1 -1 -1
0.5926605463027954 0.35127395391464233 0.9987383484840393 -1 -1 -1 -1 -1 -1 -1 -1 -1
0.6080163717269897 0.3551967144012451 0.9985494017601013 -1 -1 -1 -1 -1 -1 -1 -1 -1
0.6016290783882141 0.360834002494812 0.997908353805542 -1 -1 -1 -1 -1 -1 -1 -1 -1
0.6058849096298218 0.36236265301704407 0.99649977684021 -1 -1 -1 -1 -1 -1 -1 -1 -1
0.57100510597229 0.374123215675354 0.9989510774612427 -1 -1 -1 -1 -1 -1 -1 -1 -1
0.6108559370040894 0.3744661509990692 0.999427318572998 -1 -1 -1 -1 -1 -1 -1 -1 -1
0.5771332383155823 0.3084009289741516 0.6615622639656067 -1 -1 -1 -1 -1 -1 -1 -1 -1
0.6140431761741638 0.3146470785140991 0.9551628828048706 -1 -1 -1 -1 -1 -1 -1 -1 -1
0.5770825743675232 0.2427671253681183 0.8796865940093994 -1 -1 -1 -1 -1 -1 -1 -1 -1
0.6178659796714783 0.23719549179077148 0.9934632778167725 -1 -1 -1 -1 -1 -1 -1 -1 -1
0.5736128687858582 0.22761991620063782 0.8849954605102539 -1 -1 -1 -1 -1 -1 -1 -1 -1
0.6211345791816711 0.22127807140350342 0.9933615922927856 -1 -1 -1 -1 -1 -1 -1 -1 -1
0.5761411786079407 0.22636526823043823 0.8786614537239075 -1 -1 -1 -1 -1 -1 -1 -1 -1
0.6177305579185486 0.2198929786682129 0.9930549263954163 -1 -1 -1 -1 -1 -1 -1 -1 -1
0.5783761739730835 0.23016032576560974 0.8740087151527405 -1 -1 -1 -1 -1 -1 -1 -1 -1
0.6153838634490967 0.22584286332130432 0.9885942935943604 -1 -1 -1 -1 -1 -1 -1 -1 -1
0.5733602046966553 0.5413175821304321 0.9999409914016724 -1 -1 -1 -1 -1 -1 -1 -1 -1
0.6031835675239563 0.5417617559432983 0.9999089241027832 -1 -1 -1 -1 -1 -1 -1 -1 -1
0.5584266781806946 0.6343600749969482 0.9846917986869812 -1 -1 -1 -1 -1 -1 -1 -1 -1
0.5935526490211487 0.6400690674781799 0.9813373684883118 -1 -1 -1 -1 -1 -1 -1 -1 -1
0.5585069060325623 0.7290897369384766 0.9697087407112122 -1 -1 -1 -1 -1 -1 -1 -1 -1
0.5845633745193481 0.739319920539856 0.9901408553123474 -1 -1 -1 -1 -1 -1 -1 -1 -1
0.5570775270462036 0.7355106472969055 0.9887240529060364 -1 -1 -1 -1 -1 -1 -1 -1 -1
0.5769568681716919 0.7425957918167114 0.9955015778541565 -1 -1 -1 -1 -1 -1 -1 -1 -1
0.5612410306930542 0.760827362537384 0.8222706913948059 -1 -1 -1 -1 -1 -1 -1 -1 -1
0.5894331336021423 0.7716048955917358 0.947826087474823 -1 -1 -1 -1 -1 -1 -1 -1 -1
1 
33 
-1 -1 -1 -1 -1 -1 -1 -1 -1 -1
0.603514552116394 0.34945106506347656 0.9962873458862305 -1 -1 -1 -1 -1 -1 -1 -1 -1
0.6010408401489258 0.3426854610443115 0.9958624839782715 -1 -1 -1 -1 -1 -1 -1 -1 -1
0.5992122888565063 0.3423355221748352 0.9962252378463745 -1 -1 -1 -1 -1 -1 -1 -1 -1
0.5973218083381653 0.34193041920661926 0.9957672357559204 -1 -1 -1 -1 -1 -1 -1 -1 -1
0.6056487560272217 0.3439096212387085 0.9962320923805237 -1 -1 -1 -1 -1 -1 -1 -1 -1
0.6069327592849731 0.3443567156791687 0.9968162178993225 -1 -1 -1 -1 -1 -1 -1 -1 -1
0.6081634163856506 0.34499263763427734 0.9960107803344727 -1 -1 -1 -1 -1 -1 -1 -1 -1
0.5926699638366699 0.3467686176300049 0.9958682060241699 -1 -1 -1 -1 -1 -1 -1 -1 -1
0.6075243353843689 0.35008418560028076 0.9952161312103271 -1 -1 -1 -1 -1 -1 -1 -1 -1
0.6003707051277161 0.3553961217403412 0.9957283139228821 -1 -1 -1 -1 -1 -1 -1 -1 -1
0.6051228642463684 0.3564516305923462 0.9937997460365295 -1 -1 -1 -1 -1 -1 -1 -1 -1
0.5730791091918945 0.37547993659973145 0.9977992177009583 -1 -1 -1 -1 -1 -1 -1 -1 -1
0.6097036004066467 0.37244993448257446 0.9987967014312744 -1 -1 -1 -1 -1 -1 -1 -1 -1
0.5776683688163757 0.3093414306640625 0.6996118426322937 -1 -1 -1 -1 -1 -1 -1 -1 -1
0.6132895946502686 0.3083750307559967 0.9530273675918579 -1 -1 -1 -1 -1 -1 -1 -1 -1
0.5801516175270081 0.2489129602909088 0.8853152394294739 -1 -1 -1 -1 -1 -1 -1 -1 -1
0.6175787448883057 0.23652303218841553 0.9909584522247314 -1 -1 -1 -1 -1 -1 -1 -1 -1
0.5762919187545776 0.2292729616165161 0.8838929533958435 -1 -1 -1 -1 -1 -1 -1 -1 -1
0.6208717226982117 0.21807411313056946 0.9901352524757385 -1 -1 -1 -1 -1 -1 -1 -1 -1
0.5787337422370911 0.22816511988639832 0.8788136839866638 -1 -1 -1 -1 -1 -1 -1 -1 -1
0.6162207126617432 0.217923104763031 0.9898006319999695 -1 -1 -1 -1 -1 -1 -1 -1 -1
0.5814308524131775 0.23533979058265686 0.8709747791290283 -1 -1 -1 -1 -1 -1 -1 -1 -1
0.613873302936554 0.22476279735565186 0.9842545986175537 -1 -1 -1 -1 -1 -1 -1 -1 -1
0.5759999752044678 0.5412865877151489 0.9998624324798584 -1 -1 -1 -1 -1 -1 -1 -1 -1
0.6037241220474243 0.5404704213142395 0.9998080134391785 -1 -1 -1 -1 -1 -1 -1 -1 -1
0.560937225818634 0.6386811137199402 0.9784414172172546 -1 -1 -1 -1 -1 -1 -1 -1 -1
0.5907273292541504 0.6409228444099426 0.9708805680274963 -1 -1 -1 -1 -1 -1 -1 -1 -1
0.5606577396392822 0.735901415348053 0.9670580625534058 -1 -1 -1 -1 -1 -1 -1 -1 -1
0.5829806327819824 0.743161141872406 0.9853606820106506 -1 -1 -1 -1 -1 -1 -1 -1 -1
0.5586216449737549 0.7440357208251953 0.9828386902809143 -1 -1 -1 -1 -1 -1 -1 -1 -1
0.5759584307670593 0.7525510191917419 0.9923895001411438 -1 -1 -1 -1 -1 -1 -1 -1 -1
0.5587165355682373 0.7636879086494446 0.8555687069892883 -1 -1 -1 -1 -1 -1 -1 -1 -1
0.5931640863418579 0.770413875579834 0.9327386021614075 -1 -1 -1 -1 -1 -1 -1 -1 -1
1 
33 
-1 -1 -1 -1 -1 -1 -1 -1 -1 -1
0.608806312084198 0.3436018228530884 0.9994788765907288 -1 -1 -1 -1 -1 -1 -1 -1 -1
0.6066011786460876 0.33493757247924805 0.9994603991508484 -1 -1 -1 -1 -1 -1 -1 -1 -1
0.6049354672431946 0.33439338207244873 0.9993979930877686 -1 -1 -1 -1 -1 -1 -1 -1 -1
0.6031463742256165 0.3338223099708557 0.9994124174118042 -1 -1 -1 -1 -1 -1 -1 -1 -1
0.6099954843521118 0.33614879846572876 0.9996063113212585 -1 -1 -1 -1 -1 -1 -1 -1 -1
0.6106938719749451 0.33635544776916504 0.9996285438537598 -1 -1 -1 -1 -1 -1 -1 -1 -1
0.611308217048645 0.33662551641464233 0.9996065497398376 -1 -1 -1 -1 -1 -1 -1 -1 -1
0.5960789918899536 0.3373325765132904 0.9993919134140015 -1 -1 -1 -1 -1 -1 -1 -1 -1
0.6083096265792847 0.34027743339538574 0.999455988407135 -1 -1 -1 -1 -1 -1 -1 -1 -1
0.6049689054489136 0.34984397888183594 0.9988893866539001 -1 -1 -1 -1 -1 -1 -1 -1 -1
0.6086991429328918 0.35042402148246765 0.9985003471374512 -1 -1 -1 -1 -1 -1 -1 -1 -1
0.5714332461357117 0.37380731105804443 0.9981673955917358 -1 -1 -1 -1 -1 -1 -1 -1 -1
0.6088384985923767 0.36429449915885925 0.9994200468063354 -1 -1 -1 -1 -1 -1 -1 -1 -1
0.5795634388923645 0.30869174003601074 0.457940936088562 -1 -1 -1 -1 -1 -1 -1 -1 -1
0.6123998165130615 0.3014196753501892 0.9564797878265381 -1 -1 -1 -1 -1 -1 -1 -1 -1
0.5825985670089722 0.2488732933998108 0.6907113790512085 -1 -1 -1 -1 -1 -1 -1 -1 -1
0.6172384023666382 0.2301749587059021 0.9907439351081848 -1 -1 -1 -1 -1 -1 -1 -1 -1
0.5793266296386719 0.22931474447250366 0.7158253192901611 -1 -1 -1 -1 -1 -1 -1 -1 -1
0.6208774447441101 0.2122153341770172 0.9905941486358643 -1 -1 -1 -1 -1 -1 -1 -1 -1
0.5813945531845093 0.22801163792610168 0.7103803157806396 -1 -1 -1 -1 -1 -1 -1 -1 -1
0.6173497438430786 0.21118462085723877 0.990203857421875 -1 -1 -1 -1 -1 -1 -1 -1 -1
0.5862253308296204 0.23403960466384888 0.7137337923049927 -1 -1 -1 -1 -1 -1 -1 -1 -1
0.6149644255638123 0.21827298402786255 0.9836241006851196 -1 -1 -1 -1 -1 -1 -1 -1 -1
0.5748440027236938 0.5416224002838135 0.999891996383667 -1 -1 -1 -1 -1 -1 -1 -1 -1
0.603285551071167 0.5384517312049866 0.9998792409896851 -1 -1 -1 -1 -1 -1 -1 -1 -1
0.5608507990837097 0.6402543783187866 0.9563581943511963 -1 -1 -1 -1 -1 -1 -1 -1 -1
0.5928295254707336 0.6371141076087952 0.9723061323165894 -1 -1 -1 -1 -1 -1 -1 -1 -1
0.5557783246040344 0.7407001256942749 0.9542004466056824 -1 -1 -1 -1 -1 -1 -1 -1 -1
0.5856276750564575 0.7423906922340393 0.9890156388282776 -1 -1 -1 -1 -1 -1 -1 -1 -1
0.553878128528595 0.7503128051757812 0.9762887954711914 -1 -1 -1 -1 -1 -1 -1 -1 -1
0.5773538947105408 0.7530116438865662 0.9935546517372131 -1 -1 -1 -1 -1 -1 -1 -1 -1
0.5538345575332642 0.7749581933021545 0.836719810962677 -1 -1 -1 -1 -1 -1 -1 -1 -1
0.5970216393470764 0.7731311917304993 0.9591120481491089 -1 -1 -1 -1 -1 -1 -1 -1 -1
1 
33 
-1 -1 -1 -1 -1 -1 -1 -1 -1 -1
0.6036031246185303 0.3291611671447754 0.9993299245834351 -1 -1 -1 -1 -1 -1 -1 -1 -1
0.6013956665992737 0.32257261872291565 0.9992266893386841 -1 -1 -1 -1 -1 -1 -1 -1 -1
0.5996164083480835 0.3223288059234619 0.9991683959960938 -1 -1 -1 -1 -1 -1 -1 -1 -1
0.5978186726570129 0.3219866156578064 0.9991115927696228 -1 -1 -1 -1 -1 -1 -1 -1 -1
0.6059000492095947 0.32351428270339966 0.999357283115387 -1 -1 -1 -1 -1 -1 -1 -1 -1
0.607178807258606 0.32387420535087585 0.9994099140167236 -1 -1 -1 -1 -1 -1 -1 -1 -1
0.6084432601928711 0.3242139220237732 0.9993483424186707 -1 -1 -1 -1 -1 -1 -1 -1 -1
0.5927425026893616 0.3273217976093292 0.9990655779838562 -1 -1 -1 -1 -1 -1 -1 -1 -1
0.6076263785362244 0.3295644223690033 0.9990127086639404 -1 -1 -1 -1 -1 -1 -1 -1 -1
0.6003530025482178 0.3358865976333618 0.9987120628356934 -1 -1 -1 -1 -1 -1 -1 -1 -1
0.6049059629440308 0.3364570140838623 0.9980857372283936 -1 -1 -1 -1 -1 -1 -1 -1 -1
0.5714446306228638 0.3634633421897888 0.9984631538391113 -1 -1 -1 -1 -1 -1 -1 -1 -1
0.608623206615448 0.35409510135650635 0.9993984699249268 -1 -1 -1 -1 -1 -1 -1 -1 -1
0.5782790184020996 0.3027670383453369 0.5303050875663757 -1 -1 -1 -1 -1 -1 -1 -1 -1
0.6104620099067688 0.2885892689228058 0.958014190196991 -1 -1 -1 -1 -1 -1 -1 -1 -1
0.5809593796730042 0.23878896236419678 0.8291138410568237 -1 -1 -1 -1 -1 -1 -1 -1 -1
0.6135942935943604 0.2161988914012909 0.9921900629997253 -1 -1 -1 -1 -1 -1 -1 -1 -1
0.5762556195259094 0.22326979041099548 0.8443551063537598 -1 -1 -1 -1 -1 -1 -1 -1 -1
0.6173367500305176 0.19866538047790527 0.9913640022277832 -1 -1 -1 -1 -1 -1 -1 -1 -1
0.5794020295143127 0.2189144790172577 0.8413811326026917 -1 -1 -1 -1 -1 -1 -1 -1 -1
0.6135275959968567 0.198548823595047 0.9909802079200745 -1 -1 -1 -1 -1 -1 -1 -1 -1
0.5823681354522705 0.225799560546875 0.8342125415802002 -1 -1 -1 -1 -1 -1 -1 -1 -1
0.6109216213226318 0.20521137118339539 0.9858468174934387 -1 -1 -1 -1 -1 -1 -1 -1 -1
0.5751983523368835 0.5343175530433655 0.9999363422393799 -1 -1 -1 -1 -1 -1 -1 -1 -1
0.6033376455307007 0.5286125540733337 0.9999054670333862 -1 -1 -1 -1 -1 -1 -1 -1 -1
0.5631765127182007 0.6316897869110107 0.9690648317337036 -1 -1 -1 -1 -1 -1 -1 -1 -1
0.5953264236450195 0.6282263398170471 0.9578531980514526 -1 -1 -1 -1 -1 -1 -1 -1 -1
0.557133138179779 0.7280345559120178 0.9721513986587524 -1 -1 -1 -1 -1 -1 -1 -1 -1
0.5889391303062439 0.7279637455940247 0.9878358244895935 -1 -1 -1 -1 -1 -1 -1 -1 -1
0.5553224682807922 0.7334426641464233 0.9872317910194397 -1 -1 -1 -1 -1 -1 -1 -1 -1
0.5814861059188843 0.7379890084266663 0.9946204423904419 -1 -1 -1 -1 -1 -1 -1 -1 -1
0.5528895258903503 0.759620726108551 0.8630254864692688 -1 -1 -1 -1 -1 -1 -1 -1 -1
0.595153272151947 0.7549576759338379 0.9381382465362549 -1 -1 -1 -1 -1 -1 -1 -1 -1
1 
33 
-1 -1 -1 -1 -1 -1 -1 -1 -1 -1
0.6111953854560852 0.324531614780426 0.9992843270301819 -1 -1 -1 -1 -1 -1 -1 -1 -1
0.6090465784072876 0.31570661067962646 0.9993133544921875 -1 -1 -1 -1 -1 -1 -1 -1 -1
0.6079177260398865 0.31529778242111206 0.9992285966873169 -1 -1 -1 -1 -1 -1 -1 -1 -1
0.6067147850990295 0.31488245725631714 0.9992398023605347 -1 -1 -1 -1 -1 -1 -1 -1 -1
0.6111850142478943 0.3169136345386505 0.9993813037872314 -1 -1 -1 -1 -1 -1 -1 -1 -1
0.6115254759788513 0.3172539472579956 0.9994218349456787 -1 -1 -1 -1 -1 -1 -1 -1 -1
0.6118808388710022 0.3177165389060974 0.9993625283241272 -1 -1 -1 -1 -1 -1 -1 -1 -1
0.5993931889533997 0.31881916522979736 0.9992256164550781 -1 -1 -1 -1 -1 -1 -1 -1 -1
0.6080231666564941 0.32341694831848145 0.9992368221282959 -1 -1 -1 -1 -1 -1 -1 -1 -1
0.6083877682685852 0.33285096287727356 0.9989593029022217 -1 -1 -1 -1 -1 -1 -1 -1 -1
0.6104185581207275 0.33333227038383484 0.9987056255340576 -1 -1 -1 -1 -1 -1 -1 -1 -1
0.5751252174377441 0.3521278500556946 0.9981881976127625 -1 -1 -1 -1 -1 -1 -1 -1 -1
0.603783369064331 0.35184600949287415 0.9994012117385864 -1 -1 -1 -1 -1 -1 -1 -1 -1
0.5797267556190491 0.2894940972328186 0.4542095959186554 -1 -1 -1 -1 -1 -1 -1 -1 -1
0.605426013469696 0.2850416898727417 0.9184249639511108 -1 -1 -1 -1 -1 -1 -1 -1 -1
0.5836471319198608 0.2253839075565338 0.7398688793182373 -1 -1 -1 -1 -1 -1 -1 -1 -1
0.6044068336486816 0.2117212414741516 0.9885861277580261 -1 -1 -1 -1 -1 -1 -1 -1 -1
0.5784419775009155 0.20697513222694397 0.7783031463623047 -1 -1 -1 -1 -1 -1 -1 -1 -1
0.6032100915908813 0.193327397108078 0.9899324178695679 -1 -1 -1 -1 -1 -1 -1 -1 -1
0.5802628993988037 0.20459353923797607 0.7702417969703674 -1 -1 -1 -1 -1 -1 -1 -1 -1
0.5991048812866211 0.19238516688346863 0.989237368106842 -1 -1 -1 -1 -1 -1 -1 -1 -1
0.5837611556053162 0.21045595407485962 0.7686862349510193 -1 -1 -1 -1 -1 -1 -1 -1 -1
0.5987848043441772 0.19915270805358887 0.9821151494979858 -1 -1 -1 -1 -1 -1 -1 -1 -1
0.5769556760787964 0.5236548781394958 0.9999213218688965 -1 -1 -1 -1 -1 -1 -1 -1 -1
0.6021459102630615 0.5183485150337219 0.9998818635940552 -1 -1 -1 -1 -1 -1 -1 -1 -1
0.5683652758598328 0.6222556233406067 0.9510998129844666 -1 -1 -1 -1 -1 -1 -1 -1 -1
0.5958385467529297 0.6172034740447998 0.9785664081573486 -1 -1 -1 -1 -1 -1 -1 -1 -1
0.5589937567710876 0.71918785572052 0.9577823281288147 -1 -1 -1 -1 -1 -1 -1 -1 -1
0.5909688472747803 0.7201896905899048 0.990439772605896 -1 -1 -1 -1 -1 -1 -1 -1 -1
0.5552684664726257 0.7295535206794739 0.9796751737594604 -1 -1 -1 -1 -1 -1 -1 -1 -1
0.5846363306045532 0.7301290035247803 0.9946021437644958 -1 -1 -1 -1 -1 -1 -1 -1 -1
0.5648449659347534 0.7402627468109131 0.822261393070221 -1 -1 -1 -1 -1 -1 -1 -1 -1
0.5996330380439758 0.7492678761482239 0.9562011957168579 -1 -1 -1 -1 -1 -1 -1 -1 -1
1 
33 
-1 -1 -1 -1 -1 -1 -1 -1 -1 -1
0.6126387119293213 0.32326677441596985 0.992893397808075 -1 -1 -1 -1 -1 -1 -1 -1 -1
0.6109244227409363 0.31164103746414185 0.9924073815345764 -1 -1 -1 -1 -1 -1 -1 -1 -1
0.6101373434066772 0.31114286184310913 0.9899933934211731 -1 -1 -1 -1 -1 -1 -1 -1 -1
0.6092286109924316 0.3105132281780243 0.9910178184509277 -1 -1 -1 -1 -1 -1 -1 -1 -1
0.6116569638252258 0.31260907649993896 0.9944774508476257 -1 -1 -1 -1 -1 -1 -1 -1 -1
0.6113376617431641 0.3128817677497864 0.994247555732727 -1 -1 -1 -1 -1 -1 -1 -1 -1
0.6109424829483032 0.3131888806819916 0.9949776530265808 -1 -1 -1 -1 -1 -1 -1 -1 -1
0.6018909215927124 0.31048378348350525 0.9873058795928955 -1 -1 -1 -1 -1 -1 -1 -1 -1
0.6045750975608826 0.31541863083839417 0.993344783782959 -1 -1 -1 -1 -1 -1 -1 -1 -1
0.6098281741142273 0.3322172462940216 0.9908571839332581 -1 -1 -1 -1 -1 -1 -1 -1 -1
0.6100172996520996 0.333453893661499 0.9924461245536804 -1 -1 -1 -1 -1 -1 -1 -1 -1
0.5923625826835632 0.34880340099334717 0.9892134070396423 -1 -1 -1 -1 -1 -1 -1 -1 -1
0.5886910557746887 0.3503522276878357 0.9962338805198669 -1 -1 -1 -1 -1 -1 -1 -1 -1
0.5920082330703735 0.2811788320541382 0.25281062722206116 -1 -1 -1 -1 -1 -1 -1 -1 -1
0.5883412957191467 0.29701828956604004 0.9113141894340515 -1 -1 -1 -1 -1 -1 -1 -1 -1
0.5909104943275452 0.2079768180847168 0.6600250601768494 -1 -1 -1 -1 -1 -1 -1 -1 -1
0.585809588432312 0.2179422676563263 0.9637635946273804 -1 -1 -1 -1 -1 -1 -1 -1 -1
0.5863751173019409 0.1931878626346588 0.7254289984703064 -1 -1 -1 -1 -1 -1 -1 -1 -1
0.5829086303710938 0.1989302933216095 0.9678071737289429 -1 -1 -1 -1 -1 -1 -1 -1 -1
0.5863779187202454 0.19069036841392517 0.7178583145141602 -1 -1 -1 -1 -1 -1 -1 -1 -1
0.5819148421287537 0.19519200921058655 0.965930163860321 -1 -1 -1 -1 -1 -1 -1 -1 -1
0.5881196856498718 0.19557666778564453 0.6996782422065735 -1 -1 -1 -1 -1 -1 -1 -1 -1
0.5833536982536316 0.20159322023391724 0.9466136693954468 -1 -1 -1 -1 -1 -1 -1 -1 -1
0.5802189707756042 0.5115941762924194 0.999245285987854 -1 -1 -1 -1 -1 -1 -1 -1 -1
0.5972246527671814 0.5086779594421387 0.9992173910140991 -1 -1 -1 -1 -1 -1 -1 -1 -1
0.5727850794792175 0.613542377948761 0.9126381278038025 -1 -1 -1 -1 -1 -1 -1 -1 -1
0.593255341053009 0.6091375350952148 0.9825483560562134 -1 -1 -1 -1 -1 -1 -1 -1 -1
0.5703824162483215 0.7196938991546631 0.9185003638267517 -1 -1 -1 -1 -1 -1 -1 -1 -1
0.5898295044898987 0.7191952466964722 0.9854462146759033 -1 -1 -1 -1 -1 -1 -1 -1 -1
0.5648245215415955 0.7315285205841064 0.946420431137085 -1 -1 -1 -1 -1 -1 -1 -1 -1
0.582651674747467 0.7313101291656494 0.986383855342865 -1 -1 -1 -1 -1 -1 -1 -1 -1
0.5755591988563538 0.7683722972869873 0.7518552541732788 -1 -1 -1 -1 -1 -1 -1 -1 -1
0.5983257293701172 0.7588618993759155 0.9440804719924927 -1 -1 -1 -1 -1 -1 -1 -1 -1
1 
33 
-1 -1 -1 -1 -1 -1 -1 -1 -1 -1
0.612994372844696 0.3239409327507019 0.9987325072288513 -1 -1 -1 -1 -1 -1 -1 -1 -1
0.6116489768028259 0.30886566638946533 0.9986281394958496 -1 -1 -1 -1 -1 -1 -1 -1 -1
0.6105976700782776 0.30790817737579346 0.9984601736068726 -1 -1 -1 -1 -1 -1 -1 -1 -1
0.6092855334281921 0.306903213262558 0.9985682964324951 -1 -1 -1 -1 -1 -1 -1 -1 -1
0.6126360297203064 0.31007009744644165 0.9989956021308899 -1 -1 -1 -1 -1 -1 -1 -1 -1
0.612235426902771 0.31003254652023315 0.9991193413734436 -1 -1 -1 -1 -1 -1 -1 -1 -1
0.6117045879364014 0.3100874423980713 0.9991253018379211 -1 -1 -1 -1 -1 -1 -1 -1 -1
0.6013979315757751 0.30701547861099243 0.9987710118293762 -1 -1 -1 -1 -1 -1 -1 -1 -1
0.6053817868232727 0.3124714493751526 0.9989687204360962 -1 -1 -1 -1 -1 -1 -1 -1 -1
0.6090889573097229 0.33168894052505493 0.9968230724334717 -1 -1 -1 -1 -1 -1 -1 -1 -1
0.6095515489578247 0.33302244544029236 0.9959302544593811 -1 -1 -1 -1 -1 -1 -1 -1 -1
0.5753772258758545 0.3436972498893738 0.9963272213935852 -1 -1 -1 -1 -1 -1 -1 -1 -1
0.5967085361480713 0.3491630554199219 0.9985860586166382 -1 -1 -1 -1 -1 -1 -1 -1 -1
0.5925405025482178 0.27069926261901855 0.2912348210811615 -1 -1 -1 -1 -1 -1 -1 -1 -1
0.599774956703186 0.2951502203941345 0.7619723081588745 -1 -1 -1 -1 -1 -1 -1 -1 -1
0.5827677845954895 0.20664477348327637 0.5743529796600342 -1 -1 -1 -1 -1 -1 -1 -1 -1
0.584968090057373 0.2202126681804657 0.93370121717453 -1 -1 -1 -1 -1 -1 -1 -1 -1
0.5765590667724609 0.190297931432724 0.6262755393981934 -1 -1 -1 -1 -1 -1 -1 -1 -1
0.5793551206588745 0.20073306560516357 0.9487001895904541 -1 -1 -1 -1 -1 -1 -1 -1 -1
0.5767819285392761 0.1893305480480194 0.6157627701759338 -1 -1 -1 -1 -1 -1 -1 -1 -1
0.5776085257530212 0.19796031713485718 0.9460245966911316 -1 -1 -1 -1 -1 -1 -1 -1 -1
0.5788925290107727 0.19445043802261353 0.6179216504096985 -1 -1 -1 -1 -1 -1 -1 -1 -1
0.57945716381073 0.2063007652759552 0.9206595420837402 -1 -1 -1 -1 -1 -1 -1 -1 -1
0.5752331018447876 0.5017632246017456 0.9999285936355591 -1 -1 -1 -1 -1 -1 -1 -1 -1
0.6003632545471191 0.49972403049468994 0.9998812675476074 -1 -1 -1 -1 -1 -1 -1 -1 -1
0.5731114149093628 0.6083921790122986 0.9799844622612 -1 -1 -1 -1 -1 -1 -1 -1 -1
0.59634929895401 0.6056999564170837 0.9849130511283875 -1 -1 -1 -1 -1 -1 -1 -1 -1
0.5748625993728638 0.7129256725311279 0.9682780504226685 -1 -1 -1 -1 -1 -1 -1 -1 -1
0.5890803933143616 0.7166547775268555 0.9884433150291443 -1 -1 -1 -1 -1 -1 -1 -1 -1
0.5712311863899231 0.7238473296165466 0.9853047728538513 -1 -1 -1 -1 -1 -1 -1 -1 -1
0.582024097442627 0.7256675958633423 0.9915164709091187 -1 -1 -1 -1 -1 -1 -1 -1 -1
0.5791279673576355 0.7492597699165344 0.7748368382453918 -1 -1 -1 -1 -1 -1 -1 -1 -1
0.601277232170105 0.7511422634124756 0.9178896546363831 -1 -1 -1 -1 -1 -1 -1 -1 -1
1 
33 
-1 -1 -1 -1 -1 -1 -1 -1 -1 -1
0.6176919937133789 0.3250311017036438 0.9997394680976868 -1 -1 -1 -1 -1 -1 -1 -1 -1
0.6155412197113037 0.31301915645599365 0.9997134804725647 -1 -1 -1 -1 -1 -1 -1 -1 -1
0.6142845153808594 0.31191468238830566 0.9996893405914307 -1 -1 -1 -1 -1 -1 -1 -1 -1
0.6127749681472778 0.31071287393569946 0.9997344613075256 -1 -1 -1 -1 -1 -1 -1 -1 -1
0.616651713848114 0.31414395570755005 0.9997637867927551 -1 -1 -1 -1 -1 -1 -1 -1 -1
0.6162211298942566 0.3138906955718994 0.9997952580451965 -1 -1 -1 -1 -1 -1 -1 -1 -1
0.6157481670379639 0.3136546015739441 0.9997921586036682 -1 -1 -1 -1 -1 -1 -1 -1 -1
0.6043190360069275 0.31079041957855225 0.9998624324798584 -1 -1 -1 -1 -1 -1 -1 -1 -1
0.6093039512634277 0.3147011399269104 0.999812662601471 -1 -1 -1 -1 -1 -1 -1 -1 -1
0.6130449175834656 0.33114999532699585 0.9993122816085815 -1 -1 -1 -1 -1 -1 -1 -1 -1
0.613922119140625 0.3322346806526184 0.9988662004470825 -1 -1 -1 -1 -1 -1 -1 -1 -1
0.5731863379478455 0.3414827287197113 0.9984666109085083 -1 -1 -1 -1 -1 -1 -1 -1 -1
0.6019124388694763 0.34397509694099426 0.9997783303260803 -1 -1 -1 -1 -1 -1 -1 -1 -1
0.580619215965271 0.2835788130760193 0.16136644780635834 -1 -1 -1 -1 -1 -1 -1 -1 -1
0.5917158722877502 0.2718113660812378 0.663317084312439 -1 -1 -1 -1 -1 -1 -1 -1 -1
0.5730523467063904 0.2238507866859436 0.38400158286094666 -1 -1 -1 -1 -1 -1 -1 -1 -1
0.5768530368804932 0.23105180263519287 0.8573046922683716 -1 -1 -1 -1 -1 -1 -1 -1 -1
0.5691017508506775 0.21156099438667297 0.4214303493499756 -1 -1 -1 -1 -1 -1 -1 -1 -1
0.5661534667015076 0.23226580023765564 0.9157543182373047 -1 -1 -1 -1 -1 -1 -1 -1 -1
0.5720048546791077 0.2343229055404663 0.4319601058959961 -1 -1 -1 -1 -1 -1 -1 -1 -1
0.5637732744216919 0.2353459596633911 0.9122443795204163 -1 -1 -1 -1 -1 -1 -1 -1 -1
0.5767924189567566 0.24187710881233215 0.4402032494544983 -1 -1 -1 -1 -1 -1 -1 -1 -1
0.5726601481437683 0.22538328170776367 0.8664333820343018 -1 -1 -1 -1 -1 -1 -1 -1 -1
0.5732924938201904 0.5006250739097595 0.9999841451644897 -1 -1 -1 -1 -1 -1 -1 -1 -1
0.6000734567642212 0.5012797713279724 0.999977707862854 -1 -1 -1 -1 -1 -1 -1 -1 -1
0.5702930092811584 0.6055862307548523 0.9860498309135437 -1 -1 -1 -1 -1 -1 -1 -1 -1
0.6017395853996277 0.6082837581634521 0.9946237802505493 -1 -1 -1 -1 -1 -1 -1 -1 -1
0.5739728808403015 0.7082091569900513 0.9850031733512878 -1 -1 -1 -1 -1 -1 -1 -1 -1
0.5926569104194641 0.7167446613311768 0.9965540170669556 -1 -1 -1 -1 -1 -1 -1 -1 -1
0.5708967447280884 0.720111072063446 0.9962975382804871 -1 -1 -1 -1 -1 -1 -1 -1 -1
0.5848509669303894 0.7247426509857178 0.9980021119117737 -1 -1 -1 -1 -1 -1 -1 -1 -1
0.5781379342079163 0.7543475031852722 0.9302875995635986 -1 -1 -1 -1 -1 -1 -1 -1 -1
0.6056099534034729 0.7573897838592529 0.9830119013786316 -1 -1 -1 -1 -1 -1 -1 -1 -1
1 
33 
-1 -1 -1 -1 -1 -1 -1 -1 -1 -1
0.6037893891334534 0.31411436200141907 0.9990091323852539 -1 -1 -1 -1 -1 -1 -1 -1 -1
0.5981091856956482 0.30459651350975037 0.9991098046302795 -1 -1 -1 -1 -1 -1 -1 -1 -1
0.5965790152549744 0.30406689643859863 0.999046266078949 -1 -1 -1 -1 -1 -1 -1 -1 -1
0.5950079560279846 0.30365467071533203 0.999101996421814 -1 -1 -1 -1 -1 -1 -1 -1 -1
0.6024088263511658 0.3063940405845642 0.9993811845779419 -1 -1 -1 -1 -1 -1 -1 -1 -1
0.6026227474212646 0.30664554238319397 0.9994561076164246 -1 -1 -1 -1 -1 -1 -1 -1 -1
0.6028253436088562 0.3070322871208191 0.9994010925292969 -1 -1 -1 -1 -1 -1 -1 -1 -1
0.5896873474121094 0.30961012840270996 0.9996139407157898 -1 -1 -1 -1 -1 -1 -1 -1 -1
0.59972083568573 0.3135165572166443 0.9993315935134888 -1 -1 -1 -1 -1 -1 -1 -1 -1
0.5991551280021667 0.3202933371067047 0.9978089928627014 -1 -1 -1 -1 -1 -1 -1 -1 -1
0.6021845936775208 0.3213539123535156 0.9967288970947266 -1 -1 -1 -1 -1 -1 -1 -1 -1
0.5702183246612549 0.343913733959198 0.9935050010681152 -1 -1 -1 -1 -1 -1 -1 -1 -1
0.6001611351966858 0.3472849130630493 0.9954485297203064 -1 -1 -1 -1 -1 -1 -1 -1 -1
0.572070837020874 0.2899911403656006 0.1150183156132698 -1 -1 -1 -1 -1 -1 -1 -1 -1
0.5923593640327454 0.3181590735912323 0.33555302023887634 -1 -1 -1 -1 -1 -1 -1 -1 -1
0.5681727528572083 0.2332015037536621 0.2010613977909088 -1 -1 -1 -1 -1 -1 -1 -1 -1
0.5753813982009888 0.26958411931991577 0.5775660276412964 -1 -1 -1 -1 -1 -1 -1 -1 -1
0.5627226233482361 0.2198348045349121 0.2504235506057739 -1 -1 -1 -1 -1 -1 -1 -1 -1
0.5725154280662537 0.26017510890960693 0.7158618569374084 -1 -1 -1 -1 -1 -1 -1 -1 -1
0.5666374564170837 0.21972307562828064 0.24989940226078033 -1 -1 -1 -1 -1 -1 -1 -1 -1
0.5688319206237793 0.2585079073905945 0.7127046585083008 -1 -1 -1 -1 -1 -1 -1 -1 -1
0.5712618231773376 0.2253609150648117 0.2577715814113617 -1 -1 -1 -1 -1 -1 -1 -1 -1
0.5688804984092712 0.2619853615760803 0.6337589025497437 -1 -1 -1 -1 -1 -1 -1 -1 -1
0.5736360549926758 0.5019477009773254 0.9998032450675964 -1 -1 -1 -1 -1 -1 -1 -1 -1
0.5979560613632202 0.5053787231445312 0.9996894598007202 -1 -1 -1 -1 -1 -1 -1 -1 -1
0.5685343742370605 0.6079128980636597 0.8966831564903259 -1 -1 -1 -1 -1 -1 -1 -1 -1
0.6104815602302551 0.6156049966812134 0.9658917784690857 -1 -1 -1 -1 -1 -1 -1 -1 -1
0.5726642608642578 0.7084439992904663 0.8458717465400696 -1 -1 -1 -1 -1 -1 -1 -1 -1
0.5882531404495239 0.7178422212600708 0.9695265889167786 -1 -1 -1 -1 -1 -1 -1 -1 -1
0.5679498910903931 0.7219780683517456 0.9302435517311096 -1 -1 -1 -1 -1 -1 -1 -1 -1
0.5798582434654236 0.7282590866088867 0.9777169227600098 -1 -1 -1 -1 -1 -1 -1 -1 -1
0.5832881927490234 0.7377457618713379 0.46711498498916626 -1 -1 -1 -1 -1 -1 -1 -1 -1
0.605890691280365 0.7535456418991089 0.8505821824073792 -1 -1 -1 -1 -1 -1 -1 -1 -1
1 
33 
-1 -1 -1 -1 -1 -1 -1 -1 -1 -1
0.6190301775932312 0.3376995325088501 0.9986041188240051 -1 -1 -1 -1 -1 -1 -1 -1 -1
0.6144592761993408 0.3280513286590576 0.9983214735984802 -1 -1 -1 -1 -1 -1 -1 -1 -1
0.6131649017333984 0.32747212052345276 0.998293936252594 -1 -1 -1 -1 -1 -1 -1 -1 -1
0.6115796566009521 0.32674673199653625 0.9986604452133179 -1 -1 -1 -1 -1 -1 -1 -1 -1
0.6139358282089233 0.32816290855407715 0.9988552331924438 -1 -1 -1 -1 -1 -1 -1 -1 -1
0.6123468279838562 0.3277696371078491 0.9990435242652893 -1 -1 -1 -1 -1 -1 -1 -1 -1
0.6106232404708862 0.3273922801017761 0.9989715814590454 -1 -1 -1 -1 -1 -1 -1 -1 -1
0.598643958568573 0.3293093144893646 0.9994480013847351 -1 -1 -1 -1 -1 -1 -1 -1 -1
0.5998691320419312 0.33093035221099854 0.9989519119262695 -1 -1 -1 -1 -1 -1 -1 -1 -1
0.6149689555168152 0.34508222341537476 0.9958257675170898 -1 -1 -1 -1 -1 -1 -1 -1 -1
0.6140369176864624 0.3453381061553955 0.9943000078201294 -1 -1 -1 -1 -1 -1 -1 -1 -1
0.5738298296928406 0.3563716411590576 0.9977884292602539 -1 -1 -1 -1 -1 -1 -1 -1 -1
0.5953677296638489 0.36936432123184204 0.9986065030097961 -1 -1 -1 -1 -1 -1 -1 -1 -1
0.5692204236984253 0.29740095138549805 0.3614422678947449 -1 -1 -1 -1 -1 -1 -1 -1 -1
0.5890185236930847 0.3773740828037262 0.6129703521728516 -1 -1 -1 -1 -1 -1 -1 -1 -1
0.5613508820533752 0.254550963640213 0.2608899772167206 -1 -1 -1 -1 -1 -1 -1 -1 -1
0.5804829597473145 0.355007141828537 0.6188156604766846 -1 -1 -1 -1 -1 -1 -1 -1 -1
0.5551149845123291 0.24218781292438507 0.2599088251590729 -1 -1 -1 -1 -1 -1 -1 -1 -1
0.5781764984130859 0.3522878587245941 0.7076829671859741 -1 -1 -1 -1 -1 -1 -1 -1 -1
0.557293176651001 0.24275116622447968 0.2483089119195938 -1 -1 -1 -1 -1 -1 -1 -1 -1
0.5762737989425659 0.34774571657180786 0.7039370536804199 -1 -1 -1 -1 -1 -1 -1 -1 -1
0.5616654753684998 0.24835331737995148 0.25687772035598755 -1 -1 -1 -1 -1 -1 -1 -1 -1
0.5765170454978943 0.3486902117729187 0.6392630338668823 -1 -1 -1 -1 -1 -1 -1 -1 -1
0.5746380090713501 0.5094598531723022 0.999799907207489 -1 -1 -1 -1 -1 -1 -1 -1 -1
0.5930027961730957 0.5127432942390442 0.9996762275695801 -1 -1 -1 -1 -1 -1 -1 -1 -1
0.5708582401275635 0.6098883152008057 0.688692569732666 -1 -1 -1 -1 -1 -1 -1 -1 -1
0.6120777130126953 0.6226200461387634 0.947618305683136 -1 -1 -1 -1 -1 -1 -1 -1 -1
0.5708526968955994 0.7133592963218689 0.7541258335113525 -1 -1 -1 -1 -1 -1 -1 -1 -1
0.5879994630813599 0.7187365293502808 0.969566822052002 -1 -1 -1 -1 -1 -1 -1 -1 -1
0.5658442974090576 0.7249377965927124 0.8769051432609558 -1 -1 -1 -1 -1 -1 -1 -1 -1
0.579193115234375 0.7274669408798218 0.9752202033996582 -1 -1 -1 -1 -1 -1 -1 -1 -1
0.5819587707519531 0.740989625453949 0.6265693306922913 -1 -1 -1 -1 -1 -1 -1 -1 -1
0.6061638593673706 0.7526919841766357 0.9482905864715576 -1 -1 -1 -1 -1 -1 -1 -1 -1
1 
33 
-1 -1 -1 -1 -1 -1 -1 -1 -1 -1
0.6040765047073364 0.33396515250205994 0.9991238713264465 -1 -1 -1 -1 -1 -1 -1 -1 -1
0.599506676197052 0.32829833030700684 0.9988343119621277 -1 -1 -1 -1 -1 -1 -1 -1 -1
0.5995523929595947 0.32851627469062805 0.9985002279281616 -1 -1 -1 -1 -1 -1 -1 -1 -1
0.5990352630615234 0.32803016901016235 0.9989457726478577 -1 -1 -1 -1 -1 -1 -1 -1 -1
0.5984823703765869 0.32781386375427246 0.9993166923522949 -1 -1 -1 -1 -1 -1 -1 -1 -1
0.5955851078033447 0.3214762210845947 0.9993005990982056 -1 -1 -1 -1 -1 -1 -1 -1 -1
0.5942785143852234 0.3220987319946289 0.999453604221344 -1 -1 -1 -1 -1 -1 -1 -1 -1
0.5879573225975037 0.3203513026237488 0.9993711113929749 -1 -1 -1 -1 -1 -1 -1 -1 -1
0.5850350260734558 0.3272387683391571 0.9994187355041504 -1 -1 -1 -1 -1 -1 -1 -1 -1
0.5995944738388062 0.33912020921707153 0.9978291392326355 -1 -1 -1 -1 -1 -1 -1 -1 -1
0.598754346370697 0.33908921480178833 0.9977057576179504 -1 -1 -1 -1 -1 -1 -1 -1 -1
0.5822281837463379 0.3649062514305115 0.9986439347267151 -1 -1 -1 -1 -1 -1 -1 -1 -1
0.5758447051048279 0.37279707193374634 0.9986293315887451 -1 -1 -1 -1 -1 -1 -1 -1 -1
0.596705973148346 0.3489862382411957 0.10796424746513367 -1 -1 -1 -1 -1 -1 -1 -1 -1
0.5756267309188843 0.38927820324897766 0.8856332898139954 -1 -1 -1 -1 -1 -1 -1 -1 -1
0.5896830558776855 0.3260860741138458 0.1099030077457428 -1 -1 -1 -1 -1 -1 -1 -1 -1
0.5812769532203674 0.3600383400917053 0.7107962965965271 -1 -1 -1 -1 -1 -1 -1 -1 -1
0.5856680870056152 0.3220655620098114 0.11434201896190643 -1 -1 -1 -1 -1 -1 -1 -1 -1
0.5833288431167603 0.3553311824798584 0.7244250774383545 -1 -1 -1 -1 -1 -1 -1 -1 -1
0.5872365236282349 0.317361980676651 0.11711583286523819 -1 -1 -1 -1 -1 -1 -1 -1 -1
0.5816500782966614 0.3486138582229614 0.7215049266815186 -1 -1 -1 -1 -1 -1 -1 -1 -1
0.5896233916282654 0.3196074366569519 0.11630047112703323 -1 -1 -1 -1 -1 -1 -1 -1 -1
0.5806446671485901 0.3507981300354004 0.6421494483947754 -1 -1 -1 -1 -1 -1 -1 -1 -1
0.5835143327713013 0.5222638845443726 0.9989853501319885 -1 -1 -1 -1 -1 -1 -1 -1 -1
0.5872958898544312 0.5202703475952148 0.9987555742263794 -1 -1 -1 -1 -1 -1 -1 -1 -1
0.578780472278595 0.6155596375465393 0.636409342288971 -1 -1 -1 -1 -1 -1 -1 -1 -1
0.6172323226928711 0.6302136778831482 0.9751360416412354 -1 -1 -1 -1 -1 -1 -1 -1 -1
0.5662749409675598 0.7144849300384521 0.7921841740608215 -1 -1 -1 -1 -1 -1 -1 -1 -1
0.5855313539505005 0.7223204374313354 0.9810633659362793 -1 -1 -1 -1 -1 -1 -1 -1 -1
0.5559943318367004 0.7295213937759399 0.8147412538528442 -1 -1 -1 -1 -1 -1 -1 -1 -1
0.5742714405059814 0.7313704490661621 0.97441565990448 -1 -1 -1 -1 -1 -1 -1 -1 -1
0.5788285136222839 0.748929500579834 0.7924314737319946 -1 -1 -1 -1 -1 -1 -1 -1 -1
0.6010904312133789 0.758199155330658 0.9722355604171753 -1 -1 -1 -1 -1 -1 -1 -1 -1
1 
33 
-1 -1 -1 -1 -1 -1 -1 -1 -1 -1
0.5850508213043213 0.33615487813949585 0.9964632391929626 -1 -1 -1 -1 -1 -1 -1 -1 -1
0.576055645942688 0.3292737603187561 0.9959797859191895 -1 -1 -1 -1 -1 -1 -1 -1 -1
0.5760526061058044 0.32979094982147217 0.9951961636543274 -1 -1 -1 -1 -1 -1 -1 -1 -1
0.5779342651367188 0.334669828414917 0.9969080090522766 -1 -1 -1 -1 -1 -1 -1 -1 -1
0.5756301879882812 0.3294788599014282 0.9974664449691772 -1 -1 -1 -1 -1 -1 -1 -1 -1
0.5754112601280212 0.3303738832473755 0.9973374009132385 -1 -1 -1 -1 -1 -1 -1 -1 -1
0.5728962421417236 0.3301420211791992 0.9978631138801575 -1 -1 -1 -1 -1 -1 -1 -1 -1
0.5736721158027649 0.3451032042503357 0.9975717663764954 -1 -1 -1 -1 -1 -1 -1 -1 -1
0.5730288624763489 0.34944164752960205 0.9979895353317261 -1 -1 -1 -1 -1 -1 -1 -1 -1
0.5836708545684814 0.3415261507034302 0.9941891431808472 -1 -1 -1 -1 -1 -1 -1 -1 -1
0.5866574645042419 0.34706979990005493 0.9937762022018433 -1 -1 -1 -1 -1 -1 -1 -1 -1
0.5799490809440613 0.38627827167510986 0.9969077706336975 -1 -1 -1 -1 -1 -1 -1 -1 -1
0.5840340852737427 0.3891371190547943 0.997977077960968 -1 -1 -1 -1 -1 -1 -1 -1 -1
0.5946022272109985 0.3655173182487488 0.08137442171573639 -1 -1 -1 -1 -1 -1 -1 -1 -1
0.5905666351318359 0.40630245208740234 0.7656957507133484 -1 -1 -1 -1 -1 -1 -1 -1 -1
0.5912216305732727 0.3652336895465851 0.05418182164430618 -1 -1 -1 -1 -1 -1 -1 -1 -1
0.584405243396759 0.40654438734054565 0.2830304503440857 -1 -1 -1 -1 -1 -1 -1 -1 -1
0.5882931351661682 0.3684064745903015 0.06839899718761444 -1 -1 -1 -1 -1 -1 -1 -1 -1
0.582595705986023 0.4105278551578522 0.3255250155925751 -1 -1 -1 -1 -1 -1 -1 -1 -1
0.5887656211853027 0.36710479855537415 0.07586049288511276 -1 -1 -1 -1 -1 -1 -1 -1 -1
0.5801960229873657 0.4065329432487488 0.33705735206604004 -1 -1 -1 -1 -1 -1 -1 -1 -1
0.5911166071891785 0.36652517318725586 0.07992091029882431 -1 -1 -1 -1 -1 -1 -1 -1 -1
0.5800963640213013 0.4058430790901184 0.314590185880661 -1 -1 -1 -1 -1 -1 -1 -1 -1
0.5777831077575684 0.5404494404792786 0.9989573955535889 -1 -1 -1 -1 -1 -1 -1 -1 -1
0.5875425338745117 0.5385597944259644 0.9991078972816467 -1 -1 -1 -1 -1 -1 -1 -1 -1
0.5784385800361633 0.6281664967536926 0.53498774766922 -1 -1 -1 -1 -1 -1 -1 -1 -1
0.620230495929718 0.6504372954368591 0.9914980530738831 -1 -1 -1 -1 -1 -1 -1 -1 -1
0.5622748732566833 0.7133798599243164 0.7928458452224731 -1 -1 -1 -1 -1 -1 -1 -1 -1
0.5816848874092102 0.7367738485336304 0.987310528755188 -1 -1 -1 -1 -1 -1 -1 -1 -1
0.5553958415985107 0.7203110456466675 0.8204061985015869 -1 -1 -1 -1 -1 -1 -1 -1 -1
0.5727955102920532 0.7408777475357056 0.9703196883201599 -1 -1 -1 -1 -1 -1 -1 -1 -1
0.5704099535942078 0.7553520202636719 0.7754895091056824 -1 -1 -1 -1 -1 -1 -1 -1 -1
0.5948788523674011 0.7694222927093506 0.9684070348739624 -1 -1 -1 -1 -1 -1 -1 -1 -1
1 
33 
-1 -1 -1 -1 -1 -1 -1 -1 -1 -1
0.5981503129005432 0.3419002890586853 0.996131181716919 -1 -1 -1 -1 -1 -1 -1 -1 -1
0.5955063104629517 0.33600401878356934 0.9954386353492737 -1 -1 -1 -1 -1 -1 -1 -1 -1
0.5946225523948669 0.335656076669693 0.9952202439308167 -1 -1 -1 -1 -1 -1 -1 -1 -1
0.5921661257743835 0.3345562815666199 0.9961626529693604 -1 -1 -1 -1 -1 -1 -1 -1 -1
0.5948905944824219 0.33562928438186646 0.9958829879760742 -1 -1 -1 -1 -1 -1 -1 -1 -1
0.5965155363082886 0.3373618721961975 0.9954458475112915 -1 -1 -1 -1 -1 -1 -1 -1 -1
0.5962651371955872 0.3377363383769989 0.995200514793396 -1 -1 -1 -1 -1 -1 -1 -1 -1
0.5857497453689575 0.3422102928161621 0.9972510933876038 -1 -1 -1 -1 -1 -1 -1 -1 -1
0.5916958451271057 0.34587645530700684 0.9935526847839355 -1 -1 -1 -1 -1 -1 -1 -1 -1
0.5966465473175049 0.3525165915489197 0.9943978786468506 -1 -1 -1 -1 -1 -1 -1 -1 -1
0.5983097553253174 0.3535608947277069 0.9915361404418945 -1 -1 -1 -1 -1 -1 -1 -1 -1
0.5690509676933289 0.3840141296386719 0.9991586208343506 -1 -1 -1 -1 -1 -1 -1 -1 -1
0.5969854593276978 0.3912601172924042 0.9986246824264526 -1 -1 -1 -1 -1 -1 -1 -1 -1
0.5629749894142151 0.3327959477901459 0.7968693971633911 -1 -1 -1 -1 -1 -1 -1 -1 -1
0.6105117201805115 0.35298141837120056 0.7364927530288696 -1 -1 -1 -1 -1 -1 -1 -1 -1
0.5580666065216064 0.3462125360965729 0.3435141444206238 -1 -1 -1 -1 -1 -1 -1 -1 -1
0.5973681211471558 0.35633403062820435 0.3105281889438629 -1 -1 -1 -1 -1 -1 -1 -1 -1
0.5511964559555054 0.3442419171333313 0.2628525495529175 -1 -1 -1 -1 -1 -1 -1 -1 -1
0.592828094959259 0.35726070404052734 0.3467273414134979 -1 -1 -1 -1 -1 -1 -1 -1 -1
0.5544367432594299 0.35255229473114014 0.28300443291664124 -1 -1 -1 -1 -1 -1 -1 -1 -1
0.5906701683998108 0.3631865978240967 0.3600494861602783 -1 -1 -1 -1 -1 -1 -1 -1 -1
0.5578801035881042 0.35589516162872314 0.2814006507396698 -1 -1 -1 -1 -1 -1 -1 -1 -1
0.5913512110710144 0.3650379776954651 0.3393914997577667 -1 -1 -1 -1 -1 -1 -1 -1 -1
0.5732705593109131 0.5512675046920776 0.9999154806137085 -1 -1 -1 -1 -1 -1 -1 -1 -1
0.5864766836166382 0.5582944750785828 0.9999358654022217 -1 -1 -1 -1 -1 -1 -1 -1 -1
0.5797944068908691 0.6405998468399048 0.36976203322410583 -1 -1 -1 -1 -1 -1 -1 -1 -1
0.6188129782676697 0.6560922861099243 0.9656859636306763 -1 -1 -1 -1 -1 -1 -1 -1 -1
0.5583459734916687 0.7171400785446167 0.8133555054664612 -1 -1 -1 -1 -1 -1 -1 -1 -1
0.5790100693702698 0.7421402931213379 0.9883936047554016 -1 -1 -1 -1 -1 -1 -1 -1 -1
0.5478638410568237 0.7222707271575928 0.8662617206573486 -1 -1 -1 -1 -1 -1 -1 -1 -1
0.5691014528274536 0.7465437650680542 0.9845128655433655 -1 -1 -1 -1 -1 -1 -1 -1 -1
0.5627160668373108 0.761577844619751 0.8373239636421204 -1 -1 -1 -1 -1 -1 -1 -1 -1
0.5872865319252014 0.7901873588562012 0.986752986907959 -1 -1 -1 -1 -1 -1 -1 -1 -1
1 
33 
-1 -1 -1 -1 -1 -1 -1 -1 -1 -1
0.5948023796081543 0.37501370906829834 0.9968032836914062 -1 -1 -1 -1 -1 -1 -1 -1 -1
0.5911646485328674 0.36495447158813477 0.9960628151893616 -1 -1 -1 -1 -1 -1 -1 -1 -1
0.58931565284729 0.36410489678382874 0.9947399497032166 -1 -1 -1 -1 -1 -1 -1 -1 -1
0.5879001617431641 0.36340728402137756 0.9964863061904907 -1 -1 -1 -1 -1 -1 -1 -1 -1
0.5931697487831116 0.36573171615600586 0.997450053691864 -1 -1 -1 -1 -1 -1 -1 -1 -1
0.592481791973114 0.36530861258506775 0.9971115589141846 -1 -1 -1 -1 -1 -1 -1 -1 -1
0.5923578143119812 0.3651675581932068 0.9976602792739868 -1 -1 -1 -1 -1 -1 -1 -1 -1
0.5807989835739136 0.3667452335357666 0.9938538074493408 -1 -1 -1 -1 -1 -1 -1 -1 -1
0.5868175029754639 0.3678632974624634 0.9966133236885071 -1 -1 -1 -1 -1 -1 -1 -1 -1
0.5928680300712585 0.38279661536216736 0.9876236915588379 -1 -1 -1 -1 -1 -1 -1 -1 -1
0.5948043465614319 0.38372883200645447 0.9859797358512878 -1 -1 -1 -1 -1 -1 -1 -1 -1
0.5711787939071655 0.40922677516937256 0.9975618124008179 -1 -1 -1 -1 -1 -1 -1 -1 -1
0.5917415618896484 0.40071383118629456 0.9989063739776611 -1 -1 -1 -1 -1 -1 -1 -1 -1
0.5896221399307251 0.4062533974647522 0.09496849030256271 -1 -1 -1 -1 -1 -1 -1 -1 -1
0.6253676414489746 0.3605552315711975 0.9660336375236511 -1 -1 -1 -1 -1 -1 -1 -1 -1
0.5976751446723938 0.3894714415073395 0.1646108627319336 -1 -1 -1 -1 -1 -1 -1 -1 -1
0.6391855478286743 0.29867175221443176 0.9603285193443298 -1 -1 -1 -1 -1 -1 -1 -1 -1
0.596260666847229 0.3835895359516144 0.2005327194929123 -1 -1 -1 -1 -1 -1 -1 -1 -1
0.6438438892364502 0.2854818105697632 0.9452911019325256 -1 -1 -1 -1 -1 -1 -1 -1 -1
0.5968972444534302 0.37859711050987244 0.21137376129627228 -1 -1 -1 -1 -1 -1 -1 -1 -1
0.6413879990577698 0.28293129801750183 0.9398868083953857 -1 -1 -1 -1 -1 -1 -1 -1 -1
0.5989859700202942 0.38215363025665283 0.22848880290985107 -1 -1 -1 -1 -1 -1 -1 -1 -1
0.6392166018486023 0.28739336133003235 0.9082132577896118 -1 -1 -1 -1 -1 -1 -1 -1 -1
0.5712555050849915 0.5659512877464294 0.9998676776885986 -1 -1 -1 -1 -1 -1 -1 -1 -1
0.582810640335083 0.5632566809654236 0.9997144341468811 -1 -1 -1 -1 -1 -1 -1 -1 -1
0.5874365568161011 0.6578372716903687 0.264230340719223 -1 -1 -1 -1 -1 -1 -1 -1 -1
0.6094397306442261 0.6451196074485779 0.9097088575363159 -1 -1 -1 -1 -1 -1 -1 -1 -1
0.566689670085907 0.732206404209137 0.737336277961731 -1 -1 -1 -1 -1 -1 -1 -1 -1
0.5741260051727295 0.7238327264785767 0.9527251720428467 -1 -1 -1 -1 -1 -1 -1 -1 -1
0.557560384273529 0.7422054409980774 0.7637908458709717 -1 -1 -1 -1 -1 -1 -1 -1 -1
0.5618643760681152 0.7251406311988831 0.9397326707839966 -1 -1 -1 -1 -1 -1 -1 -1 -1
0.5709922909736633 0.7767525315284729 0.863706111907959 -1 -1 -1 -1 -1 -1 -1 -1 -1
0.5816120505332947 0.7817802429199219 0.9692980647087097 -1 -1 -1 -1 -1 -1 -1 -1 -1
1 
33 
-1 -1 -1 -1 -1 -1 -1 -1 -1 -1
0.5679460763931274 0.6641499996185303 0.9937915205955505 -1 -1 -1 -1 -1 -1 -1 -1 -1
0.5715673565864563 0.6722574234008789 0.9939415454864502 -1 -1 -1 -1 -1 -1 -1 -1 -1
0.5723671317100525 0.6724171042442322 0.9901072978973389 -1 -1 -1 -1 -1 -1 -1 -1 -1
0.5731412172317505 0.6724992394447327 0.9932757616043091 -1 -1 -1 -1 -1 -1 -1 -1 -1
0.571367084980011 0.6716030836105347 0.9965195655822754 -1 -1 -1 -1 -1 -1 -1 -1 -1
0.5720950365066528 0.6713559627532959 0.9956660270690918 -1 -1 -1 -1 -1 -1 -1 -1 -1
0.5728207230567932 0.6710956692695618 0.9969334602355957 -1 -1 -1 -1 -1 -1 -1 -1 -1
0.5802941918373108 0.6702325940132141 0.9870926141738892 -1 -1 -1 -1 -1 -1 -1 -1 -1
0.5795532464981079 0.6676673293113708 0.9950409531593323 -1 -1 -1 -1 -1 -1 -1 -1 -1
0.5701895952224731 0.6570197939872742 0.9860185384750366 -1 -1 -1 -1 -1 -1 -1 -1 -1
0.5695948600769043 0.6565886735916138 0.9852828979492188 -1 -1 -1 -1 -1 -1 -1 -1 -1
0.5843560099601746 0.6436415910720825 0.9975855350494385 -1 -1 -1 -1 -1 -1 -1 -1 -1
0.5859383344650269 0.6526474356651306 0.999107301235199 -1 -1 -1 -1 -1 -1 -1 -1 -1
0.5776354670524597 0.6775568723678589 0.09224610030651093 -1 -1 -1 -1 -1 -1 -1 -1 -1
0.5750886797904968 0.6890759468078613 0.935438334941864 -1 -1 -1 -1 -1 -1 -1 -1 -1
0.5626742243766785 0.7402108311653137 0.6416895985603333 -1 -1 -1 -1 -1 -1 -1 -1 -1
0.5741556882858276 0.7464851140975952 0.9846782684326172 -1 -1 -1 -1 -1 -1 -1 -1 -1
0.5601954460144043 0.745919942855835 0.7112445831298828 -1 -1 -1 -1 -1 -1 -1 -1 -1
0.5763576030731201 0.7573236227035522 0.9828351140022278 -1 -1 -1 -1 -1 -1 -1 -1 -1
0.5605090856552124 0.7528611421585083 0.7224952578544617 -1 -1 -1 -1 -1 -1 -1 -1 -1
0.5755601525306702 0.7582411170005798 0.982174813747406 -1 -1 -1 -1 -1 -1 -1 -1 -1
0.5599460005760193 0.7470970749855042 0.7052706480026245 -1 -1 -1 -1 -1 -1 -1 -1 -1
0.5769467949867249 0.7647073864936829 0.9681029319763184 -1 -1 -1 -1 -1 -1 -1 -1 -1
0.5724344253540039 0.49155205488204956 0.9998544454574585 -1 -1 -1 -1 -1 -1 -1 -1 -1
0.5733018517494202 0.4930582642555237 0.9999222755432129 -1 -1 -1 -1 -1 -1 -1 -1 -1
0.5766164660453796 0.39559847116470337 0.9094640612602234 -1 -1 -1 -1 -1 -1 -1 -1 -1
0.608586311340332 0.4068721532821655 0.9876513481140137 -1 -1 -1 -1 -1 -1 -1 -1 -1
0.584532618522644 0.3371132016181946 0.9395039677619934 -1 -1 -1 -1 -1 -1 -1 -1 -1
0.6531413197517395 0.3399427533149719 0.9947975873947144 -1 -1 -1 -1 -1 -1 -1 -1 -1
0.5988929271697998 0.3359886407852173 0.9338308572769165 -1 -1 -1 -1 -1 -1 -1 -1 -1
0.6615940928459167 0.33981984853744507 0.9871852993965149 -1 -1 -1 -1 -1 -1 -1 -1 -1
0.5918614268302917 0.29856324195861816 0.9283804297447205 -1 -1 -1 -1 -1 -1 -1 -1 -1
0.6640298366546631 0.2936769127845764 0.9934700727462769 -1 -1 -1 -1 -1 -1 -1 -1 -1
1 
33 
-1 -1 -1 -1 -1 -1 -1 -1 -1 -1
0.6142578721046448 0.3986108601093292 0.9678736329078674 -1 -1 -1 -1 -1 -1 -1 -1 -1
0.6184380650520325 0.38994884490966797 0.968197762966156 -1 -1 -1 -1 -1 -1 -1 -1 -1
0.6181925535202026 0.38956600427627563 0.9648387432098389 -1 -1 -1 -1 -1 -1 -1 -1 -1
0.6153452396392822 0.3878405690193176 0.9671149253845215 -1 -1 -1 -1 -1 -1 -1 -1 -1
0.6189626455307007 0.39080679416656494 0.9794195294380188 -1 -1 -1 -1 -1 -1 -1 -1 -1
0.6190810203552246 0.3909398317337036 0.9805881381034851 -1 -1 -1 -1 -1 -1 -1 -1 -1
0.6190085411071777 0.39039134979248047 0.9835026860237122 -1 -1 -1 -1 -1 -1 -1 -1 -1
0.6103014349937439 0.38197582960128784 0.9450331926345825 -1 -1 -1 -1 -1 -1 -1 -1 -1
0.6141694188117981 0.38659965991973877 0.9733220338821411 -1 -1 -1 -1 -1 -1 -1 -1 -1
0.6100306510925293 0.4013349115848541 0.9505664110183716 -1 -1 -1 -1 -1 -1 -1 -1 -1
0.610035240650177 0.40219831466674805 0.9595773816108704 -1 -1 -1 -1 -1 -1 -1 -1 -1
0.5861520767211914 0.387888640165329 0.9850590229034424 -1 -1 -1 -1 -1 -1 -1 -1 -1
0.6011426448822021 0.40654057264328003 0.9988716244697571 -1 -1 -1 -1 -1 -1 -1 -1 -1
0.5969927906990051 0.38580501079559326 0.056993309408426285 -1 -1 -1 -1 -1 -1 -1 -1 -1
0.6464279294013977 0.413593053817749 0.9949175119400024 -1 -1 -1 -1 -1 -1 -1 -1 -1
0.6114312410354614 0.37442153692245483 0.140227809548378 -1 -1 -1 -1 -1 -1 -1 -1 -1
0.6894875764846802 0.4043239653110504 0.9859125018119812 -1 -1 -1 -1 -1 -1 -1 -1 -1
0.6100847125053406 0.37039947509765625 0.1909511387348175 -1 -1 -1 -1 -1 -1 -1 -1 -1
0.7005553245544434 0.40659192204475403 0.9782017469406128 -1 -1 -1 -1 -1 -1 -1 -1 -1
0.6138536930084229 0.36643892526626587 0.2032216191291809 -1 -1 -1 -1 -1 -1 -1 -1 -1
0.6952152252197266 0.4077695310115814 0.9770891070365906 -1 -1 -1 -1 -1 -1 -1 -1 -1
0.6154333353042603 0.3697827160358429 0.19260986149311066 -1 -1 -1 -1 -1 -1 -1 -1 -1
0.6918174028396606 0.40571150183677673 0.9496971964836121 -1 -1 -1 -1 -1 -1 -1 -1 -1
0.5510160326957703 0.513801634311676 0.9989752769470215 -1 -1 -1 -1 -1 -1 -1 -1 -1
0.5562248229980469 0.517970621585846 0.999210000038147 -1 -1 -1 -1 -1 -1 -1 -1 -1
0.5672122240066528 0.6314392685890198 0.5893557667732239 -1 -1 -1 -1 -1 -1 -1 -1 -1
0.5676528811454773 0.622603178024292 0.9870409369468689 -1 -1 -1 -1 -1 -1 -1 -1 -1
0.5585561990737915 0.724055826663971 0.797977089881897 -1 -1 -1 -1 -1 -1 -1 -1 -1
0.5750062465667725 0.7193042039871216 0.9950660467147827 -1 -1 -1 -1 -1 -1 -1 -1 -1
0.5534693002700806 0.7343738675117493 0.8328028917312622 -1 -1 -1 -1 -1 -1 -1 -1 -1
0.5715590119361877 0.737377405166626 0.9882946014404297 -1 -1 -1 -1 -1 -1 -1 -1 -1
0.57970130443573 0.7579323649406433 0.8377410173416138 -1 -1 -1 -1 -1 -1 -1 -1 -1
0.6015744805335999 0.7458174824714661 0.9900583624839783 -1 -1 -1 -1 -1 -1 -1 -1 -1
1 
33 
-1 -1 -1 -1 -1 -1 -1 -1 -1 -1
0.6402581930160522 0.3878728747367859 0.7760146260261536 -1 -1 -1 -1 -1 -1 -1 -1 -1
0.6436443328857422 0.3763337731361389 0.8438502550125122 -1 -1 -1 -1 -1 -1 -1 -1 -1
0.6433523893356323 0.37651941180229187 0.8710746169090271 -1 -1 -1 -1 -1 -1 -1 -1 -1
0.6431217193603516 0.37652772665023804 0.8569185733795166 -1 -1 -1 -1 -1 -1 -1 -1 -1
0.6436516642570496 0.37627577781677246 0.8392132520675659 -1 -1 -1 -1 -1 -1 -1 -1 -1
0.6436551809310913 0.37985119223594666 0.8504085540771484 -1 -1 -1 -1 -1 -1 -1 -1 -1
0.6434118151664734 0.3803691267967224 0.8504308462142944 -1 -1 -1 -1 -1 -1 -1 -1 -1
0.6377522945404053 0.3764893114566803 0.8094962239265442 -1 -1 -1 -1 -1 -1 -1 -1 -1
0.6388351917266846 0.3856247067451477 0.856158435344696 -1 -1 -1 -1 -1 -1 -1 -1 -1
0.6344555616378784 0.3900618851184845 0.7918668985366821 -1 -1 -1 -1 -1 -1 -1 -1 -1
0.6352880001068115 0.39327773451805115 0.8159548044204712 -1 -1 -1 -1 -1 -1 -1 -1 -1
0.6167580485343933 0.39648985862731934 0.9884411096572876 -1 -1 -1 -1 -1 -1 -1 -1 -1
0.6204650402069092 0.412374883890152 0.9902117848396301 -1 -1 -1 -1 -1 -1 -1 -1 -1
0.6385719776153564 0.4469866156578064 0.18323305249214172 -1 -1 -1 -1 -1 -1 -1 -1 -1
0.6418359875679016 0.4646911323070526 0.6417694091796875 -1 -1 -1 -1 -1 -1 -1 -1 -1
0.6631359457969666 0.4973978102207184 0.3930305242538452 -1 -1 -1 -1 -1 -1 -1 -1 -1
0.6657838821411133 0.48537951707839966 0.4443172216415405 -1 -1 -1 -1 -1 -1 -1 -1 -1
0.6674433946609497 0.5077128410339355 0.43525296449661255 -1 -1 -1 -1 -1 -1 -1 -1 -1
0.6706376075744629 0.4954676926136017 0.46248915791511536 -1 -1 -1 -1 -1 -1 -1 -1 -1
0.6685102581977844 0.5096253752708435 0.4546677768230438 -1 -1 -1 -1 -1 -1 -1 -1 -1
0.6697527170181274 0.4913579523563385 0.4559028148651123 -1 -1 -1 -1 -1 -1 -1 -1 -1
0.6668189167976379 0.5069907903671265 0.39561960101127625 -1 -1 -1 -1 -1 -1 -1 -1 -1
0.6677886247634888 0.48442724347114563 0.4290076494216919 -1 -1 -1 -1 -1 -1 -1 -1 -1
0.5394037365913391 0.4670919179916382 0.9971965551376343 -1 -1 -1 -1 -1 -1 -1 -1 -1
0.5412213802337646 0.4736568331718445 0.9978556036949158 -1 -1 -1 -1 -1 -1 -1 -1 -1
0.5519956350326538 0.5915423035621643 0.30621421337127686 -1 -1 -1 -1 -1 -1 -1 -1 -1
0.5513278841972351 0.5932683944702148 0.8709605932235718 -1 -1 -1 -1 -1 -1 -1 -1 -1
0.5711624026298523 0.6954213380813599 0.4878523647785187 -1 -1 -1 -1 -1 -1 -1 -1 -1
0.5711948871612549 0.702559769153595 0.914950430393219 -1 -1 -1 -1 -1 -1 -1 -1 -1
0.5651172399520874 0.7086929082870483 0.6076918840408325 -1 -1 -1 -1 -1 -1 -1 -1 -1
0.5659729242324829 0.7162408232688904 0.9197694063186646 -1 -1 -1 -1 -1 -1 -1 -1 -1
0.5907616019248962 0.7212194204330444 0.41370782256126404 -1 -1 -1 -1 -1 -1 -1 -1 -1
0.5942348837852478 0.7256816625595093 0.8145804405212402 -1 -1 -1 -1 -1 -1 -1 -1 -1
1 
33 
-1 -1 -1 -1 -1 -1 -1 -1 -1 -1
0.6066610217094421 0.4455958306789398 0.9562511444091797 -1 -1 -1 -1 -1 -1 -1 -1 -1
0.6119911670684814 0.4438052177429199 0.9828406572341919 -1 -1 -1 -1 -1 -1 -1 -1 -1
0.6125792860984802 0.4438823163509369 0.9850762486457825 -1 -1 -1 -1 -1 -1 -1 -1 -1
0.6131572723388672 0.4439659118652344 0.9876712560653687 -1 -1 -1 -1 -1 -1 -1 -1 -1
0.6106033325195312 0.4400513768196106 0.9765634536743164 -1 -1 -1 -1 -1 -1 -1 -1 -1
0.6103554964065552 0.43735259771347046 0.9752094149589539 -1 -1 -1 -1 -1 -1 -1 -1 -1
0.6101001501083374 0.4346928596496582 0.9789624810218811 -1 -1 -1 -1 -1 -1 -1 -1 -1
0.6157217621803284 0.4296649098396301 0.980786144733429 -1 -1 -1 -1 -1 -1 -1 -1 -1
0.6107007265090942 0.4156413674354553 0.9762676358222961 -1 -1 -1 -1 -1 -1 -1 -1 -1
0.6048155426979065 0.42805540561676025 0.9713286757469177 -1 -1 -1 -1 -1 -1 -1 -1 -1
0.6044881343841553 0.42664971947669983 0.9674890637397766 -1 -1 -1 -1 -1 -1 -1 -1 -1
0.6098116636276245 0.4206704795360565 0.999530553817749 -1 -1 -1 -1 -1 -1 -1 -1 -1
0.5866556763648987 0.3834119439125061 0.9993559718132019 -1 -1 -1 -1 -1 -1 -1 -1 -1
0.6123691201210022 0.4774925708770752 0.3713233768939972 -1 -1 -1 -1 -1 -1 -1 -1 -1
0.5743470191955566 0.4227340817451477 0.4423554837703705 -1 -1 -1 -1 -1 -1 -1 -1 -1
0.6167502403259277 0.5184531807899475 0.22489973902702332 -1 -1 -1 -1 -1 -1 -1 -1 -1
0.5850597620010376 0.43914949893951416 0.1437126100063324 -1 -1 -1 -1 -1 -1 -1 -1 -1
0.6178681254386902 0.5301425457000732 0.2098902463912964 -1 -1 -1 -1 -1 -1 -1 -1 -1
0.5874048471450806 0.44439059495925903 0.1550840139389038 -1 -1 -1 -1 -1 -1 -1 -1 -1
0.6185852289199829 0.5280078053474426 0.23489505052566528 -1 -1 -1 -1 -1 -1 -1 -1 -1
0.5898617506027222 0.43941617012023926 0.16602683067321777 -1 -1 -1 -1 -1 -1 -1 -1 -1
0.6173932552337646 0.5228888988494873 0.21210451424121857 -1 -1 -1 -1 -1 -1 -1 -1 -1
0.5893163681030273 0.4382818639278412 0.13412536680698395 -1 -1 -1 -1 -1 -1 -1 -1 -1
0.5478651523590088 0.48783499002456665 0.9990119934082031 -1 -1 -1 -1 -1 -1 -1 -1 -1
0.5345799326896667 0.4613434672355652 0.9993569254875183 -1 -1 -1 -1 -1 -1 -1 -1 -1
0.5467932224273682 0.5729848146438599 0.6178572177886963 -1 -1 -1 -1 -1 -1 -1 -1 -1
0.5400717854499817 0.5637839436531067 0.9441503882408142 -1 -1 -1 -1 -1 -1 -1 -1 -1
0.5535592436790466 0.6694216728210449 0.4828028082847595 -1 -1 -1 -1 -1 -1 -1 -1 -1
0.549930214881897 0.6670798063278198 0.9114933013916016 -1 -1 -1 -1 -1 -1 -1 -1 -1
0.5462035536766052 0.6925374269485474 0.5924461483955383 -1 -1 -1 -1 -1 -1 -1 -1 -1
0.5437918901443481 0.6906814575195312 0.9098577499389648 -1 -1 -1 -1 -1 -1 -1 -1 -1
0.5710935592651367 0.6899958848953247 0.6278587579727173 -1 -1 -1 -1 -1 -1 -1 -1 -1
0.5741623044013977 0.6890120506286621 0.9518420696258545 -1 -1 -1 -1 -1 -1 -1 -1 -1
1 
33 
-1 -1 -1 -1 -1 -1 -1 -1 -1 -1
0.5920262336730957 0.45006152987480164 0.7809270024299622 -1 -1 -1 -1 -1 -1 -1 -1 -1
0.5941540002822876 0.44920408725738525 0.8047497272491455 -1 -1 -1 -1 -1 -1 -1 -1 -1
0.593932032585144 0.4491567015647888 0.7465688586235046 -1 -1 -1 -1 -1 -1 -1 -1 -1
0.5937055945396423 0.4490973651409149 0.864835262298584 -1 -1 -1 -1 -1 -1 -1 -1 -1
0.5950542092323303 0.4477230906486511 0.7797628045082092 -1 -1 -1 -1 -1 -1 -1 -1 -1
0.5954064130783081 0.4461776316165924 0.7042592763900757 -1 -1 -1 -1 -1 -1 -1 -1 -1
0.5957496762275696 0.4446660876274109 0.8019742369651794 -1 -1 -1 -1 -1 -1 -1 -1 -1
0.5932120680809021 0.4411501884460449 0.8058577179908752 -1 -1 -1 -1 -1 -1 -1 -1 -1
0.5957340002059937 0.4354081153869629 0.5991349220275879 -1 -1 -1 -1 -1 -1 -1 -1 -1
0.5893555283546448 0.44735896587371826 0.8836053609848022 -1 -1 -1 -1 -1 -1 -1 -1 -1
0.5902661085128784 0.4446107745170593 0.7840938568115234 -1 -1 -1 -1 -1 -1 -1 -1 -1
0.5784191489219666 0.4322349727153778 0.9976795315742493 -1 -1 -1 -1 -1 -1 -1 -1 -1
0.5879626870155334 0.4172635078430176 0.9998286962509155 -1 -1 -1 -1 -1 -1 -1 -1 -1
0.5691431760787964 0.5005150437355042 0.027487244457006454 -1 -1 -1 -1 -1 -1 -1 -1 -1
0.582995593547821 0.4795442223548889 0.22353880107402802 -1 -1 -1 -1 -1 -1 -1 -1 -1
0.5631787180900574 0.5641549229621887 0.022700771689414978 -1 -1 -1 -1 -1 -1 -1 -1 -1
0.5821409225463867 0.5359188318252563 0.11444270610809326 -1 -1 -1 -1 -1 -1 -1 -1 -1
0.5604318976402283 0.577521562576294 0.026495646685361862 -1 -1 -1 -1 -1 -1 -1 -1 -1
0.5807781219482422 0.5501761436462402 0.14533178508281708 -1 -1 -1 -1 -1 -1 -1 -1 -1
0.5620954632759094 0.579699695110321 0.02426340989768505 -1 -1 -1 -1 -1 -1 -1 -1 -1
0.5832220315933228 0.5491338968276978 0.12735779583454132 -1 -1 -1 -1 -1 -1 -1 -1 -1
0.5627714991569519 0.5744884014129639 0.028504524379968643 -1 -1 -1 -1 -1 -1 -1 -1 -1
0.582717776298523 0.5430073142051697 0.12950001657009125 -1 -1 -1 -1 -1 -1 -1 -1 -1
0.5364073514938354 0.46752113103866577 0.9998130202293396 -1 -1 -1 -1 -1 -1 -1 -1 -1
0.5389736294746399 0.45687395334243774 0.9997698664665222 -1 -1 -1 -1 -1 -1 -1 -1 -1
0.5560240745544434 0.546829342842102 0.14277850091457367 -1 -1 -1 -1 -1 -1 -1 -1 -1
0.5542635321617126 0.5376671552658081 0.6105347871780396 -1 -1 -1 -1 -1 -1 -1 -1 -1
0.5344123244285583 0.6234782934188843 0.2528839111328125 -1 -1 -1 -1 -1 -1 -1 -1 -1
0.521324872970581 0.6173105239868164 0.6427282094955444 -1 -1 -1 -1 -1 -1 -1 -1 -1
0.5261358618736267 0.6276645660400391 0.4934110641479492 -1 -1 -1 -1 -1 -1 -1 -1 -1
0.5118849277496338 0.6193300485610962 0.7216450572013855 -1 -1 -1 -1 -1 -1 -1 -1 -1
0.5399588346481323 0.6621147394180298 0.5985831618309021 -1 -1 -1 -1 -1 -1 -1 -1 -1
0.5244118571281433 0.6660081148147583 0.7795950770378113 -1 -1 -1 -1 -1 -1 -1 -1 -1
1 
