19
1 
33 
-1 -1 -1 -1 -1 -1 -1 -1 -1 -1
0.5817155838012695 0.3038511872291565 0.9911054968833923 -1 -1 -1 -1 -1 -1 -1 -1 -1
0.5773365497589111 0.29298073053359985 0.9894360303878784 -1 -1 -1 -1 -1 -1 -1 -1 -1
0.5696197152137756 0.29059964418411255 0.9868262410163879 -1 -1 -1 -1 -1 -1 -1 -1 -1
0.5757717490196228 0.29265016317367554 0.990406334400177 -1 -1 -1 -1 -1 -1 -1 -1 -1
0.5769275426864624 0.2936873733997345 0.9914336204528809 -1 -1 -1 -1 -1 -1 -1 -1 -1
0.5719176530838013 0.29261013865470886 0.9920043349266052 -1 -1 -1 -1 -1 -1 -1 -1 -1
0.5744234919548035 0.2942965626716614 0.9930419921875 -1 -1 -1 -1 -1 -1 -1 -1 -1
0.5659201145172119 0.29835450649261475 0.9856162071228027 -1 -1 -1 -1 -1 -1 -1 -1 -1
0.5659472942352295 0.29845792055130005 0.9898812174797058 -1 -1 -1 -1 -1 -1 -1 -1 -1
0.5784636735916138 0.31585562229156494 0.982521116733551 -1 -1 -1 -1 -1 -1 -1 -1 -1
0.5776036381721497 0.3166085183620453 0.9806488752365112 -1 -1 -1 -1 -1 -1 -1 -1 -1
0.5583574175834656 0.34824952483177185 0.9926888346672058 -1 -1 -1 -1 -1 -1 -1 -1 -1
0.5527581572532654 0.3541054129600525 0.9937587976455688 -1 -1 -1 -1 -1 -1 -1 -1 -1
0.5616557002067566 0.3166283965110779 0.1560160517692566 -1 -1 -1 -1 -1 -1 -1 -1 -1
0.5673087239265442 0.3337586522102356 0.8943949341773987 -1 -1 -1 -1 -1 -1 -1 -1 -1
0.5584262013435364 0.3116357922554016 0.18197348713874817 -1 -1 -1 -1 -1 -1 -1 -1 -1
0.56465744972229 0.30219560861587524 0.7925602793693542 -1 -1 -1 -1 -1 -1 -1 -1 -1
0.5557058453559875 0.3144015669822693 0.18740735948085785 -1 -1 -1 -1 -1 -1 -1 -1 -1
0.5629772543907166 0.2984621524810791 0.7787584066390991 -1 -1 -1 -1 -1 -1 -1 -1 -1
0.5552947521209717 0.31226205825805664 0.2071530520915985 -1 -1 -1 -1 -1 -1 -1 -1 -1
0.5616887211799622 0.2941861152648926 0.7751721143722534 -1 -1 -1 -1 -1 -1 -1 -1 -1
0.5575155019760132 0.31254732608795166 0.20443780720233917 -1 -1 -1 -1 -1 -1 -1 -1 -1
0.5617026686668396 0.2964440584182739 0.6970131397247314 -1 -1 -1 -1 -1 -1 -1 -1 -1
0.5667380690574646 0.5185069441795349 0.9992713332176208 -1 -1 -1 -1 -1 -1 -1 -1 -1
0.5546495318412781 0.5140101909637451 0.9985572695732117 -1 -1 -1 -1 -1 -1 -1 -1 -1
0.5817221403121948 0.6290203332901001 0.6413061618804932 -1 -1 -1 -1 -1 -1 -1 -1 -1
0.5668728947639465 0.6299793720245361 0.9650983810424805 -1 -1 -1 -1 -1 -1 -1 -1 -1
0.5730636715888977 0.7454838752746582 0.8535938262939453 -1 -1 -1 -1 -1 -1 -1 -1 -1
0.5487382411956787 0.7394982576370239 0.9823294281959534 -1 -1 -1 -1 -1 -1 -1 -1 -1
0.5627581477165222 0.7621475458145142 0.816684365272522 -1 -1 -1 -1 -1 -1 -1 -1 -1
0.5375574231147766 0.7576100826263428 0.9391630291938782 -1 -1 -1 -1 -1 -1 -1 -1 -1
0.5950973629951477 0.7813244462013245 0.9003695249557495 -1 -1 -1 -1 -1 -1 -1 -1 -1
0.5701490640640259 0.7691230773925781 0.9784408807754517 -1 -1 -1 -1 -1 -1 -1 -1 -1
1 
33 
-1 -1 -1 -1 -1 -1 -1 -1 -1 -1
0.5945943593978882 0.3538827896118164 0.9999209642410278 -1 -1 -1 -1 -1 -1 -1 -1 -1
0.5921201705932617 0.34401026368141174 0.9999252557754517 -1 -1 -1 -1 -1 -1 -1 -1 -1
0.5902563333511353 0.34325504302978516 0.9998908042907715 -1 -1 -1 -1 -1 -1 -1 -1 -1
0.5892632007598877 0.3428778052330017 0.9999200105667114 -1 -1 -1 -1 -1 -1 -1 -1 -1
0.5902503132820129 0.34287378191947937 0.9999476671218872 -1 -1 -1 -1 -1 -1 -1 -1 -1
0.5889493227005005 0.3421165943145752 0.9999548196792603 -1 -1 -1 -1 -1 -1 -1 -1 -1
0.5875087380409241 0.3413546681404114 0.9999597072601318 -1 -1 -1 -1 -1 -1 -1 -1 -1
0.5781696438789368 0.3430007994174957 0.9999644756317139 -1 -1 -1 -1 -1 -1 -1 -1 -1
0.5749132633209229 0.3413783311843872 0.9999617338180542 -1 -1 -1 -1 -1 -1 -1 -1 -1
0.5909838080406189 0.3624950647354126 0.9997506737709045 -1 -1 -1 -1 -1 -1 -1 -1 -1
0.5899079442024231 0.36083513498306274 0.9997444748878479 -1 -1 -1 -1 -1 -1 -1 -1 -1
0.5680732727050781 0.3801097273826599 0.9991087317466736 -1 -1 -1 -1 -1 -1 -1 -1 -1
0.5540788769721985 0.3892335891723633 0.999258816242218 -1 -1 -1 -1 -1 -1 -1 -1 -1
0.5666868686676025 0.33074742555618286 0.18789228796958923 -1 -1 -1 -1 -1 -1 -1 -1 -1
0.5523737072944641 0.37399640679359436 0.8803080916404724 -1 -1 -1 -1 -1 -1 -1 -1 -1
0.5591090321540833 0.3065814673900604 0.2217465192079544 -1 -1 -1 -1 -1 -1 -1 -1 -1
0.5453795194625854 0.34128427505493164 0.8667199611663818 -1 -1 -1 -1 -1 -1 -1 -1 -1
0.5554591417312622 0.30394700169563293 0.245293527841568 -1 -1 -1 -1 -1 -1 -1 -1 -1
0.5422096252441406 0.3372142016887665 0.8700734972953796 -1 -1 -1 -1 -1 -1 -1 -1 -1
0.5556162595748901 0.30461275577545166 0.24510250985622406 -1 -1 -1 -1 -1 -1 -1 -1 -1
0.5428286194801331 0.33209091424942017 0.8703041672706604 -1 -1 -1 -1 -1 -1 -1 -1 -1
0.5576596260070801 0.30665767192840576 0.2449086457490921 -1 -1 -1 -1 -1 -1 -1 -1 -1
0.5438717007637024 0.33399486541748047 0.7958486676216125 -1 -1 -1 -1 -1 -1 -1 -1 -1
0.5646805167198181 0.539138674736023 0.999861478805542 -1 -1 -1 -1 -1 -1 -1 -1 -1
0.5479111671447754 0.5353503227233887 0.9995842576026917 -1 -1 -1 -1 -1 -1 -1 -1 -1
0.5959786176681519 0.644300103187561 0.8372840285301208 -1 -1 -1 -1 -1 -1 -1 -1 -1
0.5660859942436218 0.6416207551956177 0.9610838294029236 -1 -1 -1 -1 -1 -1 -1 -1 -1
0.5726735591888428 0.7499638199806213 0.8729005455970764 -1 -1 -1 -1 -1 -1 -1 -1 -1
0.5431150794029236 0.7424771785736084 0.9735966324806213 -1 -1 -1 -1 -1 -1 -1 -1 -1
0.5625185370445251 0.7643429040908813 0.8411134481430054 -1 -1 -1 -1 -1 -1 -1 -1 -1
0.5326712727546692 0.758322536945343 0.9308887124061584 -1 -1 -1 -1 -1 -1 -1 -1 -1
0.5933986902236938 0.7853422164916992 0.8954953551292419 -1 -1 -1 -1 -1 -1 -1 -1 -1
0.5570524334907532 0.7906674742698669 0.9732953906059265 -1 -1 -1 -1 -1 -1 -1 -1 -1
1 
33 
-1 -1 -1 -1 -1 -1 -1 -1 -1 -1
0.5678478479385376 0.3579334318637848 0.9997020363807678 -1 -1 -1 -1 -1 -1 -1 -1 -1
0.5627316236495972 0.35138118267059326 0.9993832111358643 -1 -1 -1 -1 -1 -1 -1 -1 -1
0.5626870393753052 0.35124579071998596 0.999299168586731 -1 -1 -1 -1 -1 -1 -1 -1 -1
0.5626773834228516 0.35117238759994507 0.9995867609977722 -1 -1 -1 -1 -1 -1 -1 -1 -1
0.5609734058380127 0.35288530588150024 0.999444305896759 -1 -1 -1 -1 -1 -1 -1 -1 -1
0.5594817399978638 0.35376638174057007 0.9994490742683411 -1 -1 -1 -1 -1 -1 -1 -1 -1
0.5580010414123535 0.3546515107154846 0.9996144771575928 -1 -1 -1 -1 -1 -1 -1 -1 -1
0.5570781826972961 0.35881221294403076 0.9994254112243652 -1 -1 -1 -1 -1 -1 -1 -1 -1
0.5507066249847412 0.3642536401748657 0.9997114539146423 -1 -1 -1 -1 -1 -1 -1 -1 -1
0.5687257647514343 0.3683873116970062 0.9991938471794128 -1 -1 -1 -1 -1 -1 -1 -1 -1
0.5662485361099243 0.3706077039241791 0.9991470575332642 -1 -1 -1 -1 -1 -1 -1 -1 -1
0.5683495998382568 0.4127790331840515 0.9986289739608765 -1 -1 -1 -1 -1 -1 -1 -1 -1
0.5460532307624817 0.3915509581565857 0.9988523721694946 -1 -1 -1 -1 -1 -1 -1 -1 -1
0.5935088396072388 0.3813142776489258 0.3584096431732178 -1 -1 -1 -1 -1 -1 -1 -1 -1
0.5552043914794922 0.40753740072250366 0.891391932964325 -1 -1 -1 -1 -1 -1 -1 -1 -1
0.5686683654785156 0.357038676738739 0.12457192689180374 -1 -1 -1 -1 -1 -1 -1 -1 -1
0.5490841865539551 0.41173842549324036 0.19113461673259735 -1 -1 -1 -1 -1 -1 -1 -1 -1
0.5615462064743042 0.35140836238861084 0.09393376857042313 -1 -1 -1 -1 -1 -1 -1 -1 -1
0.5479694604873657 0.41545742750167847 0.17108353972434998 -1 -1 -1 -1 -1 -1 -1 -1 -1
0.5607537627220154 0.3531074523925781 0.09908192604780197 -1 -1 -1 -1 -1 -1 -1 -1 -1
0.5463436245918274 0.4166790843009949 0.16966582834720612 -1 -1 -1 -1 -1 -1 -1 -1 -1
0.5629419088363647 0.35581737756729126 0.1026570200920105 -1 -1 -1 -1 -1 -1 -1 -1 -1
0.546024739742279 0.41680848598480225 0.18429403007030487 -1 -1 -1 -1 -1 -1 -1 -1 -1
0.5559439063072205 0.5614636540412903 0.9996191263198853 -1 -1 -1 -1 -1 -1 -1 -1 -1
0.5450202226638794 0.5491228103637695 0.9992371797561646 -1 -1 -1 -1 -1 -1 -1 -1 -1
0.5884641408920288 0.6521061658859253 0.7971634268760681 -1 -1 -1 -1 -1 -1 -1 -1 -1
0.584691047668457 0.6362436413764954 0.9932019114494324 -1 -1 -1 -1 -1 -1 -1 -1 -1
0.5652448534965515 0.7571281790733337 0.9329941272735596 -1 -1 -1 -1 -1 -1 -1 -1 -1
0.547694742679596 0.7426010370254517 0.9815780520439148 -1 -1 -1 -1 -1 -1 -1 -1 -1
0.5558279156684875 0.7733405828475952 0.8969259858131409 -1 -1 -1 -1 -1 -1 -1 -1 -1
0.5387299060821533 0.762177586555481 0.9493887424468994 -1 -1 -1 -1 -1 -1 -1 -1 -1
0.5884217023849487 0.7884793281555176 0.946664571762085 -1 -1 -1 -1 -1 -1 -1 -1 -1
0.5660653114318848 0.7912636995315552 0.9792494177818298 -1 -1 -1 -1 -1 -1 -1 -1 -1
1 
33 
-1 -1 -1 -1 -1 -1 -1 -1 -1 -1
0.5650550127029419 0.37475863099098206 0.9922806620597839 -1 -1 -1 -1 -1 -1 -1 -1 -1
0.5596292018890381 0.36813884973526 0.9908444285392761 -1 -1 -1 -1 -1 -1 -1 -1 -1
0.5591907501220703 0.36818185448646545 0.9901617765426636 -1 -1 -1 -1 -1 -1 -1 -1 -1
0.5587512254714966 0.3682766556739807 0.9928451180458069 -1 -1 -1 -1 -1 -1 -1 -1 -1
0.5590013265609741 0.36947891116142273 0.9914599657058716 -1 -1 -1 -1 -1 -1 -1 -1 -1
0.5580659508705139 0.3704502582550049 0.9913883805274963 -1 -1 -1 -1 -1 -1 -1 -1 -1
0.5571668148040771 0.37144041061401367 0.9924048781394958 -1 -1 -1 -1 -1 -1 -1 -1 -1
0.5538362860679626 0.3761785328388214 0.9944697618484497 -1 -1 -1 -1 -1 -1 -1 -1 -1
0.5520042777061462 0.3806157410144806 0.9912530779838562 -1 -1 -1 -1 -1 -1 -1 -1 -1
0.5664001703262329 0.38466301560401917 0.9869292974472046 -1 -1 -1 -1 -1 -1 -1 -1 -1
0.5654506087303162 0.3865492343902588 0.9812105894088745 -1 -1 -1 -1 -1 -1 -1 -1 -1
0.5533208847045898 0.41425979137420654 0.9985062479972839 -1 -1 -1 -1 -1 -1 -1 -1 -1
0.5634026527404785 0.4222028851509094 0.9974454641342163 -1 -1 -1 -1 -1 -1 -1 -1 -1
0.5756617784500122 0.3441065549850464 0.6340473294258118 -1 -1 -1 -1 -1 -1 -1 -1 -1
0.5915383696556091 0.3924841284751892 0.9655649065971375 -1 -1 -1 -1 -1 -1 -1 -1 -1
0.5580223202705383 0.32957619428634644 0.20587432384490967 -1 -1 -1 -1 -1 -1 -1 -1 -1
0.5686174035072327 0.39729082584381104 0.5353956818580627 -1 -1 -1 -1 -1 -1 -1 -1 -1
0.551277220249176 0.32654404640197754 0.1465250849723816 -1 -1 -1 -1 -1 -1 -1 -1 -1
0.5616547465324402 0.39308440685272217 0.43155208230018616 -1 -1 -1 -1 -1 -1 -1 -1 -1
0.5507117509841919 0.33196932077407837 0.16321800649166107 -1 -1 -1 -1 -1 -1 -1 -1 -1
0.5550651550292969 0.3944266438484192 0.4459074139595032 -1 -1 -1 -1 -1 -1 -1 -1 -1
0.5542746782302856 0.3351546823978424 0.16273967921733856 -1 -1 -1 -1 -1 -1 -1 -1 -1
0.5569392442703247 0.39768290519714355 0.43178418278694153 -1 -1 -1 -1 -1 -1 -1 -1 -1
0.5370410680770874 0.572756826877594 0.999790608882904 -1 -1 -1 -1 -1 -1 -1 -1 -1
0.5437985062599182 0.5683276653289795 0.9994495511054993 -1 -1 -1 -1 -1 -1 -1 -1 -1
0.5747475624084473 0.6568745374679565 0.4924682676792145 -1 -1 -1 -1 -1 -1 -1 -1 -1
0.5838608741760254 0.6582909822463989 0.9822694063186646 -1 -1 -1 -1 -1 -1 -1 -1 -1
0.5565571188926697 0.7627969980239868 0.7815280556678772 -1 -1 -1 -1 -1 -1 -1 -1 -1
0.552992582321167 0.7606492042541504 0.9624044895172119 -1 -1 -1 -1 -1 -1 -1 -1 -1
0.5472863912582397 0.7799593210220337 0.7784768342971802 -1 -1 -1 -1 -1 -1 -1 -1 -1
0.5418286323547363 0.774749755859375 0.9239291548728943 -1 -1 -1 -1 -1 -1 -1 -1 -1
0.5797866582870483 0.7898012399673462 0.8184221982955933 -1 -1 -1 -1 -1 -1 -1 -1 -1
0.5756818652153015 0.7877554893493652 0.9475656151771545 -1 -1 -1 -1 -1 -1 -1 -1 -1
1 
33 
-1 -1 -1 -1 -1 -1 -1 -1 -1 -1
0.5780690908432007 0.4106925427913666 0.9973471164703369 -1 -1 -1 -1 -1 -1 -1 -1 -1
0.5766941905021667 0.3973517119884491 0.9967404007911682 -1 -1 -1 -1 -1 -1 -1 -1 -1
0.5760401487350464 0.396151065826416 0.9966189861297607 -1 -1 -1 -1 -1 -1 -1 -1 -1
0.5753585696220398 0.39499956369400024 0.9967086315155029 -1 -1 -1 -1 -1 -1 -1 -1 -1
0.5764480233192444 0.39835125207901 0.9969281554222107 -1 -1 -1 -1 -1 -1 -1 -1 -1
0.575522780418396 0.3976583480834961 0.9970805048942566 -1 -1 -1 -1 -1 -1 -1 -1 -1
0.5746262073516846 0.39702358841896057 0.9973344802856445 -1 -1 -1 -1 -1 -1 -1 -1 -1
0.5686765313148499 0.3893786072731018 0.9956134557723999 -1 -1 -1 -1 -1 -1 -1 -1 -1
0.5675747990608215 0.3921952247619629 0.9975619316101074 -1 -1 -1 -1 -1 -1 -1 -1 -1
0.5753680467605591 0.415622353553772 0.9890245795249939 -1 -1 -1 -1 -1 -1 -1 -1 -1
0.5749943852424622 0.4168718457221985 0.9921811819076538 -1 -1 -1 -1 -1 -1 -1 -1 -1
0.5593162775039673 0.41145023703575134 0.9957135915756226 -1 -1 -1 -1 -1 -1 -1 -1 -1
0.5600637197494507 0.40950334072113037 0.9993181228637695 -1 -1 -1 -1 -1 -1 -1 -1 -1
0.5882695317268372 0.3740929365158081 0.21849848330020905 -1 -1 -1 -1 -1 -1 -1 -1 -1
0.6016672253608704 0.3849068880081177 0.9696932435035706 -1 -1 -1 -1 -1 -1 -1 -1 -1
0.595510721206665 0.3145987391471863 0.343098908662796 -1 -1 -1 -1 -1 -1 -1 -1 -1
0.6045705676078796 0.3708251118659973 0.8381223082542419 -1 -1 -1 -1 -1 -1 -1 -1 -1
0.5978332757949829 0.30065590143203735 0.34858155250549316 -1 -1 -1 -1 -1 -1 -1 -1 -1
0.6037876009941101 0.36323171854019165 0.7812631130218506 -1 -1 -1 -1 -1 -1 -1 -1 -1
0.5941346287727356 0.2985984683036804 0.35839715600013733 -1 -1 -1 -1 -1 -1 -1 -1 -1
0.5992305278778076 0.3648803234100342 0.7676666975021362 -1 -1 -1 -1 -1 -1 -1 -1 -1
0.5931432247161865 0.3049457371234894 0.3325503170490265 -1 -1 -1 -1 -1 -1 -1 -1 -1
0.5987722277641296 0.3690173029899597 0.7281069159507751 -1 -1 -1 -1 -1 -1 -1 -1 -1
0.5294498801231384 0.5625624060630798 0.9993563294410706 -1 -1 -1 -1 -1 -1 -1 -1 -1
0.5254615545272827 0.5578435063362122 0.9996064305305481 -1 -1 -1 -1 -1 -1 -1 -1 -1
0.5792820453643799 0.6533066034317017 0.7339385747909546 -1 -1 -1 -1 -1 -1 -1 -1 -1
0.5519043207168579 0.636570155620575 0.9941436648368835 -1 -1 -1 -1 -1 -1 -1 -1 -1
0.5670292377471924 0.7649356722831726 0.8611515164375305 -1 -1 -1 -1 -1 -1 -1 -1 -1
0.5417028069496155 0.7568628191947937 0.9906319379806519 -1 -1 -1 -1 -1 -1 -1 -1 -1
0.558184027671814 0.7775406241416931 0.8500775694847107 -1 -1 -1 -1 -1 -1 -1 -1 -1
0.5320620536804199 0.7686313390731812 0.9740642309188843 -1 -1 -1 -1 -1 -1 -1 -1 -1
0.5913695693016052 0.7930300235748291 0.9194074273109436 -1 -1 -1 -1 -1 -1 -1 -1 -1
0.5596716403961182 0.794500470161438 0.9862725734710693 -1 -1 -1 -1 -1 -1 -1 -1 -1
1 
33 
-1 -1 -1 -1 -1 -1 -1 -1 -1 -1
0.5853177309036255 0.4301941394805908 0.9859253764152527 -1 -1 -1 -1 -1 -1 -1 -1 -1
0.5868722796440125 0.42023321986198425 0.9890639185905457 -1 -1 -1 -1 -1 -1 -1 -1 -1
0.5864757895469666 0.4195846617221832 0.989425539970398 -1 -1 -1 -1 -1 -1 -1 -1 -1
0.5860064625740051 0.41893118619918823 0.9930804371833801 -1 -1 -1 -1 -1 -1 -1 -1 -1
0.5877569913864136 0.41813111305236816 0.9893295168876648 -1 -1 -1 -1 -1 -1 -1 -1 -1
0.587719202041626 0.41584473848342896 0.9901435375213623 -1 -1 -1 -1 -1 -1 -1 -1 -1
0.587714433670044 0.41360241174697876 0.9928136467933655 -1 -1 -1 -1 -1 -1 -1 -1 -1
0.5821037292480469 0.40739426016807556 0.9883556365966797 -1 -1 -1 -1 -1 -1 -1 -1 -1
0.5834052562713623 0.3953087329864502 0.9861780405044556 -1 -1 -1 -1 -1 -1 -1 -1 -1
0.5802556872367859 0.4238269627094269 0.9415969252586365 -1 -1 -1 -1 -1 -1 -1 -1 -1
0.5806508660316467 0.4294329583644867 0.9368773698806763 -1 -1 -1 -1 -1 -1 -1 -1 -1
0.5523541569709778 0.4190417230129242 0.99473637342453 -1 -1 -1 -1 -1 -1 -1 -1 -1
0.5798789858818054 0.39661112427711487 0.9996546506881714 -1 -1 -1 -1 -1 -1 -1 -1 -1
0.5386380553245544 0.4760303497314453 0.009885584935545921 -1 -1 -1 -1 -1 -1 -1 -1 -1
0.6172561645507812 0.41212859749794006 0.8992452025413513 -1 -1 -1 -1 -1 -1 -1 -1 -1
0.5273100733757019 0.5033263564109802 0.017506210133433342 -1 -1 -1 -1 -1 -1 -1 -1 -1
0.6460135579109192 0.3941424787044525 0.7664565443992615 -1 -1 -1 -1 -1 -1 -1 -1 -1
0.5204775929450989 0.5097901225090027 0.026663653552532196 -1 -1 -1 -1 -1 -1 -1 -1 -1
0.6532576084136963 0.39123669266700745 0.8478678464889526 -1 -1 -1 -1 -1 -1 -1 -1 -1
0.5251388549804688 0.5036967396736145 0.027662446722388268 -1 -1 -1 -1 -1 -1 -1 -1 -1
0.6525313258171082 0.38665539026260376 0.8121585845947266 -1 -1 -1 -1 -1 -1 -1 -1 -1
0.5288997888565063 0.5021967887878418 0.028056085109710693 -1 -1 -1 -1 -1 -1 -1 -1 -1
0.6500803232192993 0.3880769908428192 0.6885432004928589 -1 -1 -1 -1 -1 -1 -1 -1 -1
0.5065140724182129 0.5172460675239563 0.9998290538787842 -1 -1 -1 -1 -1 -1 -1 -1 -1
0.5149018168449402 0.5070961713790894 0.9998865127563477 -1 -1 -1 -1 -1 -1 -1 -1 -1
0.5441648364067078 0.6434611082077026 0.6828060150146484 -1 -1 -1 -1 -1 -1 -1 -1 -1
0.5594508051872253 0.6161432266235352 0.9897159934043884 -1 -1 -1 -1 -1 -1 -1 -1 -1
0.5518097877502441 0.7555955052375793 0.7996851801872253 -1 -1 -1 -1 -1 -1 -1 -1 -1
0.5639904141426086 0.7530930638313293 0.973620593547821 -1 -1 -1 -1 -1 -1 -1 -1 -1
0.5456560254096985 0.770982563495636 0.9093877077102661 -1 -1 -1 -1 -1 -1 -1 -1 -1
0.5574910044670105 0.7743151187896729 0.9848260879516602 -1 -1 -1 -1 -1 -1 -1 -1 -1
0.5785192847251892 0.7806453108787537 0.8964589834213257 -1 -1 -1 -1 -1 -1 -1 -1 -1
0.5915066003799438 0.7782554626464844 0.9709814786911011 -1 -1 -1 -1 -1 -1 -1 -1 -1
1 
33 
-1 -1 -1 -1 -1 -1 -1 -1 -1 -1
0.5956737995147705 0.43218091130256653 0.9923471212387085 -1 -1 -1 -1 -1 -1 -1 -1 -1
0.5984694361686707 0.42485272884368896 0.9946625828742981 -1 -1 -1 -1 -1 -1 -1 -1 -1
0.5980453491210938 0.423897385597229 0.9957745671272278 -1 -1 -1 -1 -1 -1 -1 -1 -1
0.5975773334503174 0.42291513085365295 0.9957634210586548 -1 -1 -1 -1 -1 -1 -1 -1 -1
0.5992254018783569 0.4237065315246582 0.994157075881958 -1 -1 -1 -1 -1 -1 -1 -1 -1
0.5993385314941406 0.42186546325683594 0.9946357607841492 -1 -1 -1 -1 -1 -1 -1 -1 -1
0.5994872450828552 0.42014431953430176 0.9935401082038879 -1 -1 -1 -1 -1 -1 -1 -1 -1
0.5936045050621033 0.4113169014453888 0.9962853193283081 -1 -1 -1 -1 -1 -1 -1 -1 -1
0.5959272980690002 0.4089347720146179 0.9915196299552917 -1 -1 -1 -1 -1 -1 -1 -1 -1
0.5900030732154846 0.4317162036895752 0.988229513168335 -1 -1 -1 -1 -1 -1 -1 -1 -1
0.5906440019607544 0.4294116199016571 0.9840026497840881 -1 -1 -1 -1 -1 -1 -1 -1 -1
0.5617393255233765 0.407474160194397 0.9986955523490906 -1 -1 -1 -1 -1 -1 -1 -1 -1
0.5831741094589233 0.4038645029067993 0.9998236298561096 -1 -1 -1 -1 -1 -1 -1 -1 -1
0.5408284664154053 0.45920541882514954 0.0543082170188427 -1 -1 -1 -1 -1 -1 -1 -1 -1
0.5858118534088135 0.44632235169410706 0.6769448518753052 -1 -1 -1 -1 -1 -1 -1 -1 -1
0.5267561674118042 0.482993483543396 0.09202618896961212 -1 -1 -1 -1 -1 -1 -1 -1 -1
0.5897017121315002 0.4787801504135132 0.3740842640399933 -1 -1 -1 -1 -1 -1 -1 -1 -1
0.5166820883750916 0.4887921214103699 0.11978452652692795 -1 -1 -1 -1 -1 -1 -1 -1 -1
0.5874291658401489 0.49061018228530884 0.41279295086860657 -1 -1 -1 -1 -1 -1 -1 -1 -1
0.52126544713974 0.48646172881126404 0.1285572499036789 -1 -1 -1 -1 -1 -1 -1 -1 -1
0.5885471701622009 0.4906151294708252 0.4114961326122284 -1 -1 -1 -1 -1 -1 -1 -1 -1
0.5264328718185425 0.485556960105896 0.12019498646259308 -1 -1 -1 -1 -1 -1 -1 -1 -1
0.588543176651001 0.4846351444721222 0.34932127594947815 -1 -1 -1 -1 -1 -1 -1 -1 -1
0.4981604814529419 0.48021450638771057 0.9997227787971497 -1 -1 -1 -1 -1 -1 -1 -1 -1
0.5063227415084839 0.47479796409606934 0.9997979998588562 -1 -1 -1 -1 -1 -1 -1 -1 -1
0.5317608714103699 0.6148166656494141 0.5834900736808777 -1 -1 -1 -1 -1 -1 -1 -1 -1
0.5466944575309753 0.5905542373657227 0.9741676449775696 -1 -1 -1 -1 -1 -1 -1 -1 -1
0.5508910417556763 0.712383508682251 0.7624030709266663 -1 -1 -1 -1 -1 -1 -1 -1 -1
0.5537628531455994 0.7084131836891174 0.976706862449646 -1 -1 -1 -1 -1 -1 -1 -1 -1
0.5469450354576111 0.7288743853569031 0.754767119884491 -1 -1 -1 -1 -1 -1 -1 -1 -1
0.5471802353858948 0.7283009886741638 0.9573599696159363 -1 -1 -1 -1 -1 -1 -1 -1 -1
0.5750007629394531 0.7356631755828857 0.7235169410705566 -1 -1 -1 -1 -1 -1 -1 -1 -1
0.5757156014442444 0.7377768754959106 0.937417209148407 -1 -1 -1 -1 -1 -1 -1 -1 -1
1 
33 
-1 -1 -1 -1 -1 -1 -1 -1 -1 -1
0.5865902900695801 0.45229029655456543 0.9272128939628601 -1 -1 -1 -1 -1 -1 -1 -1 -1
0.5908486843109131 0.44540297985076904 0.9703902006149292 -1 -1 -1 -1 -1 -1 -1 -1 -1
0.5908308029174805 0.4440672695636749 0.9671617746353149 -1 -1 -1 -1 -1 -1 -1 -1 -1
0.590790867805481 0.4427265226840973 0.9730499386787415 -1 -1 -1 -1 -1 -1 -1 -1 -1
0.5907310247421265 0.44545555114746094 0.9698752164840698 -1 -1 -1 -1 -1 -1 -1 -1 -1
0.5906093716621399 0.4438552260398865 0.9696264863014221 -1 -1 -1 -1 -1 -1 -1 -1 -1
0.5905078649520874 0.44230490922927856 0.9765965342521667 -1 -1 -1 -1 -1 -1 -1 -1 -1
0.5879641771316528 0.4287586212158203 0.987458348274231 -1 -1 -1 -1 -1 -1 -1 -1 -1
0.5872514843940735 0.42883503437042236 0.9758890867233276 -1 -1 -1 -1 -1 -1 -1 -1 -1
0.5812526941299438 0.44858318567276 0.9713677167892456 -1 -1 -1 -1 -1 -1 -1 -1 -1
0.581089973449707 0.4479175806045532 0.9671594500541687 -1 -1 -1 -1 -1 -1 -1 -1 -1
0.5626878142356873 0.4164901375770569 0.9986523985862732 -1 -1 -1 -1 -1 -1 -1 -1 -1
0.5650696754455566 0.4219434857368469 0.999650239944458 -1 -1 -1 -1 -1 -1 -1 -1 -1
0.5573729872703552 0.45518308877944946 0.03401532396674156 -1 -1 -1 -1 -1 -1 -1 -1 -1
0.5667983293533325 0.45234420895576477 0.7901208996772766 -1 -1 -1 -1 -1 -1 -1 -1 -1
0.5481900572776794 0.4744456112384796 0.034660615026950836 -1 -1 -1 -1 -1 -1 -1 -1 -1
0.5700799822807312 0.4559917151927948 0.4982292354106903 -1 -1 -1 -1 -1 -1 -1 -1 -1
0.5415389537811279 0.47929343581199646 0.049106303602457047 -1 -1 -1 -1 -1 -1 -1 -1 -1
0.5688870549201965 0.46065157651901245 0.5081325769424438 -1 -1 -1 -1 -1 -1 -1 -1 -1
0.5443689227104187 0.4748304784297943 0.05219072103500366 -1 -1 -1 -1 -1 -1 -1 -1 -1
0.5705674886703491 0.45774197578430176 0.5153104066848755 -1 -1 -1 -1 -1 -1 -1 -1 -1
0.5471463799476624 0.4739892780780792 0.046793121844530106 -1 -1 -1 -1 -1 -1 -1 -1 -1
0.5703598260879517 0.4554094672203064 0.4765218198299408 -1 -1 -1 -1 -1 -1 -1 -1 -1
0.49492380023002625 0.4738500118255615 0.9995229244232178 -1 -1 -1 -1 -1 -1 -1 -1 -1
0.49417316913604736 0.4699995815753937 0.9995326995849609 -1 -1 -1 -1 -1 -1 -1 -1 -1
0.5148695707321167 0.5757003426551819 0.708400547504425 -1 -1 -1 -1 -1 -1 -1 -1 -1
0.5284171104431152 0.5634104013442993 0.9361280798912048 -1 -1 -1 -1 -1 -1 -1 -1 -1
0.5092490911483765 0.680225133895874 0.7671918869018555 -1 -1 -1 -1 -1 -1 -1 -1 -1
0.5298476815223694 0.677029013633728 0.9773920774459839 -1 -1 -1 -1 -1 -1 -1 -1 -1
0.5033639669418335 0.6919418573379517 0.7271890044212341 -1 -1 -1 -1 -1 -1 -1 -1 -1
0.5228500366210938 0.6945682764053345 0.9554840326309204 -1 -1 -1 -1 -1 -1 -1 -1 -1
0.5223056077957153 0.7105364799499512 0.741577684879303 -1 -1 -1 -1 -1 -1 -1 -1 -1
0.5529269576072693 0.7080234885215759 0.960411012172699 -1 -1 -1 -1 -1 -1 -1 -1 -1
1 
33 
-1 -1 -1 -1 -1 -1 -1 -1 -1 -1
0.5686837434768677 0.46438437700271606 0.654148519039154 -1 -1 -1 -1 -1 -1 -1 -1 -1
0.5714001059532166 0.46063369512557983 0.6635880470275879 -1 -1 -1 -1 -1 -1 -1 -1 -1
0.5708976984024048 0.4598155617713928 0.6506759524345398 -1 -1 -1 -1 -1 -1 -1 -1 -1
0.5703838467597961 0.4589942693710327 0.7690447568893433 -1 -1 -1 -1 -1 -1 -1 -1 -1
0.572868287563324 0.4597149193286896 0.6674187183380127 -1 -1 -1 -1 -1 -1 -1 -1 -1
0.5731966495513916 0.4576067328453064 0.6627983450889587 -1 -1 -1 -1 -1 -1 -1 -1 -1
0.5735247135162354 0.4555177092552185 0.7170488238334656 -1 -1 -1 -1 -1 -1 -1 -1 -1
0.5685860514640808 0.4431780278682709 0.6737845540046692 -1 -1 -1 -1 -1 -1 -1 -1 -1
0.5722920298576355 0.4382164180278778 0.585654079914093 -1 -1 -1 -1 -1 -1 -1 -1 -1
0.5638924837112427 0.4576808214187622 0.7562686204910278 -1 -1 -1 -1 -1 -1 -1 -1 -1
0.5654181241989136 0.4557530879974365 0.6972910165786743 -1 -1 -1 -1 -1 -1 -1 -1 -1
0.5455613136291504 0.4199768006801605 0.9949864149093628 -1 -1 -1 -1 -1 -1 -1 -1 -1
0.5616536140441895 0.41084617376327515 0.9994827508926392 -1 -1 -1 -1 -1 -1 -1 -1 -1
0.5465745329856873 0.48579370975494385 0.057322364300489426 -1 -1 -1 -1 -1 -1 -1 -1 -1
0.5670164227485657 0.4794427156448364 0.46474504470825195 -1 -1 -1 -1 -1 -1 -1 -1 -1
0.5403586030006409 0.5639910697937012 0.04015110433101654 -1 -1 -1 -1 -1 -1 -1 -1 -1
0.5691623091697693 0.5456619262695312 0.31028807163238525 -1 -1 -1 -1 -1 -1 -1 -1 -1
0.5377991199493408 0.578109860420227 0.03707859292626381 -1 -1 -1 -1 -1 -1 -1 -1 -1
0.5691145062446594 0.5570449233055115 0.3483777642250061 -1 -1 -1 -1 -1 -1 -1 -1 -1
0.5379908084869385 0.5805718898773193 0.03385800123214722 -1 -1 -1 -1 -1 -1 -1 -1 -1
0.5703878998756409 0.5575368404388428 0.3066770136356354 -1 -1 -1 -1 -1 -1 -1 -1 -1
0.5386447310447693 0.575406014919281 0.041555728763341904 -1 -1 -1 -1 -1 -1 -1 -1 -1
0.5693402886390686 0.5529230833053589 0.25827810168266296 -1 -1 -1 -1 -1 -1 -1 -1 -1
0.49833792448043823 0.4904874563217163 0.9997387528419495 -1 -1 -1 -1 -1 -1 -1 -1 -1
0.5082361102104187 0.47642982006073 0.9995697140693665 -1 -1 -1 -1 -1 -1 -1 -1 -1
0.49977806210517883 0.5710486769676208 0.27947157621383667 -1 -1 -1 -1 -1 -1 -1 -1 -1
0.5358303785324097 0.5425166487693787 0.8617512583732605 -1 -1 -1 -1 -1 -1 -1 -1 -1
0.4668714106082916 0.6165753602981567 0.43042367696762085 -1 -1 -1 -1 -1 -1 -1 -1 -1
0.5209202766418457 0.6523566246032715 0.9460462331771851 -1 -1 -1 -1 -1 -1 -1 -1 -1
0.4589107930660248 0.6278108358383179 0.6866601705551147 -1 -1 -1 -1 -1 -1 -1 -1 -1
0.512846052646637 0.6730327606201172 0.9423902034759521 -1 -1 -1 -1 -1 -1 -1 -1 -1
0.46975424885749817 0.6644194722175598 0.7359606623649597 -1 -1 -1 -1 -1 -1 -1 -1 -1
0.538553774356842 0.7051859498023987 0.9610826373100281 -1 -1 -1 -1 -1 -1 -1 -1 -1
1 
33 
-1 -1 -1 -1 -1 -1 -1 -1 -1 -1
0.5603572130203247 0.5096710920333862 0.9672408103942871 -1 -1 -1 -1 -1 -1 -1 -1 -1
0.5636171698570251 0.512742817401886 0.9831479787826538 -1 -1 -1 -1 -1 -1 -1 -1 -1
0.5642386674880981 0.5111569166183472 0.9738373756408691 -1 -1 -1 -1 -1 -1 -1 -1 -1
0.5648750066757202 0.5106072425842285 0.9881906509399414 -1 -1 -1 -1 -1 -1 -1 -1 -1
0.5636154413223267 0.5121641159057617 0.9739527106285095 -1 -1 -1 -1 -1 -1 -1 -1 -1
0.5641242265701294 0.5103597640991211 0.9530259966850281 -1 -1 -1 -1 -1 -1 -1 -1 -1
0.5646535158157349 0.5095713138580322 0.9737314581871033 -1 -1 -1 -1 -1 -1 -1 -1 -1
0.5692851543426514 0.4972025156021118 0.9886224865913391 -1 -1 -1 -1 -1 -1 -1 -1 -1
0.5704964995384216 0.4986339509487152 0.9506533741950989 -1 -1 -1 -1 -1 -1 -1 -1 -1
0.5591137409210205 0.5018770694732666 0.9883553981781006 -1 -1 -1 -1 -1 -1 -1 -1 -1
0.5596663355827332 0.5028290748596191 0.9809646010398865 -1 -1 -1 -1 -1 -1 -1 -1 -1
0.5575973987579346 0.46424993872642517 0.9986359477043152 -1 -1 -1 -1 -1 -1 -1 -1 -1
0.5624489188194275 0.4767036437988281 0.9998899698257446 -1 -1 -1 -1 -1 -1 -1 -1 -1
0.5262625217437744 0.4963225722312927 0.019548330456018448 -1 -1 -1 -1 -1 -1 -1 -1 -1
0.5312409400939941 0.5221335887908936 0.7257577776908875 -1 -1 -1 -1 -1 -1 -1 -1 -1
0.5011822581291199 0.5340473651885986 0.014215956442058086 -1 -1 -1 -1 -1 -1 -1 -1 -1
0.5101837515830994 0.5742337107658386 0.8047933578491211 -1 -1 -1 -1 -1 -1 -1 -1 -1
0.49648261070251465 0.539507269859314 0.01709146983921528 -1 -1 -1 -1 -1 -1 -1 -1 -1
0.5070372819900513 0.5838865637779236 0.771526038646698 -1 -1 -1 -1 -1 -1 -1 -1 -1
0.4974266290664673 0.5418939590454102 0.0156171265989542 -1 -1 -1 -1 -1 -1 -1 -1 -1
0.5094201564788818 0.5865570306777954 0.7503820657730103 -1 -1 -1 -1 -1 -1 -1 -1 -1
0.4992664158344269 0.5400820374488831 0.0183381550014019 -1 -1 -1 -1 -1 -1 -1 -1 -1
0.5105786323547363 0.5821371078491211 0.6919956803321838 -1 -1 -1 -1 -1 -1 -1 -1 -1
0.5067895650863647 0.44826382398605347 0.9997233748435974 -1 -1 -1 -1 -1 -1 -1 -1 -1
0.5043409466743469 0.4509705603122711 0.9997207522392273 -1 -1 -1 -1 -1 -1 -1 -1 -1
0.5146953463554382 0.5297427773475647 0.16601665318012238 -1 -1 -1 -1 -1 -1 -1 -1 -1
0.502265214920044 0.5412863492965698 0.7819048762321472 -1 -1 -1 -1 -1 -1 -1 -1 -1
0.47932398319244385 0.5538315773010254 0.29008248448371887 -1 -1 -1 -1 -1 -1 -1 -1 -1
0.4553268849849701 0.5760217308998108 0.8108850121498108 -1 -1 -1 -1 -1 -1 -1 -1 -1
0.473655641078949 0.5482116937637329 0.5656264424324036 -1 -1 -1 -1 -1 -1 -1 -1 -1
0.44834551215171814 0.5728040933609009 0.7795528173446655 -1 -1 -1 -1 -1 -1 -1 -1 -1
0.4711628258228302 0.5778831839561462 0.3661419451236725 -1 -1 -1 -1 -1 -1 -1 -1 -1
0.44586920738220215 0.6030030250549316 0.7285099029541016 -1 -1 -1 -1 -1 -1 -1 -1 -1
1 
33 
-1 -1 -1 -1 -1 -1 -1 -1 -1 -1
0.5171560049057007 0.46289288997650146 1.0 -1 -1 -1 -1 -1 -1 -1 -1 -1
0.5150426030158997 0.4683154821395874 1.0 -1 -1 -1 -1 -1 -1 -1 -1 -1
0.5147286057472229 0.4696212708950043 1.0 -1 -1 -1 -1 -1 -1 -1 -1 -1
0.5138809084892273 0.4709310233592987 1.0 -1 -1 -1 -1 -1 -1 -1 -1 -1
0.5171371698379517 0.46639740467071533 1.0 -1 -1 -1 -1 -1 -1 -1 -1 -1
0.5179375410079956 0.4665358066558838 1.0 -1 -1 -1 -1 -1 -1 -1 -1 -1
0.5184365510940552 0.4664207696914673 1.0 -1 -1 -1 -1 -1 -1 -1 -1 -1
0.5124002695083618 0.47441157698631287 1.0 -1 -1 -1 -1 -1 -1 -1 -1 -1
0.5194534659385681 0.46705254912376404 1.0 -1 -1 -1 -1 -1 -1 -1 -1 -1
0.5147179961204529 0.462088018655777 1.0 -1 -1 -1 -1 -1 -1 -1 -1 -1
0.517127513885498 0.459835022687912 1.0 -1 -1 -1 -1 -1 -1 -1 -1 -1
0.5103515982627869 0.4692251980304718 1.0 -1 -1 -1 -1 -1 -1 -1 -1 -1
0.5168966054916382 0.4541622996330261 1.0 -1 -1 -1 -1 -1 -1 -1 -1 -1
0.5054102540016174 0.47190061211586 0.9998761415481567 -1 -1 -1 -1 -1 -1 -1 -1 -1
0.5172954201698303 0.44200751185417175 0.9888578653335571 -1 -1 -1 -1 -1 -1 -1 -1 -1
0.5074865221977234 0.45349836349487305 0.8610463738441467 -1 -1 -1 -1 -1 -1 -1 -1 -1
0.5175295472145081 0.46548449993133545 0.10169480741024017 -1 -1 -1 -1 -1 -1 -1 -1 -1
0.5075964331626892 0.4510037302970886 0.2804909348487854 -1 -1 -1 -1 -1 -1 -1 -1 -1
0.5145480036735535 0.47085919976234436 0.02090616524219513 -1 -1 -1 -1 -1 -1 -1 -1 -1
0.5027234554290771 0.44455087184906006 0.1700839102268219 -1 -1 -1 -1 -1 -1 -1 -1 -1
0.5155026912689209 0.471488893032074 0.06056324392557144 -1 -1 -1 -1 -1 -1 -1 -1 -1
0.5028067827224731 0.44480782747268677 0.1818550080060959 -1 -1 -1 -1 -1 -1 -1 -1 -1
0.5166778564453125 0.4704117476940155 0.049362119287252426 -1 -1 -1 -1 -1 -1 -1 -1 -1
0.48984789848327637 0.43547022342681885 0.9996531009674072 -1 -1 -1 -1 -1 -1 -1 -1 -1
0.4937436580657959 0.4225599765777588 0.9999018907546997 -1 -1 -1 -1 -1 -1 -1 -1 -1
0.486057847738266 0.42194339632987976 0.00021699276112485677 -1 -1 -1 -1 -1 -1 -1 -1 -1
0.4870188236236572 0.4056793749332428 0.00031654612394049764 -1 -1 -1 -1 -1 -1 -1 -1 -1
0.48198074102401733 0.38661012053489685 0.00012996848090551794 -1 -1 -1 -1 -1 -1 -1 -1 -1
0.4910789132118225 0.37430551648139954 0.00045706797391176224 -1 -1 -1 -1 -1 -1 -1 -1 -1
0.48459333181381226 0.3765229880809784 0.00027450360357761383 -1 -1 -1 -1 -1 -1 -1 -1 -1
0.49558255076408386 0.36396074295043945 0.006304403301328421 -1 -1 -1 -1 -1 -1 -1 -1 -1
0.4798136353492737 0.3887389302253723 0.00015201896894723177 -1 -1 -1 -1 -1 -1 -1 -1 -1
0.4874023199081421 0.3851950764656067 0.0012269392609596252 -1 -1 -1 -1 -1 -1 -1 -1 -1
1 
33 
-1 -1 -1 -1 -1 -1 -1 -1 -1 -1
0.47496747970581055 0.47181862592697144 0.9994968175888062 -1 -1 -1 -1 -1 -1 -1 -1 -1
0.4720733165740967 0.4689425826072693 0.999743640422821 -1 -1 -1 -1 -1 -1 -1 -1 -1
0.47207772731781006 0.4679563045501709 0.9997054934501648 -1 -1 -1 -1 -1 -1 -1 -1 -1
0.47208791971206665 0.4669746160507202 0.9996703863143921 -1 -1 -1 -1 -1 -1 -1 -1 -1
0.4716373682022095 0.4691232442855835 0.9997087121009827 -1 -1 -1 -1 -1 -1 -1 -1 -1
0.4713892340660095 0.4684622585773468 0.9996386766433716 -1 -1 -1 -1 -1 -1 -1 -1 -1
0.47114434838294983 0.46784093976020813 0.9996747970581055 -1 -1 -1 -1 -1 -1 -1 -1 -1
0.47240304946899414 0.45821863412857056 0.9998350143432617 -1 -1 -1 -1 -1 -1 -1 -1 -1
0.47123557329177856 0.45927760004997253 0.999845027923584 -1 -1 -1 -1 -1 -1 -1 -1 -1
0.4776002764701843 0.46733516454696655 0.9998335838317871 -1 -1 -1 -1 -1 -1 -1 -1 -1
0.4772666096687317 0.4678327441215515 0.9998563528060913 -1 -1 -1 -1 -1 -1 -1 -1 -1
0.4858686625957489 0.43875235319137573 0.999923586845398 -1 -1 -1 -1 -1 -1 -1 -1 -1
0.48540180921554565 0.4568881094455719 0.999937891960144 -1 -1 -1 -1 -1 -1 -1 -1 -1
0.49273979663848877 0.4532133638858795 0.9044776558876038 -1 -1 -1 -1 -1 -1 -1 -1 -1
0.5038166642189026 0.48146161437034607 0.09983101487159729 -1 -1 -1 -1 -1 -1 -1 -1 -1
0.4735381603240967 0.4658282995223999 0.682771623134613 -1 -1 -1 -1 -1 -1 -1 -1 -1
0.5154291987419128 0.4968583583831787 0.08732715994119644 -1 -1 -1 -1 -1 -1 -1 -1 -1
0.4683331549167633 0.4698779582977295 0.5956446528434753 -1 -1 -1 -1 -1 -1 -1 -1 -1
0.5186353325843811 0.5021922588348389 0.09832073748111725 -1 -1 -1 -1 -1 -1 -1 -1 -1
0.4673471450805664 0.4686588644981384 0.5840296149253845 -1 -1 -1 -1 -1 -1 -1 -1 -1
0.5186903476715088 0.5003700256347656 0.10787457227706909 -1 -1 -1 -1 -1 -1 -1 -1 -1
0.4695392847061157 0.4671134650707245 0.5246985554695129 -1 -1 -1 -1 -1 -1 -1 -1 -1
0.5178173780441284 0.49734267592430115 0.1253264993429184 -1 -1 -1 -1 -1 -1 -1 -1 -1
0.526714026927948 0.4404914677143097 0.9999877214431763 -1 -1 -1 -1 -1 -1 -1 -1 -1
0.5223908424377441 0.4528556168079376 0.9999914169311523 -1 -1 -1 -1 -1 -1 -1 -1 -1
0.5453730225563049 0.4731091260910034 0.9742743372917175 -1 -1 -1 -1 -1 -1 -1 -1 -1
0.5299410223960876 0.48418864607810974 0.597480058670044 -1 -1 -1 -1 -1 -1 -1 -1 -1
0.5205162167549133 0.46763309836387634 0.2224576473236084 -1 -1 -1 -1 -1 -1 -1 -1 -1
0.5135257244110107 0.46741166710853577 0.1142156571149826 -1 -1 -1 -1 -1 -1 -1 -1 -1
0.515423595905304 0.46778786182403564 0.2394353598356247 -1 -1 -1 -1 -1 -1 -1 -1 -1
0.510844886302948 0.4664081335067749 0.13758382201194763 -1 -1 -1 -1 -1 -1 -1 -1 -1
0.5147968530654907 0.4680292010307312 0.3071371018886566 -1 -1 -1 -1 -1 -1 -1 -1 -1
0.5076981782913208 0.4637649357318878 0.17159503698349 -1 -1 -1 -1 -1 -1 -1 -1 -1
1 
33 
-1 -1 -1 -1 -1 -1 -1 -1 -1 -1
0.48541802167892456 0.47147879004478455 0.9957104921340942 -1 -1 -1 -1 -1 -1 -1 -1 -1
0.4848077595233917 0.4708252549171448 0.995503842830658 -1 -1 -1 -1 -1 -1 -1 -1 -1
0.48501262068748474 0.47076284885406494 0.9954081177711487 -1 -1 -1 -1 -1 -1 -1 -1 -1
0.4852309823036194 0.47069090604782104 0.9963645339012146 -1 -1 -1 -1 -1 -1 -1 -1 -1
0.484186589717865 0.47009533643722534 0.9942200183868408 -1 -1 -1 -1 -1 -1 -1 -1 -1
0.4840122163295746 0.46955883502960205 0.9922972321510315 -1 -1 -1 -1 -1 -1 -1 -1 -1
0.48383039236068726 0.4690264165401459 0.9936912059783936 -1 -1 -1 -1 -1 -1 -1 -1 -1
0.4868778586387634 0.4674956500530243 0.9918153882026672 -1 -1 -1 -1 -1 -1 -1 -1 -1
0.4847390353679657 0.46441641449928284 0.9929908514022827 -1 -1 -1 -1 -1 -1 -1 -1 -1
0.48736920952796936 0.4699954390525818 0.9938486218452454 -1 -1 -1 -1 -1 -1 -1 -1 -1
0.48670005798339844 0.46909579634666443 0.9906855225563049 -1 -1 -1 -1 -1 -1 -1 -1 -1
0.4948488473892212 0.46260547637939453 0.9970422387123108 -1 -1 -1 -1 -1 -1 -1 -1 -1
0.48944929242134094 0.45791757106781006 0.9924523234367371 -1 -1 -1 -1 -1 -1 -1 -1 -1
0.49473515152931213 0.47741013765335083 0.8916367888450623 -1 -1 -1 -1 -1 -1 -1 -1 -1
0.4897709786891937 0.4696355164051056 0.7290098071098328 -1 -1 -1 -1 -1 -1 -1 -1 -1
0.4868168234825134 0.4984768033027649 0.9212808012962341 -1 -1 -1 -1 -1 -1 -1 -1 -1
0.48277923464775085 0.4912171959877014 0.7314899563789368 -1 -1 -1 -1 -1 -1 -1 -1 -1
0.4844927489757538 0.5046416521072388 0.9085114598274231 -1 -1 -1 -1 -1 -1 -1 -1 -1
0.47868576645851135 0.49550575017929077 0.7065455317497253 -1 -1 -1 -1 -1 -1 -1 -1 -1
0.4828042984008789 0.5031902194023132 0.9080460071563721 -1 -1 -1 -1 -1 -1 -1 -1 -1
0.4804231822490692 0.4976509213447571 0.7064911127090454 -1 -1 -1 -1 -1 -1 -1 -1 -1
0.48369020223617554 0.5005835294723511 0.863963782787323 -1 -1 -1 -1 -1 -1 -1 -1 -1
0.48231929540634155 0.496359646320343 0.6952131986618042 -1 -1 -1 -1 -1 -1 -1 -1 -1
0.5116203427314758 0.4319199323654175 0.9960339665412903 -1 -1 -1 -1 -1 -1 -1 -1 -1
0.5074606537818909 0.4316904544830322 0.9945405125617981 -1 -1 -1 -1 -1 -1 -1 -1 -1
0.509465754032135 0.4621082842350006 0.2674145996570587 -1 -1 -1 -1 -1 -1 -1 -1 -1
0.5064433217048645 0.46483030915260315 0.16037599742412567 -1 -1 -1 -1 -1 -1 -1 -1 -1
0.5053722858428955 0.47259289026260376 0.33162927627563477 -1 -1 -1 -1 -1 -1 -1 -1 -1
0.5094770789146423 0.48072293400764465 0.06652627140283585 -1 -1 -1 -1 -1 -1 -1 -1 -1
0.5063086748123169 0.47178342938423157 0.2778676748275757 -1 -1 -1 -1 -1 -1 -1 -1 -1
0.5102452635765076 0.48011696338653564 0.05783281847834587 -1 -1 -1 -1 -1 -1 -1 -1 -1
0.500126302242279 0.4852997660636902 0.4623434543609619 -1 -1 -1 -1 -1 -1 -1 -1 -1
0.5094079971313477 0.4959337115287781 0.1406615823507309 -1 -1 -1 -1 -1 -1 -1 -1 -1
1 
33 
-1 -1 -1 -1 -1 -1 -1 -1 -1 -1
0.4766484200954437 0.42237958312034607 0.9993645548820496 -1 -1 -1 -1 -1 -1 -1 -1 -1
0.478109210729599 0.42030900716781616 0.9997585415840149 -1 -1 -1 -1 -1 -1 -1 -1 -1
0.47843828797340393 0.4205012321472168 0.9996451139450073 -1 -1 -1 -1 -1 -1 -1 -1 -1
0.4787578582763672 0.4207139015197754 0.9997676014900208 -1 -1 -1 -1 -1 -1 -1 -1 -1
0.47749418020248413 0.4200369417667389 0.9997325539588928 -1 -1 -1 -1 -1 -1 -1 -1 -1
0.4774438738822937 0.42003703117370605 0.9994935989379883 -1 -1 -1 -1 -1 -1 -1 -1 -1
0.47738465666770935 0.4200614094734192 0.9995689988136292 -1 -1 -1 -1 -1 -1 -1 -1 -1
0.47993096709251404 0.42293301224708557 0.999701201915741 -1 -1 -1 -1 -1 -1 -1 -1 -1
0.4780004024505615 0.42260682582855225 0.9996015429496765 -1 -1 -1 -1 -1 -1 -1 -1 -1
0.47677168250083923 0.42613425850868225 0.9996552467346191 -1 -1 -1 -1 -1 -1 -1 -1 -1
0.47627344727516174 0.4254620373249054 0.9996639490127563 -1 -1 -1 -1 -1 -1 -1 -1 -1
0.47975191473960876 0.4303096532821655 0.9996757507324219 -1 -1 -1 -1 -1 -1 -1 -1 -1
0.47456982731819153 0.4382520318031311 0.9990973472595215 -1 -1 -1 -1 -1 -1 -1 -1 -1
0.48527294397354126 0.4004361033439636 0.8804896473884583 -1 -1 -1 -1 -1 -1 -1 -1 -1
0.47054868936538696 0.4340200126171112 0.3201344907283783 -1 -1 -1 -1 -1 -1 -1 -1 -1
0.4805222749710083 0.37425917387008667 0.7681607007980347 -1 -1 -1 -1 -1 -1 -1 -1 -1
0.4662862718105316 0.4174216091632843 0.24658893048763275 -1 -1 -1 -1 -1 -1 -1 -1 -1
0.4793160855770111 0.3669700622558594 0.7241954207420349 -1 -1 -1 -1 -1 -1 -1 -1 -1
0.4660533666610718 0.4144912660121918 0.24832913279533386 -1 -1 -1 -1 -1 -1 -1 -1 -1
0.47918322682380676 0.3693186640739441 0.7049013376235962 -1 -1 -1 -1 -1 -1 -1 -1 -1
0.4651105999946594 0.4149181842803955 0.25908294320106506 -1 -1 -1 -1 -1 -1 -1 -1 -1
0.4796995520591736 0.3721730709075928 0.6313984990119934 -1 -1 -1 -1 -1 -1 -1 -1 -1
0.4652270972728729 0.4158603847026825 0.3004835844039917 -1 -1 -1 -1 -1 -1 -1 -1 -1
0.49216362833976746 0.46994438767433167 0.9998747110366821 -1 -1 -1 -1 -1 -1 -1 -1 -1
0.4873128831386566 0.47327497601509094 0.9999172687530518 -1 -1 -1 -1 -1 -1 -1 -1 -1
0.5043073892593384 0.4477831721305847 0.6387766599655151 -1 -1 -1 -1 -1 -1 -1 -1 -1
0.467197448015213 0.47201967239379883 0.5217949748039246 -1 -1 -1 -1 -1 -1 -1 -1 -1
0.4803057014942169 0.4178333580493927 0.49709999561309814 -1 -1 -1 -1 -1 -1 -1 -1 -1
0.45832622051239014 0.44474077224731445 0.221042200922966 -1 -1 -1 -1 -1 -1 -1 -1 -1
0.47499194741249084 0.41538166999816895 0.44718292355537415 -1 -1 -1 -1 -1 -1 -1 -1 -1
0.45626845955848694 0.44234544038772583 0.17636790871620178 -1 -1 -1 -1 -1 -1 -1 -1 -1
0.4746459424495697 0.39905300736427307 0.4851478338241577 -1 -1 -1 -1 -1 -1 -1 -1 -1
0.45493215322494507 0.4269787669181824 0.24985668063163757 -1 -1 -1 -1 -1 -1 -1 -1 -1
1 
33 
-1 -1 -1 -1 -1 -1 -1 -1 -1 -1
0.47078806161880493 0.45618176460266113 0.9969373941421509 -1 -1 -1 -1 -1 -1 -1 -1 -1
0.46865469217300415 0.4552195072174072 0.996948778629303 -1 -1 -1 -1 -1 -1 -1 -1 -1
0.4684753119945526 0.4543306827545166 0.9968180656433105 -1 -1 -1 -1 -1 -1 -1 -1 -1
0.46829792857170105 0.4534386396408081 0.9975414276123047 -1 -1 -1 -1 -1 -1 -1 -1 -1
0.4689725637435913 0.456758588552475 0.9919087290763855 -1 -1 -1 -1 -1 -1 -1 -1 -1
0.46908000111579895 0.4571183919906616 0.9889023900032043 -1 -1 -1 -1 -1 -1 -1 -1 -1
0.46918994188308716 0.45748400688171387 0.9892578721046448 -1 -1 -1 -1 -1 -1 -1 -1 -1
0.4685457944869995 0.4495476186275482 0.9986423850059509 -1 -1 -1 -1 -1 -1 -1 -1 -1
0.46975308656692505 0.4550556540489197 0.9922052025794983 -1 -1 -1 -1 -1 -1 -1 -1 -1
0.47231751680374146 0.4529053866863251 0.9995535016059875 -1 -1 -1 -1 -1 -1 -1 -1 -1
0.47287315130233765 0.4549540579319 0.9987898468971252 -1 -1 -1 -1 -1 -1 -1 -1 -1
0.47652292251586914 0.4320676624774933 0.999797523021698 -1 -1 -1 -1 -1 -1 -1 -1 -1
0.48112231492996216 0.4541654884815216 0.9947957396507263 -1 -1 -1 -1 -1 -1 -1 -1 -1
0.49127623438835144 0.4160856604576111 0.8481571078300476 -1 -1 -1 -1 -1 -1 -1 -1 -1
0.49516767263412476 0.4460853636264801 0.19497859477996826 -1 -1 -1 -1 -1 -1 -1 -1 -1
0.4992966949939728 0.4107140004634857 0.6326362490653992 -1 -1 -1 -1 -1 -1 -1 -1 -1
0.4998694360256195 0.43800023198127747 0.13091221451759338 -1 -1 -1 -1 -1 -1 -1 -1 -1
0.5009897947311401 0.4076700210571289 0.5933452844619751 -1 -1 -1 -1 -1 -1 -1 -1 -1
0.5013834834098816 0.43565720319747925 0.15159454941749573 -1 -1 -1 -1 -1 -1 -1 -1 -1
0.5003495216369629 0.4102999269962311 0.595334529876709 -1 -1 -1 -1 -1 -1 -1 -1 -1
0.4999844431877136 0.4367537200450897 0.1583612561225891 -1 -1 -1 -1 -1 -1 -1 -1 -1
0.4999764561653137 0.41206496953964233 0.5573247075080872 -1 -1 -1 -1 -1 -1 -1 -1 -1
0.4994700253009796 0.43701159954071045 0.1693926602602005 -1 -1 -1 -1 -1 -1 -1 -1 -1
0.4998152256011963 0.4135749936103821 0.9996515512466431 -1 -1 -1 -1 -1 -1 -1 -1 -1
0.502438485622406 0.4285714626312256 0.9979051351547241 -1 -1 -1 -1 -1 -1 -1 -1 -1
0.5148178339004517 0.40543079376220703 0.9682959318161011 -1 -1 -1 -1 -1 -1 -1 -1 -1
0.5167699456214905 0.44005298614501953 0.715545654296875 -1 -1 -1 -1 -1 -1 -1 -1 -1
0.5314361453056335 0.39186376333236694 0.9324531555175781 -1 -1 -1 -1 -1 -1 -1 -1 -1
0.5246484875679016 0.43143582344055176 0.49257850646972656 -1 -1 -1 -1 -1 -1 -1 -1 -1
0.5333580374717712 0.3906540870666504 0.9177359938621521 -1 -1 -1 -1 -1 -1 -1 -1 -1
0.5252310633659363 0.4284956157207489 0.5707084536552429 -1 -1 -1 -1 -1 -1 -1 -1 -1
0.5373415946960449 0.3848077058792114 0.847880482673645 -1 -1 -1 -1 -1 -1 -1 -1 -1
0.5296385884284973 0.43486693501472473 0.43470412492752075 -1 -1 -1 -1 -1 -1 -1 -1 -1
1 
33 
-1 -1 -1 -1 -1 -1 -1 -1 -1 -1
0.48103028535842896 0.4277065396308899 0.9990299940109253 -1 -1 -1 -1 -1 -1 -1 -1 -1
0.47255200147628784 0.4276019334793091 0.9988701939582825 -1 -1 -1 -1 -1 -1 -1 -1 -1
0.4718608260154724 0.42665034532546997 0.9983429908752441 -1 -1 -1 -1 -1 -1 -1 -1 -1
0.4712057113647461 0.4256976842880249 0.9985902905464172 -1 -1 -1 -1 -1 -1 -1 -1 -1
0.4729689359664917 0.4338045120239258 0.998954176902771 -1 -1 -1 -1 -1 -1 -1 -1 -1
0.47241073846817017 0.43767082691192627 0.9987050294876099 -1 -1 -1 -1 -1 -1 -1 -1 -1
0.47186264395713806 0.44148749113082886 0.998986542224884 -1 -1 -1 -1 -1 -1 -1 -1 -1
0.46230971813201904 0.4443179666996002 0.9984607696533203 -1 -1 -1 -1 -1 -1 -1 -1 -1
0.46702200174331665 0.4597521424293518 0.9990863800048828 -1 -1 -1 -1 -1 -1 -1 -1 -1
0.4788550138473511 0.43233394622802734 0.9980904459953308 -1 -1 -1 -1 -1 -1 -1 -1 -1
0.47876495122909546 0.43624794483184814 0.9981850981712341 -1 -1 -1 -1 -1 -1 -1 -1 -1
0.48373714089393616 0.45382633805274963 0.9994152784347534 -1 -1 -1 -1 -1 -1 -1 -1 -1
0.48371872305870056 0.49152863025665283 0.9992971420288086 -1 -1 -1 -1 -1 -1 -1 -1 -1
0.512682318687439 0.4414195716381073 0.17176184058189392 -1 -1 -1 -1 -1 -1 -1 -1 -1
0.5054255723953247 0.48031434416770935 0.8229382634162903 -1 -1 -1 -1 -1 -1 -1 -1 -1
0.4863277077674866 0.43708428740501404 0.38069260120391846 -1 -1 -1 -1 -1 -1 -1 -1 -1
0.48888176679611206 0.4654044508934021 0.7606756687164307 -1 -1 -1 -1 -1 -1 -1 -1 -1
0.48005807399749756 0.43547797203063965 0.4185065031051636 -1 -1 -1 -1 -1 -1 -1 -1 -1
0.4870421290397644 0.4636543393135071 0.6989414691925049 -1 -1 -1 -1 -1 -1 -1 -1 -1
0.47618672251701355 0.4360028803348541 0.42365679144859314 -1 -1 -1 -1 -1 -1 -1 -1 -1
0.48316818475723267 0.46629807353019714 0.7022029161453247 -1 -1 -1 -1 -1 -1 -1 -1 -1
0.47831082344055176 0.43903908133506775 0.3831249475479126 -1 -1 -1 -1 -1 -1 -1 -1 -1
0.48472362756729126 0.4674006998538971 0.6575136780738831 -1 -1 -1 -1 -1 -1 -1 -1 -1
0.599797248840332 0.5073939561843872 0.998136043548584 -1 -1 -1 -1 -1 -1 -1 -1 -1
0.5999431014060974 0.5314669609069824 0.9975065588951111 -1 -1 -1 -1 -1 -1 -1 -1 -1
0.6066907048225403 0.4887804388999939 0.21699784696102142 -1 -1 -1 -1 -1 -1 -1 -1 -1
0.6140655279159546 0.5179102420806885 0.38777944445610046 -1 -1 -1 -1 -1 -1 -1 -1 -1
0.6249424815177917 0.5037274956703186 0.07079954445362091 -1 -1 -1 -1 -1 -1 -1 -1 -1
0.6187166571617126 0.5324945449829102 0.08390019088983536 -1 -1 -1 -1 -1 -1 -1 -1 -1
0.6283076405525208 0.5053517818450928 0.09321586042642593 -1 -1 -1 -1 -1 -1 -1 -1 -1
0.6168078780174255 0.5398285984992981 0.2064458280801773 -1 -1 -1 -1 -1 -1 -1 -1 -1
0.6222928762435913 0.510442316532135 0.10948890447616577 -1 -1 -1 -1 -1 -1 -1 -1 -1
0.6221441030502319 0.5341407656669617 0.16374486684799194 -1 -1 -1 -1 -1 -1 -1 -1 -1
1 
33 
-1 -1 -1 -1 -1 -1 -1 -1 -1 -1
0.49730685353279114 0.44158804416656494 0.9995792508125305 -1 -1 -1 -1 -1 -1 -1 -1 -1
0.4986054599285126 0.4383555054664612 0.9998006224632263 -1 -1 -1 -1 -1 -1 -1 -1 -1
0.49908944964408875 0.4380902051925659 0.9998044371604919 -1 -1 -1 -1 -1 -1 -1 -1 -1
0.4995761215686798 0.43782201409339905 0.9998317956924438 -1 -1 -1 -1 -1 -1 -1 -1 -1
0.49744322896003723 0.439275860786438 0.9996848106384277 -1 -1 -1 -1 -1 -1 -1 -1 -1
0.4970771074295044 0.43966493010520935 0.9996140599250793 -1 -1 -1 -1 -1 -1 -1 -1 -1
0.4967145025730133 0.44005703926086426 0.9996483325958252 -1 -1 -1 -1 -1 -1 -1 -1 -1
0.5003981590270996 0.43954819440841675 0.9998563528060913 -1 -1 -1 -1 -1 -1 -1 -1 -1
0.49620628356933594 0.44320204854011536 0.999711811542511 -1 -1 -1 -1 -1 -1 -1 -1 -1
0.4979611039161682 0.44527333974838257 0.9997766613960266 -1 -1 -1 -1 -1 -1 -1 -1 -1
0.49646371603012085 0.44616642594337463 0.999699592590332 -1 -1 -1 -1 -1 -1 -1 -1 -1
0.5053682327270508 0.45461222529411316 0.9997345805168152 -1 -1 -1 -1 -1 -1 -1 -1 -1
0.4924129843711853 0.46829405426979065 0.9991742968559265 -1 -1 -1 -1 -1 -1 -1 -1 -1
0.5232402682304382 0.47968894243240356 0.6233829855918884 -1 -1 -1 -1 -1 -1 -1 -1 -1
0.4993283748626709 0.49651479721069336 0.22371023893356323 -1 -1 -1 -1 -1 -1 -1 -1 -1
0.5244609713554382 0.4864961504936218 0.5998480319976807 -1 -1 -1 -1 -1 -1 -1 -1 -1
0.5063694715499878 0.49331578612327576 0.2910160720348358 -1 -1 -1 -1 -1 -1 -1 -1 -1
0.5250920653343201 0.4881185293197632 0.5056689977645874 -1 -1 -1 -1 -1 -1 -1 -1 -1
0.5088106989860535 0.4930162727832794 0.2714356482028961 -1 -1 -1 -1 -1 -1 -1 -1 -1
0.5238217115402222 0.4853801429271698 0.5336410403251648 -1 -1 -1 -1 -1 -1 -1 -1 -1
0.5075278282165527 0.49058762192726135 0.2954440414905548 -1 -1 -1 -1 -1 -1 -1 -1 -1
0.5230112671852112 0.4846254289150238 0.45601335167884827 -1 -1 -1 -1 -1 -1 -1 -1 -1
0.5065990686416626 0.49047020077705383 0.2965812087059021 -1 -1 -1 -1 -1 -1 -1 -1 -1
0.519831120967865 0.5008308291435242 0.9997650980949402 -1 -1 -1 -1 -1 -1 -1 -1 -1
0.5150399208068848 0.5099528431892395 0.9997144341468811 -1 -1 -1 -1 -1 -1 -1 -1 -1
0.5238098502159119 0.494562029838562 0.43674224615097046 -1 -1 -1 -1 -1 -1 -1 -1 -1
0.5208696722984314 0.515988290309906 0.1895061433315277 -1 -1 -1 -1 -1 -1 -1 -1 -1
0.5307311415672302 0.5066124796867371 0.5544095635414124 -1 -1 -1 -1 -1 -1 -1 -1 -1
0.5229116678237915 0.5196550488471985 0.13791336119174957 -1 -1 -1 -1 -1 -1 -1 -1 -1
0.5326934456825256 0.5094144940376282 0.5672370791435242 -1 -1 -1 -1 -1 -1 -1 -1 -1
0.5239807963371277 0.519425094127655 0.1309942752122879 -1 -1 -1 -1 -1 -1 -1 -1 -1
0.5308905243873596 0.5075636506080627 0.5766550302505493 -1 -1 -1 -1 -1 -1 -1 -1 -1
0.5212888121604919 0.5236797332763672 0.21528947353363037 -1 -1 -1 -1 -1 -1 -1 -1 -1
1 
33 
-1 -1 -1 -1 -1 -1 -1 -1 -1 -1
0.5110215544700623 0.449440062046051 0.9934433698654175 -1 -1 -1 -1 -1 -1 -1 -1 -1
0.5127391219139099 0.4465634226799011 0.9950215816497803 -1 -1 -1 -1 -1 -1 -1 -1 -1
0.5133336186408997 0.4470088481903076 0.9947276711463928 -1 -1 -1 -1 -1 -1 -1 -1 -1
0.5139420032501221 0.4474625587463379 0.9951611161231995 -1 -1 -1 -1 -1 -1 -1 -1 -1
0.5099490880966187 0.44444194436073303 0.99345463514328 -1 -1 -1 -1 -1 -1 -1 -1 -1
0.508729100227356 0.4433068633079529 0.9932608008384705 -1 -1 -1 -1 -1 -1 -1 -1 -1
0.5075168609619141 0.4421917796134949 0.9936102032661438 -1 -1 -1 -1 -1 -1 -1 -1 -1
0.510588526725769 0.4451894164085388 0.9949197173118591 -1 -1 -1 -1 -1 -1 -1 -1 -1
0.5007721781730652 0.4385174512863159 0.9948089122772217 -1 -1 -1 -1 -1 -1 -1 -1 -1
0.5084855556488037 0.4531576931476593 0.9972399473190308 -1 -1 -1 -1 -1 -1 -1 -1 -1
0.5055675506591797 0.45027223229408264 0.9978132247924805 -1 -1 -1 -1 -1 -1 -1 -1 -1
0.5124320983886719 0.4608091115951538 0.9967665672302246 -1 -1 -1 -1 -1 -1 -1 -1 -1
0.4757536053657532 0.45888790488243103 0.9919707775115967 -1 -1 -1 -1 -1 -1 -1 -1 -1
0.5196020007133484 0.5151410698890686 0.3806493580341339 -1 -1 -1 -1 -1 -1 -1 -1 -1
0.47295108437538147 0.510097324848175 0.648341178894043 -1 -1 -1 -1 -1 -1 -1 -1 -1
0.5224353075027466 0.5072850584983826 0.4215036630630493 -1 -1 -1 -1 -1 -1 -1 -1 -1
0.4978194236755371 0.5040296316146851 0.5472805500030518 -1 -1 -1 -1 -1 -1 -1 -1 -1
0.5239499807357788 0.5059633255004883 0.3783527910709381 -1 -1 -1 -1 -1 -1 -1 -1 -1
0.5042607188224792 0.5054788589477539 0.44960442185401917 -1 -1 -1 -1 -1 -1 -1 -1 -1
0.5245469808578491 0.5007479786872864 0.3996535539627075 -1 -1 -1 -1 -1 -1 -1 -1 -1
0.5042831301689148 0.4981330931186676 0.44976985454559326 -1 -1 -1 -1 -1 -1 -1 -1 -1
0.5225901007652283 0.5009562373161316 0.3592350482940674 -1 -1 -1 -1 -1 -1 -1 -1 -1
0.5023325085639954 0.497466117143631 0.37286093831062317 -1 -1 -1 -1 -1 -1 -1 -1 -1
0.5093143582344055 0.5332080125808716 0.9996127486228943 -1 -1 -1 -1 -1 -1 -1 -1 -1
0.48632779717445374 0.5397380590438843 0.999233603477478 -1 -1 -1 -1 -1 -1 -1 -1 -1
0.5264835953712463 0.5533804297447205 0.8857377767562866 -1 -1 -1 -1 -1 -1 -1 -1 -1
0.4693322479724884 0.5620213747024536 0.7881218791007996 -1 -1 -1 -1 -1 -1 -1 -1 -1
0.5132768750190735 0.5705795884132385 0.47869953513145447 -1 -1 -1 -1 -1 -1 -1 -1 -1
0.4831857979297638 0.5618088841438293 0.3116611838340759 -1 -1 -1 -1 -1 -1 -1 -1 -1
0.5102071166038513 0.5683844685554504 0.37050676345825195 -1 -1 -1 -1 -1 -1 -1 -1 -1
0.48483043909072876 0.5578399300575256 0.21293330192565918 -1 -1 -1 -1 -1 -1 -1 -1 -1
0.5109238624572754 0.5857825875282288 0.43864813446998596 -1 -1 -1 -1 -1 -1 -1 -1 -1
0.4876405894756317 0.5689694881439209 0.28325802087783813 -1 -1 -1 -1 -1 -1 -1 -1 -1
1 
33 
-1 -1 -1 -1 -1 -1 -1 -1 -1 -1
0.4688149392604828 0.48845186829566956 0.9994078874588013 -1 -1 -1 -1 -1 -1 -1 -1 -1
0.4670826196670532 0.4861450493335724 0.9995530247688293 -1 -1 -1 -1 -1 -1 -1 -1 -1
0.46743085980415344 0.48652559518814087 0.9995446801185608 -1 -1 -1 -1 -1 -1 -1 -1 -1
0.4677908718585968 0.48697224259376526 0.9996285438537598 -1 -1 -1 -1 -1 -1 -1 -1 -1
0.46668097376823425 0.48343929648399353 0.9994268417358398 -1 -1 -1 -1 -1 -1 -1 -1 -1
0.4666992723941803 0.4822145402431488 0.9993859529495239 -1 -1 -1 -1 -1 -1 -1 -1 -1
0.4667295813560486 0.48097866773605347 0.99940025806427 -1 -1 -1 -1 -1 -1 -1 -1 -1
0.4725610017776489 0.4828588366508484 0.9993498921394348 -1 -1 -1 -1 -1 -1 -1 -1 -1
0.47109752893447876 0.4733109772205353 0.9991316199302673 -1 -1 -1 -1 -1 -1 -1 -1 -1
0.4736570715904236 0.4883239269256592 0.9996618032455444 -1 -1 -1 -1 -1 -1 -1 -1 -1
0.4733794033527374 0.48593512177467346 0.9995436072349548 -1 -1 -1 -1 -1 -1 -1 -1 -1
0.4952102303504944 0.4856390953063965 0.9991416931152344 -1 -1 -1 -1 -1 -1 -1 -1 -1
0.4865304231643677 0.46543464064598083 0.9996556043624878 -1 -1 -1 -1 -1 -1 -1 -1 -1
0.4957160949707031 0.5261185169219971 0.8686794638633728 -1 -1 -1 -1 -1 -1 -1 -1 -1
0.48356926441192627 0.49736741185188293 0.7985291481018066 -1 -1 -1 -1 -1 -1 -1 -1 -1
0.4709399938583374 0.5273573994636536 0.8193459510803223 -1 -1 -1 -1 -1 -1 -1 -1 -1
0.4693291187286377 0.5166632533073425 0.8396454453468323 -1 -1 -1 -1 -1 -1 -1 -1 -1
0.4672459661960602 0.5323304533958435 0.7911128401756287 -1 -1 -1 -1 -1 -1 -1 -1 -1
0.46796977519989014 0.5224128365516663 0.8382437825202942 -1 -1 -1 -1 -1 -1 -1 -1 -1
0.46545326709747314 0.524142861366272 0.7963890433311462 -1 -1 -1 -1 -1 -1 -1 -1 -1
0.466623991727829 0.5231603980064392 0.8471593260765076 -1 -1 -1 -1 -1 -1 -1 -1 -1
0.4663589894771576 0.5210621953010559 0.7647081017494202 -1 -1 -1 -1 -1 -1 -1 -1 -1
0.4673519730567932 0.5221065878868103 0.8388465642929077 -1 -1 -1 -1 -1 -1 -1 -1 -1
0.5327179431915283 0.5146995186805725 0.9972634315490723 -1 -1 -1 -1 -1 -1 -1 -1 -1
0.5276674032211304 0.503282368183136 0.9976195693016052 -1 -1 -1 -1 -1 -1 -1 -1 -1
0.4823184907436371 0.538623571395874 0.7008765339851379 -1 -1 -1 -1 -1 -1 -1 -1 -1
0.4838871657848358 0.5312167406082153 0.242417573928833 -1 -1 -1 -1 -1 -1 -1 -1 -1
0.48529496788978577 0.5795121192932129 0.6725422739982605 -1 -1 -1 -1 -1 -1 -1 -1 -1
0.4885404706001282 0.5645439028739929 0.06833873689174652 -1 -1 -1 -1 -1 -1 -1 -1 -1
0.49172911047935486 0.5864408612251282 0.5777226090431213 -1 -1 -1 -1 -1 -1 -1 -1 -1
0.49253320693969727 0.568293035030365 0.09434927999973297 -1 -1 -1 -1 -1 -1 -1 -1 -1
0.4656708240509033 0.5868780612945557 0.6770592927932739 -1 -1 -1 -1 -1 -1 -1 -1 -1
0.47502267360687256 0.5777666568756104 0.09996350854635239 -1 -1 -1 -1 -1 -1 -1 -1 -1
1 
