24
1 
33 
-1 -1 -1 -1 -1 -1 -1 -1 -1 -1
0.5681392550468445 0.3511026203632355 0.9954531192779541 -1 -1 -1 -1 -1 -1 -1 -1 -1
0.5647728443145752 0.35098332166671753 0.9969881176948547 -1 -1 -1 -1 -1 -1 -1 -1 -1
0.5642527937889099 0.3510029911994934 0.994743824005127 -1 -1 -1 -1 -1 -1 -1 -1 -1
0.5637380480766296 0.3511255383491516 0.9974083304405212 -1 -1 -1 -1 -1 -1 -1 -1 -1
0.5645652413368225 0.3517938554286957 0.9969974756240845 -1 -1 -1 -1 -1 -1 -1 -1 -1
0.5636388659477234 0.35233867168426514 0.9958795309066772 -1 -1 -1 -1 -1 -1 -1 -1 -1
0.5627334117889404 0.3528854250907898 0.9969772100448608 -1 -1 -1 -1 -1 -1 -1 -1 -1
0.5555801391601562 0.3557910919189453 0.9967997074127197 -1 -1 -1 -1 -1 -1 -1 -1 -1
0.555221438407898 0.35880839824676514 0.9981492757797241 -1 -1 -1 -1 -1 -1 -1 -1 -1
0.568408191204071 0.3667697608470917 0.9976257681846619 -1 -1 -1 -1 -1 -1 -1 -1 -1
0.5678128004074097 0.3676750957965851 0.9967870712280273 -1 -1 -1 -1 -1 -1 -1 -1 -1
0.5589272379875183 0.3976038694381714 0.9976390600204468 -1 -1 -1 -1 -1 -1 -1 -1 -1
0.5606505274772644 0.3991962671279907 0.9986575841903687 -1 -1 -1 -1 -1 -1 -1 -1 -1
0.5736136436462402 0.3385477662086487 0.07830760627985 -1 -1 -1 -1 -1 -1 -1 -1 -1
0.5762622952461243 0.3418313264846802 0.9377365112304688 -1 -1 -1 -1 -1 -1 -1 -1 -1
0.584969699382782 0.2843326926231384 0.13630424439907074 -1 -1 -1 -1 -1 -1 -1 -1 -1
0.5781928896903992 0.283650279045105 0.8684244155883789 -1 -1 -1 -1 -1 -1 -1 -1 -1
0.5850183963775635 0.2709835171699524 0.20107555389404297 -1 -1 -1 -1 -1 -1 -1 -1 -1
0.5805037617683411 0.27315014600753784 0.8489736914634705 -1 -1 -1 -1 -1 -1 -1 -1 -1
0.5833253860473633 0.2685474455356598 0.20061078667640686 -1 -1 -1 -1 -1 -1 -1 -1 -1
0.5771710276603699 0.27315375208854675 0.8137881755828857 -1 -1 -1 -1 -1 -1 -1 -1 -1
0.5836092233657837 0.2732028067111969 0.2215893715620041 -1 -1 -1 -1 -1 -1 -1 -1 -1
0.5768523812294006 0.2785862386226654 0.7211480140686035 -1 -1 -1 -1 -1 -1 -1 -1 -1
0.55240398645401 0.5419532060623169 0.9984551668167114 -1 -1 -1 -1 -1 -1 -1 -1 -1
0.5529776811599731 0.546629011631012 0.9976686835289001 -1 -1 -1 -1 -1 -1 -1 -1 -1
0.564682126045227 0.5651360750198364 0.061583153903484344 -1 -1 -1 -1 -1 -1 -1 -1 -1
0.5519099831581116 0.6588776111602783 0.8674722909927368 -1 -1 -1 -1 -1 -1 -1 -1 -1
0.5451545119285583 0.5973856449127197 0.06308288127183914 -1 -1 -1 -1 -1 -1 -1 -1 -1
0.5535532236099243 0.7204796075820923 0.7875254154205322 -1 -1 -1 -1 -1 -1 -1 -1 -1
0.5397036671638489 0.6048814058303833 0.16958317160606384 -1 -1 -1 -1 -1 -1 -1 -1 -1
0.5462425947189331 0.732021689414978 0.8954943418502808 -1 -1 -1 -1 -1 -1 -1 -1 -1
0.5525070428848267 0.5909601449966431 0.13862183690071106 -1 -1 -1 -1 -1 -1 -1 -1 -1
0.5706791281700134 0.7368710041046143 0.7561873197555542 -1 -1 -1 -1 -1 -1 -1 -1 -1
1 
33 
-1 -1 -1 -1 -1 -1 -1 -1 -1 -1
0.5728492736816406 0.3436201512813568 0.9993581175804138 -1 -1 -1 -1 -1 -1 -1 -1 -1
0.5662360191345215 0.3381447494029999 0.9992259740829468 -1 -1 -1 -1 -1 -1 -1 -1 -1
0.5655015110969543 0.33819642663002014 0.9988493919372559 -1 -1 -1 -1 -1 -1 -1 -1 -1
0.5647751092910767 0.3383426070213318 0.9992719292640686 -1 -1 -1 -1 -1 -1 -1 -1 -1
0.5662824511528015 0.338873952627182 0.9993559718132019 -1 -1 -1 -1 -1 -1 -1 -1 -1
0.565363347530365 0.33942145109176636 0.9992602467536926 -1 -1 -1 -1 -1 -1 -1 -1 -1
0.5644627213478088 0.3399871587753296 0.9993927478790283 -1 -1 -1 -1 -1 -1 -1 -1 -1
0.5583702325820923 0.3438628911972046 0.9990021586418152 -1 -1 -1 -1 -1 -1 -1 -1 -1
0.5608465671539307 0.3435729742050171 0.9993915557861328 -1 -1 -1 -1 -1 -1 -1 -1 -1
0.5718571543693542 0.35132044553756714 0.9989416003227234 -1 -1 -1 -1 -1 -1 -1 -1 -1
0.5712807178497314 0.3515011966228485 0.9986664056777954 -1 -1 -1 -1 -1 -1 -1 -1 -1
0.5582769513130188 0.3842296004295349 0.9979593753814697 -1 -1 -1 -1 -1 -1 -1 -1 -1
0.5611859560012817 0.3788470923900604 0.9994760155677795 -1 -1 -1 -1 -1 -1 -1 -1 -1
0.573340654373169 0.31994524598121643 0.16617897152900696 -1 -1 -1 -1 -1 -1 -1 -1 -1
0.5787108540534973 0.3141835927963257 0.9968248605728149 -1 -1 -1 -1 -1 -1 -1 -1 -1
0.5815560221672058 0.2658866345882416 0.4767712950706482 -1 -1 -1 -1 -1 -1 -1 -1 -1
0.5810852646827698 0.2558557391166687 0.9965075850486755 -1 -1 -1 -1 -1 -1 -1 -1 -1
0.588514506816864 0.24639663100242615 0.5166473984718323 -1 -1 -1 -1 -1 -1 -1 -1 -1
0.5840797424316406 0.23977789282798767 0.9934786558151245 -1 -1 -1 -1 -1 -1 -1 -1 -1
0.5865799784660339 0.24402086436748505 0.5177946090698242 -1 -1 -1 -1 -1 -1 -1 -1 -1
0.5818743109703064 0.23805230855941772 0.9913367033004761 -1 -1 -1 -1 -1 -1 -1 -1 -1
0.5861685872077942 0.2498173862695694 0.54530268907547 -1 -1 -1 -1 -1 -1 -1 -1 -1
0.5809355974197388 0.24367813766002655 0.9830827713012695 -1 -1 -1 -1 -1 -1 -1 -1 -1
0.5527921319007874 0.5393904447555542 0.9987607002258301 -1 -1 -1 -1 -1 -1 -1 -1 -1
0.5547173619270325 0.5423834919929504 0.9982666969299316 -1 -1 -1 -1 -1 -1 -1 -1 -1
0.552701473236084 0.6480672359466553 0.11500132828950882 -1 -1 -1 -1 -1 -1 -1 -1 -1
0.5520007610321045 0.6628175973892212 0.9528661966323853 -1 -1 -1 -1 -1 -1 -1 -1 -1
0.5490862131118774 0.7454209327697754 0.14700646698474884 -1 -1 -1 -1 -1 -1 -1 -1 -1
0.5505926012992859 0.7595579624176025 0.9644807577133179 -1 -1 -1 -1 -1 -1 -1 -1 -1
0.5394445657730103 0.7440107464790344 0.35742515325546265 -1 -1 -1 -1 -1 -1 -1 -1 -1
0.5451781749725342 0.7653419971466064 0.979693591594696 -1 -1 -1 -1 -1 -1 -1 -1 -1
0.5648871064186096 0.7504563331604004 0.33554115891456604 -1 -1 -1 -1 -1 -1 -1 -1 -1
0.5768170952796936 0.7912142276763916 0.9465752840042114 -1 -1 -1 -1 -1 -1 -1 -1 -1
1 
33 
-1 -1 -1 -1 -1 -1 -1 -1 -1 -1
0.5649409294128418 0.3335304856300354 0.9974585175514221 -1 -1 -1 -1 -1 -1 -1 -1 -1
0.5612413883209229 0.3281933665275574 0.996670663356781 -1 -1 -1 -1 -1 -1 -1 -1 -1
0.5609795451164246 0.32873043417930603 0.9947248101234436 -1 -1 -1 -1 -1 -1 -1 -1 -1
0.5606194138526917 0.32912951707839966 0.9968199729919434 -1 -1 -1 -1 -1 -1 -1 -1 -1
0.5614795088768005 0.32801246643066406 0.9974586367607117 -1 -1 -1 -1 -1 -1 -1 -1 -1
0.561418354511261 0.32845139503479004 0.9966784715652466 -1 -1 -1 -1 -1 -1 -1 -1 -1
0.5612539052963257 0.32882630825042725 0.997277557849884 -1 -1 -1 -1 -1 -1 -1 -1 -1
0.5570940375328064 0.33723360300064087 0.9940978288650513 -1 -1 -1 -1 -1 -1 -1 -1 -1
0.559306263923645 0.33731508255004883 0.9949820637702942 -1 -1 -1 -1 -1 -1 -1 -1 -1
0.5660058259963989 0.344605416059494 0.9963713884353638 -1 -1 -1 -1 -1 -1 -1 -1 -1
0.5664562582969666 0.34516578912734985 0.9956405162811279 -1 -1 -1 -1 -1 -1 -1 -1 -1
0.5533401966094971 0.373931348323822 0.9939717650413513 -1 -1 -1 -1 -1 -1 -1 -1 -1
0.5653608441352844 0.37290987372398376 0.9989404082298279 -1 -1 -1 -1 -1 -1 -1 -1 -1
0.5702396035194397 0.304330438375473 0.2084323614835739 -1 -1 -1 -1 -1 -1 -1 -1 -1
0.5846104621887207 0.30894243717193604 0.9899055361747742 -1 -1 -1 -1 -1 -1 -1 -1 -1
0.5768027901649475 0.23719704151153564 0.6437711119651794 -1 -1 -1 -1 -1 -1 -1 -1 -1
0.5876780152320862 0.24618887901306152 0.9914124011993408 -1 -1 -1 -1 -1 -1 -1 -1 -1
0.5765774846076965 0.22302693128585815 0.6640588641166687 -1 -1 -1 -1 -1 -1 -1 -1 -1
0.5894452333450317 0.2292517125606537 0.9865712523460388 -1 -1 -1 -1 -1 -1 -1 -1 -1
0.5788577795028687 0.2216564118862152 0.6698629856109619 -1 -1 -1 -1 -1 -1 -1 -1 -1
0.5860418677330017 0.22617210447788239 0.983073890209198 -1 -1 -1 -1 -1 -1 -1 -1 -1
0.5783627033233643 0.22725960612297058 0.6790732145309448 -1 -1 -1 -1 -1 -1 -1 -1 -1
0.5843736529350281 0.2304491251707077 0.9703744053840637 -1 -1 -1 -1 -1 -1 -1 -1 -1
0.5464902520179749 0.5241954326629639 0.9992544054985046 -1 -1 -1 -1 -1 -1 -1 -1 -1
0.549588680267334 0.5338084101676941 0.9992969036102295 -1 -1 -1 -1 -1 -1 -1 -1 -1
0.5532339215278625 0.6359578371047974 0.21118895709514618 -1 -1 -1 -1 -1 -1 -1 -1 -1
0.5506652593612671 0.6474758982658386 0.9711310863494873 -1 -1 -1 -1 -1 -1 -1 -1 -1
0.5524424314498901 0.7291316986083984 0.37520357966423035 -1 -1 -1 -1 -1 -1 -1 -1 -1
0.5525150299072266 0.7436506748199463 0.9751655459403992 -1 -1 -1 -1 -1 -1 -1 -1 -1
0.5433760285377502 0.7414872646331787 0.5399349331855774 -1 -1 -1 -1 -1 -1 -1 -1 -1
0.5397104620933533 0.7597646713256836 0.9704813361167908 -1 -1 -1 -1 -1 -1 -1 -1 -1
0.5587733387947083 0.7642048001289368 0.546270489692688 -1 -1 -1 -1 -1 -1 -1 -1 -1
0.5591285228729248 0.7727776765823364 0.955337643623352 -1 -1 -1 -1 -1 -1 -1 -1 -1
1 
33 
-1 -1 -1 -1 -1 -1 -1 -1 -1 -1
0.5668272376060486 0.3303670287132263 0.9969037175178528 -1 -1 -1 -1 -1 -1 -1 -1 -1
0.5629327893257141 0.32638058066368103 0.9954700469970703 -1 -1 -1 -1 -1 -1 -1 -1 -1
0.562005341053009 0.3271024823188782 0.9933017492294312 -1 -1 -1 -1 -1 -1 -1 -1 -1
0.5610662698745728 0.3279260993003845 0.9956183433532715 -1 -1 -1 -1 -1 -1 -1 -1 -1
0.5638488531112671 0.32613280415534973 0.9969747066497803 -1 -1 -1 -1 -1 -1 -1 -1 -1
0.5633901357650757 0.32656610012054443 0.9961690306663513 -1 -1 -1 -1 -1 -1 -1 -1 -1
0.5637360215187073 0.32587072253227234 0.9966388940811157 -1 -1 -1 -1 -1 -1 -1 -1 -1
0.5574592351913452 0.3326241374015808 0.9916945099830627 -1 -1 -1 -1 -1 -1 -1 -1 -1
0.5614081025123596 0.33297666907310486 0.9936028122901917 -1 -1 -1 -1 -1 -1 -1 -1 -1
0.5667818784713745 0.3400764763355255 0.995226263999939 -1 -1 -1 -1 -1 -1 -1 -1 -1
0.5679693818092346 0.34148499369621277 0.9949034452438354 -1 -1 -1 -1 -1 -1 -1 -1 -1
0.5511513948440552 0.36475858092308044 0.9929460883140564 -1 -1 -1 -1 -1 -1 -1 -1 -1
0.5663486123085022 0.3634812831878662 0.998996913433075 -1 -1 -1 -1 -1 -1 -1 -1 -1
0.570971667766571 0.29548782110214233 0.28275585174560547 -1 -1 -1 -1 -1 -1 -1 -1 -1
0.5879265666007996 0.3018888235092163 0.9937536120414734 -1 -1 -1 -1 -1 -1 -1 -1 -1
0.5798375606536865 0.22889064252376556 0.7102727293968201 -1 -1 -1 -1 -1 -1 -1 -1 -1
0.5929232835769653 0.23588162660598755 0.9925923943519592 -1 -1 -1 -1 -1 -1 -1 -1 -1
0.5809755921363831 0.21046829223632812 0.732778787612915 -1 -1 -1 -1 -1 -1 -1 -1 -1
0.5972553491592407 0.22073550522327423 0.9877463579177856 -1 -1 -1 -1 -1 -1 -1 -1 -1
0.5804248452186584 0.21140918135643005 0.739109456539154 -1 -1 -1 -1 -1 -1 -1 -1 -1
0.5937398672103882 0.21692878007888794 0.9846832156181335 -1 -1 -1 -1 -1 -1 -1 -1 -1
0.5800517201423645 0.21573911607265472 0.7444677948951721 -1 -1 -1 -1 -1 -1 -1 -1 -1
0.5913711786270142 0.22101107239723206 0.9725613594055176 -1 -1 -1 -1 -1 -1 -1 -1 -1
0.5438207983970642 0.5210126638412476 0.9992371797561646 -1 -1 -1 -1 -1 -1 -1 -1 -1
0.5511634349822998 0.5296713709831238 0.9993938207626343 -1 -1 -1 -1 -1 -1 -1 -1 -1
0.554202139377594 0.622718334197998 0.20055770874023438 -1 -1 -1 -1 -1 -1 -1 -1 -1
0.5526138544082642 0.6360485553741455 0.9781032800674438 -1 -1 -1 -1 -1 -1 -1 -1 -1
0.5516120791435242 0.7116116881370544 0.35834449529647827 -1 -1 -1 -1 -1 -1 -1 -1 -1
0.5550895929336548 0.7353236079216003 0.9832819104194641 -1 -1 -1 -1 -1 -1 -1 -1 -1
0.542980432510376 0.7283470630645752 0.5343191623687744 -1 -1 -1 -1 -1 -1 -1 -1 -1
0.5466027855873108 0.7490496635437012 0.9807704091072083 -1 -1 -1 -1 -1 -1 -1 -1 -1
0.5683178305625916 0.73980712890625 0.5444567203521729 -1 -1 -1 -1 -1 -1 -1 -1 -1
0.566135823726654 0.7656316757202148 0.9682415127754211 -1 -1 -1 -1 -1 -1 -1 -1 -1
1 
33 
-1 -1 -1 -1 -1 -1 -1 -1 -1 -1
0.5692119598388672 0.3231528401374817 0.9982879757881165 -1 -1 -1 -1 -1 -1 -1 -1 -1
0.5672774314880371 0.3172246217727661 0.9974094033241272 -1 -1 -1 -1 -1 -1 -1 -1 -1
0.5667169094085693 0.3172014355659485 0.996295154094696 -1 -1 -1 -1 -1 -1 -1 -1 -1
0.566157341003418 0.31709936261177063 0.9974793791770935 -1 -1 -1 -1 -1 -1 -1 -1 -1
0.5680218935012817 0.3174465298652649 0.9982278943061829 -1 -1 -1 -1 -1 -1 -1 -1 -1
0.5679638981819153 0.3175660967826843 0.9979202151298523 -1 -1 -1 -1 -1 -1 -1 -1 -1
0.5678995847702026 0.31765738129615784 0.9980860948562622 -1 -1 -1 -1 -1 -1 -1 -1 -1
0.56085205078125 0.32208165526390076 0.9951445460319519 -1 -1 -1 -1 -1 -1 -1 -1 -1
0.5630109906196594 0.3227706253528595 0.9965481162071228 -1 -1 -1 -1 -1 -1 -1 -1 -1
0.5681854486465454 0.3316164016723633 0.9969019889831543 -1 -1 -1 -1 -1 -1 -1 -1 -1
0.5691924095153809 0.3324595093727112 0.9968608617782593 -1 -1 -1 -1 -1 -1 -1 -1 -1
0.5511365532875061 0.3547987937927246 0.9948235750198364 -1 -1 -1 -1 -1 -1 -1 -1 -1
0.5639453530311584 0.35423189401626587 0.9993855953216553 -1 -1 -1 -1 -1 -1 -1 -1 -1
0.5715140700340271 0.28796887397766113 0.2500266432762146 -1 -1 -1 -1 -1 -1 -1 -1 -1
0.5861802697181702 0.2933112382888794 0.9939271807670593 -1 -1 -1 -1 -1 -1 -1 -1 -1
0.5788693428039551 0.2240433394908905 0.6877867579460144 -1 -1 -1 -1 -1 -1 -1 -1 -1
0.5955705642700195 0.2284013330936432 0.9949415326118469 -1 -1 -1 -1 -1 -1 -1 -1 -1
0.5800722241401672 0.20244348049163818 0.7091670036315918 -1 -1 -1 -1 -1 -1 -1 -1 -1
0.5997665524482727 0.21420711278915405 0.9918505549430847 -1 -1 -1 -1 -1 -1 -1 -1 -1
0.5785894989967346 0.20536649227142334 0.7146276235580444 -1 -1 -1 -1 -1 -1 -1 -1 -1
0.5963808298110962 0.21060627698898315 0.9898273944854736 -1 -1 -1 -1 -1 -1 -1 -1 -1
0.579421877861023 0.21111711859703064 0.7262861728668213 -1 -1 -1 -1 -1 -1 -1 -1 -1
0.593848466873169 0.21347671747207642 0.9812116622924805 -1 -1 -1 -1 -1 -1 -1 -1 -1
0.5433018207550049 0.5149468779563904 0.9993942975997925 -1 -1 -1 -1 -1 -1 -1 -1 -1
0.5466301441192627 0.5227612257003784 0.999637246131897 -1 -1 -1 -1 -1 -1 -1 -1 -1
0.5556825399398804 0.6099109649658203 0.23068583011627197 -1 -1 -1 -1 -1 -1 -1 -1 -1
0.5535343289375305 0.6253730058670044 0.9841247797012329 -1 -1 -1 -1 -1 -1 -1 -1 -1
0.5535944700241089 0.697402834892273 0.4528381824493408 -1 -1 -1 -1 -1 -1 -1 -1 -1
0.556828498840332 0.7250013947486877 0.9888342022895813 -1 -1 -1 -1 -1 -1 -1 -1 -1
0.5476585626602173 0.7098568081855774 0.6148403882980347 -1 -1 -1 -1 -1 -1 -1 -1 -1
0.5392717123031616 0.7475351095199585 0.986327052116394 -1 -1 -1 -1 -1 -1 -1 -1 -1
0.5606780052185059 0.7258723974227905 0.6342962980270386 -1 -1 -1 -1 -1 -1 -1 -1 -1
0.5656133890151978 0.7608469724655151 0.9785563945770264 -1 -1 -1 -1 -1 -1 -1 -1 -1
1 
33 
-1 -1 -1 -1 -1 -1 -1 -1 -1 -1
0.5699984431266785 0.32724812626838684 0.9988152980804443 -1 -1 -1 -1 -1 -1 -1 -1 -1
0.5682401657104492 0.32119739055633545 0.998346209526062 -1 -1 -1 -1 -1 -1 -1 -1 -1
0.5677419304847717 0.32111138105392456 0.9974746108055115 -1 -1 -1 -1 -1 -1 -1 -1 -1
0.5668255090713501 0.322799414396286 0.998263418674469 -1 -1 -1 -1 -1 -1 -1 -1 -1
0.5686007738113403 0.32131654024124146 0.9988710284233093 -1 -1 -1 -1 -1 -1 -1 -1 -1
0.5683820843696594 0.32138654589653015 0.9986420273780823 -1 -1 -1 -1 -1 -1 -1 -1 -1
0.5681254863739014 0.32128018140792847 0.9988024234771729 -1 -1 -1 -1 -1 -1 -1 -1 -1
0.5608998537063599 0.3256513476371765 0.9967480897903442 -1 -1 -1 -1 -1 -1 -1 -1 -1
0.562420129776001 0.3261427581310272 0.9977553486824036 -1 -1 -1 -1 -1 -1 -1 -1 -1
0.5687979459762573 0.3357034921646118 0.997718334197998 -1 -1 -1 -1 -1 -1 -1 -1 -1
0.5693221092224121 0.3364931344985962 0.9977104663848877 -1 -1 -1 -1 -1 -1 -1 -1 -1
0.5508750677108765 0.3560886085033417 0.9954753518104553 -1 -1 -1 -1 -1 -1 -1 -1 -1
0.5643068552017212 0.3579756021499634 0.9994131326675415 -1 -1 -1 -1 -1 -1 -1 -1 -1
0.5703852772712708 0.28999581933021545 0.2580416202545166 -1 -1 -1 -1 -1 -1 -1 -1 -1
0.5852566361427307 0.29870012402534485 0.9926712512969971 -1 -1 -1 -1 -1 -1 -1 -1 -1
0.5806894302368164 0.22266848385334015 0.6993715763092041 -1 -1 -1 -1 -1 -1 -1 -1 -1
0.5946742296218872 0.23939509689807892 0.9930082559585571 -1 -1 -1 -1 -1 -1 -1 -1 -1
0.5809504985809326 0.20785868167877197 0.7247106432914734 -1 -1 -1 -1 -1 -1 -1 -1 -1
0.5990024209022522 0.2217482328414917 0.9888460040092468 -1 -1 -1 -1 -1 -1 -1 -1 -1
0.5802468061447144 0.2075066864490509 0.7298609614372253 -1 -1 -1 -1 -1 -1 -1 -1 -1
0.5955732464790344 0.21782776713371277 0.9860574007034302 -1 -1 -1 -1 -1 -1 -1 -1 -1
0.5801337361335754 0.2117190808057785 0.7344117760658264 -1 -1 -1 -1 -1 -1 -1 -1 -1
0.5932530164718628 0.22202077507972717 0.9751283526420593 -1 -1 -1 -1 -1 -1 -1 -1 -1
0.5446053147315979 0.5158819556236267 0.9994139671325684 -1 -1 -1 -1 -1 -1 -1 -1 -1
0.5474352240562439 0.5229173898696899 0.999614953994751 -1 -1 -1 -1 -1 -1 -1 -1 -1
0.5565458536148071 0.6116151213645935 0.2130367010831833 -1 -1 -1 -1 -1 -1 -1 -1 -1
0.5553654432296753 0.622697114944458 0.9787251353263855 -1 -1 -1 -1 -1 -1 -1 -1 -1
0.5570206046104431 0.7030481100082397 0.3778824508190155 -1 -1 -1 -1 -1 -1 -1 -1 -1
0.5581600666046143 0.7260454893112183 0.9855235815048218 -1 -1 -1 -1 -1 -1 -1 -1 -1
0.5510472655296326 0.7148613929748535 0.5498704314231873 -1 -1 -1 -1 -1 -1 -1 -1 -1
0.5453557968139648 0.7453998327255249 0.9844878315925598 -1 -1 -1 -1 -1 -1 -1 -1 -1
0.5733286142349243 0.7289247512817383 0.571391761302948 -1 -1 -1 -1 -1 -1 -1 -1 -1
0.5719916224479675 0.7578072547912598 0.9737191200256348 -1 -1 -1 -1 -1 -1 -1 -1 -1
1 
33 
-1 -1 -1 -1 -1 -1 -1 -1 -1 -1
0.573173999786377 0.3245573043823242 0.997840404510498 -1 -1 -1 -1 -1 -1 -1 -1 -1
0.5711826682090759 0.3175578713417053 0.9961685538291931 -1 -1 -1 -1 -1 -1 -1 -1 -1
0.5708150863647461 0.31774890422821045 0.9968523383140564 -1 -1 -1 -1 -1 -1 -1 -1 -1
0.5702189207077026 0.3178974390029907 0.996428906917572 -1 -1 -1 -1 -1 -1 -1 -1 -1
0.5710165500640869 0.3171399235725403 0.9964390397071838 -1 -1 -1 -1 -1 -1 -1 -1 -1
0.5705230236053467 0.31704390048980713 0.9967783093452454 -1 -1 -1 -1 -1 -1 -1 -1 -1
0.5698124170303345 0.31690794229507446 0.9957408905029297 -1 -1 -1 -1 -1 -1 -1 -1 -1
0.5617315769195557 0.3256140947341919 0.9962106943130493 -1 -1 -1 -1 -1 -1 -1 -1 -1
0.5614733099937439 0.3251584470272064 0.9976001381874084 -1 -1 -1 -1 -1 -1 -1 -1 -1
0.570686936378479 0.3327680230140686 0.9969183206558228 -1 -1 -1 -1 -1 -1 -1 -1 -1
0.5707147717475891 0.3329349756240845 0.9959166646003723 -1 -1 -1 -1 -1 -1 -1 -1 -1
0.5534318685531616 0.3596687316894531 0.998405396938324 -1 -1 -1 -1 -1 -1 -1 -1 -1
0.5572625398635864 0.358384370803833 0.9996121525764465 -1 -1 -1 -1 -1 -1 -1 -1 -1
0.5742805004119873 0.2958860695362091 0.1482134610414505 -1 -1 -1 -1 -1 -1 -1 -1 -1
0.5816958546638489 0.2958802580833435 0.981610894203186 -1 -1 -1 -1 -1 -1 -1 -1 -1
0.586540937423706 0.23265983164310455 0.2929117977619171 -1 -1 -1 -1 -1 -1 -1 -1 -1
0.5918390154838562 0.2377943992614746 0.9376661777496338 -1 -1 -1 -1 -1 -1 -1 -1 -1
0.587426483631134 0.21886704862117767 0.3701600134372711 -1 -1 -1 -1 -1 -1 -1 -1 -1
0.5955087542533875 0.22110548615455627 0.8964411616325378 -1 -1 -1 -1 -1 -1 -1 -1 -1
0.5860476493835449 0.2142963707447052 0.37497374415397644 -1 -1 -1 -1 -1 -1 -1 -1 -1
0.5928958058357239 0.2180597335100174 0.8708382248878479 -1 -1 -1 -1 -1 -1 -1 -1 -1
0.5862963795661926 0.2195250540971756 0.38485199213027954 -1 -1 -1 -1 -1 -1 -1 -1 -1
0.5907959938049316 0.2224304974079132 0.8125971555709839 -1 -1 -1 -1 -1 -1 -1 -1 -1
0.5518251657485962 0.48983556032180786 0.9991111159324646 -1 -1 -1 -1 -1 -1 -1 -1 -1
0.5482606291770935 0.5110284090042114 0.9991674423217773 -1 -1 -1 -1 -1 -1 -1 -1 -1
0.5661083459854126 0.43830063939094543 0.15870784223079681 -1 -1 -1 -1 -1 -1 -1 -1 -1
0.5579463839530945 0.613844633102417 0.9806037545204163 -1 -1 -1 -1 -1 -1 -1 -1 -1
0.5758119225502014 0.4654091000556946 0.3301541209220886 -1 -1 -1 -1 -1 -1 -1 -1 -1
0.5585473775863647 0.7138072848320007 0.9764189124107361 -1 -1 -1 -1 -1 -1 -1 -1 -1
0.5773196816444397 0.475027859210968 0.5711226463317871 -1 -1 -1 -1 -1 -1 -1 -1 -1
0.5570752024650574 0.7105805277824402 0.9830632209777832 -1 -1 -1 -1 -1 -1 -1 -1 -1
0.5814228653907776 0.44966229796409607 0.5474042892456055 -1 -1 -1 -1 -1 -1 -1 -1 -1
0.581334114074707 0.7138383984565735 0.9678552746772766 -1 -1 -1 -1 -1 -1 -1 -1 -1
1 
33 
-1 -1 -1 -1 -1 -1 -1 -1 -1 -1
0.5774335861206055 0.33049237728118896 0.9996916055679321 -1 -1 -1 -1 -1 -1 -1 -1 -1
0.5759008526802063 0.3251146376132965 0.9990554451942444 -1 -1 -1 -1 -1 -1 -1 -1 -1
0.5752759575843811 0.32499146461486816 0.9995288848876953 -1 -1 -1 -1 -1 -1 -1 -1 -1
0.5744051933288574 0.3247031569480896 0.9991337656974792 -1 -1 -1 -1 -1 -1 -1 -1 -1
0.5760987401008606 0.32547247409820557 0.9991838335990906 -1 -1 -1 -1 -1 -1 -1 -1 -1
0.5756393671035767 0.32557347416877747 0.9994625449180603 -1 -1 -1 -1 -1 -1 -1 -1 -1
0.5750041604042053 0.3254718780517578 0.9988833069801331 -1 -1 -1 -1 -1 -1 -1 -1 -1
0.5639103651046753 0.330230176448822 0.9993116855621338 -1 -1 -1 -1 -1 -1 -1 -1 -1
0.5679043531417847 0.3307226300239563 0.9995811581611633 -1 -1 -1 -1 -1 -1 -1 -1 -1
0.5742909908294678 0.33751654624938965 0.9990935325622559 -1 -1 -1 -1 -1 -1 -1 -1 -1
0.5750043392181396 0.33818358182907104 0.9988746047019958 -1 -1 -1 -1 -1 -1 -1 -1 -1
0.5503596663475037 0.36057049036026 0.9995653033256531 -1 -1 -1 -1 -1 -1 -1 -1 -1
0.5632349252700806 0.3621535301208496 0.9999181032180786 -1 -1 -1 -1 -1 -1 -1 -1 -1
0.57133948802948 0.2983996868133545 0.15960338711738586 -1 -1 -1 -1 -1 -1 -1 -1 -1
0.5863521099090576 0.30570971965789795 0.9914246797561646 -1 -1 -1 -1 -1 -1 -1 -1 -1
0.5811668038368225 0.23830589652061462 0.3598645329475403 -1 -1 -1 -1 -1 -1 -1 -1 -1
0.5985597968101501 0.25114813446998596 0.9672378301620483 -1 -1 -1 -1 -1 -1 -1 -1 -1
0.5798036456108093 0.22008296847343445 0.4367341101169586 -1 -1 -1 -1 -1 -1 -1 -1 -1
0.604559063911438 0.23580414056777954 0.9325855374336243 -1 -1 -1 -1 -1 -1 -1 -1 -1
0.5817301869392395 0.21963399648666382 0.4344874620437622 -1 -1 -1 -1 -1 -1 -1 -1 -1
0.6004300117492676 0.23118340969085693 0.9146966338157654 -1 -1 -1 -1 -1 -1 -1 -1 -1
0.5827804803848267 0.22513338923454285 0.43209847807884216 -1 -1 -1 -1 -1 -1 -1 -1 -1
0.5974618196487427 0.2353593409061432 0.8830764293670654 -1 -1 -1 -1 -1 -1 -1 -1 -1
0.5455256104469299 0.5068429112434387 0.9998443126678467 -1 -1 -1 -1 -1 -1 -1 -1 -1
0.5464346408843994 0.5151211023330688 0.9998855590820312 -1 -1 -1 -1 -1 -1 -1 -1 -1
0.5631328821182251 0.4107448160648346 0.5100705027580261 -1 -1 -1 -1 -1 -1 -1 -1 -1
0.5606457591056824 0.6125295162200928 0.9938779473304749 -1 -1 -1 -1 -1 -1 -1 -1 -1
0.5784236788749695 0.4104992151260376 0.853813648223877 -1 -1 -1 -1 -1 -1 -1 -1 -1
0.5558364391326904 0.7106250524520874 0.9912609457969666 -1 -1 -1 -1 -1 -1 -1 -1 -1
0.5827908515930176 0.4172710180282593 0.9213424324989319 -1 -1 -1 -1 -1 -1 -1 -1 -1
0.5457028746604919 0.7263538241386414 0.9936978220939636 -1 -1 -1 -1 -1 -1 -1 -1 -1
0.5782362222671509 0.379101037979126 0.9296812415122986 -1 -1 -1 -1 -1 -1 -1 -1 -1
0.5729378461837769 0.7471081018447876 0.9907909631729126 -1 -1 -1 -1 -1 -1 -1 -1 -1
1 
33 
-1 -1 -1 -1 -1 -1 -1 -1 -1 -1
0.5628317594528198 0.3284503221511841 0.9999624490737915 -1 -1 -1 -1 -1 -1 -1 -1 -1
0.5591239929199219 0.32422390580177307 0.9999769926071167 -1 -1 -1 -1 -1 -1 -1 -1 -1
0.5584593415260315 0.3242397904396057 0.9999589920043945 -1 -1 -1 -1 -1 -1 -1 -1 -1
0.5578054785728455 0.3242682218551636 0.9999781847000122 -1 -1 -1 -1 -1 -1 -1 -1 -1
0.5591057538986206 0.32520240545272827 0.9999840259552002 -1 -1 -1 -1 -1 -1 -1 -1 -1
0.5583689212799072 0.3258605897426605 0.9999779462814331 -1 -1 -1 -1 -1 -1 -1 -1 -1
0.5576519966125488 0.3264928460121155 0.9999855756759644 -1 -1 -1 -1 -1 -1 -1 -1 -1
0.5517138838768005 0.3294011354446411 0.9999774694442749 -1 -1 -1 -1 -1 -1 -1 -1 -1
0.5513762831687927 0.33305123448371887 0.9999897480010986 -1 -1 -1 -1 -1 -1 -1 -1 -1
0.5614261031150818 0.33517885208129883 0.9999086856842041 -1 -1 -1 -1 -1 -1 -1 -1 -1
0.5614991784095764 0.3360089361667633 0.9998898506164551 -1 -1 -1 -1 -1 -1 -1 -1 -1
0.5500889420509338 0.3604776859283447 0.9996234178543091 -1 -1 -1 -1 -1 -1 -1 -1 -1
0.549177348613739 0.36232033371925354 0.9997109770774841 -1 -1 -1 -1 -1 -1 -1 -1 -1
0.5645666718482971 0.3250042200088501 0.05761660635471344 -1 -1 -1 -1 -1 -1 -1 -1 -1
0.5797604322433472 0.32967206835746765 0.9588655233383179 -1 -1 -1 -1 -1 -1 -1 -1 -1
0.5730172991752625 0.26040875911712646 0.2659427523612976 -1 -1 -1 -1 -1 -1 -1 -1 -1
0.5986462235450745 0.2638840079307556 0.981631338596344 -1 -1 -1 -1 -1 -1 -1 -1 -1
0.5754872560501099 0.2441801130771637 0.3641865849494934 -1 -1 -1 -1 -1 -1 -1 -1 -1
0.6029852628707886 0.24748589098453522 0.9694021344184875 -1 -1 -1 -1 -1 -1 -1 -1 -1
0.5759593844413757 0.24234502017498016 0.3533860146999359 -1 -1 -1 -1 -1 -1 -1 -1 -1
0.5996618866920471 0.24481534957885742 0.9633870720863342 -1 -1 -1 -1 -1 -1 -1 -1 -1
0.5759079456329346 0.24859783053398132 0.389852911233902 -1 -1 -1 -1 -1 -1 -1 -1 -1
0.5957236886024475 0.25029826164245605 0.938401997089386 -1 -1 -1 -1 -1 -1 -1 -1 -1
0.5608795881271362 0.4827282130718231 0.9999903440475464 -1 -1 -1 -1 -1 -1 -1 -1 -1
0.5587019324302673 0.4692346155643463 0.9998691082000732 -1 -1 -1 -1 -1 -1 -1 -1 -1
0.5660320520401001 0.590712308883667 0.9759470224380493 -1 -1 -1 -1 -1 -1 -1 -1 -1
0.5755177140235901 0.44839993119239807 0.9475851058959961 -1 -1 -1 -1 -1 -1 -1 -1 -1
0.5702375769615173 0.642082154750824 0.9879820942878723 -1 -1 -1 -1 -1 -1 -1 -1 -1
0.5876197218894958 0.4396505057811737 0.9848664402961731 -1 -1 -1 -1 -1 -1 -1 -1 -1
0.5670574903488159 0.6499001979827881 0.990678608417511 -1 -1 -1 -1 -1 -1 -1 -1 -1
0.5892630219459534 0.4416744112968445 0.9674734473228455 -1 -1 -1 -1 -1 -1 -1 -1 -1
0.5764580965042114 0.662803053855896 0.9830301403999329 -1 -1 -1 -1 -1 -1 -1 -1 -1
0.5914211273193359 0.4231133759021759 0.9816185832023621 -1 -1 -1 -1 -1 -1 -1 -1 -1
1 
33 
-1 -1 -1 -1 -1 -1 -1 -1 -1 -1
0.5041413903236389 0.4517866373062134 0.9759374856948853 -1 -1 -1 -1 -1 -1 -1 -1 -1
0.5028558373451233 0.4440775215625763 0.9800137281417847 -1 -1 -1 -1 -1 -1 -1 -1 -1
0.5033466815948486 0.44129645824432373 0.9785066246986389 -1 -1 -1 -1 -1 -1 -1 -1 -1
0.5038522481918335 0.4385523200035095 0.9839193224906921 -1 -1 -1 -1 -1 -1 -1 -1 -1
0.5020001530647278 0.45065033435821533 0.97775799036026 -1 -1 -1 -1 -1 -1 -1 -1 -1
0.5018640756607056 0.45304882526397705 0.9713625311851501 -1 -1 -1 -1 -1 -1 -1 -1 -1
0.5017699003219604 0.45539590716362 0.9801360368728638 -1 -1 -1 -1 -1 -1 -1 -1 -1
0.5080176591873169 0.43648117780685425 0.9703919887542725 -1 -1 -1 -1 -1 -1 -1 -1 -1
0.5058174729347229 0.4595315158367157 0.9545217156410217 -1 -1 -1 -1 -1 -1 -1 -1 -1
0.5090150237083435 0.45083606243133545 0.969180703163147 -1 -1 -1 -1 -1 -1 -1 -1 -1
0.5077690482139587 0.4598090648651123 0.9805610775947571 -1 -1 -1 -1 -1 -1 -1 -1 -1
0.523648738861084 0.43912428617477417 0.9996448755264282 -1 -1 -1 -1 -1 -1 -1 -1 -1
0.5228673219680786 0.48774462938308716 0.9997671246528625 -1 -1 -1 -1 -1 -1 -1 -1 -1
0.5562633275985718 0.39748910069465637 0.09152790904045105 -1 -1 -1 -1 -1 -1 -1 -1 -1
0.5572469830513 0.49491745233535767 0.023453781381249428 -1 -1 -1 -1 -1 -1 -1 -1 -1
0.5650531053543091 0.3320690393447876 0.19956645369529724 -1 -1 -1 -1 -1 -1 -1 -1 -1
0.571464478969574 0.4783415198326111 0.08713734894990921 -1 -1 -1 -1 -1 -1 -1 -1 -1
0.5651447176933289 0.31575456261634827 0.25461798906326294 -1 -1 -1 -1 -1 -1 -1 -1 -1
0.5743879079818726 0.47290870547294617 0.13747093081474304 -1 -1 -1 -1 -1 -1 -1 -1 -1
0.5651252269744873 0.3109743595123291 0.24793359637260437 -1 -1 -1 -1 -1 -1 -1 -1 -1
0.5721226930618286 0.47296446561813354 0.12869389355182648 -1 -1 -1 -1 -1 -1 -1 -1 -1
0.5658207535743713 0.3189404606819153 0.23496674001216888 -1 -1 -1 -1 -1 -1 -1 -1 -1
0.5713559985160828 0.4742182493209839 0.15421414375305176 -1 -1 -1 -1 -1 -1 -1 -1 -1
0.5628687143325806 0.4481121301651001 0.999992847442627 -1 -1 -1 -1 -1 -1 -1 -1 -1
0.564529299736023 0.47006022930145264 0.9999897480010986 -1 -1 -1 -1 -1 -1 -1 -1 -1
0.5466142892837524 0.37745237350463867 0.9430225491523743 -1 -1 -1 -1 -1 -1 -1 -1 -1
0.5624474287033081 0.4215123951435089 0.6275060772895813 -1 -1 -1 -1 -1 -1 -1 -1 -1
0.5823004245758057 0.30557119846343994 0.9804251790046692 -1 -1 -1 -1 -1 -1 -1 -1 -1
0.582550048828125 0.3914640247821808 0.8906172513961792 -1 -1 -1 -1 -1 -1 -1 -1 -1
0.5870740413665771 0.30092406272888184 0.968151330947876 -1 -1 -1 -1 -1 -1 -1 -1 -1
0.5849504470825195 0.38818299770355225 0.8461353778839111 -1 -1 -1 -1 -1 -1 -1 -1 -1
0.5959147214889526 0.27511993050575256 0.9765729308128357 -1 -1 -1 -1 -1 -1 -1 -1 -1
0.5916872620582581 0.37576013803482056 0.857215940952301 -1 -1 -1 -1 -1 -1 -1 -1 -1
1 
33 
-1 -1 -1 -1 -1 -1 -1 -1 -1 -1
0.5436835289001465 0.37129342555999756 0.9738116264343262 -1 -1 -1 -1 -1 -1 -1 -1 -1
0.5470521450042725 0.36605405807495117 0.9824902415275574 -1 -1 -1 -1 -1 -1 -1 -1 -1
0.5481982231140137 0.36533963680267334 0.9800012707710266 -1 -1 -1 -1 -1 -1 -1 -1 -1
0.5493535399436951 0.3646259605884552 0.9779520034790039 -1 -1 -1 -1 -1 -1 -1 -1 -1
0.5443006157875061 0.3690829277038574 0.9838703870773315 -1 -1 -1 -1 -1 -1 -1 -1 -1
0.5434895753860474 0.37050262093544006 0.9839932918548584 -1 -1 -1 -1 -1 -1 -1 -1 -1
0.5427364110946655 0.371931254863739 0.9803574681282043 -1 -1 -1 -1 -1 -1 -1 -1 -1
0.5524703860282898 0.3710556924343109 0.9877238273620605 -1 -1 -1 -1 -1 -1 -1 -1 -1
0.5433889627456665 0.3826439082622528 0.9817054271697998 -1 -1 -1 -1 -1 -1 -1 -1 -1
0.5459347367286682 0.37932226061820984 0.9974470138549805 -1 -1 -1 -1 -1 -1 -1 -1 -1
0.5423450469970703 0.3828018307685852 0.9977579712867737 -1 -1 -1 -1 -1 -1 -1 -1 -1
0.5583589673042297 0.38508617877960205 0.9998993873596191 -1 -1 -1 -1 -1 -1 -1 -1 -1
0.5412009358406067 0.43204665184020996 0.9999637603759766 -1 -1 -1 -1 -1 -1 -1 -1 -1
0.5850375890731812 0.34863805770874023 0.03716006502509117 -1 -1 -1 -1 -1 -1 -1 -1 -1
0.5536147356033325 0.44419482350349426 0.005262728780508041 -1 -1 -1 -1 -1 -1 -1 -1 -1
0.5927400588989258 0.3158490061759949 0.03873799741268158 -1 -1 -1 -1 -1 -1 -1 -1 -1
0.5468729734420776 0.43678632378578186 0.023714998736977577 -1 -1 -1 -1 -1 -1 -1 -1 -1
0.5928646922111511 0.3069700598716736 0.0626746267080307 -1 -1 -1 -1 -1 -1 -1 -1 -1
0.5458947420120239 0.4338139295578003 0.06054498255252838 -1 -1 -1 -1 -1 -1 -1 -1 -1
0.5928332805633545 0.30816885828971863 0.05623825639486313 -1 -1 -1 -1 -1 -1 -1 -1 -1
0.544826328754425 0.4325627386569977 0.04974750056862831 -1 -1 -1 -1 -1 -1 -1 -1 -1
0.5921895503997803 0.3135203421115875 0.051561757922172546 -1 -1 -1 -1 -1 -1 -1 -1 -1
0.5453145503997803 0.43319153785705566 0.05222908779978752 -1 -1 -1 -1 -1 -1 -1 -1 -1
0.5865967869758606 0.41716575622558594 0.9998142123222351 -1 -1 -1 -1 -1 -1 -1 -1 -1
0.5791290998458862 0.4511840045452118 0.9999581575393677 -1 -1 -1 -1 -1 -1 -1 -1 -1
0.5511574149131775 0.3556446433067322 0.9735825061798096 -1 -1 -1 -1 -1 -1 -1 -1 -1
0.5417333245277405 0.48785364627838135 0.8129231929779053 -1 -1 -1 -1 -1 -1 -1 -1 -1
0.5737955570220947 0.3881918489933014 0.8437454700469971 -1 -1 -1 -1 -1 -1 -1 -1 -1
0.5732648968696594 0.5647183656692505 0.8535051345825195 -1 -1 -1 -1 -1 -1 -1 -1 -1
0.5830467343330383 0.4007636606693268 0.9614992737770081 -1 -1 -1 -1 -1 -1 -1 -1 -1
0.5859394073486328 0.5713469982147217 0.9658622145652771 -1 -1 -1 -1 -1 -1 -1 -1 -1
0.5664300322532654 0.39006656408309937 0.9130341410636902 -1 -1 -1 -1 -1 -1 -1 -1 -1
0.5667441487312317 0.6006301045417786 0.8990088105201721 -1 -1 -1 -1 -1 -1 -1 -1 -1
1 
33 
-1 -1 -1 -1 -1 -1 -1 -1 -1 -1
0.5483865737915039 0.38833189010620117 0.9376714825630188 -1 -1 -1 -1 -1 -1 -1 -1 -1
0.5481854677200317 0.38110166788101196 0.9581460356712341 -1 -1 -1 -1 -1 -1 -1 -1 -1
0.5482093691825867 0.3792991042137146 0.9379662275314331 -1 -1 -1 -1 -1 -1 -1 -1 -1
0.5482545495033264 0.3775244951248169 0.9462137818336487 -1 -1 -1 -1 -1 -1 -1 -1 -1
0.5483230352401733 0.38559389114379883 0.9667834639549255 -1 -1 -1 -1 -1 -1 -1 -1 -1
0.5483343601226807 0.38714367151260376 0.9535964727401733 -1 -1 -1 -1 -1 -1 -1 -1 -1
0.5483872294425964 0.3886164128780365 0.9623829126358032 -1 -1 -1 -1 -1 -1 -1 -1 -1
0.5490236282348633 0.37587159872055054 0.9548758268356323 -1 -1 -1 -1 -1 -1 -1 -1 -1
0.5490618944168091 0.39181965589523315 0.9680981040000916 -1 -1 -1 -1 -1 -1 -1 -1 -1
0.5492087602615356 0.39003774523735046 0.9786873459815979 -1 -1 -1 -1 -1 -1 -1 -1 -1
0.5487644672393799 0.39556458592414856 0.9881443977355957 -1 -1 -1 -1 -1 -1 -1 -1 -1
0.5464567542076111 0.38745400309562683 0.9998666048049927 -1 -1 -1 -1 -1 -1 -1 -1 -1
0.5544289946556091 0.416189044713974 0.9997230172157288 -1 -1 -1 -1 -1 -1 -1 -1 -1
0.569929301738739 0.3937935531139374 0.13684500753879547 -1 -1 -1 -1 -1 -1 -1 -1 -1
0.5720824599266052 0.4455089271068573 0.013504017144441605 -1 -1 -1 -1 -1 -1 -1 -1 -1
0.5707759261131287 0.38563355803489685 0.10567673295736313 -1 -1 -1 -1 -1 -1 -1 -1 -1
0.5711405277252197 0.4592863619327545 0.05325188860297203 -1 -1 -1 -1 -1 -1 -1 -1 -1
0.5713920593261719 0.38415801525115967 0.1563660055398941 -1 -1 -1 -1 -1 -1 -1 -1 -1
0.5731499791145325 0.4647986888885498 0.09335368126630783 -1 -1 -1 -1 -1 -1 -1 -1 -1
0.569010317325592 0.38614869117736816 0.140194371342659 -1 -1 -1 -1 -1 -1 -1 -1 -1
0.5700739026069641 0.4609799385070801 0.08395356684923172 -1 -1 -1 -1 -1 -1 -1 -1 -1
0.5693164467811584 0.3878347873687744 0.1297556608915329 -1 -1 -1 -1 -1 -1 -1 -1 -1
0.5693120360374451 0.45921650528907776 0.08088178187608719 -1 -1 -1 -1 -1 -1 -1 -1 -1
0.5860909223556519 0.43383896350860596 0.9999295473098755 -1 -1 -1 -1 -1 -1 -1 -1 -1
0.5917720198631287 0.45287182927131653 0.9999580383300781 -1 -1 -1 -1 -1 -1 -1 -1 -1
0.5467356443405151 0.4322632849216461 0.9564027190208435 -1 -1 -1 -1 -1 -1 -1 -1 -1
0.5643834471702576 0.4976571500301361 0.4852088987827301 -1 -1 -1 -1 -1 -1 -1 -1 -1
0.5792301893234253 0.48965245485305786 0.8781356811523438 -1 -1 -1 -1 -1 -1 -1 -1 -1
0.5738133788108826 0.5938727259635925 0.6740532517433167 -1 -1 -1 -1 -1 -1 -1 -1 -1
0.5899552702903748 0.500144362449646 0.9125564098358154 -1 -1 -1 -1 -1 -1 -1 -1 -1
0.5797845721244812 0.626338541507721 0.8267200589179993 -1 -1 -1 -1 -1 -1 -1 -1 -1
0.5757400393486023 0.507157564163208 0.8471916317939758 -1 -1 -1 -1 -1 -1 -1 -1 -1
0.5602163076400757 0.6331038475036621 0.7001218199729919 -1 -1 -1 -1 -1 -1 -1 -1 -1
1 
33 
-1 -1 -1 -1 -1 -1 -1 -1 -1 -1
0.540773868560791 0.40323686599731445 0.9990847110748291 -1 -1 -1 -1 -1 -1 -1 -1 -1
0.540642499923706 0.3957549035549164 0.9990702271461487 -1 -1 -1 -1 -1 -1 -1 -1 -1
0.5413879752159119 0.394393652677536 0.9985219836235046 -1 -1 -1 -1 -1 -1 -1 -1 -1
0.5421532988548279 0.39302292466163635 0.998884379863739 -1 -1 -1 -1 -1 -1 -1 -1 -1
0.5382320880889893 0.3996025621891022 0.9994624257087708 -1 -1 -1 -1 -1 -1 -1 -1 -1
0.5372504591941833 0.40107184648513794 0.9993452429771423 -1 -1 -1 -1 -1 -1 -1 -1 -1
0.5362765789031982 0.4025319218635559 0.9994951486587524 -1 -1 -1 -1 -1 -1 -1 -1 -1
0.542578399181366 0.39459228515625 0.9977926015853882 -1 -1 -1 -1 -1 -1 -1 -1 -1
0.5346059799194336 0.40715718269348145 0.9993045330047607 -1 -1 -1 -1 -1 -1 -1 -1 -1
0.5427024364471436 0.4080795645713806 0.9966745376586914 -1 -1 -1 -1 -1 -1 -1 -1 -1
0.5396096706390381 0.41258102655410767 0.998336911201477 -1 -1 -1 -1 -1 -1 -1 -1 -1
0.546735942363739 0.41366544365882874 0.9918592572212219 -1 -1 -1 -1 -1 -1 -1 -1 -1
0.533993661403656 0.43657350540161133 0.9985108971595764 -1 -1 -1 -1 -1 -1 -1 -1 -1
0.5352753400802612 0.4229242503643036 0.7407152056694031 -1 -1 -1 -1 -1 -1 -1 -1 -1
0.5176922678947449 0.46056675910949707 0.802493691444397 -1 -1 -1 -1 -1 -1 -1 -1 -1
0.5183891654014587 0.4361027479171753 0.41846975684165955 -1 -1 -1 -1 -1 -1 -1 -1 -1
0.4947124123573303 0.4603782296180725 0.6326494812965393 -1 -1 -1 -1 -1 -1 -1 -1 -1
0.5163118839263916 0.4411414861679077 0.35015544295310974 -1 -1 -1 -1 -1 -1 -1 -1 -1
0.4898218512535095 0.4573855698108673 0.5337355136871338 -1 -1 -1 -1 -1 -1 -1 -1 -1
0.5137931108474731 0.44045889377593994 0.3628040850162506 -1 -1 -1 -1 -1 -1 -1 -1 -1
0.489254891872406 0.4586586654186249 0.5355488657951355 -1 -1 -1 -1 -1 -1 -1 -1 -1
0.5142183303833008 0.43843644857406616 0.29826620221138 -1 -1 -1 -1 -1 -1 -1 -1 -1
0.4909818172454834 0.4606514573097229 0.5026716589927673 -1 -1 -1 -1 -1 -1 -1 -1 -1
0.5835879445075989 0.43101879954338074 0.9986364245414734 -1 -1 -1 -1 -1 -1 -1 -1 -1
0.5788707137107849 0.44347119331359863 0.9996240139007568 -1 -1 -1 -1 -1 -1 -1 -1 -1
0.571827232837677 0.4496154189109802 0.7706817984580994 -1 -1 -1 -1 -1 -1 -1 -1 -1
0.571855902671814 0.47639232873916626 0.8118686079978943 -1 -1 -1 -1 -1 -1 -1 -1 -1
0.570724368095398 0.497592031955719 0.8804338574409485 -1 -1 -1 -1 -1 -1 -1 -1 -1
0.5881593227386475 0.5399184226989746 0.8229332566261292 -1 -1 -1 -1 -1 -1 -1 -1 -1
0.5720854997634888 0.5035802721977234 0.7985571622848511 -1 -1 -1 -1 -1 -1 -1 -1 -1
0.591209888458252 0.5468820929527283 0.8023423552513123 -1 -1 -1 -1 -1 -1 -1 -1 -1
0.5627433061599731 0.5164843797683716 0.8371639251708984 -1 -1 -1 -1 -1 -1 -1 -1 -1
0.5893456339836121 0.5699197053909302 0.7745060920715332 -1 -1 -1 -1 -1 -1 -1 -1 -1
1 
33 
-1 -1 -1 -1 -1 -1 -1 -1 -1 -1
0.5557529926300049 0.42771533131599426 0.6657551527023315 -1 -1 -1 -1 -1 -1 -1 -1 -1
0.5599161982536316 0.42099761962890625 0.7421954870223999 -1 -1 -1 -1 -1 -1 -1 -1 -1
0.5602017641067505 0.4201909303665161 0.7495448589324951 -1 -1 -1 -1 -1 -1 -1 -1 -1
0.5605252981185913 0.4193924069404602 0.7491117715835571 -1 -1 -1 -1 -1 -1 -1 -1 -1
0.5602432489395142 0.4223453104496002 0.6435339450836182 -1 -1 -1 -1 -1 -1 -1 -1 -1
0.5606824159622192 0.4223182499408722 0.6414070725440979 -1 -1 -1 -1 -1 -1 -1 -1 -1
0.5611509084701538 0.4222721457481384 0.6966433525085449 -1 -1 -1 -1 -1 -1 -1 -1 -1
0.5626535415649414 0.4170010983943939 0.8193795084953308 -1 -1 -1 -1 -1 -1 -1 -1 -1
0.5632781386375427 0.42161720991134644 0.6867391467094421 -1 -1 -1 -1 -1 -1 -1 -1 -1
0.5545914769172668 0.43222835659980774 0.778091549873352 -1 -1 -1 -1 -1 -1 -1 -1 -1
0.5547736883163452 0.4322756230831146 0.7919967174530029 -1 -1 -1 -1 -1 -1 -1 -1 -1
0.5530890226364136 0.4265483021736145 0.998826801776886 -1 -1 -1 -1 -1 -1 -1 -1 -1
0.5587496757507324 0.4460311233997345 0.9859522581100464 -1 -1 -1 -1 -1 -1 -1 -1 -1
0.535971999168396 0.4716332256793976 0.36455628275871277 -1 -1 -1 -1 -1 -1 -1 -1 -1
0.5465238690376282 0.48389732837677 0.00446386868134141 -1 -1 -1 -1 -1 -1 -1 -1 -1
0.5194904208183289 0.478929728269577 0.26256123185157776 -1 -1 -1 -1 -1 -1 -1 -1 -1
0.5231370329856873 0.4977741241455078 0.03191390633583069 -1 -1 -1 -1 -1 -1 -1 -1 -1
0.5164943933486938 0.4830261766910553 0.35568666458129883 -1 -1 -1 -1 -1 -1 -1 -1 -1
0.5198840498924255 0.5022963285446167 0.053395263850688934 -1 -1 -1 -1 -1 -1 -1 -1 -1
0.5147826075553894 0.480453759431839 0.3355807363986969 -1 -1 -1 -1 -1 -1 -1 -1 -1
0.5164865255355835 0.502037763595581 0.05522015690803528 -1 -1 -1 -1 -1 -1 -1 -1 -1
0.5160233378410339 0.4790632426738739 0.286159873008728 -1 -1 -1 -1 -1 -1 -1 -1 -1
0.5167518854141235 0.501045823097229 0.05276289954781532 -1 -1 -1 -1 -1 -1 -1 -1 -1
0.5963496565818787 0.4783051908016205 0.9995881915092468 -1 -1 -1 -1 -1 -1 -1 -1 -1
0.6025307178497314 0.49523118138313293 0.9997244477272034 -1 -1 -1 -1 -1 -1 -1 -1 -1
0.5607746839523315 0.5284057259559631 0.9684585928916931 -1 -1 -1 -1 -1 -1 -1 -1 -1
0.5691947937011719 0.5635398030281067 0.4776081442832947 -1 -1 -1 -1 -1 -1 -1 -1 -1
0.552233099937439 0.6105006337165833 0.9219087362289429 -1 -1 -1 -1 -1 -1 -1 -1 -1
0.5566827058792114 0.6534204483032227 0.37044817209243774 -1 -1 -1 -1 -1 -1 -1 -1 -1
0.5646517872810364 0.6320717930793762 0.908187747001648 -1 -1 -1 -1 -1 -1 -1 -1 -1
0.5600472092628479 0.6692429780960083 0.5110690593719482 -1 -1 -1 -1 -1 -1 -1 -1 -1
0.5447022318840027 0.6348525285720825 0.9021230936050415 -1 -1 -1 -1 -1 -1 -1 -1 -1
0.5373491644859314 0.6660171747207642 0.4974662959575653 -1 -1 -1 -1 -1 -1 -1 -1 -1
1 
33 
-1 -1 -1 -1 -1 -1 -1 -1 -1 -1
0.5539352893829346 0.4132063686847687 0.9988555908203125 -1 -1 -1 -1 -1 -1 -1 -1 -1
0.5530807375907898 0.4080422818660736 0.9989456534385681 -1 -1 -1 -1 -1 -1 -1 -1 -1
0.5535295009613037 0.40844324231147766 0.9984661340713501 -1 -1 -1 -1 -1 -1 -1 -1 -1
0.5540005564689636 0.40889060497283936 0.9991300702095032 -1 -1 -1 -1 -1 -1 -1 -1 -1
0.5514570474624634 0.4075428247451782 0.9990895986557007 -1 -1 -1 -1 -1 -1 -1 -1 -1
0.5505818128585815 0.4075457751750946 0.9988021850585938 -1 -1 -1 -1 -1 -1 -1 -1 -1
0.5496972799301147 0.40757226943969727 0.9991254210472107 -1 -1 -1 -1 -1 -1 -1 -1 -1
0.5530878305435181 0.4154244661331177 0.9988062381744385 -1 -1 -1 -1 -1 -1 -1 -1 -1
0.5469784736633301 0.4139293134212494 0.9986717700958252 -1 -1 -1 -1 -1 -1 -1 -1 -1
0.5550667643547058 0.4227333664894104 0.9983612895011902 -1 -1 -1 -1 -1 -1 -1 -1 -1
0.5528967380523682 0.42212551832199097 0.9981484413146973 -1 -1 -1 -1 -1 -1 -1 -1 -1
0.5689985156059265 0.46095722913742065 0.997128427028656 -1 -1 -1 -1 -1 -1 -1 -1 -1
0.5355818867683411 0.45137032866477966 0.9963996410369873 -1 -1 -1 -1 -1 -1 -1 -1 -1
0.5805597901344299 0.4871869683265686 0.1978164166212082 -1 -1 -1 -1 -1 -1 -1 -1 -1
0.5392462611198425 0.46365249156951904 0.7750853896141052 -1 -1 -1 -1 -1 -1 -1 -1 -1
0.5889794826507568 0.47099822759628296 0.42197757959365845 -1 -1 -1 -1 -1 -1 -1 -1 -1
0.5387060046195984 0.4344065189361572 0.7914320230484009 -1 -1 -1 -1 -1 -1 -1 -1 -1
0.5913382172584534 0.47064435482025146 0.44371116161346436 -1 -1 -1 -1 -1 -1 -1 -1 -1
0.536295473575592 0.43006277084350586 0.773344874382019 -1 -1 -1 -1 -1 -1 -1 -1 -1
0.5905663371086121 0.46558016538619995 0.4483068287372589 -1 -1 -1 -1 -1 -1 -1 -1 -1
0.5371565222740173 0.4291151762008667 0.7772971391677856 -1 -1 -1 -1 -1 -1 -1 -1 -1
0.5889241695404053 0.46603018045425415 0.42407163977622986 -1 -1 -1 -1 -1 -1 -1 -1 -1
0.5387858152389526 0.43138957023620605 0.753181517124176 -1 -1 -1 -1 -1 -1 -1 -1 -1
0.5612252354621887 0.5937151312828064 0.9997290968894958 -1 -1 -1 -1 -1 -1 -1 -1 -1
0.5359779596328735 0.5875460505485535 0.999742329120636 -1 -1 -1 -1 -1 -1 -1 -1 -1
0.5931346416473389 0.6494574546813965 0.9273535013198853 -1 -1 -1 -1 -1 -1 -1 -1 -1
0.5590540766716003 0.5901822447776794 0.980195164680481 -1 -1 -1 -1 -1 -1 -1 -1 -1
0.5551980137825012 0.7330775260925293 0.9517990946769714 -1 -1 -1 -1 -1 -1 -1 -1 -1
0.561420738697052 0.697979211807251 0.9850363731384277 -1 -1 -1 -1 -1 -1 -1 -1 -1
0.5468567609786987 0.7409384250640869 0.947746753692627 -1 -1 -1 -1 -1 -1 -1 -1 -1
0.5601129531860352 0.7045691609382629 0.9701135754585266 -1 -1 -1 -1 -1 -1 -1 -1 -1
0.5543264746665955 0.7740906476974487 0.952110230922699 -1 -1 -1 -1 -1 -1 -1 -1 -1
0.5653225183486938 0.7537470459938049 0.9804392457008362 -1 -1 -1 -1 -1 -1 -1 -1 -1
1 
33 
-1 -1 -1 -1 -1 -1 -1 -1 -1 -1
0.582154393196106 0.5335961580276489 0.774230420589447 -1 -1 -1 -1 -1 -1 -1 -1 -1
0.5818544030189514 0.5279117226600647 0.7056313157081604 -1 -1 -1 -1 -1 -1 -1 -1 -1
0.5812442898750305 0.5268166065216064 0.7031486630439758 -1 -1 -1 -1 -1 -1 -1 -1 -1
0.5806138515472412 0.5258191823959351 0.7673102021217346 -1 -1 -1 -1 -1 -1 -1 -1 -1
0.5823600888252258 0.5294409990310669 0.795332133769989 -1 -1 -1 -1 -1 -1 -1 -1 -1
0.5820801258087158 0.5293790102005005 0.813957929611206 -1 -1 -1 -1 -1 -1 -1 -1 -1
0.581823468208313 0.5293081998825073 0.8448016047477722 -1 -1 -1 -1 -1 -1 -1 -1 -1
0.5751869082450867 0.5225114822387695 0.5857607126235962 -1 -1 -1 -1 -1 -1 -1 -1 -1
0.5765691995620728 0.5280018448829651 0.7943816781044006 -1 -1 -1 -1 -1 -1 -1 -1 -1
0.5783164501190186 0.536916196346283 0.623519241809845 -1 -1 -1 -1 -1 -1 -1 -1 -1
0.5790707468986511 0.538336992263794 0.6402378082275391 -1 -1 -1 -1 -1 -1 -1 -1 -1
0.5578664541244507 0.5386593341827393 0.9860219955444336 -1 -1 -1 -1 -1 -1 -1 -1 -1
0.56456458568573 0.5509357452392578 0.9993645548820496 -1 -1 -1 -1 -1 -1 -1 -1 -1
0.5528689026832581 0.5558875799179077 0.03431497886776924 -1 -1 -1 -1 -1 -1 -1 -1 -1
0.5663122534751892 0.6254525780677795 0.7031736969947815 -1 -1 -1 -1 -1 -1 -1 -1 -1
0.5476127862930298 0.5600931644439697 0.06456166505813599 -1 -1 -1 -1 -1 -1 -1 -1 -1
0.5797642469406128 0.6680209636688232 0.5274210572242737 -1 -1 -1 -1 -1 -1 -1 -1 -1
0.5424659848213196 0.5642887949943542 0.07528788596391678 -1 -1 -1 -1 -1 -1 -1 -1 -1
0.5820891261100769 0.6825751066207886 0.48650842905044556 -1 -1 -1 -1 -1 -1 -1 -1 -1
0.5477356910705566 0.5586144328117371 0.07693608850240707 -1 -1 -1 -1 -1 -1 -1 -1 -1
0.583356499671936 0.6795750260353088 0.46356073021888733 -1 -1 -1 -1 -1 -1 -1 -1 -1
0.5502281785011292 0.557364821434021 0.07032694667577744 -1 -1 -1 -1 -1 -1 -1 -1 -1
0.5818015336990356 0.674085259437561 0.3726835548877716 -1 -1 -1 -1 -1 -1 -1 -1 -1
0.5425698161125183 0.6856328248977661 0.9998117089271545 -1 -1 -1 -1 -1 -1 -1 -1 -1
0.5423171520233154 0.6662453413009644 0.9998936653137207 -1 -1 -1 -1 -1 -1 -1 -1 -1
0.5700212121009827 0.709308922290802 0.43094268441200256 -1 -1 -1 -1 -1 -1 -1 -1 -1
0.5594026446342468 0.6042381525039673 0.9496074318885803 -1 -1 -1 -1 -1 -1 -1 -1 -1
0.5530717968940735 0.7730686664581299 0.8393718004226685 -1 -1 -1 -1 -1 -1 -1 -1 -1
0.5624303221702576 0.6994320750236511 0.9116241931915283 -1 -1 -1 -1 -1 -1 -1 -1 -1
0.5428694486618042 0.7854235172271729 0.8585838675498962 -1 -1 -1 -1 -1 -1 -1 -1 -1
0.5562041401863098 0.7109209895133972 0.8373075127601624 -1 -1 -1 -1 -1 -1 -1 -1 -1
0.5598649382591248 0.8050984144210815 0.9056840538978577 -1 -1 -1 -1 -1 -1 -1 -1 -1
0.5772151350975037 0.7280766367912292 0.9411570429801941 -1 -1 -1 -1 -1 -1 -1 -1 -1
1 
33 
-1 -1 -1 -1 -1 -1 -1 -1 -1 -1
0.6053411960601807 0.593414306640625 0.9026255011558533 -1 -1 -1 -1 -1 -1 -1 -1 -1
0.6038902401924133 0.5839484333992004 0.9048728346824646 -1 -1 -1 -1 -1 -1 -1 -1 -1
0.6027056574821472 0.5827136039733887 0.8987143635749817 -1 -1 -1 -1 -1 -1 -1 -1 -1
0.6013699173927307 0.5812079906463623 0.9151363968849182 -1 -1 -1 -1 -1 -1 -1 -1 -1
0.6045058965682983 0.5845286846160889 0.9410707950592041 -1 -1 -1 -1 -1 -1 -1 -1 -1
0.603986918926239 0.5840765237808228 0.9360589385032654 -1 -1 -1 -1 -1 -1 -1 -1 -1
0.6032493114471436 0.5834344029426575 0.9434738159179688 -1 -1 -1 -1 -1 -1 -1 -1 -1
0.5936297178268433 0.578197181224823 0.9173643589019775 -1 -1 -1 -1 -1 -1 -1 -1 -1
0.5955273509025574 0.5819950699806213 0.9362363815307617 -1 -1 -1 -1 -1 -1 -1 -1 -1
0.5987104773521423 0.5967411994934082 0.8164864778518677 -1 -1 -1 -1 -1 -1 -1 -1 -1
0.5994640588760376 0.5977302193641663 0.8063791990280151 -1 -1 -1 -1 -1 -1 -1 -1 -1
0.5703113079071045 0.6067221760749817 0.9505071043968201 -1 -1 -1 -1 -1 -1 -1 -1 -1
0.580923318862915 0.6180493831634521 0.9924378991127014 -1 -1 -1 -1 -1 -1 -1 -1 -1
0.5565363168716431 0.6066743731498718 0.028794294223189354 -1 -1 -1 -1 -1 -1 -1 -1 -1
0.5828271508216858 0.6906328201293945 0.9191867113113403 -1 -1 -1 -1 -1 -1 -1 -1 -1
0.5553585886955261 0.6103501915931702 0.02311062254011631 -1 -1 -1 -1 -1 -1 -1 -1 -1
0.6035210490226746 0.7337566018104553 0.7525938153266907 -1 -1 -1 -1 -1 -1 -1 -1 -1
0.5521299839019775 0.6118478178977966 0.03038100339472294 -1 -1 -1 -1 -1 -1 -1 -1 -1
0.6139944791793823 0.7440875172615051 0.7128441333770752 -1 -1 -1 -1 -1 -1 -1 -1 -1
0.5559795498847961 0.6089617609977722 0.03218004107475281 -1 -1 -1 -1 -1 -1 -1 -1 -1
0.6156907677650452 0.7419843673706055 0.7044488191604614 -1 -1 -1 -1 -1 -1 -1 -1 -1
0.5581603050231934 0.6093267202377319 0.031578801572322845 -1 -1 -1 -1 -1 -1 -1 -1 -1
0.6123984456062317 0.7390012741088867 0.5600100755691528 -1 -1 -1 -1 -1 -1 -1 -1 -1
0.5571576952934265 0.7178633809089661 0.9980859756469727 -1 -1 -1 -1 -1 -1 -1 -1 -1
0.5491623878479004 0.713250458240509 0.9981434345245361 -1 -1 -1 -1 -1 -1 -1 -1 -1
0.5912365317344666 0.7310326099395752 0.7676975131034851 -1 -1 -1 -1 -1 -1 -1 -1 -1
0.532558262348175 0.713375985622406 0.9404850006103516 -1 -1 -1 -1 -1 -1 -1 -1 -1
0.5565226078033447 0.8221045732498169 0.8286100029945374 -1 -1 -1 -1 -1 -1 -1 -1 -1
0.5281487703323364 0.7787472605705261 0.7619213461875916 -1 -1 -1 -1 -1 -1 -1 -1 -1
0.5477603077888489 0.8310405611991882 0.8131343126296997 -1 -1 -1 -1 -1 -1 -1 -1 -1
0.5259250998497009 0.7807859778404236 0.695625901222229 -1 -1 -1 -1 -1 -1 -1 -1 -1
0.565635621547699 0.8851097822189331 0.8625072836875916 -1 -1 -1 -1 -1 -1 -1 -1 -1
0.5273799896240234 0.8202366828918457 0.7897205948829651 -1 -1 -1 -1 -1 -1 -1 -1 -1
1 
33 
-1 -1 -1 -1 -1 -1 -1 -1 -1 -1
0.6030845642089844 0.6029343008995056 0.9982445240020752 -1 -1 -1 -1 -1 -1 -1 -1 -1
0.6004812121391296 0.5940338969230652 0.9979310035705566 -1 -1 -1 -1 -1 -1 -1 -1 -1
0.5995760560035706 0.5929074287414551 0.9980798959732056 -1 -1 -1 -1 -1 -1 -1 -1 -1
0.5985914468765259 0.5915334224700928 0.9984904527664185 -1 -1 -1 -1 -1 -1 -1 -1 -1
0.6009978652000427 0.5955637097358704 0.9981854557991028 -1 -1 -1 -1 -1 -1 -1 -1 -1
0.6005710363388062 0.595676600933075 0.9981628060340881 -1 -1 -1 -1 -1 -1 -1 -1 -1
0.6000692844390869 0.5955758094787598 0.9986590147018433 -1 -1 -1 -1 -1 -1 -1 -1 -1
0.5925583243370056 0.5921669006347656 0.9972288012504578 -1 -1 -1 -1 -1 -1 -1 -1 -1
0.5945390462875366 0.5969434380531311 0.9973868727684021 -1 -1 -1 -1 -1 -1 -1 -1 -1
0.5995175242424011 0.6090736985206604 0.9956521391868591 -1 -1 -1 -1 -1 -1 -1 -1 -1
0.5998238921165466 0.6105434894561768 0.9960224628448486 -1 -1 -1 -1 -1 -1 -1 -1 -1
0.5741881132125854 0.6256320476531982 0.9978609681129456 -1 -1 -1 -1 -1 -1 -1 -1 -1
0.582281768321991 0.6355655789375305 0.9994907379150391 -1 -1 -1 -1 -1 -1 -1 -1 -1
0.5864461660385132 0.6790016293525696 0.08583846688270569 -1 -1 -1 -1 -1 -1 -1 -1 -1
0.6001247763633728 0.6890401840209961 0.9638298153877258 -1 -1 -1 -1 -1 -1 -1 -1 -1
0.6075119376182556 0.6999509334564209 0.1439654678106308 -1 -1 -1 -1 -1 -1 -1 -1 -1
0.6314679980278015 0.6979805827140808 0.9112208485603333 -1 -1 -1 -1 -1 -1 -1 -1 -1
0.6116307973861694 0.7005681991577148 0.18943892419338226 -1 -1 -1 -1 -1 -1 -1 -1 -1
0.641379177570343 0.6981989145278931 0.8933088779449463 -1 -1 -1 -1 -1 -1 -1 -1 -1
0.6144510507583618 0.6970383524894714 0.19556820392608643 -1 -1 -1 -1 -1 -1 -1 -1 -1
0.6416613459587097 0.6904346942901611 0.8846909999847412 -1 -1 -1 -1 -1 -1 -1 -1 -1
0.6133986711502075 0.6980106830596924 0.21379214525222778 -1 -1 -1 -1 -1 -1 -1 -1 -1
0.6369229555130005 0.691259503364563 0.8306369185447693 -1 -1 -1 -1 -1 -1 -1 -1 -1
0.5332804322242737 0.7238996028900146 0.9984754920005798 -1 -1 -1 -1 -1 -1 -1 -1 -1
0.5367490649223328 0.7384524941444397 0.9992486834526062 -1 -1 -1 -1 -1 -1 -1 -1 -1
0.5771395564079285 0.755308210849762 0.21516761183738708 -1 -1 -1 -1 -1 -1 -1 -1 -1
0.5788352489471436 0.7999874353408813 0.987551748752594 -1 -1 -1 -1 -1 -1 -1 -1 -1
0.5588585138320923 0.8409487009048462 0.5020031929016113 -1 -1 -1 -1 -1 -1 -1 -1 -1
0.5532107353210449 0.876542866230011 0.9864705204963684 -1 -1 -1 -1 -1 -1 -1 -1 -1
0.5477551221847534 0.8434659838676453 0.5830264687538147 -1 -1 -1 -1 -1 -1 -1 -1 -1
0.544628918170929 0.8886153101921082 0.967909574508667 -1 -1 -1 -1 -1 -1 -1 -1 -1
0.572026789188385 0.8561498522758484 0.6900157332420349 -1 -1 -1 -1 -1 -1 -1 -1 -1
0.5710845589637756 0.8992427587509155 0.9802917838096619 -1 -1 -1 -1 -1 -1 -1 -1 -1
1 
33 
-1 -1 -1 -1 -1 -1 -1 -1 -1 -1
0.5678626894950867 0.5948196649551392 0.9679272174835205 -1 -1 -1 -1 -1 -1 -1 -1 -1
0.5790603160858154 0.6055894494056702 0.9593666791915894 -1 -1 -1 -1 -1 -1 -1 -1 -1
0.5793219208717346 0.6061615347862244 0.9576845765113831 -1 -1 -1 -1 -1 -1 -1 -1 -1
0.57927006483078 0.6058158874511719 0.9535467028617859 -1 -1 -1 -1 -1 -1 -1 -1 -1
0.5784997344017029 0.6046334505081177 0.9728330373764038 -1 -1 -1 -1 -1 -1 -1 -1 -1
0.5783069729804993 0.60467928647995 0.9719017148017883 -1 -1 -1 -1 -1 -1 -1 -1 -1
0.5777430534362793 0.6038817763328552 0.9720720052719116 -1 -1 -1 -1 -1 -1 -1 -1 -1
0.5636860728263855 0.5967254042625427 0.9671496152877808 -1 -1 -1 -1 -1 -1 -1 -1 -1
0.5740474462509155 0.6110379099845886 0.979805052280426 -1 -1 -1 -1 -1 -1 -1 -1 -1
0.57906574010849 0.6065564751625061 0.9778578281402588 -1 -1 -1 -1 -1 -1 -1 -1 -1
0.5681289434432983 0.5987023115158081 0.9707287549972534 -1 -1 -1 -1 -1 -1 -1 -1 -1
0.5663052797317505 0.6068095564842224 0.9860312938690186 -1 -1 -1 -1 -1 -1 -1 -1 -1
0.549083411693573 0.6013639569282532 0.999583899974823 -1 -1 -1 -1 -1 -1 -1 -1 -1
0.5796222686767578 0.6052742600440979 0.06362269818782806 -1 -1 -1 -1 -1 -1 -1 -1 -1
0.5357435345649719 0.5227468609809875 0.8660537600517273 -1 -1 -1 -1 -1 -1 -1 -1 -1
0.5799309611320496 0.5930708050727844 0.06246459111571312 -1 -1 -1 -1 -1 -1 -1 -1 -1
0.5369035601615906 0.4536591172218323 0.7378341555595398 -1 -1 -1 -1 -1 -1 -1 -1 -1
0.5749290585517883 0.5974344611167908 0.07219669222831726 -1 -1 -1 -1 -1 -1 -1 -1 -1
0.5364230275154114 0.44129183888435364 0.6593852639198303 -1 -1 -1 -1 -1 -1 -1 -1 -1
0.576924204826355 0.589019238948822 0.07835089415311813 -1 -1 -1 -1 -1 -1 -1 -1 -1
0.536914050579071 0.44060206413269043 0.6418680548667908 -1 -1 -1 -1 -1 -1 -1 -1 -1
0.5797471404075623 0.5877187848091125 0.0909603089094162 -1 -1 -1 -1 -1 -1 -1 -1 -1
0.5367522835731506 0.443659245967865 0.6094942092895508 -1 -1 -1 -1 -1 -1 -1 -1 -1
0.5542492866516113 0.7225001454353333 0.9996970891952515 -1 -1 -1 -1 -1 -1 -1 -1 -1
0.5395030975341797 0.7378106117248535 0.9999648332595825 -1 -1 -1 -1 -1 -1 -1 -1 -1
0.5917134284973145 0.7122800350189209 0.6615597605705261 -1 -1 -1 -1 -1 -1 -1 -1 -1
0.5584496855735779 0.7916901111602783 0.9954837560653687 -1 -1 -1 -1 -1 -1 -1 -1 -1
0.614116370677948 0.6912378668785095 0.6379562020301819 -1 -1 -1 -1 -1 -1 -1 -1 -1
0.5758722424507141 0.8684848546981812 0.9947237968444824 -1 -1 -1 -1 -1 -1 -1 -1 -1
0.6155881881713867 0.6922963857650757 0.7851057052612305 -1 -1 -1 -1 -1 -1 -1 -1 -1
0.5790176391601562 0.8787474632263184 0.988856852054596 -1 -1 -1 -1 -1 -1 -1 -1 -1
0.629808783531189 0.6820100545883179 0.6856338977813721 -1 -1 -1 -1 -1 -1 -1 -1 -1
0.5712263584136963 0.904107928276062 0.984619677066803 -1 -1 -1 -1 -1 -1 -1 -1 -1
1 
33 
-1 -1 -1 -1 -1 -1 -1 -1 -1 -1
0.5757867693901062 0.5196463465690613 0.10293585062026978 -1 -1 -1 -1 -1 -1 -1 -1 -1
0.5793569684028625 0.5154184699058533 0.07025378197431564 -1 -1 -1 -1 -1 -1 -1 -1 -1
0.5803730487823486 0.5142852067947388 0.06891770660877228 -1 -1 -1 -1 -1 -1 -1 -1 -1
0.5814141631126404 0.5133026838302612 0.06255877763032913 -1 -1 -1 -1 -1 -1 -1 -1 -1
0.5785459280014038 0.5172645449638367 0.06147291138768196 -1 -1 -1 -1 -1 -1 -1 -1 -1
0.5787992477416992 0.5174306631088257 0.06564058363437653 -1 -1 -1 -1 -1 -1 -1 -1 -1
0.5790233016014099 0.5175734758377075 0.08455797284841537 -1 -1 -1 -1 -1 -1 -1 -1 -1
0.5890257358551025 0.5085228085517883 0.046296678483486176 -1 -1 -1 -1 -1 -1 -1 -1 -1
0.5842571258544922 0.5129488110542297 0.07334987819194794 -1 -1 -1 -1 -1 -1 -1 -1 -1
0.5786240100860596 0.5200169682502747 0.06986041367053986 -1 -1 -1 -1 -1 -1 -1 -1 -1
0.5783559679985046 0.5222675204277039 0.057145845144987106 -1 -1 -1 -1 -1 -1 -1 -1 -1
0.6125568151473999 0.5179022550582886 0.779207170009613 -1 -1 -1 -1 -1 -1 -1 -1 -1
0.5703617334365845 0.5118677616119385 0.9358534216880798 -1 -1 -1 -1 -1 -1 -1 -1 -1
0.6063315868377686 0.5476949214935303 0.2536979019641876 -1 -1 -1 -1 -1 -1 -1 -1 -1
0.5425236225128174 0.4902036786079407 0.5108340978622437 -1 -1 -1 -1 -1 -1 -1 -1 -1
0.5987723469734192 0.5355813503265381 0.19546353816986084 -1 -1 -1 -1 -1 -1 -1 -1 -1
0.5227457880973816 0.4504368007183075 0.7733743786811829 -1 -1 -1 -1 -1 -1 -1 -1 -1
0.598060131072998 0.5367624163627625 0.20165470242500305 -1 -1 -1 -1 -1 -1 -1 -1 -1
0.5156154036521912 0.444757878780365 0.7410517334938049 -1 -1 -1 -1 -1 -1 -1 -1 -1
0.5997484922409058 0.5303459167480469 0.2174689918756485 -1 -1 -1 -1 -1 -1 -1 -1 -1
0.5193682909011841 0.44288045167922974 0.754050076007843 -1 -1 -1 -1 -1 -1 -1 -1 -1
0.5986604690551758 0.5280172228813171 0.21022048592567444 -1 -1 -1 -1 -1 -1 -1 -1 -1
0.5222392678260803 0.44354283809661865 0.7590890526771545 -1 -1 -1 -1 -1 -1 -1 -1 -1
0.5971051454544067 0.6634639501571655 0.996590256690979 -1 -1 -1 -1 -1 -1 -1 -1 -1
0.5727459192276001 0.6536300778388977 0.998730480670929 -1 -1 -1 -1 -1 -1 -1 -1 -1
0.5461870431900024 0.7623521089553833 0.9282582998275757 -1 -1 -1 -1 -1 -1 -1 -1 -1
0.5411322712898254 0.7234299182891846 0.5990346670150757 -1 -1 -1 -1 -1 -1 -1 -1 -1
0.5647072792053223 0.847320556640625 0.9438837170600891 -1 -1 -1 -1 -1 -1 -1 -1 -1
0.5560427308082581 0.8316519856452942 0.794620931148529 -1 -1 -1 -1 -1 -1 -1 -1 -1
0.5691964030265808 0.850338876247406 0.9481580257415771 -1 -1 -1 -1 -1 -1 -1 -1 -1
0.5754551291465759 0.8366520404815674 0.8479167819023132 -1 -1 -1 -1 -1 -1 -1 -1 -1
0.5676214694976807 0.9090511798858643 0.9396401047706604 -1 -1 -1 -1 -1 -1 -1 -1 -1
0.5370326638221741 0.8810258507728577 0.773230254650116 -1 -1 -1 -1 -1 -1 -1 -1 -1
1 
33 
-1 -1 -1 -1 -1 -1 -1 -1 -1 -1
0.550916850566864 0.45969170331954956 0.810659646987915 -1 -1 -1 -1 -1 -1 -1 -1 -1
0.5533149838447571 0.45406270027160645 0.7928447723388672 -1 -1 -1 -1 -1 -1 -1 -1 -1
0.5541152954101562 0.4536895155906677 0.7786298990249634 -1 -1 -1 -1 -1 -1 -1 -1 -1
0.554936408996582 0.4534088373184204 0.8062174320220947 -1 -1 -1 -1 -1 -1 -1 -1 -1
0.5529236197471619 0.4537985324859619 0.7374991774559021 -1 -1 -1 -1 -1 -1 -1 -1 -1
0.5533367395401001 0.4533829689025879 0.7289746999740601 -1 -1 -1 -1 -1 -1 -1 -1 -1
0.5537318587303162 0.4529465138912201 0.8087684512138367 -1 -1 -1 -1 -1 -1 -1 -1 -1
0.5614075064659119 0.4529269337654114 0.6576655507087708 -1 -1 -1 -1 -1 -1 -1 -1 -1
0.5586506128311157 0.4522170126438141 0.7592207193374634 -1 -1 -1 -1 -1 -1 -1 -1 -1
0.5536448359489441 0.4657755494117737 0.7046909928321838 -1 -1 -1 -1 -1 -1 -1 -1 -1
0.5535435676574707 0.46580952405929565 0.6869847774505615 -1 -1 -1 -1 -1 -1 -1 -1 -1
0.581908643245697 0.47944027185440063 0.951225996017456 -1 -1 -1 -1 -1 -1 -1 -1 -1
0.5504281520843506 0.4781080484390259 0.9743713140487671 -1 -1 -1 -1 -1 -1 -1 -1 -1
0.5627331137657166 0.5158165693283081 0.731752872467041 -1 -1 -1 -1 -1 -1 -1 -1 -1
0.5129220485687256 0.483664870262146 0.4279272258281708 -1 -1 -1 -1 -1 -1 -1 -1 -1
0.5250056982040405 0.4782329201698303 0.5070351958274841 -1 -1 -1 -1 -1 -1 -1 -1 -1
0.48538222908973694 0.4556090235710144 0.5393348932266235 -1 -1 -1 -1 -1 -1 -1 -1 -1
0.5149416923522949 0.4692791998386383 0.43072566390037537 -1 -1 -1 -1 -1 -1 -1 -1 -1
0.47871604561805725 0.4479306936264038 0.4831562936306 -1 -1 -1 -1 -1 -1 -1 -1 -1
0.5166401863098145 0.45921406149864197 0.42072269320487976 -1 -1 -1 -1 -1 -1 -1 -1 -1
0.4790975749492645 0.4424242377281189 0.500183641910553 -1 -1 -1 -1 -1 -1 -1 -1 -1
0.5188116431236267 0.46259915828704834 0.3701024353504181 -1 -1 -1 -1 -1 -1 -1 -1 -1
0.48145243525505066 0.4463539123535156 0.5020269751548767 -1 -1 -1 -1 -1 -1 -1 -1 -1
0.5971012711524963 0.6296417713165283 0.9937530159950256 -1 -1 -1 -1 -1 -1 -1 -1 -1
0.5720339417457581 0.630760133266449 0.9964589476585388 -1 -1 -1 -1 -1 -1 -1 -1 -1
0.5886338949203491 0.7254593372344971 0.9290890097618103 -1 -1 -1 -1 -1 -1 -1 -1 -1
0.5441334843635559 0.7269865870475769 0.8510657548904419 -1 -1 -1 -1 -1 -1 -1 -1 -1
0.5779443979263306 0.8455026149749756 0.9458070993423462 -1 -1 -1 -1 -1 -1 -1 -1 -1
0.5722510814666748 0.824795126914978 0.887410581111908 -1 -1 -1 -1 -1 -1 -1 -1 -1
0.5833667516708374 0.852129340171814 0.9153008460998535 -1 -1 -1 -1 -1 -1 -1 -1 -1
0.5796899795532227 0.8356382846832275 0.8525441288948059 -1 -1 -1 -1 -1 -1 -1 -1 -1
0.5726348757743835 0.8895330429077148 0.9334786534309387 -1 -1 -1 -1 -1 -1 -1 -1 -1
0.553426206111908 0.868507981300354 0.8799481987953186 -1 -1 -1 -1 -1 -1 -1 -1 -1
1 
33 
-1 -1 -1 -1 -1 -1 -1 -1 -1 -1
0.5354264378547668 0.3937312960624695 0.9139357805252075 -1 -1 -1 -1 -1 -1 -1 -1 -1
0.532915472984314 0.38843581080436707 0.892140805721283 -1 -1 -1 -1 -1 -1 -1 -1 -1
0.5329349040985107 0.38931891322135925 0.8661854863166809 -1 -1 -1 -1 -1 -1 -1 -1 -1
0.5329819321632385 0.3902982473373413 0.9073832035064697 -1 -1 -1 -1 -1 -1 -1 -1 -1
0.533461332321167 0.3868255019187927 0.8962441086769104 -1 -1 -1 -1 -1 -1 -1 -1 -1
0.5334787964820862 0.3867865800857544 0.8700881600379944 -1 -1 -1 -1 -1 -1 -1 -1 -1
0.5334587097167969 0.38677501678466797 0.9069008827209473 -1 -1 -1 -1 -1 -1 -1 -1 -1
0.5334993004798889 0.3993825316429138 0.8293308019638062 -1 -1 -1 -1 -1 -1 -1 -1 -1
0.5344544053077698 0.39470773935317993 0.8868793845176697 -1 -1 -1 -1 -1 -1 -1 -1 -1
0.5377116203308105 0.40552374720573425 0.8649560809135437 -1 -1 -1 -1 -1 -1 -1 -1 -1
0.5384014248847961 0.4036650061607361 0.8512381315231323 -1 -1 -1 -1 -1 -1 -1 -1 -1
0.5569846034049988 0.4462701976299286 0.9825614094734192 -1 -1 -1 -1 -1 -1 -1 -1 -1
0.5289943218231201 0.44342803955078125 0.984296977519989 -1 -1 -1 -1 -1 -1 -1 -1 -1
0.5596244931221008 0.4742160439491272 0.2625230848789215 -1 -1 -1 -1 -1 -1 -1 -1 -1
0.49855929613113403 0.4669755697250366 0.7551014423370361 -1 -1 -1 -1 -1 -1 -1 -1 -1
0.5505450367927551 0.4402746260166168 0.34855514764785767 -1 -1 -1 -1 -1 -1 -1 -1 -1
0.4775159955024719 0.4391225576400757 0.797568142414093 -1 -1 -1 -1 -1 -1 -1 -1 -1
0.5467873215675354 0.4381577968597412 0.3329569399356842 -1 -1 -1 -1 -1 -1 -1 -1 -1
0.4707629978656769 0.4362376928329468 0.7520930171012878 -1 -1 -1 -1 -1 -1 -1 -1 -1
0.5477550625801086 0.42746907472610474 0.3307340443134308 -1 -1 -1 -1 -1 -1 -1 -1 -1
0.46989870071411133 0.4299573302268982 0.757660984992981 -1 -1 -1 -1 -1 -1 -1 -1 -1
0.5486076474189758 0.4277269244194031 0.32758429646492004 -1 -1 -1 -1 -1 -1 -1 -1 -1
0.4722787141799927 0.4320117235183716 0.729485034942627 -1 -1 -1 -1 -1 -1 -1 -1 -1
0.5709914565086365 0.6240384578704834 0.9959397315979004 -1 -1 -1 -1 -1 -1 -1 -1 -1
0.5524052381515503 0.6181228160858154 0.9940588474273682 -1 -1 -1 -1 -1 -1 -1 -1 -1
0.558438777923584 0.7472586035728455 0.7638428807258606 -1 -1 -1 -1 -1 -1 -1 -1 -1
0.5540930032730103 0.7294561862945557 0.8292598724365234 -1 -1 -1 -1 -1 -1 -1 -1 -1
0.5666812062263489 0.8817386627197266 0.8814725875854492 -1 -1 -1 -1 -1 -1 -1 -1 -1
0.5633042454719543 0.8060884475708008 0.8514594435691833 -1 -1 -1 -1 -1 -1 -1 -1 -1
0.5634505152702332 0.8940566778182983 0.8395642042160034 -1 -1 -1 -1 -1 -1 -1 -1 -1
0.5624061822891235 0.8132957816123962 0.774280846118927 -1 -1 -1 -1 -1 -1 -1 -1 -1
0.5742589831352234 0.9201452136039734 0.8806468844413757 -1 -1 -1 -1 -1 -1 -1 -1 -1
0.5643160939216614 0.8517839908599854 0.875070333480835 -1 -1 -1 -1 -1 -1 -1 -1 -1
1 
33 
-1 -1 -1 -1 -1 -1 -1 -1 -1 -1
0.5476277470588684 0.40413349866867065 0.8327603340148926 -1 -1 -1 -1 -1 -1 -1 -1 -1
0.5511705875396729 0.3976341784000397 0.877439558506012 -1 -1 -1 -1 -1 -1 -1 -1 -1
0.5522602796554565 0.39715662598609924 0.8517797589302063 -1 -1 -1 -1 -1 -1 -1 -1 -1
0.5533568263053894 0.3967725932598114 0.8695237040519714 -1 -1 -1 -1 -1 -1 -1 -1 -1
0.5498008728027344 0.39847850799560547 0.8527494668960571 -1 -1 -1 -1 -1 -1 -1 -1 -1
0.5498078465461731 0.398693710565567 0.839560329914093 -1 -1 -1 -1 -1 -1 -1 -1 -1
0.5498331785202026 0.3989282250404358 0.8935999870300293 -1 -1 -1 -1 -1 -1 -1 -1 -1
0.5597215294837952 0.39788204431533813 0.8484694361686707 -1 -1 -1 -1 -1 -1 -1 -1 -1
0.5545434355735779 0.4004448652267456 0.9110511541366577 -1 -1 -1 -1 -1 -1 -1 -1 -1
0.5502655506134033 0.41071122884750366 0.8667682409286499 -1 -1 -1 -1 -1 -1 -1 -1 -1
0.5488806962966919 0.41156238317489624 0.8667376041412354 -1 -1 -1 -1 -1 -1 -1 -1 -1
0.5721821188926697 0.42340514063835144 0.9977770447731018 -1 -1 -1 -1 -1 -1 -1 -1 -1
0.5545779466629028 0.43013542890548706 0.9977284073829651 -1 -1 -1 -1 -1 -1 -1 -1 -1
0.5729855298995972 0.464142769575119 0.40618789196014404 -1 -1 -1 -1 -1 -1 -1 -1 -1
0.5332034826278687 0.4622634947299957 0.22891134023666382 -1 -1 -1 -1 -1 -1 -1 -1 -1
0.5498993992805481 0.45493680238723755 0.33897048234939575 -1 -1 -1 -1 -1 -1 -1 -1 -1
0.5105618834495544 0.47073614597320557 0.4466925859451294 -1 -1 -1 -1 -1 -1 -1 -1 -1
0.5441319942474365 0.45377275347709656 0.3607352375984192 -1 -1 -1 -1 -1 -1 -1 -1 -1
0.5051067471504211 0.4729582667350769 0.4536437690258026 -1 -1 -1 -1 -1 -1 -1 -1 -1
0.5435802340507507 0.44818592071533203 0.34539884328842163 -1 -1 -1 -1 -1 -1 -1 -1 -1
0.503387987613678 0.4705123007297516 0.46048808097839355 -1 -1 -1 -1 -1 -1 -1 -1 -1
0.5448216199874878 0.4493706226348877 0.29783323407173157 -1 -1 -1 -1 -1 -1 -1 -1 -1
0.5050420165061951 0.4707977771759033 0.48089757561683655 -1 -1 -1 -1 -1 -1 -1 -1 -1
0.5844192504882812 0.557331919670105 0.9998929500579834 -1 -1 -1 -1 -1 -1 -1 -1 -1
0.5749717354774475 0.5639321804046631 0.9996458292007446 -1 -1 -1 -1 -1 -1 -1 -1 -1
0.5701820850372314 0.6700342893600464 0.9679819345474243 -1 -1 -1 -1 -1 -1 -1 -1 -1
0.5655438899993896 0.6659879088401794 0.6437661647796631 -1 -1 -1 -1 -1 -1 -1 -1 -1
0.5734391212463379 0.7861038446426392 0.9587067365646362 -1 -1 -1 -1 -1 -1 -1 -1 -1
0.5640532970428467 0.7086181640625 0.3083469569683075 -1 -1 -1 -1 -1 -1 -1 -1 -1
0.5810685157775879 0.7938779592514038 0.9263431429862976 -1 -1 -1 -1 -1 -1 -1 -1 -1
0.5670211911201477 0.714410126209259 0.4850913882255554 -1 -1 -1 -1 -1 -1 -1 -1 -1
0.5644391775131226 0.8223141431808472 0.9356037378311157 -1 -1 -1 -1 -1 -1 -1 -1 -1
0.5545672178268433 0.7291712164878845 0.4545205235481262 -1 -1 -1 -1 -1 -1 -1 -1 -1
1 
33 
-1 -1 -1 -1 -1 -1 -1 -1 -1 -1
0.5434256792068481 0.388889342546463 0.9917529225349426 -1 -1 -1 -1 -1 -1 -1 -1 -1
0.5426692962646484 0.38105398416519165 0.9949350953102112 -1 -1 -1 -1 -1 -1 -1 -1 -1
0.5433738827705383 0.38024333119392395 0.9935768246650696 -1 -1 -1 -1 -1 -1 -1 -1 -1
0.5441187024116516 0.3794980049133301 0.9954570531845093 -1 -1 -1 -1 -1 -1 -1 -1 -1
0.5406805276870728 0.3830595314502716 0.9948969483375549 -1 -1 -1 -1 -1 -1 -1 -1 -1
0.5397964715957642 0.3838868737220764 0.9929348826408386 -1 -1 -1 -1 -1 -1 -1 -1 -1
0.538932740688324 0.3847023844718933 0.9955164790153503 -1 -1 -1 -1 -1 -1 -1 -1 -1
0.5444530844688416 0.3809181749820709 0.9967553019523621 -1 -1 -1 -1 -1 -1 -1 -1 -1
0.5374681353569031 0.3883551061153412 0.9959463477134705 -1 -1 -1 -1 -1 -1 -1 -1 -1
0.5453663468360901 0.3951137065887451 0.9938581585884094 -1 -1 -1 -1 -1 -1 -1 -1 -1
0.5428672432899475 0.39756378531455994 0.9930618405342102 -1 -1 -1 -1 -1 -1 -1 -1 -1
0.5528947114944458 0.4058712124824524 0.9999377727508545 -1 -1 -1 -1 -1 -1 -1 -1 -1
0.5394145250320435 0.4182327091693878 0.9993591904640198 -1 -1 -1 -1 -1 -1 -1 -1 -1
0.5691036581993103 0.4579344689846039 0.24270592629909515 -1 -1 -1 -1 -1 -1 -1 -1 -1
0.539429247379303 0.46613845229148865 0.09695318341255188 -1 -1 -1 -1 -1 -1 -1 -1 -1
0.5656412839889526 0.46267569065093994 0.17426533997058868 -1 -1 -1 -1 -1 -1 -1 -1 -1
0.5382698178291321 0.4764661490917206 0.14103640615940094 -1 -1 -1 -1 -1 -1 -1 -1 -1
0.5643775463104248 0.4654086232185364 0.20158980786800385 -1 -1 -1 -1 -1 -1 -1 -1 -1
0.5396350622177124 0.48123258352279663 0.1815171241760254 -1 -1 -1 -1 -1 -1 -1 -1 -1
0.5642894506454468 0.45664966106414795 0.20134787261486053 -1 -1 -1 -1 -1 -1 -1 -1 -1
0.5367657542228699 0.4769590198993683 0.18711304664611816 -1 -1 -1 -1 -1 -1 -1 -1 -1
0.5642619729042053 0.4566452205181122 0.1768999993801117 -1 -1 -1 -1 -1 -1 -1 -1 -1
0.5366147756576538 0.4746685326099396 0.20322340726852417 -1 -1 -1 -1 -1 -1 -1 -1 -1
0.5826167464256287 0.5139644742012024 0.9998966455459595 -1 -1 -1 -1 -1 -1 -1 -1 -1
0.5797526240348816 0.5183688402175903 0.9996557235717773 -1 -1 -1 -1 -1 -1 -1 -1 -1
0.5567779541015625 0.6488538980484009 0.9951502680778503 -1 -1 -1 -1 -1 -1 -1 -1 -1
0.5821780562400818 0.5857776403427124 0.7912533283233643 -1 -1 -1 -1 -1 -1 -1 -1 -1
0.5668640732765198 0.7640364170074463 0.9934400916099548 -1 -1 -1 -1 -1 -1 -1 -1 -1
0.5821998715400696 0.6631460189819336 0.8331411480903625 -1 -1 -1 -1 -1 -1 -1 -1 -1
0.574176549911499 0.7692325711250305 0.9570115208625793 -1 -1 -1 -1 -1 -1 -1 -1 -1
0.5864891409873962 0.6722074151039124 0.8265447020530701 -1 -1 -1 -1 -1 -1 -1 -1 -1
0.5554232597351074 0.7956034541130066 0.982196569442749 -1 -1 -1 -1 -1 -1 -1 -1 -1
0.5679833292961121 0.7000062465667725 0.8628551363945007 -1 -1 -1 -1 -1 -1 -1 -1 -1
1 
