27
1 
33 
-1 -1 -1 -1 -1 -1 -1 -1 -1 -1
0.5685406923294067 0.32414841651916504 0.984486997127533 -1 -1 -1 -1 -1 -1 -1 -1 -1
0.5691229104995728 0.3182328939437866 0.978671133518219 -1 -1 -1 -1 -1 -1 -1 -1 -1
0.5698949098587036 0.3184475302696228 0.9680711030960083 -1 -1 -1 -1 -1 -1 -1 -1 -1
0.5707072019577026 0.3185237646102905 0.9806594252586365 -1 -1 -1 -1 -1 -1 -1 -1 -1
0.567601203918457 0.3181834816932678 0.9788542985916138 -1 -1 -1 -1 -1 -1 -1 -1 -1
0.5674132108688354 0.31847041845321655 0.971053957939148 -1 -1 -1 -1 -1 -1 -1 -1 -1
0.567209780216217 0.31860947608947754 0.9798429608345032 -1 -1 -1 -1 -1 -1 -1 -1 -1
0.5726704001426697 0.3249305486679077 0.9540282487869263 -1 -1 -1 -1 -1 -1 -1 -1 -1
0.5676801204681396 0.3251471519470215 0.9636919498443604 -1 -1 -1 -1 -1 -1 -1 -1 -1
0.5711890459060669 0.3330521583557129 0.9687092900276184 -1 -1 -1 -1 -1 -1 -1 -1 -1
0.5694287419319153 0.333879292011261 0.9618794322013855 -1 -1 -1 -1 -1 -1 -1 -1 -1
0.5836628079414368 0.36182403564453125 0.9798287749290466 -1 -1 -1 -1 -1 -1 -1 -1 -1
0.5677993297576904 0.36875009536743164 0.9867314696311951 -1 -1 -1 -1 -1 -1 -1 -1 -1
0.5900319814682007 0.29437124729156494 0.5421090126037598 -1 -1 -1 -1 -1 -1 -1 -1 -1
0.5767357349395752 0.30238935351371765 0.9190636277198792 -1 -1 -1 -1 -1 -1 -1 -1 -1
0.5921300649642944 0.23239536583423615 0.6799901723861694 -1 -1 -1 -1 -1 -1 -1 -1 -1
0.5803034901618958 0.2489623874425888 0.8727229833602905 -1 -1 -1 -1 -1 -1 -1 -1 -1
0.5970768928527832 0.21132028102874756 0.650628924369812 -1 -1 -1 -1 -1 -1 -1 -1 -1
0.5833720564842224 0.23210972547531128 0.8015082478523254 -1 -1 -1 -1 -1 -1 -1 -1 -1
0.5969946384429932 0.21030199527740479 0.6577132344245911 -1 -1 -1 -1 -1 -1 -1 -1 -1
0.5813366174697876 0.23197948932647705 0.7834253311157227 -1 -1 -1 -1 -1 -1 -1 -1 -1
0.5946323871612549 0.21924003958702087 0.6564564108848572 -1 -1 -1 -1 -1 -1 -1 -1 -1
0.5811077952384949 0.23638303577899933 0.7517604231834412 -1 -1 -1 -1 -1 -1 -1 -1 -1
0.5783668160438538 0.5150514841079712 0.9972028732299805 -1 -1 -1 -1 -1 -1 -1 -1 -1
0.5721462965011597 0.5177857875823975 0.9969999194145203 -1 -1 -1 -1 -1 -1 -1 -1 -1
0.574660062789917 0.6237403154373169 0.45210814476013184 -1 -1 -1 -1 -1 -1 -1 -1 -1
0.5691717863082886 0.6241405010223389 0.8713451623916626 -1 -1 -1 -1 -1 -1 -1 -1 -1
0.5747956037521362 0.7062985301017761 0.5223655104637146 -1 -1 -1 -1 -1 -1 -1 -1 -1
0.5724499821662903 0.7136014699935913 0.8741022348403931 -1 -1 -1 -1 -1 -1 -1 -1 -1
0.5711947679519653 0.7144472599029541 0.45411747694015503 -1 -1 -1 -1 -1 -1 -1 -1 -1
0.5663527250289917 0.720954418182373 0.7334402203559875 -1 -1 -1 -1 -1 -1 -1 -1 -1
0.582477331161499 0.7382980585098267 0.5523470044136047 -1 -1 -1 -1 -1 -1 -1 -1 -1
0.5815271139144897 0.7470196485519409 0.8285887837409973 -1 -1 -1 -1 -1 -1 -1 -1 -1
1 
33 
-1 -1 -1 -1 -1 -1 -1 -1 -1 -1
0.5681008696556091 0.30526381731033325 0.9858589768409729 -1 -1 -1 -1 -1 -1 -1 -1 -1
0.5680463910102844 0.2984975278377533 0.9823280572891235 -1 -1 -1 -1 -1 -1 -1 -1 -1
0.5685020089149475 0.29842114448547363 0.9721030592918396 -1 -1 -1 -1 -1 -1 -1 -1 -1
0.5689082741737366 0.298187792301178 0.983161449432373 -1 -1 -1 -1 -1 -1 -1 -1 -1
0.5672898888587952 0.2990480661392212 0.982333242893219 -1 -1 -1 -1 -1 -1 -1 -1 -1
0.5672866702079773 0.2993893623352051 0.973948061466217 -1 -1 -1 -1 -1 -1 -1 -1 -1
0.5665420293807983 0.29957759380340576 0.9836418628692627 -1 -1 -1 -1 -1 -1 -1 -1 -1
0.5708686709403992 0.30432382225990295 0.9656276106834412 -1 -1 -1 -1 -1 -1 -1 -1 -1
0.567222535610199 0.3062514662742615 0.979150116443634 -1 -1 -1 -1 -1 -1 -1 -1 -1
0.5702371597290039 0.3139469623565674 0.9726965427398682 -1 -1 -1 -1 -1 -1 -1 -1 -1
0.5696929097175598 0.31526947021484375 0.9631295800209045 -1 -1 -1 -1 -1 -1 -1 -1 -1
0.5849472284317017 0.3442583978176117 0.9904788732528687 -1 -1 -1 -1 -1 -1 -1 -1 -1
0.56269770860672 0.3437090814113617 0.9938589930534363 -1 -1 -1 -1 -1 -1 -1 -1 -1
0.5944762229919434 0.2855550944805145 0.7289910316467285 -1 -1 -1 -1 -1 -1 -1 -1 -1
0.5819286108016968 0.28400033712387085 0.9191467761993408 -1 -1 -1 -1 -1 -1 -1 -1 -1
0.5955316424369812 0.2120770364999771 0.8305141925811768 -1 -1 -1 -1 -1 -1 -1 -1 -1
0.5949594378471375 0.21867558360099792 0.9263521432876587 -1 -1 -1 -1 -1 -1 -1 -1 -1
0.6004623174667358 0.19556622207164764 0.7989695072174072 -1 -1 -1 -1 -1 -1 -1 -1 -1
0.5986871123313904 0.20574839413166046 0.8742389678955078 -1 -1 -1 -1 -1 -1 -1 -1 -1
0.6001506447792053 0.19329975545406342 0.79810631275177 -1 -1 -1 -1 -1 -1 -1 -1 -1
0.5973436236381531 0.2050638347864151 0.8617736101150513 -1 -1 -1 -1 -1 -1 -1 -1 -1
0.5971317887306213 0.1973697990179062 0.7901787757873535 -1 -1 -1 -1 -1 -1 -1 -1 -1
0.5964239835739136 0.20995725691318512 0.8310415148735046 -1 -1 -1 -1 -1 -1 -1 -1 -1
0.576401948928833 0.4987933039665222 0.9993199110031128 -1 -1 -1 -1 -1 -1 -1 -1 -1
0.5670313835144043 0.4954085052013397 0.999289870262146 -1 -1 -1 -1 -1 -1 -1 -1 -1
0.5752920508384705 0.5973954796791077 0.5064616799354553 -1 -1 -1 -1 -1 -1 -1 -1 -1
0.5605493187904358 0.5970123410224915 0.8360455632209778 -1 -1 -1 -1 -1 -1 -1 -1 -1
0.5681890845298767 0.6844592690467834 0.6050758957862854 -1 -1 -1 -1 -1 -1 -1 -1 -1
0.5574866533279419 0.6684016585350037 0.8076004385948181 -1 -1 -1 -1 -1 -1 -1 -1 -1
0.5635051131248474 0.6930810213088989 0.6096245646476746 -1 -1 -1 -1 -1 -1 -1 -1 -1
0.5567919015884399 0.672829270362854 0.7143651247024536 -1 -1 -1 -1 -1 -1 -1 -1 -1
0.5724350214004517 0.7188299894332886 0.6345627307891846 -1 -1 -1 -1 -1 -1 -1 -1 -1
0.5658977031707764 0.7098680734634399 0.7900582551956177 -1 -1 -1 -1 -1 -1 -1 -1 -1
1 
33 
-1 -1 -1 -1 -1 -1 -1 -1 -1 -1
0.579346239566803 0.29634717106819153 0.9882937669754028 -1 -1 -1 -1 -1 -1 -1 -1 -1
0.5762662887573242 0.2892497777938843 0.9861056208610535 -1 -1 -1 -1 -1 -1 -1 -1 -1
0.5763744711875916 0.28940099477767944 0.9789888858795166 -1 -1 -1 -1 -1 -1 -1 -1 -1
0.5764151811599731 0.2906433939933777 0.9857242703437805 -1 -1 -1 -1 -1 -1 -1 -1 -1
0.5752745866775513 0.2896243929862976 0.9890092015266418 -1 -1 -1 -1 -1 -1 -1 -1 -1
0.5747591853141785 0.28992319107055664 0.9866914749145508 -1 -1 -1 -1 -1 -1 -1 -1 -1
0.5742108225822449 0.2913188338279724 0.9898986220359802 -1 -1 -1 -1 -1 -1 -1 -1 -1
0.5735787749290466 0.2967638671398163 0.9676125049591064 -1 -1 -1 -1 -1 -1 -1 -1 -1
0.570607602596283 0.2977043390274048 0.9856614470481873 -1 -1 -1 -1 -1 -1 -1 -1 -1
0.5801184773445129 0.3058679699897766 0.974515974521637 -1 -1 -1 -1 -1 -1 -1 -1 -1
0.579277515411377 0.3062717318534851 0.9751165509223938 -1 -1 -1 -1 -1 -1 -1 -1 -1
0.5793079137802124 0.34138599038124084 0.9757904410362244 -1 -1 -1 -1 -1 -1 -1 -1 -1
0.5690625309944153 0.32868337631225586 0.997365415096283 -1 -1 -1 -1 -1 -1 -1 -1 -1
0.5903295874595642 0.27517324686050415 0.20656833052635193 -1 -1 -1 -1 -1 -1 -1 -1 -1
0.5879641175270081 0.2643197178840637 0.9832338690757751 -1 -1 -1 -1 -1 -1 -1 -1 -1
0.6019855737686157 0.212443009018898 0.5691372752189636 -1 -1 -1 -1 -1 -1 -1 -1 -1
0.5917912125587463 0.20515990257263184 0.982955276966095 -1 -1 -1 -1 -1 -1 -1 -1 -1
0.5987706184387207 0.19511835277080536 0.5808287262916565 -1 -1 -1 -1 -1 -1 -1 -1 -1
0.594743549823761 0.19201630353927612 0.9708430171012878 -1 -1 -1 -1 -1 -1 -1 -1 -1
0.5990661382675171 0.19453667104244232 0.589327335357666 -1 -1 -1 -1 -1 -1 -1 -1 -1
0.593288004398346 0.19033457338809967 0.9646053910255432 -1 -1 -1 -1 -1 -1 -1 -1 -1
0.6003406643867493 0.19885706901550293 0.5876294374465942 -1 -1 -1 -1 -1 -1 -1 -1 -1
0.5933619737625122 0.19464564323425293 0.9450322389602661 -1 -1 -1 -1 -1 -1 -1 -1 -1
0.5782482624053955 0.48683974146842957 0.9968808889389038 -1 -1 -1 -1 -1 -1 -1 -1 -1
0.5703099370002747 0.48874855041503906 0.9988389611244202 -1 -1 -1 -1 -1 -1 -1 -1 -1
0.5817750096321106 0.5769168138504028 0.18218015134334564 -1 -1 -1 -1 -1 -1 -1 -1 -1
0.5737440586090088 0.5822697281837463 0.9489634037017822 -1 -1 -1 -1 -1 -1 -1 -1 -1
0.5757197737693787 0.6641307473182678 0.28760141134262085 -1 -1 -1 -1 -1 -1 -1 -1 -1
0.5765306353569031 0.6856708526611328 0.9595792293548584 -1 -1 -1 -1 -1 -1 -1 -1 -1
0.5710357427597046 0.6776050329208374 0.39990565180778503 -1 -1 -1 -1 -1 -1 -1 -1 -1
0.5693929195404053 0.6950976848602295 0.9287013411521912 -1 -1 -1 -1 -1 -1 -1 -1 -1
0.5830544829368591 0.6968048810958862 0.4514581859111786 -1 -1 -1 -1 -1 -1 -1 -1 -1
0.5863256454467773 0.7180596590042114 0.9431481957435608 -1 -1 -1 -1 -1 -1 -1 -1 -1
1 
33 
-1 -1 -1 -1 -1 -1 -1 -1 -1 -1
0.5784170031547546 0.30031388998031616 0.9934242963790894 -1 -1 -1 -1 -1 -1 -1 -1 -1
0.5759174227714539 0.29396241903305054 0.9892258048057556 -1 -1 -1 -1 -1 -1 -1 -1 -1
0.5759053826332092 0.2942156195640564 0.9844347834587097 -1 -1 -1 -1 -1 -1 -1 -1 -1
0.5757772326469421 0.2943994998931885 0.9892333745956421 -1 -1 -1 -1 -1 -1 -1 -1 -1
0.5753964781761169 0.29358357191085815 0.9923997521400452 -1 -1 -1 -1 -1 -1 -1 -1 -1
0.5750707983970642 0.2935429811477661 0.9916394352912903 -1 -1 -1 -1 -1 -1 -1 -1 -1
0.5746419429779053 0.29347532987594604 0.9930716156959534 -1 -1 -1 -1 -1 -1 -1 -1 -1
0.5732418894767761 0.3007311522960663 0.9773657321929932 -1 -1 -1 -1 -1 -1 -1 -1 -1
0.571406364440918 0.30004817247390747 0.9891316890716553 -1 -1 -1 -1 -1 -1 -1 -1 -1
0.5786997079849243 0.308069109916687 0.9870188236236572 -1 -1 -1 -1 -1 -1 -1 -1 -1
0.5781831741333008 0.30778419971466064 0.9886202812194824 -1 -1 -1 -1 -1 -1 -1 -1 -1
0.5762903094291687 0.336944043636322 0.9788118004798889 -1 -1 -1 -1 -1 -1 -1 -1 -1
0.5703345537185669 0.3286110758781433 0.9984831213951111 -1 -1 -1 -1 -1 -1 -1 -1 -1
0.5916379690170288 0.2719500660896301 0.2135538011789322 -1 -1 -1 -1 -1 -1 -1 -1 -1
0.5870752334594727 0.2612018585205078 0.9931830763816833 -1 -1 -1 -1 -1 -1 -1 -1 -1
0.5940470099449158 0.20535969734191895 0.5246492028236389 -1 -1 -1 -1 -1 -1 -1 -1 -1
0.5902699828147888 0.19605791568756104 0.99114590883255 -1 -1 -1 -1 -1 -1 -1 -1 -1
0.5952305197715759 0.19035488367080688 0.5650079250335693 -1 -1 -1 -1 -1 -1 -1 -1 -1
0.5916200876235962 0.17890185117721558 0.9854642748832703 -1 -1 -1 -1 -1 -1 -1 -1 -1
0.5937337875366211 0.18599650263786316 0.5742577314376831 -1 -1 -1 -1 -1 -1 -1 -1 -1
0.5906565189361572 0.17824622988700867 0.9813977479934692 -1 -1 -1 -1 -1 -1 -1 -1 -1
0.5931868553161621 0.19076091051101685 0.579801619052887 -1 -1 -1 -1 -1 -1 -1 -1 -1
0.5901970267295837 0.18262261152267456 0.9689045548439026 -1 -1 -1 -1 -1 -1 -1 -1 -1
0.5692918300628662 0.48092883825302124 0.997318685054779 -1 -1 -1 -1 -1 -1 -1 -1 -1
0.5693513751029968 0.4874469041824341 0.9989953637123108 -1 -1 -1 -1 -1 -1 -1 -1 -1
0.5784618258476257 0.5646446943283081 0.21356149017810822 -1 -1 -1 -1 -1 -1 -1 -1 -1
0.5743964910507202 0.5759149193763733 0.9840657114982605 -1 -1 -1 -1 -1 -1 -1 -1 -1
0.5756736397743225 0.662493884563446 0.36490708589553833 -1 -1 -1 -1 -1 -1 -1 -1 -1
0.5749004483222961 0.6824389100074768 0.9845780730247498 -1 -1 -1 -1 -1 -1 -1 -1 -1
0.5679187178611755 0.676658570766449 0.48729318380355835 -1 -1 -1 -1 -1 -1 -1 -1 -1
0.5650402903556824 0.6968039274215698 0.9743061065673828 -1 -1 -1 -1 -1 -1 -1 -1 -1
0.5917250514030457 0.6855661273002625 0.5523259043693542 -1 -1 -1 -1 -1 -1 -1 -1 -1
0.5884867310523987 0.7171956300735474 0.9724169373512268 -1 -1 -1 -1 -1 -1 -1 -1 -1
1 
33 
-1 -1 -1 -1 -1 -1 -1 -1 -1 -1
0.5803676247596741 0.2981206178665161 0.9928396940231323 -1 -1 -1 -1 -1 -1 -1 -1 -1
0.5777068138122559 0.2931032180786133 0.9895771741867065 -1 -1 -1 -1 -1 -1 -1 -1 -1
0.5774415135383606 0.2935791611671448 0.9849894046783447 -1 -1 -1 -1 -1 -1 -1 -1 -1
0.5770331025123596 0.2939130663871765 0.9903698563575745 -1 -1 -1 -1 -1 -1 -1 -1 -1
0.5776904821395874 0.2925400733947754 0.9922999143600464 -1 -1 -1 -1 -1 -1 -1 -1 -1
0.5774819850921631 0.2926407754421234 0.9912267327308655 -1 -1 -1 -1 -1 -1 -1 -1 -1
0.577159583568573 0.2926470637321472 0.9930009841918945 -1 -1 -1 -1 -1 -1 -1 -1 -1
0.5734304785728455 0.30082982778549194 0.9800372123718262 -1 -1 -1 -1 -1 -1 -1 -1 -1
0.5734360218048096 0.29993829131126404 0.9892827272415161 -1 -1 -1 -1 -1 -1 -1 -1 -1
0.5803983211517334 0.30737704038619995 0.9863155484199524 -1 -1 -1 -1 -1 -1 -1 -1 -1
0.5803051590919495 0.3067130148410797 0.9872816205024719 -1 -1 -1 -1 -1 -1 -1 -1 -1
0.5730037093162537 0.3389721214771271 0.9756990671157837 -1 -1 -1 -1 -1 -1 -1 -1 -1
0.5731390714645386 0.3329586386680603 0.9980204105377197 -1 -1 -1 -1 -1 -1 -1 -1 -1
0.5902882218360901 0.2678299844264984 0.16587063670158386 -1 -1 -1 -1 -1 -1 -1 -1 -1
0.5872089862823486 0.25794947147369385 0.990520715713501 -1 -1 -1 -1 -1 -1 -1 -1 -1
0.5960401892662048 0.19792652130126953 0.48719900846481323 -1 -1 -1 -1 -1 -1 -1 -1 -1
0.589637041091919 0.1949957013130188 0.988436222076416 -1 -1 -1 -1 -1 -1 -1 -1 -1
0.5957012176513672 0.186444491147995 0.5490155816078186 -1 -1 -1 -1 -1 -1 -1 -1 -1
0.5876883864402771 0.17597311735153198 0.9820113182067871 -1 -1 -1 -1 -1 -1 -1 -1 -1
0.5936179757118225 0.17725789546966553 0.558775007724762 -1 -1 -1 -1 -1 -1 -1 -1 -1
0.5883451104164124 0.17377525568008423 0.9769008755683899 -1 -1 -1 -1 -1 -1 -1 -1 -1
0.5938294529914856 0.18502020835876465 0.5601231455802917 -1 -1 -1 -1 -1 -1 -1 -1 -1
0.5891650319099426 0.17849454283714294 0.9622241854667664 -1 -1 -1 -1 -1 -1 -1 -1 -1
0.5679577589035034 0.4849528670310974 0.9969088435173035 -1 -1 -1 -1 -1 -1 -1 -1 -1
0.5697050094604492 0.4895501434803009 0.9984951019287109 -1 -1 -1 -1 -1 -1 -1 -1 -1
0.5792861580848694 0.5704623460769653 0.14274229109287262 -1 -1 -1 -1 -1 -1 -1 -1 -1
0.576136589050293 0.5788019895553589 0.9734887480735779 -1 -1 -1 -1 -1 -1 -1 -1 -1
0.5750945210456848 0.6707125902175903 0.2354152500629425 -1 -1 -1 -1 -1 -1 -1 -1 -1
0.5749823451042175 0.6854363679885864 0.974128246307373 -1 -1 -1 -1 -1 -1 -1 -1 -1
0.5675170421600342 0.6839173436164856 0.34245574474334717 -1 -1 -1 -1 -1 -1 -1 -1 -1
0.5655810832977295 0.7002272009849548 0.9649655818939209 -1 -1 -1 -1 -1 -1 -1 -1 -1
0.5869159698486328 0.6944073438644409 0.4107305407524109 -1 -1 -1 -1 -1 -1 -1 -1 -1
0.5915359854698181 0.7229911684989929 0.9578267335891724 -1 -1 -1 -1 -1 -1 -1 -1 -1
1 
33 
-1 -1 -1 -1 -1 -1 -1 -1 -1 -1
0.5823717713356018 0.2892131209373474 0.9983639121055603 -1 -1 -1 -1 -1 -1 -1 -1 -1
0.5790792107582092 0.28410667181015015 0.9981263279914856 -1 -1 -1 -1 -1 -1 -1 -1 -1
0.5785308480262756 0.28457438945770264 0.9970421195030212 -1 -1 -1 -1 -1 -1 -1 -1 -1
0.5778515934944153 0.28511419892311096 0.9982404708862305 -1 -1 -1 -1 -1 -1 -1 -1 -1
0.5789453983306885 0.28421109914779663 0.9985613226890564 -1 -1 -1 -1 -1 -1 -1 -1 -1
0.5783836245536804 0.28469350934028625 0.9982413053512573 -1 -1 -1 -1 -1 -1 -1 -1 -1
0.5776865482330322 0.28526943922042847 0.9985620379447937 -1 -1 -1 -1 -1 -1 -1 -1 -1
0.5727041959762573 0.2943381071090698 0.9971543550491333 -1 -1 -1 -1 -1 -1 -1 -1 -1
0.5719870924949646 0.29554808139801025 0.9980535507202148 -1 -1 -1 -1 -1 -1 -1 -1 -1
0.581925094127655 0.2981526553630829 0.9973938465118408 -1 -1 -1 -1 -1 -1 -1 -1 -1
0.5817103385925293 0.2981903851032257 0.9968408346176147 -1 -1 -1 -1 -1 -1 -1 -1 -1
0.5780459046363831 0.33322399854660034 0.987032413482666 -1 -1 -1 -1 -1 -1 -1 -1 -1
0.5751380324363708 0.32877567410469055 0.998015284538269 -1 -1 -1 -1 -1 -1 -1 -1 -1
0.5891541242599487 0.26917845010757446 0.1353120356798172 -1 -1 -1 -1 -1 -1 -1 -1 -1
0.586228609085083 0.26396358013153076 0.9884025454521179 -1 -1 -1 -1 -1 -1 -1 -1 -1
0.5919066667556763 0.20195063948631287 0.438595175743103 -1 -1 -1 -1 -1 -1 -1 -1 -1
0.5857945680618286 0.2028365433216095 0.9860655069351196 -1 -1 -1 -1 -1 -1 -1 -1 -1
0.5909743905067444 0.19075052440166473 0.4881207048892975 -1 -1 -1 -1 -1 -1 -1 -1 -1
0.585062563419342 0.18824046850204468 0.9775852560997009 -1 -1 -1 -1 -1 -1 -1 -1 -1
0.5889897346496582 0.18656809628009796 0.5004043579101562 -1 -1 -1 -1 -1 -1 -1 -1 -1
0.5835495591163635 0.1873837560415268 0.9711896777153015 -1 -1 -1 -1 -1 -1 -1 -1 -1
0.5896493196487427 0.19031564891338348 0.5161384344100952 -1 -1 -1 -1 -1 -1 -1 -1 -1
0.5843212604522705 0.19182641804218292 0.9513923525810242 -1 -1 -1 -1 -1 -1 -1 -1 -1
0.5724068284034729 0.4706650376319885 0.9987070560455322 -1 -1 -1 -1 -1 -1 -1 -1 -1
0.5703494548797607 0.475513756275177 0.9987121820449829 -1 -1 -1 -1 -1 -1 -1 -1 -1
0.5808671116828918 0.5598477125167847 0.16169483959674835 -1 -1 -1 -1 -1 -1 -1 -1 -1
0.5793038010597229 0.5727869272232056 0.9739078283309937 -1 -1 -1 -1 -1 -1 -1 -1 -1
0.5745887756347656 0.6666951179504395 0.2844671905040741 -1 -1 -1 -1 -1 -1 -1 -1 -1
0.5734313726425171 0.6817565560340881 0.975471019744873 -1 -1 -1 -1 -1 -1 -1 -1 -1
0.5671761631965637 0.680572509765625 0.3856060802936554 -1 -1 -1 -1 -1 -1 -1 -1 -1
0.5647172927856445 0.69759202003479 0.9605972766876221 -1 -1 -1 -1 -1 -1 -1 -1 -1
0.5948036909103394 0.6875970363616943 0.4769526422023773 -1 -1 -1 -1 -1 -1 -1 -1 -1
0.5934897065162659 0.7135420441627502 0.9564840197563171 -1 -1 -1 -1 -1 -1 -1 -1 -1
1 
33 
-1 -1 -1 -1 -1 -1 -1 -1 -1 -1
0.5799389481544495 0.2989252805709839 0.9947084188461304 -1 -1 -1 -1 -1 -1 -1 -1 -1
0.5769121050834656 0.2965269088745117 0.9931731820106506 -1 -1 -1 -1 -1 -1 -1 -1 -1
0.5766637325286865 0.29721200466156006 0.9898107051849365 -1 -1 -1 -1 -1 -1 -1 -1 -1
0.576299250125885 0.29785650968551636 0.9944761395454407 -1 -1 -1 -1 -1 -1 -1 -1 -1
0.5765475034713745 0.29591867327690125 0.9941840767860413 -1 -1 -1 -1 -1 -1 -1 -1 -1
0.5760337710380554 0.2968912124633789 0.9923056960105896 -1 -1 -1 -1 -1 -1 -1 -1 -1
0.5753801465034485 0.29742956161499023 0.99366295337677 -1 -1 -1 -1 -1 -1 -1 -1 -1
0.5724180936813354 0.30732160806655884 0.9882877469062805 -1 -1 -1 -1 -1 -1 -1 -1 -1
0.5706565380096436 0.307017982006073 0.9900069236755371 -1 -1 -1 -1 -1 -1 -1 -1 -1
0.5802701711654663 0.30747902393341064 0.990149974822998 -1 -1 -1 -1 -1 -1 -1 -1 -1
0.5799505710601807 0.307395339012146 0.9857661724090576 -1 -1 -1 -1 -1 -1 -1 -1 -1
0.5773738026618958 0.3494229316711426 0.9849882125854492 -1 -1 -1 -1 -1 -1 -1 -1 -1
0.5754833817481995 0.3420295715332031 0.9960528612136841 -1 -1 -1 -1 -1 -1 -1 -1 -1
0.5858314037322998 0.2849131226539612 0.2229994833469391 -1 -1 -1 -1 -1 -1 -1 -1 -1
0.5879688858985901 0.2804545760154724 0.98128741979599 -1 -1 -1 -1 -1 -1 -1 -1 -1
0.586500883102417 0.22230134904384613 0.5710217952728271 -1 -1 -1 -1 -1 -1 -1 -1 -1
0.5848771929740906 0.22126226127147675 0.9771878123283386 -1 -1 -1 -1 -1 -1 -1 -1 -1
0.5881209969520569 0.2042730301618576 0.5830409526824951 -1 -1 -1 -1 -1 -1 -1 -1 -1
0.5833044648170471 0.20933525264263153 0.9623256325721741 -1 -1 -1 -1 -1 -1 -1 -1 -1
0.5865548849105835 0.20109719038009644 0.5972084403038025 -1 -1 -1 -1 -1 -1 -1 -1 -1
0.5817656517028809 0.20988130569458008 0.9535607099533081 -1 -1 -1 -1 -1 -1 -1 -1 -1
0.5871381759643555 0.20476432144641876 0.6101804971694946 -1 -1 -1 -1 -1 -1 -1 -1 -1
0.5827487111091614 0.21204593777656555 0.9287548065185547 -1 -1 -1 -1 -1 -1 -1 -1 -1
0.5726528167724609 0.48870038986206055 0.9986211061477661 -1 -1 -1 -1 -1 -1 -1 -1 -1
0.5715539455413818 0.4897221028804779 0.9977880716323853 -1 -1 -1 -1 -1 -1 -1 -1 -1
0.5820580124855042 0.5806552171707153 0.14737588167190552 -1 -1 -1 -1 -1 -1 -1 -1 -1
0.5800341963768005 0.5822994709014893 0.9425221085548401 -1 -1 -1 -1 -1 -1 -1 -1 -1
0.5727595686912537 0.6786249279975891 0.28330302238464355 -1 -1 -1 -1 -1 -1 -1 -1 -1
0.5713236331939697 0.6878362894058228 0.9245680570602417 -1 -1 -1 -1 -1 -1 -1 -1 -1
0.5649008750915527 0.6926020383834839 0.3507451117038727 -1 -1 -1 -1 -1 -1 -1 -1 -1
0.5631470680236816 0.7009278535842896 0.8774688839912415 -1 -1 -1 -1 -1 -1 -1 -1 -1
0.5935455560684204 0.7085580825805664 0.42963510751724243 -1 -1 -1 -1 -1 -1 -1 -1 -1
0.594208836555481 0.7167152762413025 0.8876333236694336 -1 -1 -1 -1 -1 -1 -1 -1 -1
1 
33 
-1 -1 -1 -1 -1 -1 -1 -1 -1 -1
0.5805528163909912 0.3126027584075928 0.9996627569198608 -1 -1 -1 -1 -1 -1 -1 -1 -1
0.5787901878356934 0.3056526780128479 0.9994882345199585 -1 -1 -1 -1 -1 -1 -1 -1 -1
0.5789702534675598 0.3061909079551697 0.9990672469139099 -1 -1 -1 -1 -1 -1 -1 -1 -1
0.5791431665420532 0.30682462453842163 0.999354898929596 -1 -1 -1 -1 -1 -1 -1 -1 -1
0.5774964690208435 0.30536210536956787 0.9996614456176758 -1 -1 -1 -1 -1 -1 -1 -1 -1
0.5766915082931519 0.30580633878707886 0.9995960593223572 -1 -1 -1 -1 -1 -1 -1 -1 -1
0.5758997797966003 0.30632370710372925 0.9996911287307739 -1 -1 -1 -1 -1 -1 -1 -1 -1
0.5772742033004761 0.3166075050830841 0.9988705515861511 -1 -1 -1 -1 -1 -1 -1 -1 -1
0.5717536807060242 0.31613534688949585 0.9994882345199585 -1 -1 -1 -1 -1 -1 -1 -1 -1
0.581682562828064 0.32372811436653137 0.9991509914398193 -1 -1 -1 -1 -1 -1 -1 -1 -1
0.5804837346076965 0.3236596882343292 0.9992456436157227 -1 -1 -1 -1 -1 -1 -1 -1 -1
0.5838044285774231 0.36077284812927246 0.9935680031776428 -1 -1 -1 -1 -1 -1 -1 -1 -1
0.5691859722137451 0.35671794414520264 0.9994596838951111 -1 -1 -1 -1 -1 -1 -1 -1 -1
0.5910694599151611 0.29797476530075073 0.27724263072013855 -1 -1 -1 -1 -1 -1 -1 -1 -1
0.5717118978500366 0.2863747179508209 0.9925686717033386 -1 -1 -1 -1 -1 -1 -1 -1 -1
0.5894610285758972 0.24489201605319977 0.6414545774459839 -1 -1 -1 -1 -1 -1 -1 -1 -1
0.5580406188964844 0.23300772905349731 0.9919914603233337 -1 -1 -1 -1 -1 -1 -1 -1 -1
0.5897614359855652 0.2297622114419937 0.6379822492599487 -1 -1 -1 -1 -1 -1 -1 -1 -1
0.5508701801300049 0.22150394320487976 0.9855865240097046 -1 -1 -1 -1 -1 -1 -1 -1 -1
0.5883273482322693 0.22791898250579834 0.6370421051979065 -1 -1 -1 -1 -1 -1 -1 -1 -1
0.5512701272964478 0.22006404399871826 0.9821346998214722 -1 -1 -1 -1 -1 -1 -1 -1 -1
0.5870059728622437 0.23272669315338135 0.6414133906364441 -1 -1 -1 -1 -1 -1 -1 -1 -1
0.5556489825248718 0.22382372617721558 0.9740051627159119 -1 -1 -1 -1 -1 -1 -1 -1 -1
0.5723179578781128 0.49828335642814636 0.9986036419868469 -1 -1 -1 -1 -1 -1 -1 -1 -1
0.5670862793922424 0.499467134475708 0.9990980625152588 -1 -1 -1 -1 -1 -1 -1 -1 -1
0.5837154984474182 0.5861814022064209 0.18128827214241028 -1 -1 -1 -1 -1 -1 -1 -1 -1
0.5842925310134888 0.5901499390602112 0.967913806438446 -1 -1 -1 -1 -1 -1 -1 -1 -1
0.5716368556022644 0.6760453581809998 0.34937408566474915 -1 -1 -1 -1 -1 -1 -1 -1 -1
0.5706533193588257 0.692520260810852 0.9634701609611511 -1 -1 -1 -1 -1 -1 -1 -1 -1
0.5631003379821777 0.6985924243927002 0.48907992243766785 -1 -1 -1 -1 -1 -1 -1 -1 -1
0.5620195865631104 0.7101188898086548 0.9455476999282837 -1 -1 -1 -1 -1 -1 -1 -1 -1
0.5930809378623962 0.6932944059371948 0.4836418926715851 -1 -1 -1 -1 -1 -1 -1 -1 -1
0.5954339504241943 0.7197133898735046 0.9353330135345459 -1 -1 -1 -1 -1 -1 -1 -1 -1
1 
33 
-1 -1 -1 -1 -1 -1 -1 -1 -1 -1
0.590584933757782 0.3389657735824585 0.999103844165802 -1 -1 -1 -1 -1 -1 -1 -1 -1
0.5872946381568909 0.330690860748291 0.9987322688102722 -1 -1 -1 -1 -1 -1 -1 -1 -1
0.5868110656738281 0.3304023742675781 0.9981096982955933 -1 -1 -1 -1 -1 -1 -1 -1 -1
0.5863628387451172 0.33017611503601074 0.998794436454773 -1 -1 -1 -1 -1 -1 -1 -1 -1
0.58678138256073 0.33163970708847046 0.9990887641906738 -1 -1 -1 -1 -1 -1 -1 -1 -1
0.5857780575752258 0.3319430649280548 0.9990498423576355 -1 -1 -1 -1 -1 -1 -1 -1 -1
0.5847752690315247 0.3322680592536926 0.9992550015449524 -1 -1 -1 -1 -1 -1 -1 -1 -1
0.5799644589424133 0.3340558707714081 0.9985041618347168 -1 -1 -1 -1 -1 -1 -1 -1 -1
0.5782976150512695 0.3374210298061371 0.9992024302482605 -1 -1 -1 -1 -1 -1 -1 -1 -1
0.5891529321670532 0.34754547476768494 0.9975984692573547 -1 -1 -1 -1 -1 -1 -1 -1 -1
0.5882791876792908 0.3485519289970398 0.9977237582206726 -1 -1 -1 -1 -1 -1 -1 -1 -1
0.5781405568122864 0.3735993802547455 0.9917423725128174 -1 -1 -1 -1 -1 -1 -1 -1 -1
0.5695281028747559 0.3705347776412964 0.9987525939941406 -1 -1 -1 -1 -1 -1 -1 -1 -1
0.588456928730011 0.33197808265686035 0.1551639288663864 -1 -1 -1 -1 -1 -1 -1 -1 -1
0.5738195776939392 0.3284170925617218 0.9840492010116577 -1 -1 -1 -1 -1 -1 -1 -1 -1
0.5801049470901489 0.2857682704925537 0.37669509649276733 -1 -1 -1 -1 -1 -1 -1 -1 -1
0.5613225698471069 0.2787385582923889 0.9842208623886108 -1 -1 -1 -1 -1 -1 -1 -1 -1
0.5804187059402466 0.2707843482494354 0.4290444254875183 -1 -1 -1 -1 -1 -1 -1 -1 -1
0.5572715997695923 0.27019524574279785 0.9772948026657104 -1 -1 -1 -1 -1 -1 -1 -1 -1
0.5789477825164795 0.26851096749305725 0.43593788146972656 -1 -1 -1 -1 -1 -1 -1 -1 -1
0.555810272693634 0.2696612477302551 0.9741385579109192 -1 -1 -1 -1 -1 -1 -1 -1 -1
0.5799862742424011 0.271985799074173 0.4519279897212982 -1 -1 -1 -1 -1 -1 -1 -1 -1
0.5572277903556824 0.2729189693927765 0.9616994261741638 -1 -1 -1 -1 -1 -1 -1 -1 -1
0.5702455043792725 0.5135821104049683 0.9983364939689636 -1 -1 -1 -1 -1 -1 -1 -1 -1
0.5657519102096558 0.5141304731369019 0.9986022114753723 -1 -1 -1 -1 -1 -1 -1 -1 -1
0.5879972577095032 0.5947484970092773 0.40327784419059753 -1 -1 -1 -1 -1 -1 -1 -1 -1
0.5896949172019958 0.5988733172416687 0.9799067378044128 -1 -1 -1 -1 -1 -1 -1 -1 -1
0.5629361271858215 0.6694549322128296 0.5478907227516174 -1 -1 -1 -1 -1 -1 -1 -1 -1
0.5680137276649475 0.6931082010269165 0.986968994140625 -1 -1 -1 -1 -1 -1 -1 -1 -1
0.5596345663070679 0.6944330334663391 0.6288154125213623 -1 -1 -1 -1 -1 -1 -1 -1 -1
0.559890866279602 0.7034841179847717 0.9769391417503357 -1 -1 -1 -1 -1 -1 -1 -1 -1
0.5755858421325684 0.6967548727989197 0.6841326951980591 -1 -1 -1 -1 -1 -1 -1 -1 -1
0.5920930504798889 0.707931399345398 0.9773394465446472 -1 -1 -1 -1 -1 -1 -1 -1 -1
1 
33 
-1 -1 -1 -1 -1 -1 -1 -1 -1 -1
0.5760577917098999 0.31147193908691406 0.9952125549316406 -1 -1 -1 -1 -1 -1 -1 -1 -1
0.5729765892028809 0.30573299527168274 0.9949794411659241 -1 -1 -1 -1 -1 -1 -1 -1 -1
0.5728843808174133 0.30592286586761475 0.9923621416091919 -1 -1 -1 -1 -1 -1 -1 -1 -1
0.5728127360343933 0.30616116523742676 0.9954236149787903 -1 -1 -1 -1 -1 -1 -1 -1 -1
0.5718349814414978 0.3062555193901062 0.9970158338546753 -1 -1 -1 -1 -1 -1 -1 -1 -1
0.5708810091018677 0.30681219696998596 0.9965625405311584 -1 -1 -1 -1 -1 -1 -1 -1 -1
0.5699422359466553 0.3073735237121582 0.9974170923233032 -1 -1 -1 -1 -1 -1 -1 -1 -1
0.5680837035179138 0.31375616788864136 0.9930238723754883 -1 -1 -1 -1 -1 -1 -1 -1 -1
0.5649051070213318 0.3161776661872864 0.9976927042007446 -1 -1 -1 -1 -1 -1 -1 -1 -1
0.5761538147926331 0.3214578330516815 0.9901352524757385 -1 -1 -1 -1 -1 -1 -1 -1 -1
0.574711263179779 0.3220164179801941 0.9920868277549744 -1 -1 -1 -1 -1 -1 -1 -1 -1
0.5641855597496033 0.35634177923202515 0.995674192905426 -1 -1 -1 -1 -1 -1 -1 -1 -1
0.5673516988754272 0.3596508502960205 0.9980767965316772 -1 -1 -1 -1 -1 -1 -1 -1 -1
0.570184588432312 0.3374696671962738 0.12092511355876923 -1 -1 -1 -1 -1 -1 -1 -1 -1
0.5894575119018555 0.3672361373901367 0.8620111346244812 -1 -1 -1 -1 -1 -1 -1 -1 -1
0.5695924162864685 0.29839661717414856 0.2236092984676361 -1 -1 -1 -1 -1 -1 -1 -1 -1
0.5925127267837524 0.34481215476989746 0.6344922184944153 -1 -1 -1 -1 -1 -1 -1 -1 -1
0.5682032704353333 0.2910776138305664 0.27435725927352905 -1 -1 -1 -1 -1 -1 -1 -1 -1
0.5939145088195801 0.3429533541202545 0.6236537098884583 -1 -1 -1 -1 -1 -1 -1 -1 -1
0.5684838891029358 0.2892128825187683 0.2833414077758789 -1 -1 -1 -1 -1 -1 -1 -1 -1
0.5912789702415466 0.3400992155075073 0.6182495355606079 -1 -1 -1 -1 -1 -1 -1 -1 -1
0.5695905685424805 0.29266202449798584 0.2822117209434509 -1 -1 -1 -1 -1 -1 -1 -1 -1
0.5899908542633057 0.3421125113964081 0.5660043358802795 -1 -1 -1 -1 -1 -1 -1 -1 -1
0.5687683820724487 0.49764522910118103 0.9988341927528381 -1 -1 -1 -1 -1 -1 -1 -1 -1
0.5658400058746338 0.4951297342777252 0.9987265467643738 -1 -1 -1 -1 -1 -1 -1 -1 -1
0.5850148797035217 0.5909167528152466 0.4186733663082123 -1 -1 -1 -1 -1 -1 -1 -1 -1
0.5960479378700256 0.6019757986068726 0.9408922791481018 -1 -1 -1 -1 -1 -1 -1 -1 -1
0.5648349523544312 0.6643024682998657 0.5895418524742126 -1 -1 -1 -1 -1 -1 -1 -1 -1
0.5676075220108032 0.6799187064170837 0.9591817259788513 -1 -1 -1 -1 -1 -1 -1 -1 -1
0.5604572296142578 0.6809340715408325 0.5556672215461731 -1 -1 -1 -1 -1 -1 -1 -1 -1
0.5564253926277161 0.6879783868789673 0.9109143018722534 -1 -1 -1 -1 -1 -1 -1 -1 -1
0.573866069316864 0.6860439777374268 0.7093462944030762 -1 -1 -1 -1 -1 -1 -1 -1 -1
0.5709864497184753 0.7076747417449951 0.9559499621391296 -1 -1 -1 -1 -1 -1 -1 -1 -1
1 
33 
-1 -1 -1 -1 -1 -1 -1 -1 -1 -1
0.5667005777359009 0.28889429569244385 0.9928866028785706 -1 -1 -1 -1 -1 -1 -1 -1 -1
0.5672128796577454 0.2836763858795166 0.9927020072937012 -1 -1 -1 -1 -1 -1 -1 -1 -1
0.5674368739128113 0.2839328944683075 0.989785373210907 -1 -1 -1 -1 -1 -1 -1 -1 -1
0.5676642656326294 0.28421106934547424 0.9933344125747681 -1 -1 -1 -1 -1 -1 -1 -1 -1
0.5671206712722778 0.28329914808273315 0.9938066005706787 -1 -1 -1 -1 -1 -1 -1 -1 -1
0.5671745538711548 0.2833145260810852 0.9898295998573303 -1 -1 -1 -1 -1 -1 -1 -1 -1
0.5672538876533508 0.283363938331604 0.9946552515029907 -1 -1 -1 -1 -1 -1 -1 -1 -1
0.5688621997833252 0.29010209441185 0.9930151700973511 -1 -1 -1 -1 -1 -1 -1 -1 -1
0.5686940550804138 0.28903287649154663 0.9908614158630371 -1 -1 -1 -1 -1 -1 -1 -1 -1
0.5674954652786255 0.29726794362068176 0.9918485879898071 -1 -1 -1 -1 -1 -1 -1 -1 -1
0.5668681263923645 0.29683899879455566 0.9922608733177185 -1 -1 -1 -1 -1 -1 -1 -1 -1
0.5678150653839111 0.3209327161312103 0.9997784495353699 -1 -1 -1 -1 -1 -1 -1 -1 -1
0.5734337568283081 0.3264990746974945 0.9997232556343079 -1 -1 -1 -1 -1 -1 -1 -1 -1
0.5570111870765686 0.36393049359321594 0.47250765562057495 -1 -1 -1 -1 -1 -1 -1 -1 -1
0.5778314471244812 0.37030264735221863 0.30333101749420166 -1 -1 -1 -1 -1 -1 -1 -1 -1
0.5568287968635559 0.3915836811065674 0.23265023529529572 -1 -1 -1 -1 -1 -1 -1 -1 -1
0.5783178210258484 0.38856980204582214 0.2947477400302887 -1 -1 -1 -1 -1 -1 -1 -1 -1
0.5573666095733643 0.4010245203971863 0.2665272057056427 -1 -1 -1 -1 -1 -1 -1 -1 -1
0.5796902775764465 0.39716801047325134 0.3210485279560089 -1 -1 -1 -1 -1 -1 -1 -1 -1
0.5592542290687561 0.3991759419441223 0.2515636384487152 -1 -1 -1 -1 -1 -1 -1 -1 -1
0.5775863528251648 0.392168790102005 0.31438931822776794 -1 -1 -1 -1 -1 -1 -1 -1 -1
0.5597743391990662 0.39696210622787476 0.23115959763526917 -1 -1 -1 -1 -1 -1 -1 -1 -1
0.5763779878616333 0.38907843828201294 0.30062946677207947 -1 -1 -1 -1 -1 -1 -1 -1 -1
0.5749211311340332 0.42194321751594543 0.9996395111083984 -1 -1 -1 -1 -1 -1 -1 -1 -1
0.573221743106842 0.42683646082878113 0.9995456337928772 -1 -1 -1 -1 -1 -1 -1 -1 -1
0.5746243596076965 0.5144917964935303 0.9555957317352295 -1 -1 -1 -1 -1 -1 -1 -1 -1
0.5607233643531799 0.5184867978096008 0.8171588778495789 -1 -1 -1 -1 -1 -1 -1 -1 -1
0.5912832617759705 0.6022030115127563 0.9171128273010254 -1 -1 -1 -1 -1 -1 -1 -1 -1
0.5680385828018188 0.6119352579116821 0.7887478470802307 -1 -1 -1 -1 -1 -1 -1 -1 -1
0.5980411767959595 0.614314079284668 0.8396114706993103 -1 -1 -1 -1 -1 -1 -1 -1 -1
0.5734089016914368 0.6276637315750122 0.7959142327308655 -1 -1 -1 -1 -1 -1 -1 -1 -1
0.5940086841583252 0.6349148750305176 0.8815900683403015 -1 -1 -1 -1 -1 -1 -1 -1 -1
0.5573520660400391 0.6384603381156921 0.7794173359870911 -1 -1 -1 -1 -1 -1 -1 -1 -1
1 
33 
-1 -1 -1 -1 -1 -1 -1 -1 -1 -1
0.5639002919197083 0.29644232988357544 0.9869488477706909 -1 -1 -1 -1 -1 -1 -1 -1 -1
0.5637674927711487 0.29154425859451294 0.9883671402931213 -1 -1 -1 -1 -1 -1 -1 -1 -1
0.563368022441864 0.29192373156547546 0.9877690672874451 -1 -1 -1 -1 -1 -1 -1 -1 -1
0.5629817843437195 0.29234209656715393 0.9912672638893127 -1 -1 -1 -1 -1 -1 -1 -1 -1
0.5653138756752014 0.29143619537353516 0.9887384176254272 -1 -1 -1 -1 -1 -1 -1 -1 -1
0.5658350586891174 0.2918289303779602 0.9860461354255676 -1 -1 -1 -1 -1 -1 -1 -1 -1
0.5663827657699585 0.29223066568374634 0.9890428185462952 -1 -1 -1 -1 -1 -1 -1 -1 -1
0.5630583763122559 0.3008041977882385 0.9870004653930664 -1 -1 -1 -1 -1 -1 -1 -1 -1
0.5681318640708923 0.30042725801467896 0.9888198971748352 -1 -1 -1 -1 -1 -1 -1 -1 -1
0.5632957816123962 0.3060387670993805 0.9868118166923523 -1 -1 -1 -1 -1 -1 -1 -1 -1
0.564611554145813 0.3060523271560669 0.9849461317062378 -1 -1 -1 -1 -1 -1 -1 -1 -1
0.5605339407920837 0.33762025833129883 0.9996401071548462 -1 -1 -1 -1 -1 -1 -1 -1 -1
0.5761303305625916 0.34043341875076294 0.9941741824150085 -1 -1 -1 -1 -1 -1 -1 -1 -1
0.5620774626731873 0.35219767689704895 0.4335237741470337 -1 -1 -1 -1 -1 -1 -1 -1 -1
0.5856554508209229 0.3333209455013275 0.5055896639823914 -1 -1 -1 -1 -1 -1 -1 -1 -1
0.5651553273200989 0.34150487184524536 0.5669398903846741 -1 -1 -1 -1 -1 -1 -1 -1 -1
0.5865748524665833 0.2997899353504181 0.592623233795166 -1 -1 -1 -1 -1 -1 -1 -1 -1
0.5676121711730957 0.3379765748977661 0.616285502910614 -1 -1 -1 -1 -1 -1 -1 -1 -1
0.5899323225021362 0.2911691665649414 0.6234265565872192 -1 -1 -1 -1 -1 -1 -1 -1 -1
0.568344235420227 0.333971232175827 0.6192551851272583 -1 -1 -1 -1 -1 -1 -1 -1 -1
0.5875759124755859 0.28832727670669556 0.6274212002754211 -1 -1 -1 -1 -1 -1 -1 -1 -1
0.568583071231842 0.33663082122802734 0.5404343008995056 -1 -1 -1 -1 -1 -1 -1 -1 -1
0.5857685208320618 0.29232943058013916 0.5765527486801147 -1 -1 -1 -1 -1 -1 -1 -1 -1
0.593059241771698 0.46318668127059937 0.9998494386672974 -1 -1 -1 -1 -1 -1 -1 -1 -1
0.5988401770591736 0.467986136674881 0.9997254014015198 -1 -1 -1 -1 -1 -1 -1 -1 -1
0.5811102390289307 0.5808002948760986 0.9244523048400879 -1 -1 -1 -1 -1 -1 -1 -1 -1
0.5729665160179138 0.5559079647064209 0.7688896059989929 -1 -1 -1 -1 -1 -1 -1 -1 -1
0.5759250521659851 0.6798911094665527 0.9383594393730164 -1 -1 -1 -1 -1 -1 -1 -1 -1
0.5778457522392273 0.6647664308547974 0.876051664352417 -1 -1 -1 -1 -1 -1 -1 -1 -1
0.567900538444519 0.6923488974571228 0.9388155341148376 -1 -1 -1 -1 -1 -1 -1 -1 -1
0.5819215178489685 0.6672931909561157 0.9067749977111816 -1 -1 -1 -1 -1 -1 -1 -1 -1
0.5769344568252563 0.7058306932449341 0.9291526079177856 -1 -1 -1 -1 -1 -1 -1 -1 -1
0.5827096700668335 0.6911273002624512 0.9089483618736267 -1 -1 -1 -1 -1 -1 -1 -1 -1
1 
33 
-1 -1 -1 -1 -1 -1 -1 -1 -1 -1
0.5763168334960938 0.3232203423976898 0.9933214783668518 -1 -1 -1 -1 -1 -1 -1 -1 -1
0.5740922093391418 0.31629279255867004 0.9927273988723755 -1 -1 -1 -1 -1 -1 -1 -1 -1
0.5736879706382751 0.3165379762649536 0.9898611307144165 -1 -1 -1 -1 -1 -1 -1 -1 -1
0.5733038783073425 0.3168121576309204 0.9940728545188904 -1 -1 -1 -1 -1 -1 -1 -1 -1
0.5741260647773743 0.31571054458618164 0.9945228099822998 -1 -1 -1 -1 -1 -1 -1 -1 -1
0.5736640095710754 0.31556546688079834 0.9933552742004395 -1 -1 -1 -1 -1 -1 -1 -1 -1
0.5732038617134094 0.3154338002204895 0.9948378205299377 -1 -1 -1 -1 -1 -1 -1 -1 -1
0.5688416957855225 0.32215023040771484 0.9915204644203186 -1 -1 -1 -1 -1 -1 -1 -1 -1
0.5690572261810303 0.32108333706855774 0.994388997554779 -1 -1 -1 -1 -1 -1 -1 -1 -1
0.5750541090965271 0.33387821912765503 0.9908738136291504 -1 -1 -1 -1 -1 -1 -1 -1 -1
0.5750702619552612 0.33314037322998047 0.9912375211715698 -1 -1 -1 -1 -1 -1 -1 -1 -1
0.5678554177284241 0.3708638846874237 0.9975663423538208 -1 -1 -1 -1 -1 -1 -1 -1 -1
0.5641917586326599 0.3676360845565796 0.9988859295845032 -1 -1 -1 -1 -1 -1 -1 -1 -1
0.5689545273780823 0.4081840515136719 0.06913310289382935 -1 -1 -1 -1 -1 -1 -1 -1 -1
0.5606181621551514 0.4128124415874481 0.654491662979126 -1 -1 -1 -1 -1 -1 -1 -1 -1
0.572022557258606 0.4076864719390869 0.1448325365781784 -1 -1 -1 -1 -1 -1 -1 -1 -1
0.5560638904571533 0.42258211970329285 0.6861852407455444 -1 -1 -1 -1 -1 -1 -1 -1 -1
0.5717381238937378 0.41353118419647217 0.19319912791252136 -1 -1 -1 -1 -1 -1 -1 -1 -1
0.5531367063522339 0.43010467290878296 0.7123975157737732 -1 -1 -1 -1 -1 -1 -1 -1 -1
0.5729904174804688 0.40555572509765625 0.19625286757946014 -1 -1 -1 -1 -1 -1 -1 -1 -1
0.5536220073699951 0.4243268668651581 0.7040649652481079 -1 -1 -1 -1 -1 -1 -1 -1 -1
0.5737064480781555 0.4029078781604767 0.18083365261554718 -1 -1 -1 -1 -1 -1 -1 -1 -1
0.554401159286499 0.42134517431259155 0.6313888430595398 -1 -1 -1 -1 -1 -1 -1 -1 -1
0.5729140043258667 0.5121645927429199 0.9989284873008728 -1 -1 -1 -1 -1 -1 -1 -1 -1
0.5652709007263184 0.5092460513114929 0.9986754059791565 -1 -1 -1 -1 -1 -1 -1 -1 -1
0.5984926819801331 0.607118546962738 0.8182370662689209 -1 -1 -1 -1 -1 -1 -1 -1 -1
0.578629195690155 0.6097621917724609 0.9685386419296265 -1 -1 -1 -1 -1 -1 -1 -1 -1
0.5769619345664978 0.6936648488044739 0.8891788721084595 -1 -1 -1 -1 -1 -1 -1 -1 -1
0.5701923370361328 0.7019729614257812 0.981170654296875 -1 -1 -1 -1 -1 -1 -1 -1 -1
0.5691080093383789 0.703788161277771 0.8721168637275696 -1 -1 -1 -1 -1 -1 -1 -1 -1
0.5621702075004578 0.7049078941345215 0.9372888803482056 -1 -1 -1 -1 -1 -1 -1 -1 -1
0.5893121957778931 0.7194246053695679 0.9047332406044006 -1 -1 -1 -1 -1 -1 -1 -1 -1
0.5639344453811646 0.7317308783531189 0.9753588438034058 -1 -1 -1 -1 -1 -1 -1 -1 -1
1 
33 
-1 -1 -1 -1 -1 -1 -1 -1 -1 -1
0.5634670853614807 0.45929253101348877 0.9185064435005188 -1 -1 -1 -1 -1 -1 -1 -1 -1
0.5616994500160217 0.45706474781036377 0.9113009572029114 -1 -1 -1 -1 -1 -1 -1 -1 -1
0.5606732964515686 0.4583069086074829 0.9036568999290466 -1 -1 -1 -1 -1 -1 -1 -1 -1
0.5596664547920227 0.45960742235183716 0.9157285094261169 -1 -1 -1 -1 -1 -1 -1 -1 -1
0.5644376277923584 0.4540642499923706 0.9190765023231506 -1 -1 -1 -1 -1 -1 -1 -1 -1
0.56532222032547 0.453273743391037 0.9256792664527893 -1 -1 -1 -1 -1 -1 -1 -1 -1
0.5662119388580322 0.4525076746940613 0.9346218705177307 -1 -1 -1 -1 -1 -1 -1 -1 -1
0.5578360557556152 0.4659724235534668 0.7840458750724792 -1 -1 -1 -1 -1 -1 -1 -1 -1
0.567291796207428 0.4570009112358093 0.8847604990005493 -1 -1 -1 -1 -1 -1 -1 -1 -1
0.5621501207351685 0.4684045612812042 0.8602546453475952 -1 -1 -1 -1 -1 -1 -1 -1 -1
0.5654588341712952 0.46522408723831177 0.8696044683456421 -1 -1 -1 -1 -1 -1 -1 -1 -1
0.5600298047065735 0.507544755935669 0.9837872385978699 -1 -1 -1 -1 -1 -1 -1 -1 -1
0.5694328546524048 0.47399741411209106 0.9992795586585999 -1 -1 -1 -1 -1 -1 -1 -1 -1
0.5651170611381531 0.5491754412651062 0.07789044827222824 -1 -1 -1 -1 -1 -1 -1 -1 -1
0.5750869512557983 0.4859755337238312 0.3651108741760254 -1 -1 -1 -1 -1 -1 -1 -1 -1
0.5772262215614319 0.5592683553695679 0.14316894114017487 -1 -1 -1 -1 -1 -1 -1 -1 -1
0.5801535248756409 0.4649121165275574 0.48359793424606323 -1 -1 -1 -1 -1 -1 -1 -1 -1
0.5777202248573303 0.5635486245155334 0.17831586301326752 -1 -1 -1 -1 -1 -1 -1 -1 -1
0.5798816680908203 0.45867156982421875 0.5221611857414246 -1 -1 -1 -1 -1 -1 -1 -1 -1
0.5810419321060181 0.5588789582252502 0.19038283824920654 -1 -1 -1 -1 -1 -1 -1 -1 -1
0.5796322822570801 0.45841220021247864 0.5213508009910583 -1 -1 -1 -1 -1 -1 -1 -1 -1
0.5811651945114136 0.5568780303001404 0.17862537503242493 -1 -1 -1 -1 -1 -1 -1 -1 -1
0.5798987150192261 0.4609074890613556 0.4763208329677582 -1 -1 -1 -1 -1 -1 -1 -1 -1
0.5622797608375549 0.612228512763977 0.9998303651809692 -1 -1 -1 -1 -1 -1 -1 -1 -1
0.5647574067115784 0.5869299173355103 0.999967098236084 -1 -1 -1 -1 -1 -1 -1 -1 -1
0.5868692994117737 0.6506643295288086 0.8152855038642883 -1 -1 -1 -1 -1 -1 -1 -1 -1
0.572819173336029 0.5894125699996948 0.9863995313644409 -1 -1 -1 -1 -1 -1 -1 -1 -1
0.5791935920715332 0.6953203082084656 0.9455318450927734 -1 -1 -1 -1 -1 -1 -1 -1 -1
0.5872297286987305 0.6561732292175293 0.9885945320129395 -1 -1 -1 -1 -1 -1 -1 -1 -1
0.576098620891571 0.7137916088104248 0.9294573068618774 -1 -1 -1 -1 -1 -1 -1 -1 -1
0.5815470218658447 0.6861659288406372 0.9722625017166138 -1 -1 -1 -1 -1 -1 -1 -1 -1
0.583326518535614 0.7252382040023804 0.950956404209137 -1 -1 -1 -1 -1 -1 -1 -1 -1
0.59328293800354 0.7079935669898987 0.98964524269104 -1 -1 -1 -1 -1 -1 -1 -1 -1
1 
33 
-1 -1 -1 -1 -1 -1 -1 -1 -1 -1
0.6119146943092346 0.5488761067390442 0.8618990182876587 -1 -1 -1 -1 -1 -1 -1 -1 -1
0.6117240190505981 0.5371865630149841 0.8118820190429688 -1 -1 -1 -1 -1 -1 -1 -1 -1
0.6112033724784851 0.536139726638794 0.8020159602165222 -1 -1 -1 -1 -1 -1 -1 -1 -1
0.6105430126190186 0.5348110198974609 0.8052835464477539 -1 -1 -1 -1 -1 -1 -1 -1 -1
0.6111716628074646 0.5371131300926208 0.8279435634613037 -1 -1 -1 -1 -1 -1 -1 -1 -1
0.6103527545928955 0.5361149907112122 0.8137038350105286 -1 -1 -1 -1 -1 -1 -1 -1 -1
0.609502911567688 0.5352216958999634 0.7953450083732605 -1 -1 -1 -1 -1 -1 -1 -1 -1
0.6038936376571655 0.5332121849060059 0.6526235938072205 -1 -1 -1 -1 -1 -1 -1 -1 -1
0.6032963395118713 0.5360345840454102 0.7322152853012085 -1 -1 -1 -1 -1 -1 -1 -1 -1
0.6072452068328857 0.5539863705635071 0.8002932071685791 -1 -1 -1 -1 -1 -1 -1 -1 -1
0.6060962080955505 0.553675651550293 0.8031968474388123 -1 -1 -1 -1 -1 -1 -1 -1 -1
0.5903201699256897 0.5655480027198792 0.9763630628585815 -1 -1 -1 -1 -1 -1 -1 -1 -1
0.5853875875473022 0.5748003125190735 0.9848912358283997 -1 -1 -1 -1 -1 -1 -1 -1 -1
0.5874747633934021 0.6325387954711914 0.031199686229228973 -1 -1 -1 -1 -1 -1 -1 -1 -1
0.5874280333518982 0.6699068546295166 0.7111132144927979 -1 -1 -1 -1 -1 -1 -1 -1 -1
0.5901175737380981 0.68311607837677 0.06902285665273666 -1 -1 -1 -1 -1 -1 -1 -1 -1
0.5984106659889221 0.6988940834999084 0.7497105002403259 -1 -1 -1 -1 -1 -1 -1 -1 -1
0.5906630754470825 0.6909909844398499 0.0910695269703865 -1 -1 -1 -1 -1 -1 -1 -1 -1
0.6029807329177856 0.7229492664337158 0.7420771718025208 -1 -1 -1 -1 -1 -1 -1 -1 -1
0.5937323570251465 0.694170355796814 0.10498054325580597 -1 -1 -1 -1 -1 -1 -1 -1 -1
0.6043632626533508 0.7229867577552795 0.7573955655097961 -1 -1 -1 -1 -1 -1 -1 -1 -1
0.5929710865020752 0.6918713450431824 0.11710293591022491 -1 -1 -1 -1 -1 -1 -1 -1 -1
0.6002287268638611 0.7031230926513672 0.6938371658325195 -1 -1 -1 -1 -1 -1 -1 -1 -1
0.5850425362586975 0.6521926522254944 0.9993259906768799 -1 -1 -1 -1 -1 -1 -1 -1 -1
0.5740880370140076 0.6531493663787842 0.9991990923881531 -1 -1 -1 -1 -1 -1 -1 -1 -1
0.5885191559791565 0.6892967224121094 0.3071679174900055 -1 -1 -1 -1 -1 -1 -1 -1 -1
0.5560687780380249 0.6544867753982544 0.5816377997398376 -1 -1 -1 -1 -1 -1 -1 -1 -1
0.5746133327484131 0.7522315382957458 0.48132991790771484 -1 -1 -1 -1 -1 -1 -1 -1 -1
0.5214077234268188 0.6751992702484131 0.6360673904418945 -1 -1 -1 -1 -1 -1 -1 -1 -1
0.5681164860725403 0.7577759027481079 0.43977463245391846 -1 -1 -1 -1 -1 -1 -1 -1 -1
0.5137004852294922 0.6765094995498657 0.5659499168395996 -1 -1 -1 -1 -1 -1 -1 -1 -1
0.584092378616333 0.7841514945030212 0.5681340098381042 -1 -1 -1 -1 -1 -1 -1 -1 -1
0.5212770104408264 0.6957792639732361 0.6915342211723328 -1 -1 -1 -1 -1 -1 -1 -1 -1
1 
33 
-1 -1 -1 -1 -1 -1 -1 -1 -1 -1
0.6091602444648743 0.5628458261489868 0.6270095705986023 -1 -1 -1 -1 -1 -1 -1 -1 -1
0.6081807613372803 0.552797257900238 0.5308645963668823 -1 -1 -1 -1 -1 -1 -1 -1 -1
0.6074674129486084 0.5518174767494202 0.5071435570716858 -1 -1 -1 -1 -1 -1 -1 -1 -1
0.6067357063293457 0.5505674481391907 0.5489872694015503 -1 -1 -1 -1 -1 -1 -1 -1 -1
0.6080504655838013 0.5540130734443665 0.6665886044502258 -1 -1 -1 -1 -1 -1 -1 -1 -1
0.6073976159095764 0.5538972616195679 0.6377438902854919 -1 -1 -1 -1 -1 -1 -1 -1 -1
0.6066890954971313 0.5534321665763855 0.6421719193458557 -1 -1 -1 -1 -1 -1 -1 -1 -1
0.6011937260627747 0.5511701107025146 0.5285294055938721 -1 -1 -1 -1 -1 -1 -1 -1 -1
0.601275622844696 0.553767204284668 0.6050927639007568 -1 -1 -1 -1 -1 -1 -1 -1 -1
0.6041515469551086 0.5648124814033508 0.6384677886962891 -1 -1 -1 -1 -1 -1 -1 -1 -1
0.6038758754730225 0.567607581615448 0.6696906685829163 -1 -1 -1 -1 -1 -1 -1 -1 -1
0.5860515236854553 0.5673493146896362 0.9453316926956177 -1 -1 -1 -1 -1 -1 -1 -1 -1
0.5842134356498718 0.581446647644043 0.9846996665000916 -1 -1 -1 -1 -1 -1 -1 -1 -1
0.5883277058601379 0.5471718907356262 0.11880703270435333 -1 -1 -1 -1 -1 -1 -1 -1 -1
0.5913944840431213 0.6367315649986267 0.7717646360397339 -1 -1 -1 -1 -1 -1 -1 -1 -1
0.5804101228713989 0.5401224493980408 0.1633680909872055 -1 -1 -1 -1 -1 -1 -1 -1 -1
0.6097432374954224 0.6789168119430542 0.5555324554443359 -1 -1 -1 -1 -1 -1 -1 -1 -1
0.5755327343940735 0.5369170904159546 0.1757117211818695 -1 -1 -1 -1 -1 -1 -1 -1 -1
0.6121693253517151 0.6924715042114258 0.5472113490104675 -1 -1 -1 -1 -1 -1 -1 -1 -1
0.5779674649238586 0.5333910584449768 0.18145543336868286 -1 -1 -1 -1 -1 -1 -1 -1 -1
0.6155837774276733 0.6894500255584717 0.5360848307609558 -1 -1 -1 -1 -1 -1 -1 -1 -1
0.5808016657829285 0.5364190936088562 0.17893435060977936 -1 -1 -1 -1 -1 -1 -1 -1 -1
0.6148322224617004 0.6830900311470032 0.4334278106689453 -1 -1 -1 -1 -1 -1 -1 -1 -1
0.5774182677268982 0.6487848162651062 0.9932895302772522 -1 -1 -1 -1 -1 -1 -1 -1 -1
0.561412513256073 0.6629188656806946 0.9967781901359558 -1 -1 -1 -1 -1 -1 -1 -1 -1
0.6188183426856995 0.7007269859313965 0.6534796953201294 -1 -1 -1 -1 -1 -1 -1 -1 -1
0.5599923133850098 0.7196541428565979 0.9673299789428711 -1 -1 -1 -1 -1 -1 -1 -1 -1
0.5962218642234802 0.7793306708335876 0.6891896724700928 -1 -1 -1 -1 -1 -1 -1 -1 -1
0.5737234950065613 0.8220723867416382 0.9739963412284851 -1 -1 -1 -1 -1 -1 -1 -1 -1
0.5880254507064819 0.7877887487411499 0.699910581111908 -1 -1 -1 -1 -1 -1 -1 -1 -1
0.5651509761810303 0.8306924700737 0.9329245090484619 -1 -1 -1 -1 -1 -1 -1 -1 -1
0.6068374514579773 0.8153578639030457 0.7271027565002441 -1 -1 -1 -1 -1 -1 -1 -1 -1
0.585395872592926 0.8518869876861572 0.9601300358772278 -1 -1 -1 -1 -1 -1 -1 -1 -1
1 
33 
-1 -1 -1 -1 -1 -1 -1 -1 -1 -1
0.602855384349823 0.5721383094787598 0.9430655837059021 -1 -1 -1 -1 -1 -1 -1 -1 -1
0.6030287742614746 0.569394588470459 0.912647545337677 -1 -1 -1 -1 -1 -1 -1 -1 -1
0.6026932001113892 0.5688327550888062 0.9013063907623291 -1 -1 -1 -1 -1 -1 -1 -1 -1
0.6022506356239319 0.5678038001060486 0.9141740202903748 -1 -1 -1 -1 -1 -1 -1 -1 -1
0.6024529337882996 0.5689690113067627 0.941584050655365 -1 -1 -1 -1 -1 -1 -1 -1 -1
0.6018952131271362 0.5683004856109619 0.9351713061332703 -1 -1 -1 -1 -1 -1 -1 -1 -1
0.6012240648269653 0.567043662071228 0.9347922801971436 -1 -1 -1 -1 -1 -1 -1 -1 -1
0.59669029712677 0.5654749870300293 0.8498807549476624 -1 -1 -1 -1 -1 -1 -1 -1 -1
0.5963708162307739 0.5621196031570435 0.9064716100692749 -1 -1 -1 -1 -1 -1 -1 -1 -1
0.5995479822158813 0.5766311287879944 0.9103668332099915 -1 -1 -1 -1 -1 -1 -1 -1 -1
0.5988994240760803 0.577187180519104 0.8557921051979065 -1 -1 -1 -1 -1 -1 -1 -1 -1
0.5798501372337341 0.584536612033844 0.9753161072731018 -1 -1 -1 -1 -1 -1 -1 -1 -1
0.5810309052467346 0.5638822913169861 0.9979294538497925 -1 -1 -1 -1 -1 -1 -1 -1 -1
0.5976405143737793 0.6012132167816162 0.12770678102970123 -1 -1 -1 -1 -1 -1 -1 -1 -1
0.6082148551940918 0.6118273138999939 0.8563100695610046 -1 -1 -1 -1 -1 -1 -1 -1 -1
0.619308590888977 0.6085918545722961 0.18326064944267273 -1 -1 -1 -1 -1 -1 -1 -1 -1
0.6384091377258301 0.6056091785430908 0.6294999718666077 -1 -1 -1 -1 -1 -1 -1 -1 -1
0.623185932636261 0.6112022995948792 0.18794775009155273 -1 -1 -1 -1 -1 -1 -1 -1 -1
0.644349217414856 0.6073161363601685 0.6276271343231201 -1 -1 -1 -1 -1 -1 -1 -1 -1
0.6261433959007263 0.6044185757637024 0.1975967139005661 -1 -1 -1 -1 -1 -1 -1 -1 -1
0.6440942883491516 0.602876603603363 0.622231662273407 -1 -1 -1 -1 -1 -1 -1 -1 -1
0.625808835029602 0.6036096215248108 0.21390877664089203 -1 -1 -1 -1 -1 -1 -1 -1 -1
0.6422016024589539 0.6017193794250488 0.5512456893920898 -1 -1 -1 -1 -1 -1 -1 -1 -1
0.562922477722168 0.6612264513969421 0.9992225170135498 -1 -1 -1 -1 -1 -1 -1 -1 -1
0.5612388849258423 0.6464463472366333 0.999713122844696 -1 -1 -1 -1 -1 -1 -1 -1 -1
0.5998362302780151 0.6978492736816406 0.8434522747993469 -1 -1 -1 -1 -1 -1 -1 -1 -1
0.5601142644882202 0.6949038505554199 0.9923886656761169 -1 -1 -1 -1 -1 -1 -1 -1 -1
0.6162060499191284 0.7659775614738464 0.9404937624931335 -1 -1 -1 -1 -1 -1 -1 -1 -1
0.5677536129951477 0.8178007006645203 0.9949937462806702 -1 -1 -1 -1 -1 -1 -1 -1 -1
0.6141608953475952 0.7814009189605713 0.9403154850006104 -1 -1 -1 -1 -1 -1 -1 -1 -1
0.5688846111297607 0.8513287305831909 0.9867256879806519 -1 -1 -1 -1 -1 -1 -1 -1 -1
0.6379826664924622 0.7751367688179016 0.9551360011100769 -1 -1 -1 -1 -1 -1 -1 -1 -1
0.5781179070472717 0.8542853593826294 0.9903715252876282 -1 -1 -1 -1 -1 -1 -1 -1 -1
1 
33 
-1 -1 -1 -1 -1 -1 -1 -1 -1 -1
0.554784893989563 0.41011351346969604 0.5582174062728882 -1 -1 -1 -1 -1 -1 -1 -1 -1
0.5573901534080505 0.40383249521255493 0.4393882155418396 -1 -1 -1 -1 -1 -1 -1 -1 -1
0.5579038262367249 0.40406379103660583 0.40547287464141846 -1 -1 -1 -1 -1 -1 -1 -1 -1
0.5584362149238586 0.4043954014778137 0.43228623270988464 -1 -1 -1 -1 -1 -1 -1 -1 -1
0.5576183795928955 0.4031575918197632 0.3807320296764374 -1 -1 -1 -1 -1 -1 -1 -1 -1
0.5581393241882324 0.40302449464797974 0.3365030586719513 -1 -1 -1 -1 -1 -1 -1 -1 -1
0.5586157441139221 0.40287959575653076 0.39856836199760437 -1 -1 -1 -1 -1 -1 -1 -1 -1
0.5637710094451904 0.4098665118217468 0.3870253264904022 -1 -1 -1 -1 -1 -1 -1 -1 -1
0.5636484026908875 0.40686851739883423 0.3772971034049988 -1 -1 -1 -1 -1 -1 -1 -1 -1
0.5565640926361084 0.4207489788532257 0.4880349338054657 -1 -1 -1 -1 -1 -1 -1 -1 -1
0.5573633909225464 0.42018890380859375 0.4198857247829437 -1 -1 -1 -1 -1 -1 -1 -1 -1
0.5896602869033813 0.4577432870864868 0.9140602350234985 -1 -1 -1 -1 -1 -1 -1 -1 -1
0.5490728616714478 0.4414844512939453 0.9762925505638123 -1 -1 -1 -1 -1 -1 -1 -1 -1
0.5996872186660767 0.523061990737915 0.29370754957199097 -1 -1 -1 -1 -1 -1 -1 -1 -1
0.5286849737167358 0.4458823800086975 0.7205803394317627 -1 -1 -1 -1 -1 -1 -1 -1 -1
0.5941494107246399 0.5374811887741089 0.28480270504951477 -1 -1 -1 -1 -1 -1 -1 -1 -1
0.5054267048835754 0.42126160860061646 0.7004333138465881 -1 -1 -1 -1 -1 -1 -1 -1 -1
0.5938977003097534 0.5465990304946899 0.3054054379463196 -1 -1 -1 -1 -1 -1 -1 -1 -1
0.4977433383464813 0.4179617166519165 0.5815622210502625 -1 -1 -1 -1 -1 -1 -1 -1 -1
0.594136118888855 0.5362108945846558 0.31435132026672363 -1 -1 -1 -1 -1 -1 -1 -1 -1
0.4986473619937897 0.41196346282958984 0.5917202830314636 -1 -1 -1 -1 -1 -1 -1 -1 -1
0.5939070582389832 0.5326794981956482 0.2913421392440796 -1 -1 -1 -1 -1 -1 -1 -1 -1
0.5010052919387817 0.4131661355495453 0.6280339956283569 -1 -1 -1 -1 -1 -1 -1 -1 -1
0.595484733581543 0.5879545211791992 0.9822083115577698 -1 -1 -1 -1 -1 -1 -1 -1 -1
0.573387086391449 0.5876358151435852 0.9955270886421204 -1 -1 -1 -1 -1 -1 -1 -1 -1
0.6019876599311829 0.6698166728019714 0.9632827043533325 -1 -1 -1 -1 -1 -1 -1 -1 -1
0.5483307242393494 0.6817674040794373 0.9613357186317444 -1 -1 -1 -1 -1 -1 -1 -1 -1
0.5903611183166504 0.813025176525116 0.9624345302581787 -1 -1 -1 -1 -1 -1 -1 -1 -1
0.5665955543518066 0.812851071357727 0.9613403677940369 -1 -1 -1 -1 -1 -1 -1 -1 -1
0.5847870111465454 0.8290975093841553 0.8925517797470093 -1 -1 -1 -1 -1 -1 -1 -1 -1
0.5771512389183044 0.8294728994369507 0.920543372631073 -1 -1 -1 -1 -1 -1 -1 -1 -1
0.6032814383506775 0.8745998740196228 0.9505892395973206 -1 -1 -1 -1 -1 -1 -1 -1 -1
0.5511306524276733 0.8642905950546265 0.9466375708580017 -1 -1 -1 -1 -1 -1 -1 -1 -1
1 
33 
-1 -1 -1 -1 -1 -1 -1 -1 -1 -1
0.5932997465133667 0.5548135042190552 0.9470958709716797 -1 -1 -1 -1 -1 -1 -1 -1 -1
0.5917456746101379 0.5525916814804077 0.9342355132102966 -1 -1 -1 -1 -1 -1 -1 -1 -1
0.5913645029067993 0.552734911441803 0.9282877445220947 -1 -1 -1 -1 -1 -1 -1 -1 -1
0.590923547744751 0.5517868995666504 0.9341467618942261 -1 -1 -1 -1 -1 -1 -1 -1 -1
0.5908000469207764 0.5539860725402832 0.9459079504013062 -1 -1 -1 -1 -1 -1 -1 -1 -1
0.5898856520652771 0.5546700954437256 0.9459365606307983 -1 -1 -1 -1 -1 -1 -1 -1 -1
0.5889665484428406 0.5549461245536804 0.9442797303199768 -1 -1 -1 -1 -1 -1 -1 -1 -1
0.5848355293273926 0.5582855939865112 0.9375878572463989 -1 -1 -1 -1 -1 -1 -1 -1 -1
0.5827493071556091 0.5582255721092224 0.8989496231079102 -1 -1 -1 -1 -1 -1 -1 -1 -1
0.5908654928207397 0.560320258140564 0.9515666365623474 -1 -1 -1 -1 -1 -1 -1 -1 -1
0.5896149277687073 0.5625147223472595 0.9403973817825317 -1 -1 -1 -1 -1 -1 -1 -1 -1
0.5808931589126587 0.5489025712013245 0.9656054973602295 -1 -1 -1 -1 -1 -1 -1 -1 -1
0.5757635831832886 0.5773577690124512 0.9839293956756592 -1 -1 -1 -1 -1 -1 -1 -1 -1
0.5949209928512573 0.5110641717910767 0.1664634644985199 -1 -1 -1 -1 -1 -1 -1 -1 -1
0.5774068236351013 0.49414676427841187 0.8333752751350403 -1 -1 -1 -1 -1 -1 -1 -1 -1
0.6014587879180908 0.480145663022995 0.1680975705385208 -1 -1 -1 -1 -1 -1 -1 -1 -1
0.5644789338111877 0.43869391083717346 0.7448139190673828 -1 -1 -1 -1 -1 -1 -1 -1 -1
0.6010248064994812 0.4764336049556732 0.17669260501861572 -1 -1 -1 -1 -1 -1 -1 -1 -1
0.5587106347084045 0.4266531467437744 0.7526969313621521 -1 -1 -1 -1 -1 -1 -1 -1 -1
0.5994399785995483 0.4729780852794647 0.18617472052574158 -1 -1 -1 -1 -1 -1 -1 -1 -1
0.5570839643478394 0.4302676022052765 0.7354043126106262 -1 -1 -1 -1 -1 -1 -1 -1 -1
0.6008260250091553 0.4748865067958832 0.19713319838047028 -1 -1 -1 -1 -1 -1 -1 -1 -1
0.5589942932128906 0.43420276045799255 0.6529406905174255 -1 -1 -1 -1 -1 -1 -1 -1 -1
0.5693545341491699 0.6431929469108582 0.99460369348526 -1 -1 -1 -1 -1 -1 -1 -1 -1
0.5714910626411438 0.6598618030548096 0.9990192651748657 -1 -1 -1 -1 -1 -1 -1 -1 -1
0.5990789532661438 0.6642091870307922 0.14599792659282684 -1 -1 -1 -1 -1 -1 -1 -1 -1
0.5900905132293701 0.7843219041824341 0.9810411334037781 -1 -1 -1 -1 -1 -1 -1 -1 -1
0.5892302989959717 0.7264471650123596 0.2794579863548279 -1 -1 -1 -1 -1 -1 -1 -1 -1
0.580352783203125 0.8918521404266357 0.991292417049408 -1 -1 -1 -1 -1 -1 -1 -1 -1
0.5834167003631592 0.7384400963783264 0.42860692739486694 -1 -1 -1 -1 -1 -1 -1 -1 -1
0.5716457366943359 0.9092211127281189 0.983665943145752 -1 -1 -1 -1 -1 -1 -1 -1 -1
0.6079422831535339 0.7446238994598389 0.42724454402923584 -1 -1 -1 -1 -1 -1 -1 -1 -1
0.6092261672019958 0.9030979871749878 0.9831420183181763 -1 -1 -1 -1 -1 -1 -1 -1 -1
1 
33 
-1 -1 -1 -1 -1 -1 -1 -1 -1 -1
0.563025176525116 0.33027130365371704 0.9847705960273743 -1 -1 -1 -1 -1 -1 -1 -1 -1
0.5667262077331543 0.32133907079696655 0.9927588701248169 -1 -1 -1 -1 -1 -1 -1 -1 -1
0.5672248005867004 0.32157009840011597 0.9922624826431274 -1 -1 -1 -1 -1 -1 -1 -1 -1
0.5677066445350647 0.3218689560890198 0.99378901720047 -1 -1 -1 -1 -1 -1 -1 -1 -1
0.5675109624862671 0.3212195336818695 0.9900808930397034 -1 -1 -1 -1 -1 -1 -1 -1 -1
0.5683361291885376 0.321341335773468 0.9886021018028259 -1 -1 -1 -1 -1 -1 -1 -1 -1
0.5691808462142944 0.3214769959449768 0.992369532585144 -1 -1 -1 -1 -1 -1 -1 -1 -1
0.5737786889076233 0.32829105854034424 0.9945755004882812 -1 -1 -1 -1 -1 -1 -1 -1 -1
0.5763409733772278 0.3271496891975403 0.9946633577346802 -1 -1 -1 -1 -1 -1 -1 -1 -1
0.5642955303192139 0.34116998314857483 0.987406313419342 -1 -1 -1 -1 -1 -1 -1 -1 -1
0.5648889541625977 0.34127897024154663 0.9851679801940918 -1 -1 -1 -1 -1 -1 -1 -1 -1
0.5747427940368652 0.37544456124305725 0.9980069994926453 -1 -1 -1 -1 -1 -1 -1 -1 -1
0.5839429497718811 0.3694901466369629 0.9966205358505249 -1 -1 -1 -1 -1 -1 -1 -1 -1
0.5601122975349426 0.416339635848999 0.8044482469558716 -1 -1 -1 -1 -1 -1 -1 -1 -1
0.5699906945228577 0.38169994950294495 0.16448770463466644 -1 -1 -1 -1 -1 -1 -1 -1 -1
0.5431182980537415 0.40212786197662354 0.5421329140663147 -1 -1 -1 -1 -1 -1 -1 -1 -1
0.5552495121955872 0.3580506443977356 0.3880796432495117 -1 -1 -1 -1 -1 -1 -1 -1 -1
0.5396332740783691 0.39953213930130005 0.523033618927002 -1 -1 -1 -1 -1 -1 -1 -1 -1
0.5526248216629028 0.3522767126560211 0.4501625597476959 -1 -1 -1 -1 -1 -1 -1 -1 -1
0.5410051345825195 0.3906175494194031 0.5021201372146606 -1 -1 -1 -1 -1 -1 -1 -1 -1
0.5517743825912476 0.3456503748893738 0.45211896300315857 -1 -1 -1 -1 -1 -1 -1 -1 -1
0.5422101616859436 0.39304056763648987 0.3990837633609772 -1 -1 -1 -1 -1 -1 -1 -1 -1
0.5521876215934753 0.3482843041419983 0.4219570755958557 -1 -1 -1 -1 -1 -1 -1 -1 -1
0.5729684233665466 0.5242491960525513 0.9991222023963928 -1 -1 -1 -1 -1 -1 -1 -1 -1
0.5752434730529785 0.5205993056297302 0.9984667897224426 -1 -1 -1 -1 -1 -1 -1 -1 -1
0.5477962493896484 0.6230922937393188 0.9236353635787964 -1 -1 -1 -1 -1 -1 -1 -1 -1
0.5346551537513733 0.6003565788269043 0.6630250811576843 -1 -1 -1 -1 -1 -1 -1 -1 -1
0.5584925413131714 0.7157492637634277 0.9558684825897217 -1 -1 -1 -1 -1 -1 -1 -1 -1
0.5588761568069458 0.6825807094573975 0.5391743183135986 -1 -1 -1 -1 -1 -1 -1 -1 -1
0.5638886094093323 0.7331992387771606 0.945160984992981 -1 -1 -1 -1 -1 -1 -1 -1 -1
0.5619184374809265 0.6976408958435059 0.6199301481246948 -1 -1 -1 -1 -1 -1 -1 -1 -1
0.5515447854995728 0.7321944236755371 0.9291190505027771 -1 -1 -1 -1 -1 -1 -1 -1 -1
0.5430420637130737 0.7103928327560425 0.5843466520309448 -1 -1 -1 -1 -1 -1 -1 -1 -1
1 
33 
-1 -1 -1 -1 -1 -1 -1 -1 -1 -1
0.5363774299621582 0.4074307084083557 0.9733399748802185 -1 -1 -1 -1 -1 -1 -1 -1 -1
0.5359218120574951 0.40069320797920227 0.984411895275116 -1 -1 -1 -1 -1 -1 -1 -1 -1
0.5406036972999573 0.39833781123161316 0.981340765953064 -1 -1 -1 -1 -1 -1 -1 -1 -1
0.5416509509086609 0.39855891466140747 0.9869228005409241 -1 -1 -1 -1 -1 -1 -1 -1 -1
0.5386000275611877 0.39654505252838135 0.9675052165985107 -1 -1 -1 -1 -1 -1 -1 -1 -1
0.5388772487640381 0.39558252692222595 0.953874409198761 -1 -1 -1 -1 -1 -1 -1 -1 -1
0.5391631126403809 0.39462101459503174 0.9698347449302673 -1 -1 -1 -1 -1 -1 -1 -1 -1
0.5483874678611755 0.3987531065940857 0.9770191311836243 -1 -1 -1 -1 -1 -1 -1 -1 -1
0.5448488593101501 0.39324986934661865 0.9660730957984924 -1 -1 -1 -1 -1 -1 -1 -1 -1
0.5377475619316101 0.41556981205940247 0.9719122648239136 -1 -1 -1 -1 -1 -1 -1 -1 -1
0.5390089750289917 0.4148274064064026 0.9508572220802307 -1 -1 -1 -1 -1 -1 -1 -1 -1
0.5597817301750183 0.4359479248523712 0.9951100945472717 -1 -1 -1 -1 -1 -1 -1 -1 -1
0.54557865858078 0.4203993082046509 0.9860600233078003 -1 -1 -1 -1 -1 -1 -1 -1 -1
0.5331298112869263 0.4578271806240082 0.7056903839111328 -1 -1 -1 -1 -1 -1 -1 -1 -1
0.5195540189743042 0.4248296618461609 0.1279417723417282 -1 -1 -1 -1 -1 -1 -1 -1 -1
0.5096262693405151 0.42528143525123596 0.5107911825180054 -1 -1 -1 -1 -1 -1 -1 -1 -1
0.5027638077735901 0.40764644742012024 0.16044098138809204 -1 -1 -1 -1 -1 -1 -1 -1 -1
0.5033007860183716 0.416548490524292 0.45242395997047424 -1 -1 -1 -1 -1 -1 -1 -1 -1
0.4989815652370453 0.4024440050125122 0.19177378714084625 -1 -1 -1 -1 -1 -1 -1 -1 -1
0.5073076486587524 0.41260388493537903 0.43853646516799927 -1 -1 -1 -1 -1 -1 -1 -1 -1
0.49963217973709106 0.3989340662956238 0.1970265656709671 -1 -1 -1 -1 -1 -1 -1 -1 -1
0.50918048620224 0.41681787371635437 0.36211827397346497 -1 -1 -1 -1 -1 -1 -1 -1 -1
0.5006809830665588 0.4024409353733063 0.20153295993804932 -1 -1 -1 -1 -1 -1 -1 -1 -1
0.5595611929893494 0.5891135334968567 0.9990453124046326 -1 -1 -1 -1 -1 -1 -1 -1 -1
0.5464638471603394 0.5742337107658386 0.9961485862731934 -1 -1 -1 -1 -1 -1 -1 -1 -1
0.5722439885139465 0.6830157041549683 0.9593935608863831 -1 -1 -1 -1 -1 -1 -1 -1 -1
0.4915088713169098 0.5845296382904053 0.7794824838638306 -1 -1 -1 -1 -1 -1 -1 -1 -1
0.5761743783950806 0.837810754776001 0.9872485995292664 -1 -1 -1 -1 -1 -1 -1 -1 -1
0.5377796292304993 0.6571170091629028 0.5276776552200317 -1 -1 -1 -1 -1 -1 -1 -1 -1
0.5701631903648376 0.8551498055458069 0.9669638872146606 -1 -1 -1 -1 -1 -1 -1 -1 -1
0.5457879304885864 0.6555476188659668 0.611571729183197 -1 -1 -1 -1 -1 -1 -1 -1 -1
0.5835936665534973 0.8796637058258057 0.9805884957313538 -1 -1 -1 -1 -1 -1 -1 -1 -1
0.5430004000663757 0.6892722249031067 0.5741307139396667 -1 -1 -1 -1 -1 -1 -1 -1 -1
1 
33 
-1 -1 -1 -1 -1 -1 -1 -1 -1 -1
0.5406363606452942 0.4135245680809021 0.9136881232261658 -1 -1 -1 -1 -1 -1 -1 -1 -1
0.53994220495224 0.4088490605354309 0.9634775519371033 -1 -1 -1 -1 -1 -1 -1 -1 -1
0.5396361947059631 0.40802592039108276 0.9466931223869324 -1 -1 -1 -1 -1 -1 -1 -1 -1
0.5393314361572266 0.40732958912849426 0.9626237154006958 -1 -1 -1 -1 -1 -1 -1 -1 -1
0.5405446290969849 0.40952619910240173 0.9551812410354614 -1 -1 -1 -1 -1 -1 -1 -1 -1
0.5408095121383667 0.409260094165802 0.9358659982681274 -1 -1 -1 -1 -1 -1 -1 -1 -1
0.5410668849945068 0.4089750051498413 0.9625931978225708 -1 -1 -1 -1 -1 -1 -1 -1 -1
0.5391905307769775 0.40336668491363525 0.9673516154289246 -1 -1 -1 -1 -1 -1 -1 -1 -1
0.5404149889945984 0.40575098991394043 0.9580079913139343 -1 -1 -1 -1 -1 -1 -1 -1 -1
0.5402789115905762 0.4150809943675995 0.9611512422561646 -1 -1 -1 -1 -1 -1 -1 -1 -1
0.5418800115585327 0.4158576726913452 0.9342652559280396 -1 -1 -1 -1 -1 -1 -1 -1 -1
0.5436002612113953 0.417987585067749 0.9910522103309631 -1 -1 -1 -1 -1 -1 -1 -1 -1
0.532464325428009 0.41509026288986206 0.9964240193367004 -1 -1 -1 -1 -1 -1 -1 -1 -1
0.5424150228500366 0.4355747699737549 0.118174709379673 -1 -1 -1 -1 -1 -1 -1 -1 -1
0.5140820741653442 0.4368170201778412 0.2544756233692169 -1 -1 -1 -1 -1 -1 -1 -1 -1
0.5334855318069458 0.40030527114868164 0.10823292285203934 -1 -1 -1 -1 -1 -1 -1 -1 -1
0.4991306960582733 0.41021737456321716 0.2824245095252991 -1 -1 -1 -1 -1 -1 -1 -1 -1
0.528610348701477 0.3964371383190155 0.13825905323028564 -1 -1 -1 -1 -1 -1 -1 -1 -1
0.4944136142730713 0.4080001711845398 0.33721160888671875 -1 -1 -1 -1 -1 -1 -1 -1 -1
0.5296292304992676 0.3919640779495239 0.13330474495887756 -1 -1 -1 -1 -1 -1 -1 -1 -1
0.49327772855758667 0.40404313802719116 0.3401034474372864 -1 -1 -1 -1 -1 -1 -1 -1 -1
0.531131386756897 0.3915684223175049 0.12071719765663147 -1 -1 -1 -1 -1 -1 -1 -1 -1
0.4957129955291748 0.40323495864868164 0.3263169527053833 -1 -1 -1 -1 -1 -1 -1 -1 -1
0.5485990047454834 0.5489910244941711 0.9997262358665466 -1 -1 -1 -1 -1 -1 -1 -1 -1
0.5398610234260559 0.5398075580596924 0.9996854066848755 -1 -1 -1 -1 -1 -1 -1 -1 -1
0.571110188961029 0.6277397871017456 0.9174312353134155 -1 -1 -1 -1 -1 -1 -1 -1 -1
0.515042781829834 0.6295406818389893 0.8866918683052063 -1 -1 -1 -1 -1 -1 -1 -1 -1
0.5652022957801819 0.6682330965995789 0.9303050637245178 -1 -1 -1 -1 -1 -1 -1 -1 -1
0.5389424562454224 0.6428609490394592 0.7849603891372681 -1 -1 -1 -1 -1 -1 -1 -1 -1
0.5611504316329956 0.6711187958717346 0.9009943604469299 -1 -1 -1 -1 -1 -1 -1 -1 -1
0.5403327941894531 0.6415526866912842 0.7576211094856262 -1 -1 -1 -1 -1 -1 -1 -1 -1
0.5689396858215332 0.6772351861000061 0.915354311466217 -1 -1 -1 -1 -1 -1 -1 -1 -1
0.5487343668937683 0.6494316458702087 0.7797704339027405 -1 -1 -1 -1 -1 -1 -1 -1 -1
1 
33 
-1 -1 -1 -1 -1 -1 -1 -1 -1 -1
0.5748234391212463 0.2894870638847351 0.9988372921943665 -1 -1 -1 -1 -1 -1 -1 -1 -1
0.5741766691207886 0.28118374943733215 0.998855471611023 -1 -1 -1 -1 -1 -1 -1 -1 -1
0.5743706226348877 0.2807252109050751 0.9979603290557861 -1 -1 -1 -1 -1 -1 -1 -1 -1
0.5745619535446167 0.2803327441215515 0.998434841632843 -1 -1 -1 -1 -1 -1 -1 -1 -1
0.5726075172424316 0.28228241205215454 0.9992058873176575 -1 -1 -1 -1 -1 -1 -1 -1 -1
0.571711003780365 0.2826452851295471 0.9989915490150452 -1 -1 -1 -1 -1 -1 -1 -1 -1
0.5708388686180115 0.2830035984516144 0.9993583559989929 -1 -1 -1 -1 -1 -1 -1 -1 -1
0.5708270072937012 0.28324905037879944 0.9983502626419067 -1 -1 -1 -1 -1 -1 -1 -1 -1
0.5659531950950623 0.2874741554260254 0.9991466999053955 -1 -1 -1 -1 -1 -1 -1 -1 -1
0.5735533237457275 0.2977920174598694 0.9985226988792419 -1 -1 -1 -1 -1 -1 -1 -1 -1
0.5718887448310852 0.29894864559173584 0.9991350769996643 -1 -1 -1 -1 -1 -1 -1 -1 -1
0.566056489944458 0.3165055811405182 0.9998775720596313 -1 -1 -1 -1 -1 -1 -1 -1 -1
0.5612729787826538 0.333411306142807 0.9997734427452087 -1 -1 -1 -1 -1 -1 -1 -1 -1
0.5779944062232971 0.3411019742488861 0.34623774886131287 -1 -1 -1 -1 -1 -1 -1 -1 -1
0.5695652365684509 0.38465338945388794 0.39093369245529175 -1 -1 -1 -1 -1 -1 -1 -1 -1
0.5873816609382629 0.35040467977523804 0.2890019118785858 -1 -1 -1 -1 -1 -1 -1 -1 -1
0.5768402218818665 0.3918558657169342 0.36431077122688293 -1 -1 -1 -1 -1 -1 -1 -1 -1
0.5907176733016968 0.35347914695739746 0.2832787334918976 -1 -1 -1 -1 -1 -1 -1 -1 -1
0.5789459943771362 0.3987712562084198 0.3887872099876404 -1 -1 -1 -1 -1 -1 -1 -1 -1
0.59041428565979 0.3496088981628418 0.27494868636131287 -1 -1 -1 -1 -1 -1 -1 -1 -1
0.5779438614845276 0.3905622959136963 0.37146708369255066 -1 -1 -1 -1 -1 -1 -1 -1 -1
0.5895094871520996 0.3494407832622528 0.2619268000125885 -1 -1 -1 -1 -1 -1 -1 -1 -1
0.5772398710250854 0.387642502784729 0.32401591539382935 -1 -1 -1 -1 -1 -1 -1 -1 -1
0.5576252937316895 0.45242205262184143 0.9997937083244324 -1 -1 -1 -1 -1 -1 -1 -1 -1
0.5496448278427124 0.4480576813220978 0.9997166991233826 -1 -1 -1 -1 -1 -1 -1 -1 -1
0.5694429278373718 0.5143491625785828 0.9814918637275696 -1 -1 -1 -1 -1 -1 -1 -1 -1
0.5274496078491211 0.48629897832870483 0.9724591970443726 -1 -1 -1 -1 -1 -1 -1 -1 -1
0.5400786399841309 0.5481794476509094 0.9398977160453796 -1 -1 -1 -1 -1 -1 -1 -1 -1
0.4878508448600769 0.45729008316993713 0.9903340935707092 -1 -1 -1 -1 -1 -1 -1 -1 -1
0.5348367691040039 0.5479571223258972 0.8634064197540283 -1 -1 -1 -1 -1 -1 -1 -1 -1
0.4815247356891632 0.45829254388809204 0.9816712737083435 -1 -1 -1 -1 -1 -1 -1 -1 -1
0.5335220098495483 0.5624848008155823 0.9309675693511963 -1 -1 -1 -1 -1 -1 -1 -1 -1
0.4761349856853485 0.43350255489349365 0.9911460280418396 -1 -1 -1 -1 -1 -1 -1 -1 -1
1 
33 
-1 -1 -1 -1 -1 -1 -1 -1 -1 -1
0.48315706849098206 0.34675630927085876 0.8062664866447449 -1 -1 -1 -1 -1 -1 -1 -1 -1
0.4800695776939392 0.3464665114879608 0.8238836526870728 -1 -1 -1 -1 -1 -1 -1 -1 -1
0.4798542857170105 0.3470098078250885 0.8014078140258789 -1 -1 -1 -1 -1 -1 -1 -1 -1
0.47966909408569336 0.34757184982299805 0.8684564232826233 -1 -1 -1 -1 -1 -1 -1 -1 -1
0.48055189847946167 0.3467594385147095 0.879135012626648 -1 -1 -1 -1 -1 -1 -1 -1 -1
0.4805781841278076 0.3476860523223877 0.8626786470413208 -1 -1 -1 -1 -1 -1 -1 -1 -1
0.48062071204185486 0.3486289381980896 0.8718777894973755 -1 -1 -1 -1 -1 -1 -1 -1 -1
0.4788699448108673 0.354505330324173 0.809154212474823 -1 -1 -1 -1 -1 -1 -1 -1 -1
0.47993752360343933 0.3569362759590149 0.7771721482276917 -1 -1 -1 -1 -1 -1 -1 -1 -1
0.4845336377620697 0.35185834765434265 0.7796170115470886 -1 -1 -1 -1 -1 -1 -1 -1 -1
0.48484164476394653 0.35152649879455566 0.6831677556037903 -1 -1 -1 -1 -1 -1 -1 -1 -1
0.4816625714302063 0.3734929859638214 0.989379346370697 -1 -1 -1 -1 -1 -1 -1 -1 -1
0.48918381333351135 0.38077303767204285 0.955430805683136 -1 -1 -1 -1 -1 -1 -1 -1 -1
0.46564143896102905 0.36555373668670654 0.09801971167325974 -1 -1 -1 -1 -1 -1 -1 -1 -1
0.4801715016365051 0.34763625264167786 0.632634699344635 -1 -1 -1 -1 -1 -1 -1 -1 -1
0.44772353768348694 0.35653308033943176 0.3399794399738312 -1 -1 -1 -1 -1 -1 -1 -1 -1
0.4472266435623169 0.3515031337738037 0.7439990043640137 -1 -1 -1 -1 -1 -1 -1 -1 -1
0.4389714300632477 0.3475879430770874 0.43460679054260254 -1 -1 -1 -1 -1 -1 -1 -1 -1
0.4420185685157776 0.3469007909297943 0.7460324764251709 -1 -1 -1 -1 -1 -1 -1 -1 -1
0.4376782178878784 0.3453454375267029 0.44750726222991943 -1 -1 -1 -1 -1 -1 -1 -1 -1
0.4422312378883362 0.342209130525589 0.756139874458313 -1 -1 -1 -1 -1 -1 -1 -1 -1
0.4402025640010834 0.3463892936706543 0.43060681223869324 -1 -1 -1 -1 -1 -1 -1 -1 -1
0.4440303444862366 0.344473659992218 0.6618761420249939 -1 -1 -1 -1 -1 -1 -1 -1 -1
0.5583725571632385 0.41747233271598816 0.9994693398475647 -1 -1 -1 -1 -1 -1 -1 -1 -1
0.5631535053253174 0.41735178232192993 0.9988873600959778 -1 -1 -1 -1 -1 -1 -1 -1 -1
0.5824891328811646 0.5367575883865356 0.5484979748725891 -1 -1 -1 -1 -1 -1 -1 -1 -1
0.581699788570404 0.5419840216636658 0.6978340148925781 -1 -1 -1 -1 -1 -1 -1 -1 -1
0.5796406865119934 0.6714280247688293 0.6499585509300232 -1 -1 -1 -1 -1 -1 -1 -1 -1
0.5788781642913818 0.6746907234191895 0.8720336556434631 -1 -1 -1 -1 -1 -1 -1 -1 -1
0.5754506587982178 0.6886425018310547 0.6710366010665894 -1 -1 -1 -1 -1 -1 -1 -1 -1
0.575724184513092 0.676624596118927 0.9396233558654785 -1 -1 -1 -1 -1 -1 -1 -1 -1
0.5891276001930237 0.7159878015518188 0.6479529738426208 -1 -1 -1 -1 -1 -1 -1 -1 -1
0.587512195110321 0.7193156480789185 0.8836991786956787 -1 -1 -1 -1 -1 -1 -1 -1 -1
1 
33 
-1 -1 -1 -1 -1 -1 -1 -1 -1 -1
0.5265315771102905 0.3469417691230774 0.9329125881195068 -1 -1 -1 -1 -1 -1 -1 -1 -1
0.5243638753890991 0.34772613644599915 0.8882449865341187 -1 -1 -1 -1 -1 -1 -1 -1 -1
0.5248149633407593 0.34740713238716125 0.8914820551872253 -1 -1 -1 -1 -1 -1 -1 -1 -1
0.5252736210823059 0.34714290499687195 0.9176146984100342 -1 -1 -1 -1 -1 -1 -1 -1 -1
0.5241600275039673 0.34905731678009033 0.9355046153068542 -1 -1 -1 -1 -1 -1 -1 -1 -1
0.5243706107139587 0.3498173654079437 0.9292957782745361 -1 -1 -1 -1 -1 -1 -1 -1 -1
0.5245879888534546 0.35060060024261475 0.938747763633728 -1 -1 -1 -1 -1 -1 -1 -1 -1
0.5296829342842102 0.3467479944229126 0.9070086479187012 -1 -1 -1 -1 -1 -1 -1 -1 -1
0.5285358428955078 0.3515874743461609 0.915290892124176 -1 -1 -1 -1 -1 -1 -1 -1 -1
0.5314018726348877 0.34482115507125854 0.933997392654419 -1 -1 -1 -1 -1 -1 -1 -1 -1
0.5313518047332764 0.3462904989719391 0.9329026937484741 -1 -1 -1 -1 -1 -1 -1 -1 -1
0.5492440462112427 0.3481753170490265 0.9986335635185242 -1 -1 -1 -1 -1 -1 -1 -1 -1
0.545928418636322 0.36195671558380127 0.9996590614318848 -1 -1 -1 -1 -1 -1 -1 -1 -1
0.5611411929130554 0.4015205204486847 0.11719129234552383 -1 -1 -1 -1 -1 -1 -1 -1 -1
0.5519407391548157 0.4243529438972473 0.8700510859489441 -1 -1 -1 -1 -1 -1 -1 -1 -1
0.5711825489997864 0.4361971318721771 0.2594335675239563 -1 -1 -1 -1 -1 -1 -1 -1 -1
0.5563408732414246 0.48295098543167114 0.8357101082801819 -1 -1 -1 -1 -1 -1 -1 -1 -1
0.574150800704956 0.4445126950740814 0.2899028956890106 -1 -1 -1 -1 -1 -1 -1 -1 -1
0.5558597445487976 0.49634039402008057 0.7553138136863708 -1 -1 -1 -1 -1 -1 -1 -1 -1
0.5731045007705688 0.44229960441589355 0.2988293468952179 -1 -1 -1 -1 -1 -1 -1 -1 -1
0.5565013289451599 0.4983482360839844 0.7777768969535828 -1 -1 -1 -1 -1 -1 -1 -1 -1
0.5723185539245605 0.43935883045196533 0.254141241312027 -1 -1 -1 -1 -1 -1 -1 -1 -1
0.5581488609313965 0.4931374788284302 0.7310271263122559 -1 -1 -1 -1 -1 -1 -1 -1 -1
0.5996763706207275 0.4189756512641907 0.9966148734092712 -1 -1 -1 -1 -1 -1 -1 -1 -1
0.5990070700645447 0.42329564690589905 0.9992542862892151 -1 -1 -1 -1 -1 -1 -1 -1 -1
0.6054025292396545 0.4933847486972809 0.1571332812309265 -1 -1 -1 -1 -1 -1 -1 -1 -1
0.6015927195549011 0.4992488920688629 0.8523169159889221 -1 -1 -1 -1 -1 -1 -1 -1 -1
0.5969346761703491 0.554764986038208 0.18474459648132324 -1 -1 -1 -1 -1 -1 -1 -1 -1
0.5929664969444275 0.5923724174499512 0.8630507588386536 -1 -1 -1 -1 -1 -1 -1 -1 -1
0.591572105884552 0.5614849328994751 0.2580759823322296 -1 -1 -1 -1 -1 -1 -1 -1 -1
0.5886260271072388 0.6065825819969177 0.8779253363609314 -1 -1 -1 -1 -1 -1 -1 -1 -1
0.599603533744812 0.5859009623527527 0.2705448865890503 -1 -1 -1 -1 -1 -1 -1 -1 -1
0.5914399027824402 0.6209228038787842 0.8588965535163879 -1 -1 -1 -1 -1 -1 -1 -1 -1
1 
33 
-1 -1 -1 -1 -1 -1 -1 -1 -1 -1
0.5739251375198364 0.3697180449962616 1.0 -1 -1 -1 -1 -1 -1 -1 -1 -1
0.5651536583900452 0.3634181618690491 1.0 -1 -1 -1 -1 -1 -1 -1 -1 -1
0.5640425682067871 0.35997581481933594 1.0 -1 -1 -1 -1 -1 -1 -1 -1 -1
0.5632110834121704 0.3546680808067322 1.0 -1 -1 -1 -1 -1 -1 -1 -1 -1
0.5637754797935486 0.3759436011314392 1.0 -1 -1 -1 -1 -1 -1 -1 -1 -1
0.562665581703186 0.38001585006713867 1.0 -1 -1 -1 -1 -1 -1 -1 -1 -1
0.5615421533584595 0.3834725618362427 1.0 -1 -1 -1 -1 -1 -1 -1 -1 -1
0.5594557523727417 0.34887492656707764 1.0 -1 -1 -1 -1 -1 -1 -1 -1 -1
0.5546396374702454 0.39576974511146545 1.0 -1 -1 -1 -1 -1 -1 -1 -1 -1
0.5794336199760437 0.36921679973602295 1.0 -1 -1 -1 -1 -1 -1 -1 -1 -1
0.5778253078460693 0.38281163573265076 1.0 -1 -1 -1 -1 -1 -1 -1 -1 -1
0.570548951625824 0.34070879220962524 1.0 -1 -1 -1 -1 -1 -1 -1 -1 -1
0.5869331359863281 0.3984835147857666 1.0 -1 -1 -1 -1 -1 -1 -1 -1 -1
0.5763730406761169 0.3192848265171051 0.9998733997344971 -1 -1 -1 -1 -1 -1 -1 -1 -1
0.6359041929244995 0.38895493745803833 0.9981163740158081 -1 -1 -1 -1 -1 -1 -1 -1 -1
0.5836721658706665 0.35289108753204346 0.9967621564865112 -1 -1 -1 -1 -1 -1 -1 -1 -1
0.6475483775138855 0.37602871656417847 0.007258550263941288 -1 -1 -1 -1 -1 -1 -1 -1 -1
0.5906053185462952 0.34035807847976685 0.9973304271697998 -1 -1 -1 -1 -1 -1 -1 -1 -1
0.6581029295921326 0.36492687463760376 0.0021206955425441265 -1 -1 -1 -1 -1 -1 -1 -1 -1
0.596919596195221 0.3370104432106018 0.9958208799362183 -1 -1 -1 -1 -1 -1 -1 -1 -1
0.6588737964630127 0.3550244867801666 0.01803619973361492 -1 -1 -1 -1 -1 -1 -1 -1 -1
0.5934829115867615 0.3448255956172943 0.9969549179077148 -1 -1 -1 -1 -1 -1 -1 -1 -1
0.6533074378967285 0.36550042033195496 0.05175169184803963 -1 -1 -1 -1 -1 -1 -1 -1 -1
0.6233171224594116 0.3330579698085785 0.7881714701652527 -1 -1 -1 -1 -1 -1 -1 -1 -1
0.631584644317627 0.35499078035354614 0.37374940514564514 -1 -1 -1 -1 -1 -1 -1 -1 -1
0.6454330086708069 0.3163522481918335 0.028287198394536972 -1 -1 -1 -1 -1 -1 -1 -1 -1
0.6590761542320251 0.34228891134262085 0.1270027458667755 -1 -1 -1 -1 -1 -1 -1 -1 -1
0.689676821231842 0.3153873383998871 0.03026513010263443 -1 -1 -1 -1 -1 -1 -1 -1 -1
0.6800745129585266 0.35808929800987244 0.12324458360671997 -1 -1 -1 -1 -1 -1 -1 -1 -1
0.700407862663269 0.327063649892807 0.01780981756746769 -1 -1 -1 -1 -1 -1 -1 -1 -1
0.6858556270599365 0.37079235911369324 0.3494328558444977 -1 -1 -1 -1 -1 -1 -1 -1 -1
0.6993796825408936 0.2966560125350952 0.001174804987385869 -1 -1 -1 -1 -1 -1 -1 -1 -1
0.6729296445846558 0.33332201838493347 0.007366195321083069 -1 -1 -1 -1 -1 -1 -1 -1 -1
1 
33 
-1 -1 -1 -1 -1 -1 -1 -1 -1 -1
0.6269838213920593 0.2969983220100403 1.0 -1 -1 -1 -1 -1 -1 -1 -1 -1
0.6303414106369019 0.287341833114624 1.0 -1 -1 -1 -1 -1 -1 -1 -1 -1
0.6324676871299744 0.28707394003868103 1.0 -1 -1 -1 -1 -1 -1 -1 -1 -1
0.6343096494674683 0.28645867109298706 1.0 -1 -1 -1 -1 -1 -1 -1 -1 -1
0.6255326867103577 0.28560179471969604 1.0 -1 -1 -1 -1 -1 -1 -1 -1 -1
0.6237457990646362 0.2847192585468292 1.0 -1 -1 -1 -1 -1 -1 -1 -1 -1
0.6222991347312927 0.283395916223526 1.0 -1 -1 -1 -1 -1 -1 -1 -1 -1
0.6368574500083923 0.28420498967170715 1.0 -1 -1 -1 -1 -1 -1 -1 -1 -1
0.6202983260154724 0.2812255620956421 1.0 -1 -1 -1 -1 -1 -1 -1 -1 -1
0.6298840045928955 0.2958481013774872 1.0 -1 -1 -1 -1 -1 -1 -1 -1 -1
0.6243025660514832 0.29548531770706177 1.0 -1 -1 -1 -1 -1 -1 -1 -1 -1
0.6436771154403687 0.3059895634651184 1.0 -1 -1 -1 -1 -1 -1 -1 -1 -1
0.6043569445610046 0.2995520234107971 1.0 -1 -1 -1 -1 -1 -1 -1 -1 -1
0.6442611813545227 0.31550225615501404 0.9979637861251831 -1 -1 -1 -1 -1 -1 -1 -1 -1
0.5890042185783386 0.3651432394981384 0.9994613528251648 -1 -1 -1 -1 -1 -1 -1 -1 -1
0.6329315304756165 0.3124268651008606 0.3778814375400543 -1 -1 -1 -1 -1 -1 -1 -1 -1
0.578262209892273 0.3666025698184967 0.0752803161740303 -1 -1 -1 -1 -1 -1 -1 -1 -1
0.6330319046974182 0.3205834925174713 0.3247198462486267 -1 -1 -1 -1 -1 -1 -1 -1 -1
0.5764957666397095 0.380300909280777 0.08393822610378265 -1 -1 -1 -1 -1 -1 -1 -1 -1
0.6332036852836609 0.32427191734313965 0.4723871648311615 -1 -1 -1 -1 -1 -1 -1 -1 -1
0.5817312002182007 0.36933988332748413 0.3452695906162262 -1 -1 -1 -1 -1 -1 -1 -1 -1
0.6317355036735535 0.3210235834121704 0.49455952644348145 -1 -1 -1 -1 -1 -1 -1 -1 -1
0.5818581581115723 0.36237701773643494 0.5621963143348694 -1 -1 -1 -1 -1 -1 -1 -1 -1
0.6285357475280762 0.3637254536151886 0.9028317332267761 -1 -1 -1 -1 -1 -1 -1 -1 -1
0.6059610843658447 0.36205822229385376 0.7535998821258545 -1 -1 -1 -1 -1 -1 -1 -1 -1
0.6220578551292419 0.4107842445373535 0.1280212551355362 -1 -1 -1 -1 -1 -1 -1 -1 -1
0.6087028980255127 0.39441731572151184 0.718757688999176 -1 -1 -1 -1 -1 -1 -1 -1 -1
0.6161807775497437 0.4550146758556366 0.11783797293901443 -1 -1 -1 -1 -1 -1 -1 -1 -1
0.5987781286239624 0.44650155305862427 0.009051892906427383 -1 -1 -1 -1 -1 -1 -1 -1 -1
0.6137486100196838 0.4664808511734009 0.04972041770815849 -1 -1 -1 -1 -1 -1 -1 -1 -1
0.5922346711158752 0.4628296494483948 0.02431621588766575 -1 -1 -1 -1 -1 -1 -1 -1 -1
0.6166088581085205 0.46338772773742676 0.06404495239257812 -1 -1 -1 -1 -1 -1 -1 -1 -1
0.6098247766494751 0.44743087887763977 0.0076019298285245895 -1 -1 -1 -1 -1 -1 -1 -1 -1
1 
