22
1 
33 
-1 -1 -1 -1 -1 -1 -1 -1 -1 -1
0.5630358457565308 0.5222889184951782 0.9977256655693054 -1 -1 -1 -1 -1 -1 -1 -1 -1
0.5657553672790527 0.5137594938278198 0.9981497526168823 -1 -1 -1 -1 -1 -1 -1 -1 -1
0.5669357776641846 0.5135887265205383 0.9980270266532898 -1 -1 -1 -1 -1 -1 -1 -1 -1
0.5681392550468445 0.5134588479995728 0.998744010925293 -1 -1 -1 -1 -1 -1 -1 -1 -1
0.5642170906066895 0.5132649540901184 0.9965433478355408 -1 -1 -1 -1 -1 -1 -1 -1 -1
0.5640344023704529 0.5128934383392334 0.9943667054176331 -1 -1 -1 -1 -1 -1 -1 -1 -1
0.5638317465782166 0.5125218629837036 0.9964367151260376 -1 -1 -1 -1 -1 -1 -1 -1 -1
0.5742645859718323 0.5142064690589905 0.9988516569137573 -1 -1 -1 -1 -1 -1 -1 -1 -1
0.5683469772338867 0.5126163959503174 0.9967336654663086 -1 -1 -1 -1 -1 -1 -1 -1 -1
0.5664259791374207 0.5298703908920288 0.9987623691558838 -1 -1 -1 -1 -1 -1 -1 -1 -1
0.5644239783287048 0.5296184420585632 0.9973529577255249 -1 -1 -1 -1 -1 -1 -1 -1 -1
0.5907689929008484 0.5489310026168823 0.9998040795326233 -1 -1 -1 -1 -1 -1 -1 -1 -1
0.5658159255981445 0.556973397731781 0.9987523555755615 -1 -1 -1 -1 -1 -1 -1 -1 -1
0.5855579376220703 0.6088736653327942 0.978104293346405 -1 -1 -1 -1 -1 -1 -1 -1 -1
0.5434345006942749 0.5886002779006958 0.5329273343086243 -1 -1 -1 -1 -1 -1 -1 -1 -1
0.5689335465431213 0.6434661746025085 0.964545726776123 -1 -1 -1 -1 -1 -1 -1 -1 -1
0.5219506621360779 0.6158706545829773 0.6565383076667786 -1 -1 -1 -1 -1 -1 -1 -1 -1
0.5706438422203064 0.6664416790008545 0.945941686630249 -1 -1 -1 -1 -1 -1 -1 -1 -1
0.516257643699646 0.6215697526931763 0.5688461661338806 -1 -1 -1 -1 -1 -1 -1 -1 -1
0.56572425365448 0.6598569750785828 0.9458847045898438 -1 -1 -1 -1 -1 -1 -1 -1 -1
0.5147873759269714 0.6182982921600342 0.594357967376709 -1 -1 -1 -1 -1 -1 -1 -1 -1
0.5634609460830688 0.6479610800743103 0.9104828238487244 -1 -1 -1 -1 -1 -1 -1 -1 -1
0.5175884366035461 0.6183605790138245 0.6130422949790955 -1 -1 -1 -1 -1 -1 -1 -1 -1
0.5992299914360046 0.6604298949241638 0.9978845715522766 -1 -1 -1 -1 -1 -1 -1 -1 -1
0.5835071802139282 0.6570399403572083 0.9981396198272705 -1 -1 -1 -1 -1 -1 -1 -1 -1
0.5792206525802612 0.756048321723938 0.9124962091445923 -1 -1 -1 -1 -1 -1 -1 -1 -1
0.5749585032463074 0.7314669489860535 0.6871758103370667 -1 -1 -1 -1 -1 -1 -1 -1 -1
0.5938430428504944 0.8353160619735718 0.9532883763313293 -1 -1 -1 -1 -1 -1 -1 -1 -1
0.6004626154899597 0.8204097747802734 0.6886182427406311 -1 -1 -1 -1 -1 -1 -1 -1 -1
0.5999892950057983 0.8477169871330261 0.9403225183486938 -1 -1 -1 -1 -1 -1 -1 -1 -1
0.6086665391921997 0.8331847786903381 0.7224233150482178 -1 -1 -1 -1 -1 -1 -1 -1 -1
0.5834231376647949 0.8649176359176636 0.9343269467353821 -1 -1 -1 -1 -1 -1 -1 -1 -1
0.5900587439537048 0.8503863215446472 0.7197789549827576 -1 -1 -1 -1 -1 -1 -1 -1 -1
1 
33 
-1 -1 -1 -1 -1 -1 -1 -1 -1 -1
0.5532320737838745 0.43880799412727356 0.9995858073234558 -1 -1 -1 -1 -1 -1 -1 -1 -1
0.5540162920951843 0.43471238017082214 0.9996337890625 -1 -1 -1 -1 -1 -1 -1 -1 -1
0.5535228848457336 0.4339481592178345 0.999556839466095 -1 -1 -1 -1 -1 -1 -1 -1 -1
0.5528517365455627 0.4330073595046997 0.9997445940971375 -1 -1 -1 -1 -1 -1 -1 -1 -1
0.5560302734375 0.4343371093273163 0.9995211362838745 -1 -1 -1 -1 -1 -1 -1 -1 -1
0.5576272010803223 0.43298232555389404 0.9992696642875671 -1 -1 -1 -1 -1 -1 -1 -1 -1
0.5586459636688232 0.4314977526664734 0.9995120763778687 -1 -1 -1 -1 -1 -1 -1 -1 -1
0.5546437501907349 0.4317581057548523 0.9995529055595398 -1 -1 -1 -1 -1 -1 -1 -1 -1
0.5624464750289917 0.43006813526153564 0.9993340373039246 -1 -1 -1 -1 -1 -1 -1 -1 -1
0.5529252290725708 0.4442240297794342 0.9990074038505554 -1 -1 -1 -1 -1 -1 -1 -1 -1
0.5534024834632874 0.444460391998291 0.9988412261009216 -1 -1 -1 -1 -1 -1 -1 -1 -1
0.5496765375137329 0.4898945689201355 0.9999302625656128 -1 -1 -1 -1 -1 -1 -1 -1 -1
0.5829677581787109 0.46957677602767944 0.9991635084152222 -1 -1 -1 -1 -1 -1 -1 -1 -1
0.5409554243087769 0.5622766017913818 0.9215494990348816 -1 -1 -1 -1 -1 -1 -1 -1 -1
0.5873146653175354 0.5010172128677368 0.20569737255573273 -1 -1 -1 -1 -1 -1 -1 -1 -1
0.5391339659690857 0.6128717064857483 0.7655313014984131 -1 -1 -1 -1 -1 -1 -1 -1 -1
0.5785824060440063 0.5028552412986755 0.24289701879024506 -1 -1 -1 -1 -1 -1 -1 -1 -1
0.5412291884422302 0.6256008148193359 0.7264912724494934 -1 -1 -1 -1 -1 -1 -1 -1 -1
0.5780261754989624 0.5037322640419006 0.26426050066947937 -1 -1 -1 -1 -1 -1 -1 -1 -1
0.541127622127533 0.6254843473434448 0.7146443724632263 -1 -1 -1 -1 -1 -1 -1 -1 -1
0.5744421482086182 0.5020115375518799 0.27323630452156067 -1 -1 -1 -1 -1 -1 -1 -1 -1
0.5412387847900391 0.6219356060028076 0.6462421417236328 -1 -1 -1 -1 -1 -1 -1 -1 -1
0.5733264684677124 0.503494918346405 0.2605884075164795 -1 -1 -1 -1 -1 -1 -1 -1 -1
0.5807058215141296 0.6305010318756104 0.999786913394928 -1 -1 -1 -1 -1 -1 -1 -1 -1
0.5936549305915833 0.6257139444351196 0.9995253086090088 -1 -1 -1 -1 -1 -1 -1 -1 -1
0.5745030641555786 0.7764643430709839 0.9555448889732361 -1 -1 -1 -1 -1 -1 -1 -1 -1
0.5727328062057495 0.7352942824363708 0.5288517475128174 -1 -1 -1 -1 -1 -1 -1 -1 -1
0.5995425581932068 0.8549270629882812 0.9647702574729919 -1 -1 -1 -1 -1 -1 -1 -1 -1
0.5997393131256104 0.8422683477401733 0.6659918427467346 -1 -1 -1 -1 -1 -1 -1 -1 -1
0.6105725169181824 0.8660849928855896 0.9573984146118164 -1 -1 -1 -1 -1 -1 -1 -1 -1
0.6092820763587952 0.8550883531570435 0.6843193173408508 -1 -1 -1 -1 -1 -1 -1 -1 -1
0.5838396549224854 0.8987056016921997 0.9537943601608276 -1 -1 -1 -1 -1 -1 -1 -1 -1
0.5807638764381409 0.8861193656921387 0.6859132647514343 -1 -1 -1 -1 -1 -1 -1 -1 -1
1 
33 
-1 -1 -1 -1 -1 -1 -1 -1 -1 -1
0.5554709434509277 0.46535900235176086 0.9961679577827454 -1 -1 -1 -1 -1 -1 -1 -1 -1
0.5592789649963379 0.46221494674682617 0.9969596862792969 -1 -1 -1 -1 -1 -1 -1 -1 -1
0.5598284602165222 0.45951420068740845 0.9969714879989624 -1 -1 -1 -1 -1 -1 -1 -1 -1
0.5608908534049988 0.4598373770713806 0.9972543120384216 -1 -1 -1 -1 -1 -1 -1 -1 -1
0.5577917695045471 0.46413421630859375 0.9944796562194824 -1 -1 -1 -1 -1 -1 -1 -1 -1
0.5577214956283569 0.46434199810028076 0.9937006235122681 -1 -1 -1 -1 -1 -1 -1 -1 -1
0.5575551986694336 0.4638669490814209 0.9949540495872498 -1 -1 -1 -1 -1 -1 -1 -1 -1
0.5684826374053955 0.4690232276916504 0.9957257509231567 -1 -1 -1 -1 -1 -1 -1 -1 -1
0.5673116445541382 0.46965914964675903 0.9951364398002625 -1 -1 -1 -1 -1 -1 -1 -1 -1
0.556937038898468 0.4796375632286072 0.9948298335075378 -1 -1 -1 -1 -1 -1 -1 -1 -1
0.5560908913612366 0.48033177852630615 0.991877555847168 -1 -1 -1 -1 -1 -1 -1 -1 -1
0.5777401328086853 0.5261237621307373 0.999679446220398 -1 -1 -1 -1 -1 -1 -1 -1 -1
0.5714794993400574 0.5257064700126648 0.9980918765068054 -1 -1 -1 -1 -1 -1 -1 -1 -1
0.5545227527618408 0.5797633528709412 0.9618566632270813 -1 -1 -1 -1 -1 -1 -1 -1 -1
0.5528054237365723 0.5666348934173584 0.28782758116722107 -1 -1 -1 -1 -1 -1 -1 -1 -1
0.5211616158485413 0.5666652917861938 0.9530388712882996 -1 -1 -1 -1 -1 -1 -1 -1 -1
0.5290489196777344 0.5643303990364075 0.5496600866317749 -1 -1 -1 -1 -1 -1 -1 -1 -1
0.5158936381340027 0.5708253979682922 0.9478158354759216 -1 -1 -1 -1 -1 -1 -1 -1 -1
0.5236423015594482 0.5617274045944214 0.5733712315559387 -1 -1 -1 -1 -1 -1 -1 -1 -1
0.5157973170280457 0.559430718421936 0.9468654990196228 -1 -1 -1 -1 -1 -1 -1 -1 -1
0.5225125551223755 0.5565202236175537 0.5905441045761108 -1 -1 -1 -1 -1 -1 -1 -1 -1
0.5186517834663391 0.5618144273757935 0.9118989109992981 -1 -1 -1 -1 -1 -1 -1 -1 -1
0.5242276191711426 0.558906614780426 0.5809310078620911 -1 -1 -1 -1 -1 -1 -1 -1 -1
0.5929446816444397 0.6877750158309937 0.9994982481002808 -1 -1 -1 -1 -1 -1 -1 -1 -1
0.5872412323951721 0.6817304491996765 0.9988252520561218 -1 -1 -1 -1 -1 -1 -1 -1 -1
0.571304976940155 0.8087196946144104 0.8726145029067993 -1 -1 -1 -1 -1 -1 -1 -1 -1
0.57081538438797 0.7795248627662659 0.2083422690629959 -1 -1 -1 -1 -1 -1 -1 -1 -1
0.5963008403778076 0.9077581167221069 0.9066877365112305 -1 -1 -1 -1 -1 -1 -1 -1 -1
0.5917870998382568 0.8830887079238892 0.3416768014431 -1 -1 -1 -1 -1 -1 -1 -1 -1
0.6055060625076294 0.9165847301483154 0.9241547584533691 -1 -1 -1 -1 -1 -1 -1 -1 -1
0.600068211555481 0.8952285647392273 0.4739465117454529 -1 -1 -1 -1 -1 -1 -1 -1 -1
0.573566198348999 0.9363959431648254 0.9004250168800354 -1 -1 -1 -1 -1 -1 -1 -1 -1
0.5702993273735046 0.9158133268356323 0.4838440716266632 -1 -1 -1 -1 -1 -1 -1 -1 -1
1 
33 
-1 -1 -1 -1 -1 -1 -1 -1 -1 -1
0.5559304356575012 0.4767458438873291 0.9902652502059937 -1 -1 -1 -1 -1 -1 -1 -1 -1
0.5634545087814331 0.46642106771469116 0.9934032559394836 -1 -1 -1 -1 -1 -1 -1 -1 -1
0.5653539896011353 0.46694186329841614 0.9932124614715576 -1 -1 -1 -1 -1 -1 -1 -1 -1
0.5670889019966125 0.46759602427482605 0.9941415190696716 -1 -1 -1 -1 -1 -1 -1 -1 -1
0.5586791038513184 0.46686241030693054 0.9868112206459045 -1 -1 -1 -1 -1 -1 -1 -1 -1
0.5576813817024231 0.4674530029296875 0.9835438132286072 -1 -1 -1 -1 -1 -1 -1 -1 -1
0.5565655827522278 0.46802839636802673 0.9845075607299805 -1 -1 -1 -1 -1 -1 -1 -1 -1
0.5721501111984253 0.4784810543060303 0.9930556416511536 -1 -1 -1 -1 -1 -1 -1 -1 -1
0.55768883228302 0.47321489453315735 0.9844374656677246 -1 -1 -1 -1 -1 -1 -1 -1 -1
0.558353841304779 0.4888662099838257 0.9932581186294556 -1 -1 -1 -1 -1 -1 -1 -1 -1
0.5555499196052551 0.49063581228256226 0.9898987412452698 -1 -1 -1 -1 -1 -1 -1 -1 -1
0.5777780413627625 0.5242175459861755 0.9999076128005981 -1 -1 -1 -1 -1 -1 -1 -1 -1
0.5604715347290039 0.5146414041519165 0.998635470867157 -1 -1 -1 -1 -1 -1 -1 -1 -1
0.5644427537918091 0.5675244927406311 0.9689716100692749 -1 -1 -1 -1 -1 -1 -1 -1 -1
0.5403987765312195 0.5488701462745667 0.331654816865921 -1 -1 -1 -1 -1 -1 -1 -1 -1
0.5447039008140564 0.5550674200057983 0.9526829719543457 -1 -1 -1 -1 -1 -1 -1 -1 -1
0.5352337956428528 0.5456961393356323 0.5526931285858154 -1 -1 -1 -1 -1 -1 -1 -1 -1
0.5412036180496216 0.5516277551651001 0.9412437677383423 -1 -1 -1 -1 -1 -1 -1 -1 -1
0.5340895056724548 0.5440163612365723 0.5598989725112915 -1 -1 -1 -1 -1 -1 -1 -1 -1
0.5409483313560486 0.5419216156005859 0.9385291337966919 -1 -1 -1 -1 -1 -1 -1 -1 -1
0.53497713804245 0.5377421975135803 0.5699417591094971 -1 -1 -1 -1 -1 -1 -1 -1 -1
0.5417337417602539 0.5457698702812195 0.8952589631080627 -1 -1 -1 -1 -1 -1 -1 -1 -1
0.5352578163146973 0.540837287902832 0.5537111163139343 -1 -1 -1 -1 -1 -1 -1 -1 -1
0.5860698223114014 0.6800650358200073 0.9998794794082642 -1 -1 -1 -1 -1 -1 -1 -1 -1
0.5762901306152344 0.6704555749893188 0.9992218017578125 -1 -1 -1 -1 -1 -1 -1 -1 -1
0.5661312341690063 0.7967137098312378 0.9430941939353943 -1 -1 -1 -1 -1 -1 -1 -1 -1
0.568312406539917 0.7391309142112732 0.1511383056640625 -1 -1 -1 -1 -1 -1 -1 -1 -1
0.5868539214134216 0.8708767294883728 0.9151579737663269 -1 -1 -1 -1 -1 -1 -1 -1 -1
0.5755571126937866 0.8225339651107788 0.2638164758682251 -1 -1 -1 -1 -1 -1 -1 -1 -1
0.5954046845436096 0.9052411317825317 0.9374537467956543 -1 -1 -1 -1 -1 -1 -1 -1 -1
0.5808008909225464 0.8363391757011414 0.43446972966194153 -1 -1 -1 -1 -1 -1 -1 -1 -1
0.5680578947067261 0.9156730771064758 0.8965235948562622 -1 -1 -1 -1 -1 -1 -1 -1 -1
0.559556782245636 0.8461843729019165 0.4491952061653137 -1 -1 -1 -1 -1 -1 -1 -1 -1
1 
33 
-1 -1 -1 -1 -1 -1 -1 -1 -1 -1
0.5495181083679199 0.4855347275733948 0.9931375980377197 -1 -1 -1 -1 -1 -1 -1 -1 -1
0.5542804598808289 0.47529110312461853 0.9967972636222839 -1 -1 -1 -1 -1 -1 -1 -1 -1
0.5554463267326355 0.4753497242927551 0.997127115726471 -1 -1 -1 -1 -1 -1 -1 -1 -1
0.5566230416297913 0.4754788875579834 0.9971734285354614 -1 -1 -1 -1 -1 -1 -1 -1 -1
0.5544271469116211 0.47313767671585083 0.9926663041114807 -1 -1 -1 -1 -1 -1 -1 -1 -1
0.5544424653053284 0.473289430141449 0.9912551641464233 -1 -1 -1 -1 -1 -1 -1 -1 -1
0.554287314414978 0.4733504056930542 0.991705060005188 -1 -1 -1 -1 -1 -1 -1 -1 -1
0.5661932826042175 0.482030987739563 0.9958204030990601 -1 -1 -1 -1 -1 -1 -1 -1 -1
0.5652141571044922 0.4815383553504944 0.9949187636375427 -1 -1 -1 -1 -1 -1 -1 -1 -1
0.5530011653900146 0.5008927583694458 0.9960548877716064 -1 -1 -1 -1 -1 -1 -1 -1 -1
0.5522918105125427 0.4984544515609741 0.9912357330322266 -1 -1 -1 -1 -1 -1 -1 -1 -1
0.5794800519943237 0.5376875400543213 0.9998483657836914 -1 -1 -1 -1 -1 -1 -1 -1 -1
0.5721564292907715 0.5296103358268738 0.9972503781318665 -1 -1 -1 -1 -1 -1 -1 -1 -1
0.5671461224555969 0.5591293573379517 0.9601855278015137 -1 -1 -1 -1 -1 -1 -1 -1 -1
0.5534785985946655 0.5270188450813293 0.12959402799606323 -1 -1 -1 -1 -1 -1 -1 -1 -1
0.5412174463272095 0.5218616127967834 0.9714670181274414 -1 -1 -1 -1 -1 -1 -1 -1 -1
0.5420393943786621 0.5039400458335876 0.3945755064487457 -1 -1 -1 -1 -1 -1 -1 -1 -1
0.5348453521728516 0.515910267829895 0.9675365686416626 -1 -1 -1 -1 -1 -1 -1 -1 -1
0.539621889591217 0.49901527166366577 0.4591262638568878 -1 -1 -1 -1 -1 -1 -1 -1 -1
0.5340748429298401 0.5055630803108215 0.9662097692489624 -1 -1 -1 -1 -1 -1 -1 -1 -1
0.5417155027389526 0.49575284123420715 0.4659099578857422 -1 -1 -1 -1 -1 -1 -1 -1 -1
0.5360229015350342 0.5105830430984497 0.9323393702507019 -1 -1 -1 -1 -1 -1 -1 -1 -1
0.5416003465652466 0.4990345537662506 0.4691939651966095 -1 -1 -1 -1 -1 -1 -1 -1 -1
0.587098240852356 0.7161312103271484 0.9999728202819824 -1 -1 -1 -1 -1 -1 -1 -1 -1
0.5794069170951843 0.7037835121154785 0.9998247027397156 -1 -1 -1 -1 -1 -1 -1 -1 -1
0.5569946765899658 0.8008579015731812 0.823603630065918 -1 -1 -1 -1 -1 -1 -1 -1 -1
0.5507302284240723 0.7818498015403748 0.18222969770431519 -1 -1 -1 -1 -1 -1 -1 -1 -1
0.5832526683807373 0.8873409032821655 0.7642525434494019 -1 -1 -1 -1 -1 -1 -1 -1 -1
0.5837984681129456 0.8369203209877014 0.1269165575504303 -1 -1 -1 -1 -1 -1 -1 -1 -1
0.5939714908599854 0.8920842409133911 0.8595007061958313 -1 -1 -1 -1 -1 -1 -1 -1 -1
0.5915881395339966 0.8409512042999268 0.29766765236854553 -1 -1 -1 -1 -1 -1 -1 -1 -1
0.5650014281272888 0.9173828959465027 0.7975460886955261 -1 -1 -1 -1 -1 -1 -1 -1 -1
0.5758386850357056 0.8721579313278198 0.24929478764533997 -1 -1 -1 -1 -1 -1 -1 -1 -1
1 
33 
-1 -1 -1 -1 -1 -1 -1 -1 -1 -1
0.5517364144325256 0.4789315164089203 0.9994103908538818 -1 -1 -1 -1 -1 -1 -1 -1 -1
0.5551249384880066 0.46723660826683044 0.9995405673980713 -1 -1 -1 -1 -1 -1 -1 -1 -1
0.5557420253753662 0.467201292514801 0.9995139837265015 -1 -1 -1 -1 -1 -1 -1 -1 -1
0.5562648177146912 0.4673263430595398 0.9995322227478027 -1 -1 -1 -1 -1 -1 -1 -1 -1
0.5554422736167908 0.4669962525367737 0.9995750784873962 -1 -1 -1 -1 -1 -1 -1 -1 -1
0.5562677383422852 0.46679311990737915 0.9994385838508606 -1 -1 -1 -1 -1 -1 -1 -1 -1
0.5569541454315186 0.4666691720485687 0.9995118379592896 -1 -1 -1 -1 -1 -1 -1 -1 -1
0.5638927817344666 0.47484147548675537 0.9992744326591492 -1 -1 -1 -1 -1 -1 -1 -1 -1
0.5644243955612183 0.47291994094848633 0.999738872051239 -1 -1 -1 -1 -1 -1 -1 -1 -1
0.5556186437606812 0.48981279134750366 0.9987873435020447 -1 -1 -1 -1 -1 -1 -1 -1 -1
0.555957555770874 0.48994383215904236 0.9991150498390198 -1 -1 -1 -1 -1 -1 -1 -1 -1
0.5770890712738037 0.5304025411605835 0.99933260679245 -1 -1 -1 -1 -1 -1 -1 -1 -1
0.5782765746116638 0.5352057814598083 0.9993796348571777 -1 -1 -1 -1 -1 -1 -1 -1 -1
0.5705022215843201 0.5111053586006165 0.9618366956710815 -1 -1 -1 -1 -1 -1 -1 -1 -1
0.5722205638885498 0.5906262993812561 0.06107629835605621 -1 -1 -1 -1 -1 -1 -1 -1 -1
0.5607089400291443 0.4596722722053528 0.9364534616470337 -1 -1 -1 -1 -1 -1 -1 -1 -1
0.5687515139579773 0.6288555860519409 0.0807073712348938 -1 -1 -1 -1 -1 -1 -1 -1 -1
0.5591824650764465 0.44485539197921753 0.92926424741745 -1 -1 -1 -1 -1 -1 -1 -1 -1
0.5688797831535339 0.6401749849319458 0.10226698219776154 -1 -1 -1 -1 -1 -1 -1 -1 -1
0.5595714449882507 0.44385582208633423 0.9219331741333008 -1 -1 -1 -1 -1 -1 -1 -1 -1
0.5696905851364136 0.6386491656303406 0.10544470697641373 -1 -1 -1 -1 -1 -1 -1 -1 -1
0.5601938962936401 0.45185643434524536 0.859140932559967 -1 -1 -1 -1 -1 -1 -1 -1 -1
0.569295346736908 0.6342640519142151 0.11070384830236435 -1 -1 -1 -1 -1 -1 -1 -1 -1
0.5865831971168518 0.6927346587181091 0.9997245669364929 -1 -1 -1 -1 -1 -1 -1 -1 -1
0.5851187705993652 0.6936941742897034 0.9997110962867737 -1 -1 -1 -1 -1 -1 -1 -1 -1
0.5564277172088623 0.77230304479599 0.960997998714447 -1 -1 -1 -1 -1 -1 -1 -1 -1
0.5636451840400696 0.7725954055786133 0.8004270195960999 -1 -1 -1 -1 -1 -1 -1 -1 -1
0.5761958360671997 0.8689697980880737 0.9627525210380554 -1 -1 -1 -1 -1 -1 -1 -1 -1
0.5824858546257019 0.8798564672470093 0.7932475805282593 -1 -1 -1 -1 -1 -1 -1 -1 -1
0.5789927840232849 0.874800980091095 0.9445996880531311 -1 -1 -1 -1 -1 -1 -1 -1 -1
0.5895288586616516 0.8911440372467041 0.8033536076545715 -1 -1 -1 -1 -1 -1 -1 -1 -1
0.5565290451049805 0.8933438062667847 0.9503107666969299 -1 -1 -1 -1 -1 -1 -1 -1 -1
0.5630400776863098 0.8957312107086182 0.8130937814712524 -1 -1 -1 -1 -1 -1 -1 -1 -1
1 
33 
-1 -1 -1 -1 -1 -1 -1 -1 -1 -1
0.5592367649078369 0.4664088487625122 0.9995139837265015 -1 -1 -1 -1 -1 -1 -1 -1 -1
0.5627144575119019 0.45893919467926025 0.999478280544281 -1 -1 -1 -1 -1 -1 -1 -1 -1
0.5634976029396057 0.45954179763793945 0.9994497895240784 -1 -1 -1 -1 -1 -1 -1 -1 -1
0.5643731951713562 0.4599883258342743 0.9996961355209351 -1 -1 -1 -1 -1 -1 -1 -1 -1
0.5622339844703674 0.45841240882873535 0.9988765120506287 -1 -1 -1 -1 -1 -1 -1 -1 -1
0.5627543926239014 0.45836544036865234 0.9983983635902405 -1 -1 -1 -1 -1 -1 -1 -1 -1
0.5631635785102844 0.4582330286502838 0.998675525188446 -1 -1 -1 -1 -1 -1 -1 -1 -1
0.5701596140861511 0.4684451222419739 0.999742329120636 -1 -1 -1 -1 -1 -1 -1 -1 -1
0.5681264996528625 0.4656209945678711 0.9991627931594849 -1 -1 -1 -1 -1 -1 -1 -1 -1
0.5614371299743652 0.47608715295791626 0.9997738003730774 -1 -1 -1 -1 -1 -1 -1 -1 -1
0.5607969760894775 0.4760207533836365 0.9993317723274231 -1 -1 -1 -1 -1 -1 -1 -1 -1
0.5841121077537537 0.5189815759658813 0.999951958656311 -1 -1 -1 -1 -1 -1 -1 -1 -1
0.5650611519813538 0.5062528848648071 0.9991700649261475 -1 -1 -1 -1 -1 -1 -1 -1 -1
0.5870474576950073 0.5926448702812195 0.914635419845581 -1 -1 -1 -1 -1 -1 -1 -1 -1
0.5576612949371338 0.4619162082672119 0.5788721442222595 -1 -1 -1 -1 -1 -1 -1 -1 -1
0.5895977020263672 0.6575331687927246 0.8148747682571411 -1 -1 -1 -1 -1 -1 -1 -1 -1
0.5505439639091492 0.4011775553226471 0.7850902080535889 -1 -1 -1 -1 -1 -1 -1 -1 -1
0.5937713384628296 0.6758283376693726 0.7781208157539368 -1 -1 -1 -1 -1 -1 -1 -1 -1
0.5474295020103455 0.38828086853027344 0.8081018328666687 -1 -1 -1 -1 -1 -1 -1 -1 -1
0.5896649956703186 0.6766789555549622 0.7647240161895752 -1 -1 -1 -1 -1 -1 -1 -1 -1
0.550984263420105 0.3853776752948761 0.7821788787841797 -1 -1 -1 -1 -1 -1 -1 -1 -1
0.5872774720191956 0.6709402799606323 0.6719663739204407 -1 -1 -1 -1 -1 -1 -1 -1 -1
0.5522801280021667 0.39043307304382324 0.7640960812568665 -1 -1 -1 -1 -1 -1 -1 -1 -1
0.5849204659461975 0.6584017872810364 0.9999086856842041 -1 -1 -1 -1 -1 -1 -1 -1 -1
0.5693856477737427 0.6521840691566467 0.9999465942382812 -1 -1 -1 -1 -1 -1 -1 -1 -1
0.5798336863517761 0.7616372108459473 0.9859452843666077 -1 -1 -1 -1 -1 -1 -1 -1 -1
0.5356204509735107 0.7056795358657837 0.9825327396392822 -1 -1 -1 -1 -1 -1 -1 -1 -1
0.5853870511054993 0.8465016484260559 0.9934337139129639 -1 -1 -1 -1 -1 -1 -1 -1 -1
0.5495678186416626 0.791523277759552 0.9564212560653687 -1 -1 -1 -1 -1 -1 -1 -1 -1
0.5874884724617004 0.8551560640335083 0.9817292094230652 -1 -1 -1 -1 -1 -1 -1 -1 -1
0.5565456748008728 0.803764820098877 0.9522824883460999 -1 -1 -1 -1 -1 -1 -1 -1 -1
0.5758690237998962 0.8846691846847534 0.9910240173339844 -1 -1 -1 -1 -1 -1 -1 -1 -1
0.5372318625450134 0.8256608247756958 0.963395893573761 -1 -1 -1 -1 -1 -1 -1 -1 -1
1 
33 
-1 -1 -1 -1 -1 -1 -1 -1 -1 -1
0.5665203928947449 0.4354114532470703 0.9756774306297302 -1 -1 -1 -1 -1 -1 -1 -1 -1
0.5711272358894348 0.42718517780303955 0.976714015007019 -1 -1 -1 -1 -1 -1 -1 -1 -1
0.572608232498169 0.4272482991218567 0.9718049764633179 -1 -1 -1 -1 -1 -1 -1 -1 -1
0.5740770697593689 0.42735913395881653 0.9792113304138184 -1 -1 -1 -1 -1 -1 -1 -1 -1
0.568953812122345 0.42791086435317993 0.9528923630714417 -1 -1 -1 -1 -1 -1 -1 -1 -1
0.5687441825866699 0.4282732307910919 0.9197370409965515 -1 -1 -1 -1 -1 -1 -1 -1 -1
0.5685038566589355 0.4286479949951172 0.9399622082710266 -1 -1 -1 -1 -1 -1 -1 -1 -1
0.5811008214950562 0.43444937467575073 0.9657137989997864 -1 -1 -1 -1 -1 -1 -1 -1 -1
0.5736440420150757 0.4356425106525421 0.9187235236167908 -1 -1 -1 -1 -1 -1 -1 -1 -1
0.5699565410614014 0.4458581209182739 0.9692989587783813 -1 -1 -1 -1 -1 -1 -1 -1 -1
0.5671207904815674 0.44654983282089233 0.9431309103965759 -1 -1 -1 -1 -1 -1 -1 -1 -1
0.5952887535095215 0.4857310652732849 0.9945021867752075 -1 -1 -1 -1 -1 -1 -1 -1 -1
0.5629709362983704 0.4765489101409912 0.9844405651092529 -1 -1 -1 -1 -1 -1 -1 -1 -1
0.5886566042900085 0.47492876648902893 0.9063951969146729 -1 -1 -1 -1 -1 -1 -1 -1 -1
0.5475190877914429 0.454856276512146 0.3623936176300049 -1 -1 -1 -1 -1 -1 -1 -1 -1
0.5845404267311096 0.4053187966346741 0.8776960372924805 -1 -1 -1 -1 -1 -1 -1 -1 -1
0.5458491444587708 0.40452224016189575 0.503207266330719 -1 -1 -1 -1 -1 -1 -1 -1 -1
0.5831214785575867 0.3879246115684509 0.8212735652923584 -1 -1 -1 -1 -1 -1 -1 -1 -1
0.5454005002975464 0.39098799228668213 0.44259700179100037 -1 -1 -1 -1 -1 -1 -1 -1 -1
0.5846047401428223 0.3845127820968628 0.8048998713493347 -1 -1 -1 -1 -1 -1 -1 -1 -1
0.5458640456199646 0.3877575695514679 0.4500424563884735 -1 -1 -1 -1 -1 -1 -1 -1 -1
0.5841596722602844 0.39085572957992554 0.7353445887565613 -1 -1 -1 -1 -1 -1 -1 -1 -1
0.5460084676742554 0.3933195471763611 0.4715254306793213 -1 -1 -1 -1 -1 -1 -1 -1 -1
0.5692042112350464 0.6269891858100891 0.9990774393081665 -1 -1 -1 -1 -1 -1 -1 -1 -1
0.5471606254577637 0.6145994663238525 0.9991532564163208 -1 -1 -1 -1 -1 -1 -1 -1 -1
0.5663188695907593 0.7129907011985779 0.8158581852912903 -1 -1 -1 -1 -1 -1 -1 -1 -1
0.5389503240585327 0.6851266622543335 0.7280755639076233 -1 -1 -1 -1 -1 -1 -1 -1 -1
0.562273383140564 0.7874616384506226 0.8455352187156677 -1 -1 -1 -1 -1 -1 -1 -1 -1
0.5512615442276001 0.7436308860778809 0.5564441680908203 -1 -1 -1 -1 -1 -1 -1 -1 -1
0.5618627071380615 0.7941267490386963 0.7672486305236816 -1 -1 -1 -1 -1 -1 -1 -1 -1
0.5558612942695618 0.7471334338188171 0.5881227254867554 -1 -1 -1 -1 -1 -1 -1 -1 -1
0.5601105093955994 0.8256793022155762 0.8315612077713013 -1 -1 -1 -1 -1 -1 -1 -1 -1
0.5449532270431519 0.7766979932785034 0.6236750483512878 -1 -1 -1 -1 -1 -1 -1 -1 -1
1 
33 
-1 -1 -1 -1 -1 -1 -1 -1 -1 -1
0.5629206895828247 0.4205523729324341 0.9995167255401611 -1 -1 -1 -1 -1 -1 -1 -1 -1
0.56558758020401 0.4141850769519806 0.9998953342437744 -1 -1 -1 -1 -1 -1 -1 -1 -1
0.5665948390960693 0.41423481702804565 0.9998806715011597 -1 -1 -1 -1 -1 -1 -1 -1 -1
0.5675570368766785 0.4143103063106537 0.9999426603317261 -1 -1 -1 -1 -1 -1 -1 -1 -1
0.5633453726768494 0.414351224899292 0.9996616840362549 -1 -1 -1 -1 -1 -1 -1 -1 -1
0.562921404838562 0.41452324390411377 0.9990033507347107 -1 -1 -1 -1 -1 -1 -1 -1 -1
0.5624397993087769 0.41475874185562134 0.9992818236351013 -1 -1 -1 -1 -1 -1 -1 -1 -1
0.57193523645401 0.419176310300827 0.9999445676803589 -1 -1 -1 -1 -1 -1 -1 -1 -1
0.5637565851211548 0.4182395339012146 0.9989421963691711 -1 -1 -1 -1 -1 -1 -1 -1 -1
0.5653553605079651 0.42992040514945984 0.9989238381385803 -1 -1 -1 -1 -1 -1 -1 -1 -1
0.5628206729888916 0.42996588349342346 0.9895193576812744 -1 -1 -1 -1 -1 -1 -1 -1 -1
0.5847354531288147 0.4635493755340576 0.993878185749054 -1 -1 -1 -1 -1 -1 -1 -1 -1
0.5543363094329834 0.45475852489471436 0.7677905559539795 -1 -1 -1 -1 -1 -1 -1 -1 -1
0.5648447275161743 0.48973193764686584 0.9970548152923584 -1 -1 -1 -1 -1 -1 -1 -1 -1
0.5460044741630554 0.47089749574661255 0.4843918979167938 -1 -1 -1 -1 -1 -1 -1 -1 -1
0.5532914400100708 0.47701552510261536 0.9267957210540771 -1 -1 -1 -1 -1 -1 -1 -1 -1
0.5477133393287659 0.4622821807861328 0.18880726397037506 -1 -1 -1 -1 -1 -1 -1 -1 -1
0.5518423318862915 0.478451132774353 0.9375550746917725 -1 -1 -1 -1 -1 -1 -1 -1 -1
0.5479422211647034 0.46602198481559753 0.15599888563156128 -1 -1 -1 -1 -1 -1 -1 -1 -1
0.5513231754302979 0.47185221314430237 0.945179283618927 -1 -1 -1 -1 -1 -1 -1 -1 -1
0.5474720597267151 0.4604046940803528 0.16801974177360535 -1 -1 -1 -1 -1 -1 -1 -1 -1
0.5513650178909302 0.470641553401947 0.9566144943237305 -1 -1 -1 -1 -1 -1 -1 -1 -1
0.5471698045730591 0.4596180319786072 0.24486984312534332 -1 -1 -1 -1 -1 -1 -1 -1 -1
0.5752198696136475 0.5578364133834839 0.9235983490943909 -1 -1 -1 -1 -1 -1 -1 -1 -1
0.5500272512435913 0.5466538071632385 0.8903921842575073 -1 -1 -1 -1 -1 -1 -1 -1 -1
0.5817139744758606 0.6329652070999146 0.7519954442977905 -1 -1 -1 -1 -1 -1 -1 -1 -1
0.544577419757843 0.6102983951568604 0.8424626588821411 -1 -1 -1 -1 -1 -1 -1 -1 -1
0.5804054737091064 0.6923351883888245 0.2508147656917572 -1 -1 -1 -1 -1 -1 -1 -1 -1
0.5559329986572266 0.6752562522888184 0.5014713406562805 -1 -1 -1 -1 -1 -1 -1 -1 -1
0.579261302947998 0.7107003331184387 0.1580946445465088 -1 -1 -1 -1 -1 -1 -1 -1 -1
0.5554659366607666 0.694316565990448 0.9040034413337708 -1 -1 -1 -1 -1 -1 -1 -1 -1
0.5779037475585938 0.7120782136917114 0.7523192167282104 -1 -1 -1 -1 -1 -1 -1 -1 -1
0.5332033634185791 0.6832661032676697 0.7828750610351562 -1 -1 -1 -1 -1 -1 -1 -1 -1
1 
33 
-1 -1 -1 -1 -1 -1 -1 -1 -1 -1
0.5464884638786316 0.425202876329422 0.9997873902320862 -1 -1 -1 -1 -1 -1 -1 -1 -1
0.5468551516532898 0.4211854934692383 0.9999384880065918 -1 -1 -1 -1 -1 -1 -1 -1 -1
0.5474374294281006 0.4207167625427246 0.9998911619186401 -1 -1 -1 -1 -1 -1 -1 -1 -1
0.5480578541755676 0.42021799087524414 0.999941349029541 -1 -1 -1 -1 -1 -1 -1 -1 -1
0.5452969670295715 0.4234393537044525 0.9999611377716064 -1 -1 -1 -1 -1 -1 -1 -1 -1
0.5448505878448486 0.4244822859764099 0.9999382495880127 -1 -1 -1 -1 -1 -1 -1 -1 -1
0.5444046258926392 0.4255039095878601 0.9999711513519287 -1 -1 -1 -1 -1 -1 -1 -1 -1
0.5502196550369263 0.42498213052749634 0.9999150037765503 -1 -1 -1 -1 -1 -1 -1 -1 -1
0.5447869300842285 0.4334302544593811 0.9999668598175049 -1 -1 -1 -1 -1 -1 -1 -1 -1
0.5489159226417542 0.4315263330936432 0.9996336698532104 -1 -1 -1 -1 -1 -1 -1 -1 -1
0.5469944477081299 0.4339631497859955 0.9997062087059021 -1 -1 -1 -1 -1 -1 -1 -1 -1
0.5652955174446106 0.4392041265964508 0.9998058676719666 -1 -1 -1 -1 -1 -1 -1 -1 -1
0.5435699820518494 0.4785909950733185 0.9995415210723877 -1 -1 -1 -1 -1 -1 -1 -1 -1
0.5721006393432617 0.44533252716064453 0.7571162581443787 -1 -1 -1 -1 -1 -1 -1 -1 -1
0.5338707566261292 0.5127646327018738 0.7096577286720276 -1 -1 -1 -1 -1 -1 -1 -1 -1
0.5652852058410645 0.4348408877849579 0.2661760747432709 -1 -1 -1 -1 -1 -1 -1 -1 -1
0.5256718397140503 0.5460531115531921 0.31385138630867004 -1 -1 -1 -1 -1 -1 -1 -1 -1
0.5654441118240356 0.4313453733921051 0.27252131700515747 -1 -1 -1 -1 -1 -1 -1 -1 -1
0.5247471332550049 0.5594014525413513 0.24797724187374115 -1 -1 -1 -1 -1 -1 -1 -1 -1
0.5625699162483215 0.43197041749954224 0.242849200963974 -1 -1 -1 -1 -1 -1 -1 -1 -1
0.5238964557647705 0.5531396865844727 0.25332197546958923 -1 -1 -1 -1 -1 -1 -1 -1 -1
0.5615342855453491 0.43502750992774963 0.25243157148361206 -1 -1 -1 -1 -1 -1 -1 -1 -1
0.5246033668518066 0.5480780601501465 0.2843065559864044 -1 -1 -1 -1 -1 -1 -1 -1 -1
0.5886585116386414 0.5039618611335754 0.9998877048492432 -1 -1 -1 -1 -1 -1 -1 -1 -1
0.5795612335205078 0.5189153552055359 0.9991844296455383 -1 -1 -1 -1 -1 -1 -1 -1 -1
0.5821365118026733 0.6002167463302612 0.9821738004684448 -1 -1 -1 -1 -1 -1 -1 -1 -1
0.5682086944580078 0.5765081644058228 0.6798927187919617 -1 -1 -1 -1 -1 -1 -1 -1 -1
0.5722599625587463 0.7098742723464966 0.9898219108581543 -1 -1 -1 -1 -1 -1 -1 -1 -1
0.5712749361991882 0.5495576858520508 0.5730006694793701 -1 -1 -1 -1 -1 -1 -1 -1 -1
0.5738243460655212 0.7259864807128906 0.9850426912307739 -1 -1 -1 -1 -1 -1 -1 -1 -1
0.5718816518783569 0.5382899641990662 0.6454428434371948 -1 -1 -1 -1 -1 -1 -1 -1 -1
0.556169331073761 0.7434035539627075 0.9762983322143555 -1 -1 -1 -1 -1 -1 -1 -1 -1
0.5741755366325378 0.553801417350769 0.40838751196861267 -1 -1 -1 -1 -1 -1 -1 -1 -1
1 
33 
-1 -1 -1 -1 -1 -1 -1 -1 -1 -1
0.565502941608429 0.4983886480331421 0.5845995545387268 -1 -1 -1 -1 -1 -1 -1 -1 -1
0.5697243213653564 0.500308096408844 0.822234570980072 -1 -1 -1 -1 -1 -1 -1 -1 -1
0.5707420706748962 0.5027870535850525 0.7950920462608337 -1 -1 -1 -1 -1 -1 -1 -1 -1
0.5717352032661438 0.5052812695503235 0.8476272821426392 -1 -1 -1 -1 -1 -1 -1 -1 -1
0.5671225190162659 0.4931967258453369 0.6140551567077637 -1 -1 -1 -1 -1 -1 -1 -1 -1
0.566328227519989 0.49083220958709717 0.4435133635997772 -1 -1 -1 -1 -1 -1 -1 -1 -1
0.5655264258384705 0.48853182792663574 0.5056261420249939 -1 -1 -1 -1 -1 -1 -1 -1 -1
0.5739333033561707 0.5102342963218689 0.8918998837471008 -1 -1 -1 -1 -1 -1 -1 -1 -1
0.5637254118919373 0.48491695523262024 0.40613824129104614 -1 -1 -1 -1 -1 -1 -1 -1 -1
0.5656101703643799 0.5046834349632263 0.8674431443214417 -1 -1 -1 -1 -1 -1 -1 -1 -1
0.5624348521232605 0.4964989423751831 0.7622758746147156 -1 -1 -1 -1 -1 -1 -1 -1 -1
0.5773040056228638 0.5327503681182861 0.9991251826286316 -1 -1 -1 -1 -1 -1 -1 -1 -1
0.5521999001502991 0.46816572546958923 0.9898653626441956 -1 -1 -1 -1 -1 -1 -1 -1 -1
0.5795519948005676 0.6021826863288879 0.14962483942508698 -1 -1 -1 -1 -1 -1 -1 -1 -1
0.5331268310546875 0.45928382873535156 0.009275613352656364 -1 -1 -1 -1 -1 -1 -1 -1 -1
0.5747814178466797 0.6588426828384399 0.281423956155777 -1 -1 -1 -1 -1 -1 -1 -1 -1
0.5249630212783813 0.47671082615852356 0.04734661802649498 -1 -1 -1 -1 -1 -1 -1 -1 -1
0.5765363574028015 0.675937831401825 0.3360822796821594 -1 -1 -1 -1 -1 -1 -1 -1 -1
0.5230119228363037 0.4778735935688019 0.10185815393924713 -1 -1 -1 -1 -1 -1 -1 -1 -1
0.5744589567184448 0.6695066690444946 0.31284043192863464 -1 -1 -1 -1 -1 -1 -1 -1 -1
0.5253690481185913 0.47760850191116333 0.09850374609231949 -1 -1 -1 -1 -1 -1 -1 -1 -1
0.5727227926254272 0.6630096435546875 0.2777649164199829 -1 -1 -1 -1 -1 -1 -1 -1 -1
0.5268718600273132 0.47953611612319946 0.1198863610625267 -1 -1 -1 -1 -1 -1 -1 -1 -1
0.5547391176223755 0.5519757866859436 0.9999183416366577 -1 -1 -1 -1 -1 -1 -1 -1 -1
0.5375646352767944 0.5218692421913147 0.9999394416809082 -1 -1 -1 -1 -1 -1 -1 -1 -1
0.5985133051872253 0.5552623271942139 0.12327570468187332 -1 -1 -1 -1 -1 -1 -1 -1 -1
0.5705593824386597 0.5411773920059204 0.41079211235046387 -1 -1 -1 -1 -1 -1 -1 -1 -1
0.5882489681243896 0.6134806275367737 0.13391517102718353 -1 -1 -1 -1 -1 -1 -1 -1 -1
0.5883289575576782 0.6234604120254517 0.45517995953559875 -1 -1 -1 -1 -1 -1 -1 -1 -1
0.585955023765564 0.6173819303512573 0.363300085067749 -1 -1 -1 -1 -1 -1 -1 -1 -1
0.5894501209259033 0.6360843777656555 0.46758294105529785 -1 -1 -1 -1 -1 -1 -1 -1 -1
0.5872318744659424 0.6373884677886963 0.2194186896085739 -1 -1 -1 -1 -1 -1 -1 -1 -1
0.5982335805892944 0.6465561389923096 0.4733297824859619 -1 -1 -1 -1 -1 -1 -1 -1 -1
1 
33 
-1 -1 -1 -1 -1 -1 -1 -1 -1 -1
0.5582857131958008 0.6315576434135437 0.9833776950836182 -1 -1 -1 -1 -1 -1 -1 -1 -1
0.5559284090995789 0.6363548636436462 0.9918656945228577 -1 -1 -1 -1 -1 -1 -1 -1 -1
0.5556355714797974 0.6363658905029297 0.981864333152771 -1 -1 -1 -1 -1 -1 -1 -1 -1
0.5553209185600281 0.6363049745559692 0.9881453514099121 -1 -1 -1 -1 -1 -1 -1 -1 -1
0.5583139657974243 0.6365308165550232 0.992588996887207 -1 -1 -1 -1 -1 -1 -1 -1 -1
0.559550404548645 0.6365852355957031 0.9883875250816345 -1 -1 -1 -1 -1 -1 -1 -1 -1
0.5607520937919617 0.6366286277770996 0.9937984347343445 -1 -1 -1 -1 -1 -1 -1 -1 -1
0.5591233372688293 0.6325262188911438 0.9859682321548462 -1 -1 -1 -1 -1 -1 -1 -1 -1
0.5664412379264832 0.6324405670166016 0.9949028491973877 -1 -1 -1 -1 -1 -1 -1 -1 -1
0.5541475415229797 0.6203007102012634 0.9808961153030396 -1 -1 -1 -1 -1 -1 -1 -1 -1
0.5567067861557007 0.6203622221946716 0.9832626581192017 -1 -1 -1 -1 -1 -1 -1 -1 -1
0.5565022826194763 0.5944435596466064 0.9896658658981323 -1 -1 -1 -1 -1 -1 -1 -1 -1
0.5724235773086548 0.6045210361480713 0.9969298243522644 -1 -1 -1 -1 -1 -1 -1 -1 -1
0.5451421737670898 0.643034040927887 0.26181337237358093 -1 -1 -1 -1 -1 -1 -1 -1 -1
0.551334023475647 0.6655950546264648 0.9593814611434937 -1 -1 -1 -1 -1 -1 -1 -1 -1
0.5463063716888428 0.7039470672607422 0.3474637567996979 -1 -1 -1 -1 -1 -1 -1 -1 -1
0.54781174659729 0.7164372205734253 0.9485110640525818 -1 -1 -1 -1 -1 -1 -1 -1 -1
0.5477616786956787 0.7165312767028809 0.33927854895591736 -1 -1 -1 -1 -1 -1 -1 -1 -1
0.5488184094429016 0.721947431564331 0.9104968905448914 -1 -1 -1 -1 -1 -1 -1 -1 -1
0.5494348406791687 0.7177715301513672 0.32809552550315857 -1 -1 -1 -1 -1 -1 -1 -1 -1
0.5491172075271606 0.7190876007080078 0.8938969373703003 -1 -1 -1 -1 -1 -1 -1 -1 -1
0.549189567565918 0.7137608528137207 0.3250139057636261 -1 -1 -1 -1 -1 -1 -1 -1 -1
0.5491218566894531 0.7176437973976135 0.8517137765884399 -1 -1 -1 -1 -1 -1 -1 -1 -1
0.5574281811714172 0.47079646587371826 0.9985278844833374 -1 -1 -1 -1 -1 -1 -1 -1 -1
0.5702285170555115 0.46940508484840393 0.9986705780029297 -1 -1 -1 -1 -1 -1 -1 -1 -1
0.534104585647583 0.4163919985294342 0.7115421295166016 -1 -1 -1 -1 -1 -1 -1 -1 -1
0.5540024638175964 0.373271644115448 0.8382014632225037 -1 -1 -1 -1 -1 -1 -1 -1 -1
0.547265350818634 0.36688315868377686 0.5255811810493469 -1 -1 -1 -1 -1 -1 -1 -1 -1
0.5483222603797913 0.29503220319747925 0.8528587818145752 -1 -1 -1 -1 -1 -1 -1 -1 -1
0.5508683323860168 0.36348170042037964 0.5302292108535767 -1 -1 -1 -1 -1 -1 -1 -1 -1
0.5475232601165771 0.28606295585632324 0.8134096264839172 -1 -1 -1 -1 -1 -1 -1 -1 -1
0.5484566688537598 0.34583282470703125 0.5687092542648315 -1 -1 -1 -1 -1 -1 -1 -1 -1
0.5478330254554749 0.266143262386322 0.8207403421401978 -1 -1 -1 -1 -1 -1 -1 -1 -1
1 
33 
-1 -1 -1 -1 -1 -1 -1 -1 -1 -1
0.5595703125 0.5992367267608643 0.9960713386535645 -1 -1 -1 -1 -1 -1 -1 -1 -1
0.5595273375511169 0.6060237884521484 0.9973657727241516 -1 -1 -1 -1 -1 -1 -1 -1 -1
0.559164822101593 0.6056081056594849 0.9967036843299866 -1 -1 -1 -1 -1 -1 -1 -1 -1
0.5587360858917236 0.6055701971054077 0.9975047707557678 -1 -1 -1 -1 -1 -1 -1 -1 -1
0.561742901802063 0.6058055758476257 0.9959644079208374 -1 -1 -1 -1 -1 -1 -1 -1 -1
0.5616604685783386 0.6055524349212646 0.9947052597999573 -1 -1 -1 -1 -1 -1 -1 -1 -1
0.5616275668144226 0.6057792901992798 0.9959706664085388 -1 -1 -1 -1 -1 -1 -1 -1 -1
0.5576773285865784 0.5952833294868469 0.9959934949874878 -1 -1 -1 -1 -1 -1 -1 -1 -1
0.561106264591217 0.5975762009620667 0.9919885396957397 -1 -1 -1 -1 -1 -1 -1 -1 -1
0.5595122575759888 0.5935651063919067 0.994156002998352 -1 -1 -1 -1 -1 -1 -1 -1 -1
0.5608647465705872 0.5906375050544739 0.9888889789581299 -1 -1 -1 -1 -1 -1 -1 -1 -1
0.5465980172157288 0.5605055689811707 0.9989091157913208 -1 -1 -1 -1 -1 -1 -1 -1 -1
0.5629088878631592 0.5703134536743164 0.9910854697227478 -1 -1 -1 -1 -1 -1 -1 -1 -1
0.5353524088859558 0.5325607061386108 0.6840219497680664 -1 -1 -1 -1 -1 -1 -1 -1 -1
0.5543982982635498 0.6007617712020874 0.5786496996879578 -1 -1 -1 -1 -1 -1 -1 -1 -1
0.5337620973587036 0.5598705410957336 0.479731947183609 -1 -1 -1 -1 -1 -1 -1 -1 -1
0.5465390682220459 0.6658338904380798 0.8085798621177673 -1 -1 -1 -1 -1 -1 -1 -1 -1
0.5336163640022278 0.5641716122627258 0.4394022524356842 -1 -1 -1 -1 -1 -1 -1 -1 -1
0.5439131259918213 0.6804133653640747 0.7616366147994995 -1 -1 -1 -1 -1 -1 -1 -1 -1
0.5316587686538696 0.5710096955299377 0.42957744002342224 -1 -1 -1 -1 -1 -1 -1 -1 -1
0.5435515642166138 0.6839650273323059 0.7453655004501343 -1 -1 -1 -1 -1 -1 -1 -1 -1
0.5324628353118896 0.5698356628417969 0.40432941913604736 -1 -1 -1 -1 -1 -1 -1 -1 -1
0.5476946830749512 0.6793287396430969 0.715111255645752 -1 -1 -1 -1 -1 -1 -1 -1 -1
0.5603888034820557 0.4319595694541931 0.9998999834060669 -1 -1 -1 -1 -1 -1 -1 -1 -1
0.5601596832275391 0.4373266398906708 0.9984058737754822 -1 -1 -1 -1 -1 -1 -1 -1 -1
0.5574207901954651 0.3030480742454529 0.9907241463661194 -1 -1 -1 -1 -1 -1 -1 -1 -1
0.5528426170349121 0.39192748069763184 0.19563692808151245 -1 -1 -1 -1 -1 -1 -1 -1 -1
0.541507363319397 0.18231827020645142 0.9897258877754211 -1 -1 -1 -1 -1 -1 -1 -1 -1
0.5351461172103882 0.3531779646873474 0.1778135746717453 -1 -1 -1 -1 -1 -1 -1 -1 -1
0.5287919640541077 0.17058509588241577 0.9741317629814148 -1 -1 -1 -1 -1 -1 -1 -1 -1
0.5311354994773865 0.346688449382782 0.32641929388046265 -1 -1 -1 -1 -1 -1 -1 -1 -1
0.5487157106399536 0.15029078722000122 0.9755458831787109 -1 -1 -1 -1 -1 -1 -1 -1 -1
0.5401456356048584 0.33742839097976685 0.31893396377563477 -1 -1 -1 -1 -1 -1 -1 -1 -1
1 
33 
-1 -1 -1 -1 -1 -1 -1 -1 -1 -1
0.5417749881744385 0.6157654523849487 0.9852377772331238 -1 -1 -1 -1 -1 -1 -1 -1 -1
0.5421715974807739 0.6197652220726013 0.9820934534072876 -1 -1 -1 -1 -1 -1 -1 -1 -1
0.5421538949012756 0.619645893573761 0.9749904274940491 -1 -1 -1 -1 -1 -1 -1 -1 -1
0.5421551465988159 0.6194561123847961 0.9811224937438965 -1 -1 -1 -1 -1 -1 -1 -1 -1
0.5422729253768921 0.6194121241569519 0.9797280430793762 -1 -1 -1 -1 -1 -1 -1 -1 -1
0.5424386858940125 0.6192036271095276 0.9741259813308716 -1 -1 -1 -1 -1 -1 -1 -1 -1
0.5426071286201477 0.6189637780189514 0.9822690486907959 -1 -1 -1 -1 -1 -1 -1 -1 -1
0.5416820049285889 0.6159136295318604 0.9774788618087769 -1 -1 -1 -1 -1 -1 -1 -1 -1
0.5428849458694458 0.6159744262695312 0.9655031561851501 -1 -1 -1 -1 -1 -1 -1 -1 -1
0.5412591099739075 0.6093440055847168 0.9828088879585266 -1 -1 -1 -1 -1 -1 -1 -1 -1
0.5410534739494324 0.6086866855621338 0.9826123714447021 -1 -1 -1 -1 -1 -1 -1 -1 -1
0.5335508584976196 0.5760743021965027 0.9922537207603455 -1 -1 -1 -1 -1 -1 -1 -1 -1
0.5489923357963562 0.5956102013587952 0.9967748522758484 -1 -1 -1 -1 -1 -1 -1 -1 -1
0.5326103568077087 0.5526968240737915 0.12881262600421906 -1 -1 -1 -1 -1 -1 -1 -1 -1
0.5442322492599487 0.6027307510375977 0.6025664210319519 -1 -1 -1 -1 -1 -1 -1 -1 -1
0.534632682800293 0.5664244890213013 0.11180797219276428 -1 -1 -1 -1 -1 -1 -1 -1 -1
0.5388371348381042 0.616629958152771 0.40741166472435 -1 -1 -1 -1 -1 -1 -1 -1 -1
0.5376802086830139 0.5661038756370544 0.13481415808200836 -1 -1 -1 -1 -1 -1 -1 -1 -1
0.5392715930938721 0.6168105602264404 0.4536503255367279 -1 -1 -1 -1 -1 -1 -1 -1 -1
0.5358982086181641 0.5722378492355347 0.13976801931858063 -1 -1 -1 -1 -1 -1 -1 -1 -1
0.5376834273338318 0.6197446584701538 0.44360002875328064 -1 -1 -1 -1 -1 -1 -1 -1 -1
0.5349826812744141 0.5732375979423523 0.12494736164808273 -1 -1 -1 -1 -1 -1 -1 -1 -1
0.5371546745300293 0.6199132800102234 0.39029765129089355 -1 -1 -1 -1 -1 -1 -1 -1 -1
0.5597437024116516 0.4378373622894287 0.9980977177619934 -1 -1 -1 -1 -1 -1 -1 -1 -1
0.5716177225112915 0.44498881697654724 0.9988773465156555 -1 -1 -1 -1 -1 -1 -1 -1 -1
0.55286705493927 0.32387712597846985 0.6925864815711975 -1 -1 -1 -1 -1 -1 -1 -1 -1
0.552711009979248 0.3247539699077606 0.9549314975738525 -1 -1 -1 -1 -1 -1 -1 -1 -1
0.5448245406150818 0.2277345061302185 0.8723800182342529 -1 -1 -1 -1 -1 -1 -1 -1 -1
0.5402134656906128 0.21624335646629333 0.9725750088691711 -1 -1 -1 -1 -1 -1 -1 -1 -1
0.5453872680664062 0.22106117010116577 0.8691931962966919 -1 -1 -1 -1 -1 -1 -1 -1 -1
0.5391179919242859 0.20507889986038208 0.9399569034576416 -1 -1 -1 -1 -1 -1 -1 -1 -1
0.5384870171546936 0.17770710587501526 0.8920195698738098 -1 -1 -1 -1 -1 -1 -1 -1 -1
0.5341556668281555 0.15844517946243286 0.9524338841438293 -1 -1 -1 -1 -1 -1 -1 -1 -1
1 
33 
-1 -1 -1 -1 -1 -1 -1 -1 -1 -1
0.5449019074440002 0.6621589064598083 0.9921451210975647 -1 -1 -1 -1 -1 -1 -1 -1 -1
0.5400806665420532 0.659887969493866 0.9955018162727356 -1 -1 -1 -1 -1 -1 -1 -1 -1
0.5396820902824402 0.6587122678756714 0.9930914640426636 -1 -1 -1 -1 -1 -1 -1 -1 -1
0.5374175906181335 0.6532347798347473 0.9943128824234009 -1 -1 -1 -1 -1 -1 -1 -1 -1
0.5417888760566711 0.6651875972747803 0.9947667121887207 -1 -1 -1 -1 -1 -1 -1 -1 -1
0.5390069484710693 0.6605541110038757 0.9926619529724121 -1 -1 -1 -1 -1 -1 -1 -1 -1
0.5394852161407471 0.6620675325393677 0.9932350516319275 -1 -1 -1 -1 -1 -1 -1 -1 -1
0.532652735710144 0.6314014196395874 0.9970864653587341 -1 -1 -1 -1 -1 -1 -1 -1 -1
0.5393853187561035 0.654249370098114 0.9942649006843567 -1 -1 -1 -1 -1 -1 -1 -1 -1
0.5469218492507935 0.6509040594100952 0.9953851103782654 -1 -1 -1 -1 -1 -1 -1 -1 -1
0.5483373999595642 0.6555911898612976 0.9848259091377258 -1 -1 -1 -1 -1 -1 -1 -1 -1
0.5466161966323853 0.5723086595535278 0.9901826977729797 -1 -1 -1 -1 -1 -1 -1 -1 -1
0.5638189911842346 0.6438045501708984 0.9909997582435608 -1 -1 -1 -1 -1 -1 -1 -1 -1
0.5563774704933167 0.5180344581604004 0.7684644460678101 -1 -1 -1 -1 -1 -1 -1 -1 -1
0.5701504945755005 0.6207619905471802 0.9825467467308044 -1 -1 -1 -1 -1 -1 -1 -1 -1
0.5522151589393616 0.4884907901287079 0.3581821322441101 -1 -1 -1 -1 -1 -1 -1 -1 -1
0.542397141456604 0.5919423699378967 0.9674358367919922 -1 -1 -1 -1 -1 -1 -1 -1 -1
0.550756573677063 0.47872602939605713 0.2811967432498932 -1 -1 -1 -1 -1 -1 -1 -1 -1
0.5353538990020752 0.5857222676277161 0.9113636016845703 -1 -1 -1 -1 -1 -1 -1 -1 -1
0.5492189526557922 0.48141545057296753 0.284756064414978 -1 -1 -1 -1 -1 -1 -1 -1 -1
0.5344557166099548 0.5867244005203247 0.8862106800079346 -1 -1 -1 -1 -1 -1 -1 -1 -1
0.5510143041610718 0.486595094203949 0.2991050183773041 -1 -1 -1 -1 -1 -1 -1 -1 -1
0.5374937057495117 0.5851666927337646 0.8416483402252197 -1 -1 -1 -1 -1 -1 -1 -1 -1
0.6138302683830261 0.5251514911651611 0.9996871948242188 -1 -1 -1 -1 -1 -1 -1 -1 -1
0.6283075213432312 0.5738796591758728 0.9989757537841797 -1 -1 -1 -1 -1 -1 -1 -1 -1
0.6323584318161011 0.5050662755966187 0.944655179977417 -1 -1 -1 -1 -1 -1 -1 -1 -1
0.6832219958305359 0.5846055150032043 0.7729406356811523 -1 -1 -1 -1 -1 -1 -1 -1 -1
0.685771107673645 0.5023529529571533 0.6649723052978516 -1 -1 -1 -1 -1 -1 -1 -1 -1
0.6919112801551819 0.5669353604316711 0.165492981672287 -1 -1 -1 -1 -1 -1 -1 -1 -1
0.6956538558006287 0.5094916224479675 0.5567925572395325 -1 -1 -1 -1 -1 -1 -1 -1 -1
0.6916697025299072 0.556414008140564 0.19514162838459015 -1 -1 -1 -1 -1 -1 -1 -1 -1
0.6965893507003784 0.4794936776161194 0.5737374424934387 -1 -1 -1 -1 -1 -1 -1 -1 -1
0.7069202661514282 0.5805594325065613 0.10775022953748703 -1 -1 -1 -1 -1 -1 -1 -1 -1
1 
33 
-1 -1 -1 -1 -1 -1 -1 -1 -1 -1
0.554591953754425 0.38396382331848145 0.9943239688873291 -1 -1 -1 -1 -1 -1 -1 -1 -1
0.5518171787261963 0.37945473194122314 0.9944900274276733 -1 -1 -1 -1 -1 -1 -1 -1 -1
0.5512829422950745 0.3802805542945862 0.9937921166419983 -1 -1 -1 -1 -1 -1 -1 -1 -1
0.5507381558418274 0.3811700940132141 0.9944891929626465 -1 -1 -1 -1 -1 -1 -1 -1 -1
0.5528134703636169 0.3764125406742096 0.9966819882392883 -1 -1 -1 -1 -1 -1 -1 -1 -1
0.5529554486274719 0.37515145540237427 0.9967865943908691 -1 -1 -1 -1 -1 -1 -1 -1 -1
0.5531211495399475 0.3738785684108734 0.9975603818893433 -1 -1 -1 -1 -1 -1 -1 -1 -1
0.5490463376045227 0.38170716166496277 0.9950494170188904 -1 -1 -1 -1 -1 -1 -1 -1 -1
0.5517324805259705 0.37346917390823364 0.9978958368301392 -1 -1 -1 -1 -1 -1 -1 -1 -1
0.5543750524520874 0.3906024992465973 0.9949377775192261 -1 -1 -1 -1 -1 -1 -1 -1 -1
0.5555146932601929 0.3866869807243347 0.9967832565307617 -1 -1 -1 -1 -1 -1 -1 -1 -1
0.5541889071464539 0.40588951110839844 0.9995513558387756 -1 -1 -1 -1 -1 -1 -1 -1 -1
0.555457592010498 0.41018491983413696 0.9999181032180786 -1 -1 -1 -1 -1 -1 -1 -1 -1
0.5512650609016418 0.4739207327365875 0.2883715033531189 -1 -1 -1 -1 -1 -1 -1 -1 -1
0.5625966787338257 0.5171627998352051 0.5849816203117371 -1 -1 -1 -1 -1 -1 -1 -1 -1
0.5363485813140869 0.4894689619541168 0.11073680222034454 -1 -1 -1 -1 -1 -1 -1 -1 -1
0.5428152084350586 0.590019166469574 0.7047584056854248 -1 -1 -1 -1 -1 -1 -1 -1 -1
0.531587541103363 0.4963280260562897 0.09758181124925613 -1 -1 -1 -1 -1 -1 -1 -1 -1
0.5365100502967834 0.6081111431121826 0.7005666494369507 -1 -1 -1 -1 -1 -1 -1 -1 -1
0.5316998958587646 0.4920690059661865 0.09173378348350525 -1 -1 -1 -1 -1 -1 -1 -1 -1
0.5344513058662415 0.6131031513214111 0.7105475664138794 -1 -1 -1 -1 -1 -1 -1 -1 -1
0.5330416560173035 0.4892127513885498 0.09858888387680054 -1 -1 -1 -1 -1 -1 -1 -1 -1
0.5379156470298767 0.6047604084014893 0.6598258018493652 -1 -1 -1 -1 -1 -1 -1 -1 -1
0.6064423322677612 0.5519199967384338 0.9999806880950928 -1 -1 -1 -1 -1 -1 -1 -1 -1
0.6019313931465149 0.5495376586914062 0.9999780654907227 -1 -1 -1 -1 -1 -1 -1 -1 -1
0.6542949080467224 0.6137540340423584 0.768608808517456 -1 -1 -1 -1 -1 -1 -1 -1 -1
0.6176823377609253 0.630119800567627 0.6807563304901123 -1 -1 -1 -1 -1 -1 -1 -1 -1
0.6319131255149841 0.636450469493866 0.31182780861854553 -1 -1 -1 -1 -1 -1 -1 -1 -1
0.6231689453125 0.6431620717048645 0.35419243574142456 -1 -1 -1 -1 -1 -1 -1 -1 -1
0.6287423968315125 0.6339221000671387 0.38959673047065735 -1 -1 -1 -1 -1 -1 -1 -1 -1
0.6244471669197083 0.6392807364463806 0.43531134724617004 -1 -1 -1 -1 -1 -1 -1 -1 -1
0.6187275052070618 0.6539739966392517 0.25822457671165466 -1 -1 -1 -1 -1 -1 -1 -1 -1
0.6191998720169067 0.6629919409751892 0.342216432094574 -1 -1 -1 -1 -1 -1 -1 -1 -1
1 
33 
-1 -1 -1 -1 -1 -1 -1 -1 -1 -1
0.5735325813293457 0.5802035927772522 0.9877539277076721 -1 -1 -1 -1 -1 -1 -1 -1 -1
0.5738511681556702 0.5877823829650879 0.9902426600456238 -1 -1 -1 -1 -1 -1 -1 -1 -1
0.5729737281799316 0.5881457924842834 0.9818034172058105 -1 -1 -1 -1 -1 -1 -1 -1 -1
0.5720816850662231 0.5884737372398376 0.9848946928977966 -1 -1 -1 -1 -1 -1 -1 -1 -1
0.5764785408973694 0.5868078470230103 0.9927789568901062 -1 -1 -1 -1 -1 -1 -1 -1 -1
0.577526330947876 0.5864426493644714 0.9916161894798279 -1 -1 -1 -1 -1 -1 -1 -1 -1
0.5785585641860962 0.5860550403594971 0.9948596954345703 -1 -1 -1 -1 -1 -1 -1 -1 -1
0.5710691213607788 0.5863144397735596 0.9763294458389282 -1 -1 -1 -1 -1 -1 -1 -1 -1
0.5800564885139465 0.5822645425796509 0.9957333207130432 -1 -1 -1 -1 -1 -1 -1 -1 -1
0.5705514550209045 0.5734193921089172 0.9840602874755859 -1 -1 -1 -1 -1 -1 -1 -1 -1
0.5735186338424683 0.572447657585144 0.9926475286483765 -1 -1 -1 -1 -1 -1 -1 -1 -1
0.5581343770027161 0.559775710105896 0.992388129234314 -1 -1 -1 -1 -1 -1 -1 -1 -1
0.5800997614860535 0.5522049069404602 0.9975631237030029 -1 -1 -1 -1 -1 -1 -1 -1 -1
0.5448793768882751 0.549368679523468 0.08676619827747345 -1 -1 -1 -1 -1 -1 -1 -1 -1
0.5760292410850525 0.553654670715332 0.31266024708747864 -1 -1 -1 -1 -1 -1 -1 -1 -1
0.5494195818901062 0.5704482793807983 0.11028318107128143 -1 -1 -1 -1 -1 -1 -1 -1 -1
0.5702909231185913 0.5840065479278564 0.3056787848472595 -1 -1 -1 -1 -1 -1 -1 -1 -1
0.550295352935791 0.5723026394844055 0.1656128168106079 -1 -1 -1 -1 -1 -1 -1 -1 -1
0.567743182182312 0.5865073204040527 0.3004681169986725 -1 -1 -1 -1 -1 -1 -1 -1 -1
0.5518392324447632 0.577183723449707 0.15416868031024933 -1 -1 -1 -1 -1 -1 -1 -1 -1
0.5688154101371765 0.5915926098823547 0.2895120084285736 -1 -1 -1 -1 -1 -1 -1 -1 -1
0.5517166256904602 0.5769111514091492 0.1360858678817749 -1 -1 -1 -1 -1 -1 -1 -1 -1
0.5691243410110474 0.5914047360420227 0.26758909225463867 -1 -1 -1 -1 -1 -1 -1 -1 -1
0.5378657579421997 0.4409288465976715 0.9997441172599792 -1 -1 -1 -1 -1 -1 -1 -1 -1
0.5523496270179749 0.451304167509079 0.9989457726478577 -1 -1 -1 -1 -1 -1 -1 -1 -1
0.5317471623420715 0.33548808097839355 0.8212153315544128 -1 -1 -1 -1 -1 -1 -1 -1 -1
0.5589803457260132 0.5040823817253113 0.5788532495498657 -1 -1 -1 -1 -1 -1 -1 -1 -1
0.5492523312568665 0.2329103648662567 0.8259658217430115 -1 -1 -1 -1 -1 -1 -1 -1 -1
0.5463129878044128 0.5339828729629517 0.4675907492637634 -1 -1 -1 -1 -1 -1 -1 -1 -1
0.5548524856567383 0.22107750177383423 0.9068642854690552 -1 -1 -1 -1 -1 -1 -1 -1 -1
0.5434362888336182 0.5327751040458679 0.6333780884742737 -1 -1 -1 -1 -1 -1 -1 -1 -1
0.5425603985786438 0.20035618543624878 0.8217331171035767 -1 -1 -1 -1 -1 -1 -1 -1 -1
0.542793333530426 0.5582129955291748 0.6908209919929504 -1 -1 -1 -1 -1 -1 -1 -1 -1
1 
33 
-1 -1 -1 -1 -1 -1 -1 -1 -1 -1
0.539813220500946 0.6591489911079407 0.9995998740196228 -1 -1 -1 -1 -1 -1 -1 -1 -1
0.532925009727478 0.655821681022644 0.9991170763969421 -1 -1 -1 -1 -1 -1 -1 -1 -1
0.5321676135063171 0.6530693769454956 0.9988480806350708 -1 -1 -1 -1 -1 -1 -1 -1 -1
0.5314305424690247 0.6503243446350098 0.9991484880447388 -1 -1 -1 -1 -1 -1 -1 -1 -1
0.5339829325675964 0.6612849235534668 0.9987826943397522 -1 -1 -1 -1 -1 -1 -1 -1 -1
0.5340431928634644 0.6626182794570923 0.9981687068939209 -1 -1 -1 -1 -1 -1 -1 -1 -1
0.5341311693191528 0.6640248894691467 0.9983838796615601 -1 -1 -1 -1 -1 -1 -1 -1 -1
0.5289784073829651 0.6381033062934875 0.9995195865631104 -1 -1 -1 -1 -1 -1 -1 -1 -1
0.5324934124946594 0.6569850444793701 0.998457670211792 -1 -1 -1 -1 -1 -1 -1 -1 -1
0.5422449707984924 0.6489827632904053 0.9997588992118835 -1 -1 -1 -1 -1 -1 -1 -1 -1
0.5436028242111206 0.6556228399276733 0.9994764924049377 -1 -1 -1 -1 -1 -1 -1 -1 -1
0.5409049987792969 0.585507333278656 0.9999202489852905 -1 -1 -1 -1 -1 -1 -1 -1 -1
0.5576956868171692 0.6592669486999512 0.9991901516914368 -1 -1 -1 -1 -1 -1 -1 -1 -1
0.5443190932273865 0.5172107219696045 0.9969195127487183 -1 -1 -1 -1 -1 -1 -1 -1 -1
0.5892664790153503 0.673618733882904 0.9327598810195923 -1 -1 -1 -1 -1 -1 -1 -1 -1
0.5501343011856079 0.45838671922683716 0.9863568544387817 -1 -1 -1 -1 -1 -1 -1 -1 -1
0.6161907911300659 0.6674588322639465 0.8654326796531677 -1 -1 -1 -1 -1 -1 -1 -1 -1
0.5507134199142456 0.4397292137145996 0.9634408354759216 -1 -1 -1 -1 -1 -1 -1 -1 -1
0.6255471110343933 0.6652520895004272 0.766553521156311 -1 -1 -1 -1 -1 -1 -1 -1 -1
0.550846517086029 0.4405054748058319 0.9675517678260803 -1 -1 -1 -1 -1 -1 -1 -1 -1
0.6227425336837769 0.6646760106086731 0.782287061214447 -1 -1 -1 -1 -1 -1 -1 -1 -1
0.5524132251739502 0.4480922222137451 0.9582402110099792 -1 -1 -1 -1 -1 -1 -1 -1 -1
0.6196902990341187 0.6644652485847473 0.7849255800247192 -1 -1 -1 -1 -1 -1 -1 -1 -1
0.6128329634666443 0.566146731376648 0.9900845289230347 -1 -1 -1 -1 -1 -1 -1 -1 -1
0.6163628101348877 0.6096245646476746 0.9916608929634094 -1 -1 -1 -1 -1 -1 -1 -1 -1
0.6711571216583252 0.5790567994117737 0.8875283002853394 -1 -1 -1 -1 -1 -1 -1 -1 -1
0.6710835695266724 0.5995789766311646 0.9044048190116882 -1 -1 -1 -1 -1 -1 -1 -1 -1
0.7202123999595642 0.6033438444137573 0.7603457570075989 -1 -1 -1 -1 -1 -1 -1 -1 -1
0.722709596157074 0.6099092364311218 0.8801885843276978 -1 -1 -1 -1 -1 -1 -1 -1 -1
0.725617527961731 0.6092687249183655 0.6309725046157837 -1 -1 -1 -1 -1 -1 -1 -1 -1
0.7290707230567932 0.6068178415298462 0.8121259212493896 -1 -1 -1 -1 -1 -1 -1 -1 -1
0.7378913760185242 0.6014769673347473 0.635004460811615 -1 -1 -1 -1 -1 -1 -1 -1 -1
0.7426060438156128 0.623292088508606 0.831305742263794 -1 -1 -1 -1 -1 -1 -1 -1 -1
1 
33 
-1 -1 -1 -1 -1 -1 -1 -1 -1 -1
0.5314803123474121 0.6828985214233398 0.999779999256134 -1 -1 -1 -1 -1 -1 -1 -1 -1
0.5305720567703247 0.687623143196106 0.9999321699142456 -1 -1 -1 -1 -1 -1 -1 -1 -1
0.5297905802726746 0.6873024106025696 0.9998748302459717 -1 -1 -1 -1 -1 -1 -1 -1 -1
0.5290157794952393 0.6869820356369019 0.9999302625656128 -1 -1 -1 -1 -1 -1 -1 -1 -1
0.5333496332168579 0.6886240243911743 0.9998639822006226 -1 -1 -1 -1 -1 -1 -1 -1 -1
0.5345912575721741 0.6890909671783447 0.9996742010116577 -1 -1 -1 -1 -1 -1 -1 -1 -1
0.5358079075813293 0.6895291805267334 0.9998070597648621 -1 -1 -1 -1 -1 -1 -1 -1 -1
0.530830979347229 0.6840553879737854 0.999923825263977 -1 -1 -1 -1 -1 -1 -1 -1 -1
0.5401651263237 0.6873334050178528 0.9999245405197144 -1 -1 -1 -1 -1 -1 -1 -1 -1
0.5315814018249512 0.676408588886261 0.9999663829803467 -1 -1 -1 -1 -1 -1 -1 -1 -1
0.5351972579956055 0.6777738332748413 0.9999475479125977 -1 -1 -1 -1 -1 -1 -1 -1 -1
0.5321708917617798 0.65252286195755 0.9993723034858704 -1 -1 -1 -1 -1 -1 -1 -1 -1
0.5534998774528503 0.6662459373474121 0.9974842071533203 -1 -1 -1 -1 -1 -1 -1 -1 -1
0.5366782546043396 0.6218277215957642 0.16520678997039795 -1 -1 -1 -1 -1 -1 -1 -1 -1
0.5687383413314819 0.646550178527832 0.10168442875146866 -1 -1 -1 -1 -1 -1 -1 -1 -1
0.5383976101875305 0.6393343210220337 0.24346324801445007 -1 -1 -1 -1 -1 -1 -1 -1 -1
0.5708653330802917 0.6387613415718079 0.04268909618258476 -1 -1 -1 -1 -1 -1 -1 -1 -1
0.5400698781013489 0.6427433490753174 0.33515065908432007 -1 -1 -1 -1 -1 -1 -1 -1 -1
0.5723474621772766 0.6342514157295227 0.06252138316631317 -1 -1 -1 -1 -1 -1 -1 -1 -1
0.5388668179512024 0.6482058763504028 0.33909687399864197 -1 -1 -1 -1 -1 -1 -1 -1 -1
0.5711009502410889 0.6381304264068604 0.0672968253493309 -1 -1 -1 -1 -1 -1 -1 -1 -1
0.5389285683631897 0.646939218044281 0.2900128960609436 -1 -1 -1 -1 -1 -1 -1 -1 -1
0.5705013275146484 0.6393357515335083 0.08228454738855362 -1 -1 -1 -1 -1 -1 -1 -1 -1
0.5508332252502441 0.587652325630188 0.9994284510612488 -1 -1 -1 -1 -1 -1 -1 -1 -1
0.5639252662658691 0.597375214099884 0.9935658574104309 -1 -1 -1 -1 -1 -1 -1 -1 -1
0.5355695486068726 0.5612075924873352 0.37556952238082886 -1 -1 -1 -1 -1 -1 -1 -1 -1
0.5522187352180481 0.5972231030464172 0.3345502018928528 -1 -1 -1 -1 -1 -1 -1 -1 -1
0.5524117946624756 0.5128905773162842 0.42915549874305725 -1 -1 -1 -1 -1 -1 -1 -1 -1
0.5402606725692749 0.5828454494476318 0.05775507539510727 -1 -1 -1 -1 -1 -1 -1 -1 -1
0.5580541491508484 0.508081316947937 0.5744410157203674 -1 -1 -1 -1 -1 -1 -1 -1 -1
0.541181743144989 0.581515371799469 0.1571379452943802 -1 -1 -1 -1 -1 -1 -1 -1 -1
0.5491448044776917 0.4947909712791443 0.5994454026222229 -1 -1 -1 -1 -1 -1 -1 -1 -1
0.5316079258918762 0.5758896470069885 0.16115832328796387 -1 -1 -1 -1 -1 -1 -1 -1 -1
1 
33 
-1 -1 -1 -1 -1 -1 -1 -1 -1 -1
0.5833705067634583 0.428888201713562 0.992811381816864 -1 -1 -1 -1 -1 -1 -1 -1 -1
0.578134298324585 0.4251917600631714 0.9943631887435913 -1 -1 -1 -1 -1 -1 -1 -1 -1
0.575857400894165 0.42547497153282166 0.9944441914558411 -1 -1 -1 -1 -1 -1 -1 -1 -1
0.5736088156700134 0.4258832335472107 0.9946895837783813 -1 -1 -1 -1 -1 -1 -1 -1 -1
0.582343339920044 0.42564237117767334 0.9957635402679443 -1 -1 -1 -1 -1 -1 -1 -1 -1
0.5830361247062683 0.4261045455932617 0.9955062866210938 -1 -1 -1 -1 -1 -1 -1 -1 -1
0.5837736129760742 0.42652708292007446 0.9953369498252869 -1 -1 -1 -1 -1 -1 -1 -1 -1
0.5630990862846375 0.435366690158844 0.9912893772125244 -1 -1 -1 -1 -1 -1 -1 -1 -1
0.5782855749130249 0.4370722770690918 0.9938135147094727 -1 -1 -1 -1 -1 -1 -1 -1 -1
0.578040599822998 0.43758130073547363 0.9907772541046143 -1 -1 -1 -1 -1 -1 -1 -1 -1
0.5831105709075928 0.43678802251815796 0.9897412061691284 -1 -1 -1 -1 -1 -1 -1 -1 -1
0.5428134799003601 0.4530167579650879 0.9908509850502014 -1 -1 -1 -1 -1 -1 -1 -1 -1
0.5742614269256592 0.464851051568985 0.9945634007453918 -1 -1 -1 -1 -1 -1 -1 -1 -1
0.5353738069534302 0.34108689427375793 0.4113049805164337 -1 -1 -1 -1 -1 -1 -1 -1 -1
0.5793687105178833 0.3859816789627075 0.6310176849365234 -1 -1 -1 -1 -1 -1 -1 -1 -1
0.5249335765838623 0.22869709134101868 0.6972957253456116 -1 -1 -1 -1 -1 -1 -1 -1 -1
0.5619681477546692 0.2921299636363983 0.7158609628677368 -1 -1 -1 -1 -1 -1 -1 -1 -1
0.5156861543655396 0.20387473702430725 0.703715980052948 -1 -1 -1 -1 -1 -1 -1 -1 -1
0.5603219270706177 0.273494154214859 0.6988195776939392 -1 -1 -1 -1 -1 -1 -1 -1 -1
0.5183077454566956 0.20139190554618835 0.7122324705123901 -1 -1 -1 -1 -1 -1 -1 -1 -1
0.5537161827087402 0.27561360597610474 0.6908686757087708 -1 -1 -1 -1 -1 -1 -1 -1 -1
0.5240371823310852 0.20993858575820923 0.6811645030975342 -1 -1 -1 -1 -1 -1 -1 -1 -1
0.552773118019104 0.2805318236351013 0.6452606320381165 -1 -1 -1 -1 -1 -1 -1 -1 -1
0.5728015303611755 0.628387451171875 0.9984934329986572 -1 -1 -1 -1 -1 -1 -1 -1 -1
0.5927867889404297 0.6345158219337463 0.9992328882217407 -1 -1 -1 -1 -1 -1 -1 -1 -1
0.5660978555679321 0.5289223790168762 0.11853939294815063 -1 -1 -1 -1 -1 -1 -1 -1 -1
0.6176854968070984 0.557088315486908 0.7943674921989441 -1 -1 -1 -1 -1 -1 -1 -1 -1
0.5672364830970764 0.5140746235847473 0.3962253928184509 -1 -1 -1 -1 -1 -1 -1 -1 -1
0.6399146914482117 0.6147562861442566 0.8574875593185425 -1 -1 -1 -1 -1 -1 -1 -1 -1
0.5676043033599854 0.5191024541854858 0.36438825726509094 -1 -1 -1 -1 -1 -1 -1 -1 -1
0.6413386464118958 0.6245541572570801 0.7880544662475586 -1 -1 -1 -1 -1 -1 -1 -1 -1
0.5650927424430847 0.4902183413505554 0.5450770854949951 -1 -1 -1 -1 -1 -1 -1 -1 -1
0.6505727171897888 0.6249272227287292 0.8614130020141602 -1 -1 -1 -1 -1 -1 -1 -1 -1
1 
33 
-1 -1 -1 -1 -1 -1 -1 -1 -1 -1
0.5498477816581726 0.6146649718284607 0.9989526271820068 -1 -1 -1 -1 -1 -1 -1 -1 -1
0.5496297478675842 0.6194239258766174 0.9995191097259521 -1 -1 -1 -1 -1 -1 -1 -1 -1
0.5459012985229492 0.6201575398445129 0.9990517497062683 -1 -1 -1 -1 -1 -1 -1 -1 -1
0.5450477004051208 0.6205407381057739 0.9994856119155884 -1 -1 -1 -1 -1 -1 -1 -1 -1
0.549720287322998 0.6178438067436218 0.999599277973175 -1 -1 -1 -1 -1 -1 -1 -1 -1
0.550744354724884 0.6172126531600952 0.9994413256645203 -1 -1 -1 -1 -1 -1 -1 -1 -1
0.5517364740371704 0.6165847182273865 0.9997723698616028 -1 -1 -1 -1 -1 -1 -1 -1 -1
0.5450230836868286 0.6178784966468811 0.999038577079773 -1 -1 -1 -1 -1 -1 -1 -1 -1
0.5547367930412292 0.6116868257522583 0.9997057318687439 -1 -1 -1 -1 -1 -1 -1 -1 -1
0.5499993562698364 0.6085780262947083 0.998719334602356 -1 -1 -1 -1 -1 -1 -1 -1 -1
0.5531202554702759 0.6072764992713928 0.9987842440605164 -1 -1 -1 -1 -1 -1 -1 -1 -1
0.5474286675453186 0.5922439098358154 0.9993157386779785 -1 -1 -1 -1 -1 -1 -1 -1 -1
0.5649712681770325 0.5804976224899292 0.999553382396698 -1 -1 -1 -1 -1 -1 -1 -1 -1
0.5384724736213684 0.6274622678756714 0.46736326813697815 -1 -1 -1 -1 -1 -1 -1 -1 -1
0.5644679069519043 0.6109476685523987 0.9039451479911804 -1 -1 -1 -1 -1 -1 -1 -1 -1
0.5383517146110535 0.661030650138855 0.42199215292930603 -1 -1 -1 -1 -1 -1 -1 -1 -1
0.5662733316421509 0.6653298139572144 0.9202446341514587 -1 -1 -1 -1 -1 -1 -1 -1 -1
0.5375228524208069 0.6714608669281006 0.3717314302921295 -1 -1 -1 -1 -1 -1 -1 -1 -1
0.5660473108291626 0.6810091733932495 0.8362740278244019 -1 -1 -1 -1 -1 -1 -1 -1 -1
0.5383098721504211 0.6697015166282654 0.3496771454811096 -1 -1 -1 -1 -1 -1 -1 -1 -1
0.568568766117096 0.6784064769744873 0.8244350552558899 -1 -1 -1 -1 -1 -1 -1 -1 -1
0.539023220539093 0.6654111742973328 0.34820953011512756 -1 -1 -1 -1 -1 -1 -1 -1 -1
0.568451464176178 0.6729062795639038 0.80007004737854 -1 -1 -1 -1 -1 -1 -1 -1 -1
0.5282987952232361 0.4736710786819458 0.9999642372131348 -1 -1 -1 -1 -1 -1 -1 -1 -1
0.5354962944984436 0.4749845266342163 0.9998760223388672 -1 -1 -1 -1 -1 -1 -1 -1 -1
0.5237175226211548 0.35831138491630554 0.9666042327880859 -1 -1 -1 -1 -1 -1 -1 -1 -1
0.52740478515625 0.40480318665504456 0.8640079498291016 -1 -1 -1 -1 -1 -1 -1 -1 -1
0.5327377915382385 0.25816088914871216 0.971053421497345 -1 -1 -1 -1 -1 -1 -1 -1 -1
0.5341162085533142 0.36663585901260376 0.8049272298812866 -1 -1 -1 -1 -1 -1 -1 -1 -1
0.5352315902709961 0.24658772349357605 0.9375484585762024 -1 -1 -1 -1 -1 -1 -1 -1 -1
0.5375435948371887 0.3639034330844879 0.7621905207633972 -1 -1 -1 -1 -1 -1 -1 -1 -1
0.536615788936615 0.22270283102989197 0.9567341804504395 -1 -1 -1 -1 -1 -1 -1 -1 -1
0.5316129326820374 0.34855592250823975 0.8725495934486389 -1 -1 -1 -1 -1 -1 -1 -1 -1
1 
33 
-1 -1 -1 -1 -1 -1 -1 -1 -1 -1
0.5327041745185852 0.6659217476844788 0.9690417647361755 -1 -1 -1 -1 -1 -1 -1 -1 -1
0.5321506261825562 0.6858463287353516 0.9592701196670532 -1 -1 -1 -1 -1 -1 -1 -1 -1
0.5355547070503235 0.6871427297592163 0.9392920732498169 -1 -1 -1 -1 -1 -1 -1 -1 -1
0.5353514552116394 0.6861080527305603 0.9569659233093262 -1 -1 -1 -1 -1 -1 -1 -1 -1
0.5323811769485474 0.6865956783294678 0.9665398597717285 -1 -1 -1 -1 -1 -1 -1 -1 -1
0.53233402967453 0.686275839805603 0.9574628472328186 -1 -1 -1 -1 -1 -1 -1 -1 -1
0.5319222807884216 0.67458176612854 0.9700773358345032 -1 -1 -1 -1 -1 -1 -1 -1 -1
0.5339077115058899 0.6662319302558899 0.936508059501648 -1 -1 -1 -1 -1 -1 -1 -1 -1
0.5317832231521606 0.6697868704795837 0.9527648091316223 -1 -1 -1 -1 -1 -1 -1 -1 -1
0.5329849123954773 0.6552789211273193 0.9497814178466797 -1 -1 -1 -1 -1 -1 -1 -1 -1
0.5322425365447998 0.6565588712692261 0.9541212320327759 -1 -1 -1 -1 -1 -1 -1 -1 -1
0.5344530344009399 0.6180703639984131 0.9778710603713989 -1 -1 -1 -1 -1 -1 -1 -1 -1
0.5341365933418274 0.6300249695777893 0.9964774250984192 -1 -1 -1 -1 -1 -1 -1 -1 -1
0.539887547492981 0.5826985239982605 0.17943790555000305 -1 -1 -1 -1 -1 -1 -1 -1 -1
0.5447041988372803 0.5990574359893799 0.3614833950996399 -1 -1 -1 -1 -1 -1 -1 -1 -1
0.5388567447662354 0.5859023332595825 0.2601880133152008 -1 -1 -1 -1 -1 -1 -1 -1 -1
0.5473785996437073 0.5934525728225708 0.4820156991481781 -1 -1 -1 -1 -1 -1 -1 -1 -1
0.5392642021179199 0.5816618800163269 0.28995460271835327 -1 -1 -1 -1 -1 -1 -1 -1 -1
0.5490973591804504 0.5858111381530762 0.5188987255096436 -1 -1 -1 -1 -1 -1 -1 -1 -1
0.5373632907867432 0.5878710150718689 0.2875491976737976 -1 -1 -1 -1 -1 -1 -1 -1 -1
0.5483181476593018 0.5919770002365112 0.4999905824661255 -1 -1 -1 -1 -1 -1 -1 -1 -1
0.5368561744689941 0.5893784761428833 0.2548603117465973 -1 -1 -1 -1 -1 -1 -1 -1 -1
0.5482861995697021 0.594814121723175 0.43950796127319336 -1 -1 -1 -1 -1 -1 -1 -1 -1
0.5377739071846008 0.47411707043647766 0.9688855409622192 -1 -1 -1 -1 -1 -1 -1 -1 -1
0.5410147905349731 0.4780457615852356 0.9846997857093811 -1 -1 -1 -1 -1 -1 -1 -1 -1
0.5368690490722656 0.36713969707489014 0.30600205063819885 -1 -1 -1 -1 -1 -1 -1 -1 -1
0.5387251377105713 0.36551332473754883 0.7622930407524109 -1 -1 -1 -1 -1 -1 -1 -1 -1
0.537704586982727 0.2648835778236389 0.4964452385902405 -1 -1 -1 -1 -1 -1 -1 -1 -1
0.5418545603752136 0.2572886645793915 0.8709660172462463 -1 -1 -1 -1 -1 -1 -1 -1 -1
0.5462325215339661 0.24586090445518494 0.5724543929100037 -1 -1 -1 -1 -1 -1 -1 -1 -1
0.5477672815322876 0.2514176368713379 0.8502828478813171 -1 -1 -1 -1 -1 -1 -1 -1 -1
0.5265485644340515 0.24304541945457458 0.6517393589019775 -1 -1 -1 -1 -1 -1 -1 -1 -1
0.5319487452507019 0.23835742473602295 0.8439715504646301 -1 -1 -1 -1 -1 -1 -1 -1 -1
1 
