12
1 
33 
-1 -1 -1 -1 -1 -1 -1 -1 -1 -1
0.5411807894706726 0.5782708525657654 0.9998531341552734 -1 -1 -1 -1 -1 -1 -1 -1 -1
0.5407599806785583 0.5682376623153687 0.9999232292175293 -1 -1 -1 -1 -1 -1 -1 -1 -1
0.5408347249031067 0.5678586959838867 0.9999310970306396 -1 -1 -1 -1 -1 -1 -1 -1 -1
0.5407204627990723 0.5674651265144348 0.9999501705169678 -1 -1 -1 -1 -1 -1 -1 -1 -1
0.5410662293434143 0.5680325031280518 0.9998514652252197 -1 -1 -1 -1 -1 -1 -1 -1 -1
0.5412187576293945 0.5677934885025024 0.9998316764831543 -1 -1 -1 -1 -1 -1 -1 -1 -1
0.5411616563796997 0.5675318837165833 0.9998650550842285 -1 -1 -1 -1 -1 -1 -1 -1 -1
0.5461990237236023 0.5645543336868286 0.9999139308929443 -1 -1 -1 -1 -1 -1 -1 -1 -1
0.5453872680664062 0.5652348399162292 0.9998692274093628 -1 -1 -1 -1 -1 -1 -1 -1 -1
0.544701099395752 0.5807193517684937 0.9997574687004089 -1 -1 -1 -1 -1 -1 -1 -1 -1
0.5450115203857422 0.5816325545310974 0.9994781613349915 -1 -1 -1 -1 -1 -1 -1 -1 -1
0.5632689595222473 0.5929131507873535 0.9998127818107605 -1 -1 -1 -1 -1 -1 -1 -1 -1
0.5530987977981567 0.5923760533332825 0.9989553689956665 -1 -1 -1 -1 -1 -1 -1 -1 -1
0.5739994645118713 0.6570414304733276 0.9703066945075989 -1 -1 -1 -1 -1 -1 -1 -1 -1
0.5272049307823181 0.594576358795166 0.7021768689155579 -1 -1 -1 -1 -1 -1 -1 -1 -1
0.5726564526557922 0.7016842365264893 0.8734381198883057 -1 -1 -1 -1 -1 -1 -1 -1 -1
0.5030301809310913 0.5907716155052185 0.682348370552063 -1 -1 -1 -1 -1 -1 -1 -1 -1
0.5644769072532654 0.7184404730796814 0.8122285604476929 -1 -1 -1 -1 -1 -1 -1 -1 -1
0.49676963686943054 0.5863378047943115 0.5558199286460876 -1 -1 -1 -1 -1 -1 -1 -1 -1
0.5607492327690125 0.7173466086387634 0.8137916326522827 -1 -1 -1 -1 -1 -1 -1 -1 -1
0.49688008427619934 0.5836265087127686 0.5663246512413025 -1 -1 -1 -1 -1 -1 -1 -1 -1
0.5608187317848206 0.7146278619766235 0.7432711124420166 -1 -1 -1 -1 -1 -1 -1 -1 -1
0.4988841712474823 0.5878751873970032 0.5847254991531372 -1 -1 -1 -1 -1 -1 -1 -1 -1
0.587224006652832 0.7078160643577576 0.9998500347137451 -1 -1 -1 -1 -1 -1 -1 -1 -1
0.5819674730300903 0.7056324481964111 0.99977046251297 -1 -1 -1 -1 -1 -1 -1 -1 -1
0.5641077756881714 0.7711052894592285 0.9917650818824768 -1 -1 -1 -1 -1 -1 -1 -1 -1
0.5749468207359314 0.7711141109466553 0.8161706924438477 -1 -1 -1 -1 -1 -1 -1 -1 -1
0.5589784979820251 0.8621407747268677 0.9947531223297119 -1 -1 -1 -1 -1 -1 -1 -1 -1
0.6223289370536804 0.7860977649688721 0.8106802701950073 -1 -1 -1 -1 -1 -1 -1 -1 -1
0.563592255115509 0.8813040852546692 0.9937239289283752 -1 -1 -1 -1 -1 -1 -1 -1 -1
0.6310839056968689 0.7767018675804138 0.8665129542350769 -1 -1 -1 -1 -1 -1 -1 -1 -1
0.5250033736228943 0.8852651119232178 0.9936647415161133 -1 -1 -1 -1 -1 -1 -1 -1 -1
0.6329768300056458 0.8209710717201233 0.8704766631126404 -1 -1 -1 -1 -1 -1 -1 -1 -1
1 
33 
-1 -1 -1 -1 -1 -1 -1 -1 -1 -1
0.5397796034812927 0.5797878503799438 0.9999281167984009 -1 -1 -1 -1 -1 -1 -1 -1 -1
0.5412103533744812 0.5707943439483643 0.9999548196792603 -1 -1 -1 -1 -1 -1 -1 -1 -1
0.5417280197143555 0.5697766542434692 0.9999469518661499 -1 -1 -1 -1 -1 -1 -1 -1 -1
0.5420656800270081 0.5686458945274353 0.9999637603759766 -1 -1 -1 -1 -1 -1 -1 -1 -1
0.5409155488014221 0.5715993642807007 0.9999150037765503 -1 -1 -1 -1 -1 -1 -1 -1 -1
0.5410170555114746 0.5712203979492188 0.9998799562454224 -1 -1 -1 -1 -1 -1 -1 -1 -1
0.5406487584114075 0.5689428448677063 0.9998862743377686 -1 -1 -1 -1 -1 -1 -1 -1 -1
0.5477469563484192 0.5663448572158813 0.9999524354934692 -1 -1 -1 -1 -1 -1 -1 -1 -1
0.5451663136482239 0.5670104026794434 0.9998718500137329 -1 -1 -1 -1 -1 -1 -1 -1 -1
0.544269323348999 0.583991289138794 0.999924898147583 -1 -1 -1 -1 -1 -1 -1 -1 -1
0.5436142086982727 0.585728108882904 0.9998369216918945 -1 -1 -1 -1 -1 -1 -1 -1 -1
0.5611399412155151 0.599297046661377 0.9999548196792603 -1 -1 -1 -1 -1 -1 -1 -1 -1
0.5567666292190552 0.5877795219421387 0.9992897510528564 -1 -1 -1 -1 -1 -1 -1 -1 -1
0.5710000395774841 0.6456062197685242 0.9891369342803955 -1 -1 -1 -1 -1 -1 -1 -1 -1
0.5540788173675537 0.6095059514045715 0.18398930132389069 -1 -1 -1 -1 -1 -1 -1 -1 -1
0.5609056949615479 0.7118291854858398 0.9554266929626465 -1 -1 -1 -1 -1 -1 -1 -1 -1
0.5319930911064148 0.6338844895362854 0.16212889552116394 -1 -1 -1 -1 -1 -1 -1 -1 -1
0.5582481622695923 0.7335589528083801 0.9185351729393005 -1 -1 -1 -1 -1 -1 -1 -1 -1
0.526644229888916 0.6380809545516968 0.14759577810764313 -1 -1 -1 -1 -1 -1 -1 -1 -1
0.5551180243492126 0.7292166948318481 0.9147596955299377 -1 -1 -1 -1 -1 -1 -1 -1 -1
0.5257700681686401 0.6388331055641174 0.14845696091651917 -1 -1 -1 -1 -1 -1 -1 -1 -1
0.5562089085578918 0.7239629626274109 0.8852969408035278 -1 -1 -1 -1 -1 -1 -1 -1 -1
0.5273599624633789 0.6396180391311646 0.1708553582429886 -1 -1 -1 -1 -1 -1 -1 -1 -1
0.5780524015426636 0.7410987615585327 0.9999204874038696 -1 -1 -1 -1 -1 -1 -1 -1 -1
0.5759441256523132 0.7320607304573059 0.9996621608734131 -1 -1 -1 -1 -1 -1 -1 -1 -1
0.560536801815033 0.8099717497825623 0.9903821349143982 -1 -1 -1 -1 -1 -1 -1 -1 -1
0.5683109760284424 0.7707704305648804 0.7398008704185486 -1 -1 -1 -1 -1 -1 -1 -1 -1
0.5589250326156616 0.893267035484314 0.988618016242981 -1 -1 -1 -1 -1 -1 -1 -1 -1
0.6096308827400208 0.8229208588600159 0.744528591632843 -1 -1 -1 -1 -1 -1 -1 -1 -1
0.5598859190940857 0.9056493043899536 0.985713005065918 -1 -1 -1 -1 -1 -1 -1 -1 -1
0.6175134181976318 0.8159672021865845 0.7931431531906128 -1 -1 -1 -1 -1 -1 -1 -1 -1
0.5294366478919983 0.9038435220718384 0.9837523698806763 -1 -1 -1 -1 -1 -1 -1 -1 -1
0.6083061695098877 0.829243004322052 0.7818060517311096 -1 -1 -1 -1 -1 -1 -1 -1 -1
1 
33 
-1 -1 -1 -1 -1 -1 -1 -1 -1 -1
0.5497354865074158 0.6124508380889893 0.9996738433837891 -1 -1 -1 -1 -1 -1 -1 -1 -1
0.5501751899719238 0.6034048795700073 0.9997733235359192 -1 -1 -1 -1 -1 -1 -1 -1 -1
0.5508286952972412 0.6028428077697754 0.9997937083244324 -1 -1 -1 -1 -1 -1 -1 -1 -1
0.551465630531311 0.6023464798927307 0.9998282194137573 -1 -1 -1 -1 -1 -1 -1 -1 -1
0.5495681762695312 0.6036557555198669 0.9995487332344055 -1 -1 -1 -1 -1 -1 -1 -1 -1
0.5497673153877258 0.6032682061195374 0.999406099319458 -1 -1 -1 -1 -1 -1 -1 -1 -1
0.5499219298362732 0.6029152870178223 0.9995174407958984 -1 -1 -1 -1 -1 -1 -1 -1 -1
0.5578470826148987 0.6008836627006531 0.9997212290763855 -1 -1 -1 -1 -1 -1 -1 -1 -1
0.5554134249687195 0.6011179089546204 0.9992173910140991 -1 -1 -1 -1 -1 -1 -1 -1 -1
0.5539992451667786 0.6176604628562927 0.9997983574867249 -1 -1 -1 -1 -1 -1 -1 -1 -1
0.5529548525810242 0.6182961463928223 0.9994145631790161 -1 -1 -1 -1 -1 -1 -1 -1 -1
0.5770086646080017 0.6374537944793701 0.9999865293502808 -1 -1 -1 -1 -1 -1 -1 -1 -1
0.5672340393066406 0.631363570690155 0.9993684887886047 -1 -1 -1 -1 -1 -1 -1 -1 -1
0.5607276558876038 0.6838396787643433 0.9865691661834717 -1 -1 -1 -1 -1 -1 -1 -1 -1
0.5619407892227173 0.6731230020523071 0.06258204579353333 -1 -1 -1 -1 -1 -1 -1 -1 -1
0.5418530106544495 0.7034984230995178 0.937292754650116 -1 -1 -1 -1 -1 -1 -1 -1 -1
0.5523262023925781 0.7017144560813904 0.06699256598949432 -1 -1 -1 -1 -1 -1 -1 -1 -1
0.537255048751831 0.7110362648963928 0.9271537661552429 -1 -1 -1 -1 -1 -1 -1 -1 -1
0.5497144460678101 0.709827721118927 0.09169331938028336 -1 -1 -1 -1 -1 -1 -1 -1 -1
0.5364484190940857 0.707923948764801 0.9258650541305542 -1 -1 -1 -1 -1 -1 -1 -1 -1
0.5501466989517212 0.7076634168624878 0.09732630848884583 -1 -1 -1 -1 -1 -1 -1 -1 -1
0.5374086499214172 0.7055583596229553 0.8918283581733704 -1 -1 -1 -1 -1 -1 -1 -1 -1
0.5511959791183472 0.7053659558296204 0.10802506655454636 -1 -1 -1 -1 -1 -1 -1 -1 -1
0.5853433609008789 0.7578163146972656 0.9999698400497437 -1 -1 -1 -1 -1 -1 -1 -1 -1
0.574815034866333 0.7533068060874939 0.9995352029800415 -1 -1 -1 -1 -1 -1 -1 -1 -1
0.5547534823417664 0.8181012868881226 0.9924362301826477 -1 -1 -1 -1 -1 -1 -1 -1 -1
0.5660983324050903 0.816575825214386 0.4629679024219513 -1 -1 -1 -1 -1 -1 -1 -1 -1
0.5681431889533997 0.906754732131958 0.9972512125968933 -1 -1 -1 -1 -1 -1 -1 -1 -1
0.5949562191963196 0.846944272518158 0.6821491122245789 -1 -1 -1 -1 -1 -1 -1 -1 -1
0.5736669898033142 0.9186734557151794 0.9912890195846558 -1 -1 -1 -1 -1 -1 -1 -1 -1
0.6022888422012329 0.8427538871765137 0.816015362739563 -1 -1 -1 -1 -1 -1 -1 -1 -1
0.5478687286376953 0.9389198422431946 0.9958418011665344 -1 -1 -1 -1 -1 -1 -1 -1 -1
0.602409839630127 0.8739392757415771 0.7744849324226379 -1 -1 -1 -1 -1 -1 -1 -1 -1
1 
33 
-1 -1 -1 -1 -1 -1 -1 -1 -1 -1
0.5843104124069214 0.6842473149299622 0.9934459328651428 -1 -1 -1 -1 -1 -1 -1 -1 -1
0.5863916277885437 0.6829458475112915 0.9939515590667725 -1 -1 -1 -1 -1 -1 -1 -1 -1
0.5870290994644165 0.683556854724884 0.9931257963180542 -1 -1 -1 -1 -1 -1 -1 -1 -1
0.5876559019088745 0.6841654181480408 0.9951802492141724 -1 -1 -1 -1 -1 -1 -1 -1 -1
0.5847503542900085 0.6810275912284851 0.992302656173706 -1 -1 -1 -1 -1 -1 -1 -1 -1
0.5842505097389221 0.6802619695663452 0.9895697832107544 -1 -1 -1 -1 -1 -1 -1 -1 -1
0.5837582945823669 0.6795122027397156 0.9902459383010864 -1 -1 -1 -1 -1 -1 -1 -1 -1
0.5889369249343872 0.6849952936172485 0.9942360520362854 -1 -1 -1 -1 -1 -1 -1 -1 -1
0.5833144187927246 0.6783000230789185 0.9844568371772766 -1 -1 -1 -1 -1 -1 -1 -1 -1
0.5845798850059509 0.6870821714401245 0.9945628046989441 -1 -1 -1 -1 -1 -1 -1 -1 -1
0.5826892256736755 0.6848294138908386 0.9952201247215271 -1 -1 -1 -1 -1 -1 -1 -1 -1
0.588757336139679 0.6978088617324829 0.9974334836006165 -1 -1 -1 -1 -1 -1 -1 -1 -1
0.5773746967315674 0.6822502613067627 0.9950463771820068 -1 -1 -1 -1 -1 -1 -1 -1 -1
0.5832616090774536 0.7113873958587646 0.7520372271537781 -1 -1 -1 -1 -1 -1 -1 -1 -1
0.5735147595405579 0.6841893196105957 0.5008127093315125 -1 -1 -1 -1 -1 -1 -1 -1 -1
0.5822373628616333 0.7075198292732239 0.5700322985649109 -1 -1 -1 -1 -1 -1 -1 -1 -1
0.5787615776062012 0.6836827397346497 0.3837459683418274 -1 -1 -1 -1 -1 -1 -1 -1 -1
0.5821313858032227 0.707676351070404 0.49528205394744873 -1 -1 -1 -1 -1 -1 -1 -1 -1
0.57972252368927 0.6838059425354004 0.35889002680778503 -1 -1 -1 -1 -1 -1 -1 -1 -1
0.5825180411338806 0.7051570415496826 0.4922172725200653 -1 -1 -1 -1 -1 -1 -1 -1 -1
0.5800960063934326 0.682784914970398 0.3647967576980591 -1 -1 -1 -1 -1 -1 -1 -1 -1
0.5821568965911865 0.7047532796859741 0.43733590841293335 -1 -1 -1 -1 -1 -1 -1 -1 -1
0.5795658826828003 0.6832746267318726 0.3338976502418518 -1 -1 -1 -1 -1 -1 -1 -1 -1
0.5748941898345947 0.7382554411888123 0.9989700317382812 -1 -1 -1 -1 -1 -1 -1 -1 -1
0.5663361549377441 0.7308206558227539 0.9987722039222717 -1 -1 -1 -1 -1 -1 -1 -1 -1
0.5884578227996826 0.7430810332298279 0.7854700684547424 -1 -1 -1 -1 -1 -1 -1 -1 -1
0.5724054574966431 0.728651225566864 0.7311370968818665 -1 -1 -1 -1 -1 -1 -1 -1 -1
0.5703493356704712 0.7394950985908508 0.47485488653182983 -1 -1 -1 -1 -1 -1 -1 -1 -1
0.5692046880722046 0.7371279001235962 0.4547824561595917 -1 -1 -1 -1 -1 -1 -1 -1 -1
0.5683478116989136 0.7373279929161072 0.41334643959999084 -1 -1 -1 -1 -1 -1 -1 -1 -1
0.5679623484611511 0.7377328276634216 0.45695310831069946 -1 -1 -1 -1 -1 -1 -1 -1 -1
0.5643846392631531 0.7391974329948425 0.48739132285118103 -1 -1 -1 -1 -1 -1 -1 -1 -1
0.5710033774375916 0.7393900752067566 0.5074556469917297 -1 -1 -1 -1 -1 -1 -1 -1 -1
1 
33 
-1 -1 -1 -1 -1 -1 -1 -1 -1 -1
0.5233350992202759 0.405935674905777 0.9983370304107666 -1 -1 -1 -1 -1 -1 -1 -1 -1
0.529193103313446 0.39430487155914307 0.9975273013114929 -1 -1 -1 -1 -1 -1 -1 -1 -1
0.5326133966445923 0.39458319544792175 0.9961801767349243 -1 -1 -1 -1 -1 -1 -1 -1 -1
0.5359777808189392 0.39483344554901123 0.9967333078384399 -1 -1 -1 -1 -1 -1 -1 -1 -1
0.5197210907936096 0.3936166763305664 0.9984850287437439 -1 -1 -1 -1 -1 -1 -1 -1 -1
0.516644299030304 0.39361733198165894 0.9975047707557678 -1 -1 -1 -1 -1 -1 -1 -1 -1
0.5137317776679993 0.39357617497444153 0.9980069994926453 -1 -1 -1 -1 -1 -1 -1 -1 -1
0.5409662127494812 0.39921489357948303 0.9935519695281982 -1 -1 -1 -1 -1 -1 -1 -1 -1
0.5081223845481873 0.4001992344856262 0.993627667427063 -1 -1 -1 -1 -1 -1 -1 -1 -1
0.5294694304466248 0.42011088132858276 0.9895939826965332 -1 -1 -1 -1 -1 -1 -1 -1 -1
0.5176143646240234 0.42069515585899353 0.9914706349372864 -1 -1 -1 -1 -1 -1 -1 -1 -1
0.5506426095962524 0.46321308612823486 0.9906982779502869 -1 -1 -1 -1 -1 -1 -1 -1 -1
0.5066496133804321 0.47562867403030396 0.996071457862854 -1 -1 -1 -1 -1 -1 -1 -1 -1
0.5700781345367432 0.4928499758243561 0.7150058746337891 -1 -1 -1 -1 -1 -1 -1 -1 -1
0.4995456039905548 0.530610978603363 0.7612926363945007 -1 -1 -1 -1 -1 -1 -1 -1 -1
0.5513556003570557 0.4546385109424591 0.5378535985946655 -1 -1 -1 -1 -1 -1 -1 -1 -1
0.5053067207336426 0.517143964767456 0.7134978175163269 -1 -1 -1 -1 -1 -1 -1 -1 -1
0.5485854744911194 0.4437388777732849 0.4419694244861603 -1 -1 -1 -1 -1 -1 -1 -1 -1
0.5061870813369751 0.5172157287597656 0.6257053017616272 -1 -1 -1 -1 -1 -1 -1 -1 -1
0.5459706783294678 0.4393768906593323 0.4299992322921753 -1 -1 -1 -1 -1 -1 -1 -1 -1
0.5055407285690308 0.5101719498634338 0.6290556192398071 -1 -1 -1 -1 -1 -1 -1 -1 -1
0.5458351373672485 0.4454232156276703 0.40694472193717957 -1 -1 -1 -1 -1 -1 -1 -1 -1
0.5054408311843872 0.5128329992294312 0.5915195941925049 -1 -1 -1 -1 -1 -1 -1 -1 -1
0.5642478466033936 0.6462293863296509 0.998618483543396 -1 -1 -1 -1 -1 -1 -1 -1 -1
0.5436482429504395 0.6585621237754822 0.9968255758285522 -1 -1 -1 -1 -1 -1 -1 -1 -1
0.5657258033752441 0.7141995429992676 0.8889015316963196 -1 -1 -1 -1 -1 -1 -1 -1 -1
0.5589250326156616 0.7731417417526245 0.40553411841392517 -1 -1 -1 -1 -1 -1 -1 -1 -1
0.5661139488220215 0.7966692447662354 0.8610562682151794 -1 -1 -1 -1 -1 -1 -1 -1 -1
0.5736754536628723 0.8810166120529175 0.5142731070518494 -1 -1 -1 -1 -1 -1 -1 -1 -1
0.5697717666625977 0.8104041814804077 0.888129711151123 -1 -1 -1 -1 -1 -1 -1 -1 -1
0.5805632472038269 0.8999705910682678 0.6088677048683167 -1 -1 -1 -1 -1 -1 -1 -1 -1
0.5552477836608887 0.8110328316688538 0.9238581657409668 -1 -1 -1 -1 -1 -1 -1 -1 -1
0.5578100085258484 0.9117252826690674 0.576362669467926 -1 -1 -1 -1 -1 -1 -1 -1 -1
1 
33 
-1 -1 -1 -1 -1 -1 -1 -1 -1 -1
0.5222832560539246 0.42923861742019653 0.9983178377151489 -1 -1 -1 -1 -1 -1 -1 -1 -1
0.5247498750686646 0.44006919860839844 0.999049723148346 -1 -1 -1 -1 -1 -1 -1 -1 -1
0.5266764760017395 0.43923407793045044 0.9987420439720154 -1 -1 -1 -1 -1 -1 -1 -1 -1
0.5285921096801758 0.4384937882423401 0.9992164373397827 -1 -1 -1 -1 -1 -1 -1 -1 -1
0.5205060243606567 0.4071006178855896 0.998958945274353 -1 -1 -1 -1 -1 -1 -1 -1 -1
0.518760621547699 0.4081449508666992 0.9980960488319397 -1 -1 -1 -1 -1 -1 -1 -1 -1
0.5197106599807739 0.4424576759338379 0.998544454574585 -1 -1 -1 -1 -1 -1 -1 -1 -1
0.536586344242096 0.4409964084625244 0.9984785914421082 -1 -1 -1 -1 -1 -1 -1 -1 -1
0.5250144600868225 0.4454284906387329 0.9965104460716248 -1 -1 -1 -1 -1 -1 -1 -1 -1
0.5270937085151672 0.4615422487258911 0.9959287047386169 -1 -1 -1 -1 -1 -1 -1 -1 -1
0.5228410959243774 0.4634174108505249 0.9933466911315918 -1 -1 -1 -1 -1 -1 -1 -1 -1
0.5509653091430664 0.48556822538375854 0.9991834759712219 -1 -1 -1 -1 -1 -1 -1 -1 -1
0.5318717360496521 0.49558424949645996 0.994667649269104 -1 -1 -1 -1 -1 -1 -1 -1 -1
0.5522699952125549 0.5269743204116821 0.9057406783103943 -1 -1 -1 -1 -1 -1 -1 -1 -1
0.524739682674408 0.5090745687484741 0.36517438292503357 -1 -1 -1 -1 -1 -1 -1 -1 -1
0.5347619652748108 0.4904967248439789 0.862043559551239 -1 -1 -1 -1 -1 -1 -1 -1 -1
0.5143297910690308 0.4722825586795807 0.6507425904273987 -1 -1 -1 -1 -1 -1 -1 -1 -1
0.5324277877807617 0.4781714975833893 0.8243637084960938 -1 -1 -1 -1 -1 -1 -1 -1 -1
0.5119653940200806 0.46330249309539795 0.6204861402511597 -1 -1 -1 -1 -1 -1 -1 -1 -1
0.5321673154830933 0.471841037273407 0.8106735348701477 -1 -1 -1 -1 -1 -1 -1 -1 -1
0.5094503164291382 0.4576331377029419 0.6185328364372253 -1 -1 -1 -1 -1 -1 -1 -1 -1
0.532128632068634 0.47871220111846924 0.7350353002548218 -1 -1 -1 -1 -1 -1 -1 -1 -1
0.5102084279060364 0.4626407325267792 0.5790421366691589 -1 -1 -1 -1 -1 -1 -1 -1 -1
0.5706068873405457 0.6537452936172485 0.9999456405639648 -1 -1 -1 -1 -1 -1 -1 -1 -1
0.5595455169677734 0.6557788848876953 0.9994602799415588 -1 -1 -1 -1 -1 -1 -1 -1 -1
0.5585705041885376 0.7495743036270142 0.9755305647850037 -1 -1 -1 -1 -1 -1 -1 -1 -1
0.5489312410354614 0.7301107048988342 0.35096272826194763 -1 -1 -1 -1 -1 -1 -1 -1 -1
0.5701498985290527 0.8834826946258545 0.9842735528945923 -1 -1 -1 -1 -1 -1 -1 -1 -1
0.5632384419441223 0.8311892747879028 0.3087521195411682 -1 -1 -1 -1 -1 -1 -1 -1 -1
0.5776688456535339 0.9083974361419678 0.9796003699302673 -1 -1 -1 -1 -1 -1 -1 -1 -1
0.5713057518005371 0.8480883836746216 0.40787792205810547 -1 -1 -1 -1 -1 -1 -1 -1 -1
0.5445268154144287 0.917937159538269 0.9854711294174194 -1 -1 -1 -1 -1 -1 -1 -1 -1
0.5450751781463623 0.860763430595398 0.45592838525772095 -1 -1 -1 -1 -1 -1 -1 -1 -1
1 
33 
-1 -1 -1 -1 -1 -1 -1 -1 -1 -1
0.5221917629241943 0.37284156680107117 0.9972140192985535 -1 -1 -1 -1 -1 -1 -1 -1 -1
0.5209705829620361 0.36889663338661194 0.9976732134819031 -1 -1 -1 -1 -1 -1 -1 -1 -1
0.5204969644546509 0.3694187104701996 0.9975093603134155 -1 -1 -1 -1 -1 -1 -1 -1 -1
0.5200271606445312 0.3699655830860138 0.9980049729347229 -1 -1 -1 -1 -1 -1 -1 -1 -1
0.5223131775856018 0.36774301528930664 0.9979339838027954 -1 -1 -1 -1 -1 -1 -1 -1 -1
0.5226657390594482 0.36750245094299316 0.9975481629371643 -1 -1 -1 -1 -1 -1 -1 -1 -1
0.5230400562286377 0.36727386713027954 0.9981033802032471 -1 -1 -1 -1 -1 -1 -1 -1 -1
0.5189902782440186 0.3761194944381714 0.9981967806816101 -1 -1 -1 -1 -1 -1 -1 -1 -1
0.5236887335777283 0.3723412752151489 0.9975252747535706 -1 -1 -1 -1 -1 -1 -1 -1 -1
0.5218505859375 0.380484938621521 0.9968687891960144 -1 -1 -1 -1 -1 -1 -1 -1 -1
0.5228548645973206 0.379369854927063 0.9965643286705017 -1 -1 -1 -1 -1 -1 -1 -1 -1
0.5178934335708618 0.4138128161430359 0.999154806137085 -1 -1 -1 -1 -1 -1 -1 -1 -1
0.5285996794700623 0.4030227065086365 0.9994962215423584 -1 -1 -1 -1 -1 -1 -1 -1 -1
0.5137456059455872 0.449057936668396 0.4946025013923645 -1 -1 -1 -1 -1 -1 -1 -1 -1
0.5279740691184998 0.4372047185897827 0.39236682653427124 -1 -1 -1 -1 -1 -1 -1 -1 -1
0.5175185799598694 0.43541404604911804 0.22179122269153595 -1 -1 -1 -1 -1 -1 -1 -1 -1
0.5220505595207214 0.4264380633831024 0.33779576420783997 -1 -1 -1 -1 -1 -1 -1 -1 -1
0.5178285837173462 0.4345759451389313 0.21527907252311707 -1 -1 -1 -1 -1 -1 -1 -1 -1
0.5210639834403992 0.4249629080295563 0.3302464783191681 -1 -1 -1 -1 -1 -1 -1 -1 -1
0.5203404426574707 0.43025562167167664 0.21465101838111877 -1 -1 -1 -1 -1 -1 -1 -1 -1
0.5200014710426331 0.42412808537483215 0.31272485852241516 -1 -1 -1 -1 -1 -1 -1 -1 -1
0.5209811925888062 0.43127262592315674 0.21913735568523407 -1 -1 -1 -1 -1 -1 -1 -1 -1
0.5200223326683044 0.42551204562187195 0.30262649059295654 -1 -1 -1 -1 -1 -1 -1 -1 -1
0.5384895205497742 0.50074303150177 0.9965763688087463 -1 -1 -1 -1 -1 -1 -1 -1 -1
0.5411590337753296 0.4968346655368805 0.996918797492981 -1 -1 -1 -1 -1 -1 -1 -1 -1
0.5613417625427246 0.5695421099662781 0.6469770073890686 -1 -1 -1 -1 -1 -1 -1 -1 -1
0.5569068789482117 0.5685036778450012 0.6204626560211182 -1 -1 -1 -1 -1 -1 -1 -1 -1
0.5740158557891846 0.6557731628417969 0.5587267875671387 -1 -1 -1 -1 -1 -1 -1 -1 -1
0.571918249130249 0.6547578573226929 0.7221521139144897 -1 -1 -1 -1 -1 -1 -1 -1 -1
0.5752882361412048 0.6717054843902588 0.5474433898925781 -1 -1 -1 -1 -1 -1 -1 -1 -1
0.5738508701324463 0.6722016930580139 0.8073346018791199 -1 -1 -1 -1 -1 -1 -1 -1 -1
0.5783361196517944 0.6697701811790466 0.512458086013794 -1 -1 -1 -1 -1 -1 -1 -1 -1
0.5751116275787354 0.6691951155662537 0.7031667828559875 -1 -1 -1 -1 -1 -1 -1 -1 -1
1 
33 
-1 -1 -1 -1 -1 -1 -1 -1 -1 -1
0.5272269248962402 0.39011427760124207 0.9941110014915466 -1 -1 -1 -1 -1 -1 -1 -1 -1
0.525053858757019 0.3803759217262268 0.9936535358428955 -1 -1 -1 -1 -1 -1 -1 -1 -1
0.5250927805900574 0.3796943426132202 0.9922903180122375 -1 -1 -1 -1 -1 -1 -1 -1 -1
0.5251589417457581 0.37906861305236816 0.9944309592247009 -1 -1 -1 -1 -1 -1 -1 -1 -1
0.5250946283340454 0.3818010091781616 0.9941222071647644 -1 -1 -1 -1 -1 -1 -1 -1 -1
0.5248340368270874 0.3822851777076721 0.992639422416687 -1 -1 -1 -1 -1 -1 -1 -1 -1
0.5246005058288574 0.3827670216560364 0.9947242140769958 -1 -1 -1 -1 -1 -1 -1 -1 -1
0.5249332189559937 0.3815685510635376 0.9953488707542419 -1 -1 -1 -1 -1 -1 -1 -1 -1
0.5245503187179565 0.38664132356643677 0.9937384128570557 -1 -1 -1 -1 -1 -1 -1 -1 -1
0.5286227464675903 0.398537814617157 0.9922736287117004 -1 -1 -1 -1 -1 -1 -1 -1 -1
0.5282090902328491 0.40038591623306274 0.9887513518333435 -1 -1 -1 -1 -1 -1 -1 -1 -1
0.5386852025985718 0.4149357080459595 0.9996411800384521 -1 -1 -1 -1 -1 -1 -1 -1 -1
0.5315975546836853 0.4294120669364929 0.9937614798545837 -1 -1 -1 -1 -1 -1 -1 -1 -1
0.5599098205566406 0.4510290324687958 0.3921670913696289 -1 -1 -1 -1 -1 -1 -1 -1 -1
0.5345155000686646 0.4675446152687073 0.2714848220348358 -1 -1 -1 -1 -1 -1 -1 -1 -1
0.5609052777290344 0.44448453187942505 0.3789746165275574 -1 -1 -1 -1 -1 -1 -1 -1 -1
0.5293249487876892 0.46222180128097534 0.285179078578949 -1 -1 -1 -1 -1 -1 -1 -1 -1
0.561650276184082 0.44383978843688965 0.3629164695739746 -1 -1 -1 -1 -1 -1 -1 -1 -1
0.5285791754722595 0.46517327427864075 0.29224443435668945 -1 -1 -1 -1 -1 -1 -1 -1 -1
0.5610325336456299 0.4371657967567444 0.34724199771881104 -1 -1 -1 -1 -1 -1 -1 -1 -1
0.5271299481391907 0.4582828879356384 0.28116127848625183 -1 -1 -1 -1 -1 -1 -1 -1 -1
0.5609241724014282 0.4393027722835541 0.30690088868141174 -1 -1 -1 -1 -1 -1 -1 -1 -1
0.527161717414856 0.45779749751091003 0.26222798228263855 -1 -1 -1 -1 -1 -1 -1 -1 -1
0.5629104375839233 0.5666121244430542 0.9990361928939819 -1 -1 -1 -1 -1 -1 -1 -1 -1
0.5512760877609253 0.576002299785614 0.9969608187675476 -1 -1 -1 -1 -1 -1 -1 -1 -1
0.5683407783508301 0.6764481663703918 0.9545753598213196 -1 -1 -1 -1 -1 -1 -1 -1 -1
0.5389329791069031 0.6822898387908936 0.7706329822540283 -1 -1 -1 -1 -1 -1 -1 -1 -1
0.5608003735542297 0.8025838732719421 0.9417402744293213 -1 -1 -1 -1 -1 -1 -1 -1 -1
0.5554003119468689 0.7816001176834106 0.826560914516449 -1 -1 -1 -1 -1 -1 -1 -1 -1
0.5626392364501953 0.8180426955223083 0.8211216330528259 -1 -1 -1 -1 -1 -1 -1 -1 -1
0.5611937642097473 0.7942904233932495 0.768174409866333 -1 -1 -1 -1 -1 -1 -1 -1 -1
0.5516116619110107 0.8416607975959778 0.9245136380195618 -1 -1 -1 -1 -1 -1 -1 -1 -1
0.5509801506996155 0.818257212638855 0.8353028297424316 -1 -1 -1 -1 -1 -1 -1 -1 -1
1 
33 
-1 -1 -1 -1 -1 -1 -1 -1 -1 -1
0.5336399078369141 0.38953232765197754 0.9969143867492676 -1 -1 -1 -1 -1 -1 -1 -1 -1
0.5344953536987305 0.3786930739879608 0.9973099231719971 -1 -1 -1 -1 -1 -1 -1 -1 -1
0.5356395244598389 0.37715137004852295 0.9968434572219849 -1 -1 -1 -1 -1 -1 -1 -1 -1
0.5367792248725891 0.37565624713897705 0.9978474378585815 -1 -1 -1 -1 -1 -1 -1 -1 -1
0.532480776309967 0.3812866806983948 0.9972304701805115 -1 -1 -1 -1 -1 -1 -1 -1 -1
0.5319293737411499 0.38167548179626465 0.996239185333252 -1 -1 -1 -1 -1 -1 -1 -1 -1
0.5314090251922607 0.38208895921707153 0.9975816011428833 -1 -1 -1 -1 -1 -1 -1 -1 -1
0.5419966578483582 0.3704606890678406 0.9983104467391968 -1 -1 -1 -1 -1 -1 -1 -1 -1
0.5346863269805908 0.3783453106880188 0.9972710013389587 -1 -1 -1 -1 -1 -1 -1 -1 -1
0.5378369092941284 0.3925255239009857 0.9976134300231934 -1 -1 -1 -1 -1 -1 -1 -1 -1
0.5351945757865906 0.3956182599067688 0.9961029291152954 -1 -1 -1 -1 -1 -1 -1 -1 -1
0.5564621090888977 0.38398227095603943 0.9999829530715942 -1 -1 -1 -1 -1 -1 -1 -1 -1
0.545030951499939 0.4079147279262543 0.9992959499359131 -1 -1 -1 -1 -1 -1 -1 -1 -1
0.5686521530151367 0.436143696308136 0.7657378911972046 -1 -1 -1 -1 -1 -1 -1 -1 -1
0.5425006747245789 0.4634702801704407 0.09330173581838608 -1 -1 -1 -1 -1 -1 -1 -1 -1
0.5545773506164551 0.4880520701408386 0.44239863753318787 -1 -1 -1 -1 -1 -1 -1 -1 -1
0.5279425978660583 0.49471673369407654 0.16394777595996857 -1 -1 -1 -1 -1 -1 -1 -1 -1
0.5525705814361572 0.5031691789627075 0.40937089920043945 -1 -1 -1 -1 -1 -1 -1 -1 -1
0.5255464911460876 0.5039522647857666 0.18948222696781158 -1 -1 -1 -1 -1 -1 -1 -1 -1
0.5495567917823792 0.49981099367141724 0.3853980600833893 -1 -1 -1 -1 -1 -1 -1 -1 -1
0.5224314332008362 0.49987882375717163 0.19206862151622772 -1 -1 -1 -1 -1 -1 -1 -1 -1
0.5506500005722046 0.49659448862075806 0.3170887529850006 -1 -1 -1 -1 -1 -1 -1 -1 -1
0.5231429934501648 0.49748486280441284 0.20146651566028595 -1 -1 -1 -1 -1 -1 -1 -1 -1
0.5738611817359924 0.5164446234703064 0.9999626874923706 -1 -1 -1 -1 -1 -1 -1 -1 -1
0.5647115111351013 0.5319409966468811 0.9997357726097107 -1 -1 -1 -1 -1 -1 -1 -1 -1
0.5629687905311584 0.6402483582496643 0.9922945499420166 -1 -1 -1 -1 -1 -1 -1 -1 -1
0.5489357709884644 0.629952073097229 0.8270171880722046 -1 -1 -1 -1 -1 -1 -1 -1 -1
0.5641695857048035 0.758173942565918 0.9878009557723999 -1 -1 -1 -1 -1 -1 -1 -1 -1
0.5582594275474548 0.7182444930076599 0.7758406400680542 -1 -1 -1 -1 -1 -1 -1 -1 -1
0.5687817335128784 0.7737178206443787 0.9362996220588684 -1 -1 -1 -1 -1 -1 -1 -1 -1
0.5654065012931824 0.7290120124816895 0.7184993624687195 -1 -1 -1 -1 -1 -1 -1 -1 -1
0.5488678812980652 0.8072073459625244 0.9763579964637756 -1 -1 -1 -1 -1 -1 -1 -1 -1
0.5433942675590515 0.7425971031188965 0.8550301790237427 -1 -1 -1 -1 -1 -1 -1 -1 -1
1 
33 
-1 -1 -1 -1 -1 -1 -1 -1 -1 -1
0.5244265198707581 0.40062758326530457 0.9930151700973511 -1 -1 -1 -1 -1 -1 -1 -1 -1
0.5279484987258911 0.38885849714279175 0.995341420173645 -1 -1 -1 -1 -1 -1 -1 -1 -1
0.5296050310134888 0.38810402154922485 0.9940388202667236 -1 -1 -1 -1 -1 -1 -1 -1 -1
0.5312702059745789 0.387389600276947 0.9959380626678467 -1 -1 -1 -1 -1 -1 -1 -1 -1
0.5258652567863464 0.3897119164466858 0.9921383261680603 -1 -1 -1 -1 -1 -1 -1 -1 -1
0.5257381200790405 0.38955962657928467 0.9882036447525024 -1 -1 -1 -1 -1 -1 -1 -1 -1
0.5255706906318665 0.38945651054382324 0.9937599301338196 -1 -1 -1 -1 -1 -1 -1 -1 -1
0.5409471392631531 0.3862231373786926 0.9977167844772339 -1 -1 -1 -1 -1 -1 -1 -1 -1
0.5333475470542908 0.38850513100624084 0.9929749965667725 -1 -1 -1 -1 -1 -1 -1 -1 -1
0.5304017663002014 0.40782928466796875 0.9968116879463196 -1 -1 -1 -1 -1 -1 -1 -1 -1
0.5276479125022888 0.408939003944397 0.9940288066864014 -1 -1 -1 -1 -1 -1 -1 -1 -1
0.5685088038444519 0.4138807952404022 0.9996528625488281 -1 -1 -1 -1 -1 -1 -1 -1 -1
0.5293397307395935 0.4260713756084442 0.9978452920913696 -1 -1 -1 -1 -1 -1 -1 -1 -1
0.5850850939750671 0.39015111327171326 0.6843217015266418 -1 -1 -1 -1 -1 -1 -1 -1 -1
0.5214760899543762 0.4718416929244995 0.07212918251752853 -1 -1 -1 -1 -1 -1 -1 -1 -1
0.5712608098983765 0.3828756809234619 0.3069339394569397 -1 -1 -1 -1 -1 -1 -1 -1 -1
0.5258131623268127 0.5081690549850464 0.1334778368473053 -1 -1 -1 -1 -1 -1 -1 -1 -1
0.5677846670150757 0.38013240694999695 0.21301570534706116 -1 -1 -1 -1 -1 -1 -1 -1 -1
0.5253996253013611 0.5203166604042053 0.16257208585739136 -1 -1 -1 -1 -1 -1 -1 -1 -1
0.5689951181411743 0.38500159978866577 0.19029104709625244 -1 -1 -1 -1 -1 -1 -1 -1 -1
0.5267720818519592 0.5176633596420288 0.1703689843416214 -1 -1 -1 -1 -1 -1 -1 -1 -1
0.5706492066383362 0.38845938444137573 0.1732284128665924 -1 -1 -1 -1 -1 -1 -1 -1 -1
0.5275141000747681 0.5146995186805725 0.19194230437278748 -1 -1 -1 -1 -1 -1 -1 -1 -1
0.5633487105369568 0.5611392855644226 0.9999384880065918 -1 -1 -1 -1 -1 -1 -1 -1 -1
0.5360791087150574 0.557827353477478 0.9997358918190002 -1 -1 -1 -1 -1 -1 -1 -1 -1
0.5790898203849792 0.5598263740539551 0.9946359992027283 -1 -1 -1 -1 -1 -1 -1 -1 -1
0.5109000205993652 0.5328967571258545 0.9307859539985657 -1 -1 -1 -1 -1 -1 -1 -1 -1
0.5737263560295105 0.6869072318077087 0.9877539277076721 -1 -1 -1 -1 -1 -1 -1 -1 -1
0.5379984974861145 0.5748899579048157 0.8506937623023987 -1 -1 -1 -1 -1 -1 -1 -1 -1
0.5732042789459229 0.699929416179657 0.9829933643341064 -1 -1 -1 -1 -1 -1 -1 -1 -1
0.5447812080383301 0.583483874797821 0.9474104642868042 -1 -1 -1 -1 -1 -1 -1 -1 -1
0.5620836019515991 0.7471356391906738 0.9926816821098328 -1 -1 -1 -1 -1 -1 -1 -1 -1
0.5350116491317749 0.5945104360580444 0.9566166996955872 -1 -1 -1 -1 -1 -1 -1 -1 -1
1 
33 
-1 -1 -1 -1 -1 -1 -1 -1 -1 -1
0.5453637838363647 0.4075932800769806 0.9983508586883545 -1 -1 -1 -1 -1 -1 -1 -1 -1
0.5472527742385864 0.3971705436706543 0.9990133047103882 -1 -1 -1 -1 -1 -1 -1 -1 -1
0.5483686327934265 0.39630621671676636 0.9986704587936401 -1 -1 -1 -1 -1 -1 -1 -1 -1
0.5494999885559082 0.39550119638442993 0.9989160299301147 -1 -1 -1 -1 -1 -1 -1 -1 -1
0.5457534790039062 0.39811569452285767 0.999138355255127 -1 -1 -1 -1 -1 -1 -1 -1 -1
0.5456164479255676 0.3979690670967102 0.9989303946495056 -1 -1 -1 -1 -1 -1 -1 -1 -1
0.5454936027526855 0.3978539705276489 0.9993348717689514 -1 -1 -1 -1 -1 -1 -1 -1 -1
0.5557366609573364 0.393305242061615 0.9989839196205139 -1 -1 -1 -1 -1 -1 -1 -1 -1
0.5501763224601746 0.3963138461112976 0.9993019104003906 -1 -1 -1 -1 -1 -1 -1 -1 -1
0.5493039488792419 0.41274523735046387 0.9948516488075256 -1 -1 -1 -1 -1 -1 -1 -1 -1
0.5471977591514587 0.41381216049194336 0.994691789150238 -1 -1 -1 -1 -1 -1 -1 -1 -1
0.5709382891654968 0.40956634283065796 0.9971490502357483 -1 -1 -1 -1 -1 -1 -1 -1 -1
0.5527564287185669 0.42442378401756287 0.9952512979507446 -1 -1 -1 -1 -1 -1 -1 -1 -1
0.5619866847991943 0.3420659005641937 0.8617801666259766 -1 -1 -1 -1 -1 -1 -1 -1 -1
0.5374739170074463 0.38467010855674744 0.777904212474823 -1 -1 -1 -1 -1 -1 -1 -1 -1
0.5655709505081177 0.29653656482696533 0.6732991933822632 -1 -1 -1 -1 -1 -1 -1 -1 -1
0.5382801294326782 0.3588797152042389 0.7335055470466614 -1 -1 -1 -1 -1 -1 -1 -1 -1
0.5651348233222961 0.2840655744075775 0.5921187400817871 -1 -1 -1 -1 -1 -1 -1 -1 -1
0.5395232439041138 0.3542380928993225 0.6018972992897034 -1 -1 -1 -1 -1 -1 -1 -1 -1
0.5662051439285278 0.28524836897850037 0.5750811100006104 -1 -1 -1 -1 -1 -1 -1 -1 -1
0.5422382354736328 0.3527694344520569 0.5959964990615845 -1 -1 -1 -1 -1 -1 -1 -1 -1
0.5659598112106323 0.2912396490573883 0.5506212115287781 -1 -1 -1 -1 -1 -1 -1 -1 -1
0.5417567491531372 0.35507822036743164 0.6027389168739319 -1 -1 -1 -1 -1 -1 -1 -1 -1
0.5727750062942505 0.5534650087356567 0.9997522234916687 -1 -1 -1 -1 -1 -1 -1 -1 -1
0.5644736886024475 0.5588573813438416 0.9995569586753845 -1 -1 -1 -1 -1 -1 -1 -1 -1
0.5672516822814941 0.6479234099388123 0.9843316078186035 -1 -1 -1 -1 -1 -1 -1 -1 -1
0.5556124448776245 0.6510998606681824 0.7750199437141418 -1 -1 -1 -1 -1 -1 -1 -1 -1
0.5638384819030762 0.749356746673584 0.9611503481864929 -1 -1 -1 -1 -1 -1 -1 -1 -1
0.561870276927948 0.7514026165008545 0.8666340112686157 -1 -1 -1 -1 -1 -1 -1 -1 -1
0.5645784139633179 0.7654154300689697 0.8740065097808838 -1 -1 -1 -1 -1 -1 -1 -1 -1
0.5584376454353333 0.7599756121635437 0.8253749012947083 -1 -1 -1 -1 -1 -1 -1 -1 -1
0.547421395778656 0.7852550745010376 0.9351199865341187 -1 -1 -1 -1 -1 -1 -1 -1 -1
0.5378673672676086 0.7704401016235352 0.8896316289901733 -1 -1 -1 -1 -1 -1 -1 -1 -1
1 
33 
-1 -1 -1 -1 -1 -1 -1 -1 -1 -1
0.5475111603736877 0.40089720487594604 0.9980344176292419 -1 -1 -1 -1 -1 -1 -1 -1 -1
0.5479989051818848 0.39233171939849854 0.9990190267562866 -1 -1 -1 -1 -1 -1 -1 -1 -1
0.5489224195480347 0.39068058133125305 0.9987040758132935 -1 -1 -1 -1 -1 -1 -1 -1 -1
0.5498583316802979 0.3890992999076843 0.9990967512130737 -1 -1 -1 -1 -1 -1 -1 -1 -1
0.5462646484375 0.3946635127067566 0.9986982345581055 -1 -1 -1 -1 -1 -1 -1 -1 -1
0.545933187007904 0.3947857618331909 0.9982491731643677 -1 -1 -1 -1 -1 -1 -1 -1 -1
0.5456182360649109 0.39491134881973267 0.998561680316925 -1 -1 -1 -1 -1 -1 -1 -1 -1
0.5538780689239502 0.3817911744117737 0.999283492565155 -1 -1 -1 -1 -1 -1 -1 -1 -1
0.5478819608688354 0.3906571567058563 0.9987269043922424 -1 -1 -1 -1 -1 -1 -1 -1 -1
0.5512415170669556 0.4008782207965851 0.9979093670845032 -1 -1 -1 -1 -1 -1 -1 -1 -1
0.5491433143615723 0.4034639000892639 0.9967595934867859 -1 -1 -1 -1 -1 -1 -1 -1 -1
0.5637897849082947 0.37918710708618164 0.9994779229164124 -1 -1 -1 -1 -1 -1 -1 -1 -1
0.554129958152771 0.4059682786464691 0.9924771189689636 -1 -1 -1 -1 -1 -1 -1 -1 -1
0.5583342909812927 0.3253035843372345 0.9138264656066895 -1 -1 -1 -1 -1 -1 -1 -1 -1
0.551796019077301 0.40560346841812134 0.15330363810062408 -1 -1 -1 -1 -1 -1 -1 -1 -1
0.5593225359916687 0.2614704370498657 0.72151780128479 -1 -1 -1 -1 -1 -1 -1 -1 -1
0.5464470386505127 0.3838489055633545 0.09463217854499817 -1 -1 -1 -1 -1 -1 -1 -1 -1
0.5567846298217773 0.2575822174549103 0.6117345094680786 -1 -1 -1 -1 -1 -1 -1 -1 -1
0.5464545488357544 0.37963810563087463 0.09545929729938507 -1 -1 -1 -1 -1 -1 -1 -1 -1
0.5565611720085144 0.2587432265281677 0.6087629795074463 -1 -1 -1 -1 -1 -1 -1 -1 -1
0.5446612238883972 0.37759751081466675 0.09119925647974014 -1 -1 -1 -1 -1 -1 -1 -1 -1
0.5566511750221252 0.2648578882217407 0.5588564276695251 -1 -1 -1 -1 -1 -1 -1 -1 -1
0.544405460357666 0.37835144996643066 0.09687022119760513 -1 -1 -1 -1 -1 -1 -1 -1 -1
0.5824744701385498 0.48479995131492615 0.9998552799224854 -1 -1 -1 -1 -1 -1 -1 -1 -1
0.5763685703277588 0.4875031113624573 0.9992865920066833 -1 -1 -1 -1 -1 -1 -1 -1 -1
0.5746495127677917 0.5799036622047424 0.974496603012085 -1 -1 -1 -1 -1 -1 -1 -1 -1
0.5730990171432495 0.553576648235321 0.49753692746162415 -1 -1 -1 -1 -1 -1 -1 -1 -1
0.5597363710403442 0.7103644609451294 0.9639524221420288 -1 -1 -1 -1 -1 -1 -1 -1 -1
0.5547481775283813 0.6069314479827881 0.7338070273399353 -1 -1 -1 -1 -1 -1 -1 -1 -1
0.5627836585044861 0.7010742425918579 0.9338895678520203 -1 -1 -1 -1 -1 -1 -1 -1 -1
0.5534787774085999 0.6163567900657654 0.7249673008918762 -1 -1 -1 -1 -1 -1 -1 -1 -1
0.5536978244781494 0.7167832851409912 0.9174668788909912 -1 -1 -1 -1 -1 -1 -1 -1 -1
0.5428928732872009 0.6152654886245728 0.7287611365318298 -1 -1 -1 -1 -1 -1 -1 -1 -1
1 
