12
1 
33 
-1 -1 -1 -1 -1 -1 -1 -1 -1 -1
0.6709259748458862 0.4805338978767395 0.9974188804626465 -1 -1 -1 -1 -1 -1 -1 -1 -1
0.670287013053894 0.474535197019577 0.9968419075012207 -1 -1 -1 -1 -1 -1 -1 -1 -1
0.6689589023590088 0.47463613748550415 0.9961599111557007 -1 -1 -1 -1 -1 -1 -1 -1 -1
0.6676379442214966 0.4747909605503082 0.9969226717948914 -1 -1 -1 -1 -1 -1 -1 -1 -1
0.673827588558197 0.4744284451007843 0.9973341226577759 -1 -1 -1 -1 -1 -1 -1 -1 -1
0.6750476956367493 0.4744364619255066 0.9974219799041748 -1 -1 -1 -1 -1 -1 -1 -1 -1
0.6763082146644592 0.4745064079761505 0.9978702068328857 -1 -1 -1 -1 -1 -1 -1 -1 -1
0.6653417944908142 0.48099613189697266 0.9957692623138428 -1 -1 -1 -1 -1 -1 -1 -1 -1
0.67737877368927 0.4802675247192383 0.9965105652809143 -1 -1 -1 -1 -1 -1 -1 -1 -1
0.6678352952003479 0.48811739683151245 0.993906557559967 -1 -1 -1 -1 -1 -1 -1 -1 -1
0.6714401245117188 0.48795706033706665 0.992987334728241 -1 -1 -1 -1 -1 -1 -1 -1 -1
0.6588468551635742 0.519097626209259 0.9967513084411621 -1 -1 -1 -1 -1 -1 -1 -1 -1
0.6867626309394836 0.5155874490737915 0.9974368810653687 -1 -1 -1 -1 -1 -1 -1 -1 -1
0.6723023056983948 0.5335137248039246 0.11273293942213058 -1 -1 -1 -1 -1 -1 -1 -1 -1
0.7087339162826538 0.49517154693603516 0.5085343718528748 -1 -1 -1 -1 -1 -1 -1 -1 -1
0.6722968816757202 0.530476987361908 0.15237140655517578 -1 -1 -1 -1 -1 -1 -1 -1 -1
0.7058690786361694 0.4683755040168762 0.659675121307373 -1 -1 -1 -1 -1 -1 -1 -1 -1
0.6708120107650757 0.5328686833381653 0.19326218962669373 -1 -1 -1 -1 -1 -1 -1 -1 -1
0.7064808011054993 0.4624214470386505 0.6741451025009155 -1 -1 -1 -1 -1 -1 -1 -1 -1
0.6714398264884949 0.5265734791755676 0.19781216979026794 -1 -1 -1 -1 -1 -1 -1 -1 -1
0.7037745118141174 0.46297281980514526 0.667523205280304 -1 -1 -1 -1 -1 -1 -1 -1 -1
0.6725957989692688 0.5262677669525146 0.1793535202741623 -1 -1 -1 -1 -1 -1 -1 -1 -1
0.7027400732040405 0.465523362159729 0.6190727353096008 -1 -1 -1 -1 -1 -1 -1 -1 -1
0.6514459848403931 0.6530478000640869 0.9999885559082031 -1 -1 -1 -1 -1 -1 -1 -1 -1
0.6705253720283508 0.6551098227500916 0.9999408721923828 -1 -1 -1 -1 -1 -1 -1 -1 -1
0.6324638724327087 0.7016991376876831 0.9680432677268982 -1 -1 -1 -1 -1 -1 -1 -1 -1
0.6735307574272156 0.662330687046051 0.37736403942108154 -1 -1 -1 -1 -1 -1 -1 -1 -1
0.6210527420043945 0.7696622610092163 0.9835197329521179 -1 -1 -1 -1 -1 -1 -1 -1 -1
0.6959804892539978 0.7312847375869751 0.7828670144081116 -1 -1 -1 -1 -1 -1 -1 -1 -1
0.6243066787719727 0.7746207118034363 0.9902149438858032 -1 -1 -1 -1 -1 -1 -1 -1 -1
0.7007415890693665 0.7394861578941345 0.8972164988517761 -1 -1 -1 -1 -1 -1 -1 -1 -1
0.6026133894920349 0.8135157823562622 0.9493861794471741 -1 -1 -1 -1 -1 -1 -1 -1 -1
0.6916152834892273 0.7644403576850891 0.6420393586158752 -1 -1 -1 -1 -1 -1 -1 -1 -1
1 
33 
-1 -1 -1 -1 -1 -1 -1 -1 -1 -1
0.7066986560821533 0.4961046278476715 0.9995941519737244 -1 -1 -1 -1 -1 -1 -1 -1 -1
0.706030547618866 0.48676252365112305 0.9995749592781067 -1 -1 -1 -1 -1 -1 -1 -1 -1
0.7043757438659668 0.48604077100753784 0.9994434714317322 -1 -1 -1 -1 -1 -1 -1 -1 -1
0.7027262449264526 0.48534637689590454 0.9994052648544312 -1 -1 -1 -1 -1 -1 -1 -1 -1
0.7107171416282654 0.4889003038406372 0.9997416138648987 -1 -1 -1 -1 -1 -1 -1 -1 -1
0.7122691869735718 0.48970431089401245 0.999767005443573 -1 -1 -1 -1 -1 -1 -1 -1 -1
0.7138394117355347 0.4905666708946228 0.9998039603233337 -1 -1 -1 -1 -1 -1 -1 -1 -1
0.6984025835990906 0.48965972661972046 0.999677300453186 -1 -1 -1 -1 -1 -1 -1 -1 -1
0.7144649028778076 0.4974691867828369 0.9998219609260559 -1 -1 -1 -1 -1 -1 -1 -1 -1
0.7022937536239624 0.5031048059463501 0.9992886781692505 -1 -1 -1 -1 -1 -1 -1 -1 -1
0.7071259617805481 0.5052763819694519 0.9995823502540588 -1 -1 -1 -1 -1 -1 -1 -1 -1
0.6784626841545105 0.5249747037887573 0.9998207688331604 -1 -1 -1 -1 -1 -1 -1 -1 -1
0.7168170213699341 0.5568249225616455 0.9999428987503052 -1 -1 -1 -1 -1 -1 -1 -1 -1
0.6600785851478577 0.5608338713645935 0.6940354704856873 -1 -1 -1 -1 -1 -1 -1 -1 -1
0.7103736400604248 0.6290625333786011 0.604179322719574 -1 -1 -1 -1 -1 -1 -1 -1 -1
0.6498093008995056 0.5543847680091858 0.4353533685207367 -1 -1 -1 -1 -1 -1 -1 -1 -1
0.6955450177192688 0.6744331121444702 0.5699756145477295 -1 -1 -1 -1 -1 -1 -1 -1 -1
0.6442071199417114 0.5519919991493225 0.35877928137779236 -1 -1 -1 -1 -1 -1 -1 -1 -1
0.6922450661659241 0.6872386932373047 0.5365514159202576 -1 -1 -1 -1 -1 -1 -1 -1 -1
0.6473937034606934 0.5475204586982727 0.3461182713508606 -1 -1 -1 -1 -1 -1 -1 -1 -1
0.6911935210227966 0.684833288192749 0.5144513845443726 -1 -1 -1 -1 -1 -1 -1 -1 -1
0.6510084271430969 0.5498746633529663 0.3201858401298523 -1 -1 -1 -1 -1 -1 -1 -1 -1
0.6923382878303528 0.6801799535751343 0.46387940645217896 -1 -1 -1 -1 -1 -1 -1 -1 -1
0.6630191802978516 0.6725978255271912 0.9999974966049194 -1 -1 -1 -1 -1 -1 -1 -1 -1
0.6882496476173401 0.6786672472953796 0.9999949932098389 -1 -1 -1 -1 -1 -1 -1 -1 -1
0.6269940137863159 0.7128231525421143 0.9867970943450928 -1 -1 -1 -1 -1 -1 -1 -1 -1
0.6987909078598022 0.6866500973701477 0.34294435381889343 -1 -1 -1 -1 -1 -1 -1 -1 -1
0.6234745979309082 0.7889830470085144 0.9916886687278748 -1 -1 -1 -1 -1 -1 -1 -1 -1
0.7026761174201965 0.760698139667511 0.8830928206443787 -1 -1 -1 -1 -1 -1 -1 -1 -1
0.6286791563034058 0.7959230542182922 0.9949254989624023 -1 -1 -1 -1 -1 -1 -1 -1 -1
0.70412677526474 0.7708607912063599 0.9346802234649658 -1 -1 -1 -1 -1 -1 -1 -1 -1
0.6100951433181763 0.8345816731452942 0.9782114028930664 -1 -1 -1 -1 -1 -1 -1 -1 -1
0.6951111555099487 0.7905977964401245 0.8437153100967407 -1 -1 -1 -1 -1 -1 -1 -1 -1
1 
33 
-1 -1 -1 -1 -1 -1 -1 -1 -1 -1
0.6387502551078796 0.5647037029266357 0.2731807827949524 -1 -1 -1 -1 -1 -1 -1 -1 -1
0.6412808299064636 0.5607277154922485 0.15421611070632935 -1 -1 -1 -1 -1 -1 -1 -1 -1
0.6421505808830261 0.5610511302947998 0.15060819685459137 -1 -1 -1 -1 -1 -1 -1 -1 -1
0.6429936289787292 0.561407208442688 0.17666813731193542 -1 -1 -1 -1 -1 -1 -1 -1 -1
0.6402982473373413 0.5616450309753418 0.13275519013404846 -1 -1 -1 -1 -1 -1 -1 -1 -1
0.6402384638786316 0.5623599290847778 0.11092597246170044 -1 -1 -1 -1 -1 -1 -1 -1 -1
0.6401640772819519 0.5630944967269897 0.123430535197258 -1 -1 -1 -1 -1 -1 -1 -1 -1
0.6483332514762878 0.5661361813545227 0.16091260313987732 -1 -1 -1 -1 -1 -1 -1 -1 -1
0.644134521484375 0.5683401823043823 0.08790566027164459 -1 -1 -1 -1 -1 -1 -1 -1 -1
0.6413623690605164 0.5715861916542053 0.37043458223342896 -1 -1 -1 -1 -1 -1 -1 -1 -1
0.6406751275062561 0.5727404952049255 0.3471366763114929 -1 -1 -1 -1 -1 -1 -1 -1 -1
0.6617942452430725 0.5884166955947876 0.9983343482017517 -1 -1 -1 -1 -1 -1 -1 -1 -1
0.6423524022102356 0.5935419797897339 0.9970436692237854 -1 -1 -1 -1 -1 -1 -1 -1 -1
0.6626644730567932 0.6606256365776062 0.4528072774410248 -1 -1 -1 -1 -1 -1 -1 -1 -1
0.6442581415176392 0.6728335022926331 0.2669955790042877 -1 -1 -1 -1 -1 -1 -1 -1 -1
0.6762516498565674 0.732408344745636 0.7123976945877075 -1 -1 -1 -1 -1 -1 -1 -1 -1
0.6475569009780884 0.7522095441818237 0.5060784220695496 -1 -1 -1 -1 -1 -1 -1 -1 -1
0.6819168329238892 0.7466326951980591 0.7649985551834106 -1 -1 -1 -1 -1 -1 -1 -1 -1
0.6461754441261292 0.7728699445724487 0.5965744256973267 -1 -1 -1 -1 -1 -1 -1 -1 -1
0.6820186376571655 0.7533683180809021 0.7829369902610779 -1 -1 -1 -1 -1 -1 -1 -1 -1
0.6496090888977051 0.7743846774101257 0.5956184267997742 -1 -1 -1 -1 -1 -1 -1 -1 -1
0.6778913736343384 0.7500073313713074 0.737154483795166 -1 -1 -1 -1 -1 -1 -1 -1 -1
0.6517952680587769 0.7682587504386902 0.5467039346694946 -1 -1 -1 -1 -1 -1 -1 -1 -1
0.6448273062705994 0.660718560218811 0.9995883107185364 -1 -1 -1 -1 -1 -1 -1 -1 -1
0.630082368850708 0.6636534929275513 0.999626636505127 -1 -1 -1 -1 -1 -1 -1 -1 -1
0.6581069827079773 0.743928074836731 0.33767375349998474 -1 -1 -1 -1 -1 -1 -1 -1 -1
0.6396554708480835 0.7417329549789429 0.49389737844467163 -1 -1 -1 -1 -1 -1 -1 -1 -1
0.6423034071922302 0.8204806447029114 0.5231313109397888 -1 -1 -1 -1 -1 -1 -1 -1 -1
0.6295371055603027 0.8244092464447021 0.6325874328613281 -1 -1 -1 -1 -1 -1 -1 -1 -1
0.638727068901062 0.8257439136505127 0.6329354047775269 -1 -1 -1 -1 -1 -1 -1 -1 -1
0.6297396421432495 0.8327202200889587 0.5607271790504456 -1 -1 -1 -1 -1 -1 -1 -1 -1
0.6432822942733765 0.8559656143188477 0.564255952835083 -1 -1 -1 -1 -1 -1 -1 -1 -1
0.6222100257873535 0.8523868918418884 0.6965253949165344 -1 -1 -1 -1 -1 -1 -1 -1 -1
1 
33 
-1 -1 -1 -1 -1 -1 -1 -1 -1 -1
0.6415458917617798 0.5476402640342712 0.9780846834182739 -1 -1 -1 -1 -1 -1 -1 -1 -1
0.643950879573822 0.5409519672393799 0.9806273579597473 -1 -1 -1 -1 -1 -1 -1 -1 -1
0.64482182264328 0.5405861139297485 0.9813212752342224 -1 -1 -1 -1 -1 -1 -1 -1 -1
0.6457197070121765 0.5403444170951843 0.9748523235321045 -1 -1 -1 -1 -1 -1 -1 -1 -1
0.6428918838500977 0.5418590307235718 0.9753315448760986 -1 -1 -1 -1 -1 -1 -1 -1 -1
0.6428934931755066 0.5419673323631287 0.9727973937988281 -1 -1 -1 -1 -1 -1 -1 -1 -1
0.6429243683815002 0.5420761108398438 0.9794823527336121 -1 -1 -1 -1 -1 -1 -1 -1 -1
0.6499054431915283 0.5414605736732483 0.9880844950675964 -1 -1 -1 -1 -1 -1 -1 -1 -1
0.646466076374054 0.5439801812171936 0.9900738000869751 -1 -1 -1 -1 -1 -1 -1 -1 -1
0.6420581936836243 0.5483960509300232 0.9625961780548096 -1 -1 -1 -1 -1 -1 -1 -1 -1
0.6421858668327332 0.5534731149673462 0.9656495451927185 -1 -1 -1 -1 -1 -1 -1 -1 -1
0.6598103046417236 0.5597372055053711 0.9999628067016602 -1 -1 -1 -1 -1 -1 -1 -1 -1
0.6508780717849731 0.5779086351394653 0.9997857213020325 -1 -1 -1 -1 -1 -1 -1 -1 -1
0.6706179976463318 0.5594587922096252 0.6066274642944336 -1 -1 -1 -1 -1 -1 -1 -1 -1
0.6476696729660034 0.6306349635124207 0.09559375047683716 -1 -1 -1 -1 -1 -1 -1 -1 -1
0.6754205822944641 0.5324247479438782 0.6647008061408997 -1 -1 -1 -1 -1 -1 -1 -1 -1
0.6408252120018005 0.6478304266929626 0.05669834837317467 -1 -1 -1 -1 -1 -1 -1 -1 -1
0.6773065328598022 0.5256141424179077 0.735556960105896 -1 -1 -1 -1 -1 -1 -1 -1 -1
0.6405211091041565 0.6532558798789978 0.07717476785182953 -1 -1 -1 -1 -1 -1 -1 -1 -1
0.6775753498077393 0.5213146209716797 0.7043386697769165 -1 -1 -1 -1 -1 -1 -1 -1 -1
0.6401488184928894 0.6498622894287109 0.07314173132181168 -1 -1 -1 -1 -1 -1 -1 -1 -1
0.6768356561660767 0.5235012769699097 0.5772823691368103 -1 -1 -1 -1 -1 -1 -1 -1 -1
0.6405548453330994 0.6465585827827454 0.08693968504667282 -1 -1 -1 -1 -1 -1 -1 -1 -1
0.6405000686645508 0.660844624042511 0.999980092048645 -1 -1 -1 -1 -1 -1 -1 -1 -1
0.6390337944030762 0.6707828044891357 0.9999496936798096 -1 -1 -1 -1 -1 -1 -1 -1 -1
0.6176404356956482 0.7627701759338379 0.9597219228744507 -1 -1 -1 -1 -1 -1 -1 -1 -1
0.6312117576599121 0.7697666883468628 0.47939297556877136 -1 -1 -1 -1 -1 -1 -1 -1 -1
0.6523233652114868 0.8375630378723145 0.9682832956314087 -1 -1 -1 -1 -1 -1 -1 -1 -1
0.6514818668365479 0.8446482419967651 0.6506381034851074 -1 -1 -1 -1 -1 -1 -1 -1 -1
0.6614969968795776 0.8388839364051819 0.9715447425842285 -1 -1 -1 -1 -1 -1 -1 -1 -1
0.6570839285850525 0.8537784814834595 0.8548501133918762 -1 -1 -1 -1 -1 -1 -1 -1 -1
0.6525020003318787 0.8891032934188843 0.9710841178894043 -1 -1 -1 -1 -1 -1 -1 -1 -1
0.6427048444747925 0.8729841709136963 0.7408700585365295 -1 -1 -1 -1 -1 -1 -1 -1 -1
1 
33 
-1 -1 -1 -1 -1 -1 -1 -1 -1 -1
0.6219499707221985 0.5816285610198975 0.9976963400840759 -1 -1 -1 -1 -1 -1 -1 -1 -1
0.6226959824562073 0.5731458067893982 0.9985021352767944 -1 -1 -1 -1 -1 -1 -1 -1 -1
0.6235675811767578 0.5723097324371338 0.9985859394073486 -1 -1 -1 -1 -1 -1 -1 -1 -1
0.6243239641189575 0.5716942548751831 0.9988518953323364 -1 -1 -1 -1 -1 -1 -1 -1 -1
0.6222012639045715 0.5728220343589783 0.9978943467140198 -1 -1 -1 -1 -1 -1 -1 -1 -1
0.6225486397743225 0.5720017552375793 0.9975460171699524 -1 -1 -1 -1 -1 -1 -1 -1 -1
0.6231839060783386 0.5711135864257812 0.9982976317405701 -1 -1 -1 -1 -1 -1 -1 -1 -1
0.6298366189002991 0.5686964392662048 0.9989620447158813 -1 -1 -1 -1 -1 -1 -1 -1 -1
0.6290038824081421 0.5688026547431946 0.9984896183013916 -1 -1 -1 -1 -1 -1 -1 -1 -1
0.6258571743965149 0.5866294503211975 0.998356282711029 -1 -1 -1 -1 -1 -1 -1 -1 -1
0.6252167820930481 0.5862695574760437 0.9970826506614685 -1 -1 -1 -1 -1 -1 -1 -1 -1
0.6496703028678894 0.6035935878753662 0.9998564720153809 -1 -1 -1 -1 -1 -1 -1 -1 -1
0.6343652009963989 0.6065657138824463 0.9989190101623535 -1 -1 -1 -1 -1 -1 -1 -1 -1
0.6559438109397888 0.6618544459342957 0.9625734090805054 -1 -1 -1 -1 -1 -1 -1 -1 -1
0.6173691749572754 0.6453219056129456 0.30969399213790894 -1 -1 -1 -1 -1 -1 -1 -1 -1
0.6489641070365906 0.7071828842163086 0.8729978203773499 -1 -1 -1 -1 -1 -1 -1 -1 -1
0.6032113432884216 0.6578285694122314 0.4078799784183502 -1 -1 -1 -1 -1 -1 -1 -1 -1
0.6496171951293945 0.719713032245636 0.818966805934906 -1 -1 -1 -1 -1 -1 -1 -1 -1
0.5993599891662598 0.6612018346786499 0.35957932472229004 -1 -1 -1 -1 -1 -1 -1 -1 -1
0.6456878781318665 0.716631293296814 0.8118177652359009 -1 -1 -1 -1 -1 -1 -1 -1 -1
0.5987265706062317 0.6560569405555725 0.37868186831474304 -1 -1 -1 -1 -1 -1 -1 -1 -1
0.6454424262046814 0.7122771739959717 0.7368742823600769 -1 -1 -1 -1 -1 -1 -1 -1 -1
0.6001191139221191 0.6562982797622681 0.38412004709243774 -1 -1 -1 -1 -1 -1 -1 -1 -1
0.650726318359375 0.7178670763969421 0.9965684413909912 -1 -1 -1 -1 -1 -1 -1 -1 -1
0.6418555378913879 0.7156853079795837 0.995888888835907 -1 -1 -1 -1 -1 -1 -1 -1 -1
0.6205317378044128 0.7827216982841492 0.9389169812202454 -1 -1 -1 -1 -1 -1 -1 -1 -1
0.6270841360092163 0.7846134901046753 0.5349858403205872 -1 -1 -1 -1 -1 -1 -1 -1 -1
0.6334102153778076 0.870871901512146 0.9599876403808594 -1 -1 -1 -1 -1 -1 -1 -1 -1
0.6461215615272522 0.8619970083236694 0.5689303874969482 -1 -1 -1 -1 -1 -1 -1 -1 -1
0.6373781561851501 0.8847688436508179 0.9537046551704407 -1 -1 -1 -1 -1 -1 -1 -1 -1
0.6534067392349243 0.8726396560668945 0.6655650734901428 -1 -1 -1 -1 -1 -1 -1 -1 -1
0.6155155301094055 0.9016845226287842 0.9472790956497192 -1 -1 -1 -1 -1 -1 -1 -1 -1
0.6338455080986023 0.8900285363197327 0.5924788117408752 -1 -1 -1 -1 -1 -1 -1 -1 -1
1 
33 
-1 -1 -1 -1 -1 -1 -1 -1 -1 -1
0.6203242540359497 0.5773480534553528 0.9973226189613342 -1 -1 -1 -1 -1 -1 -1 -1 -1
0.6220253705978394 0.5682560205459595 0.9983371496200562 -1 -1 -1 -1 -1 -1 -1 -1 -1
0.6222007274627686 0.5679255127906799 0.9983251690864563 -1 -1 -1 -1 -1 -1 -1 -1 -1
0.6223806738853455 0.5676712393760681 0.9987749457359314 -1 -1 -1 -1 -1 -1 -1 -1 -1
0.6234830021858215 0.5677773952484131 0.9972508549690247 -1 -1 -1 -1 -1 -1 -1 -1 -1
0.6245138645172119 0.5672457218170166 0.9965910911560059 -1 -1 -1 -1 -1 -1 -1 -1 -1
0.6254479289054871 0.5668867230415344 0.9975130558013916 -1 -1 -1 -1 -1 -1 -1 -1 -1
0.6277921199798584 0.5674564242362976 0.9987488985061646 -1 -1 -1 -1 -1 -1 -1 -1 -1
0.6317968964576721 0.5674824118614197 0.9966961145401001 -1 -1 -1 -1 -1 -1 -1 -1 -1
0.6239705085754395 0.5825930237770081 0.9974299073219299 -1 -1 -1 -1 -1 -1 -1 -1 -1
0.6250137090682983 0.582558274269104 0.9940709471702576 -1 -1 -1 -1 -1 -1 -1 -1 -1
0.6386376619338989 0.6051582098007202 0.9999674558639526 -1 -1 -1 -1 -1 -1 -1 -1 -1
0.6411371827125549 0.6050893068313599 0.9990813732147217 -1 -1 -1 -1 -1 -1 -1 -1 -1
0.6211575865745544 0.6558682918548584 0.9826358556747437 -1 -1 -1 -1 -1 -1 -1 -1 -1
0.6171596050262451 0.6360951662063599 0.1519254446029663 -1 -1 -1 -1 -1 -1 -1 -1 -1
0.5935375094413757 0.6811280846595764 0.9769452810287476 -1 -1 -1 -1 -1 -1 -1 -1 -1
0.5886107683181763 0.643913984298706 0.3272230327129364 -1 -1 -1 -1 -1 -1 -1 -1 -1
0.5852429270744324 0.6867946982383728 0.9629546403884888 -1 -1 -1 -1 -1 -1 -1 -1 -1
0.5826833248138428 0.6431694626808167 0.33041277527809143 -1 -1 -1 -1 -1 -1 -1 -1 -1
0.5852541327476501 0.6810196042060852 0.9597887992858887 -1 -1 -1 -1 -1 -1 -1 -1 -1
0.5806347727775574 0.6392414569854736 0.3374967873096466 -1 -1 -1 -1 -1 -1 -1 -1 -1
0.5897100567817688 0.6788983345031738 0.9220224022865295 -1 -1 -1 -1 -1 -1 -1 -1 -1
0.5822473764419556 0.6410543322563171 0.3387884199619293 -1 -1 -1 -1 -1 -1 -1 -1 -1
0.6373366117477417 0.7194363474845886 0.9997610449790955 -1 -1 -1 -1 -1 -1 -1 -1 -1
0.6378007531166077 0.7232890129089355 0.9992179870605469 -1 -1 -1 -1 -1 -1 -1 -1 -1
0.6188507676124573 0.784358561038971 0.9404467344284058 -1 -1 -1 -1 -1 -1 -1 -1 -1
0.6095116138458252 0.7707680463790894 0.49108800292015076 -1 -1 -1 -1 -1 -1 -1 -1 -1
0.6290555596351624 0.8860285878181458 0.9647672772407532 -1 -1 -1 -1 -1 -1 -1 -1 -1
0.6289806365966797 0.8641998767852783 0.443182110786438 -1 -1 -1 -1 -1 -1 -1 -1 -1
0.6357288956642151 0.8994273543357849 0.9635594487190247 -1 -1 -1 -1 -1 -1 -1 -1 -1
0.6361240148544312 0.8768496513366699 0.6200361251831055 -1 -1 -1 -1 -1 -1 -1 -1 -1
0.6069000959396362 0.9107040166854858 0.9618597626686096 -1 -1 -1 -1 -1 -1 -1 -1 -1
0.6147249937057495 0.8867340087890625 0.5750312805175781 -1 -1 -1 -1 -1 -1 -1 -1 -1
1 
33 
-1 -1 -1 -1 -1 -1 -1 -1 -1 -1
0.6205803751945496 0.560091495513916 0.9470039010047913 -1 -1 -1 -1 -1 -1 -1 -1 -1
0.6228640675544739 0.5514500141143799 0.9500460028648376 -1 -1 -1 -1 -1 -1 -1 -1 -1
0.6233680844306946 0.5509911775588989 0.9503201246261597 -1 -1 -1 -1 -1 -1 -1 -1 -1
0.6238399744033813 0.5505746603012085 0.9633674621582031 -1 -1 -1 -1 -1 -1 -1 -1 -1
0.622181236743927 0.5518962740898132 0.9124001860618591 -1 -1 -1 -1 -1 -1 -1 -1 -1
0.622668981552124 0.5513936281204224 0.892860472202301 -1 -1 -1 -1 -1 -1 -1 -1 -1
0.6230570673942566 0.5509523153305054 0.9084119200706482 -1 -1 -1 -1 -1 -1 -1 -1 -1
0.6274970769882202 0.5513993501663208 0.9671630263328552 -1 -1 -1 -1 -1 -1 -1 -1 -1
0.6275809407234192 0.550879180431366 0.8940468430519104 -1 -1 -1 -1 -1 -1 -1 -1 -1
0.6228472590446472 0.5660197734832764 0.9750435948371887 -1 -1 -1 -1 -1 -1 -1 -1 -1
0.6226845979690552 0.5657490491867065 0.9439104795455933 -1 -1 -1 -1 -1 -1 -1 -1 -1
0.6369155645370483 0.5880731344223022 0.999606192111969 -1 -1 -1 -1 -1 -1 -1 -1 -1
0.6191917061805725 0.5846343040466309 0.9856237173080444 -1 -1 -1 -1 -1 -1 -1 -1 -1
0.6451432704925537 0.6410684585571289 0.9553177356719971 -1 -1 -1 -1 -1 -1 -1 -1 -1
0.5963449478149414 0.5932221412658691 0.36697232723236084 -1 -1 -1 -1 -1 -1 -1 -1 -1
0.639808177947998 0.6982693672180176 0.8450797200202942 -1 -1 -1 -1 -1 -1 -1 -1 -1
0.5856603980064392 0.583059549331665 0.3590405583381653 -1 -1 -1 -1 -1 -1 -1 -1 -1
0.6379901170730591 0.7162383198738098 0.7640531659126282 -1 -1 -1 -1 -1 -1 -1 -1 -1
0.5833702683448792 0.5805063843727112 0.30317196249961853 -1 -1 -1 -1 -1 -1 -1 -1 -1
0.6372149586677551 0.7140158414840698 0.759900689125061 -1 -1 -1 -1 -1 -1 -1 -1 -1
0.5832335352897644 0.5787320733070374 0.32047557830810547 -1 -1 -1 -1 -1 -1 -1 -1 -1
0.6356275677680969 0.7080157399177551 0.6925188302993774 -1 -1 -1 -1 -1 -1 -1 -1 -1
0.5839391946792603 0.5810170769691467 0.34108248353004456 -1 -1 -1 -1 -1 -1 -1 -1 -1
0.646348774433136 0.702140212059021 0.9984742999076843 -1 -1 -1 -1 -1 -1 -1 -1 -1
0.634789228439331 0.6997144222259521 0.9950843453407288 -1 -1 -1 -1 -1 -1 -1 -1 -1
0.6372039914131165 0.7739275097846985 0.9437764883041382 -1 -1 -1 -1 -1 -1 -1 -1 -1
0.6210899353027344 0.7636716961860657 0.3868526816368103 -1 -1 -1 -1 -1 -1 -1 -1 -1
0.6392491459846497 0.8558598756790161 0.916750967502594 -1 -1 -1 -1 -1 -1 -1 -1 -1
0.6325913667678833 0.8317273259162903 0.4033920168876648 -1 -1 -1 -1 -1 -1 -1 -1 -1
0.6425046324729919 0.8670971393585205 0.9185935258865356 -1 -1 -1 -1 -1 -1 -1 -1 -1
0.6381679773330688 0.8418732285499573 0.4742140769958496 -1 -1 -1 -1 -1 -1 -1 -1 -1
0.6319785714149475 0.8839020729064941 0.8663061857223511 -1 -1 -1 -1 -1 -1 -1 -1 -1
0.6219266057014465 0.857487678527832 0.4429076015949249 -1 -1 -1 -1 -1 -1 -1 -1 -1
1 
33 
-1 -1 -1 -1 -1 -1 -1 -1 -1 -1
0.6262914538383484 0.5278354287147522 0.9965443015098572 -1 -1 -1 -1 -1 -1 -1 -1 -1
0.6269442439079285 0.5209006667137146 0.9973904490470886 -1 -1 -1 -1 -1 -1 -1 -1 -1
0.6258955597877502 0.5205991864204407 0.9977045655250549 -1 -1 -1 -1 -1 -1 -1 -1 -1
0.6248255372047424 0.5203893780708313 0.9981788396835327 -1 -1 -1 -1 -1 -1 -1 -1 -1
0.6300105452537537 0.5219476222991943 0.9916313290596008 -1 -1 -1 -1 -1 -1 -1 -1 -1
0.6309592723846436 0.5224302411079407 0.9897404909133911 -1 -1 -1 -1 -1 -1 -1 -1 -1
0.6329234838485718 0.5236610174179077 0.9908219575881958 -1 -1 -1 -1 -1 -1 -1 -1 -1
0.6246753334999084 0.5242781043052673 0.9977129697799683 -1 -1 -1 -1 -1 -1 -1 -1 -1
0.634022057056427 0.5299329161643982 0.9809990525245667 -1 -1 -1 -1 -1 -1 -1 -1 -1
0.6258546113967896 0.5350601077079773 0.9939061999320984 -1 -1 -1 -1 -1 -1 -1 -1 -1
0.6296348571777344 0.536641001701355 0.9868373870849609 -1 -1 -1 -1 -1 -1 -1 -1 -1
0.6241025328636169 0.5527507662773132 0.9999418258666992 -1 -1 -1 -1 -1 -1 -1 -1 -1
0.6542825102806091 0.5575114488601685 0.997890055179596 -1 -1 -1 -1 -1 -1 -1 -1 -1
0.5890902280807495 0.5566875338554382 0.9939182996749878 -1 -1 -1 -1 -1 -1 -1 -1 -1
0.6601603031158447 0.5672772526741028 0.29524192214012146 -1 -1 -1 -1 -1 -1 -1 -1 -1
0.5707905292510986 0.57004314661026 0.9677436351776123 -1 -1 -1 -1 -1 -1 -1 -1 -1
0.6459200978279114 0.5650579929351807 0.20631061494350433 -1 -1 -1 -1 -1 -1 -1 -1 -1
0.5663272142410278 0.5769090056419373 0.9430489540100098 -1 -1 -1 -1 -1 -1 -1 -1 -1
0.6431703567504883 0.5638934373855591 0.22921587526798248 -1 -1 -1 -1 -1 -1 -1 -1 -1
0.565447986125946 0.5733132362365723 0.9415735006332397 -1 -1 -1 -1 -1 -1 -1 -1 -1
0.6416926980018616 0.5653823614120483 0.22675688564777374 -1 -1 -1 -1 -1 -1 -1 -1 -1
0.5676437020301819 0.5730046629905701 0.9064577221870422 -1 -1 -1 -1 -1 -1 -1 -1 -1
0.6423758268356323 0.5669295191764832 0.2329130619764328 -1 -1 -1 -1 -1 -1 -1 -1 -1
0.6185641884803772 0.6743954420089722 0.9998780488967896 -1 -1 -1 -1 -1 -1 -1 -1 -1
0.6286521553993225 0.6759516000747681 0.9996115565299988 -1 -1 -1 -1 -1 -1 -1 -1 -1
0.6181496381759644 0.7486380934715271 0.9554765224456787 -1 -1 -1 -1 -1 -1 -1 -1 -1
0.6178267002105713 0.7337112426757812 0.8314085602760315 -1 -1 -1 -1 -1 -1 -1 -1 -1
0.6239675283432007 0.8316680192947388 0.9872879981994629 -1 -1 -1 -1 -1 -1 -1 -1 -1
0.6275287866592407 0.8230704069137573 0.8850678205490112 -1 -1 -1 -1 -1 -1 -1 -1 -1
0.6317241787910461 0.838889479637146 0.9882134795188904 -1 -1 -1 -1 -1 -1 -1 -1 -1
0.6327036023139954 0.834651529788971 0.910385012626648 -1 -1 -1 -1 -1 -1 -1 -1 -1
0.6107425689697266 0.8814563155174255 0.9827142357826233 -1 -1 -1 -1 -1 -1 -1 -1 -1
0.6202892661094666 0.866374671459198 0.8721060156822205 -1 -1 -1 -1 -1 -1 -1 -1 -1
1 
33 
-1 -1 -1 -1 -1 -1 -1 -1 -1 -1
0.655665934085846 0.508333683013916 0.994561493396759 -1 -1 -1 -1 -1 -1 -1 -1 -1
0.6588323712348938 0.5011341571807861 0.9964340925216675 -1 -1 -1 -1 -1 -1 -1 -1 -1
0.659317672252655 0.5014000535011292 0.9957889914512634 -1 -1 -1 -1 -1 -1 -1 -1 -1
0.6597938537597656 0.5017142295837402 0.9973686933517456 -1 -1 -1 -1 -1 -1 -1 -1 -1
0.6594560146331787 0.5007549524307251 0.996987521648407 -1 -1 -1 -1 -1 -1 -1 -1 -1
0.6600449085235596 0.5008167028427124 0.995593249797821 -1 -1 -1 -1 -1 -1 -1 -1 -1
0.6606607437133789 0.5008877515792847 0.9966108202934265 -1 -1 -1 -1 -1 -1 -1 -1 -1
0.6649030447006226 0.5071152448654175 0.9961597919464111 -1 -1 -1 -1 -1 -1 -1 -1 -1
0.6666079759597778 0.5056595206260681 0.9955606460571289 -1 -1 -1 -1 -1 -1 -1 -1 -1
0.6565786600112915 0.518132209777832 0.99189692735672 -1 -1 -1 -1 -1 -1 -1 -1 -1
0.6567891240119934 0.517808735370636 0.9889007806777954 -1 -1 -1 -1 -1 -1 -1 -1 -1
0.6694837808609009 0.5468188524246216 0.9987627267837524 -1 -1 -1 -1 -1 -1 -1 -1 -1
0.6753026843070984 0.5471761226654053 0.9928678274154663 -1 -1 -1 -1 -1 -1 -1 -1 -1
0.6776314973831177 0.5806870460510254 0.4278471767902374 -1 -1 -1 -1 -1 -1 -1 -1 -1
0.6840028166770935 0.5782670974731445 0.028964664787054062 -1 -1 -1 -1 -1 -1 -1 -1 -1
0.6732103824615479 0.5795209407806396 0.214186429977417 -1 -1 -1 -1 -1 -1 -1 -1 -1
0.6884794235229492 0.5711343884468079 0.04535277932882309 -1 -1 -1 -1 -1 -1 -1 -1 -1
0.6732142567634583 0.5796111226081848 0.21224689483642578 -1 -1 -1 -1 -1 -1 -1 -1 -1
0.6911922097206116 0.5725240707397461 0.05840536206960678 -1 -1 -1 -1 -1 -1 -1 -1 -1
0.6731588244438171 0.5752960443496704 0.20822277665138245 -1 -1 -1 -1 -1 -1 -1 -1 -1
0.6893177628517151 0.5655626654624939 0.06084197387099266 -1 -1 -1 -1 -1 -1 -1 -1 -1
0.6735042333602905 0.5757829546928406 0.17897120118141174 -1 -1 -1 -1 -1 -1 -1 -1 -1
0.6871999502182007 0.5647873282432556 0.06220000982284546 -1 -1 -1 -1 -1 -1 -1 -1 -1
0.6886245608329773 0.6848438382148743 0.9996929168701172 -1 -1 -1 -1 -1 -1 -1 -1 -1
0.6938881278038025 0.687772274017334 0.9990805387496948 -1 -1 -1 -1 -1 -1 -1 -1 -1
0.6321136355400085 0.6581544280052185 0.9555949568748474 -1 -1 -1 -1 -1 -1 -1 -1 -1
0.6675631403923035 0.6837698221206665 0.1983492523431778 -1 -1 -1 -1 -1 -1 -1 -1 -1
0.6227877140045166 0.8042365908622742 0.965965747833252 -1 -1 -1 -1 -1 -1 -1 -1 -1
0.6842219233512878 0.769873857498169 0.3874851167201996 -1 -1 -1 -1 -1 -1 -1 -1 -1
0.6261202692985535 0.8263704180717468 0.9537991285324097 -1 -1 -1 -1 -1 -1 -1 -1 -1
0.691809892654419 0.7837313413619995 0.5036526322364807 -1 -1 -1 -1 -1 -1 -1 -1 -1
0.5879576206207275 0.8070594072341919 0.9391804933547974 -1 -1 -1 -1 -1 -1 -1 -1 -1
0.6645186543464661 0.7937720417976379 0.4026821255683899 -1 -1 -1 -1 -1 -1 -1 -1 -1
1 
33 
-1 -1 -1 -1 -1 -1 -1 -1 -1 -1
0.5494972467422485 0.5982581973075867 0.9115700125694275 -1 -1 -1 -1 -1 -1 -1 -1 -1
0.5510932207107544 0.5874528288841248 0.772632896900177 -1 -1 -1 -1 -1 -1 -1 -1 -1
0.5528830885887146 0.5867176055908203 0.7636142373085022 -1 -1 -1 -1 -1 -1 -1 -1 -1
0.554658830165863 0.5860340595245361 0.7948440313339233 -1 -1 -1 -1 -1 -1 -1 -1 -1
0.5460988283157349 0.5892046093940735 0.6558479070663452 -1 -1 -1 -1 -1 -1 -1 -1 -1
0.5443082451820374 0.5897185206413269 0.5449165105819702 -1 -1 -1 -1 -1 -1 -1 -1 -1
0.5425170660018921 0.590219259262085 0.5288003087043762 -1 -1 -1 -1 -1 -1 -1 -1 -1
0.5575109124183655 0.5851203799247742 0.799985945224762 -1 -1 -1 -1 -1 -1 -1 -1 -1
0.5400046706199646 0.5912961363792419 0.3301321864128113 -1 -1 -1 -1 -1 -1 -1 -1 -1
0.5532329678535461 0.6050820350646973 0.9731631278991699 -1 -1 -1 -1 -1 -1 -1 -1 -1
0.5475996136665344 0.6072326898574829 0.8973259925842285 -1 -1 -1 -1 -1 -1 -1 -1 -1
0.5760143995285034 0.6098186373710632 0.9996001124382019 -1 -1 -1 -1 -1 -1 -1 -1 -1
0.5278339982032776 0.6284183263778687 0.980222761631012 -1 -1 -1 -1 -1 -1 -1 -1 -1
0.5986738204956055 0.6688380241394043 0.9642086029052734 -1 -1 -1 -1 -1 -1 -1 -1 -1
0.5361148715019226 0.7000344395637512 0.5401341319084167 -1 -1 -1 -1 -1 -1 -1 -1 -1
0.6081680059432983 0.7470443248748779 0.8730680346488953 -1 -1 -1 -1 -1 -1 -1 -1 -1
0.5440254807472229 0.7782089114189148 0.5422224998474121 -1 -1 -1 -1 -1 -1 -1 -1 -1
0.6148969531059265 0.7694919109344482 0.8000166416168213 -1 -1 -1 -1 -1 -1 -1 -1 -1
0.5412743091583252 0.8056077361106873 0.5011246204376221 -1 -1 -1 -1 -1 -1 -1 -1 -1
0.6098233461380005 0.7741244435310364 0.8018267750740051 -1 -1 -1 -1 -1 -1 -1 -1 -1
0.5466412305831909 0.8063632249832153 0.511036217212677 -1 -1 -1 -1 -1 -1 -1 -1 -1
0.6049084067344666 0.7678908109664917 0.7707969546318054 -1 -1 -1 -1 -1 -1 -1 -1 -1
0.5498058795928955 0.7928469777107239 0.5222033858299255 -1 -1 -1 -1 -1 -1 -1 -1 -1
0.5759236812591553 0.6932477355003357 0.999774158000946 -1 -1 -1 -1 -1 -1 -1 -1 -1
0.5464274287223816 0.7109047770500183 0.9975267052650452 -1 -1 -1 -1 -1 -1 -1 -1 -1
0.5904909372329712 0.7393914461135864 0.9880399107933044 -1 -1 -1 -1 -1 -1 -1 -1 -1
0.5556288361549377 0.7951488494873047 0.9117028713226318 -1 -1 -1 -1 -1 -1 -1 -1 -1
0.6028880476951599 0.8211939334869385 0.9688701033592224 -1 -1 -1 -1 -1 -1 -1 -1 -1
0.5744248628616333 0.8338867425918579 0.7977627515792847 -1 -1 -1 -1 -1 -1 -1 -1 -1
0.6006807684898376 0.8338838219642639 0.8415971398353577 -1 -1 -1 -1 -1 -1 -1 -1 -1
0.5801182985305786 0.8407620787620544 0.8227645754814148 -1 -1 -1 -1 -1 -1 -1 -1 -1
0.6198559403419495 0.8548547029495239 0.884070873260498 -1 -1 -1 -1 -1 -1 -1 -1 -1
0.5700129866600037 0.869876503944397 0.6014800071716309 -1 -1 -1 -1 -1 -1 -1 -1 -1
1 
33 
-1 -1 -1 -1 -1 -1 -1 -1 -1 -1
0.5919162034988403 0.6175941824913025 0.9997414946556091 -1 -1 -1 -1 -1 -1 -1 -1 -1
0.591755747795105 0.6122135519981384 0.9996217489242554 -1 -1 -1 -1 -1 -1 -1 -1 -1
0.5923042297363281 0.611396074295044 0.9995003938674927 -1 -1 -1 -1 -1 -1 -1 -1 -1
0.59285569190979 0.6106122732162476 0.9996222257614136 -1 -1 -1 -1 -1 -1 -1 -1 -1
0.5910309553146362 0.6130468845367432 0.9995492100715637 -1 -1 -1 -1 -1 -1 -1 -1 -1
0.5910024046897888 0.6128978729248047 0.999313235282898 -1 -1 -1 -1 -1 -1 -1 -1 -1
0.5909768342971802 0.6127709150314331 0.999377429485321 -1 -1 -1 -1 -1 -1 -1 -1 -1
0.5969569087028503 0.6067510843276978 0.9996703863143921 -1 -1 -1 -1 -1 -1 -1 -1 -1
0.5941514372825623 0.6096053719520569 0.9982665181159973 -1 -1 -1 -1 -1 -1 -1 -1 -1
0.5891056060791016 0.6222004890441895 0.9995055198669434 -1 -1 -1 -1 -1 -1 -1 -1 -1
0.5893794298171997 0.621674656867981 0.9990715980529785 -1 -1 -1 -1 -1 -1 -1 -1 -1
0.616959810256958 0.6148566007614136 0.9996298551559448 -1 -1 -1 -1 -1 -1 -1 -1 -1
0.6028607487678528 0.6309084892272949 0.9994938373565674 -1 -1 -1 -1 -1 -1 -1 -1 -1
0.6270933151245117 0.6496668457984924 0.8736860752105713 -1 -1 -1 -1 -1 -1 -1 -1 -1
0.6098588705062866 0.6615657806396484 0.5054434537887573 -1 -1 -1 -1 -1 -1 -1 -1 -1
0.6386056542396545 0.671879231929779 0.7231797575950623 -1 -1 -1 -1 -1 -1 -1 -1 -1
0.6181946992874146 0.6867218017578125 0.31400805711746216 -1 -1 -1 -1 -1 -1 -1 -1 -1
0.6434637308120728 0.676812469959259 0.604201078414917 -1 -1 -1 -1 -1 -1 -1 -1 -1
0.6210929155349731 0.6948479413986206 0.24221386015415192 -1 -1 -1 -1 -1 -1 -1 -1 -1
0.6418531537055969 0.6768410801887512 0.6081883311271667 -1 -1 -1 -1 -1 -1 -1 -1 -1
0.6208897829055786 0.6928650736808777 0.2527667284011841 -1 -1 -1 -1 -1 -1 -1 -1 -1
0.6392480134963989 0.675676703453064 0.5917686223983765 -1 -1 -1 -1 -1 -1 -1 -1 -1
0.6201993227005005 0.6890254020690918 0.26876509189605713 -1 -1 -1 -1 -1 -1 -1 -1 -1
0.6404338479042053 0.6723020672798157 0.999371349811554 -1 -1 -1 -1 -1 -1 -1 -1 -1
0.6320706009864807 0.6883411407470703 0.9996398687362671 -1 -1 -1 -1 -1 -1 -1 -1 -1
0.6499096155166626 0.6963927745819092 0.8936325311660767 -1 -1 -1 -1 -1 -1 -1 -1 -1
0.6548798084259033 0.7283661365509033 0.8688667416572571 -1 -1 -1 -1 -1 -1 -1 -1 -1
0.6570311784744263 0.7358274459838867 0.8162608742713928 -1 -1 -1 -1 -1 -1 -1 -1 -1
0.6726402044296265 0.7731366753578186 0.8716546893119812 -1 -1 -1 -1 -1 -1 -1 -1 -1
0.657415509223938 0.7411890029907227 0.811756432056427 -1 -1 -1 -1 -1 -1 -1 -1 -1
0.6772150993347168 0.779518723487854 0.915826678276062 -1 -1 -1 -1 -1 -1 -1 -1 -1
0.6617506146430969 0.7474949955940247 0.838154673576355 -1 -1 -1 -1 -1 -1 -1 -1 -1
0.6714195013046265 0.7919883131980896 0.7984248399734497 -1 -1 -1 -1 -1 -1 -1 -1 -1
1 
33 
-1 -1 -1 -1 -1 -1 -1 -1 -1 -1
0.5115364193916321 0.5691677927970886 0.9992737174034119 -1 -1 -1 -1 -1 -1 -1 -1 -1
0.5125699639320374 0.5621250867843628 0.9977607727050781 -1 -1 -1 -1 -1 -1 -1 -1 -1
0.5130437016487122 0.5620635151863098 0.9973241090774536 -1 -1 -1 -1 -1 -1 -1 -1 -1
0.5127092599868774 0.5741216540336609 0.9965816140174866 -1 -1 -1 -1 -1 -1 -1 -1 -1
0.5072953701019287 0.5784698724746704 0.9989331364631653 -1 -1 -1 -1 -1 -1 -1 -1 -1
0.5060176253318787 0.579463541507721 0.9987025260925293 -1 -1 -1 -1 -1 -1 -1 -1 -1
0.5047499537467957 0.5804424285888672 0.9987871050834656 -1 -1 -1 -1 -1 -1 -1 -1 -1
0.5139219760894775 0.5755295753479004 0.99769127368927 -1 -1 -1 -1 -1 -1 -1 -1 -1
0.5026324987411499 0.584470808506012 0.9996907711029053 -1 -1 -1 -1 -1 -1 -1 -1 -1
0.5139268636703491 0.5851911306381226 0.9976274371147156 -1 -1 -1 -1 -1 -1 -1 -1 -1
0.5096335411071777 0.5885865688323975 0.9989584684371948 -1 -1 -1 -1 -1 -1 -1 -1 -1
0.5275495648384094 0.5969679355621338 0.9163898825645447 -1 -1 -1 -1 -1 -1 -1 -1 -1
0.4952067732810974 0.603401780128479 0.9919077157974243 -1 -1 -1 -1 -1 -1 -1 -1 -1
0.5316373705863953 0.6031337976455688 0.3694148659706116 -1 -1 -1 -1 -1 -1 -1 -1 -1
0.4991387724876404 0.647674024105072 0.6185172200202942 -1 -1 -1 -1 -1 -1 -1 -1 -1
0.5131693482398987 0.5858842730522156 0.19135728478431702 -1 -1 -1 -1 -1 -1 -1 -1 -1
0.5040400624275208 0.6730766296386719 0.1817806512117386 -1 -1 -1 -1 -1 -1 -1 -1 -1
0.5079463720321655 0.5821352005004883 0.1379915028810501 -1 -1 -1 -1 -1 -1 -1 -1 -1
0.5055553913116455 0.6838873028755188 0.19461363554000854 -1 -1 -1 -1 -1 -1 -1 -1 -1
0.5086499452590942 0.57950758934021 0.15037834644317627 -1 -1 -1 -1 -1 -1 -1 -1 -1
0.5056238174438477 0.6808980107307434 0.24385105073451996 -1 -1 -1 -1 -1 -1 -1 -1 -1
0.5098028182983398 0.5814261436462402 0.17063382267951965 -1 -1 -1 -1 -1 -1 -1 -1 -1
0.5058162212371826 0.6767277121543884 0.24920105934143066 -1 -1 -1 -1 -1 -1 -1 -1 -1
0.5277584195137024 0.6701517105102539 0.07304965704679489 -1 -1 -1 -1 -1 -1 -1 -1 -1
0.5077632069587708 0.6771913766860962 0.1164538636803627 -1 -1 -1 -1 -1 -1 -1 -1 -1
0.5378276705741882 0.7231882214546204 0.048127029091119766 -1 -1 -1 -1 -1 -1 -1 -1 -1
0.5237299203872681 0.7307583093643188 0.024033239111304283 -1 -1 -1 -1 -1 -1 -1 -1 -1
0.5434810519218445 0.7693526744842529 0.0018983533373102546 -1 -1 -1 -1 -1 -1 -1 -1 -1
0.5317774415016174 0.7776414752006531 0.001355072483420372 -1 -1 -1 -1 -1 -1 -1 -1 -1
0.5434504747390747 0.7772701382637024 0.0015021561412140727 -1 -1 -1 -1 -1 -1 -1 -1 -1
0.533997118473053 0.7861268520355225 0.0014848390128463507 -1 -1 -1 -1 -1 -1 -1 -1 -1
0.5479983687400818 0.7863982915878296 0.004498565569519997 -1 -1 -1 -1 -1 -1 -1 -1 -1
0.5298370718955994 0.7954720258712769 0.007144635543227196 -1 -1 -1 -1 -1 -1 -1 -1 -1
1 
