12
1 
33 
-1 -1 -1 -1 -1 -1 -1 -1 -1 -1
0.5757629871368408 0.5514324307441711 0.9978208541870117 -1 -1 -1 -1 -1 -1 -1 -1 -1
0.5739779472351074 0.5575149059295654 0.9988436698913574 -1 -1 -1 -1 -1 -1 -1 -1 -1
0.5721470713615417 0.5574588179588318 0.9986100196838379 -1 -1 -1 -1 -1 -1 -1 -1 -1
0.5703229904174805 0.5573927164077759 0.9993878602981567 -1 -1 -1 -1 -1 -1 -1 -1 -1
0.5794861912727356 0.5585162043571472 0.9962418079376221 -1 -1 -1 -1 -1 -1 -1 -1 -1
0.5813632607460022 0.558902382850647 0.995093584060669 -1 -1 -1 -1 -1 -1 -1 -1 -1
0.5832349061965942 0.5592951774597168 0.9975046515464783 -1 -1 -1 -1 -1 -1 -1 -1 -1
0.5684767961502075 0.5559360384941101 0.9991445541381836 -1 -1 -1 -1 -1 -1 -1 -1 -1
0.587541937828064 0.5584841370582581 0.9929047226905823 -1 -1 -1 -1 -1 -1 -1 -1 -1
0.5725662112236023 0.5451297760009766 0.9992758631706238 -1 -1 -1 -1 -1 -1 -1 -1 -1
0.5788431763648987 0.5456400513648987 0.9968107342720032 -1 -1 -1 -1 -1 -1 -1 -1 -1
0.5518978238105774 0.5355792045593262 0.9998289346694946 -1 -1 -1 -1 -1 -1 -1 -1 -1
0.6020907163619995 0.546317458152771 0.9988300204277039 -1 -1 -1 -1 -1 -1 -1 -1 -1
0.5466827750205994 0.5107043981552124 0.5016975998878479 -1 -1 -1 -1 -1 -1 -1 -1 -1
0.6038609743118286 0.5772653818130493 0.8765983581542969 -1 -1 -1 -1 -1 -1 -1 -1 -1
0.5553375482559204 0.5202538371086121 0.5480802059173584 -1 -1 -1 -1 -1 -1 -1 -1 -1
0.5889409780502319 0.6376234889030457 0.9376000165939331 -1 -1 -1 -1 -1 -1 -1 -1 -1
0.5549936890602112 0.5195581912994385 0.5090640187263489 -1 -1 -1 -1 -1 -1 -1 -1 -1
0.5875333547592163 0.6530701518058777 0.9490770101547241 -1 -1 -1 -1 -1 -1 -1 -1 -1
0.5592529773712158 0.5269927978515625 0.4886200726032257 -1 -1 -1 -1 -1 -1 -1 -1 -1
0.5860004425048828 0.6558172702789307 0.9321147799491882 -1 -1 -1 -1 -1 -1 -1 -1 -1
0.5599182844161987 0.5272719264030457 0.4584813714027405 -1 -1 -1 -1 -1 -1 -1 -1 -1
0.5851536393165588 0.64992755651474 0.8846327662467957 -1 -1 -1 -1 -1 -1 -1 -1 -1
0.5622097253799438 0.4581972360610962 0.9999722242355347 -1 -1 -1 -1 -1 -1 -1 -1 -1
0.5948466658592224 0.4629971385002136 0.9999425411224365 -1 -1 -1 -1 -1 -1 -1 -1 -1
0.5590233206748962 0.4234728217124939 0.9894648790359497 -1 -1 -1 -1 -1 -1 -1 -1 -1
0.5918510556221008 0.4283430278301239 0.9790759086608887 -1 -1 -1 -1 -1 -1 -1 -1 -1
0.5533608198165894 0.34285837411880493 0.7880843877792358 -1 -1 -1 -1 -1 -1 -1 -1 -1
0.5812512040138245 0.3511384427547455 0.5200912952423096 -1 -1 -1 -1 -1 -1 -1 -1 -1
0.5568206906318665 0.3328264653682709 0.8885677456855774 -1 -1 -1 -1 -1 -1 -1 -1 -1
0.5787479877471924 0.34422436356544495 0.6747561693191528 -1 -1 -1 -1 -1 -1 -1 -1 -1
0.5530518293380737 0.3150036931037903 0.9265506863594055 -1 -1 -1 -1 -1 -1 -1 -1 -1
0.5756680369377136 0.31939977407455444 0.7409989833831787 -1 -1 -1 -1 -1 -1 -1 -1 -1
1 
33 
-1 -1 -1 -1 -1 -1 -1 -1 -1 -1
0.5452472567558289 0.5485964417457581 0.9999288320541382 -1 -1 -1 -1 -1 -1 -1 -1 -1
0.5422095060348511 0.5514993071556091 0.9999649524688721 -1 -1 -1 -1 -1 -1 -1 -1 -1
0.5417458415031433 0.5507017374038696 0.9999454021453857 -1 -1 -1 -1 -1 -1 -1 -1 -1
0.5412752032279968 0.5498544573783875 0.9999628067016602 -1 -1 -1 -1 -1 -1 -1 -1 -1
0.5435466766357422 0.5539835691452026 0.9999738931655884 -1 -1 -1 -1 -1 -1 -1 -1 -1
0.544015645980835 0.5549561977386475 0.9999587535858154 -1 -1 -1 -1 -1 -1 -1 -1 -1
0.5444958806037903 0.5559355616569519 0.9999669790267944 -1 -1 -1 -1 -1 -1 -1 -1 -1
0.541458785533905 0.5497354865074158 0.9999551773071289 -1 -1 -1 -1 -1 -1 -1 -1 -1
0.5468819737434387 0.5579492449760437 0.9999765157699585 -1 -1 -1 -1 -1 -1 -1 -1 -1
0.5473849773406982 0.5439925789833069 0.9999747276306152 -1 -1 -1 -1 -1 -1 -1 -1 -1
0.5485934615135193 0.5469618439674377 0.9999765157699585 -1 -1 -1 -1 -1 -1 -1 -1 -1
0.5447680354118347 0.52397620677948 0.9998499155044556 -1 -1 -1 -1 -1 -1 -1 -1 -1
0.5640512108802795 0.5549949407577515 0.9999042749404907 -1 -1 -1 -1 -1 -1 -1 -1 -1
0.5567001104354858 0.5008285045623779 0.8108797669410706 -1 -1 -1 -1 -1 -1 -1 -1 -1
0.588641881942749 0.5559231042861938 0.8914364576339722 -1 -1 -1 -1 -1 -1 -1 -1 -1
0.5703232884407043 0.5256633162498474 0.7128268480300903 -1 -1 -1 -1 -1 -1 -1 -1 -1
0.5961556434631348 0.5621435046195984 0.841853141784668 -1 -1 -1 -1 -1 -1 -1 -1 -1
0.5749483108520508 0.5284386873245239 0.5938456654548645 -1 -1 -1 -1 -1 -1 -1 -1 -1
0.6007784605026245 0.5623741745948792 0.7972923517227173 -1 -1 -1 -1 -1 -1 -1 -1 -1
0.5752148032188416 0.5347010493278503 0.5932735204696655 -1 -1 -1 -1 -1 -1 -1 -1 -1
0.5984013080596924 0.5613443851470947 0.7918785810470581 -1 -1 -1 -1 -1 -1 -1 -1 -1
0.5738151669502258 0.5349161624908447 0.541799783706665 -1 -1 -1 -1 -1 -1 -1 -1 -1
0.5966583490371704 0.5602466464042664 0.7800238132476807 -1 -1 -1 -1 -1 -1 -1 -1 -1
0.5684046745300293 0.44800007343292236 0.9999972581863403 -1 -1 -1 -1 -1 -1 -1 -1 -1
0.5790610909461975 0.4717123806476593 0.9999988079071045 -1 -1 -1 -1 -1 -1 -1 -1 -1
0.5791653394699097 0.3754349648952484 0.9787068367004395 -1 -1 -1 -1 -1 -1 -1 -1 -1
0.6042685508728027 0.4450712203979492 0.9798721671104431 -1 -1 -1 -1 -1 -1 -1 -1 -1
0.5985748767852783 0.4909054636955261 0.9729084372520447 -1 -1 -1 -1 -1 -1 -1 -1 -1
0.568916916847229 0.4342363774776459 0.9355222582817078 -1 -1 -1 -1 -1 -1 -1 -1 -1
0.6021481156349182 0.5146080255508423 0.9586344957351685 -1 -1 -1 -1 -1 -1 -1 -1 -1
0.5609728097915649 0.43523725867271423 0.8833847045898438 -1 -1 -1 -1 -1 -1 -1 -1 -1
0.6069222688674927 0.5109763741493225 0.9733389616012573 -1 -1 -1 -1 -1 -1 -1 -1 -1
0.5681495666503906 0.42168647050857544 0.9221780300140381 -1 -1 -1 -1 -1 -1 -1 -1 -1
1 
33 
-1 -1 -1 -1 -1 -1 -1 -1 -1 -1
0.5451160073280334 0.44150081276893616 0.9998546838760376 -1 -1 -1 -1 -1 -1 -1 -1 -1
0.5418200492858887 0.4521242380142212 0.999901533126831 -1 -1 -1 -1 -1 -1 -1 -1 -1
0.5419405698776245 0.45192989706993103 0.999841570854187 -1 -1 -1 -1 -1 -1 -1 -1 -1
0.5402191281318665 0.43822532892227173 0.999901533126831 -1 -1 -1 -1 -1 -1 -1 -1 -1
0.5446352958679199 0.44700857996940613 0.9997163414955139 -1 -1 -1 -1 -1 -1 -1 -1 -1
0.5456774234771729 0.4491538107395172 0.9993942975997925 -1 -1 -1 -1 -1 -1 -1 -1 -1
0.5467150211334229 0.4512610137462616 0.9995446801185608 -1 -1 -1 -1 -1 -1 -1 -1 -1
0.5415403246879578 0.4398344159126282 0.9997707009315491 -1 -1 -1 -1 -1 -1 -1 -1 -1
0.5513448715209961 0.45926669239997864 0.999365508556366 -1 -1 -1 -1 -1 -1 -1 -1 -1
0.548237681388855 0.443500816822052 0.999776303768158 -1 -1 -1 -1 -1 -1 -1 -1 -1
0.5502855181694031 0.44545209407806396 0.9997076392173767 -1 -1 -1 -1 -1 -1 -1 -1 -1
0.5480307340621948 0.42147085070610046 0.9997839331626892 -1 -1 -1 -1 -1 -1 -1 -1 -1
0.5746701955795288 0.4787011742591858 0.999171257019043 -1 -1 -1 -1 -1 -1 -1 -1 -1
0.5596408247947693 0.3603971004486084 0.9180519580841064 -1 -1 -1 -1 -1 -1 -1 -1 -1
0.5845853090286255 0.5186137557029724 0.9700643420219421 -1 -1 -1 -1 -1 -1 -1 -1 -1
0.5586236715316772 0.31605249643325806 0.9243348836898804 -1 -1 -1 -1 -1 -1 -1 -1 -1
0.5698889493942261 0.5605309009552002 0.9350244998931885 -1 -1 -1 -1 -1 -1 -1 -1 -1
0.5568421483039856 0.30080538988113403 0.8585067987442017 -1 -1 -1 -1 -1 -1 -1 -1 -1
0.5656642913818359 0.5733796954154968 0.850979745388031 -1 -1 -1 -1 -1 -1 -1 -1 -1
0.5582318305969238 0.301328182220459 0.8785222172737122 -1 -1 -1 -1 -1 -1 -1 -1 -1
0.5646796822547913 0.573976993560791 0.8517717719078064 -1 -1 -1 -1 -1 -1 -1 -1 -1
0.5600664615631104 0.3087557554244995 0.8585309386253357 -1 -1 -1 -1 -1 -1 -1 -1 -1
0.5661650896072388 0.5692845582962036 0.8549447655677795 -1 -1 -1 -1 -1 -1 -1 -1 -1
0.5724799036979675 0.3980739712715149 0.9999408721923828 -1 -1 -1 -1 -1 -1 -1 -1 -1
0.5940885543823242 0.4113902449607849 0.9999905824661255 -1 -1 -1 -1 -1 -1 -1 -1 -1
0.5627110004425049 0.36263787746429443 0.9086956977844238 -1 -1 -1 -1 -1 -1 -1 -1 -1
0.5953906774520874 0.37107378244400024 0.9683772921562195 -1 -1 -1 -1 -1 -1 -1 -1 -1
0.5499734282493591 0.3123721480369568 0.9439007043838501 -1 -1 -1 -1 -1 -1 -1 -1 -1
0.5780304074287415 0.2920916676521301 0.9558046460151672 -1 -1 -1 -1 -1 -1 -1 -1 -1
0.5481060147285461 0.3082429766654968 0.9008952975273132 -1 -1 -1 -1 -1 -1 -1 -1 -1
0.5732538104057312 0.2833399772644043 0.8753886818885803 -1 -1 -1 -1 -1 -1 -1 -1 -1
0.5474423766136169 0.28654298186302185 0.9423311352729797 -1 -1 -1 -1 -1 -1 -1 -1 -1
0.5747253894805908 0.26143401861190796 0.9415213465690613 -1 -1 -1 -1 -1 -1 -1 -1 -1
1 
33 
-1 -1 -1 -1 -1 -1 -1 -1 -1 -1
0.5204183459281921 0.5377658605575562 0.9984918832778931 -1 -1 -1 -1 -1 -1 -1 -1 -1
0.5182089805603027 0.5391733050346375 0.9974918365478516 -1 -1 -1 -1 -1 -1 -1 -1 -1
0.5177882313728333 0.5380933284759521 0.9966981410980225 -1 -1 -1 -1 -1 -1 -1 -1 -1
0.5173561573028564 0.5369625091552734 0.996704638004303 -1 -1 -1 -1 -1 -1 -1 -1 -1
0.5200611352920532 0.5433225035667419 0.997977077960968 -1 -1 -1 -1 -1 -1 -1 -1 -1
0.5207504034042358 0.5450149774551392 0.9974833130836487 -1 -1 -1 -1 -1 -1 -1 -1 -1
0.5214493274688721 0.5466976761817932 0.9981943964958191 -1 -1 -1 -1 -1 -1 -1 -1 -1
0.518774688243866 0.5372816324234009 0.9953262805938721 -1 -1 -1 -1 -1 -1 -1 -1 -1
0.5252423286437988 0.5515615344047546 0.9988333582878113 -1 -1 -1 -1 -1 -1 -1 -1 -1
0.5230804085731506 0.533413827419281 0.9984996318817139 -1 -1 -1 -1 -1 -1 -1 -1 -1
0.5249930024147034 0.5380018949508667 0.9994035959243774 -1 -1 -1 -1 -1 -1 -1 -1 -1
0.5231549143791199 0.5036633610725403 0.9993040561676025 -1 -1 -1 -1 -1 -1 -1 -1 -1
0.5504981875419617 0.558356761932373 0.9998118281364441 -1 -1 -1 -1 -1 -1 -1 -1 -1
0.5373936891555786 0.464412659406662 0.736988365650177 -1 -1 -1 -1 -1 -1 -1 -1 -1
0.5833078026771545 0.5677046775817871 0.9777791500091553 -1 -1 -1 -1 -1 -1 -1 -1 -1
0.5454902052879333 0.472896933555603 0.7363543510437012 -1 -1 -1 -1 -1 -1 -1 -1 -1
0.5990447402000427 0.54173743724823 0.960056483745575 -1 -1 -1 -1 -1 -1 -1 -1 -1
0.5484468936920166 0.4732820391654968 0.6195176839828491 -1 -1 -1 -1 -1 -1 -1 -1 -1
0.6046191453933716 0.5373843908309937 0.9103259444236755 -1 -1 -1 -1 -1 -1 -1 -1 -1
0.5469422936439514 0.4779823124408722 0.6171119809150696 -1 -1 -1 -1 -1 -1 -1 -1 -1
0.6014413237571716 0.5326512455940247 0.9083308577537537 -1 -1 -1 -1 -1 -1 -1 -1 -1
0.5470531582832336 0.47934117913246155 0.5461069345474243 -1 -1 -1 -1 -1 -1 -1 -1 -1
0.5991766452789307 0.5326318740844727 0.890190601348877 -1 -1 -1 -1 -1 -1 -1 -1 -1
0.5533470511436462 0.4468294680118561 0.999445378780365 -1 -1 -1 -1 -1 -1 -1 -1 -1
0.5778569579124451 0.4696027934551239 0.9996064305305481 -1 -1 -1 -1 -1 -1 -1 -1 -1
0.556989848613739 0.3440660834312439 0.9928138852119446 -1 -1 -1 -1 -1 -1 -1 -1 -1
0.6037611365318298 0.40809884667396545 0.9779611825942993 -1 -1 -1 -1 -1 -1 -1 -1 -1
0.5531601905822754 0.26710808277130127 0.9939185380935669 -1 -1 -1 -1 -1 -1 -1 -1 -1
0.5949960947036743 0.31415867805480957 0.9741089344024658 -1 -1 -1 -1 -1 -1 -1 -1 -1
0.5544375777244568 0.2551330327987671 0.958275556564331 -1 -1 -1 -1 -1 -1 -1 -1 -1
0.5893059968948364 0.30469822883605957 0.8657251000404358 -1 -1 -1 -1 -1 -1 -1 -1 -1
0.5488311648368835 0.22718580067157745 0.9894446730613708 -1 -1 -1 -1 -1 -1 -1 -1 -1
0.6009240746498108 0.2744137942790985 0.9479590058326721 -1 -1 -1 -1 -1 -1 -1 -1 -1
1 
33 
-1 -1 -1 -1 -1 -1 -1 -1 -1 -1
0.5293219089508057 0.568168044090271 0.9997065663337708 -1 -1 -1 -1 -1 -1 -1 -1 -1
0.5296767950057983 0.5753040313720703 0.9994649291038513 -1 -1 -1 -1 -1 -1 -1 -1 -1
0.5298016667366028 0.5754356980323792 0.99916672706604 -1 -1 -1 -1 -1 -1 -1 -1 -1
0.5299472212791443 0.5755183696746826 0.9994303584098816 -1 -1 -1 -1 -1 -1 -1 -1 -1
0.5307950973510742 0.5764514803886414 0.9997844099998474 -1 -1 -1 -1 -1 -1 -1 -1 -1
0.5318029522895813 0.5774648189544678 0.9996230602264404 -1 -1 -1 -1 -1 -1 -1 -1 -1
0.532846212387085 0.5784239172935486 0.9996559619903564 -1 -1 -1 -1 -1 -1 -1 -1 -1
0.5351132750511169 0.5801302790641785 0.9993979930877686 -1 -1 -1 -1 -1 -1 -1 -1 -1
0.5387745499610901 0.5837464332580566 0.9998759031295776 -1 -1 -1 -1 -1 -1 -1 -1 -1
0.5313676595687866 0.5632243752479553 0.9996577501296997 -1 -1 -1 -1 -1 -1 -1 -1 -1
0.5324466228485107 0.5647369027137756 0.9997828602790833 -1 -1 -1 -1 -1 -1 -1 -1 -1
0.5462254881858826 0.5263211131095886 0.9988064765930176 -1 -1 -1 -1 -1 -1 -1 -1 -1
0.5604108572006226 0.5648258924484253 0.9997895359992981 -1 -1 -1 -1 -1 -1 -1 -1 -1
0.5547710061073303 0.4930715560913086 0.07135289907455444 -1 -1 -1 -1 -1 -1 -1 -1 -1
0.5806916952133179 0.5697343945503235 0.9152601957321167 -1 -1 -1 -1 -1 -1 -1 -1 -1
0.5550709366798401 0.4706657826900482 0.10219932347536087 -1 -1 -1 -1 -1 -1 -1 -1 -1
0.5779690146446228 0.5653932094573975 0.8257940411567688 -1 -1 -1 -1 -1 -1 -1 -1 -1
0.5558989644050598 0.4631045460700989 0.12063600867986679 -1 -1 -1 -1 -1 -1 -1 -1 -1
0.5801595449447632 0.5637868642807007 0.7993899583816528 -1 -1 -1 -1 -1 -1 -1 -1 -1
0.5536230802536011 0.46662306785583496 0.13596497476100922 -1 -1 -1 -1 -1 -1 -1 -1 -1
0.5756422281265259 0.5649733543395996 0.8016244769096375 -1 -1 -1 -1 -1 -1 -1 -1 -1
0.5535054802894592 0.4697977900505066 0.1469826102256775 -1 -1 -1 -1 -1 -1 -1 -1 -1
0.5752580165863037 0.5656890273094177 0.7387862205505371 -1 -1 -1 -1 -1 -1 -1 -1 -1
0.5920642614364624 0.4764135181903839 0.9998025298118591 -1 -1 -1 -1 -1 -1 -1 -1 -1
0.6018076539039612 0.5006553530693054 0.9995869994163513 -1 -1 -1 -1 -1 -1 -1 -1 -1
0.5990644097328186 0.40602004528045654 0.9280089735984802 -1 -1 -1 -1 -1 -1 -1 -1 -1
0.602338969707489 0.4982624351978302 0.957801342010498 -1 -1 -1 -1 -1 -1 -1 -1 -1
0.6068909764289856 0.33058440685272217 0.9653851389884949 -1 -1 -1 -1 -1 -1 -1 -1 -1
0.6242640018463135 0.492143839597702 0.7143731117248535 -1 -1 -1 -1 -1 -1 -1 -1 -1
0.6134461164474487 0.3227640390396118 0.9512695670127869 -1 -1 -1 -1 -1 -1 -1 -1 -1
0.6269131302833557 0.49136611819267273 0.5787500143051147 -1 -1 -1 -1 -1 -1 -1 -1 -1
0.5958669185638428 0.29638978838920593 0.9376412034034729 -1 -1 -1 -1 -1 -1 -1 -1 -1
0.6331254839897156 0.4919546842575073 0.5967512130737305 -1 -1 -1 -1 -1 -1 -1 -1 -1
1 
33 
-1 -1 -1 -1 -1 -1 -1 -1 -1 -1
0.5755129456520081 0.47476571798324585 0.9999815225601196 -1 -1 -1 -1 -1 -1 -1 -1 -1
0.5754558444023132 0.4770742952823639 0.9999902248382568 -1 -1 -1 -1 -1 -1 -1 -1 -1
0.5753878355026245 0.47798311710357666 0.9999798536300659 -1 -1 -1 -1 -1 -1 -1 -1 -1
0.5753304362297058 0.47882893681526184 0.9999849796295166 -1 -1 -1 -1 -1 -1 -1 -1 -1
0.5757455229759216 0.4756627380847931 0.9999897480010986 -1 -1 -1 -1 -1 -1 -1 -1 -1
0.5759451985359192 0.47571778297424316 0.999982476234436 -1 -1 -1 -1 -1 -1 -1 -1 -1
0.5761281251907349 0.4757668077945709 0.9999896287918091 -1 -1 -1 -1 -1 -1 -1 -1 -1
0.577702522277832 0.4846099019050598 0.9999779462814331 -1 -1 -1 -1 -1 -1 -1 -1 -1
0.5787394046783447 0.47999048233032227 0.9999934434890747 -1 -1 -1 -1 -1 -1 -1 -1 -1
0.5769230723381042 0.47817546129226685 0.9999687671661377 -1 -1 -1 -1 -1 -1 -1 -1 -1
0.5770253539085388 0.4769974648952484 0.999977707862854 -1 -1 -1 -1 -1 -1 -1 -1 -1
0.580677330493927 0.4992492198944092 0.9988667964935303 -1 -1 -1 -1 -1 -1 -1 -1 -1
0.5873976349830627 0.4892116189002991 0.9981153011322021 -1 -1 -1 -1 -1 -1 -1 -1 -1
0.5646515488624573 0.5264732241630554 0.855181097984314 -1 -1 -1 -1 -1 -1 -1 -1 -1
0.5784268379211426 0.5346134305000305 0.9766388535499573 -1 -1 -1 -1 -1 -1 -1 -1 -1
0.5520962476730347 0.5585673451423645 0.8406182527542114 -1 -1 -1 -1 -1 -1 -1 -1 -1
0.5598965883255005 0.5778520703315735 0.9440737366676331 -1 -1 -1 -1 -1 -1 -1 -1 -1
0.551164984703064 0.5659323334693909 0.794685423374176 -1 -1 -1 -1 -1 -1 -1 -1 -1
0.5553802251815796 0.5853743553161621 0.9028417468070984 -1 -1 -1 -1 -1 -1 -1 -1 -1
0.5507703423500061 0.5657810568809509 0.7909365892410278 -1 -1 -1 -1 -1 -1 -1 -1 -1
0.5563926100730896 0.588100790977478 0.8931595683097839 -1 -1 -1 -1 -1 -1 -1 -1 -1
0.5500229001045227 0.5630989074707031 0.7503154873847961 -1 -1 -1 -1 -1 -1 -1 -1 -1
0.5577643513679504 0.5877290368080139 0.8646870255470276 -1 -1 -1 -1 -1 -1 -1 -1 -1
0.6050123572349548 0.45965877175331116 0.9999209642410278 -1 -1 -1 -1 -1 -1 -1 -1 -1
0.6043531894683838 0.4541170299053192 0.9998698234558105 -1 -1 -1 -1 -1 -1 -1 -1 -1
0.6008138060569763 0.4449434280395508 0.4911800026893616 -1 -1 -1 -1 -1 -1 -1 -1 -1
0.5809306502342224 0.4477359354496002 0.4760614335536957 -1 -1 -1 -1 -1 -1 -1 -1 -1
0.6088352203369141 0.4384174346923828 0.7352944612503052 -1 -1 -1 -1 -1 -1 -1 -1 -1
0.5589040517807007 0.4605621099472046 0.4399695098400116 -1 -1 -1 -1 -1 -1 -1 -1 -1
0.6118984818458557 0.43992364406585693 0.7888206839561462 -1 -1 -1 -1 -1 -1 -1 -1 -1
0.5566486716270447 0.46210718154907227 0.5155287981033325 -1 -1 -1 -1 -1 -1 -1 -1 -1
0.6030908226966858 0.4296678900718689 0.6986767053604126 -1 -1 -1 -1 -1 -1 -1 -1 -1
0.5507367253303528 0.46406543254852295 0.4541834890842438 -1 -1 -1 -1 -1 -1 -1 -1 -1
1 
33 
-1 -1 -1 -1 -1 -1 -1 -1 -1 -1
0.5948988199234009 0.5194482803344727 0.9790107011795044 -1 -1 -1 -1 -1 -1 -1 -1 -1
0.5928377509117126 0.5237013697624207 0.9881066083908081 -1 -1 -1 -1 -1 -1 -1 -1 -1
0.5923671126365662 0.5235856771469116 0.983665943145752 -1 -1 -1 -1 -1 -1 -1 -1 -1
0.5919073820114136 0.5234576463699341 0.9885087609291077 -1 -1 -1 -1 -1 -1 -1 -1 -1
0.5943524837493896 0.5247204303741455 0.9893552660942078 -1 -1 -1 -1 -1 -1 -1 -1 -1
0.5949355363845825 0.525312066078186 0.9858332872390747 -1 -1 -1 -1 -1 -1 -1 -1 -1
0.5955179333686829 0.5259190797805786 0.9880899786949158 -1 -1 -1 -1 -1 -1 -1 -1 -1
0.5930405259132385 0.5236101150512695 0.9769929647445679 -1 -1 -1 -1 -1 -1 -1 -1 -1
0.5982431173324585 0.5272006392478943 0.9783495664596558 -1 -1 -1 -1 -1 -1 -1 -1 -1
0.5963436961174011 0.5157192945480347 0.9730945229530334 -1 -1 -1 -1 -1 -1 -1 -1 -1
0.5980640053749084 0.5171136260032654 0.9804409742355347 -1 -1 -1 -1 -1 -1 -1 -1 -1
0.5964916944503784 0.5006394386291504 0.9946494698524475 -1 -1 -1 -1 -1 -1 -1 -1 -1
0.613404393196106 0.5231501460075378 0.9916700124740601 -1 -1 -1 -1 -1 -1 -1 -1 -1
0.6057790517807007 0.46839746832847595 0.3602316677570343 -1 -1 -1 -1 -1 -1 -1 -1 -1
0.6230968832969666 0.5114030241966248 0.28156155347824097 -1 -1 -1 -1 -1 -1 -1 -1 -1
0.6129958629608154 0.4839535653591156 0.4232507348060608 -1 -1 -1 -1 -1 -1 -1 -1 -1
0.6156278848648071 0.5128979682922363 0.27137672901153564 -1 -1 -1 -1 -1 -1 -1 -1 -1
0.6149886846542358 0.4884304404258728 0.32418376207351685 -1 -1 -1 -1 -1 -1 -1 -1 -1
0.614447832107544 0.5149438977241516 0.21841734647750854 -1 -1 -1 -1 -1 -1 -1 -1 -1
0.6138527393341064 0.4932123124599457 0.35076430439949036 -1 -1 -1 -1 -1 -1 -1 -1 -1
0.6135316491127014 0.5182110667228699 0.23860453069210052 -1 -1 -1 -1 -1 -1 -1 -1 -1
0.6130797266960144 0.4923654794692993 0.2654944658279419 -1 -1 -1 -1 -1 -1 -1 -1 -1
0.6138428449630737 0.5177170634269714 0.2024569809436798 -1 -1 -1 -1 -1 -1 -1 -1 -1
0.6218141913414001 0.4661644697189331 0.9963531494140625 -1 -1 -1 -1 -1 -1 -1 -1 -1
0.6293618083000183 0.4766988456249237 0.9967100620269775 -1 -1 -1 -1 -1 -1 -1 -1 -1
0.6085131168365479 0.46342942118644714 0.03189479932188988 -1 -1 -1 -1 -1 -1 -1 -1 -1
0.6113601922988892 0.47146743535995483 0.039575763046741486 -1 -1 -1 -1 -1 -1 -1 -1 -1
0.6117769479751587 0.4685743451118469 0.05983386188745499 -1 -1 -1 -1 -1 -1 -1 -1 -1
0.6198136806488037 0.48514536023139954 0.12899690866470337 -1 -1 -1 -1 -1 -1 -1 -1 -1
0.6115678548812866 0.4718564748764038 0.0696244165301323 -1 -1 -1 -1 -1 -1 -1 -1 -1
0.6209868788719177 0.4866131842136383 0.11015017330646515 -1 -1 -1 -1 -1 -1 -1 -1 -1
0.6171482801437378 0.46647515892982483 0.06997722387313843 -1 -1 -1 -1 -1 -1 -1 -1 -1
0.6253650784492493 0.49259695410728455 0.1147124320268631 -1 -1 -1 -1 -1 -1 -1 -1 -1
1 
33 
-1 -1 -1 -1 -1 -1 -1 -1 -1 -1
0.5754500031471252 0.5383502840995789 0.9849836230278015 -1 -1 -1 -1 -1 -1 -1 -1 -1
0.5730620622634888 0.5368553996086121 0.9908245801925659 -1 -1 -1 -1 -1 -1 -1 -1 -1
0.5729438066482544 0.5363075137138367 0.9917962551116943 -1 -1 -1 -1 -1 -1 -1 -1 -1
0.5728433132171631 0.5357422828674316 0.9931755661964417 -1 -1 -1 -1 -1 -1 -1 -1 -1
0.5732253789901733 0.5372419357299805 0.9831488132476807 -1 -1 -1 -1 -1 -1 -1 -1 -1
0.5732582807540894 0.5369939208030701 0.9833549857139587 -1 -1 -1 -1 -1 -1 -1 -1 -1
0.5732909440994263 0.5367359519004822 0.9868748784065247 -1 -1 -1 -1 -1 -1 -1 -1 -1
0.5730863809585571 0.5320627093315125 0.9914767146110535 -1 -1 -1 -1 -1 -1 -1 -1 -1
0.5739179849624634 0.5336187481880188 0.9858202934265137 -1 -1 -1 -1 -1 -1 -1 -1 -1
0.5776253938674927 0.5364314317703247 0.9884850978851318 -1 -1 -1 -1 -1 -1 -1 -1 -1
0.5776742696762085 0.5365484952926636 0.9885927438735962 -1 -1 -1 -1 -1 -1 -1 -1 -1
0.5829201936721802 0.5236040353775024 0.9983514547348022 -1 -1 -1 -1 -1 -1 -1 -1 -1
0.5858855247497559 0.5304005146026611 0.9990870952606201 -1 -1 -1 -1 -1 -1 -1 -1 -1
0.6012999415397644 0.5120658874511719 0.8359610438346863 -1 -1 -1 -1 -1 -1 -1 -1 -1
0.6061925888061523 0.534817636013031 0.48369091749191284 -1 -1 -1 -1 -1 -1 -1 -1 -1
0.6054791212081909 0.522122323513031 0.8316699862480164 -1 -1 -1 -1 -1 -1 -1 -1 -1
0.6125511527061462 0.5556889772415161 0.7290616631507874 -1 -1 -1 -1 -1 -1 -1 -1 -1
0.6062747240066528 0.5234003067016602 0.7618114948272705 -1 -1 -1 -1 -1 -1 -1 -1 -1
0.6136156916618347 0.560653805732727 0.7182491421699524 -1 -1 -1 -1 -1 -1 -1 -1 -1
0.6040765047073364 0.5253570675849915 0.7539585828781128 -1 -1 -1 -1 -1 -1 -1 -1 -1
0.6132245659828186 0.5649306774139404 0.7358649969100952 -1 -1 -1 -1 -1 -1 -1 -1 -1
0.6038112640380859 0.5256202816963196 0.6711528301239014 -1 -1 -1 -1 -1 -1 -1 -1 -1
0.6129664182662964 0.563282310962677 0.7044438123703003 -1 -1 -1 -1 -1 -1 -1 -1 -1
0.6146738529205322 0.4808565676212311 0.9989101886749268 -1 -1 -1 -1 -1 -1 -1 -1 -1
0.6134756803512573 0.47619718313217163 0.9998433589935303 -1 -1 -1 -1 -1 -1 -1 -1 -1
0.6227096319198608 0.4970162510871887 0.9090991616249084 -1 -1 -1 -1 -1 -1 -1 -1 -1
0.6142915487289429 0.4270354211330414 0.891232967376709 -1 -1 -1 -1 -1 -1 -1 -1 -1
0.6363049745559692 0.49875548481941223 0.8275395631790161 -1 -1 -1 -1 -1 -1 -1 -1 -1
0.6212509870529175 0.37129855155944824 0.9033418893814087 -1 -1 -1 -1 -1 -1 -1 -1 -1
0.6371751427650452 0.5012495517730713 0.8220930695533752 -1 -1 -1 -1 -1 -1 -1 -1 -1
0.6224475502967834 0.36419397592544556 0.8875579237937927 -1 -1 -1 -1 -1 -1 -1 -1 -1
0.6410320997238159 0.49612897634506226 0.7550070285797119 -1 -1 -1 -1 -1 -1 -1 -1 -1
0.6218330264091492 0.35335928201675415 0.8378738760948181 -1 -1 -1 -1 -1 -1 -1 -1 -1
1 
33 
-1 -1 -1 -1 -1 -1 -1 -1 -1 -1
0.6110045313835144 0.5538399815559387 0.9992179870605469 -1 -1 -1 -1 -1 -1 -1 -1 -1
0.6093692183494568 0.5595337748527527 0.999646782875061 -1 -1 -1 -1 -1 -1 -1 -1 -1
0.608594536781311 0.5594927072525024 0.9993701577186584 -1 -1 -1 -1 -1 -1 -1 -1 -1
0.6078210473060608 0.5594180226325989 0.999415397644043 -1 -1 -1 -1 -1 -1 -1 -1 -1
0.6116143465042114 0.5597115755081177 0.9994567036628723 -1 -1 -1 -1 -1 -1 -1 -1 -1
0.6124361753463745 0.5598283410072327 0.9992035031318665 -1 -1 -1 -1 -1 -1 -1 -1 -1
0.6132622957229614 0.5599501729011536 0.9991990923881531 -1 -1 -1 -1 -1 -1 -1 -1 -1
0.6071382164955139 0.5567578077316284 0.999586284160614 -1 -1 -1 -1 -1 -1 -1 -1 -1
0.6149412989616394 0.5576449036598206 0.9993355870246887 -1 -1 -1 -1 -1 -1 -1 -1 -1
0.6102771162986755 0.5474830865859985 0.9998608827590942 -1 -1 -1 -1 -1 -1 -1 -1 -1
0.6129654049873352 0.5475106239318848 0.999825656414032 -1 -1 -1 -1 -1 -1 -1 -1 -1
0.6027073860168457 0.5166820883750916 0.9999217987060547 -1 -1 -1 -1 -1 -1 -1 -1 -1
0.6250240802764893 0.5398370623588562 0.9994893074035645 -1 -1 -1 -1 -1 -1 -1 -1 -1
0.6044259071350098 0.4754577875137329 0.8416315913200378 -1 -1 -1 -1 -1 -1 -1 -1 -1
0.6364895105361938 0.5463244915008545 0.8701730370521545 -1 -1 -1 -1 -1 -1 -1 -1 -1
0.6172595620155334 0.4945334196090698 0.8921328186988831 -1 -1 -1 -1 -1 -1 -1 -1 -1
0.6346947550773621 0.5723046064376831 0.9162166714668274 -1 -1 -1 -1 -1 -1 -1 -1 -1
0.6212309002876282 0.49681586027145386 0.8312610983848572 -1 -1 -1 -1 -1 -1 -1 -1 -1
0.6354904770851135 0.5811883211135864 0.8836367130279541 -1 -1 -1 -1 -1 -1 -1 -1 -1
0.6215285062789917 0.5059266686439514 0.8140430450439453 -1 -1 -1 -1 -1 -1 -1 -1 -1
0.6343144774436951 0.5813414454460144 0.8723729848861694 -1 -1 -1 -1 -1 -1 -1 -1 -1
0.6203595399856567 0.505285382270813 0.7461039423942566 -1 -1 -1 -1 -1 -1 -1 -1 -1
0.6337512135505676 0.5767840147018433 0.8492459058761597 -1 -1 -1 -1 -1 -1 -1 -1 -1
0.6289126873016357 0.4454607367515564 0.9999176263809204 -1 -1 -1 -1 -1 -1 -1 -1 -1
0.6419125199317932 0.4666212201118469 0.999685525894165 -1 -1 -1 -1 -1 -1 -1 -1 -1
0.6048657894134521 0.4171910285949707 0.9201687574386597 -1 -1 -1 -1 -1 -1 -1 -1 -1
0.6453608870506287 0.5039670467376709 0.7826895117759705 -1 -1 -1 -1 -1 -1 -1 -1 -1
0.6205571293830872 0.40465083718299866 0.5290690064430237 -1 -1 -1 -1 -1 -1 -1 -1 -1
0.6319474577903748 0.5495642423629761 0.5393425226211548 -1 -1 -1 -1 -1 -1 -1 -1 -1
0.6240664124488831 0.4064120054244995 0.6645520925521851 -1 -1 -1 -1 -1 -1 -1 -1 -1
0.6311548352241516 0.5523859262466431 0.6899038553237915 -1 -1 -1 -1 -1 -1 -1 -1 -1
0.6211786866188049 0.3946859836578369 0.49435657262802124 -1 -1 -1 -1 -1 -1 -1 -1 -1
0.6278957724571228 0.5749617218971252 0.6134525537490845 -1 -1 -1 -1 -1 -1 -1 -1 -1
1 
33 
-1 -1 -1 -1 -1 -1 -1 -1 -1 -1
0.6069783568382263 0.5388708710670471 0.9996645450592041 -1 -1 -1 -1 -1 -1 -1 -1 -1
0.6054554581642151 0.5434116721153259 0.9998043179512024 -1 -1 -1 -1 -1 -1 -1 -1 -1
0.6052615642547607 0.5434064269065857 0.9997312426567078 -1 -1 -1 -1 -1 -1 -1 -1 -1
0.6050697565078735 0.5433729887008667 0.9997770190238953 -1 -1 -1 -1 -1 -1 -1 -1 -1
0.6061752438545227 0.5437114238739014 0.9997504353523254 -1 -1 -1 -1 -1 -1 -1 -1 -1
0.6064594388008118 0.5439020991325378 0.9997205138206482 -1 -1 -1 -1 -1 -1 -1 -1 -1
0.6067432165145874 0.5440953969955444 0.9997097849845886 -1 -1 -1 -1 -1 -1 -1 -1 -1
0.6055243015289307 0.5420294404029846 0.9997888207435608 -1 -1 -1 -1 -1 -1 -1 -1 -1
0.608112633228302 0.5431941747665405 0.9997071623802185 -1 -1 -1 -1 -1 -1 -1 -1 -1
0.6080829501152039 0.5345045328140259 0.9997702240943909 -1 -1 -1 -1 -1 -1 -1 -1 -1
0.6088935732841492 0.5347357392311096 0.9997782111167908 -1 -1 -1 -1 -1 -1 -1 -1 -1
0.6073822379112244 0.5143834352493286 0.9998952150344849 -1 -1 -1 -1 -1 -1 -1 -1 -1
0.6167110204696655 0.5293573141098022 0.999478280544281 -1 -1 -1 -1 -1 -1 -1 -1 -1
0.6098792552947998 0.4869879484176636 0.6187762022018433 -1 -1 -1 -1 -1 -1 -1 -1 -1
0.6276572346687317 0.5376808643341064 0.8452100157737732 -1 -1 -1 -1 -1 -1 -1 -1 -1
0.6156788468360901 0.49550536274909973 0.5284656286239624 -1 -1 -1 -1 -1 -1 -1 -1 -1
0.6286450624465942 0.5548800230026245 0.8018618226051331 -1 -1 -1 -1 -1 -1 -1 -1 -1
0.6171301603317261 0.4971085488796234 0.43181803822517395 -1 -1 -1 -1 -1 -1 -1 -1 -1
0.6290604472160339 0.5597414970397949 0.7394974231719971 -1 -1 -1 -1 -1 -1 -1 -1 -1
0.6169648766517639 0.5007137656211853 0.4215176999568939 -1 -1 -1 -1 -1 -1 -1 -1 -1
0.6294105052947998 0.5610419511795044 0.740707278251648 -1 -1 -1 -1 -1 -1 -1 -1 -1
0.6165077686309814 0.5006493330001831 0.38286125659942627 -1 -1 -1 -1 -1 -1 -1 -1 -1
0.6295475959777832 0.5589638948440552 0.6954218149185181 -1 -1 -1 -1 -1 -1 -1 -1 -1
0.6285223364830017 0.45655539631843567 0.9999401569366455 -1 -1 -1 -1 -1 -1 -1 -1 -1
0.6316623687744141 0.47053882479667664 0.9998146891593933 -1 -1 -1 -1 -1 -1 -1 -1 -1
0.6250072717666626 0.46167606115341187 0.805259108543396 -1 -1 -1 -1 -1 -1 -1 -1 -1
0.6250427961349487 0.5152003169059753 0.64411860704422 -1 -1 -1 -1 -1 -1 -1 -1 -1
0.6378442049026489 0.4731401801109314 0.47243666648864746 -1 -1 -1 -1 -1 -1 -1 -1 -1
0.627202570438385 0.5450884103775024 0.7045806646347046 -1 -1 -1 -1 -1 -1 -1 -1 -1
0.639209508895874 0.47594234347343445 0.4714307188987732 -1 -1 -1 -1 -1 -1 -1 -1 -1
0.6280984878540039 0.5457172989845276 0.7413130402565002 -1 -1 -1 -1 -1 -1 -1 -1 -1
0.6417925953865051 0.47886431217193604 0.5608167052268982 -1 -1 -1 -1 -1 -1 -1 -1 -1
0.6258940100669861 0.5628795027732849 0.7816891670227051 -1 -1 -1 -1 -1 -1 -1 -1 -1
1 
33 
-1 -1 -1 -1 -1 -1 -1 -1 -1 -1
0.5862947702407837 0.5766348838806152 0.9953317046165466 -1 -1 -1 -1 -1 -1 -1 -1 -1
0.5823177695274353 0.5742400288581848 0.9943628311157227 -1 -1 -1 -1 -1 -1 -1 -1 -1
0.5819153785705566 0.5725080370903015 0.9948293566703796 -1 -1 -1 -1 -1 -1 -1 -1 -1
0.5815215110778809 0.5707628130912781 0.9959329962730408 -1 -1 -1 -1 -1 -1 -1 -1 -1
0.5829800367355347 0.5767643451690674 0.9928961396217346 -1 -1 -1 -1 -1 -1 -1 -1 -1
0.5832281708717346 0.5771695375442505 0.9918515086174011 -1 -1 -1 -1 -1 -1 -1 -1 -1
0.5834699869155884 0.5775579810142517 0.9922372698783875 -1 -1 -1 -1 -1 -1 -1 -1 -1
0.5817639827728271 0.561960756778717 0.9962092638015747 -1 -1 -1 -1 -1 -1 -1 -1 -1
0.5842490792274475 0.5708337426185608 0.9913533329963684 -1 -1 -1 -1 -1 -1 -1 -1 -1
0.5886958241462708 0.5699577927589417 0.9961054921150208 -1 -1 -1 -1 -1 -1 -1 -1 -1
0.589842677116394 0.5735571384429932 0.9925777316093445 -1 -1 -1 -1 -1 -1 -1 -1 -1
0.5944527387619019 0.5400417447090149 0.9990791082382202 -1 -1 -1 -1 -1 -1 -1 -1 -1
0.5984500050544739 0.5583133697509766 0.9959850311279297 -1 -1 -1 -1 -1 -1 -1 -1 -1
0.6164188385009766 0.5142250061035156 0.8956171274185181 -1 -1 -1 -1 -1 -1 -1 -1 -1
0.6186791062355042 0.5466618537902832 0.12560820579528809 -1 -1 -1 -1 -1 -1 -1 -1 -1
0.6299008131027222 0.5350479483604431 0.8740211129188538 -1 -1 -1 -1 -1 -1 -1 -1 -1
0.6269872784614563 0.5583903789520264 0.19450369477272034 -1 -1 -1 -1 -1 -1 -1 -1 -1
0.6337227821350098 0.5371161699295044 0.8258352279663086 -1 -1 -1 -1 -1 -1 -1 -1 -1
0.6297345757484436 0.5600090026855469 0.20924991369247437 -1 -1 -1 -1 -1 -1 -1 -1 -1
0.6314697265625 0.5433350205421448 0.8315685987472534 -1 -1 -1 -1 -1 -1 -1 -1 -1
0.6291339993476868 0.564458966255188 0.22324208915233612 -1 -1 -1 -1 -1 -1 -1 -1 -1
0.630217432975769 0.5424955487251282 0.7802050709724426 -1 -1 -1 -1 -1 -1 -1 -1 -1
0.6284767985343933 0.5633106231689453 0.22305211424827576 -1 -1 -1 -1 -1 -1 -1 -1 -1
0.632232129573822 0.49523475766181946 0.970738410949707 -1 -1 -1 -1 -1 -1 -1 -1 -1
0.6330811977386475 0.5060878992080688 0.9828231930732727 -1 -1 -1 -1 -1 -1 -1 -1 -1
0.6330993175506592 0.5525103807449341 0.8227948546409607 -1 -1 -1 -1 -1 -1 -1 -1 -1
0.6347964406013489 0.5579671263694763 0.5016539096832275 -1 -1 -1 -1 -1 -1 -1 -1 -1
0.6476837396621704 0.5519835352897644 0.6823827624320984 -1 -1 -1 -1 -1 -1 -1 -1 -1
0.6444905996322632 0.5349878668785095 0.3389407992362976 -1 -1 -1 -1 -1 -1 -1 -1 -1
0.6500135660171509 0.5477122664451599 0.6645504236221313 -1 -1 -1 -1 -1 -1 -1 -1 -1
0.6450051665306091 0.5295907855033875 0.43149954080581665 -1 -1 -1 -1 -1 -1 -1 -1 -1
0.6493781208992004 0.5648252964019775 0.6246885061264038 -1 -1 -1 -1 -1 -1 -1 -1 -1
0.6502110958099365 0.5428791046142578 0.37944546341896057 -1 -1 -1 -1 -1 -1 -1 -1 -1
1 
33 
-1 -1 -1 -1 -1 -1 -1 -1 -1 -1
0.6164559125900269 0.4991154670715332 1.0 -1 -1 -1 -1 -1 -1 -1 -1 -1
0.6187078356742859 0.5015867948532104 1.0 -1 -1 -1 -1 -1 -1 -1 -1 -1
0.6167213916778564 0.5023800730705261 1.0 -1 -1 -1 -1 -1 -1 -1 -1 -1
0.6207571029663086 0.48570990562438965 1.0 -1 -1 -1 -1 -1 -1 -1 -1 -1
0.6259236335754395 0.4891047477722168 1.0 -1 -1 -1 -1 -1 -1 -1 -1 -1
0.6268621683120728 0.48889726400375366 1.0 -1 -1 -1 -1 -1 -1 -1 -1 -1
0.6283180117607117 0.4884324371814728 1.0 -1 -1 -1 -1 -1 -1 -1 -1 -1
0.619431734085083 0.4646468460559845 1.0 -1 -1 -1 -1 -1 -1 -1 -1 -1
0.6287596225738525 0.4662422835826874 1.0 -1 -1 -1 -1 -1 -1 -1 -1 -1
0.618334174156189 0.4901043176651001 1.0 -1 -1 -1 -1 -1 -1 -1 -1 -1
0.6151970028877258 0.4903477132320404 1.0 -1 -1 -1 -1 -1 -1 -1 -1 -1
0.6021543145179749 0.4854549169540405 1.0 -1 -1 -1 -1 -1 -1 -1 -1 -1
0.6288286447525024 0.46223869919776917 1.0 -1 -1 -1 -1 -1 -1 -1 -1 -1
0.6124762296676636 0.5032951235771179 0.9964890480041504 -1 -1 -1 -1 -1 -1 -1 -1 -1
0.6165721416473389 0.4764430820941925 0.9999964237213135 -1 -1 -1 -1 -1 -1 -1 -1 -1
0.6184514164924622 0.47400107979774475 0.34161752462387085 -1 -1 -1 -1 -1 -1 -1 -1 -1
0.6138302087783813 0.48027950525283813 0.9462946653366089 -1 -1 -1 -1 -1 -1 -1 -1 -1
0.6242636442184448 0.47980061173439026 0.4944760501384735 -1 -1 -1 -1 -1 -1 -1 -1 -1
0.6248893737792969 0.48029792308807373 0.8025744557380676 -1 -1 -1 -1 -1 -1 -1 -1 -1
0.6378431916236877 0.45072802901268005 0.49091657996177673 -1 -1 -1 -1 -1 -1 -1 -1 -1
0.6239291429519653 0.47213515639305115 0.7861474752426147 -1 -1 -1 -1 -1 -1 -1 -1 -1
0.6355928182601929 0.45251861214637756 0.1454848349094391 -1 -1 -1 -1 -1 -1 -1 -1 -1
0.6166591048240662 0.4748215973377228 0.5912692546844482 -1 -1 -1 -1 -1 -1 -1 -1 -1
0.6473188996315002 0.5365957021713257 0.9967472553253174 -1 -1 -1 -1 -1 -1 -1 -1 -1
0.6517492532730103 0.5321618914604187 0.9986045956611633 -1 -1 -1 -1 -1 -1 -1 -1 -1
0.6614347696304321 0.5436955690383911 0.9999985694885254 -1 -1 -1 -1 -1 -1 -1 -1 -1
0.676529586315155 0.49929338693618774 0.999997615814209 -1 -1 -1 -1 -1 -1 -1 -1 -1
0.6722235679626465 0.54454106092453 0.9996219873428345 -1 -1 -1 -1 -1 -1 -1 -1 -1
0.660953938961029 0.5731643438339233 0.9999654293060303 -1 -1 -1 -1 -1 -1 -1 -1 -1
0.6721605658531189 0.5549510717391968 0.999572217464447 -1 -1 -1 -1 -1 -1 -1 -1 -1
0.6525482535362244 0.5925805568695068 0.9999943971633911 -1 -1 -1 -1 -1 -1 -1 -1 -1
0.6823965311050415 0.5346660614013672 0.99979168176651 -1 -1 -1 -1 -1 -1 -1 -1 -1
0.6829159259796143 0.5753021240234375 0.9999990463256836 -1 -1 -1 -1 -1 -1 -1 -1 -1
1 
