32
1 
33 
-1 -1 -1 -1 -1 -1 -1 -1 -1 -1
0.5382832288742065 0.37841737270355225 0.9940117001533508 -1 -1 -1 -1 -1 -1 -1 -1 -1
0.5375440120697021 0.372664213180542 0.9934222102165222 -1 -1 -1 -1 -1 -1 -1 -1 -1
0.5374500155448914 0.3725802004337311 0.9890733361244202 -1 -1 -1 -1 -1 -1 -1 -1 -1
0.5372797250747681 0.372342586517334 0.9933692812919617 -1 -1 -1 -1 -1 -1 -1 -1 -1
0.5363678336143494 0.3723180592060089 0.9949559569358826 -1 -1 -1 -1 -1 -1 -1 -1 -1
0.5354488492012024 0.3720744252204895 0.9933759570121765 -1 -1 -1 -1 -1 -1 -1 -1 -1
0.5344295501708984 0.3717050552368164 0.9950816631317139 -1 -1 -1 -1 -1 -1 -1 -1 -1
0.530829131603241 0.3744966983795166 0.9871086478233337 -1 -1 -1 -1 -1 -1 -1 -1 -1
0.5281587839126587 0.3742632269859314 0.9912537932395935 -1 -1 -1 -1 -1 -1 -1 -1 -1
0.5365983247756958 0.3852369487285614 0.9898792505264282 -1 -1 -1 -1 -1 -1 -1 -1 -1
0.5353387594223022 0.3845718502998352 0.9901144504547119 -1 -1 -1 -1 -1 -1 -1 -1 -1
0.5184958577156067 0.40818989276885986 0.9917780160903931 -1 -1 -1 -1 -1 -1 -1 -1 -1
0.5180842280387878 0.40771204233169556 0.9969690442085266 -1 -1 -1 -1 -1 -1 -1 -1 -1
0.5234310626983643 0.3534542918205261 0.15629680454730988 -1 -1 -1 -1 -1 -1 -1 -1 -1
0.5272228717803955 0.3534683585166931 0.9860007166862488 -1 -1 -1 -1 -1 -1 -1 -1 -1
0.5306525230407715 0.3063981235027313 0.46110212802886963 -1 -1 -1 -1 -1 -1 -1 -1 -1
0.5312302112579346 0.30246058106422424 0.9819074273109436 -1 -1 -1 -1 -1 -1 -1 -1 -1
0.5301517248153687 0.288472980260849 0.48869261145591736 -1 -1 -1 -1 -1 -1 -1 -1 -1
0.534774661064148 0.28957340121269226 0.9725382328033447 -1 -1 -1 -1 -1 -1 -1 -1 -1
0.5319413542747498 0.29258090257644653 0.4889393448829651 -1 -1 -1 -1 -1 -1 -1 -1 -1
0.5329751372337341 0.2882196307182312 0.9670345783233643 -1 -1 -1 -1 -1 -1 -1 -1 -1
0.531175434589386 0.2963681221008301 0.5022308826446533 -1 -1 -1 -1 -1 -1 -1 -1 -1
0.5309467315673828 0.2933536469936371 0.9487668871879578 -1 -1 -1 -1 -1 -1 -1 -1 -1
0.5226274132728577 0.5483486652374268 0.9977298378944397 -1 -1 -1 -1 -1 -1 -1 -1 -1
0.5152724385261536 0.5460047125816345 0.9969857335090637 -1 -1 -1 -1 -1 -1 -1 -1 -1
0.5181394219398499 0.6310852766036987 0.17586968839168549 -1 -1 -1 -1 -1 -1 -1 -1 -1
0.5114592909812927 0.6334562301635742 0.8464994430541992 -1 -1 -1 -1 -1 -1 -1 -1 -1
0.5087704658508301 0.7262599468231201 0.27238035202026367 -1 -1 -1 -1 -1 -1 -1 -1 -1
0.5052956342697144 0.7281427979469299 0.9032524228096008 -1 -1 -1 -1 -1 -1 -1 -1 -1
0.5003318786621094 0.7420274615287781 0.4877268970012665 -1 -1 -1 -1 -1 -1 -1 -1 -1
0.4968387186527252 0.7451087832450867 0.9441347718238831 -1 -1 -1 -1 -1 -1 -1 -1 -1
0.5277853608131409 0.7438490986824036 0.38847243785858154 -1 -1 -1 -1 -1 -1 -1 -1 -1
0.5224542021751404 0.7506605386734009 0.874114990234375 -1 -1 -1 -1 -1 -1 -1 -1 -1
1 
33 
-1 -1 -1 -1 -1 -1 -1 -1 -1 -1
0.5393584370613098 0.3814752399921417 0.9899742007255554 -1 -1 -1 -1 -1 -1 -1 -1 -1
0.5376508831977844 0.37484002113342285 0.9889804124832153 -1 -1 -1 -1 -1 -1 -1 -1 -1
0.5372256636619568 0.3746761083602905 0.9817569851875305 -1 -1 -1 -1 -1 -1 -1 -1 -1
0.5366930961608887 0.3743537962436676 0.9888424873352051 -1 -1 -1 -1 -1 -1 -1 -1 -1
0.5367404818534851 0.37448179721832275 0.9916285276412964 -1 -1 -1 -1 -1 -1 -1 -1 -1
0.5357134938240051 0.3741241991519928 0.9889212846755981 -1 -1 -1 -1 -1 -1 -1 -1 -1
0.5345586538314819 0.3736191391944885 0.9916708469390869 -1 -1 -1 -1 -1 -1 -1 -1 -1
0.5281233787536621 0.37665584683418274 0.9777045249938965 -1 -1 -1 -1 -1 -1 -1 -1 -1
0.5269920229911804 0.3765921890735626 0.9842481017112732 -1 -1 -1 -1 -1 -1 -1 -1 -1
0.5366550087928772 0.3895789682865143 0.9841924905776978 -1 -1 -1 -1 -1 -1 -1 -1 -1
0.5357615947723389 0.3889542818069458 0.9834761619567871 -1 -1 -1 -1 -1 -1 -1 -1 -1
0.5152105689048767 0.40899455547332764 0.9889582395553589 -1 -1 -1 -1 -1 -1 -1 -1 -1
0.5182164311408997 0.4080648720264435 0.9964010715484619 -1 -1 -1 -1 -1 -1 -1 -1 -1
0.5207314491271973 0.3548945188522339 0.15493354201316833 -1 -1 -1 -1 -1 -1 -1 -1 -1
0.5292829275131226 0.35461026430130005 0.9791954755783081 -1 -1 -1 -1 -1 -1 -1 -1 -1
0.5255950689315796 0.3035295605659485 0.42031458020210266 -1 -1 -1 -1 -1 -1 -1 -1 -1
0.5367224812507629 0.2989513874053955 0.9780983924865723 -1 -1 -1 -1 -1 -1 -1 -1 -1
0.5239589214324951 0.2910551428794861 0.4519517719745636 -1 -1 -1 -1 -1 -1 -1 -1 -1
0.5399071574211121 0.28595519065856934 0.9700627326965332 -1 -1 -1 -1 -1 -1 -1 -1 -1
0.5247962474822998 0.2898605465888977 0.45144960284233093 -1 -1 -1 -1 -1 -1 -1 -1 -1
0.5360720157623291 0.2841925024986267 0.9645171165466309 -1 -1 -1 -1 -1 -1 -1 -1 -1
0.5257949829101562 0.2937741279602051 0.4655705988407135 -1 -1 -1 -1 -1 -1 -1 -1 -1
0.534873902797699 0.2881363034248352 0.9455844759941101 -1 -1 -1 -1 -1 -1 -1 -1 -1
0.5208568572998047 0.552113950252533 0.9975796341896057 -1 -1 -1 -1 -1 -1 -1 -1 -1
0.5168529748916626 0.5481597781181335 0.9968217611312866 -1 -1 -1 -1 -1 -1 -1 -1 -1
0.5164108872413635 0.6348192691802979 0.15947280824184418 -1 -1 -1 -1 -1 -1 -1 -1 -1
0.5106832385063171 0.6375699639320374 0.8260093927383423 -1 -1 -1 -1 -1 -1 -1 -1 -1
0.5092400908470154 0.7268610000610352 0.24822697043418884 -1 -1 -1 -1 -1 -1 -1 -1 -1
0.5063677430152893 0.7300772666931152 0.8949080109596252 -1 -1 -1 -1 -1 -1 -1 -1 -1
0.5023909211158752 0.7452607750892639 0.4836386442184448 -1 -1 -1 -1 -1 -1 -1 -1 -1
0.4993712604045868 0.7488676905632019 0.9491550922393799 -1 -1 -1 -1 -1 -1 -1 -1 -1
0.5329681634902954 0.7469242811203003 0.34919998049736023 -1 -1 -1 -1 -1 -1 -1 -1 -1
0.5258374214172363 0.7552309036254883 0.8547268509864807 -1 -1 -1 -1 -1 -1 -1 -1 -1
1 
33 
-1 -1 -1 -1 -1 -1 -1 -1 -1 -1
0.5385488271713257 0.38192009925842285 0.9936210513114929 -1 -1 -1 -1 -1 -1 -1 -1 -1
0.537179172039032 0.37440696358680725 0.9929439425468445 -1 -1 -1 -1 -1 -1 -1 -1 -1
0.5368216633796692 0.3740859031677246 0.9884656667709351 -1 -1 -1 -1 -1 -1 -1 -1 -1
0.5363532900810242 0.37358224391937256 0.9928372502326965 -1 -1 -1 -1 -1 -1 -1 -1 -1
0.5361026525497437 0.37401023507118225 0.9945021867752075 -1 -1 -1 -1 -1 -1 -1 -1 -1
0.5350443720817566 0.3734831213951111 0.9930043816566467 -1 -1 -1 -1 -1 -1 -1 -1 -1
0.5338870286941528 0.37283027172088623 0.9948384165763855 -1 -1 -1 -1 -1 -1 -1 -1 -1
0.5281971096992493 0.37500131130218506 0.985754132270813 -1 -1 -1 -1 -1 -1 -1 -1 -1
0.5267935395240784 0.37528499960899353 0.9920104742050171 -1 -1 -1 -1 -1 -1 -1 -1 -1
0.536359429359436 0.38976070284843445 0.990003228187561 -1 -1 -1 -1 -1 -1 -1 -1 -1
0.5349449515342712 0.38917961716651917 0.9905213117599487 -1 -1 -1 -1 -1 -1 -1 -1 -1
0.5156662464141846 0.4055045247077942 0.9902053475379944 -1 -1 -1 -1 -1 -1 -1 -1 -1
0.5169682502746582 0.40772053599357605 0.9973717927932739 -1 -1 -1 -1 -1 -1 -1 -1 -1
0.5222135186195374 0.35216039419174194 0.132691890001297 -1 -1 -1 -1 -1 -1 -1 -1 -1
0.5272762775421143 0.3525204062461853 0.9878828525543213 -1 -1 -1 -1 -1 -1 -1 -1 -1
0.5278545618057251 0.3012693524360657 0.4556788206100464 -1 -1 -1 -1 -1 -1 -1 -1 -1
0.5309131145477295 0.29687976837158203 0.987579882144928 -1 -1 -1 -1 -1 -1 -1 -1 -1
0.5281173586845398 0.28672856092453003 0.5095959305763245 -1 -1 -1 -1 -1 -1 -1 -1 -1
0.5297572612762451 0.28002864122390747 0.9821265339851379 -1 -1 -1 -1 -1 -1 -1 -1 -1
0.5282350182533264 0.28558218479156494 0.5105438828468323 -1 -1 -1 -1 -1 -1 -1 -1 -1
0.530500054359436 0.28116655349731445 0.9786906242370605 -1 -1 -1 -1 -1 -1 -1 -1 -1
0.5279653072357178 0.2902616262435913 0.5231912732124329 -1 -1 -1 -1 -1 -1 -1 -1 -1
0.5297715067863464 0.28598785400390625 0.9659630656242371 -1 -1 -1 -1 -1 -1 -1 -1 -1
0.5204952359199524 0.5492315888404846 0.9975064396858215 -1 -1 -1 -1 -1 -1 -1 -1 -1
0.5178491473197937 0.5494683384895325 0.9969072937965393 -1 -1 -1 -1 -1 -1 -1 -1 -1
0.5144025087356567 0.6406204700469971 0.22285078465938568 -1 -1 -1 -1 -1 -1 -1 -1 -1
0.5108292102813721 0.6392675042152405 0.8854454159736633 -1 -1 -1 -1 -1 -1 -1 -1 -1
0.5085446238517761 0.7275388836860657 0.33194541931152344 -1 -1 -1 -1 -1 -1 -1 -1 -1
0.5079945921897888 0.7299092411994934 0.9194573163986206 -1 -1 -1 -1 -1 -1 -1 -1 -1
0.5016276836395264 0.7456037402153015 0.5508726835250854 -1 -1 -1 -1 -1 -1 -1 -1 -1
0.5010446906089783 0.7493995428085327 0.9540680646896362 -1 -1 -1 -1 -1 -1 -1 -1 -1
0.5318642854690552 0.7479658126831055 0.45232710242271423 -1 -1 -1 -1 -1 -1 -1 -1 -1
0.5297719836235046 0.7523782253265381 0.8850566744804382 -1 -1 -1 -1 -1 -1 -1 -1 -1
1 
33 
-1 -1 -1 -1 -1 -1 -1 -1 -1 -1
0.5368251204490662 0.3851475715637207 0.9985659718513489 -1 -1 -1 -1 -1 -1 -1 -1 -1
0.5353066921234131 0.3768918514251709 0.9982593655586243 -1 -1 -1 -1 -1 -1 -1 -1 -1
0.5348644852638245 0.376620888710022 0.9973269701004028 -1 -1 -1 -1 -1 -1 -1 -1 -1
0.5342974066734314 0.37621521949768066 0.9982819557189941 -1 -1 -1 -1 -1 -1 -1 -1 -1
0.5346987247467041 0.3770204484462738 0.9984956979751587 -1 -1 -1 -1 -1 -1 -1 -1 -1
0.5338731408119202 0.3769614100456238 0.9981959462165833 -1 -1 -1 -1 -1 -1 -1 -1 -1
0.5329778790473938 0.37682124972343445 0.998502254486084 -1 -1 -1 -1 -1 -1 -1 -1 -1
0.5264157056808472 0.38006719946861267 0.9969999194145203 -1 -1 -1 -1 -1 -1 -1 -1 -1
0.5262088775634766 0.3803531229496002 0.998242974281311 -1 -1 -1 -1 -1 -1 -1 -1 -1
0.5347635746002197 0.393006294965744 0.9976372718811035 -1 -1 -1 -1 -1 -1 -1 -1 -1
0.5339715480804443 0.3926851749420166 0.9973397850990295 -1 -1 -1 -1 -1 -1 -1 -1 -1
0.5166280269622803 0.4082569479942322 0.9937671422958374 -1 -1 -1 -1 -1 -1 -1 -1 -1
0.5186729431152344 0.40845245122909546 0.9988659620285034 -1 -1 -1 -1 -1 -1 -1 -1 -1
0.5224568247795105 0.3495844006538391 0.15231841802597046 -1 -1 -1 -1 -1 -1 -1 -1 -1
0.5282778739929199 0.35299044847488403 0.992860734462738 -1 -1 -1 -1 -1 -1 -1 -1 -1
0.5284284353256226 0.2987878620624542 0.5129936933517456 -1 -1 -1 -1 -1 -1 -1 -1 -1
0.5323526859283447 0.2972925901412964 0.9933494925498962 -1 -1 -1 -1 -1 -1 -1 -1 -1
0.5289614796638489 0.28574231266975403 0.5692119598388672 -1 -1 -1 -1 -1 -1 -1 -1 -1
0.5349916815757751 0.2833395004272461 0.9898775219917297 -1 -1 -1 -1 -1 -1 -1 -1 -1
0.52886563539505 0.2824435234069824 0.5748143196105957 -1 -1 -1 -1 -1 -1 -1 -1 -1
0.5322483777999878 0.2804303467273712 0.9871861934661865 -1 -1 -1 -1 -1 -1 -1 -1 -1
0.5284700989723206 0.28737175464630127 0.5906847715377808 -1 -1 -1 -1 -1 -1 -1 -1 -1
0.531076192855835 0.2857934832572937 0.9788646697998047 -1 -1 -1 -1 -1 -1 -1 -1 -1
0.5180668830871582 0.541532039642334 0.9979845285415649 -1 -1 -1 -1 -1 -1 -1 -1 -1
0.5186664462089539 0.5420405864715576 0.9980137348175049 -1 -1 -1 -1 -1 -1 -1 -1 -1
0.5160366296768188 0.6297813057899475 0.1861352026462555 -1 -1 -1 -1 -1 -1 -1 -1 -1
0.5132511854171753 0.6323826909065247 0.9518306255340576 -1 -1 -1 -1 -1 -1 -1 -1 -1
0.5108708739280701 0.7245585322380066 0.268214613199234 -1 -1 -1 -1 -1 -1 -1 -1 -1
0.5062715411186218 0.7314445972442627 0.9513504505157471 -1 -1 -1 -1 -1 -1 -1 -1 -1
0.5045938491821289 0.7403993606567383 0.43254542350769043 -1 -1 -1 -1 -1 -1 -1 -1 -1
0.4996891915798187 0.7465185523033142 0.9540191292762756 -1 -1 -1 -1 -1 -1 -1 -1 -1
0.5339668989181519 0.7400783896446228 0.45312339067459106 -1 -1 -1 -1 -1 -1 -1 -1 -1
0.5301083326339722 0.7464936971664429 0.9248807430267334 -1 -1 -1 -1 -1 -1 -1 -1 -1
1 
33 
-1 -1 -1 -1 -1 -1 -1 -1 -1 -1
0.5377124547958374 0.38274288177490234 0.9954065084457397 -1 -1 -1 -1 -1 -1 -1 -1 -1
0.5360631942749023 0.3750486671924591 0.9947916269302368 -1 -1 -1 -1 -1 -1 -1 -1 -1
0.5356806516647339 0.374633252620697 0.9917578101158142 -1 -1 -1 -1 -1 -1 -1 -1 -1
0.5352131128311157 0.3740413188934326 0.9944272041320801 -1 -1 -1 -1 -1 -1 -1 -1 -1
0.5349962115287781 0.3751598000526428 0.9962044358253479 -1 -1 -1 -1 -1 -1 -1 -1 -1
0.533877432346344 0.37494802474975586 0.9951738715171814 -1 -1 -1 -1 -1 -1 -1 -1 -1
0.5326963067054749 0.3746801018714905 0.9961471557617188 -1 -1 -1 -1 -1 -1 -1 -1 -1
0.5272189974784851 0.3762773871421814 0.9895008206367493 -1 -1 -1 -1 -1 -1 -1 -1 -1
0.5254101157188416 0.3779156506061554 0.9947023987770081 -1 -1 -1 -1 -1 -1 -1 -1 -1
0.5357265472412109 0.390605628490448 0.9936292767524719 -1 -1 -1 -1 -1 -1 -1 -1 -1
0.5342742204666138 0.39125820994377136 0.9939164519309998 -1 -1 -1 -1 -1 -1 -1 -1 -1
0.5178486108779907 0.4069776237010956 0.9894649982452393 -1 -1 -1 -1 -1 -1 -1 -1 -1
0.5166687965393066 0.4089847803115845 0.9979541301727295 -1 -1 -1 -1 -1 -1 -1 -1 -1
0.5246848464012146 0.35015669465065 0.186552956700325 -1 -1 -1 -1 -1 -1 -1 -1 -1
0.5251843333244324 0.35163524746894836 0.9918408393859863 -1 -1 -1 -1 -1 -1 -1 -1 -1
0.5315411686897278 0.294614315032959 0.5604416728019714 -1 -1 -1 -1 -1 -1 -1 -1 -1
0.5273609757423401 0.2919996380805969 0.9908114671707153 -1 -1 -1 -1 -1 -1 -1 -1 -1
0.5338495969772339 0.28187310695648193 0.597506582736969 -1 -1 -1 -1 -1 -1 -1 -1 -1
0.5276320576667786 0.2775712013244629 0.9859083294868469 -1 -1 -1 -1 -1 -1 -1 -1 -1
0.5330382585525513 0.27906137704849243 0.6004927158355713 -1 -1 -1 -1 -1 -1 -1 -1 -1
0.5268441438674927 0.2757265567779541 0.9827421307563782 -1 -1 -1 -1 -1 -1 -1 -1 -1
0.5317163467407227 0.2839839458465576 0.6131657361984253 -1 -1 -1 -1 -1 -1 -1 -1 -1
0.526721715927124 0.2810084819793701 0.9721733927726746 -1 -1 -1 -1 -1 -1 -1 -1 -1
0.520551860332489 0.5475998520851135 0.9978877902030945 -1 -1 -1 -1 -1 -1 -1 -1 -1
0.5174877047538757 0.5450379252433777 0.9979567527770996 -1 -1 -1 -1 -1 -1 -1 -1 -1
0.517103910446167 0.6314356923103333 0.24414695799350739 -1 -1 -1 -1 -1 -1 -1 -1 -1
0.513485312461853 0.6292991638183594 0.9359915256500244 -1 -1 -1 -1 -1 -1 -1 -1 -1
0.511874258518219 0.7178645133972168 0.4189329445362091 -1 -1 -1 -1 -1 -1 -1 -1 -1
0.5086096525192261 0.7221993207931519 0.9565211534500122 -1 -1 -1 -1 -1 -1 -1 -1 -1
0.5061323046684265 0.733016312122345 0.6207504272460938 -1 -1 -1 -1 -1 -1 -1 -1 -1
0.503553569316864 0.7387121915817261 0.9666185975074768 -1 -1 -1 -1 -1 -1 -1 -1 -1
0.5334180593490601 0.7342397570610046 0.5640366673469543 -1 -1 -1 -1 -1 -1 -1 -1 -1
0.5303030014038086 0.7398439645767212 0.9291025996208191 -1 -1 -1 -1 -1 -1 -1 -1 -1
1 
33 
-1 -1 -1 -1 -1 -1 -1 -1 -1 -1
0.5383248329162598 0.3832245469093323 0.9938691854476929 -1 -1 -1 -1 -1 -1 -1 -1 -1
0.5363175868988037 0.3753378987312317 0.9933411478996277 -1 -1 -1 -1 -1 -1 -1 -1 -1
0.5357751846313477 0.3749202489852905 0.9889944195747375 -1 -1 -1 -1 -1 -1 -1 -1 -1
0.5351405739784241 0.3743250370025635 0.9933376312255859 -1 -1 -1 -1 -1 -1 -1 -1 -1
0.5356265902519226 0.3750998377799988 0.9947232007980347 -1 -1 -1 -1 -1 -1 -1 -1 -1
0.5346261858940125 0.3745972514152527 0.9932168126106262 -1 -1 -1 -1 -1 -1 -1 -1 -1
0.5335395336151123 0.37401172518730164 0.9950339794158936 -1 -1 -1 -1 -1 -1 -1 -1 -1
0.5267459750175476 0.3762754797935486 0.9860279560089111 -1 -1 -1 -1 -1 -1 -1 -1 -1
0.5261785387992859 0.3771563768386841 0.992321789264679 -1 -1 -1 -1 -1 -1 -1 -1 -1
0.535581111907959 0.3912147581577301 0.9902398586273193 -1 -1 -1 -1 -1 -1 -1 -1 -1
0.5345432758331299 0.39102450013160706 0.9906840324401855 -1 -1 -1 -1 -1 -1 -1 -1 -1
0.5149717330932617 0.4064699709415436 0.9887930750846863 -1 -1 -1 -1 -1 -1 -1 -1 -1
0.5161097645759583 0.40933042764663696 0.9967849254608154 -1 -1 -1 -1 -1 -1 -1 -1 -1
0.522876501083374 0.3509804904460907 0.12307773530483246 -1 -1 -1 -1 -1 -1 -1 -1 -1
0.5257624387741089 0.35282203555107117 0.9887336492538452 -1 -1 -1 -1 -1 -1 -1 -1 -1
0.5284191370010376 0.29563087224960327 0.45165547728538513 -1 -1 -1 -1 -1 -1 -1 -1 -1
0.5287075042724609 0.29263168573379517 0.9879840612411499 -1 -1 -1 -1 -1 -1 -1 -1 -1
0.5300306081771851 0.28131699562072754 0.5171077251434326 -1 -1 -1 -1 -1 -1 -1 -1 -1
0.5300714373588562 0.27700698375701904 0.9826404452323914 -1 -1 -1 -1 -1 -1 -1 -1 -1
0.5302411317825317 0.28014177083969116 0.5183148980140686 -1 -1 -1 -1 -1 -1 -1 -1 -1
0.5287851691246033 0.2753397226333618 0.9789264798164368 -1 -1 -1 -1 -1 -1 -1 -1 -1
0.5292930603027344 0.2854917645454407 0.528477668762207 -1 -1 -1 -1 -1 -1 -1 -1 -1
0.528175950050354 0.28025251626968384 0.9659292697906494 -1 -1 -1 -1 -1 -1 -1 -1 -1
0.519428014755249 0.544739842414856 0.9971696734428406 -1 -1 -1 -1 -1 -1 -1 -1 -1
0.5183209180831909 0.5452080368995667 0.9964060187339783 -1 -1 -1 -1 -1 -1 -1 -1 -1
0.5156530737876892 0.635837972164154 0.18262258172035217 -1 -1 -1 -1 -1 -1 -1 -1 -1
0.5132495760917664 0.634716808795929 0.8687044382095337 -1 -1 -1 -1 -1 -1 -1 -1 -1
0.5078966021537781 0.7280634641647339 0.28283053636550903 -1 -1 -1 -1 -1 -1 -1 -1 -1
0.5075287818908691 0.7300256490707397 0.9104967713356018 -1 -1 -1 -1 -1 -1 -1 -1 -1
0.5020348429679871 0.7439900636672974 0.4847552478313446 -1 -1 -1 -1 -1 -1 -1 -1 -1
0.5016030669212341 0.7469863891601562 0.9467401504516602 -1 -1 -1 -1 -1 -1 -1 -1 -1
0.5315330028533936 0.7479205131530762 0.4121016263961792 -1 -1 -1 -1 -1 -1 -1 -1 -1
0.5294546484947205 0.7512165307998657 0.8760870695114136 -1 -1 -1 -1 -1 -1 -1 -1 -1
1 
33 
-1 -1 -1 -1 -1 -1 -1 -1 -1 -1
0.5372826457023621 0.3826753795146942 0.9962064027786255 -1 -1 -1 -1 -1 -1 -1 -1 -1
0.5358638167381287 0.3742219805717468 0.9959636926651001 -1 -1 -1 -1 -1 -1 -1 -1 -1
0.5354799032211304 0.37367093563079834 0.9936524629592896 -1 -1 -1 -1 -1 -1 -1 -1 -1
0.5350041389465332 0.372924268245697 0.9959102869033813 -1 -1 -1 -1 -1 -1 -1 -1 -1
0.5350896716117859 0.37442106008529663 0.9963756203651428 -1 -1 -1 -1 -1 -1 -1 -1 -1
0.5341822504997253 0.37410396337509155 0.9952606558799744 -1 -1 -1 -1 -1 -1 -1 -1 -1
0.5331790447235107 0.37367284297943115 0.9962434768676758 -1 -1 -1 -1 -1 -1 -1 -1 -1
0.5267752408981323 0.3746657073497772 0.9923061728477478 -1 -1 -1 -1 -1 -1 -1 -1 -1
0.5257353186607361 0.3761013150215149 0.994836688041687 -1 -1 -1 -1 -1 -1 -1 -1 -1
0.5349796414375305 0.39046671986579895 0.9948554039001465 -1 -1 -1 -1 -1 -1 -1 -1 -1
0.5337207913398743 0.39111387729644775 0.9946743249893188 -1 -1 -1 -1 -1 -1 -1 -1 -1
0.515259861946106 0.4032515585422516 0.9934645295143127 -1 -1 -1 -1 -1 -1 -1 -1 -1
0.517272412776947 0.40664058923721313 0.9980478286743164 -1 -1 -1 -1 -1 -1 -1 -1 -1
0.5211281180381775 0.34678930044174194 0.1528387814760208 -1 -1 -1 -1 -1 -1 -1 -1 -1
0.5263083577156067 0.3492796719074249 0.9899113774299622 -1 -1 -1 -1 -1 -1 -1 -1 -1
0.5253649950027466 0.2897642254829407 0.5354512333869934 -1 -1 -1 -1 -1 -1 -1 -1 -1
0.5282438397407532 0.287869930267334 0.988701581954956 -1 -1 -1 -1 -1 -1 -1 -1 -1
0.5269984006881714 0.27644282579421997 0.5844308137893677 -1 -1 -1 -1 -1 -1 -1 -1 -1
0.530423641204834 0.2742559313774109 0.9832175970077515 -1 -1 -1 -1 -1 -1 -1 -1 -1
0.5278525352478027 0.27540123462677 0.5851510763168335 -1 -1 -1 -1 -1 -1 -1 -1 -1
0.5292416214942932 0.2730974555015564 0.9792405366897583 -1 -1 -1 -1 -1 -1 -1 -1 -1
0.5269969701766968 0.2804803252220154 0.5971710085868835 -1 -1 -1 -1 -1 -1 -1 -1 -1
0.5282852649688721 0.2777181565761566 0.9671420454978943 -1 -1 -1 -1 -1 -1 -1 -1 -1
0.5190518498420715 0.5424979329109192 0.9984153509140015 -1 -1 -1 -1 -1 -1 -1 -1 -1
0.5180979371070862 0.5435703992843628 0.9981505274772644 -1 -1 -1 -1 -1 -1 -1 -1 -1
0.5156112909317017 0.6341469287872314 0.21419964730739594 -1 -1 -1 -1 -1 -1 -1 -1 -1
0.5111921429634094 0.6323967576026917 0.9407532215118408 -1 -1 -1 -1 -1 -1 -1 -1 -1
0.5074811577796936 0.7266247272491455 0.38915279507637024 -1 -1 -1 -1 -1 -1 -1 -1 -1
0.5058022737503052 0.7288714647293091 0.9573341608047485 -1 -1 -1 -1 -1 -1 -1 -1 -1
0.5009276270866394 0.7427290678024292 0.5937265753746033 -1 -1 -1 -1 -1 -1 -1 -1 -1
0.49855801463127136 0.7470294833183289 0.9691122770309448 -1 -1 -1 -1 -1 -1 -1 -1 -1
0.5295760631561279 0.7475414276123047 0.5358230471611023 -1 -1 -1 -1 -1 -1 -1 -1 -1
0.5260465145111084 0.756000816822052 0.9299277067184448 -1 -1 -1 -1 -1 -1 -1 -1 -1
1 
33 
-1 -1 -1 -1 -1 -1 -1 -1 -1 -1
0.5371463298797607 0.38476595282554626 0.9939507246017456 -1 -1 -1 -1 -1 -1 -1 -1 -1
0.5357145667076111 0.3768206238746643 0.9935855269432068 -1 -1 -1 -1 -1 -1 -1 -1 -1
0.5353965759277344 0.3764263689517975 0.9898762106895447 -1 -1 -1 -1 -1 -1 -1 -1 -1
0.5349939465522766 0.3758418560028076 0.9934725761413574 -1 -1 -1 -1 -1 -1 -1 -1 -1
0.5348747372627258 0.37706258893013 0.9945588707923889 -1 -1 -1 -1 -1 -1 -1 -1 -1
0.5339896082878113 0.3769480586051941 0.9929074048995972 -1 -1 -1 -1 -1 -1 -1 -1 -1
0.5330333113670349 0.37672483921051025 0.9944477081298828 -1 -1 -1 -1 -1 -1 -1 -1 -1
0.5271832346916199 0.37831342220306396 0.9871245622634888 -1 -1 -1 -1 -1 -1 -1 -1 -1
0.5259456038475037 0.37960079312324524 0.9924418926239014 -1 -1 -1 -1 -1 -1 -1 -1 -1
0.535261869430542 0.3934018909931183 0.992479681968689 -1 -1 -1 -1 -1 -1 -1 -1 -1
0.5340443253517151 0.3938358724117279 0.9923505187034607 -1 -1 -1 -1 -1 -1 -1 -1 -1
0.5176414251327515 0.40773913264274597 0.9891924262046814 -1 -1 -1 -1 -1 -1 -1 -1 -1
0.5179204344749451 0.41096943616867065 0.9970382452011108 -1 -1 -1 -1 -1 -1 -1 -1 -1
0.5235664248466492 0.34856200218200684 0.15152482688426971 -1 -1 -1 -1 -1 -1 -1 -1 -1
0.5252560377120972 0.3514910340309143 0.988944947719574 -1 -1 -1 -1 -1 -1 -1 -1 -1
0.5278220772743225 0.2904602289199829 0.5161094665527344 -1 -1 -1 -1 -1 -1 -1 -1 -1
0.5257778763771057 0.28887584805488586 0.9877845048904419 -1 -1 -1 -1 -1 -1 -1 -1 -1
0.5290824770927429 0.2768740653991699 0.5639019012451172 -1 -1 -1 -1 -1 -1 -1 -1 -1
0.5267801880836487 0.2742888927459717 0.9817217588424683 -1 -1 -1 -1 -1 -1 -1 -1 -1
0.5296533703804016 0.2755303978919983 0.5672605037689209 -1 -1 -1 -1 -1 -1 -1 -1 -1
0.5262448191642761 0.27272945642471313 0.97749263048172 -1 -1 -1 -1 -1 -1 -1 -1 -1
0.5287402272224426 0.280969500541687 0.5770668983459473 -1 -1 -1 -1 -1 -1 -1 -1 -1
0.525938093662262 0.2780558168888092 0.9645833373069763 -1 -1 -1 -1 -1 -1 -1 -1 -1
0.5193710923194885 0.548009991645813 0.997696578502655 -1 -1 -1 -1 -1 -1 -1 -1 -1
0.518061101436615 0.546600341796875 0.9974741339683533 -1 -1 -1 -1 -1 -1 -1 -1 -1
0.5158964395523071 0.6337679624557495 0.245672345161438 -1 -1 -1 -1 -1 -1 -1 -1 -1
0.5121156573295593 0.6316136121749878 0.9269006848335266 -1 -1 -1 -1 -1 -1 -1 -1 -1
0.509014368057251 0.7226687669754028 0.42366117238998413 -1 -1 -1 -1 -1 -1 -1 -1 -1
0.5066094994544983 0.7243481874465942 0.9484103322029114 -1 -1 -1 -1 -1 -1 -1 -1 -1
0.5025113224983215 0.7387693524360657 0.6037688255310059 -1 -1 -1 -1 -1 -1 -1 -1 -1
0.5001200437545776 0.7420374155044556 0.9595980048179626 -1 -1 -1 -1 -1 -1 -1 -1 -1
0.5284504294395447 0.7415273189544678 0.5687463283538818 -1 -1 -1 -1 -1 -1 -1 -1 -1
0.5255586504936218 0.7465178966522217 0.9227216243743896 -1 -1 -1 -1 -1 -1 -1 -1 -1
1 
33 
-1 -1 -1 -1 -1 -1 -1 -1 -1 -1
0.5356236100196838 0.3886483609676361 0.9995326995849609 -1 -1 -1 -1 -1 -1 -1 -1 -1
0.5339460372924805 0.38012129068374634 0.9995658993721008 -1 -1 -1 -1 -1 -1 -1 -1 -1
0.5335229635238647 0.37976306676864624 0.999220609664917 -1 -1 -1 -1 -1 -1 -1 -1 -1
0.5329722166061401 0.37914353609085083 0.9994956254959106 -1 -1 -1 -1 -1 -1 -1 -1 -1
0.533193051815033 0.38030117750167847 0.9996429681777954 -1 -1 -1 -1 -1 -1 -1 -1 -1
0.5322093963623047 0.3801731467247009 0.9995488524436951 -1 -1 -1 -1 -1 -1 -1 -1 -1
0.5310801863670349 0.37979480624198914 0.9996414184570312 -1 -1 -1 -1 -1 -1 -1 -1 -1
0.5255484580993652 0.3807668685913086 0.9993070363998413 -1 -1 -1 -1 -1 -1 -1 -1 -1
0.5235570073127747 0.3812623620033264 0.9997054934501648 -1 -1 -1 -1 -1 -1 -1 -1 -1
0.5335482358932495 0.3957480490207672 0.999362051486969 -1 -1 -1 -1 -1 -1 -1 -1 -1
0.5325040817260742 0.39577728509902954 0.9992663264274597 -1 -1 -1 -1 -1 -1 -1 -1 -1
0.5207564234733582 0.40863800048828125 0.9933730363845825 -1 -1 -1 -1 -1 -1 -1 -1 -1
0.5156509280204773 0.4096182584762573 0.9990308284759521 -1 -1 -1 -1 -1 -1 -1 -1 -1
0.5264729261398315 0.3500361740589142 0.17124447226524353 -1 -1 -1 -1 -1 -1 -1 -1 -1
0.521217942237854 0.349763423204422 0.9875915050506592 -1 -1 -1 -1 -1 -1 -1 -1 -1
0.5279561281204224 0.292557954788208 0.5171854496002197 -1 -1 -1 -1 -1 -1 -1 -1 -1
0.5240389108657837 0.2936834394931793 0.9940764904022217 -1 -1 -1 -1 -1 -1 -1 -1 -1
0.5289679765701294 0.278647243976593 0.5776663422584534 -1 -1 -1 -1 -1 -1 -1 -1 -1
0.5239382386207581 0.27878934144973755 0.99130779504776 -1 -1 -1 -1 -1 -1 -1 -1 -1
0.5283334255218506 0.2762942314147949 0.5858727693557739 -1 -1 -1 -1 -1 -1 -1 -1 -1
0.5242688059806824 0.27513623237609863 0.9892326593399048 -1 -1 -1 -1 -1 -1 -1 -1 -1
0.528378963470459 0.29134607315063477 0.5988414287567139 -1 -1 -1 -1 -1 -1 -1 -1 -1
0.524133563041687 0.2807965874671936 0.9821994304656982 -1 -1 -1 -1 -1 -1 -1 -1 -1
0.5201778411865234 0.5332309603691101 0.9970145225524902 -1 -1 -1 -1 -1 -1 -1 -1 -1
0.5178934335708618 0.5335263013839722 0.9976254105567932 -1 -1 -1 -1 -1 -1 -1 -1 -1
0.5155688524246216 0.626054584980011 0.20302556455135345 -1 -1 -1 -1 -1 -1 -1 -1 -1
0.512556254863739 0.6291192770004272 0.8359522819519043 -1 -1 -1 -1 -1 -1 -1 -1 -1
0.5026427507400513 0.708756148815155 0.23688310384750366 -1 -1 -1 -1 -1 -1 -1 -1 -1
0.5010344982147217 0.6958066821098328 0.8504133224487305 -1 -1 -1 -1 -1 -1 -1 -1 -1
0.4963041841983795 0.72003173828125 0.3478459119796753 -1 -1 -1 -1 -1 -1 -1 -1 -1
0.4944128692150116 0.7260159254074097 0.8479732275009155 -1 -1 -1 -1 -1 -1 -1 -1 -1
0.5171254873275757 0.7377414107322693 0.336605966091156 -1 -1 -1 -1 -1 -1 -1 -1 -1
0.5181919932365417 0.7471158504486084 0.7692044377326965 -1 -1 -1 -1 -1 -1 -1 -1 -1
1 
33 
-1 -1 -1 -1 -1 -1 -1 -1 -1 -1
0.5359138250350952 0.3823907971382141 0.9958270192146301 -1 -1 -1 -1 -1 -1 -1 -1 -1
0.5346280336380005 0.37486177682876587 0.9953658580780029 -1 -1 -1 -1 -1 -1 -1 -1 -1
0.5342162251472473 0.3744202256202698 0.9925822019577026 -1 -1 -1 -1 -1 -1 -1 -1 -1
0.5337148308753967 0.3737180233001709 0.9952491521835327 -1 -1 -1 -1 -1 -1 -1 -1 -1
0.5340554714202881 0.3746725022792816 0.9960193037986755 -1 -1 -1 -1 -1 -1 -1 -1 -1
0.5332742929458618 0.3741905689239502 0.9949264526367188 -1 -1 -1 -1 -1 -1 -1 -1 -1
0.5324534177780151 0.37352484464645386 0.9961004257202148 -1 -1 -1 -1 -1 -1 -1 -1 -1
0.526913583278656 0.3760060667991638 0.9908763766288757 -1 -1 -1 -1 -1 -1 -1 -1 -1
0.5261063575744629 0.3774031400680542 0.9944497346878052 -1 -1 -1 -1 -1 -1 -1 -1 -1
0.5341225266456604 0.3899756669998169 0.9939703941345215 -1 -1 -1 -1 -1 -1 -1 -1 -1
0.5331777930259705 0.3901480436325073 0.9940109848976135 -1 -1 -1 -1 -1 -1 -1 -1 -1
0.5177228450775146 0.40393438935279846 0.9897884726524353 -1 -1 -1 -1 -1 -1 -1 -1 -1
0.5168441534042358 0.40710538625717163 0.9972744584083557 -1 -1 -1 -1 -1 -1 -1 -1 -1
0.5241597890853882 0.347306489944458 0.14712409675121307 -1 -1 -1 -1 -1 -1 -1 -1 -1
0.5229831337928772 0.3486948609352112 0.989897608757019 -1 -1 -1 -1 -1 -1 -1 -1 -1
0.5276197195053101 0.29017019271850586 0.4754134714603424 -1 -1 -1 -1 -1 -1 -1 -1 -1
0.5237202644348145 0.28845885396003723 0.9885170459747314 -1 -1 -1 -1 -1 -1 -1 -1 -1
0.5279883146286011 0.2760997712612152 0.5252662897109985 -1 -1 -1 -1 -1 -1 -1 -1 -1
0.5240253806114197 0.2743096947669983 0.9826682209968567 -1 -1 -1 -1 -1 -1 -1 -1 -1
0.5280992388725281 0.2747006416320801 0.5283557772636414 -1 -1 -1 -1 -1 -1 -1 -1 -1
0.5242367386817932 0.2722821831703186 0.9787181615829468 -1 -1 -1 -1 -1 -1 -1 -1 -1
0.5277648568153381 0.2797890305519104 0.5389502048492432 -1 -1 -1 -1 -1 -1 -1 -1 -1
0.5240442156791687 0.2767200767993927 0.9665307402610779 -1 -1 -1 -1 -1 -1 -1 -1 -1
0.5187209844589233 0.5427662134170532 0.9977537989616394 -1 -1 -1 -1 -1 -1 -1 -1 -1
0.5176420211791992 0.5436316728591919 0.9974933862686157 -1 -1 -1 -1 -1 -1 -1 -1 -1
0.5154659152030945 0.6338345408439636 0.21780413389205933 -1 -1 -1 -1 -1 -1 -1 -1 -1
0.5127209424972534 0.631148636341095 0.9214111566543579 -1 -1 -1 -1 -1 -1 -1 -1 -1
0.5071094632148743 0.7268138527870178 0.3902205228805542 -1 -1 -1 -1 -1 -1 -1 -1 -1
0.5061172842979431 0.7287212014198303 0.9458995461463928 -1 -1 -1 -1 -1 -1 -1 -1 -1
0.5009375810623169 0.744055449962616 0.5623050928115845 -1 -1 -1 -1 -1 -1 -1 -1 -1
0.499674916267395 0.7475535869598389 0.9584164619445801 -1 -1 -1 -1 -1 -1 -1 -1 -1
0.5281203389167786 0.7464532852172852 0.5249865055084229 -1 -1 -1 -1 -1 -1 -1 -1 -1
0.5257999300956726 0.7495756149291992 0.9162906408309937 -1 -1 -1 -1 -1 -1 -1 -1 -1
1 
33 
-1 -1 -1 -1 -1 -1 -1 -1 -1 -1
0.535571277141571 0.37933751940727234 0.9965987801551819 -1 -1 -1 -1 -1 -1 -1 -1 -1
0.533818244934082 0.3719508945941925 0.996384859085083 -1 -1 -1 -1 -1 -1 -1 -1 -1
0.5334123373031616 0.37170860171318054 0.9942446351051331 -1 -1 -1 -1 -1 -1 -1 -1 -1
0.5329253077507019 0.371195912361145 0.9963723421096802 -1 -1 -1 -1 -1 -1 -1 -1 -1
0.5331799983978271 0.3715994954109192 0.9967457056045532 -1 -1 -1 -1 -1 -1 -1 -1 -1
0.5323461294174194 0.37119632959365845 0.9957700371742249 -1 -1 -1 -1 -1 -1 -1 -1 -1
0.5314720869064331 0.37066352367401123 0.9967104196548462 -1 -1 -1 -1 -1 -1 -1 -1 -1
0.5264289379119873 0.37603214383125305 0.993448793888092 -1 -1 -1 -1 -1 -1 -1 -1 -1
0.5252403616905212 0.37651580572128296 0.9957743287086487 -1 -1 -1 -1 -1 -1 -1 -1 -1
0.5341811180114746 0.3878431022167206 0.9957543611526489 -1 -1 -1 -1 -1 -1 -1 -1 -1
0.5331797003746033 0.3880929946899414 0.9955843091011047 -1 -1 -1 -1 -1 -1 -1 -1 -1
0.517547607421875 0.40461304783821106 0.9901126623153687 -1 -1 -1 -1 -1 -1 -1 -1 -1
0.5179318189620972 0.40569353103637695 0.9974888563156128 -1 -1 -1 -1 -1 -1 -1 -1 -1
0.5245546102523804 0.3496812582015991 0.15236438810825348 -1 -1 -1 -1 -1 -1 -1 -1 -1
0.5225070118904114 0.34734678268432617 0.9916114211082458 -1 -1 -1 -1 -1 -1 -1 -1 -1
0.5268879532814026 0.2903604805469513 0.4555506110191345 -1 -1 -1 -1 -1 -1 -1 -1 -1
0.5223829746246338 0.28607356548309326 0.9886682629585266 -1 -1 -1 -1 -1 -1 -1 -1 -1
0.5272068381309509 0.2773880362510681 0.497615247964859 -1 -1 -1 -1 -1 -1 -1 -1 -1
0.522265613079071 0.27338260412216187 0.9821459650993347 -1 -1 -1 -1 -1 -1 -1 -1 -1
0.5267370343208313 0.2759152352809906 0.5004298090934753 -1 -1 -1 -1 -1 -1 -1 -1 -1
0.5223399996757507 0.27173495292663574 0.9776960015296936 -1 -1 -1 -1 -1 -1 -1 -1 -1
0.5266886949539185 0.2806599736213684 0.5180488228797913 -1 -1 -1 -1 -1 -1 -1 -1 -1
0.5224267840385437 0.2758130431175232 0.9652019739151001 -1 -1 -1 -1 -1 -1 -1 -1 -1
0.517726480960846 0.5403410196304321 0.9977242350578308 -1 -1 -1 -1 -1 -1 -1 -1 -1
0.5177314877510071 0.5406583547592163 0.9973068237304688 -1 -1 -1 -1 -1 -1 -1 -1 -1
0.5148664116859436 0.6315019130706787 0.17718517780303955 -1 -1 -1 -1 -1 -1 -1 -1 -1
0.512289822101593 0.6313931345939636 0.9277910590171814 -1 -1 -1 -1 -1 -1 -1 -1 -1
0.5066796541213989 0.7204808592796326 0.3599075376987457 -1 -1 -1 -1 -1 -1 -1 -1 -1
0.5052319765090942 0.7237575054168701 0.9462037086486816 -1 -1 -1 -1 -1 -1 -1 -1 -1
0.500403642654419 0.7364665269851685 0.5435262322425842 -1 -1 -1 -1 -1 -1 -1 -1 -1
0.49869075417518616 0.7414917349815369 0.9574977159500122 -1 -1 -1 -1 -1 -1 -1 -1 -1
0.5295694470405579 0.7391412854194641 0.4940638840198517 -1 -1 -1 -1 -1 -1 -1 -1 -1
0.5275217890739441 0.7450623512268066 0.9126454591751099 -1 -1 -1 -1 -1 -1 -1 -1 -1
1 
33 
-1 -1 -1 -1 -1 -1 -1 -1 -1 -1
0.53610759973526 0.3825899362564087 0.9959422945976257 -1 -1 -1 -1 -1 -1 -1 -1 -1
0.5345604419708252 0.37563377618789673 0.9961624145507812 -1 -1 -1 -1 -1 -1 -1 -1 -1
0.5342450141906738 0.3754900097846985 0.9938808679580688 -1 -1 -1 -1 -1 -1 -1 -1 -1
0.5338552594184875 0.37504518032073975 0.9962599277496338 -1 -1 -1 -1 -1 -1 -1 -1 -1
0.5336087346076965 0.3753502070903778 0.996461808681488 -1 -1 -1 -1 -1 -1 -1 -1 -1
0.5326142907142639 0.3751438856124878 0.99522864818573 -1 -1 -1 -1 -1 -1 -1 -1 -1
0.5315607786178589 0.3747251033782959 0.9964697360992432 -1 -1 -1 -1 -1 -1 -1 -1 -1
0.526780366897583 0.37927696108818054 0.9932157397270203 -1 -1 -1 -1 -1 -1 -1 -1 -1
0.524705171585083 0.37973061203956604 0.9951016306877136 -1 -1 -1 -1 -1 -1 -1 -1 -1
0.5343654751777649 0.39090919494628906 0.9949867725372314 -1 -1 -1 -1 -1 -1 -1 -1 -1
0.5329528450965881 0.39135345816612244 0.9949401617050171 -1 -1 -1 -1 -1 -1 -1 -1 -1
0.5192486047744751 0.4073246419429779 0.9886645078659058 -1 -1 -1 -1 -1 -1 -1 -1 -1
0.5178947448730469 0.4071495532989502 0.9963700771331787 -1 -1 -1 -1 -1 -1 -1 -1 -1
0.5242862105369568 0.35311460494995117 0.1446767896413803 -1 -1 -1 -1 -1 -1 -1 -1 -1
0.5216916799545288 0.34932154417037964 0.9858877062797546 -1 -1 -1 -1 -1 -1 -1 -1 -1
0.5261039733886719 0.2938119173049927 0.40934422612190247 -1 -1 -1 -1 -1 -1 -1 -1 -1
0.5211279988288879 0.2874183654785156 0.9773256778717041 -1 -1 -1 -1 -1 -1 -1 -1 -1
0.5264403223991394 0.2804914116859436 0.45883581042289734 -1 -1 -1 -1 -1 -1 -1 -1 -1
0.5211282968521118 0.2742980122566223 0.9666113257408142 -1 -1 -1 -1 -1 -1 -1 -1 -1
0.5256832838058472 0.2795575261116028 0.4610804319381714 -1 -1 -1 -1 -1 -1 -1 -1 -1
0.5211857557296753 0.27333879470825195 0.9587679505348206 -1 -1 -1 -1 -1 -1 -1 -1 -1
0.5257381796836853 0.2847036123275757 0.4742080271244049 -1 -1 -1 -1 -1 -1 -1 -1 -1
0.5215703845024109 0.2781352996826172 0.9385571479797363 -1 -1 -1 -1 -1 -1 -1 -1 -1
0.5186429023742676 0.5442975759506226 0.9974206686019897 -1 -1 -1 -1 -1 -1 -1 -1 -1
0.517501711845398 0.5424201488494873 0.9968284964561462 -1 -1 -1 -1 -1 -1 -1 -1 -1
0.5163402557373047 0.6341686844825745 0.18406730890274048 -1 -1 -1 -1 -1 -1 -1 -1 -1
0.5129938721656799 0.6314109563827515 0.8997215628623962 -1 -1 -1 -1 -1 -1 -1 -1 -1
0.5076286792755127 0.7270872592926025 0.35602837800979614 -1 -1 -1 -1 -1 -1 -1 -1 -1
0.5061162710189819 0.7287970781326294 0.9302528500556946 -1 -1 -1 -1 -1 -1 -1 -1 -1
0.5011581182479858 0.744874119758606 0.5365201234817505 -1 -1 -1 -1 -1 -1 -1 -1 -1
0.4994860887527466 0.7487918138504028 0.9509141445159912 -1 -1 -1 -1 -1 -1 -1 -1 -1
0.5314459800720215 0.7454767227172852 0.47215139865875244 -1 -1 -1 -1 -1 -1 -1 -1 -1
0.5286368727684021 0.7477966547012329 0.8927809000015259 -1 -1 -1 -1 -1 -1 -1 -1 -1
1 
33 
-1 -1 -1 -1 -1 -1 -1 -1 -1 -1
0.5365129709243774 0.37854528427124023 0.9959944486618042 -1 -1 -1 -1 -1 -1 -1 -1 -1
0.5348864197731018 0.37143707275390625 0.9960719347000122 -1 -1 -1 -1 -1 -1 -1 -1 -1
0.5345451235771179 0.37107276916503906 0.9937253594398499 -1 -1 -1 -1 -1 -1 -1 -1 -1
0.5341700911521912 0.3704386353492737 0.9961916208267212 -1 -1 -1 -1 -1 -1 -1 -1 -1
0.533977210521698 0.371096134185791 0.9964523315429688 -1 -1 -1 -1 -1 -1 -1 -1 -1
0.5329748392105103 0.3705518841743469 0.9953895807266235 -1 -1 -1 -1 -1 -1 -1 -1 -1
0.5319269895553589 0.36980757117271423 0.9966185092926025 -1 -1 -1 -1 -1 -1 -1 -1 -1
0.5274313688278198 0.3736102283000946 0.9933352470397949 -1 -1 -1 -1 -1 -1 -1 -1 -1
0.5248869061470032 0.37351295351982117 0.995135486125946 -1 -1 -1 -1 -1 -1 -1 -1 -1
0.5343894362449646 0.3865013122558594 0.9944025874137878 -1 -1 -1 -1 -1 -1 -1 -1 -1
0.5329859256744385 0.386665940284729 0.9944517016410828 -1 -1 -1 -1 -1 -1 -1 -1 -1
0.5190643072128296 0.40355679392814636 0.9872717261314392 -1 -1 -1 -1 -1 -1 -1 -1 -1
0.5174039006233215 0.4036397337913513 0.9962903261184692 -1 -1 -1 -1 -1 -1 -1 -1 -1
0.524753987789154 0.3507150709629059 0.12238916009664536 -1 -1 -1 -1 -1 -1 -1 -1 -1
0.5221385955810547 0.3434276282787323 0.9832726716995239 -1 -1 -1 -1 -1 -1 -1 -1 -1
0.5248507857322693 0.29156625270843506 0.32486528158187866 -1 -1 -1 -1 -1 -1 -1 -1 -1
0.5209298729896545 0.2846291661262512 0.9687724113464355 -1 -1 -1 -1 -1 -1 -1 -1 -1
0.5249001979827881 0.2801513969898224 0.3735012412071228 -1 -1 -1 -1 -1 -1 -1 -1 -1
0.5212540626525879 0.2733725905418396 0.9556478261947632 -1 -1 -1 -1 -1 -1 -1 -1 -1
0.5243617296218872 0.27924495935440063 0.37567830085754395 -1 -1 -1 -1 -1 -1 -1 -1 -1
0.5211406350135803 0.2713865637779236 0.945469081401825 -1 -1 -1 -1 -1 -1 -1 -1 -1
0.5245506167411804 0.28298813104629517 0.39087802171707153 -1 -1 -1 -1 -1 -1 -1 -1 -1
0.5213080644607544 0.2758525609970093 0.9208139777183533 -1 -1 -1 -1 -1 -1 -1 -1 -1
0.5185713171958923 0.5403125286102295 0.9967764019966125 -1 -1 -1 -1 -1 -1 -1 -1 -1
0.516798734664917 0.5396599173545837 0.9961912631988525 -1 -1 -1 -1 -1 -1 -1 -1 -1
0.5169240236282349 0.633606493473053 0.14198444783687592 -1 -1 -1 -1 -1 -1 -1 -1 -1
0.5121147036552429 0.6326702833175659 0.8939887285232544 -1 -1 -1 -1 -1 -1 -1 -1 -1
0.5074992775917053 0.7273253202438354 0.2748560309410095 -1 -1 -1 -1 -1 -1 -1 -1 -1
0.5064170360565186 0.7292912006378174 0.9196375012397766 -1 -1 -1 -1 -1 -1 -1 -1 -1
0.5004532933235168 0.7444504499435425 0.45799925923347473 -1 -1 -1 -1 -1 -1 -1 -1 -1
0.49902936816215515 0.748977780342102 0.9443923234939575 -1 -1 -1 -1 -1 -1 -1 -1 -1
0.5311231017112732 0.7481420636177063 0.39380037784576416 -1 -1 -1 -1 -1 -1 -1 -1 -1
0.5288733243942261 0.7519877552986145 0.8775161504745483 -1 -1 -1 -1 -1 -1 -1 -1 -1
1 
33 
-1 -1 -1 -1 -1 -1 -1 -1 -1 -1
0.5385884046554565 0.3839057981967926 0.9892877340316772 -1 -1 -1 -1 -1 -1 -1 -1 -1
0.536725640296936 0.3773529529571533 0.9894022941589355 -1 -1 -1 -1 -1 -1 -1 -1 -1
0.5362797975540161 0.3770933747291565 0.9837918281555176 -1 -1 -1 -1 -1 -1 -1 -1 -1
0.5357794761657715 0.3766787350177765 0.9897251129150391 -1 -1 -1 -1 -1 -1 -1 -1 -1
0.5359278321266174 0.3769899606704712 0.9908571839332581 -1 -1 -1 -1 -1 -1 -1 -1 -1
0.5349826216697693 0.3765135407447815 0.988226592540741 -1 -1 -1 -1 -1 -1 -1 -1 -1
0.5339887738227844 0.3758952021598816 0.9907016754150391 -1 -1 -1 -1 -1 -1 -1 -1 -1
0.5281825065612793 0.37798744440078735 0.9812646508216858 -1 -1 -1 -1 -1 -1 -1 -1 -1
0.5263850688934326 0.377480685710907 0.9864171743392944 -1 -1 -1 -1 -1 -1 -1 -1 -1
0.5358391404151917 0.39114809036254883 0.984089732170105 -1 -1 -1 -1 -1 -1 -1 -1 -1
0.5347082614898682 0.3909909427165985 0.9841150045394897 -1 -1 -1 -1 -1 -1 -1 -1 -1
0.518116295337677 0.4063146114349365 0.9854877591133118 -1 -1 -1 -1 -1 -1 -1 -1 -1
0.5163341760635376 0.40613898634910583 0.9940192699432373 -1 -1 -1 -1 -1 -1 -1 -1 -1
0.5246894359588623 0.348694384098053 0.09495343267917633 -1 -1 -1 -1 -1 -1 -1 -1 -1
0.5226421356201172 0.3471173942089081 0.9813993573188782 -1 -1 -1 -1 -1 -1 -1 -1 -1
0.5239161252975464 0.28992533683776855 0.2909417748451233 -1 -1 -1 -1 -1 -1 -1 -1 -1
0.5215895771980286 0.2865791916847229 0.9617018699645996 -1 -1 -1 -1 -1 -1 -1 -1 -1
0.5243028402328491 0.2780269682407379 0.34479856491088867 -1 -1 -1 -1 -1 -1 -1 -1 -1
0.5221956372261047 0.27611857652664185 0.9472421407699585 -1 -1 -1 -1 -1 -1 -1 -1 -1
0.5241780281066895 0.27748459577560425 0.3463723063468933 -1 -1 -1 -1 -1 -1 -1 -1 -1
0.5223320722579956 0.2741331458091736 0.9360983967781067 -1 -1 -1 -1 -1 -1 -1 -1 -1
0.5239143967628479 0.28247788548469543 0.36672478914260864 -1 -1 -1 -1 -1 -1 -1 -1 -1
0.5221896171569824 0.2777319550514221 0.9082514643669128 -1 -1 -1 -1 -1 -1 -1 -1 -1
0.5180982947349548 0.5422701239585876 0.9960591793060303 -1 -1 -1 -1 -1 -1 -1 -1 -1
0.5158447027206421 0.5409932136535645 0.9948539137840271 -1 -1 -1 -1 -1 -1 -1 -1 -1
0.5155723094940186 0.63470458984375 0.10602647811174393 -1 -1 -1 -1 -1 -1 -1 -1 -1
0.5113570094108582 0.6341363787651062 0.8489181995391846 -1 -1 -1 -1 -1 -1 -1 -1 -1
0.5079194903373718 0.7251991033554077 0.20000793039798737 -1 -1 -1 -1 -1 -1 -1 -1 -1
0.5060662031173706 0.7287519574165344 0.8897678256034851 -1 -1 -1 -1 -1 -1 -1 -1 -1
0.5016434788703918 0.7442488074302673 0.4088893234729767 -1 -1 -1 -1 -1 -1 -1 -1 -1
0.49974483251571655 0.7500740885734558 0.9432686567306519 -1 -1 -1 -1 -1 -1 -1 -1 -1
0.5315312147140503 0.7451579570770264 0.30824732780456543 -1 -1 -1 -1 -1 -1 -1 -1 -1
0.5277692079544067 0.7492353916168213 0.8425562381744385 -1 -1 -1 -1 -1 -1 -1 -1 -1
1 
33 
-1 -1 -1 -1 -1 -1 -1 -1 -1 -1
0.5379112362861633 0.3831709623336792 0.9880036115646362 -1 -1 -1 -1 -1 -1 -1 -1 -1
0.5360329747200012 0.37655460834503174 0.9877195358276367 -1 -1 -1 -1 -1 -1 -1 -1 -1
0.535672664642334 0.376417338848114 0.9821977019309998 -1 -1 -1 -1 -1 -1 -1 -1 -1
0.535280704498291 0.3761199116706848 0.9878813028335571 -1 -1 -1 -1 -1 -1 -1 -1 -1
0.5352089405059814 0.37601494789123535 0.9895428419113159 -1 -1 -1 -1 -1 -1 -1 -1 -1
0.5342828035354614 0.37552380561828613 0.986806333065033 -1 -1 -1 -1 -1 -1 -1 -1 -1
0.5333021879196167 0.37487778067588806 0.9889021515846252 -1 -1 -1 -1 -1 -1 -1 -1 -1
0.5276495814323425 0.3783375024795532 0.9807119369506836 -1 -1 -1 -1 -1 -1 -1 -1 -1
0.5254947543144226 0.37723445892333984 0.9848796725273132 -1 -1 -1 -1 -1 -1 -1 -1 -1
0.5354471206665039 0.3908877670764923 0.9810202717781067 -1 -1 -1 -1 -1 -1 -1 -1 -1
0.5343152284622192 0.39048516750335693 0.9809646010398865 -1 -1 -1 -1 -1 -1 -1 -1 -1
0.5178102254867554 0.40751761198043823 0.9864082336425781 -1 -1 -1 -1 -1 -1 -1 -1 -1
0.5153602361679077 0.4041086733341217 0.9948805570602417 -1 -1 -1 -1 -1 -1 -1 -1 -1
0.5244701504707336 0.34822890162467957 0.11010297387838364 -1 -1 -1 -1 -1 -1 -1 -1 -1
0.5229509472846985 0.3436383903026581 0.9817394018173218 -1 -1 -1 -1 -1 -1 -1 -1 -1
0.5236197710037231 0.2909765839576721 0.3044081926345825 -1 -1 -1 -1 -1 -1 -1 -1 -1
0.520880401134491 0.2844928503036499 0.9578843712806702 -1 -1 -1 -1 -1 -1 -1 -1 -1
0.5237432718276978 0.2788604497909546 0.3466843068599701 -1 -1 -1 -1 -1 -1 -1 -1 -1
0.5211268663406372 0.27363112568855286 0.9404585361480713 -1 -1 -1 -1 -1 -1 -1 -1 -1
0.523287832736969 0.27742695808410645 0.3485841453075409 -1 -1 -1 -1 -1 -1 -1 -1 -1
0.5210098028182983 0.27205389738082886 0.9277828335762024 -1 -1 -1 -1 -1 -1 -1 -1 -1
0.523155927658081 0.2829267382621765 0.3742474913597107 -1 -1 -1 -1 -1 -1 -1 -1 -1
0.5210785269737244 0.2756938934326172 0.9000210762023926 -1 -1 -1 -1 -1 -1 -1 -1 -1
0.5191736817359924 0.5442699790000916 0.9948530793190002 -1 -1 -1 -1 -1 -1 -1 -1 -1
0.5143302083015442 0.5408947467803955 0.9945178627967834 -1 -1 -1 -1 -1 -1 -1 -1 -1
0.5171909332275391 0.6272892355918884 0.10057730972766876 -1 -1 -1 -1 -1 -1 -1 -1 -1
0.5110217928886414 0.6305239200592041 0.839612603187561 -1 -1 -1 -1 -1 -1 -1 -1 -1
0.5078176856040955 0.7248486280441284 0.19384236633777618 -1 -1 -1 -1 -1 -1 -1 -1 -1
0.5045168399810791 0.7296306490898132 0.8836060762405396 -1 -1 -1 -1 -1 -1 -1 -1 -1
0.5009374618530273 0.7432448267936707 0.43940219283103943 -1 -1 -1 -1 -1 -1 -1 -1 -1
0.49796009063720703 0.7504489421844482 0.9383894801139832 -1 -1 -1 -1 -1 -1 -1 -1 -1
0.5307726263999939 0.7459282875061035 0.31581804156303406 -1 -1 -1 -1 -1 -1 -1 -1 -1
0.5249784588813782 0.7557433247566223 0.8270487785339355 -1 -1 -1 -1 -1 -1 -1 -1 -1
1 
33 
-1 -1 -1 -1 -1 -1 -1 -1 -1 -1
0.5385850071907043 0.38590487837791443 0.9847723245620728 -1 -1 -1 -1 -1 -1 -1 -1 -1
0.5371300578117371 0.3794373571872711 0.9839799404144287 -1 -1 -1 -1 -1 -1 -1 -1 -1
0.5367991328239441 0.3793625831604004 0.977875828742981 -1 -1 -1 -1 -1 -1 -1 -1 -1
0.5364057421684265 0.37912890315055847 0.9838733077049255 -1 -1 -1 -1 -1 -1 -1 -1 -1
0.5360384583473206 0.37858206033706665 0.9861862659454346 -1 -1 -1 -1 -1 -1 -1 -1 -1
0.5350105166435242 0.37798014283180237 0.9831008911132812 -1 -1 -1 -1 -1 -1 -1 -1 -1
0.5339321494102478 0.37723779678344727 0.98494553565979 -1 -1 -1 -1 -1 -1 -1 -1 -1
0.5286121368408203 0.3805893659591675 0.9756214618682861 -1 -1 -1 -1 -1 -1 -1 -1 -1
0.5261543393135071 0.37879306077957153 0.979282557964325 -1 -1 -1 -1 -1 -1 -1 -1 -1
0.5357717275619507 0.39397022128105164 0.9758268594741821 -1 -1 -1 -1 -1 -1 -1 -1 -1
0.5344417691230774 0.3929325342178345 0.9756737947463989 -1 -1 -1 -1 -1 -1 -1 -1 -1
0.5177342295646667 0.41154617071151733 0.984969973564148 -1 -1 -1 -1 -1 -1 -1 -1 -1
0.514975905418396 0.40502259135246277 0.9943187832832336 -1 -1 -1 -1 -1 -1 -1 -1 -1
0.5224771499633789 0.35017386078834534 0.11018578708171844 -1 -1 -1 -1 -1 -1 -1 -1 -1
0.5211726427078247 0.34326082468032837 0.9788379669189453 -1 -1 -1 -1 -1 -1 -1 -1 -1
0.5214830636978149 0.29356440901756287 0.32279303669929504 -1 -1 -1 -1 -1 -1 -1 -1 -1
0.51925128698349 0.28223365545272827 0.960188627243042 -1 -1 -1 -1 -1 -1 -1 -1 -1
0.5218780040740967 0.2816377282142639 0.36182430386543274 -1 -1 -1 -1 -1 -1 -1 -1 -1
0.520514190196991 0.27225062251091003 0.9471439719200134 -1 -1 -1 -1 -1 -1 -1 -1 -1
0.5216296315193176 0.28146952390670776 0.36108115315437317 -1 -1 -1 -1 -1 -1 -1 -1 -1
0.5204427242279053 0.2702047526836395 0.9369168281555176 -1 -1 -1 -1 -1 -1 -1 -1 -1
0.5212453007698059 0.28540217876434326 0.385959655046463 -1 -1 -1 -1 -1 -1 -1 -1 -1
0.5200501084327698 0.2734804153442383 0.911568284034729 -1 -1 -1 -1 -1 -1 -1 -1 -1
0.5198971629142761 0.5535807013511658 0.9951789379119873 -1 -1 -1 -1 -1 -1 -1 -1 -1
0.5151960253715515 0.5496119856834412 0.9948073029518127 -1 -1 -1 -1 -1 -1 -1 -1 -1
0.5170795321464539 0.6355131268501282 0.13331635296344757 -1 -1 -1 -1 -1 -1 -1 -1 -1
0.5099906325340271 0.6381616592407227 0.8884331583976746 -1 -1 -1 -1 -1 -1 -1 -1 -1
0.5072558522224426 0.7271791100502014 0.2642199397087097 -1 -1 -1 -1 -1 -1 -1 -1 -1
0.5043985247612 0.731803834438324 0.9136355519294739 -1 -1 -1 -1 -1 -1 -1 -1 -1
0.4992671608924866 0.7494086623191833 0.5423873066902161 -1 -1 -1 -1 -1 -1 -1 -1 -1
0.497286856174469 0.7530919313430786 0.9507402777671814 -1 -1 -1 -1 -1 -1 -1 -1 -1
0.5311748385429382 0.7500854730606079 0.3910440504550934 -1 -1 -1 -1 -1 -1 -1 -1 -1
0.5233390927314758 0.7604691386222839 0.8603068590164185 -1 -1 -1 -1 -1 -1 -1 -1 -1
1 
33 
-1 -1 -1 -1 -1 -1 -1 -1 -1 -1
0.536336362361908 0.38021939992904663 0.9872744083404541 -1 -1 -1 -1 -1 -1 -1 -1 -1
0.5345227122306824 0.3735448718070984 0.986396312713623 -1 -1 -1 -1 -1 -1 -1 -1 -1
0.5340598821640015 0.373322993516922 0.9805226922035217 -1 -1 -1 -1 -1 -1 -1 -1 -1
0.5335608124732971 0.37297290563583374 0.9870358109474182 -1 -1 -1 -1 -1 -1 -1 -1 -1
0.5340934991836548 0.3732442259788513 0.9878860712051392 -1 -1 -1 -1 -1 -1 -1 -1 -1
0.5333399176597595 0.3728213310241699 0.9848871827125549 -1 -1 -1 -1 -1 -1 -1 -1 -1
0.5325644016265869 0.37228429317474365 0.9872058629989624 -1 -1 -1 -1 -1 -1 -1 -1 -1
0.5258804559707642 0.37579965591430664 0.9786310195922852 -1 -1 -1 -1 -1 -1 -1 -1 -1
0.5252079963684082 0.37509042024612427 0.9816005229949951 -1 -1 -1 -1 -1 -1 -1 -1 -1
0.5340768098831177 0.38774949312210083 0.9798689484596252 -1 -1 -1 -1 -1 -1 -1 -1 -1
0.5333735942840576 0.3877018690109253 0.9789745807647705 -1 -1 -1 -1 -1 -1 -1 -1 -1
0.5167791247367859 0.4044286608695984 0.9872013330459595 -1 -1 -1 -1 -1 -1 -1 -1 -1
0.5152024030685425 0.401085764169693 0.9935065507888794 -1 -1 -1 -1 -1 -1 -1 -1 -1
0.5225450396537781 0.34786465764045715 0.08901618421077728 -1 -1 -1 -1 -1 -1 -1 -1 -1
0.5209012031555176 0.3408162593841553 0.9731721878051758 -1 -1 -1 -1 -1 -1 -1 -1 -1
0.5214377045631409 0.2908896505832672 0.24752113223075867 -1 -1 -1 -1 -1 -1 -1 -1 -1
0.5190200209617615 0.28064727783203125 0.939208447933197 -1 -1 -1 -1 -1 -1 -1 -1 -1
0.5222441554069519 0.27697017788887024 0.28853467106819153 -1 -1 -1 -1 -1 -1 -1 -1 -1
0.520243227481842 0.27095574140548706 0.9210849404335022 -1 -1 -1 -1 -1 -1 -1 -1 -1
0.5223270058631897 0.2773875594139099 0.28900158405303955 -1 -1 -1 -1 -1 -1 -1 -1 -1
0.5205094218254089 0.26896601915359497 0.9056646227836609 -1 -1 -1 -1 -1 -1 -1 -1 -1
0.5220177173614502 0.28334206342697144 0.3117540180683136 -1 -1 -1 -1 -1 -1 -1 -1 -1
0.520337700843811 0.27214401960372925 0.8700031042098999 -1 -1 -1 -1 -1 -1 -1 -1 -1
0.5184299349784851 0.5423834919929504 0.9950973391532898 -1 -1 -1 -1 -1 -1 -1 -1 -1
0.5142551064491272 0.5400071740150452 0.9938913583755493 -1 -1 -1 -1 -1 -1 -1 -1 -1
0.518153190612793 0.6296693086624146 0.11777301132678986 -1 -1 -1 -1 -1 -1 -1 -1 -1
0.5110779404640198 0.6323827505111694 0.8502839207649231 -1 -1 -1 -1 -1 -1 -1 -1 -1
0.5074177384376526 0.7300900816917419 0.2395315021276474 -1 -1 -1 -1 -1 -1 -1 -1 -1
0.5041379928588867 0.731197714805603 0.887704610824585 -1 -1 -1 -1 -1 -1 -1 -1 -1
0.49853751063346863 0.7477501630783081 0.4740600287914276 -1 -1 -1 -1 -1 -1 -1 -1 -1
0.49475181102752686 0.7500333786010742 0.9295106530189514 -1 -1 -1 -1 -1 -1 -1 -1 -1
0.5338677763938904 0.7520835399627686 0.37268492579460144 -1 -1 -1 -1 -1 -1 -1 -1 -1
0.5260104537010193 0.7576318979263306 0.8443000912666321 -1 -1 -1 -1 -1 -1 -1 -1 -1
1 
33 
-1 -1 -1 -1 -1 -1 -1 -1 -1 -1
0.5385550856590271 0.38334691524505615 0.9783740043640137 -1 -1 -1 -1 -1 -1 -1 -1 -1
0.5369399785995483 0.37633731961250305 0.9776611924171448 -1 -1 -1 -1 -1 -1 -1 -1 -1
0.5365515947341919 0.3760244846343994 0.9698198437690735 -1 -1 -1 -1 -1 -1 -1 -1 -1
0.5361232757568359 0.3755336403846741 0.9781888127326965 -1 -1 -1 -1 -1 -1 -1 -1 -1
0.5361289381980896 0.3758864402770996 0.9812450408935547 -1 -1 -1 -1 -1 -1 -1 -1 -1
0.535206139087677 0.37532269954681396 0.9769301414489746 -1 -1 -1 -1 -1 -1 -1 -1 -1
0.5342423915863037 0.3746146559715271 0.9791216254234314 -1 -1 -1 -1 -1 -1 -1 -1 -1
0.528300940990448 0.3768594264984131 0.9671576619148254 -1 -1 -1 -1 -1 -1 -1 -1 -1
0.5267760753631592 0.37646472454071045 0.9692395329475403 -1 -1 -1 -1 -1 -1 -1 -1 -1
0.5358449816703796 0.39078396558761597 0.9661213755607605 -1 -1 -1 -1 -1 -1 -1 -1 -1
0.5348634719848633 0.39057987928390503 0.9654935598373413 -1 -1 -1 -1 -1 -1 -1 -1 -1
0.5168335437774658 0.40752914547920227 0.9827451109886169 -1 -1 -1 -1 -1 -1 -1 -1 -1
0.5156795978546143 0.4053724408149719 0.9918109178543091 -1 -1 -1 -1 -1 -1 -1 -1 -1
0.522416889667511 0.3502155542373657 0.10812263190746307 -1 -1 -1 -1 -1 -1 -1 -1 -1
0.5221664309501648 0.3453071713447571 0.9703293442726135 -1 -1 -1 -1 -1 -1 -1 -1 -1
0.5226613879203796 0.29077422618865967 0.30162811279296875 -1 -1 -1 -1 -1 -1 -1 -1 -1
0.5207347869873047 0.28229624032974243 0.9454605579376221 -1 -1 -1 -1 -1 -1 -1 -1 -1
0.5233573317527771 0.2780546545982361 0.342661052942276 -1 -1 -1 -1 -1 -1 -1 -1 -1
0.5218724608421326 0.2720370292663574 0.9313050508499146 -1 -1 -1 -1 -1 -1 -1 -1 -1
0.5230144262313843 0.276113897562027 0.34080272912979126 -1 -1 -1 -1 -1 -1 -1 -1 -1
0.5217736959457397 0.2699962556362152 0.9193242788314819 -1 -1 -1 -1 -1 -1 -1 -1 -1
0.5227317810058594 0.28139621019363403 0.36137065291404724 -1 -1 -1 -1 -1 -1 -1 -1 -1
0.5215333700180054 0.27334609627723694 0.8877393007278442 -1 -1 -1 -1 -1 -1 -1 -1 -1
0.5182838439941406 0.5480777025222778 0.9945569038391113 -1 -1 -1 -1 -1 -1 -1 -1 -1
0.5143882036209106 0.5457327961921692 0.9939845204353333 -1 -1 -1 -1 -1 -1 -1 -1 -1
0.5155906081199646 0.6372184157371521 0.14296159148216248 -1 -1 -1 -1 -1 -1 -1 -1 -1
0.5109651684761047 0.6357394456863403 0.8603325486183167 -1 -1 -1 -1 -1 -1 -1 -1 -1
0.5072340369224548 0.7287067174911499 0.2649226486682892 -1 -1 -1 -1 -1 -1 -1 -1 -1
0.5055704712867737 0.7305136322975159 0.898053765296936 -1 -1 -1 -1 -1 -1 -1 -1 -1
0.49915611743927 0.7494542002677917 0.5359104871749878 -1 -1 -1 -1 -1 -1 -1 -1 -1
0.4979522228240967 0.7516055107116699 0.9418898820877075 -1 -1 -1 -1 -1 -1 -1 -1 -1
0.5323872566223145 0.7521684169769287 0.3912515938282013 -1 -1 -1 -1 -1 -1 -1 -1 -1
0.525322675704956 0.7585991621017456 0.8485116958618164 -1 -1 -1 -1 -1 -1 -1 -1 -1
1 
33 
-1 -1 -1 -1 -1 -1 -1 -1 -1 -1
0.5389056205749512 0.38403165340423584 0.9844034910202026 -1 -1 -1 -1 -1 -1 -1 -1 -1
0.5374283194541931 0.3773019313812256 0.9830597639083862 -1 -1 -1 -1 -1 -1 -1 -1 -1
0.5370463132858276 0.377170592546463 0.9761968851089478 -1 -1 -1 -1 -1 -1 -1 -1 -1
0.5366054773330688 0.37686729431152344 0.9830849766731262 -1 -1 -1 -1 -1 -1 -1 -1 -1
0.5364118814468384 0.37632107734680176 0.985914945602417 -1 -1 -1 -1 -1 -1 -1 -1 -1
0.5353595018386841 0.3755764067173004 0.9828622937202454 -1 -1 -1 -1 -1 -1 -1 -1 -1
0.5342475771903992 0.37467288970947266 0.9850538372993469 -1 -1 -1 -1 -1 -1 -1 -1 -1
0.5284797549247742 0.37805303931236267 0.9734179377555847 -1 -1 -1 -1 -1 -1 -1 -1 -1
0.525897204875946 0.3757079243659973 0.9799092411994934 -1 -1 -1 -1 -1 -1 -1 -1 -1
0.5358965396881104 0.3915661871433258 0.9743875861167908 -1 -1 -1 -1 -1 -1 -1 -1 -1
0.5346331000328064 0.39064785838127136 0.9755791425704956 -1 -1 -1 -1 -1 -1 -1 -1 -1
0.5171055197715759 0.4063127338886261 0.9844703674316406 -1 -1 -1 -1 -1 -1 -1 -1 -1
0.5143068432807922 0.4008702337741852 0.9948924779891968 -1 -1 -1 -1 -1 -1 -1 -1 -1
0.5230991244316101 0.3483165502548218 0.09072808921337128 -1 -1 -1 -1 -1 -1 -1 -1 -1
0.5194708704948425 0.33740493655204773 0.985691249370575 -1 -1 -1 -1 -1 -1 -1 -1 -1
0.5233005285263062 0.2890315353870392 0.2850920259952545 -1 -1 -1 -1 -1 -1 -1 -1 -1
0.5185545682907104 0.276041716337204 0.9720303416252136 -1 -1 -1 -1 -1 -1 -1 -1 -1
0.5250130295753479 0.2771485447883606 0.33134549856185913 -1 -1 -1 -1 -1 -1 -1 -1 -1
0.5211570858955383 0.2672111392021179 0.9599860906600952 -1 -1 -1 -1 -1 -1 -1 -1 -1
0.5246999859809875 0.27696770429611206 0.3321596682071686 -1 -1 -1 -1 -1 -1 -1 -1 -1
0.5212271213531494 0.26523080468177795 0.9513970613479614 -1 -1 -1 -1 -1 -1 -1 -1 -1
0.5239795446395874 0.28039515018463135 0.35750409960746765 -1 -1 -1 -1 -1 -1 -1 -1 -1
0.5206048488616943 0.26803916692733765 0.9290734529495239 -1 -1 -1 -1 -1 -1 -1 -1 -1
0.5190221667289734 0.5444313287734985 0.9932679533958435 -1 -1 -1 -1 -1 -1 -1 -1 -1
0.5148312449455261 0.5406623482704163 0.9934955835342407 -1 -1 -1 -1 -1 -1 -1 -1 -1
0.5171520113945007 0.6310187578201294 0.11773934215307236 -1 -1 -1 -1 -1 -1 -1 -1 -1
0.5111594200134277 0.6323910355567932 0.8895907998085022 -1 -1 -1 -1 -1 -1 -1 -1 -1
0.5097688436508179 0.7283042073249817 0.22948245704174042 -1 -1 -1 -1 -1 -1 -1 -1 -1
0.5079138278961182 0.731247067451477 0.9150784015655518 -1 -1 -1 -1 -1 -1 -1 -1 -1
0.5014852285385132 0.74919593334198 0.48668694496154785 -1 -1 -1 -1 -1 -1 -1 -1 -1
0.5004038214683533 0.7519738674163818 0.9514508247375488 -1 -1 -1 -1 -1 -1 -1 -1 -1
0.5354335904121399 0.7526333332061768 0.3536777198314667 -1 -1 -1 -1 -1 -1 -1 -1 -1
0.5309813618659973 0.760216236114502 0.8632715344429016 -1 -1 -1 -1 -1 -1 -1 -1 -1
1 
33 
-1 -1 -1 -1 -1 -1 -1 -1 -1 -1
0.5375922918319702 0.3773285746574402 0.9922670722007751 -1 -1 -1 -1 -1 -1 -1 -1 -1
0.5361286401748657 0.37079179286956787 0.991967499256134 -1 -1 -1 -1 -1 -1 -1 -1 -1
0.5358803272247314 0.3705155849456787 0.9885786771774292 -1 -1 -1 -1 -1 -1 -1 -1 -1
0.5355965495109558 0.37007245421409607 0.9917895793914795 -1 -1 -1 -1 -1 -1 -1 -1 -1
0.5350608229637146 0.3710523247718811 0.9928681254386902 -1 -1 -1 -1 -1 -1 -1 -1 -1
0.534092366695404 0.3710429072380066 0.9911885261535645 -1 -1 -1 -1 -1 -1 -1 -1 -1
0.5330361127853394 0.370928555727005 0.9925359487533569 -1 -1 -1 -1 -1 -1 -1 -1 -1
0.5281242728233337 0.3724641799926758 0.9853143692016602 -1 -1 -1 -1 -1 -1 -1 -1 -1
0.5252848863601685 0.37368452548980713 0.9896501302719116 -1 -1 -1 -1 -1 -1 -1 -1 -1
0.5349736213684082 0.3858015537261963 0.9876435995101929 -1 -1 -1 -1 -1 -1 -1 -1 -1
0.5334195494651794 0.38637614250183105 0.9884406328201294 -1 -1 -1 -1 -1 -1 -1 -1 -1
0.5141009092330933 0.4014967679977417 0.9927780032157898 -1 -1 -1 -1 -1 -1 -1 -1 -1
0.5141184329986572 0.4023270606994629 0.9966959953308105 -1 -1 -1 -1 -1 -1 -1 -1 -1
0.5199334621429443 0.3459460139274597 0.1725272834300995 -1 -1 -1 -1 -1 -1 -1 -1 -1
0.5206010341644287 0.34314513206481934 0.9853888154029846 -1 -1 -1 -1 -1 -1 -1 -1 -1
0.5225302577018738 0.288877934217453 0.4242483377456665 -1 -1 -1 -1 -1 -1 -1 -1 -1
0.5207328200340271 0.27880775928497314 0.9683271050453186 -1 -1 -1 -1 -1 -1 -1 -1 -1
0.5234338045120239 0.276168555021286 0.45847204327583313 -1 -1 -1 -1 -1 -1 -1 -1 -1
0.5226468443870544 0.26630207896232605 0.9531696438789368 -1 -1 -1 -1 -1 -1 -1 -1 -1
0.5232138633728027 0.27413442730903625 0.46050161123275757 -1 -1 -1 -1 -1 -1 -1 -1 -1
0.5220432281494141 0.26479554176330566 0.9435551166534424 -1 -1 -1 -1 -1 -1 -1 -1 -1
0.5228630304336548 0.27762025594711304 0.4800419211387634 -1 -1 -1 -1 -1 -1 -1 -1 -1
0.5214957594871521 0.2690114378929138 0.9193693399429321 -1 -1 -1 -1 -1 -1 -1 -1 -1
0.5171948671340942 0.5510136485099792 0.9977996945381165 -1 -1 -1 -1 -1 -1 -1 -1 -1
0.513025164604187 0.5494720339775085 0.9972190856933594 -1 -1 -1 -1 -1 -1 -1 -1 -1
0.5178400278091431 0.6320560574531555 0.16368329524993896 -1 -1 -1 -1 -1 -1 -1 -1 -1
0.5116918087005615 0.6341539621353149 0.8831012845039368 -1 -1 -1 -1 -1 -1 -1 -1 -1
0.5107207894325256 0.7262818813323975 0.31163135170936584 -1 -1 -1 -1 -1 -1 -1 -1 -1
0.5085529088973999 0.7298594117164612 0.919520914554596 -1 -1 -1 -1 -1 -1 -1 -1 -1
0.504798412322998 0.7443195581436157 0.571897029876709 -1 -1 -1 -1 -1 -1 -1 -1 -1
0.5026370286941528 0.7489200830459595 0.9557334184646606 -1 -1 -1 -1 -1 -1 -1 -1 -1
0.5359799861907959 0.7437703013420105 0.4648965299129486 -1 -1 -1 -1 -1 -1 -1 -1 -1
0.5325914621353149 0.7524728775024414 0.8846217393875122 -1 -1 -1 -1 -1 -1 -1 -1 -1
1 
33 
-1 -1 -1 -1 -1 -1 -1 -1 -1 -1
0.5370686650276184 0.37089741230010986 0.9917601943016052 -1 -1 -1 -1 -1 -1 -1 -1 -1
0.5353263020515442 0.3629005253314972 0.9907128214836121 -1 -1 -1 -1 -1 -1 -1 -1 -1
0.5350549817085266 0.362597793340683 0.9856417775154114 -1 -1 -1 -1 -1 -1 -1 -1 -1
0.5347759127616882 0.36232995986938477 0.9904811978340149 -1 -1 -1 -1 -1 -1 -1 -1 -1
0.5343483090400696 0.36287081241607666 0.9926251769065857 -1 -1 -1 -1 -1 -1 -1 -1 -1
0.5333964228630066 0.362524151802063 0.9907203912734985 -1 -1 -1 -1 -1 -1 -1 -1 -1
0.5323979258537292 0.36218440532684326 0.9925682544708252 -1 -1 -1 -1 -1 -1 -1 -1 -1
0.5272238254547119 0.364376962184906 0.982730507850647 -1 -1 -1 -1 -1 -1 -1 -1 -1
0.5251023173332214 0.3643004596233368 0.9887114763259888 -1 -1 -1 -1 -1 -1 -1 -1 -1
0.5345821976661682 0.37749794125556946 0.9855042099952698 -1 -1 -1 -1 -1 -1 -1 -1 -1
0.5333198308944702 0.3775373101234436 0.9861581325531006 -1 -1 -1 -1 -1 -1 -1 -1 -1
0.5145640969276428 0.39466166496276855 0.9866950511932373 -1 -1 -1 -1 -1 -1 -1 -1 -1
0.5165115594863892 0.39709165692329407 0.9963326454162598 -1 -1 -1 -1 -1 -1 -1 -1 -1
0.5191130638122559 0.3434726595878601 0.10461077094078064 -1 -1 -1 -1 -1 -1 -1 -1 -1
0.52171790599823 0.3475857377052307 0.9748050570487976 -1 -1 -1 -1 -1 -1 -1 -1 -1
0.5216628313064575 0.28968846797943115 0.3896317481994629 -1 -1 -1 -1 -1 -1 -1 -1 -1
0.5246382355690002 0.28686729073524475 0.9665672183036804 -1 -1 -1 -1 -1 -1 -1 -1 -1
0.5210069417953491 0.27600738406181335 0.4419553577899933 -1 -1 -1 -1 -1 -1 -1 -1 -1
0.52627032995224 0.2641451954841614 0.9545179009437561 -1 -1 -1 -1 -1 -1 -1 -1 -1
0.5218993425369263 0.27507826685905457 0.44386225938796997 -1 -1 -1 -1 -1 -1 -1 -1 -1
0.5241979360580444 0.27207711338996887 0.9447426199913025 -1 -1 -1 -1 -1 -1 -1 -1 -1
0.5226261019706726 0.2791653275489807 0.4566628634929657 -1 -1 -1 -1 -1 -1 -1 -1 -1
0.5239344239234924 0.2771006226539612 0.9171519875526428 -1 -1 -1 -1 -1 -1 -1 -1 -1
0.5171024203300476 0.5354624390602112 0.9963774085044861 -1 -1 -1 -1 -1 -1 -1 -1 -1
0.5150648355484009 0.5338010191917419 0.9964959025382996 -1 -1 -1 -1 -1 -1 -1 -1 -1
0.5200482606887817 0.6188294887542725 0.14765216410160065 -1 -1 -1 -1 -1 -1 -1 -1 -1
0.5143909454345703 0.6222655773162842 0.9059380888938904 -1 -1 -1 -1 -1 -1 -1 -1 -1
0.5136655569076538 0.7130762934684753 0.30373165011405945 -1 -1 -1 -1 -1 -1 -1 -1 -1
0.5093440413475037 0.7193536758422852 0.928550124168396 -1 -1 -1 -1 -1 -1 -1 -1 -1
0.5045608282089233 0.7337013483047485 0.5303316712379456 -1 -1 -1 -1 -1 -1 -1 -1 -1
0.5015776753425598 0.7381124496459961 0.9474242329597473 -1 -1 -1 -1 -1 -1 -1 -1 -1
0.5349321961402893 0.7413651943206787 0.4221525192260742 -1 -1 -1 -1 -1 -1 -1 -1 -1
0.5306548476219177 0.7517195343971252 0.8797271251678467 -1 -1 -1 -1 -1 -1 -1 -1 -1
1 
33 
-1 -1 -1 -1 -1 -1 -1 -1 -1 -1
0.5375773310661316 0.36806511878967285 0.9923797845840454 -1 -1 -1 -1 -1 -1 -1 -1 -1
0.5360994338989258 0.3589526414871216 0.9913091659545898 -1 -1 -1 -1 -1 -1 -1 -1 -1
0.5357790589332581 0.358649343252182 0.9863861799240112 -1 -1 -1 -1 -1 -1 -1 -1 -1
0.5353869199752808 0.3583158850669861 0.9908015131950378 -1 -1 -1 -1 -1 -1 -1 -1 -1
0.5351142883300781 0.35886335372924805 0.9940093755722046 -1 -1 -1 -1 -1 -1 -1 -1 -1
0.5341260433197021 0.35852086544036865 0.9928994178771973 -1 -1 -1 -1 -1 -1 -1 -1 -1
0.5330073833465576 0.35812246799468994 0.9943792223930359 -1 -1 -1 -1 -1 -1 -1 -1 -1
0.527432918548584 0.36101341247558594 0.9818640947341919 -1 -1 -1 -1 -1 -1 -1 -1 -1
0.5255892872810364 0.3607496917247772 0.9904361367225647 -1 -1 -1 -1 -1 -1 -1 -1 -1
0.5347963571548462 0.3762587010860443 0.9847663640975952 -1 -1 -1 -1 -1 -1 -1 -1 -1
0.5336229205131531 0.375718355178833 0.9872086644172668 -1 -1 -1 -1 -1 -1 -1 -1 -1
0.5150007605552673 0.3956928849220276 0.981777548789978 -1 -1 -1 -1 -1 -1 -1 -1 -1
0.5143570303916931 0.3967902660369873 0.9959996938705444 -1 -1 -1 -1 -1 -1 -1 -1 -1
0.5224107503890991 0.3417521119117737 0.12673290073871613 -1 -1 -1 -1 -1 -1 -1 -1 -1
0.5220861434936523 0.34586331248283386 0.971997082233429 -1 -1 -1 -1 -1 -1 -1 -1 -1
0.5258711576461792 0.2894287705421448 0.34908634424209595 -1 -1 -1 -1 -1 -1 -1 -1 -1
0.5287743210792542 0.285011351108551 0.9587277770042419 -1 -1 -1 -1 -1 -1 -1 -1 -1
0.5264783501625061 0.278752863407135 0.3866337239742279 -1 -1 -1 -1 -1 -1 -1 -1 -1
0.5295292735099792 0.2725447416305542 0.9430552124977112 -1 -1 -1 -1 -1 -1 -1 -1 -1
0.5265223979949951 0.2777712047100067 0.3905166983604431 -1 -1 -1 -1 -1 -1 -1 -1 -1
0.5293368697166443 0.2777414917945862 0.9321390390396118 -1 -1 -1 -1 -1 -1 -1 -1 -1
0.52611243724823 0.2803710401058197 0.39843055605888367 -1 -1 -1 -1 -1 -1 -1 -1 -1
0.5279816389083862 0.2800428867340088 0.8984380960464478 -1 -1 -1 -1 -1 -1 -1 -1 -1
0.5140818357467651 0.5379024744033813 0.9968475699424744 -1 -1 -1 -1 -1 -1 -1 -1 -1
0.5115321278572083 0.5355619788169861 0.996970534324646 -1 -1 -1 -1 -1 -1 -1 -1 -1
0.5176190137863159 0.6197850108146667 0.20435106754302979 -1 -1 -1 -1 -1 -1 -1 -1 -1
0.5132352709770203 0.6181563138961792 0.9322502613067627 -1 -1 -1 -1 -1 -1 -1 -1 -1
0.5144153237342834 0.7132037281990051 0.3858535885810852 -1 -1 -1 -1 -1 -1 -1 -1 -1
0.5129773616790771 0.7166541218757629 0.9534910321235657 -1 -1 -1 -1 -1 -1 -1 -1 -1
0.5065522193908691 0.7292606830596924 0.5861344933509827 -1 -1 -1 -1 -1 -1 -1 -1 -1
0.5048438906669617 0.7312235832214355 0.9625030755996704 -1 -1 -1 -1 -1 -1 -1 -1 -1
0.5337346792221069 0.7424730062484741 0.5083993673324585 -1 -1 -1 -1 -1 -1 -1 -1 -1
0.532024085521698 0.7460858225822449 0.9214903712272644 -1 -1 -1 -1 -1 -1 -1 -1 -1
1 
33 
-1 -1 -1 -1 -1 -1 -1 -1 -1 -1
0.5376842021942139 0.36122584342956543 0.9966930150985718 -1 -1 -1 -1 -1 -1 -1 -1 -1
0.5363900065422058 0.3518853187561035 0.9972285628318787 -1 -1 -1 -1 -1 -1 -1 -1 -1
0.5361200571060181 0.3515161871910095 0.9952888488769531 -1 -1 -1 -1 -1 -1 -1 -1 -1
0.5358278155326843 0.3511137068271637 0.9972597360610962 -1 -1 -1 -1 -1 -1 -1 -1 -1
0.5355894565582275 0.3516625761985779 0.9979262351989746 -1 -1 -1 -1 -1 -1 -1 -1 -1
0.5347797870635986 0.3511672914028168 0.9973594546318054 -1 -1 -1 -1 -1 -1 -1 -1 -1
0.5339702367782593 0.3506011366844177 0.998099148273468 -1 -1 -1 -1 -1 -1 -1 -1 -1
0.5287783741950989 0.3539014160633087 0.9954720735549927 -1 -1 -1 -1 -1 -1 -1 -1 -1
0.5281416177749634 0.3530086874961853 0.996189534664154 -1 -1 -1 -1 -1 -1 -1 -1 -1
0.535331130027771 0.367843896150589 0.9922946691513062 -1 -1 -1 -1 -1 -1 -1 -1 -1
0.5343073606491089 0.3681166172027588 0.9928096532821655 -1 -1 -1 -1 -1 -1 -1 -1 -1
0.5135328769683838 0.3883334994316101 0.9880557060241699 -1 -1 -1 -1 -1 -1 -1 -1 -1
0.5177339911460876 0.3855600357055664 0.9961045980453491 -1 -1 -1 -1 -1 -1 -1 -1 -1
0.5195428133010864 0.3522021770477295 0.0810655951499939 -1 -1 -1 -1 -1 -1 -1 -1 -1
0.5211454033851624 0.351855605840683 0.9189389944076538 -1 -1 -1 -1 -1 -1 -1 -1 -1
0.5251500606536865 0.3070414066314697 0.1732116937637329 -1 -1 -1 -1 -1 -1 -1 -1 -1
0.5295661091804504 0.3106135129928589 0.9086666703224182 -1 -1 -1 -1 -1 -1 -1 -1 -1
0.5247962474822998 0.29738426208496094 0.2171129286289215 -1 -1 -1 -1 -1 -1 -1 -1 -1
0.5277376770973206 0.2959754168987274 0.9021821022033691 -1 -1 -1 -1 -1 -1 -1 -1 -1
0.5257928371429443 0.295372873544693 0.22048167884349823 -1 -1 -1 -1 -1 -1 -1 -1 -1
0.5294128060340881 0.29751646518707275 0.8901426196098328 -1 -1 -1 -1 -1 -1 -1 -1 -1
0.5259722471237183 0.29765236377716064 0.23351898789405823 -1 -1 -1 -1 -1 -1 -1 -1 -1
0.5306485295295715 0.3032255470752716 0.8449835777282715 -1 -1 -1 -1 -1 -1 -1 -1 -1
0.5130532383918762 0.5227092504501343 0.9976702332496643 -1 -1 -1 -1 -1 -1 -1 -1 -1
0.5114084482192993 0.5197455286979675 0.997349739074707 -1 -1 -1 -1 -1 -1 -1 -1 -1
0.5172008275985718 0.6147220134735107 0.20830178260803223 -1 -1 -1 -1 -1 -1 -1 -1 -1
0.5136871933937073 0.6149706244468689 0.8499927520751953 -1 -1 -1 -1 -1 -1 -1 -1 -1
0.5133333206176758 0.711628258228302 0.32316964864730835 -1 -1 -1 -1 -1 -1 -1 -1 -1
0.5125786662101746 0.7174174189567566 0.9115628600120544 -1 -1 -1 -1 -1 -1 -1 -1 -1
0.506220281124115 0.7284555435180664 0.5039042830467224 -1 -1 -1 -1 -1 -1 -1 -1 -1
0.5053985118865967 0.7331517934799194 0.9365947246551514 -1 -1 -1 -1 -1 -1 -1 -1 -1
0.5338801145553589 0.7458523511886597 0.4379843771457672 -1 -1 -1 -1 -1 -1 -1 -1 -1
0.5330970287322998 0.7542800903320312 0.8900244832038879 -1 -1 -1 -1 -1 -1 -1 -1 -1
1 
33 
-1 -1 -1 -1 -1 -1 -1 -1 -1 -1
0.5326502919197083 0.3574446737766266 0.9986081719398499 -1 -1 -1 -1 -1 -1 -1 -1 -1
0.5303033590316772 0.3492205739021301 0.9988948702812195 -1 -1 -1 -1 -1 -1 -1 -1 -1
0.5299271941184998 0.3488299250602722 0.9981710910797119 -1 -1 -1 -1 -1 -1 -1 -1 -1
0.5295915007591248 0.34848201274871826 0.9990668892860413 -1 -1 -1 -1 -1 -1 -1 -1 -1
0.5299666523933411 0.35016971826553345 0.9991745352745056 -1 -1 -1 -1 -1 -1 -1 -1 -1
0.5293222665786743 0.35040217638015747 0.9990403056144714 -1 -1 -1 -1 -1 -1 -1 -1 -1
0.5287405848503113 0.3506239652633667 0.9993739724159241 -1 -1 -1 -1 -1 -1 -1 -1 -1
0.5232328176498413 0.35292160511016846 0.9988083839416504 -1 -1 -1 -1 -1 -1 -1 -1 -1
0.5235648155212402 0.35489994287490845 0.9984462857246399 -1 -1 -1 -1 -1 -1 -1 -1 -1
0.531168520450592 0.3627723455429077 0.9969567060470581 -1 -1 -1 -1 -1 -1 -1 -1 -1
0.5305218696594238 0.3640387952327728 0.9967924952507019 -1 -1 -1 -1 -1 -1 -1 -1 -1
0.5117915868759155 0.386970192193985 0.9932025074958801 -1 -1 -1 -1 -1 -1 -1 -1 -1
0.5153335332870483 0.38923364877700806 0.9978353381156921 -1 -1 -1 -1 -1 -1 -1 -1 -1
0.5133336186408997 0.35961562395095825 0.09191969782114029 -1 -1 -1 -1 -1 -1 -1 -1 -1
0.526030957698822 0.3833054304122925 0.90852290391922 -1 -1 -1 -1 -1 -1 -1 -1 -1
0.5240352153778076 0.33309417963027954 0.1202007457613945 -1 -1 -1 -1 -1 -1 -1 -1 -1
0.5382424592971802 0.3458764851093292 0.9042406678199768 -1 -1 -1 -1 -1 -1 -1 -1 -1
0.5240404605865479 0.32809874415397644 0.14555533230304718 -1 -1 -1 -1 -1 -1 -1 -1 -1
0.5415353178977966 0.3397262990474701 0.9001162052154541 -1 -1 -1 -1 -1 -1 -1 -1 -1
0.5249478220939636 0.326543390750885 0.1502504050731659 -1 -1 -1 -1 -1 -1 -1 -1 -1
0.5401124358177185 0.3368249535560608 0.8936434388160706 -1 -1 -1 -1 -1 -1 -1 -1 -1
0.5258999466896057 0.32863426208496094 0.16311869025230408 -1 -1 -1 -1 -1 -1 -1 -1 -1
0.5385903120040894 0.3390762209892273 0.8473334312438965 -1 -1 -1 -1 -1 -1 -1 -1 -1
0.5108060240745544 0.5201488137245178 0.9988866448402405 -1 -1 -1 -1 -1 -1 -1 -1 -1
0.5105334520339966 0.5208836793899536 0.9986875653266907 -1 -1 -1 -1 -1 -1 -1 -1 -1
0.516677737236023 0.6074455976486206 0.324678510427475 -1 -1 -1 -1 -1 -1 -1 -1 -1
0.5146505832672119 0.6081505417823792 0.8475668430328369 -1 -1 -1 -1 -1 -1 -1 -1 -1
0.5171307921409607 0.7078438997268677 0.5188404321670532 -1 -1 -1 -1 -1 -1 -1 -1 -1
0.5170977711677551 0.7152296900749207 0.9524508714675903 -1 -1 -1 -1 -1 -1 -1 -1 -1
0.5093761086463928 0.7193480730056763 0.6305515170097351 -1 -1 -1 -1 -1 -1 -1 -1 -1
0.5093271732330322 0.7272657752037048 0.9467166066169739 -1 -1 -1 -1 -1 -1 -1 -1 -1
0.5329204797744751 0.7395244836807251 0.6479215621948242 -1 -1 -1 -1 -1 -1 -1 -1 -1
0.5328047871589661 0.7455285787582397 0.9507739543914795 -1 -1 -1 -1 -1 -1 -1 -1 -1
1 
33 
-1 -1 -1 -1 -1 -1 -1 -1 -1 -1
0.5339794158935547 0.3693472146987915 0.9984747767448425 -1 -1 -1 -1 -1 -1 -1 -1 -1
0.5327922105789185 0.3603740334510803 0.9985607266426086 -1 -1 -1 -1 -1 -1 -1 -1 -1
0.532365620136261 0.36010271310806274 0.9977776408195496 -1 -1 -1 -1 -1 -1 -1 -1 -1
0.5319489240646362 0.359796404838562 0.9986904263496399 -1 -1 -1 -1 -1 -1 -1 -1 -1
0.5323406457901001 0.36016711592674255 0.9989864230155945 -1 -1 -1 -1 -1 -1 -1 -1 -1
0.5316011905670166 0.35977309942245483 0.99899822473526 -1 -1 -1 -1 -1 -1 -1 -1 -1
0.530883252620697 0.3593316376209259 0.9992675185203552 -1 -1 -1 -1 -1 -1 -1 -1 -1
0.5251991152763367 0.362532377243042 0.999143123626709 -1 -1 -1 -1 -1 -1 -1 -1 -1
0.5248253345489502 0.3616640567779541 0.9986451268196106 -1 -1 -1 -1 -1 -1 -1 -1 -1
0.5308790802955627 0.37654855847358704 0.9977535605430603 -1 -1 -1 -1 -1 -1 -1 -1 -1
0.5301726460456848 0.37651023268699646 0.9975548386573792 -1 -1 -1 -1 -1 -1 -1 -1 -1
0.5098912715911865 0.39541709423065186 0.9855990409851074 -1 -1 -1 -1 -1 -1 -1 -1 -1
0.5144327878952026 0.39439043402671814 0.99772709608078 -1 -1 -1 -1 -1 -1 -1 -1 -1
0.5175092220306396 0.3764554262161255 0.05607055872678757 -1 -1 -1 -1 -1 -1 -1 -1 -1
0.5184387564659119 0.39558902382850647 0.8262560367584229 -1 -1 -1 -1 -1 -1 -1 -1 -1
0.5180517435073853 0.36936724185943604 0.025207215920090675 -1 -1 -1 -1 -1 -1 -1 -1 -1
0.5265558362007141 0.38073211908340454 0.6785402894020081 -1 -1 -1 -1 -1 -1 -1 -1 -1
0.514672040939331 0.3707101047039032 0.03217732533812523 -1 -1 -1 -1 -1 -1 -1 -1 -1
0.5266515612602234 0.3810354173183441 0.69582200050354 -1 -1 -1 -1 -1 -1 -1 -1 -1
0.5163000822067261 0.3701009750366211 0.034271128475666046 -1 -1 -1 -1 -1 -1 -1 -1 -1
0.5276005864143372 0.37633752822875977 0.6860082149505615 -1 -1 -1 -1 -1 -1 -1 -1 -1
0.5184090733528137 0.3699902892112732 0.04000744968652725 -1 -1 -1 -1 -1 -1 -1 -1 -1
0.5273051261901855 0.3769199848175049 0.5899310111999512 -1 -1 -1 -1 -1 -1 -1 -1 -1
0.5073113441467285 0.519992470741272 0.9982224106788635 -1 -1 -1 -1 -1 -1 -1 -1 -1
0.5095184445381165 0.5209858417510986 0.9981691837310791 -1 -1 -1 -1 -1 -1 -1 -1 -1
0.519209623336792 0.6091176867485046 0.40864098072052 -1 -1 -1 -1 -1 -1 -1 -1 -1
0.5191835761070251 0.6077777743339539 0.9223849773406982 -1 -1 -1 -1 -1 -1 -1 -1 -1
0.518795907497406 0.6941069960594177 0.5469619631767273 -1 -1 -1 -1 -1 -1 -1 -1 -1
0.5167484879493713 0.7028290629386902 0.9675685167312622 -1 -1 -1 -1 -1 -1 -1 -1 -1
0.5125253200531006 0.7086744904518127 0.5991700887680054 -1 -1 -1 -1 -1 -1 -1 -1 -1
0.5104543566703796 0.7163854837417603 0.938083291053772 -1 -1 -1 -1 -1 -1 -1 -1 -1
0.534059464931488 0.73192298412323 0.6810559034347534 -1 -1 -1 -1 -1 -1 -1 -1 -1
0.533910870552063 0.7376353740692139 0.9562645554542542 -1 -1 -1 -1 -1 -1 -1 -1 -1
1 
33 
-1 -1 -1 -1 -1 -1 -1 -1 -1 -1
0.5338585376739502 0.37043827772140503 0.9936803579330444 -1 -1 -1 -1 -1 -1 -1 -1 -1
0.5324232578277588 0.36221814155578613 0.9923139214515686 -1 -1 -1 -1 -1 -1 -1 -1 -1
0.5321227312088013 0.3617331087589264 0.9894054532051086 -1 -1 -1 -1 -1 -1 -1 -1 -1
0.53189617395401 0.36106276512145996 0.9942036271095276 -1 -1 -1 -1 -1 -1 -1 -1 -1
0.531812846660614 0.3623683452606201 0.9943124055862427 -1 -1 -1 -1 -1 -1 -1 -1 -1
0.5310336947441101 0.36215829849243164 0.9938302636146545 -1 -1 -1 -1 -1 -1 -1 -1 -1
0.5302903652191162 0.3618413805961609 0.9951303005218506 -1 -1 -1 -1 -1 -1 -1 -1 -1
0.5251430869102478 0.3620002269744873 0.9902016520500183 -1 -1 -1 -1 -1 -1 -1 -1 -1
0.5238724946975708 0.36383190751075745 0.9874721169471741 -1 -1 -1 -1 -1 -1 -1 -1 -1
0.5314304232597351 0.3768705129623413 0.9811694025993347 -1 -1 -1 -1 -1 -1 -1 -1 -1
0.5302634835243225 0.3771592974662781 0.9816449880599976 -1 -1 -1 -1 -1 -1 -1 -1 -1
0.5126452445983887 0.396645188331604 0.9886969327926636 -1 -1 -1 -1 -1 -1 -1 -1 -1
0.5135976076126099 0.3959823250770569 0.9972557425498962 -1 -1 -1 -1 -1 -1 -1 -1 -1
0.5210522413253784 0.41817331314086914 0.06019856035709381 -1 -1 -1 -1 -1 -1 -1 -1 -1
0.521345853805542 0.42496711015701294 0.8284648060798645 -1 -1 -1 -1 -1 -1 -1 -1 -1
0.5299288630485535 0.41293808817863464 0.05034453794360161 -1 -1 -1 -1 -1 -1 -1 -1 -1
0.5336525440216064 0.40361395478248596 0.792043149471283 -1 -1 -1 -1 -1 -1 -1 -1 -1
0.5315132737159729 0.40499621629714966 0.06918875873088837 -1 -1 -1 -1 -1 -1 -1 -1 -1
0.5341160297393799 0.40057310461997986 0.8023654222488403 -1 -1 -1 -1 -1 -1 -1 -1 -1
0.5320976376533508 0.39804786443710327 0.07207287102937698 -1 -1 -1 -1 -1 -1 -1 -1 -1
0.5350027680397034 0.3957134485244751 0.789955735206604 -1 -1 -1 -1 -1 -1 -1 -1 -1
0.5309640169143677 0.4097002148628235 0.08072823286056519 -1 -1 -1 -1 -1 -1 -1 -1 -1
0.5343372225761414 0.3972879648208618 0.7179798483848572 -1 -1 -1 -1 -1 -1 -1 -1 -1
0.506378173828125 0.5302407145500183 0.9942606687545776 -1 -1 -1 -1 -1 -1 -1 -1 -1
0.5058020949363708 0.5324829816818237 0.993841290473938 -1 -1 -1 -1 -1 -1 -1 -1 -1
0.51985102891922 0.6089808344841003 0.27348795533180237 -1 -1 -1 -1 -1 -1 -1 -1 -1
0.5181715488433838 0.6077362895011902 0.9006281495094299 -1 -1 -1 -1 -1 -1 -1 -1 -1
0.5162147283554077 0.7024645805358887 0.40554988384246826 -1 -1 -1 -1 -1 -1 -1 -1 -1
0.5133994817733765 0.709028959274292 0.9536792039871216 -1 -1 -1 -1 -1 -1 -1 -1 -1
0.5075576305389404 0.7153205275535583 0.4458756744861603 -1 -1 -1 -1 -1 -1 -1 -1 -1
0.5036089420318604 0.7206152677536011 0.90230393409729 -1 -1 -1 -1 -1 -1 -1 -1 -1
0.5387999415397644 0.7326397895812988 0.5722041726112366 -1 -1 -1 -1 -1 -1 -1 -1 -1
0.5361197590827942 0.7431532144546509 0.9442245364189148 -1 -1 -1 -1 -1 -1 -1 -1 -1
1 
33 
-1 -1 -1 -1 -1 -1 -1 -1 -1 -1
0.5354756116867065 0.38263726234436035 0.9868066906929016 -1 -1 -1 -1 -1 -1 -1 -1 -1
0.5342710614204407 0.3737815320491791 0.9856376051902771 -1 -1 -1 -1 -1 -1 -1 -1 -1
0.5340418219566345 0.3731183707714081 0.9800296425819397 -1 -1 -1 -1 -1 -1 -1 -1 -1
0.5338560342788696 0.37229377031326294 0.9877480268478394 -1 -1 -1 -1 -1 -1 -1 -1 -1
0.5333862900733948 0.37424421310424805 0.9901622533798218 -1 -1 -1 -1 -1 -1 -1 -1 -1
0.5324651598930359 0.3740799129009247 0.9903079867362976 -1 -1 -1 -1 -1 -1 -1 -1 -1
0.5315369367599487 0.3738560080528259 0.9920852780342102 -1 -1 -1 -1 -1 -1 -1 -1 -1
0.5269033312797546 0.3724514842033386 0.9852738976478577 -1 -1 -1 -1 -1 -1 -1 -1 -1
0.52424556016922 0.3757060468196869 0.9829524755477905 -1 -1 -1 -1 -1 -1 -1 -1 -1
0.5331516265869141 0.38878920674324036 0.9681706428527832 -1 -1 -1 -1 -1 -1 -1 -1 -1
0.5316757559776306 0.3893525004386902 0.9719813466072083 -1 -1 -1 -1 -1 -1 -1 -1 -1
0.5153685212135315 0.3952988088130951 0.9889400601387024 -1 -1 -1 -1 -1 -1 -1 -1 -1
0.5135093927383423 0.40352874994277954 0.9973388314247131 -1 -1 -1 -1 -1 -1 -1 -1 -1
0.5153690576553345 0.40945854783058167 0.03881031274795532 -1 -1 -1 -1 -1 -1 -1 -1 -1
0.5170629024505615 0.4284800887107849 0.8334119319915771 -1 -1 -1 -1 -1 -1 -1 -1 -1
0.5210921764373779 0.4079169034957886 0.06688463687896729 -1 -1 -1 -1 -1 -1 -1 -1 -1
0.5292106866836548 0.41676950454711914 0.8695443868637085 -1 -1 -1 -1 -1 -1 -1 -1 -1
0.5202407240867615 0.4105525612831116 0.10209494084119797 -1 -1 -1 -1 -1 -1 -1 -1 -1
0.5306245684623718 0.41296637058258057 0.8807514309883118 -1 -1 -1 -1 -1 -1 -1 -1 -1
0.520490288734436 0.4071647524833679 0.10537645220756531 -1 -1 -1 -1 -1 -1 -1 -1 -1
0.529869794845581 0.41030505299568176 0.8726323843002319 -1 -1 -1 -1 -1 -1 -1 -1 -1
0.5216835737228394 0.4069421589374542 0.11557796597480774 -1 -1 -1 -1 -1 -1 -1 -1 -1
0.529364287853241 0.41147908568382263 0.7991442680358887 -1 -1 -1 -1 -1 -1 -1 -1 -1
0.5080824494361877 0.5308690667152405 0.9979871511459351 -1 -1 -1 -1 -1 -1 -1 -1 -1
0.5044437050819397 0.53193598985672 0.9973804354667664 -1 -1 -1 -1 -1 -1 -1 -1 -1
0.5213475227355957 0.6105070114135742 0.45680877566337585 -1 -1 -1 -1 -1 -1 -1 -1 -1
0.5197377800941467 0.6096895337104797 0.9567751884460449 -1 -1 -1 -1 -1 -1 -1 -1 -1
0.5156948566436768 0.7027672529220581 0.6338955760002136 -1 -1 -1 -1 -1 -1 -1 -1 -1
0.512154221534729 0.70918208360672 0.9803242087364197 -1 -1 -1 -1 -1 -1 -1 -1 -1
0.5067134499549866 0.7186031341552734 0.6300497055053711 -1 -1 -1 -1 -1 -1 -1 -1 -1
0.5030291080474854 0.7244905233383179 0.9433587193489075 -1 -1 -1 -1 -1 -1 -1 -1 -1
0.5362529754638672 0.7329026460647583 0.7632951736450195 -1 -1 -1 -1 -1 -1 -1 -1 -1
0.5341261625289917 0.7413142919540405 0.9739607572555542 -1 -1 -1 -1 -1 -1 -1 -1 -1
1 
33 
-1 -1 -1 -1 -1 -1 -1 -1 -1 -1
0.5391349196434021 0.39903244376182556 0.9945993423461914 -1 -1 -1 -1 -1 -1 -1 -1 -1
0.5371216535568237 0.38992953300476074 0.995271623134613 -1 -1 -1 -1 -1 -1 -1 -1 -1
0.5366088151931763 0.38956382870674133 0.9928380846977234 -1 -1 -1 -1 -1 -1 -1 -1 -1
0.53609299659729 0.3890328109264374 0.9956668615341187 -1 -1 -1 -1 -1 -1 -1 -1 -1
0.5362167358398438 0.3897724151611328 0.9967151880264282 -1 -1 -1 -1 -1 -1 -1 -1 -1
0.5350844264030457 0.38947445154190063 0.9962804913520813 -1 -1 -1 -1 -1 -1 -1 -1 -1
0.5339418053627014 0.3891065716743469 0.9970980882644653 -1 -1 -1 -1 -1 -1 -1 -1 -1
0.5281391739845276 0.3889712989330292 0.9947803616523743 -1 -1 -1 -1 -1 -1 -1 -1 -1
0.5262554883956909 0.3905208706855774 0.9943420886993408 -1 -1 -1 -1 -1 -1 -1 -1 -1
0.5353973507881165 0.4068993628025055 0.986885666847229 -1 -1 -1 -1 -1 -1 -1 -1 -1
0.5340896844863892 0.40696340799331665 0.9895211458206177 -1 -1 -1 -1 -1 -1 -1 -1 -1
0.514757513999939 0.4156492352485657 0.993282675743103 -1 -1 -1 -1 -1 -1 -1 -1 -1
0.5152438282966614 0.4258567690849304 0.9971230626106262 -1 -1 -1 -1 -1 -1 -1 -1 -1
0.5136072635650635 0.4100637435913086 0.08622854202985764 -1 -1 -1 -1 -1 -1 -1 -1 -1
0.5036278963088989 0.44970154762268066 0.6164923906326294 -1 -1 -1 -1 -1 -1 -1 -1 -1
0.5163227915763855 0.3950989544391632 0.09817473590373993 -1 -1 -1 -1 -1 -1 -1 -1 -1
0.5080118179321289 0.44156140089035034 0.5247950553894043 -1 -1 -1 -1 -1 -1 -1 -1 -1
0.5145799517631531 0.3910917639732361 0.12399664521217346 -1 -1 -1 -1 -1 -1 -1 -1 -1
0.5068224668502808 0.44085443019866943 0.578569233417511 -1 -1 -1 -1 -1 -1 -1 -1 -1
0.5155543088912964 0.3889855146408081 0.1274033635854721 -1 -1 -1 -1 -1 -1 -1 -1 -1
0.5088417530059814 0.43728795647621155 0.5658727884292603 -1 -1 -1 -1 -1 -1 -1 -1 -1
0.5170423984527588 0.39174285531044006 0.1364845633506775 -1 -1 -1 -1 -1 -1 -1 -1 -1
0.5092950463294983 0.4381371736526489 0.465066134929657 -1 -1 -1 -1 -1 -1 -1 -1 -1
0.5047571063041687 0.546308159828186 0.9980185031890869 -1 -1 -1 -1 -1 -1 -1 -1 -1
0.5022257566452026 0.5504141449928284 0.9971911311149597 -1 -1 -1 -1 -1 -1 -1 -1 -1
0.5257099866867065 0.6226513385772705 0.30622759461402893 -1 -1 -1 -1 -1 -1 -1 -1 -1
0.5267051458358765 0.6229044198989868 0.9545029401779175 -1 -1 -1 -1 -1 -1 -1 -1 -1
0.5130839943885803 0.7103077173233032 0.5012770891189575 -1 -1 -1 -1 -1 -1 -1 -1 -1
0.51170814037323 0.7194231748580933 0.9663288593292236 -1 -1 -1 -1 -1 -1 -1 -1 -1
0.5049337148666382 0.7270745038986206 0.5072179436683655 -1 -1 -1 -1 -1 -1 -1 -1 -1
0.5034511089324951 0.7338452339172363 0.9147163033485413 -1 -1 -1 -1 -1 -1 -1 -1 -1
0.5335507392883301 0.7369928359985352 0.6555070877075195 -1 -1 -1 -1 -1 -1 -1 -1 -1
0.5336524844169617 0.7498567700386047 0.9549576640129089 -1 -1 -1 -1 -1 -1 -1 -1 -1
1 
33 
-1 -1 -1 -1 -1 -1 -1 -1 -1 -1
0.5412920713424683 0.41473251581192017 0.9824261665344238 -1 -1 -1 -1 -1 -1 -1 -1 -1
0.539729654788971 0.40491151809692383 0.9848547577857971 -1 -1 -1 -1 -1 -1 -1 -1 -1
0.5391231179237366 0.40432512760162354 0.980144739151001 -1 -1 -1 -1 -1 -1 -1 -1 -1
0.5384340286254883 0.40364110469818115 0.9873172640800476 -1 -1 -1 -1 -1 -1 -1 -1 -1
0.5395599603652954 0.4049747586250305 0.9896971583366394 -1 -1 -1 -1 -1 -1 -1 -1 -1
0.538870096206665 0.40453338623046875 0.9902359843254089 -1 -1 -1 -1 -1 -1 -1 -1 -1
0.5381335020065308 0.40405702590942383 0.9912744164466858 -1 -1 -1 -1 -1 -1 -1 -1 -1
0.5306808948516846 0.4036863446235657 0.9930492639541626 -1 -1 -1 -1 -1 -1 -1 -1 -1
0.5315788388252258 0.40525567531585693 0.9844726920127869 -1 -1 -1 -1 -1 -1 -1 -1 -1
0.5378578305244446 0.4223119020462036 0.9717444181442261 -1 -1 -1 -1 -1 -1 -1 -1 -1
0.5372059345245361 0.42224371433258057 0.976161539554596 -1 -1 -1 -1 -1 -1 -1 -1 -1
0.5128662586212158 0.43356844782829285 0.9896947145462036 -1 -1 -1 -1 -1 -1 -1 -1 -1
0.5148847103118896 0.4350809156894684 0.9960294961929321 -1 -1 -1 -1 -1 -1 -1 -1 -1
0.49602389335632324 0.4276227355003357 0.17549972236156464 -1 -1 -1 -1 -1 -1 -1 -1 -1
0.500821590423584 0.44885534048080444 0.39203691482543945 -1 -1 -1 -1 -1 -1 -1 -1 -1
0.49007004499435425 0.4218061566352844 0.21374571323394775 -1 -1 -1 -1 -1 -1 -1 -1 -1
0.5016948580741882 0.44640612602233887 0.6495406627655029 -1 -1 -1 -1 -1 -1 -1 -1 -1
0.4862275719642639 0.4217489957809448 0.2790113389492035 -1 -1 -1 -1 -1 -1 -1 -1 -1
0.490942120552063 0.4487752318382263 0.7596258521080017 -1 -1 -1 -1 -1 -1 -1 -1 -1
0.4870350956916809 0.4205760359764099 0.28477805852890015 -1 -1 -1 -1 -1 -1 -1 -1 -1
0.49559634923934937 0.44699710607528687 0.7570492625236511 -1 -1 -1 -1 -1 -1 -1 -1 -1
0.48931214213371277 0.420926034450531 0.2846134305000305 -1 -1 -1 -1 -1 -1 -1 -1 -1
0.5020995736122131 0.4455937147140503 0.6467630863189697 -1 -1 -1 -1 -1 -1 -1 -1 -1
0.5009105801582336 0.5610117316246033 0.9990366697311401 -1 -1 -1 -1 -1 -1 -1 -1 -1
0.4986458718776703 0.561946451663971 0.9983249306678772 -1 -1 -1 -1 -1 -1 -1 -1 -1
0.5229490995407104 0.6364211440086365 0.4962988495826721 -1 -1 -1 -1 -1 -1 -1 -1 -1
0.5299286842346191 0.632952094078064 0.9551867842674255 -1 -1 -1 -1 -1 -1 -1 -1 -1
0.5080875754356384 0.7135701179504395 0.5792690515518188 -1 -1 -1 -1 -1 -1 -1 -1 -1
0.5078451633453369 0.7196878790855408 0.952404797077179 -1 -1 -1 -1 -1 -1 -1 -1 -1
0.4981671869754791 0.7295222282409668 0.6009897589683533 -1 -1 -1 -1 -1 -1 -1 -1 -1
0.49831753969192505 0.7298464179039001 0.9049299359321594 -1 -1 -1 -1 -1 -1 -1 -1 -1
0.5259106755256653 0.741765558719635 0.6706415414810181 -1 -1 -1 -1 -1 -1 -1 -1 -1
0.5255869030952454 0.7487175464630127 0.9277293086051941 -1 -1 -1 -1 -1 -1 -1 -1 -1
1 
33 
-1 -1 -1 -1 -1 -1 -1 -1 -1 -1
0.5418381094932556 0.4467540681362152 0.9982929825782776 -1 -1 -1 -1 -1 -1 -1 -1 -1
0.540466845035553 0.4382472634315491 0.9982821941375732 -1 -1 -1 -1 -1 -1 -1 -1 -1
0.5399866700172424 0.4377724528312683 0.997798502445221 -1 -1 -1 -1 -1 -1 -1 -1 -1
0.5394546985626221 0.43730002641677856 0.9980350136756897 -1 -1 -1 -1 -1 -1 -1 -1 -1
0.5397725105285645 0.4383608400821686 0.9990906715393066 -1 -1 -1 -1 -1 -1 -1 -1 -1
0.538786768913269 0.4380485415458679 0.9992433786392212 -1 -1 -1 -1 -1 -1 -1 -1 -1
0.5377463102340698 0.43778854608535767 0.9993007183074951 -1 -1 -1 -1 -1 -1 -1 -1 -1
0.5307868123054504 0.43654969334602356 0.9992710947990417 -1 -1 -1 -1 -1 -1 -1 -1 -1
0.5295249819755554 0.4381157457828522 0.9992561936378479 -1 -1 -1 -1 -1 -1 -1 -1 -1
0.5378947854042053 0.4526645541191101 0.9965023994445801 -1 -1 -1 -1 -1 -1 -1 -1 -1
0.5369468927383423 0.4528379738330841 0.9977468848228455 -1 -1 -1 -1 -1 -1 -1 -1 -1
0.5169995427131653 0.4597446918487549 0.9933273792266846 -1 -1 -1 -1 -1 -1 -1 -1 -1
0.5154222249984741 0.466324120759964 0.998813271522522 -1 -1 -1 -1 -1 -1 -1 -1 -1
0.5089044570922852 0.42464393377304077 0.600566029548645 -1 -1 -1 -1 -1 -1 -1 -1 -1
0.49775010347366333 0.4569444954395294 0.8996816873550415 -1 -1 -1 -1 -1 -1 -1 -1 -1
0.49425405263900757 0.40812134742736816 0.6383042931556702 -1 -1 -1 -1 -1 -1 -1 -1 -1
0.47805729508399963 0.43571266531944275 0.9233479499816895 -1 -1 -1 -1 -1 -1 -1 -1 -1
0.4895772635936737 0.4022539258003235 0.6589597463607788 -1 -1 -1 -1 -1 -1 -1 -1 -1
0.4731164574623108 0.4321783483028412 0.9406693577766418 -1 -1 -1 -1 -1 -1 -1 -1 -1
0.48993176221847534 0.40483272075653076 0.6679696440696716 -1 -1 -1 -1 -1 -1 -1 -1 -1
0.4731593728065491 0.4309957027435303 0.9412817358970642 -1 -1 -1 -1 -1 -1 -1 -1 -1
0.4921843111515045 0.4069651961326599 0.6566840410232544 -1 -1 -1 -1 -1 -1 -1 -1 -1
0.47582516074180603 0.43291282653808594 0.9009957909584045 -1 -1 -1 -1 -1 -1 -1 -1 -1
0.49991175532341003 0.586112916469574 0.9991838335990906 -1 -1 -1 -1 -1 -1 -1 -1 -1
0.49658435583114624 0.5878015756607056 0.9984506368637085 -1 -1 -1 -1 -1 -1 -1 -1 -1
0.5308390259742737 0.6437263488769531 0.651044487953186 -1 -1 -1 -1 -1 -1 -1 -1 -1
0.5342826843261719 0.6463846564292908 0.9814714193344116 -1 -1 -1 -1 -1 -1 -1 -1 -1
0.5111578702926636 0.7170591950416565 0.7898380160331726 -1 -1 -1 -1 -1 -1 -1 -1 -1
0.5074993968009949 0.7261025905609131 0.979650616645813 -1 -1 -1 -1 -1 -1 -1 -1 -1
0.5033698081970215 0.7300772666931152 0.8251523971557617 -1 -1 -1 -1 -1 -1 -1 -1 -1
0.498615562915802 0.739659309387207 0.9603745937347412 -1 -1 -1 -1 -1 -1 -1 -1 -1
0.5298615097999573 0.7370426058769226 0.8497263193130493 -1 -1 -1 -1 -1 -1 -1 -1 -1
0.526491641998291 0.7507626414299011 0.9674679636955261 -1 -1 -1 -1 -1 -1 -1 -1 -1
1 
33 
-1 -1 -1 -1 -1 -1 -1 -1 -1 -1
0.5289868116378784 0.47526490688323975 0.9999186992645264 -1 -1 -1 -1 -1 -1 -1 -1 -1
0.5266969799995422 0.46781206130981445 0.9999611377716064 -1 -1 -1 -1 -1 -1 -1 -1 -1
0.5262947082519531 0.4676803946495056 0.999915361404419 -1 -1 -1 -1 -1 -1 -1 -1 -1
0.5259228348731995 0.4675755500793457 0.9999639987945557 -1 -1 -1 -1 -1 -1 -1 -1 -1
0.5263808369636536 0.4674844741821289 0.9999734163284302 -1 -1 -1 -1 -1 -1 -1 -1 -1
0.5255420804023743 0.46710097789764404 0.9999641180038452 -1 -1 -1 -1 -1 -1 -1 -1 -1
0.5247096419334412 0.4667093753814697 0.9999794960021973 -1 -1 -1 -1 -1 -1 -1 -1 -1
0.5192604660987854 0.4690774083137512 0.9999852180480957 -1 -1 -1 -1 -1 -1 -1 -1 -1
0.5181638598442078 0.4690703749656677 0.9999788999557495 -1 -1 -1 -1 -1 -1 -1 -1 -1
0.5260498523712158 0.48194819688796997 0.9999521970748901 -1 -1 -1 -1 -1 -1 -1 -1 -1
0.5252357721328735 0.48138320446014404 0.9999589920043945 -1 -1 -1 -1 -1 -1 -1 -1 -1
0.5114974975585938 0.5105197429656982 0.9994315505027771 -1 -1 -1 -1 -1 -1 -1 -1 -1
0.5032184720039368 0.49405157566070557 0.9998307228088379 -1 -1 -1 -1 -1 -1 -1 -1 -1
0.5058937072753906 0.531266450881958 0.040526553988456726 -1 -1 -1 -1 -1 -1 -1 -1 -1
0.4866337478160858 0.48137617111206055 0.8833423852920532 -1 -1 -1 -1 -1 -1 -1 -1 -1
0.5024762749671936 0.53822261095047 0.12215937674045563 -1 -1 -1 -1 -1 -1 -1 -1 -1
0.4764851927757263 0.4491358995437622 0.8445461392402649 -1 -1 -1 -1 -1 -1 -1 -1 -1
0.5012433528900146 0.5434153079986572 0.1928585320711136 -1 -1 -1 -1 -1 -1 -1 -1 -1
0.4680612087249756 0.4339026212692261 0.8670089244842529 -1 -1 -1 -1 -1 -1 -1 -1 -1
0.49961182475090027 0.5378512740135193 0.19062437117099762 -1 -1 -1 -1 -1 -1 -1 -1 -1
0.4747827351093292 0.44333451986312866 0.847209095954895 -1 -1 -1 -1 -1 -1 -1 -1 -1
0.49979692697525024 0.5360293388366699 0.17563118040561676 -1 -1 -1 -1 -1 -1 -1 -1 -1
0.4762749671936035 0.4471719264984131 0.8203694224357605 -1 -1 -1 -1 -1 -1 -1 -1 -1
0.49591314792633057 0.6127474308013916 0.9999769926071167 -1 -1 -1 -1 -1 -1 -1 -1 -1
0.4960572421550751 0.5995694994926453 0.9999593496322632 -1 -1 -1 -1 -1 -1 -1 -1 -1
0.5333948731422424 0.6578096151351929 0.28866973519325256 -1 -1 -1 -1 -1 -1 -1 -1 -1
0.5343130826950073 0.644136369228363 0.8679808378219604 -1 -1 -1 -1 -1 -1 -1 -1 -1
0.5076077580451965 0.7219645977020264 0.5138565897941589 -1 -1 -1 -1 -1 -1 -1 -1 -1
0.5077575445175171 0.7163300514221191 0.9315244555473328 -1 -1 -1 -1 -1 -1 -1 -1 -1
0.5004677772521973 0.7312061786651611 0.724506676197052 -1 -1 -1 -1 -1 -1 -1 -1 -1
0.4988933801651001 0.7232871651649475 0.9533214569091797 -1 -1 -1 -1 -1 -1 -1 -1 -1
0.5225846767425537 0.7408833503723145 0.6446581482887268 -1 -1 -1 -1 -1 -1 -1 -1 -1
0.5194973349571228 0.7387344241142273 0.9375721216201782 -1 -1 -1 -1 -1 -1 -1 -1 -1
1 
33 
-1 -1 -1 -1 -1 -1 -1 -1 -1 -1
0.5331785082817078 0.6451578736305237 0.7391955256462097 -1 -1 -1 -1 -1 -1 -1 -1 -1
0.5310835242271423 0.6458677649497986 0.6875783205032349 -1 -1 -1 -1 -1 -1 -1 -1 -1
0.5309147834777832 0.6460399031639099 0.6186600923538208 -1 -1 -1 -1 -1 -1 -1 -1 -1
0.5307349562644958 0.6462096571922302 0.6813660264015198 -1 -1 -1 -1 -1 -1 -1 -1 -1
0.5316900014877319 0.6449835300445557 0.7071257829666138 -1 -1 -1 -1 -1 -1 -1 -1 -1
0.5319631695747375 0.6445352435112 0.6020231246948242 -1 -1 -1 -1 -1 -1 -1 -1 -1
0.5322281718254089 0.6440810561180115 0.6562885642051697 -1 -1 -1 -1 -1 -1 -1 -1 -1
0.5303312540054321 0.6441731452941895 0.8125796318054199 -1 -1 -1 -1 -1 -1 -1 -1 -1
0.5323920249938965 0.6411976218223572 0.6891430616378784 -1 -1 -1 -1 -1 -1 -1 -1 -1
0.532230019569397 0.6421613693237305 0.6511990427970886 -1 -1 -1 -1 -1 -1 -1 -1 -1
0.5323314070701599 0.6419888138771057 0.6947447061538696 -1 -1 -1 -1 -1 -1 -1 -1 -1
0.525004506111145 0.637282133102417 0.4857599437236786 -1 -1 -1 -1 -1 -1 -1 -1 -1
0.5313974022865295 0.6306876540184021 0.47164615988731384 -1 -1 -1 -1 -1 -1 -1 -1 -1
0.5342660546302795 0.6461197733879089 0.3364783823490143 -1 -1 -1 -1 -1 -1 -1 -1 -1
0.5369477272033691 0.6402360200881958 0.2673020362854004 -1 -1 -1 -1 -1 -1 -1 -1 -1
0.5387359261512756 0.6480281352996826 0.1580313742160797 -1 -1 -1 -1 -1 -1 -1 -1 -1
0.5448917746543884 0.6446876525878906 0.0824580192565918 -1 -1 -1 -1 -1 -1 -1 -1 -1
0.540478527545929 0.6566783785820007 0.18022166192531586 -1 -1 -1 -1 -1 -1 -1 -1 -1
0.5467647910118103 0.6453365087509155 0.08766143769025803 -1 -1 -1 -1 -1 -1 -1 -1 -1
0.5407475233078003 0.6572789549827576 0.17412622272968292 -1 -1 -1 -1 -1 -1 -1 -1 -1
0.547131359577179 0.6447626948356628 0.0878666341304779 -1 -1 -1 -1 -1 -1 -1 -1 -1
0.5402047038078308 0.6568238735198975 0.15495552122592926 -1 -1 -1 -1 -1 -1 -1 -1 -1
0.5463851094245911 0.6445026397705078 0.09277310222387314 -1 -1 -1 -1 -1 -1 -1 -1 -1
0.5157186388969421 0.6037775874137878 0.9487668871879578 -1 -1 -1 -1 -1 -1 -1 -1 -1
0.5220136642456055 0.5985649228096008 0.9432228207588196 -1 -1 -1 -1 -1 -1 -1 -1 -1
0.5007955431938171 0.5995141267776489 0.9015637636184692 -1 -1 -1 -1 -1 -1 -1 -1 -1
0.5230981111526489 0.5742356181144714 0.8650863170623779 -1 -1 -1 -1 -1 -1 -1 -1 -1
0.5025394558906555 0.5763463973999023 0.4447985589504242 -1 -1 -1 -1 -1 -1 -1 -1 -1
0.5142211318016052 0.5601029396057129 0.7411626577377319 -1 -1 -1 -1 -1 -1 -1 -1 -1
0.5040372610092163 0.5735562443733215 0.39532706141471863 -1 -1 -1 -1 -1 -1 -1 -1 -1
0.5128976702690125 0.5574867129325867 0.690026044845581 -1 -1 -1 -1 -1 -1 -1 -1 -1
0.499778151512146 0.5680985450744629 0.22239500284194946 -1 -1 -1 -1 -1 -1 -1 -1 -1
0.5153632164001465 0.5536171793937683 0.46909770369529724 -1 -1 -1 -1 -1 -1 -1 -1 -1
1 
