15
1 
33 
-1 -1 -1 -1 -1 -1 -1 -1 -1 -1
0.43507301807403564 0.35498887300491333 0.9923082590103149 -1 -1 -1 -1 -1 -1 -1 -1 -1
0.4381488263607025 0.34562283754348755 0.9966869950294495 -1 -1 -1 -1 -1 -1 -1 -1 -1
0.43913719058036804 0.3453482389450073 0.9974748492240906 -1 -1 -1 -1 -1 -1 -1 -1 -1
0.4402107000350952 0.34499791264533997 0.9975171089172363 -1 -1 -1 -1 -1 -1 -1 -1 -1
0.4372763931751251 0.3451172113418579 0.9949588179588318 -1 -1 -1 -1 -1 -1 -1 -1 -1
0.43761059641838074 0.34461086988449097 0.9931849837303162 -1 -1 -1 -1 -1 -1 -1 -1 -1
0.4379878640174866 0.3440026044845581 0.9944791793823242 -1 -1 -1 -1 -1 -1 -1 -1 -1
0.4489545524120331 0.3469913601875305 0.9974961876869202 -1 -1 -1 -1 -1 -1 -1 -1 -1
0.4450252652168274 0.34560197591781616 0.996918797492981 -1 -1 -1 -1 -1 -1 -1 -1 -1
0.43899449706077576 0.36170220375061035 0.9892032742500305 -1 -1 -1 -1 -1 -1 -1 -1 -1
0.4377005398273468 0.3614806532859802 0.986323893070221 -1 -1 -1 -1 -1 -1 -1 -1 -1
0.46499696373939514 0.3761433959007263 0.9992251396179199 -1 -1 -1 -1 -1 -1 -1 -1 -1
0.455318421125412 0.3807487487792969 0.9932903051376343 -1 -1 -1 -1 -1 -1 -1 -1 -1
0.4726423919200897 0.338111937046051 0.9712178707122803 -1 -1 -1 -1 -1 -1 -1 -1 -1
0.46361249685287476 0.3434593975543976 0.051698554307222366 -1 -1 -1 -1 -1 -1 -1 -1 -1
0.4896731972694397 0.3117327392101288 0.9251174330711365 -1 -1 -1 -1 -1 -1 -1 -1 -1
0.4824466109275818 0.31177496910095215 0.18916253745555878 -1 -1 -1 -1 -1 -1 -1 -1 -1
0.49651408195495605 0.304838627576828 0.9176479578018188 -1 -1 -1 -1 -1 -1 -1 -1 -1
0.4896431863307953 0.3067159652709961 0.2675504684448242 -1 -1 -1 -1 -1 -1 -1 -1 -1
0.49590015411376953 0.3030824363231659 0.9084233045578003 -1 -1 -1 -1 -1 -1 -1 -1 -1
0.4910569190979004 0.30301013588905334 0.28057509660720825 -1 -1 -1 -1 -1 -1 -1 -1 -1
0.49267664551734924 0.3073514997959137 0.8477004766464233 -1 -1 -1 -1 -1 -1 -1 -1 -1
0.4866293966770172 0.3075645864009857 0.28868740797042847 -1 -1 -1 -1 -1 -1 -1 -1 -1
0.48025745153427124 0.546712338924408 0.9998261332511902 -1 -1 -1 -1 -1 -1 -1 -1 -1
0.4638979434967041 0.5436104536056519 0.9996786117553711 -1 -1 -1 -1 -1 -1 -1 -1 -1
0.45624834299087524 0.647042989730835 0.9445428848266602 -1 -1 -1 -1 -1 -1 -1 -1 -1
0.44445350766181946 0.6407462954521179 0.34834328293800354 -1 -1 -1 -1 -1 -1 -1 -1 -1
0.4863128662109375 0.7571365833282471 0.9486194849014282 -1 -1 -1 -1 -1 -1 -1 -1 -1
0.47345560789108276 0.744029700756073 0.30395764112472534 -1 -1 -1 -1 -1 -1 -1 -1 -1
0.4977310001850128 0.7643534541130066 0.9577815532684326 -1 -1 -1 -1 -1 -1 -1 -1 -1
0.4854847192764282 0.7574837803840637 0.47977414727211 -1 -1 -1 -1 -1 -1 -1 -1 -1
0.4765174388885498 0.8150267004966736 0.9462324380874634 -1 -1 -1 -1 -1 -1 -1 -1 -1
0.46149492263793945 0.7847910523414612 0.4294707477092743 -1 -1 -1 -1 -1 -1 -1 -1 -1
1 
33 
-1 -1 -1 -1 -1 -1 -1 -1 -1 -1
0.43593448400497437 0.37107568979263306 0.9986693859100342 -1 -1 -1 -1 -1 -1 -1 -1 -1
0.4402833580970764 0.36044061183929443 0.9989922642707825 -1 -1 -1 -1 -1 -1 -1 -1 -1
0.4413040280342102 0.3600570261478424 0.9991214871406555 -1 -1 -1 -1 -1 -1 -1 -1 -1
0.4422808289527893 0.35972702503204346 0.9992566704750061 -1 -1 -1 -1 -1 -1 -1 -1 -1
0.43978381156921387 0.3601444363594055 0.9986442923545837 -1 -1 -1 -1 -1 -1 -1 -1 -1
0.44043558835983276 0.35965436697006226 0.9980727434158325 -1 -1 -1 -1 -1 -1 -1 -1 -1
0.4410296082496643 0.359129935503006 0.9983758926391602 -1 -1 -1 -1 -1 -1 -1 -1 -1
0.4501189589500427 0.3646826148033142 0.999146580696106 -1 -1 -1 -1 -1 -1 -1 -1 -1
0.44754651188850403 0.3634500503540039 0.998651921749115 -1 -1 -1 -1 -1 -1 -1 -1 -1
0.44028353691101074 0.379025399684906 0.9960477948188782 -1 -1 -1 -1 -1 -1 -1 -1 -1
0.43953967094421387 0.3792012333869934 0.9947748184204102 -1 -1 -1 -1 -1 -1 -1 -1 -1
0.4621018171310425 0.4000844955444336 0.9996243715286255 -1 -1 -1 -1 -1 -1 -1 -1 -1
0.45643943548202515 0.4067256450653076 0.9954065084457397 -1 -1 -1 -1 -1 -1 -1 -1 -1
0.46184414625167847 0.32728511095046997 0.9959143996238708 -1 -1 -1 -1 -1 -1 -1 -1 -1
0.45830440521240234 0.33501189947128296 0.12439467757940292 -1 -1 -1 -1 -1 -1 -1 -1 -1
0.48154833912849426 0.27849480509757996 0.9611045718193054 -1 -1 -1 -1 -1 -1 -1 -1 -1
0.4772031009197235 0.2918965518474579 0.2149917185306549 -1 -1 -1 -1 -1 -1 -1 -1 -1
0.49095606803894043 0.26869073510169983 0.9337651133537292 -1 -1 -1 -1 -1 -1 -1 -1 -1
0.48778849840164185 0.2809309661388397 0.24032308161258698 -1 -1 -1 -1 -1 -1 -1 -1 -1
0.4936540126800537 0.26956605911254883 0.9278638362884521 -1 -1 -1 -1 -1 -1 -1 -1 -1
0.48896169662475586 0.27884429693222046 0.24598191678524017 -1 -1 -1 -1 -1 -1 -1 -1 -1
0.4899097681045532 0.2728881537914276 0.9040095806121826 -1 -1 -1 -1 -1 -1 -1 -1 -1
0.48641207814216614 0.2812955975532532 0.26512423157691956 -1 -1 -1 -1 -1 -1 -1 -1 -1
0.48497843742370605 0.5618260502815247 0.9998579025268555 -1 -1 -1 -1 -1 -1 -1 -1 -1
0.472147136926651 0.5579957365989685 0.9997346997261047 -1 -1 -1 -1 -1 -1 -1 -1 -1
0.457565039396286 0.6582143306732178 0.9749037623405457 -1 -1 -1 -1 -1 -1 -1 -1 -1
0.45036718249320984 0.6469807624816895 0.4034048914909363 -1 -1 -1 -1 -1 -1 -1 -1 -1
0.4863789677619934 0.7620095014572144 0.9675400257110596 -1 -1 -1 -1 -1 -1 -1 -1 -1
0.4727555215358734 0.7539429664611816 0.4832756519317627 -1 -1 -1 -1 -1 -1 -1 -1 -1
0.4967154264450073 0.7660899758338928 0.9630421996116638 -1 -1 -1 -1 -1 -1 -1 -1 -1
0.4859141707420349 0.7625830769538879 0.6155951023101807 -1 -1 -1 -1 -1 -1 -1 -1 -1
0.47854503989219666 0.8157501220703125 0.9636425971984863 -1 -1 -1 -1 -1 -1 -1 -1 -1
0.46651315689086914 0.7961559891700745 0.6192355155944824 -1 -1 -1 -1 -1 -1 -1 -1 -1
1 
33 
-1 -1 -1 -1 -1 -1 -1 -1 -1 -1
0.4772818982601166 0.6856189370155334 0.9990758895874023 -1 -1 -1 -1 -1 -1 -1 -1 -1
0.47434383630752563 0.6960881948471069 0.9996366500854492 -1 -1 -1 -1 -1 -1 -1 -1 -1
0.4739145338535309 0.6959872245788574 0.9995132684707642 -1 -1 -1 -1 -1 -1 -1 -1 -1
0.4735185205936432 0.6957298517227173 0.9994984865188599 -1 -1 -1 -1 -1 -1 -1 -1 -1
0.47579553723335266 0.6960945129394531 0.9990411400794983 -1 -1 -1 -1 -1 -1 -1 -1 -1
0.47463175654411316 0.6941741108894348 0.9983382225036621 -1 -1 -1 -1 -1 -1 -1 -1 -1
0.4744967818260193 0.6934687495231628 0.9985156655311584 -1 -1 -1 -1 -1 -1 -1 -1 -1
0.4658506214618683 0.6862955689430237 0.9996115565299988 -1 -1 -1 -1 -1 -1 -1 -1 -1
0.47125115990638733 0.6877701282501221 0.9988468885421753 -1 -1 -1 -1 -1 -1 -1 -1 -1
0.47537729144096375 0.6774277687072754 0.9991533756256104 -1 -1 -1 -1 -1 -1 -1 -1 -1
0.4761667847633362 0.6765271425247192 0.9983677268028259 -1 -1 -1 -1 -1 -1 -1 -1 -1
0.4638831317424774 0.6523159146308899 0.999729573726654 -1 -1 -1 -1 -1 -1 -1 -1 -1
0.46704086661338806 0.6433298587799072 0.9978241920471191 -1 -1 -1 -1 -1 -1 -1 -1 -1
0.4752473831176758 0.6860699653625488 0.7649272084236145 -1 -1 -1 -1 -1 -1 -1 -1 -1
0.47433286905288696 0.6727510094642639 0.08324291557073593 -1 -1 -1 -1 -1 -1 -1 -1 -1
0.4813576638698578 0.7230322360992432 0.7920931577682495 -1 -1 -1 -1 -1 -1 -1 -1 -1
0.4803377389907837 0.7242908477783203 0.33225083351135254 -1 -1 -1 -1 -1 -1 -1 -1 -1
0.48406893014907837 0.7433432340621948 0.8049399852752686 -1 -1 -1 -1 -1 -1 -1 -1 -1
0.479888916015625 0.7372958660125732 0.4018428921699524 -1 -1 -1 -1 -1 -1 -1 -1 -1
0.48087143898010254 0.729824960231781 0.782397449016571 -1 -1 -1 -1 -1 -1 -1 -1 -1
0.4819457530975342 0.7385635375976562 0.4052148163318634 -1 -1 -1 -1 -1 -1 -1 -1 -1
0.4809216856956482 0.7260717749595642 0.7214748859405518 -1 -1 -1 -1 -1 -1 -1 -1 -1
0.48216167092323303 0.733970046043396 0.4067918658256531 -1 -1 -1 -1 -1 -1 -1 -1 -1
0.4844139814376831 0.524570643901825 0.9999659061431885 -1 -1 -1 -1 -1 -1 -1 -1 -1
0.4875611364841461 0.5258744955062866 0.9998713731765747 -1 -1 -1 -1 -1 -1 -1 -1 -1
0.458545982837677 0.42534124851226807 0.9088326692581177 -1 -1 -1 -1 -1 -1 -1 -1 -1
0.4565284252166748 0.44814354181289673 0.8536084294319153 -1 -1 -1 -1 -1 -1 -1 -1 -1
0.45158299803733826 0.3925055265426636 0.950839638710022 -1 -1 -1 -1 -1 -1 -1 -1 -1
0.42768600583076477 0.4359237551689148 0.9527618885040283 -1 -1 -1 -1 -1 -1 -1 -1 -1
0.45439672470092773 0.396269828081131 0.9261156916618347 -1 -1 -1 -1 -1 -1 -1 -1 -1
0.42614030838012695 0.43988272547721863 0.9353833794593811 -1 -1 -1 -1 -1 -1 -1 -1 -1
0.44676244258880615 0.36417311429977417 0.9244570136070251 -1 -1 -1 -1 -1 -1 -1 -1 -1
0.41699790954589844 0.420714795589447 0.9469607472419739 -1 -1 -1 -1 -1 -1 -1 -1 -1
1 
33 
-1 -1 -1 -1 -1 -1 -1 -1 -1 -1
0.4027768075466156 0.2889746427536011 0.267337828874588 -1 -1 -1 -1 -1 -1 -1 -1 -1
0.39941778779029846 0.2831457853317261 0.33894476294517517 -1 -1 -1 -1 -1 -1 -1 -1 -1
0.3992719352245331 0.28340059518814087 0.2552087903022766 -1 -1 -1 -1 -1 -1 -1 -1 -1
0.3991900086402893 0.28374922275543213 0.32870060205459595 -1 -1 -1 -1 -1 -1 -1 -1 -1
0.4007790684700012 0.2828364372253418 0.38358646631240845 -1 -1 -1 -1 -1 -1 -1 -1 -1
0.40122711658477783 0.28316739201545715 0.3345017433166504 -1 -1 -1 -1 -1 -1 -1 -1 -1
0.4016561210155487 0.28349727392196655 0.4312356412410736 -1 -1 -1 -1 -1 -1 -1 -1 -1
0.40159785747528076 0.29003027081489563 0.23391476273536682 -1 -1 -1 -1 -1 -1 -1 -1 -1
0.40508905053138733 0.28927546739578247 0.4028431177139282 -1 -1 -1 -1 -1 -1 -1 -1 -1
0.4059942364692688 0.2968536913394928 0.3399558961391449 -1 -1 -1 -1 -1 -1 -1 -1 -1
0.4075358211994171 0.29620039463043213 0.43173858523368835 -1 -1 -1 -1 -1 -1 -1 -1 -1
0.42533040046691895 0.3065611720085144 0.8882234692573547 -1 -1 -1 -1 -1 -1 -1 -1 -1
0.41545507311820984 0.31622666120529175 0.9267527461051941 -1 -1 -1 -1 -1 -1 -1 -1 -1
0.42799627780914307 0.3085119128227234 0.05740341544151306 -1 -1 -1 -1 -1 -1 -1 -1 -1
0.39480793476104736 0.300761878490448 0.14092622697353363 -1 -1 -1 -1 -1 -1 -1 -1 -1
0.4060416519641876 0.2686888873577118 0.13726428151130676 -1 -1 -1 -1 -1 -1 -1 -1 -1
0.37821805477142334 0.2622653841972351 0.20736947655677795 -1 -1 -1 -1 -1 -1 -1 -1 -1
0.3997951149940491 0.26441508531570435 0.17668049037456512 -1 -1 -1 -1 -1 -1 -1 -1 -1
0.3757503628730774 0.2593443989753723 0.23880545794963837 -1 -1 -1 -1 -1 -1 -1 -1 -1
0.3998565077781677 0.25621116161346436 0.16804301738739014 -1 -1 -1 -1 -1 -1 -1 -1 -1
0.37540966272354126 0.25650811195373535 0.23853212594985962 -1 -1 -1 -1 -1 -1 -1 -1 -1
0.4012640714645386 0.25918665528297424 0.1493164747953415 -1 -1 -1 -1 -1 -1 -1 -1 -1
0.375602126121521 0.25836479663848877 0.23087452352046967 -1 -1 -1 -1 -1 -1 -1 -1 -1
0.4924739897251129 0.48677900433540344 0.9960522651672363 -1 -1 -1 -1 -1 -1 -1 -1 -1
0.47937166690826416 0.4835298955440521 0.9959810972213745 -1 -1 -1 -1 -1 -1 -1 -1 -1
0.5118836164474487 0.5795837640762329 0.78908371925354 -1 -1 -1 -1 -1 -1 -1 -1 -1
0.4754173457622528 0.5067231059074402 0.6199009418487549 -1 -1 -1 -1 -1 -1 -1 -1 -1
0.47765132784843445 0.726425290107727 0.8425552248954773 -1 -1 -1 -1 -1 -1 -1 -1 -1
0.4421567916870117 0.6154821515083313 0.8548520803451538 -1 -1 -1 -1 -1 -1 -1 -1 -1
0.48235687613487244 0.703307569026947 0.8376102447509766 -1 -1 -1 -1 -1 -1 -1 -1 -1
0.43893003463745117 0.6253826022148132 0.849693775177002 -1 -1 -1 -1 -1 -1 -1 -1 -1
0.48424360156059265 0.7475310564041138 0.7847483158111572 -1 -1 -1 -1 -1 -1 -1 -1 -1
0.426193505525589 0.6671133637428284 0.8284290432929993 -1 -1 -1 -1 -1 -1 -1 -1 -1
1 
33 
-1 -1 -1 -1 -1 -1 -1 -1 -1 -1
0.40234097838401794 0.33989280462265015 0.9362980723381042 -1 -1 -1 -1 -1 -1 -1 -1 -1
0.39829930663108826 0.32501542568206787 0.947053849697113 -1 -1 -1 -1 -1 -1 -1 -1 -1
0.3993389308452606 0.32208287715911865 0.9470077753067017 -1 -1 -1 -1 -1 -1 -1 -1 -1
0.4004080295562744 0.3192645311355591 0.9640636444091797 -1 -1 -1 -1 -1 -1 -1 -1 -1
0.3971717953681946 0.32636719942092896 0.9562898278236389 -1 -1 -1 -1 -1 -1 -1 -1 -1
0.397362619638443 0.32527709007263184 0.9538942575454712 -1 -1 -1 -1 -1 -1 -1 -1 -1
0.3975745141506195 0.3240835666656494 0.9577288627624512 -1 -1 -1 -1 -1 -1 -1 -1 -1
0.41002365946769714 0.30195367336273193 0.9548698663711548 -1 -1 -1 -1 -1 -1 -1 -1 -1
0.4069754183292389 0.3069460391998291 0.9367635250091553 -1 -1 -1 -1 -1 -1 -1 -1 -1
0.4133138656616211 0.3371967375278473 0.9305328726768494 -1 -1 -1 -1 -1 -1 -1 -1 -1
0.41218823194503784 0.34050247073173523 0.9165546894073486 -1 -1 -1 -1 -1 -1 -1 -1 -1
0.4456561505794525 0.32037195563316345 0.9976724982261658 -1 -1 -1 -1 -1 -1 -1 -1 -1
0.443087637424469 0.2962816059589386 0.9956971406936646 -1 -1 -1 -1 -1 -1 -1 -1 -1
0.45599696040153503 0.3867262303829193 0.6865677833557129 -1 -1 -1 -1 -1 -1 -1 -1 -1
0.4855550229549408 0.3441676199436188 0.04291476681828499 -1 -1 -1 -1 -1 -1 -1 -1 -1
0.4543321132659912 0.42611968517303467 0.4200276732444763 -1 -1 -1 -1 -1 -1 -1 -1 -1
0.5160580277442932 0.3715682029724121 0.043970588594675064 -1 -1 -1 -1 -1 -1 -1 -1 -1
0.4568118453025818 0.4303905665874481 0.37631839513778687 -1 -1 -1 -1 -1 -1 -1 -1 -1
0.527021586894989 0.3793794512748718 0.05670382082462311 -1 -1 -1 -1 -1 -1 -1 -1 -1
0.4533306956291199 0.429783433675766 0.3678155839443207 -1 -1 -1 -1 -1 -1 -1 -1 -1
0.5260929465293884 0.3781985938549042 0.05455704405903816 -1 -1 -1 -1 -1 -1 -1 -1 -1
0.45441189408302307 0.42731407284736633 0.3148958384990692 -1 -1 -1 -1 -1 -1 -1 -1 -1
0.5221918225288391 0.37651529908180237 0.05113738030195236 -1 -1 -1 -1 -1 -1 -1 -1 -1
0.5712597370147705 0.38694077730178833 0.9842066764831543 -1 -1 -1 -1 -1 -1 -1 -1 -1
0.5583300590515137 0.377328485250473 0.986467719078064 -1 -1 -1 -1 -1 -1 -1 -1 -1
0.5047221779823303 0.5055643916130066 0.8365429639816284 -1 -1 -1 -1 -1 -1 -1 -1 -1
0.49472346901893616 0.49378645420074463 0.2552657127380371 -1 -1 -1 -1 -1 -1 -1 -1 -1
0.4975273907184601 0.7256639003753662 0.8861557245254517 -1 -1 -1 -1 -1 -1 -1 -1 -1
0.5004159212112427 0.6790938377380371 0.346925288438797 -1 -1 -1 -1 -1 -1 -1 -1 -1
0.5068310499191284 0.7652422189712524 0.8041520118713379 -1 -1 -1 -1 -1 -1 -1 -1 -1
0.5111207962036133 0.7091407775878906 0.3756389319896698 -1 -1 -1 -1 -1 -1 -1 -1 -1
0.45291680097579956 0.7592900991439819 0.8623610734939575 -1 -1 -1 -1 -1 -1 -1 -1 -1
0.46616330742836 0.7234362959861755 0.4313757121562958 -1 -1 -1 -1 -1 -1 -1 -1 -1
1 
33 
-1 -1 -1 -1 -1 -1 -1 -1 -1 -1
0.44456765055656433 0.4359933137893677 0.938139796257019 -1 -1 -1 -1 -1 -1 -1 -1 -1
0.44003379344940186 0.42469221353530884 0.9490054249763489 -1 -1 -1 -1 -1 -1 -1 -1 -1
0.4403359293937683 0.42067819833755493 0.9276236295700073 -1 -1 -1 -1 -1 -1 -1 -1 -1
0.44065964221954346 0.4166985750198364 0.9530767798423767 -1 -1 -1 -1 -1 -1 -1 -1 -1
0.43908289074897766 0.4303920865058899 0.9548648595809937 -1 -1 -1 -1 -1 -1 -1 -1 -1
0.43871819972991943 0.4312807023525238 0.9402806162834167 -1 -1 -1 -1 -1 -1 -1 -1 -1
0.4383104741573334 0.4321390986442566 0.9548409581184387 -1 -1 -1 -1 -1 -1 -1 -1 -1
0.4406842291355133 0.39916127920150757 0.9222762584686279 -1 -1 -1 -1 -1 -1 -1 -1 -1
0.4382380247116089 0.42129752039909363 0.9429079294204712 -1 -1 -1 -1 -1 -1 -1 -1 -1
0.4490818679332733 0.4293161630630493 0.9388057589530945 -1 -1 -1 -1 -1 -1 -1 -1 -1
0.4479031264781952 0.4360460937023163 0.9530709981918335 -1 -1 -1 -1 -1 -1 -1 -1 -1
0.4485103487968445 0.3994177281856537 0.9985752105712891 -1 -1 -1 -1 -1 -1 -1 -1 -1
0.44567519426345825 0.4096025228500366 0.9979810118675232 -1 -1 -1 -1 -1 -1 -1 -1 -1
0.45453718304634094 0.44608792662620544 0.8417661786079407 -1 -1 -1 -1 -1 -1 -1 -1 -1
0.4761958718299866 0.45097965002059937 0.07293945550918579 -1 -1 -1 -1 -1 -1 -1 -1 -1
0.4377788305282593 0.4629548192024231 0.8345176577568054 -1 -1 -1 -1 -1 -1 -1 -1 -1
0.4832809567451477 0.4405137002468109 0.12365595251321793 -1 -1 -1 -1 -1 -1 -1 -1 -1
0.43601202964782715 0.46286800503730774 0.7941045761108398 -1 -1 -1 -1 -1 -1 -1 -1 -1
0.4914025664329529 0.43805646896362305 0.13375535607337952 -1 -1 -1 -1 -1 -1 -1 -1 -1
0.4317038059234619 0.461082398891449 0.7836588621139526 -1 -1 -1 -1 -1 -1 -1 -1 -1
0.48492562770843506 0.4355737268924713 0.12595129013061523 -1 -1 -1 -1 -1 -1 -1 -1 -1
0.4334125220775604 0.460947185754776 0.7112368941307068 -1 -1 -1 -1 -1 -1 -1 -1 -1
0.48292917013168335 0.4398406445980072 0.12463636696338654 -1 -1 -1 -1 -1 -1 -1 -1 -1
0.562850296497345 0.4169979989528656 0.9977009892463684 -1 -1 -1 -1 -1 -1 -1 -1 -1
0.5483720898628235 0.4343405067920685 0.9984868764877319 -1 -1 -1 -1 -1 -1 -1 -1 -1
0.5054281949996948 0.546346127986908 0.8675004839897156 -1 -1 -1 -1 -1 -1 -1 -1 -1
0.48909470438957214 0.5646282434463501 0.38921263813972473 -1 -1 -1 -1 -1 -1 -1 -1 -1
0.5235252380371094 0.6555250287055969 0.7513935565948486 -1 -1 -1 -1 -1 -1 -1 -1 -1
0.4911784827709198 0.7308791875839233 0.5641998648643494 -1 -1 -1 -1 -1 -1 -1 -1 -1
0.5341609716415405 0.6729162931442261 0.6902113556861877 -1 -1 -1 -1 -1 -1 -1 -1 -1
0.5177435874938965 0.7326818108558655 0.5661647319793701 -1 -1 -1 -1 -1 -1 -1 -1 -1
0.4962294399738312 0.6838029026985168 0.7473351955413818 -1 -1 -1 -1 -1 -1 -1 -1 -1
0.48045065999031067 0.7546180486679077 0.6280765533447266 -1 -1 -1 -1 -1 -1 -1 -1 -1
1 
33 
-1 -1 -1 -1 -1 -1 -1 -1 -1 -1
0.4249121844768524 0.39430874586105347 0.9753300547599792 -1 -1 -1 -1 -1 -1 -1 -1 -1
0.4213394522666931 0.3885878622531891 0.9771658182144165 -1 -1 -1 -1 -1 -1 -1 -1 -1
0.42132776975631714 0.38766568899154663 0.9746724367141724 -1 -1 -1 -1 -1 -1 -1 -1 -1
0.4212588667869568 0.38683390617370605 0.9840361475944519 -1 -1 -1 -1 -1 -1 -1 -1 -1
0.4214785099029541 0.38713526725769043 0.9657138586044312 -1 -1 -1 -1 -1 -1 -1 -1 -1
0.42161262035369873 0.38524141907691956 0.954929769039154 -1 -1 -1 -1 -1 -1 -1 -1 -1
0.4217619299888611 0.3831842243671417 0.9673550724983215 -1 -1 -1 -1 -1 -1 -1 -1 -1
0.4246995449066162 0.37599533796310425 0.9615100622177124 -1 -1 -1 -1 -1 -1 -1 -1 -1
0.4259564280509949 0.37047278881073 0.9126254916191101 -1 -1 -1 -1 -1 -1 -1 -1 -1
0.4298385977745056 0.39033880829811096 0.9469160437583923 -1 -1 -1 -1 -1 -1 -1 -1 -1
0.4302687644958496 0.3895171582698822 0.9130089282989502 -1 -1 -1 -1 -1 -1 -1 -1 -1
0.44182518124580383 0.3793371021747589 0.9996259212493896 -1 -1 -1 -1 -1 -1 -1 -1 -1
0.44976675510406494 0.36212754249572754 0.9919695258140564 -1 -1 -1 -1 -1 -1 -1 -1 -1
0.4401160180568695 0.46767762303352356 0.9710236191749573 -1 -1 -1 -1 -1 -1 -1 -1 -1
0.4650518298149109 0.4197951555252075 0.06866573542356491 -1 -1 -1 -1 -1 -1 -1 -1 -1
0.43204465508461 0.5394095182418823 0.8837886452674866 -1 -1 -1 -1 -1 -1 -1 -1 -1
0.4614753723144531 0.4867429733276367 0.11173994094133377 -1 -1 -1 -1 -1 -1 -1 -1 -1
0.43446364998817444 0.5596439242362976 0.8076591491699219 -1 -1 -1 -1 -1 -1 -1 -1 -1
0.46127593517303467 0.5001393556594849 0.12521086633205414 -1 -1 -1 -1 -1 -1 -1 -1 -1
0.4325079023838043 0.5618533492088318 0.8015375733375549 -1 -1 -1 -1 -1 -1 -1 -1 -1
0.4588390290737152 0.5048853754997253 0.13197124004364014 -1 -1 -1 -1 -1 -1 -1 -1 -1
0.432250440120697 0.5562828183174133 0.7094894647598267 -1 -1 -1 -1 -1 -1 -1 -1 -1
0.45936018228530884 0.5006445050239563 0.13766202330589294 -1 -1 -1 -1 -1 -1 -1 -1 -1
0.5336006283760071 0.41301867365837097 0.9912541508674622 -1 -1 -1 -1 -1 -1 -1 -1 -1
0.5313621163368225 0.409331351518631 0.9869434833526611 -1 -1 -1 -1 -1 -1 -1 -1 -1
0.498230516910553 0.5213533043861389 0.8976120352745056 -1 -1 -1 -1 -1 -1 -1 -1 -1
0.48736393451690674 0.5077869892120361 0.29332235455513 -1 -1 -1 -1 -1 -1 -1 -1 -1
0.5332522392272949 0.6032407283782959 0.9120331406593323 -1 -1 -1 -1 -1 -1 -1 -1 -1
0.5292325615882874 0.5946451425552368 0.4628375172615051 -1 -1 -1 -1 -1 -1 -1 -1 -1
0.5514348149299622 0.6235303282737732 0.8302009701728821 -1 -1 -1 -1 -1 -1 -1 -1 -1
0.543786883354187 0.6053833365440369 0.5566364526748657 -1 -1 -1 -1 -1 -1 -1 -1 -1
0.5326122641563416 0.6569633483886719 0.898216962814331 -1 -1 -1 -1 -1 -1 -1 -1 -1
0.5259343981742859 0.6501039266586304 0.562183141708374 -1 -1 -1 -1 -1 -1 -1 -1 -1
1 
33 
-1 -1 -1 -1 -1 -1 -1 -1 -1 -1
0.44043368101119995 0.43102559447288513 0.9811481833457947 -1 -1 -1 -1 -1 -1 -1 -1 -1
0.4339075982570648 0.4283509850502014 0.9846420884132385 -1 -1 -1 -1 -1 -1 -1 -1 -1
0.4335181713104248 0.42718812823295593 0.985579252243042 -1 -1 -1 -1 -1 -1 -1 -1 -1
0.43316933512687683 0.4261355996131897 0.9892421364784241 -1 -1 -1 -1 -1 -1 -1 -1 -1
0.4337933659553528 0.42842230200767517 0.9742401242256165 -1 -1 -1 -1 -1 -1 -1 -1 -1
0.4333646297454834 0.4272609353065491 0.9696025848388672 -1 -1 -1 -1 -1 -1 -1 -1 -1
0.4329758882522583 0.42609265446662903 0.97614586353302 -1 -1 -1 -1 -1 -1 -1 -1 -1
0.43284788727760315 0.41385307908058167 0.9790440201759338 -1 -1 -1 -1 -1 -1 -1 -1 -1
0.4327594041824341 0.4126904010772705 0.9398221373558044 -1 -1 -1 -1 -1 -1 -1 -1 -1
0.4439769983291626 0.4248879551887512 0.9651105999946594 -1 -1 -1 -1 -1 -1 -1 -1 -1
0.44405460357666016 0.4249550700187683 0.9427849054336548 -1 -1 -1 -1 -1 -1 -1 -1 -1
0.4529706537723541 0.406008243560791 0.9997276663780212 -1 -1 -1 -1 -1 -1 -1 -1 -1
0.4555286169052124 0.37805473804473877 0.9953222870826721 -1 -1 -1 -1 -1 -1 -1 -1 -1
0.48048853874206543 0.48007628321647644 0.8133749961853027 -1 -1 -1 -1 -1 -1 -1 -1 -1
0.4994940161705017 0.40694695711135864 0.03564690798521042 -1 -1 -1 -1 -1 -1 -1 -1 -1
0.49008721113204956 0.5217254757881165 0.48913851380348206 -1 -1 -1 -1 -1 -1 -1 -1 -1
0.5230134129524231 0.4388587176799774 0.012479393742978573 -1 -1 -1 -1 -1 -1 -1 -1 -1
0.4952314794063568 0.5330687761306763 0.4454878866672516 -1 -1 -1 -1 -1 -1 -1 -1 -1
0.5301028490066528 0.44533291459083557 0.016595520079135895 -1 -1 -1 -1 -1 -1 -1 -1 -1
0.4924415051937103 0.5301617980003357 0.4570726156234741 -1 -1 -1 -1 -1 -1 -1 -1 -1
0.5270578265190125 0.4516516327857971 0.01701655611395836 -1 -1 -1 -1 -1 -1 -1 -1 -1
0.491312712430954 0.5276955962181091 0.36037948727607727 -1 -1 -1 -1 -1 -1 -1 -1 -1
0.5238721370697021 0.4478677809238434 0.017892256379127502 -1 -1 -1 -1 -1 -1 -1 -1 -1
0.5294420123100281 0.40465521812438965 0.9946322441101074 -1 -1 -1 -1 -1 -1 -1 -1 -1
0.5273527503013611 0.40372103452682495 0.9885488152503967 -1 -1 -1 -1 -1 -1 -1 -1 -1
0.4899122714996338 0.5028856992721558 0.9263123869895935 -1 -1 -1 -1 -1 -1 -1 -1 -1
0.5025745034217834 0.501018762588501 0.24729298055171967 -1 -1 -1 -1 -1 -1 -1 -1 -1
0.5581610798835754 0.5295355916023254 0.9040960073471069 -1 -1 -1 -1 -1 -1 -1 -1 -1
0.5608003735542297 0.533216118812561 0.3786812424659729 -1 -1 -1 -1 -1 -1 -1 -1 -1
0.570294976234436 0.5186871886253357 0.8331158757209778 -1 -1 -1 -1 -1 -1 -1 -1 -1
0.5676087737083435 0.5172281861305237 0.3977248966693878 -1 -1 -1 -1 -1 -1 -1 -1 -1
0.572780191898346 0.5804256200790405 0.8932561874389648 -1 -1 -1 -1 -1 -1 -1 -1 -1
0.5718636512756348 0.5750819444656372 0.4098629653453827 -1 -1 -1 -1 -1 -1 -1 -1 -1
1 
33 
-1 -1 -1 -1 -1 -1 -1 -1 -1 -1
0.48160701990127563 0.45980677008628845 0.9942108392715454 -1 -1 -1 -1 -1 -1 -1 -1 -1
0.4742192327976227 0.46048426628112793 0.9927083849906921 -1 -1 -1 -1 -1 -1 -1 -1 -1
0.4737938642501831 0.45696377754211426 0.9903967380523682 -1 -1 -1 -1 -1 -1 -1 -1 -1
0.4734501242637634 0.4534265398979187 0.9929121136665344 -1 -1 -1 -1 -1 -1 -1 -1 -1
0.47638383507728577 0.47175583243370056 0.9921886920928955 -1 -1 -1 -1 -1 -1 -1 -1 -1
0.4774525463581085 0.4762249290943146 0.989452600479126 -1 -1 -1 -1 -1 -1 -1 -1 -1
0.4785197973251343 0.48058053851127625 0.9918807148933411 -1 -1 -1 -1 -1 -1 -1 -1 -1
0.4830232262611389 0.45059531927108765 0.9933376312255859 -1 -1 -1 -1 -1 -1 -1 -1 -1
0.49014875292778015 0.48585450649261475 0.9917470216751099 -1 -1 -1 -1 -1 -1 -1 -1 -1
0.4927538335323334 0.44801509380340576 0.9873414635658264 -1 -1 -1 -1 -1 -1 -1 -1 -1
0.4955936670303345 0.4631734788417816 0.9828625321388245 -1 -1 -1 -1 -1 -1 -1 -1 -1
0.5375016331672668 0.42608124017715454 0.9954982995986938 -1 -1 -1 -1 -1 -1 -1 -1 -1
0.547029435634613 0.4628327786922455 0.9936630725860596 -1 -1 -1 -1 -1 -1 -1 -1 -1
0.5128241777420044 0.39855003356933594 0.5933431386947632 -1 -1 -1 -1 -1 -1 -1 -1 -1
0.5531178712844849 0.3980576694011688 0.47964563965797424 -1 -1 -1 -1 -1 -1 -1 -1 -1
0.48591941595077515 0.43473124504089355 0.44483572244644165 -1 -1 -1 -1 -1 -1 -1 -1 -1
0.524896502494812 0.4040515124797821 0.2851307690143585 -1 -1 -1 -1 -1 -1 -1 -1 -1
0.4780063033103943 0.44556090235710144 0.3692447245121002 -1 -1 -1 -1 -1 -1 -1 -1 -1
0.5191847085952759 0.4014313519001007 0.28130096197128296 -1 -1 -1 -1 -1 -1 -1 -1 -1
0.478945791721344 0.44259998202323914 0.3706858158111572 -1 -1 -1 -1 -1 -1 -1 -1 -1
0.5198220014572144 0.4174116849899292 0.2771066427230835 -1 -1 -1 -1 -1 -1 -1 -1 -1
0.4840511083602905 0.43835312128067017 0.3737851679325104 -1 -1 -1 -1 -1 -1 -1 -1 -1
0.5237779021263123 0.41766124963760376 0.2719132602214813 -1 -1 -1 -1 -1 -1 -1 -1 -1
0.721014142036438 0.37711620330810547 0.9948192238807678 -1 -1 -1 -1 -1 -1 -1 -1 -1
0.724970281124115 0.4105069935321808 0.995837926864624 -1 -1 -1 -1 -1 -1 -1 -1 -1
0.8494196534156799 0.2918012738227844 0.1496061384677887 -1 -1 -1 -1 -1 -1 -1 -1 -1
0.856704831123352 0.2912343740463257 0.3699089586734772 -1 -1 -1 -1 -1 -1 -1 -1 -1
0.9686216115951538 0.2581086754798889 0.16123750805854797 -1 -1 -1 -1 -1 -1 -1 -1 -1
0.97817063331604 0.2778525650501251 0.3322412669658661 -1 -1 -1 -1 -1 -1 -1 -1 -1
0.9868896007537842 0.26440364122390747 0.22878538072109222 -1 -1 -1 -1 -1 -1 -1 -1 -1
0.9922153949737549 0.27964287996292114 0.31270185112953186 -1 -1 -1 -1 -1 -1 -1 -1 -1
0.9926019906997681 0.21170374751091003 0.2150237113237381 -1 -1 -1 -1 -1 -1 -1 -1 -1
1.0157345533370972 0.26154130697250366 0.3441303074359894 -1 -1 -1 -1 -1 -1 -1 -1 -1
1 
33 
-1 -1 -1 -1 -1 -1 -1 -1 -1 -1
0.512688159942627 0.4299275279045105 1.0 -1 -1 -1 -1 -1 -1 -1 -1 -1
0.5117670893669128 0.4292784333229065 1.0 -1 -1 -1 -1 -1 -1 -1 -1 -1
0.5117597579956055 0.4287109971046448 1.0 -1 -1 -1 -1 -1 -1 -1 -1 -1
0.5117096900939941 0.4280547797679901 1.0 -1 -1 -1 -1 -1 -1 -1 -1 -1
0.5117709636688232 0.4306712746620178 1.0 -1 -1 -1 -1 -1 -1 -1 -1 -1
0.5116984248161316 0.4312383532524109 1.0 -1 -1 -1 -1 -1 -1 -1 -1 -1
0.5116282105445862 0.4316888749599457 1.0 -1 -1 -1 -1 -1 -1 -1 -1 -1
0.5113716721534729 0.4284476637840271 1.0 -1 -1 -1 -1 -1 -1 -1 -1 -1
0.511538565158844 0.4327452480792999 1.0 -1 -1 -1 -1 -1 -1 -1 -1 -1
0.5132584571838379 0.4290888011455536 1.0 -1 -1 -1 -1 -1 -1 -1 -1 -1
0.5131569504737854 0.4311925172805786 1.0 -1 -1 -1 -1 -1 -1 -1 -1 -1
0.5140615105628967 0.42672181129455566 1.0 -1 -1 -1 -1 -1 -1 -1 -1 -1
0.5148200988769531 0.43693819642066956 1.0 -1 -1 -1 -1 -1 -1 -1 -1 -1
0.5168031454086304 0.4249754548072815 0.00015786047151777893 -1 -1 -1 -1 -1 -1 -1 -1 -1
0.5194191336631775 0.44343802332878113 0.6652277708053589 -1 -1 -1 -1 -1 -1 -1 -1 -1
0.5170691013336182 0.43209195137023926 0.0009199848864227533 -1 -1 -1 -1 -1 -1 -1 -1 -1
0.520649790763855 0.4457293152809143 0.2707740366458893 -1 -1 -1 -1 -1 -1 -1 -1 -1
0.5170656442642212 0.43319249153137207 0.0018663709051907063 -1 -1 -1 -1 -1 -1 -1 -1 -1
0.5214544534683228 0.4472503960132599 0.04308721795678139 -1 -1 -1 -1 -1 -1 -1 -1 -1
0.5179396867752075 0.43384668231010437 0.0015132222324609756 -1 -1 -1 -1 -1 -1 -1 -1 -1
0.5217658877372742 0.44426196813583374 0.1537148654460907 -1 -1 -1 -1 -1 -1 -1 -1 -1
0.5176651477813721 0.43411141633987427 0.0006532861152663827 -1 -1 -1 -1 -1 -1 -1 -1 -1
0.5210290551185608 0.4440438151359558 0.18114818632602692 -1 -1 -1 -1 -1 -1 -1 -1 -1
0.5212908983230591 0.43332377076148987 0.003645704360678792 -1 -1 -1 -1 -1 -1 -1 -1 -1
0.5213996171951294 0.4405086040496826 0.0039847539737820625 -1 -1 -1 -1 -1 -1 -1 -1 -1
0.5260520577430725 0.436605304479599 0.000573548546526581 -1 -1 -1 -1 -1 -1 -1 -1 -1
0.5234500169754028 0.4413945972919464 2.149353349523153e-05 -1 -1 -1 -1 -1 -1 -1 -1 -1
0.5301597118377686 0.43948671221733093 0.006250845734030008 -1 -1 -1 -1 -1 -1 -1 -1 -1
0.5313751697540283 0.44565144181251526 2.490666020094068e-06 -1 -1 -1 -1 -1 -1 -1 -1 -1
0.5311659574508667 0.43945878744125366 0.011644161306321621 -1 -1 -1 -1 -1 -1 -1 -1 -1
0.5337621569633484 0.4480134844779968 6.173323981784051e-06 -1 -1 -1 -1 -1 -1 -1 -1 -1
0.5300600528717041 0.44041749835014343 0.010385300032794476 -1 -1 -1 -1 -1 -1 -1 -1 -1
0.531169056892395 0.44202232360839844 1.507574415882118e-05 -1 -1 -1 -1 -1 -1 -1 -1 -1
1 
33 
-1 -1 -1 -1 -1 -1 -1 -1 -1 -1
0.5327234864234924 0.3922910988330841 0.9989651441574097 -1 -1 -1 -1 -1 -1 -1 -1 -1
0.5368157029151917 0.3812008798122406 0.999419093132019 -1 -1 -1 -1 -1 -1 -1 -1 -1
0.5389137864112854 0.3797515630722046 0.9992477893829346 -1 -1 -1 -1 -1 -1 -1 -1 -1
0.5409952402114868 0.37834030389785767 0.999524712562561 -1 -1 -1 -1 -1 -1 -1 -1 -1
0.5300328135490417 0.3824187219142914 0.9986513257026672 -1 -1 -1 -1 -1 -1 -1 -1 -1
0.5275605916976929 0.38191577792167664 0.9976198077201843 -1 -1 -1 -1 -1 -1 -1 -1 -1
0.5251222252845764 0.38140982389450073 0.9981434345245361 -1 -1 -1 -1 -1 -1 -1 -1 -1
0.5429739356040955 0.36664581298828125 0.999591052532196 -1 -1 -1 -1 -1 -1 -1 -1 -1
0.5190749764442444 0.3699257969856262 0.9986826777458191 -1 -1 -1 -1 -1 -1 -1 -1 -1
0.5338764190673828 0.3926016092300415 0.9997816681861877 -1 -1 -1 -1 -1 -1 -1 -1 -1
0.5270572304725647 0.39407506585121155 0.9995618462562561 -1 -1 -1 -1 -1 -1 -1 -1 -1
0.5503483414649963 0.38017919659614563 0.9999092817306519 -1 -1 -1 -1 -1 -1 -1 -1 -1
0.4908152222633362 0.3736608326435089 0.9994319081306458 -1 -1 -1 -1 -1 -1 -1 -1 -1
0.5376625061035156 0.4355197250843048 0.7760055661201477 -1 -1 -1 -1 -1 -1 -1 -1 -1
0.4948922097682953 0.4381915330886841 0.9149602651596069 -1 -1 -1 -1 -1 -1 -1 -1 -1
0.542782723903656 0.3818204998970032 0.916304886341095 -1 -1 -1 -1 -1 -1 -1 -1 -1
0.5229279398918152 0.431132972240448 0.9095059633255005 -1 -1 -1 -1 -1 -1 -1 -1 -1
0.5456604957580566 0.36508625745773315 0.888702929019928 -1 -1 -1 -1 -1 -1 -1 -1 -1
0.5278720259666443 0.43212515115737915 0.8681586384773254 -1 -1 -1 -1 -1 -1 -1 -1 -1
0.5448939204216003 0.36195164918899536 0.8779231905937195 -1 -1 -1 -1 -1 -1 -1 -1 -1
0.5265963673591614 0.42195770144462585 0.8509469628334045 -1 -1 -1 -1 -1 -1 -1 -1 -1
0.541491687297821 0.3668220341205597 0.83362877368927 -1 -1 -1 -1 -1 -1 -1 -1 -1
0.526111900806427 0.42220035195350647 0.7884824275970459 -1 -1 -1 -1 -1 -1 -1 -1 -1
0.5093528628349304 0.5207253694534302 0.9999130964279175 -1 -1 -1 -1 -1 -1 -1 -1 -1
0.4685448408126831 0.5112547874450684 0.999883770942688 -1 -1 -1 -1 -1 -1 -1 -1 -1
0.5127561688423157 0.6011115312576294 0.7648956179618835 -1 -1 -1 -1 -1 -1 -1 -1 -1
0.44372859597206116 0.6071627736091614 0.8649197816848755 -1 -1 -1 -1 -1 -1 -1 -1 -1
0.4775952696800232 0.6718748211860657 0.33236706256866455 -1 -1 -1 -1 -1 -1 -1 -1 -1
0.46387287974357605 0.7191251516342163 0.5828502178192139 -1 -1 -1 -1 -1 -1 -1 -1 -1
0.47046080231666565 0.6751849055290222 0.4373019337654114 -1 -1 -1 -1 -1 -1 -1 -1 -1
0.47186172008514404 0.7275145053863525 0.29804494976997375 -1 -1 -1 -1 -1 -1 -1 -1 -1
0.4724539816379547 0.7090462446212769 0.5363917350769043 -1 -1 -1 -1 -1 -1 -1 -1 -1
0.46502482891082764 0.7807378768920898 0.6316084861755371 -1 -1 -1 -1 -1 -1 -1 -1 -1
1 
33 
-1 -1 -1 -1 -1 -1 -1 -1 -1 -1
0.5237606167793274 0.34930866956710815 0.9930683374404907 -1 -1 -1 -1 -1 -1 -1 -1 -1
0.5256523489952087 0.34246405959129333 0.9967736601829529 -1 -1 -1 -1 -1 -1 -1 -1 -1
0.5266752243041992 0.34226328134536743 0.9948766827583313 -1 -1 -1 -1 -1 -1 -1 -1 -1
0.5277015566825867 0.3420516848564148 0.9954941272735596 -1 -1 -1 -1 -1 -1 -1 -1 -1
0.5219417810440063 0.3421858251094818 0.9973959922790527 -1 -1 -1 -1 -1 -1 -1 -1 -1
0.5207292437553406 0.3419577479362488 0.9966025352478027 -1 -1 -1 -1 -1 -1 -1 -1 -1
0.5195440053939819 0.34172552824020386 0.996397078037262 -1 -1 -1 -1 -1 -1 -1 -1 -1
0.5287483930587769 0.3398113250732422 0.9926807284355164 -1 -1 -1 -1 -1 -1 -1 -1 -1
0.5162336230278015 0.3393537402153015 0.9953828454017639 -1 -1 -1 -1 -1 -1 -1 -1 -1
0.524225652217865 0.35357382893562317 0.9970313310623169 -1 -1 -1 -1 -1 -1 -1 -1 -1
0.5204451680183411 0.3534557819366455 0.9991216063499451 -1 -1 -1 -1 -1 -1 -1 -1 -1
0.5338703393936157 0.35752448439598083 0.9993784427642822 -1 -1 -1 -1 -1 -1 -1 -1 -1
0.5034138560295105 0.35864710807800293 0.9997727274894714 -1 -1 -1 -1 -1 -1 -1 -1 -1
0.5280625224113464 0.37389564514160156 0.46516841650009155 -1 -1 -1 -1 -1 -1 -1 -1 -1
0.5046213269233704 0.4061778485774994 0.45880192518234253 -1 -1 -1 -1 -1 -1 -1 -1 -1
0.524194598197937 0.34976720809936523 0.4712924659252167 -1 -1 -1 -1 -1 -1 -1 -1 -1
0.5263786911964417 0.4378196895122528 0.6028123497962952 -1 -1 -1 -1 -1 -1 -1 -1 -1
0.5237996578216553 0.3420462906360626 0.59363853931427 -1 -1 -1 -1 -1 -1 -1 -1 -1
0.5295937061309814 0.44766250252723694 0.6134044528007507 -1 -1 -1 -1 -1 -1 -1 -1 -1
0.523820698261261 0.3396773338317871 0.565320611000061 -1 -1 -1 -1 -1 -1 -1 -1 -1
0.5319955348968506 0.4418351352214813 0.5931612253189087 -1 -1 -1 -1 -1 -1 -1 -1 -1
0.523014485836029 0.34300875663757324 0.46816486120224 -1 -1 -1 -1 -1 -1 -1 -1 -1
0.531233549118042 0.43825095891952515 0.523430347442627 -1 -1 -1 -1 -1 -1 -1 -1 -1
0.5196996927261353 0.44855108857154846 0.9999796152114868 -1 -1 -1 -1 -1 -1 -1 -1 -1
0.49502846598625183 0.439687579870224 0.9999524354934692 -1 -1 -1 -1 -1 -1 -1 -1 -1
0.5641887784004211 0.4552188217639923 0.9634377360343933 -1 -1 -1 -1 -1 -1 -1 -1 -1
0.49583807587623596 0.38019436597824097 0.8796814680099487 -1 -1 -1 -1 -1 -1 -1 -1 -1
0.5295533537864685 0.4178364872932434 0.47353193163871765 -1 -1 -1 -1 -1 -1 -1 -1 -1
0.5210162401199341 0.35241079330444336 0.7195631861686707 -1 -1 -1 -1 -1 -1 -1 -1 -1
0.5242507457733154 0.41186821460723877 0.5528761744499207 -1 -1 -1 -1 -1 -1 -1 -1 -1
0.5200037360191345 0.35862550139427185 0.817857563495636 -1 -1 -1 -1 -1 -1 -1 -1 -1
0.5207507014274597 0.386985719203949 0.5897253155708313 -1 -1 -1 -1 -1 -1 -1 -1 -1
0.5422965884208679 0.30414772033691406 0.8692425489425659 -1 -1 -1 -1 -1 -1 -1 -1 -1
1 
33 
-1 -1 -1 -1 -1 -1 -1 -1 -1 -1
0.5843878388404846 0.36877942085266113 0.9999815225601196 -1 -1 -1 -1 -1 -1 -1 -1 -1
0.5855119824409485 0.3836129307746887 0.9999926090240479 -1 -1 -1 -1 -1 -1 -1 -1 -1
0.5846906900405884 0.3856790065765381 0.9999924898147583 -1 -1 -1 -1 -1 -1 -1 -1 -1
0.5837703943252563 0.38765397667884827 0.9999904632568359 -1 -1 -1 -1 -1 -1 -1 -1 -1
0.5832620859146118 0.3840595781803131 0.9999916553497314 -1 -1 -1 -1 -1 -1 -1 -1 -1
0.5830435752868652 0.3835582435131073 0.9999920129776001 -1 -1 -1 -1 -1 -1 -1 -1 -1
0.5828244090080261 0.3830947279930115 0.9999922513961792 -1 -1 -1 -1 -1 -1 -1 -1 -1
0.5750060081481934 0.3950479030609131 0.9999943971633911 -1 -1 -1 -1 -1 -1 -1 -1 -1
0.5753675699234009 0.3849486708641052 0.9999912977218628 -1 -1 -1 -1 -1 -1 -1 -1 -1
0.5737067461013794 0.3731502890586853 0.9999896287918091 -1 -1 -1 -1 -1 -1 -1 -1 -1
0.5752819776535034 0.3692081570625305 0.9999948740005493 -1 -1 -1 -1 -1 -1 -1 -1 -1
0.5426780581474304 0.38767245411872864 0.9999823570251465 -1 -1 -1 -1 -1 -1 -1 -1 -1
0.5457454323768616 0.3709605038166046 0.9999871253967285 -1 -1 -1 -1 -1 -1 -1 -1 -1
0.5091715455055237 0.3780369758605957 0.9596027135848999 -1 -1 -1 -1 -1 -1 -1 -1 -1
0.5140618085861206 0.35048365592956543 0.3602142035961151 -1 -1 -1 -1 -1 -1 -1 -1 -1
0.5188034176826477 0.34614259004592896 0.8543898463249207 -1 -1 -1 -1 -1 -1 -1 -1 -1
0.5223081707954407 0.3456664979457855 0.3358587324619293 -1 -1 -1 -1 -1 -1 -1 -1 -1
0.5208101868629456 0.3380025029182434 0.783501923084259 -1 -1 -1 -1 -1 -1 -1 -1 -1
0.5244948267936707 0.3477165699005127 0.3020622730255127 -1 -1 -1 -1 -1 -1 -1 -1 -1
0.5247945785522461 0.33854174613952637 0.7845419645309448 -1 -1 -1 -1 -1 -1 -1 -1 -1
0.5285278558731079 0.3459432125091553 0.31429973244667053 -1 -1 -1 -1 -1 -1 -1 -1 -1
0.5239086747169495 0.3412138819694519 0.7279453277587891 -1 -1 -1 -1 -1 -1 -1 -1 -1
0.5273260474205017 0.34483587741851807 0.30612021684646606 -1 -1 -1 -1 -1 -1 -1 -1 -1
0.49399814009666443 0.46534833312034607 0.9999814033508301 -1 -1 -1 -1 -1 -1 -1 -1 -1
0.49726420640945435 0.4521900713443756 0.9999853372573853 -1 -1 -1 -1 -1 -1 -1 -1 -1
0.5093936920166016 0.41752105951309204 0.9266023635864258 -1 -1 -1 -1 -1 -1 -1 -1 -1
0.5072613954544067 0.38885262608528137 0.46547842025756836 -1 -1 -1 -1 -1 -1 -1 -1 -1
0.5152233839035034 0.3765204846858978 0.7068700790405273 -1 -1 -1 -1 -1 -1 -1 -1 -1
0.5137288570404053 0.3724793791770935 0.27520227432250977 -1 -1 -1 -1 -1 -1 -1 -1 -1
0.5122406482696533 0.3738343417644501 0.6922236084938049 -1 -1 -1 -1 -1 -1 -1 -1 -1
0.5116993188858032 0.3750244975090027 0.21743488311767578 -1 -1 -1 -1 -1 -1 -1 -1 -1
0.5298300981521606 0.3395709991455078 0.7461816668510437 -1 -1 -1 -1 -1 -1 -1 -1 -1
0.5289531946182251 0.3481208384037018 0.3740006983280182 -1 -1 -1 -1 -1 -1 -1 -1 -1
1 
33 
-1 -1 -1 -1 -1 -1 -1 -1 -1 -1
0.5315858721733093 0.3348879814147949 0.9975898265838623 -1 -1 -1 -1 -1 -1 -1 -1 -1
0.5365157723426819 0.3295610547065735 0.9979203343391418 -1 -1 -1 -1 -1 -1 -1 -1 -1
0.5374283790588379 0.3302074670791626 0.9979369640350342 -1 -1 -1 -1 -1 -1 -1 -1 -1
0.5383156538009644 0.3308635652065277 0.9978852868080139 -1 -1 -1 -1 -1 -1 -1 -1 -1
0.5362436175346375 0.3288918733596802 0.9976245760917664 -1 -1 -1 -1 -1 -1 -1 -1 -1
0.5367583632469177 0.3288859724998474 0.9975202679634094 -1 -1 -1 -1 -1 -1 -1 -1 -1
0.5372733473777771 0.3289138376712799 0.9972447156906128 -1 -1 -1 -1 -1 -1 -1 -1 -1
0.545039713382721 0.3378678560256958 0.9990437626838684 -1 -1 -1 -1 -1 -1 -1 -1 -1
0.5439359545707703 0.3350500464439392 0.9969821572303772 -1 -1 -1 -1 -1 -1 -1 -1 -1
0.5327598452568054 0.34419792890548706 0.9994409680366516 -1 -1 -1 -1 -1 -1 -1 -1 -1
0.5322836637496948 0.3434829115867615 0.999411940574646 -1 -1 -1 -1 -1 -1 -1 -1 -1
0.5446653366088867 0.3754914104938507 0.9999386072158813 -1 -1 -1 -1 -1 -1 -1 -1 -1
0.5385524034500122 0.36953872442245483 0.9998180270195007 -1 -1 -1 -1 -1 -1 -1 -1 -1
0.515036404132843 0.3886299729347229 0.9366992115974426 -1 -1 -1 -1 -1 -1 -1 -1 -1
0.5090329647064209 0.387459933757782 0.08023101836442947 -1 -1 -1 -1 -1 -1 -1 -1 -1
0.4954639673233032 0.35574132204055786 0.8114677667617798 -1 -1 -1 -1 -1 -1 -1 -1 -1
0.5021311640739441 0.3703569769859314 0.11992166936397552 -1 -1 -1 -1 -1 -1 -1 -1 -1
0.4923039674758911 0.3484318256378174 0.687076210975647 -1 -1 -1 -1 -1 -1 -1 -1 -1
0.4988050162792206 0.3696886897087097 0.1547701209783554 -1 -1 -1 -1 -1 -1 -1 -1 -1
0.49497702717781067 0.3440777659416199 0.6684481501579285 -1 -1 -1 -1 -1 -1 -1 -1 -1
0.5012151598930359 0.3637603521347046 0.16341863572597504 -1 -1 -1 -1 -1 -1 -1 -1 -1
0.4973079562187195 0.34381598234176636 0.6085455417633057 -1 -1 -1 -1 -1 -1 -1 -1 -1
0.5021696090698242 0.3635334372520447 0.1638980358839035 -1 -1 -1 -1 -1 -1 -1 -1 -1
0.5009125471115112 0.4716320335865021 0.9996065497398376 -1 -1 -1 -1 -1 -1 -1 -1 -1
0.4979241192340851 0.46150508522987366 0.9997003078460693 -1 -1 -1 -1 -1 -1 -1 -1 -1
0.5142282843589783 0.37410256266593933 0.9230103492736816 -1 -1 -1 -1 -1 -1 -1 -1 -1
0.5007933974266052 0.3663274645805359 0.40738141536712646 -1 -1 -1 -1 -1 -1 -1 -1 -1
0.47952860593795776 0.3981531858444214 0.42664358019828796 -1 -1 -1 -1 -1 -1 -1 -1 -1
0.46724069118499756 0.40723907947540283 0.3438486158847809 -1 -1 -1 -1 -1 -1 -1 -1 -1
0.4752071797847748 0.41060003638267517 0.49778953194618225 -1 -1 -1 -1 -1 -1 -1 -1 -1
0.4627688527107239 0.42129480838775635 0.41077810525894165 -1 -1 -1 -1 -1 -1 -1 -1 -1
0.4680367410182953 0.3786877393722534 0.5812423229217529 -1 -1 -1 -1 -1 -1 -1 -1 -1
0.4555179476737976 0.39255622029304504 0.548147976398468 -1 -1 -1 -1 -1 -1 -1 -1 -1
1 
33 
-1 -1 -1 -1 -1 -1 -1 -1 -1 -1
0.5307101011276245 0.43871498107910156 0.9993337988853455 -1 -1 -1 -1 -1 -1 -1 -1 -1
0.5324371457099915 0.4387388825416565 0.9993341565132141 -1 -1 -1 -1 -1 -1 -1 -1 -1
0.5326877236366272 0.43936485052108765 0.9990039467811584 -1 -1 -1 -1 -1 -1 -1 -1 -1
0.5329294800758362 0.43997931480407715 0.9992250204086304 -1 -1 -1 -1 -1 -1 -1 -1 -1
0.5317705273628235 0.43722110986709595 0.9995657801628113 -1 -1 -1 -1 -1 -1 -1 -1 -1
0.5315759181976318 0.43679067492485046 0.9993283748626709 -1 -1 -1 -1 -1 -1 -1 -1 -1
0.5313749313354492 0.43635621666908264 0.9995169639587402 -1 -1 -1 -1 -1 -1 -1 -1 -1
0.5326771140098572 0.44219160079956055 0.9982588887214661 -1 -1 -1 -1 -1 -1 -1 -1 -1
0.53052818775177 0.4371519386768341 0.9994774460792542 -1 -1 -1 -1 -1 -1 -1 -1 -1
0.5296087861061096 0.4412379860877991 0.9978832602500916 -1 -1 -1 -1 -1 -1 -1 -1 -1
0.5289382934570312 0.4394336938858032 0.9989000558853149 -1 -1 -1 -1 -1 -1 -1 -1 -1
0.5295110940933228 0.451015442609787 0.9955466985702515 -1 -1 -1 -1 -1 -1 -1 -1 -1
0.5211816430091858 0.43899863958358765 0.9991052746772766 -1 -1 -1 -1 -1 -1 -1 -1 -1
0.5266258120536804 0.44228726625442505 0.8066425919532776 -1 -1 -1 -1 -1 -1 -1 -1 -1
0.508633553981781 0.4280487298965454 0.4115917980670929 -1 -1 -1 -1 -1 -1 -1 -1 -1
0.5310410261154175 0.41983941197395325 0.8050602674484253 -1 -1 -1 -1 -1 -1 -1 -1 -1
0.5068154335021973 0.4245787262916565 0.3385583162307739 -1 -1 -1 -1 -1 -1 -1 -1 -1
0.5324658155441284 0.4128834009170532 0.7288605570793152 -1 -1 -1 -1 -1 -1 -1 -1 -1
0.5065149068832397 0.4225620627403259 0.26975467801094055 -1 -1 -1 -1 -1 -1 -1 -1 -1
0.5332081317901611 0.4125339686870575 0.7290130853652954 -1 -1 -1 -1 -1 -1 -1 -1 -1
0.5079019069671631 0.42270949482917786 0.2752625346183777 -1 -1 -1 -1 -1 -1 -1 -1 -1
0.532525897026062 0.4152509868144989 0.6642691493034363 -1 -1 -1 -1 -1 -1 -1 -1 -1
0.5080616474151611 0.42364469170570374 0.27078977227211 -1 -1 -1 -1 -1 -1 -1 -1 -1
0.5072090029716492 0.4716537594795227 0.9871569275856018 -1 -1 -1 -1 -1 -1 -1 -1 -1
0.5053677558898926 0.46571508049964905 0.9934514760971069 -1 -1 -1 -1 -1 -1 -1 -1 -1
0.5158983469009399 0.4519531726837158 0.01503338385373354 -1 -1 -1 -1 -1 -1 -1 -1 -1
0.5179322361946106 0.4505329132080078 0.01774464175105095 -1 -1 -1 -1 -1 -1 -1 -1 -1
0.5212130546569824 0.4390603303909302 0.03826349973678589 -1 -1 -1 -1 -1 -1 -1 -1 -1
0.5213070511817932 0.4367031455039978 0.02962781861424446 -1 -1 -1 -1 -1 -1 -1 -1 -1
0.5216155052185059 0.43809354305267334 0.0580798014998436 -1 -1 -1 -1 -1 -1 -1 -1 -1
0.5218506455421448 0.43594565987586975 0.04776893928647041 -1 -1 -1 -1 -1 -1 -1 -1 -1
0.5231230854988098 0.431441068649292 0.06655126810073853 -1 -1 -1 -1 -1 -1 -1 -1 -1
0.5213160514831543 0.4274337589740753 0.05258848890662193 -1 -1 -1 -1 -1 -1 -1 -1 -1
1 
