30
1 
33 
-1 -1 -1 -1 -1 -1 -1 -1 -1 -1
0.47237515449523926 0.3018820881843567 0.9978680610656738 -1 -1 -1 -1 -1 -1 -1 -1 -1
0.47567272186279297 0.2924926280975342 0.9989514350891113 -1 -1 -1 -1 -1 -1 -1 -1 -1
0.47694137692451477 0.29223692417144775 0.9989861845970154 -1 -1 -1 -1 -1 -1 -1 -1 -1
0.47821059823036194 0.29179638624191284 0.9991279244422913 -1 -1 -1 -1 -1 -1 -1 -1 -1
0.47480934858322144 0.29269784688949585 0.9982801675796509 -1 -1 -1 -1 -1 -1 -1 -1 -1
0.4753303825855255 0.2928035259246826 0.9976945519447327 -1 -1 -1 -1 -1 -1 -1 -1 -1
0.4758250415325165 0.29281407594680786 0.9977185726165771 -1 -1 -1 -1 -1 -1 -1 -1 -1
0.4855317175388336 0.2947186827659607 0.9988256096839905 -1 -1 -1 -1 -1 -1 -1 -1 -1
0.4825466275215149 0.29657453298568726 0.9954028129577637 -1 -1 -1 -1 -1 -1 -1 -1 -1
0.47752776741981506 0.30894821882247925 0.998115062713623 -1 -1 -1 -1 -1 -1 -1 -1 -1
0.4761902987957001 0.30971670150756836 0.9967716336250305 -1 -1 -1 -1 -1 -1 -1 -1 -1
0.4953133761882782 0.3186907172203064 0.9994112253189087 -1 -1 -1 -1 -1 -1 -1 -1 -1
0.49458053708076477 0.32714712619781494 0.9840788841247559 -1 -1 -1 -1 -1 -1 -1 -1 -1
0.4755278527736664 0.24710722267627716 0.9934712648391724 -1 -1 -1 -1 -1 -1 -1 -1 -1
0.4742441475391388 0.25898176431655884 0.11656263470649719 -1 -1 -1 -1 -1 -1 -1 -1 -1
0.45575597882270813 0.1701805293560028 0.9621825814247131 -1 -1 -1 -1 -1 -1 -1 -1 -1
0.45877277851104736 0.178928941488266 0.3464853763580322 -1 -1 -1 -1 -1 -1 -1 -1 -1
0.4487602710723877 0.15418407320976257 0.9399980306625366 -1 -1 -1 -1 -1 -1 -1 -1 -1
0.45576098561286926 0.17478066682815552 0.45065879821777344 -1 -1 -1 -1 -1 -1 -1 -1 -1
0.45136353373527527 0.15147683024406433 0.9284240007400513 -1 -1 -1 -1 -1 -1 -1 -1 -1
0.45291784405708313 0.17035862803459167 0.44739457964897156 -1 -1 -1 -1 -1 -1 -1 -1 -1
0.4525572657585144 0.15744519233703613 0.8911979794502258 -1 -1 -1 -1 -1 -1 -1 -1 -1
0.45208117365837097 0.17643651366233826 0.456306129693985 -1 -1 -1 -1 -1 -1 -1 -1 -1
0.508436918258667 0.4886447489261627 0.9997894167900085 -1 -1 -1 -1 -1 -1 -1 -1 -1
0.5065858960151672 0.48561981320381165 0.9984360337257385 -1 -1 -1 -1 -1 -1 -1 -1 -1
0.5047345161437988 0.6052213907241821 0.9917054176330566 -1 -1 -1 -1 -1 -1 -1 -1 -1
0.5030301809310913 0.569576621055603 0.43717214465141296 -1 -1 -1 -1 -1 -1 -1 -1 -1
0.504183292388916 0.7059102654457092 0.9917450547218323 -1 -1 -1 -1 -1 -1 -1 -1 -1
0.5136159658432007 0.6409293413162231 0.5848260521888733 -1 -1 -1 -1 -1 -1 -1 -1 -1
0.5083780288696289 0.7191262245178223 0.9858853816986084 -1 -1 -1 -1 -1 -1 -1 -1 -1
0.5183823704719543 0.652318000793457 0.7515977621078491 -1 -1 -1 -1 -1 -1 -1 -1 -1
0.48925530910491943 0.7426820993423462 0.9895455241203308 -1 -1 -1 -1 -1 -1 -1 -1 -1
0.5044170618057251 0.656846284866333 0.762844979763031 -1 -1 -1 -1 -1 -1 -1 -1 -1
1 
33 
-1 -1 -1 -1 -1 -1 -1 -1 -1 -1
0.47844409942626953 0.2836267352104187 0.992708683013916 -1 -1 -1 -1 -1 -1 -1 -1 -1
0.48121580481529236 0.27580195665359497 0.9960447549819946 -1 -1 -1 -1 -1 -1 -1 -1 -1
0.4822317063808441 0.27548420429229736 0.9961399435997009 -1 -1 -1 -1 -1 -1 -1 -1 -1
0.4831055998802185 0.2750590443611145 0.996272087097168 -1 -1 -1 -1 -1 -1 -1 -1 -1
0.48055747151374817 0.276419460773468 0.9948217868804932 -1 -1 -1 -1 -1 -1 -1 -1 -1
0.48082372546195984 0.27667272090911865 0.9931449890136719 -1 -1 -1 -1 -1 -1 -1 -1 -1
0.4810446798801422 0.27682560682296753 0.9929856657981873 -1 -1 -1 -1 -1 -1 -1 -1 -1
0.48806247115135193 0.27963876724243164 0.995345413684845 -1 -1 -1 -1 -1 -1 -1 -1 -1
0.4857275187969208 0.2824952006340027 0.9870583415031433 -1 -1 -1 -1 -1 -1 -1 -1 -1
0.4824286699295044 0.2904013693332672 0.9878439903259277 -1 -1 -1 -1 -1 -1 -1 -1 -1
0.4814520478248596 0.2922622263431549 0.9858471751213074 -1 -1 -1 -1 -1 -1 -1 -1 -1
0.4962516725063324 0.30675217509269714 0.9983023405075073 -1 -1 -1 -1 -1 -1 -1 -1 -1
0.49472329020500183 0.3145555555820465 0.9756451845169067 -1 -1 -1 -1 -1 -1 -1 -1 -1
0.4765462875366211 0.23973870277404785 0.99241042137146 -1 -1 -1 -1 -1 -1 -1 -1 -1
0.4721084237098694 0.2467159926891327 0.12465333193540573 -1 -1 -1 -1 -1 -1 -1 -1 -1
0.455485463142395 0.16373518109321594 0.9669570922851562 -1 -1 -1 -1 -1 -1 -1 -1 -1
0.4575185775756836 0.1730872392654419 0.3457587957382202 -1 -1 -1 -1 -1 -1 -1 -1 -1
0.4490043818950653 0.14823773503303528 0.9432958364486694 -1 -1 -1 -1 -1 -1 -1 -1 -1
0.45187142491340637 0.16517674922943115 0.4488828480243683 -1 -1 -1 -1 -1 -1 -1 -1 -1
0.4522455930709839 0.1451025903224945 0.932436466217041 -1 -1 -1 -1 -1 -1 -1 -1 -1
0.44982194900512695 0.15994217991828918 0.4466528296470642 -1 -1 -1 -1 -1 -1 -1 -1 -1
0.4532354474067688 0.15081152319908142 0.8969539999961853 -1 -1 -1 -1 -1 -1 -1 -1 -1
0.4488648474216461 0.16523206233978271 0.4611460268497467 -1 -1 -1 -1 -1 -1 -1 -1 -1
0.5072959661483765 0.4835429787635803 0.9988456964492798 -1 -1 -1 -1 -1 -1 -1 -1 -1
0.5066781044006348 0.47964563965797424 0.9962337613105774 -1 -1 -1 -1 -1 -1 -1 -1 -1
0.5022614598274231 0.5962415337562561 0.980649471282959 -1 -1 -1 -1 -1 -1 -1 -1 -1
0.5030659437179565 0.5837034583091736 0.40526282787323 -1 -1 -1 -1 -1 -1 -1 -1 -1
0.5031968355178833 0.6964131593704224 0.9770572185516357 -1 -1 -1 -1 -1 -1 -1 -1 -1
0.5040221214294434 0.6709542870521545 0.5341537594795227 -1 -1 -1 -1 -1 -1 -1 -1 -1
0.5087711215019226 0.7152531147003174 0.9795132279396057 -1 -1 -1 -1 -1 -1 -1 -1 -1
0.508761465549469 0.7064307332038879 0.6882234215736389 -1 -1 -1 -1 -1 -1 -1 -1 -1
0.4868127107620239 0.7390286922454834 0.9751201868057251 -1 -1 -1 -1 -1 -1 -1 -1 -1
0.4883706271648407 0.7171726822853088 0.6960100531578064 -1 -1 -1 -1 -1 -1 -1 -1 -1
1 
33 
-1 -1 -1 -1 -1 -1 -1 -1 -1 -1
0.47668662667274475 0.27467042207717896 0.9932785630226135 -1 -1 -1 -1 -1 -1 -1 -1 -1
0.47949904203414917 0.2645127773284912 0.9962694644927979 -1 -1 -1 -1 -1 -1 -1 -1 -1
0.48034340143203735 0.26410841941833496 0.9963938593864441 -1 -1 -1 -1 -1 -1 -1 -1 -1
0.4811922311782837 0.2634696960449219 0.9964152574539185 -1 -1 -1 -1 -1 -1 -1 -1 -1
0.47885429859161377 0.2649407982826233 0.9950108528137207 -1 -1 -1 -1 -1 -1 -1 -1 -1
0.47913122177124023 0.2650212049484253 0.9937649965286255 -1 -1 -1 -1 -1 -1 -1 -1 -1
0.4794235825538635 0.26495271921157837 0.9938058853149414 -1 -1 -1 -1 -1 -1 -1 -1 -1
0.4866045415401459 0.2689507007598877 0.9957026839256287 -1 -1 -1 -1 -1 -1 -1 -1 -1
0.48505887389183044 0.2727029621601105 0.9898026585578918 -1 -1 -1 -1 -1 -1 -1 -1 -1
0.4804407060146332 0.2806621491909027 0.9859074354171753 -1 -1 -1 -1 -1 -1 -1 -1 -1
0.4795558452606201 0.2822156548500061 0.9841319918632507 -1 -1 -1 -1 -1 -1 -1 -1 -1
0.49419018626213074 0.2966143786907196 0.9970056414604187 -1 -1 -1 -1 -1 -1 -1 -1 -1
0.4938490390777588 0.30368053913116455 0.9726755619049072 -1 -1 -1 -1 -1 -1 -1 -1 -1
0.47657883167266846 0.23337781429290771 0.9889470934867859 -1 -1 -1 -1 -1 -1 -1 -1 -1
0.47420188784599304 0.23823805153369904 0.13717888295650482 -1 -1 -1 -1 -1 -1 -1 -1 -1
0.4601854681968689 0.16071578860282898 0.9594349265098572 -1 -1 -1 -1 -1 -1 -1 -1 -1
0.4624592661857605 0.16899219155311584 0.3869381844997406 -1 -1 -1 -1 -1 -1 -1 -1 -1
0.4550379514694214 0.1442202925682068 0.9303615689277649 -1 -1 -1 -1 -1 -1 -1 -1 -1
0.45476165413856506 0.16015282273292542 0.47065219283103943 -1 -1 -1 -1 -1 -1 -1 -1 -1
0.45759493112564087 0.1417655050754547 0.9182865023612976 -1 -1 -1 -1 -1 -1 -1 -1 -1
0.4600606858730316 0.14922496676445007 0.468303382396698 -1 -1 -1 -1 -1 -1 -1 -1 -1
0.4582916796207428 0.14732959866523743 0.8850642442703247 -1 -1 -1 -1 -1 -1 -1 -1 -1
0.45762306451797485 0.15512409806251526 0.48597511649131775 -1 -1 -1 -1 -1 -1 -1 -1 -1
0.5079972147941589 0.46448367834091187 0.9984936714172363 -1 -1 -1 -1 -1 -1 -1 -1 -1
0.50801682472229 0.46520936489105225 0.9968172311782837 -1 -1 -1 -1 -1 -1 -1 -1 -1
0.5016558170318604 0.5689420700073242 0.9646887183189392 -1 -1 -1 -1 -1 -1 -1 -1 -1
0.501966655254364 0.5669442415237427 0.3097243010997772 -1 -1 -1 -1 -1 -1 -1 -1 -1
0.5039855241775513 0.6808071136474609 0.9418585896492004 -1 -1 -1 -1 -1 -1 -1 -1 -1
0.5058359503746033 0.6785423755645752 0.4105076789855957 -1 -1 -1 -1 -1 -1 -1 -1 -1
0.5068591237068176 0.6929630041122437 0.9651271104812622 -1 -1 -1 -1 -1 -1 -1 -1 -1
0.5105673670768738 0.6947471499443054 0.6139651536941528 -1 -1 -1 -1 -1 -1 -1 -1 -1
0.49033164978027344 0.7180764079093933 0.9448084831237793 -1 -1 -1 -1 -1 -1 -1 -1 -1
0.49225154519081116 0.7059222459793091 0.5816746354103088 -1 -1 -1 -1 -1 -1 -1 -1 -1
1 
33 
-1 -1 -1 -1 -1 -1 -1 -1 -1 -1
0.47283950448036194 0.2806611955165863 0.9989925026893616 -1 -1 -1 -1 -1 -1 -1 -1 -1
0.47676998376846313 0.2697683572769165 0.9994852542877197 -1 -1 -1 -1 -1 -1 -1 -1 -1
0.4783473610877991 0.2687307298183441 0.9994727969169617 -1 -1 -1 -1 -1 -1 -1 -1 -1
0.47999846935272217 0.26741498708724976 0.9995177984237671 -1 -1 -1 -1 -1 -1 -1 -1 -1
0.4751850366592407 0.2703038454055786 0.9993675351142883 -1 -1 -1 -1 -1 -1 -1 -1 -1
0.4754284620285034 0.2697492837905884 0.9990906715393066 -1 -1 -1 -1 -1 -1 -1 -1 -1
0.4757458567619324 0.26899051666259766 0.9991938471794128 -1 -1 -1 -1 -1 -1 -1 -1 -1
0.48720672726631165 0.26881521940231323 0.9992352724075317 -1 -1 -1 -1 -1 -1 -1 -1 -1
0.4823572039604187 0.27327778935432434 0.9984349608421326 -1 -1 -1 -1 -1 -1 -1 -1 -1
0.478649765253067 0.28585749864578247 0.9981105327606201 -1 -1 -1 -1 -1 -1 -1 -1 -1
0.47671541571617126 0.2872970402240753 0.9977321624755859 -1 -1 -1 -1 -1 -1 -1 -1 -1
0.49502307176589966 0.2989615797996521 0.9993411898612976 -1 -1 -1 -1 -1 -1 -1 -1 -1
0.48912522196769714 0.3009020686149597 0.9931392073631287 -1 -1 -1 -1 -1 -1 -1 -1 -1
0.48116162419319153 0.24497531354427338 0.9928905963897705 -1 -1 -1 -1 -1 -1 -1 -1 -1
0.4667016267776489 0.24664990603923798 0.14647777378559113 -1 -1 -1 -1 -1 -1 -1 -1 -1
0.46616387367248535 0.16584020853042603 0.9705604314804077 -1 -1 -1 -1 -1 -1 -1 -1 -1
0.4615204632282257 0.17195817828178406 0.38402265310287476 -1 -1 -1 -1 -1 -1 -1 -1 -1
0.4585723280906677 0.14952632784843445 0.9567516446113586 -1 -1 -1 -1 -1 -1 -1 -1 -1
0.45371079444885254 0.16549009084701538 0.4633149802684784 -1 -1 -1 -1 -1 -1 -1 -1 -1
0.46191883087158203 0.1462629735469818 0.9485962390899658 -1 -1 -1 -1 -1 -1 -1 -1 -1
0.45291903614997864 0.15959873795509338 0.4658273756504059 -1 -1 -1 -1 -1 -1 -1 -1 -1
0.4633265435695648 0.15146860480308533 0.9147748351097107 -1 -1 -1 -1 -1 -1 -1 -1 -1
0.4594956338405609 0.15783005952835083 0.49332669377326965 -1 -1 -1 -1 -1 -1 -1 -1 -1
0.508598268032074 0.46429336071014404 0.9997794032096863 -1 -1 -1 -1 -1 -1 -1 -1 -1
0.5036895871162415 0.4639204144477844 0.9988958835601807 -1 -1 -1 -1 -1 -1 -1 -1 -1
0.4989471137523651 0.5710875988006592 0.979130208492279 -1 -1 -1 -1 -1 -1 -1 -1 -1
0.4985761046409607 0.5554973483085632 0.36779749393463135 -1 -1 -1 -1 -1 -1 -1 -1 -1
0.5017372965812683 0.6860464215278625 0.9804117679595947 -1 -1 -1 -1 -1 -1 -1 -1 -1
0.5059358477592468 0.6443647742271423 0.427511990070343 -1 -1 -1 -1 -1 -1 -1 -1 -1
0.5074808597564697 0.7039780616760254 0.9780062437057495 -1 -1 -1 -1 -1 -1 -1 -1 -1
0.5122776627540588 0.6624677777290344 0.5516709685325623 -1 -1 -1 -1 -1 -1 -1 -1 -1
0.4844069480895996 0.7311945557594299 0.977115273475647 -1 -1 -1 -1 -1 -1 -1 -1 -1
0.4939592778682709 0.685481071472168 0.609999418258667 -1 -1 -1 -1 -1 -1 -1 -1 -1
1 
33 
-1 -1 -1 -1 -1 -1 -1 -1 -1 -1
0.470058411359787 0.2851763665676117 0.9986523985862732 -1 -1 -1 -1 -1 -1 -1 -1 -1
0.47376295924186707 0.27443230152130127 0.999395489692688 -1 -1 -1 -1 -1 -1 -1 -1 -1
0.47507867217063904 0.27377429604530334 0.9993489384651184 -1 -1 -1 -1 -1 -1 -1 -1 -1
0.4766228497028351 0.2728748619556427 0.9994751811027527 -1 -1 -1 -1 -1 -1 -1 -1 -1
0.4724074602127075 0.2733590006828308 0.999142050743103 -1 -1 -1 -1 -1 -1 -1 -1 -1
0.47262734174728394 0.27227091789245605 0.9987136125564575 -1 -1 -1 -1 -1 -1 -1 -1 -1
0.47287166118621826 0.2711295187473297 0.9989237189292908 -1 -1 -1 -1 -1 -1 -1 -1 -1
0.48389849066734314 0.273145854473114 0.9989702701568604 -1 -1 -1 -1 -1 -1 -1 -1 -1
0.48022031784057617 0.27310672402381897 0.9980137348175049 -1 -1 -1 -1 -1 -1 -1 -1 -1
0.47538506984710693 0.2915629744529724 0.9985791444778442 -1 -1 -1 -1 -1 -1 -1 -1 -1
0.4736528992652893 0.29160866141319275 0.9978692531585693 -1 -1 -1 -1 -1 -1 -1 -1 -1
0.4944617748260498 0.3109475374221802 0.9991173148155212 -1 -1 -1 -1 -1 -1 -1 -1 -1
0.4920154809951782 0.31247660517692566 0.9848408102989197 -1 -1 -1 -1 -1 -1 -1 -1 -1
0.4806201756000519 0.2488899976015091 0.9905396699905396 -1 -1 -1 -1 -1 -1 -1 -1 -1
0.47459307312965393 0.25041523575782776 0.08853854238986969 -1 -1 -1 -1 -1 -1 -1 -1 -1
0.4696018099784851 0.165911465883255 0.9562698006629944 -1 -1 -1 -1 -1 -1 -1 -1 -1
0.4660485088825226 0.1701068878173828 0.29823997616767883 -1 -1 -1 -1 -1 -1 -1 -1 -1
0.4652615189552307 0.1501305103302002 0.9414805769920349 -1 -1 -1 -1 -1 -1 -1 -1 -1
0.46237093210220337 0.16671797633171082 0.39483442902565 -1 -1 -1 -1 -1 -1 -1 -1 -1
0.46566328406333923 0.14918559789657593 0.93182373046875 -1 -1 -1 -1 -1 -1 -1 -1 -1
0.4617001414299011 0.16228535771369934 0.4000394344329834 -1 -1 -1 -1 -1 -1 -1 -1 -1
0.4666111171245575 0.15399694442749023 0.892836332321167 -1 -1 -1 -1 -1 -1 -1 -1 -1
0.4608367383480072 0.16786286234855652 0.42169949412345886 -1 -1 -1 -1 -1 -1 -1 -1 -1
0.5077956914901733 0.472079336643219 0.9998416900634766 -1 -1 -1 -1 -1 -1 -1 -1 -1
0.5050740242004395 0.46436432003974915 0.9983859062194824 -1 -1 -1 -1 -1 -1 -1 -1 -1
0.4929943084716797 0.5796190500259399 0.9928111433982849 -1 -1 -1 -1 -1 -1 -1 -1 -1
0.49529513716697693 0.5261353254318237 0.3296945095062256 -1 -1 -1 -1 -1 -1 -1 -1 -1
0.5046567320823669 0.6815003752708435 0.993584930896759 -1 -1 -1 -1 -1 -1 -1 -1 -1
0.5048182606697083 0.576887309551239 0.4215352237224579 -1 -1 -1 -1 -1 -1 -1 -1 -1
0.5121511220932007 0.6931995153427124 0.9882426857948303 -1 -1 -1 -1 -1 -1 -1 -1 -1
0.5167785286903381 0.59190833568573 0.5977481603622437 -1 -1 -1 -1 -1 -1 -1 -1 -1
0.48952364921569824 0.7225989103317261 0.9889026284217834 -1 -1 -1 -1 -1 -1 -1 -1 -1
0.5019322037696838 0.5915903449058533 0.6337230205535889 -1 -1 -1 -1 -1 -1 -1 -1 -1
1 
33 
-1 -1 -1 -1 -1 -1 -1 -1 -1 -1
0.47155460715293884 0.29266980290412903 0.9935729503631592 -1 -1 -1 -1 -1 -1 -1 -1 -1
0.47587940096855164 0.28259897232055664 0.9958674907684326 -1 -1 -1 -1 -1 -1 -1 -1 -1
0.4769328832626343 0.28252696990966797 0.996134877204895 -1 -1 -1 -1 -1 -1 -1 -1 -1
0.4779312014579773 0.2823939025402069 0.9962270259857178 -1 -1 -1 -1 -1 -1 -1 -1 -1
0.4748116731643677 0.28189918398857117 0.9943996071815491 -1 -1 -1 -1 -1 -1 -1 -1 -1
0.4750089645385742 0.2814481854438782 0.9933267831802368 -1 -1 -1 -1 -1 -1 -1 -1 -1
0.47514113783836365 0.28092721104621887 0.9931585192680359 -1 -1 -1 -1 -1 -1 -1 -1 -1
0.4844873249530792 0.28420937061309814 0.9949313998222351 -1 -1 -1 -1 -1 -1 -1 -1 -1
0.48056742548942566 0.28325116634368896 0.9875065088272095 -1 -1 -1 -1 -1 -1 -1 -1 -1
0.4764198362827301 0.30085206031799316 0.9901997447013855 -1 -1 -1 -1 -1 -1 -1 -1 -1
0.47515425086021423 0.3004637360572815 0.9877417087554932 -1 -1 -1 -1 -1 -1 -1 -1 -1
0.49482080340385437 0.3216365575790405 0.9974427223205566 -1 -1 -1 -1 -1 -1 -1 -1 -1
0.493615061044693 0.31701570749282837 0.9807333946228027 -1 -1 -1 -1 -1 -1 -1 -1 -1
0.482435017824173 0.2574229836463928 0.9882379174232483 -1 -1 -1 -1 -1 -1 -1 -1 -1
0.47599515318870544 0.25267401337623596 0.17827598750591278 -1 -1 -1 -1 -1 -1 -1 -1 -1
0.47244536876678467 0.17840515077114105 0.9477050304412842 -1 -1 -1 -1 -1 -1 -1 -1 -1
0.4646450877189636 0.1868656575679779 0.4662620425224304 -1 -1 -1 -1 -1 -1 -1 -1 -1
0.4729222357273102 0.16028383374214172 0.9171319603919983 -1 -1 -1 -1 -1 -1 -1 -1 -1
0.4659782350063324 0.17153587937355042 0.5701162219047546 -1 -1 -1 -1 -1 -1 -1 -1 -1
0.47479888796806335 0.1574920415878296 0.9022266268730164 -1 -1 -1 -1 -1 -1 -1 -1 -1
0.46523356437683105 0.16614386439323425 0.5741270780563354 -1 -1 -1 -1 -1 -1 -1 -1 -1
0.47481247782707214 0.16095921397209167 0.8607223033905029 -1 -1 -1 -1 -1 -1 -1 -1 -1
0.4639514684677124 0.17091143131256104 0.5773389339447021 -1 -1 -1 -1 -1 -1 -1 -1 -1
0.5090000033378601 0.4827382266521454 0.9989660978317261 -1 -1 -1 -1 -1 -1 -1 -1 -1
0.507901132106781 0.48056986927986145 0.997438907623291 -1 -1 -1 -1 -1 -1 -1 -1 -1
0.4931889772415161 0.5709764361381531 0.9876261353492737 -1 -1 -1 -1 -1 -1 -1 -1 -1
0.49274757504463196 0.5500731468200684 0.6213896870613098 -1 -1 -1 -1 -1 -1 -1 -1 -1
0.5064156651496887 0.6666803956031799 0.9825714230537415 -1 -1 -1 -1 -1 -1 -1 -1 -1
0.5104606747627258 0.6514129638671875 0.687317967414856 -1 -1 -1 -1 -1 -1 -1 -1 -1
0.5123825073242188 0.6796923875808716 0.9791327118873596 -1 -1 -1 -1 -1 -1 -1 -1 -1
0.5160912275314331 0.6647021770477295 0.7659340500831604 -1 -1 -1 -1 -1 -1 -1 -1 -1
0.4960397183895111 0.7061376571655273 0.980283796787262 -1 -1 -1 -1 -1 -1 -1 -1 -1
0.5010149478912354 0.6775392293930054 0.7885373830795288 -1 -1 -1 -1 -1 -1 -1 -1 -1
1 
33 
-1 -1 -1 -1 -1 -1 -1 -1 -1 -1
0.47196435928344727 0.3010551631450653 0.9780275821685791 -1 -1 -1 -1 -1 -1 -1 -1 -1
0.47351425886154175 0.2924506664276123 0.9869387149810791 -1 -1 -1 -1 -1 -1 -1 -1 -1
0.4743720293045044 0.2920114994049072 0.9893843531608582 -1 -1 -1 -1 -1 -1 -1 -1 -1
0.4752880930900574 0.29151082038879395 0.9879023432731628 -1 -1 -1 -1 -1 -1 -1 -1 -1
0.4732353389263153 0.2924079895019531 0.9838152527809143 -1 -1 -1 -1 -1 -1 -1 -1 -1
0.4736974239349365 0.29206132888793945 0.981383740901947 -1 -1 -1 -1 -1 -1 -1 -1 -1
0.4741431474685669 0.29169148206710815 0.9769608378410339 -1 -1 -1 -1 -1 -1 -1 -1 -1
0.48273026943206787 0.2934560179710388 0.9854688048362732 -1 -1 -1 -1 -1 -1 -1 -1 -1
0.4799403250217438 0.2946638762950897 0.9634678363800049 -1 -1 -1 -1 -1 -1 -1 -1 -1
0.47649475932121277 0.3078532814979553 0.9571663737297058 -1 -1 -1 -1 -1 -1 -1 -1 -1
0.4757428765296936 0.30869823694229126 0.9474936723709106 -1 -1 -1 -1 -1 -1 -1 -1 -1
0.4948066473007202 0.32739877700805664 0.9959490299224854 -1 -1 -1 -1 -1 -1 -1 -1 -1
0.48975101113319397 0.33036911487579346 0.9547362923622131 -1 -1 -1 -1 -1 -1 -1 -1 -1
0.48950839042663574 0.26000672578811646 0.9927220940589905 -1 -1 -1 -1 -1 -1 -1 -1 -1
0.4784087538719177 0.2603048086166382 0.08863095939159393 -1 -1 -1 -1 -1 -1 -1 -1 -1
0.4866958260536194 0.1860654503107071 0.9648001194000244 -1 -1 -1 -1 -1 -1 -1 -1 -1
0.47129592299461365 0.18870021402835846 0.28783828020095825 -1 -1 -1 -1 -1 -1 -1 -1 -1
0.4835582375526428 0.16455751657485962 0.9432150721549988 -1 -1 -1 -1 -1 -1 -1 -1 -1
0.47392135858535767 0.17002159357070923 0.41168826818466187 -1 -1 -1 -1 -1 -1 -1 -1 -1
0.48501062393188477 0.16098788380622864 0.9333436489105225 -1 -1 -1 -1 -1 -1 -1 -1 -1
0.4779101312160492 0.16423195600509644 0.4171936511993408 -1 -1 -1 -1 -1 -1 -1 -1 -1
0.4851243197917938 0.16651880741119385 0.8990619778633118 -1 -1 -1 -1 -1 -1 -1 -1 -1
0.4706721305847168 0.17075452208518982 0.4255233108997345 -1 -1 -1 -1 -1 -1 -1 -1 -1
0.5141677856445312 0.491818368434906 0.9981673955917358 -1 -1 -1 -1 -1 -1 -1 -1 -1
0.5099291205406189 0.4913235306739807 0.9951422214508057 -1 -1 -1 -1 -1 -1 -1 -1 -1
0.4874783158302307 0.5744249224662781 0.9831916689872742 -1 -1 -1 -1 -1 -1 -1 -1 -1
0.48763084411621094 0.5616905689239502 0.3784688115119934 -1 -1 -1 -1 -1 -1 -1 -1 -1
0.5056295990943909 0.6719823479652405 0.9714033603668213 -1 -1 -1 -1 -1 -1 -1 -1 -1
0.5030434727668762 0.6559072732925415 0.4924406409263611 -1 -1 -1 -1 -1 -1 -1 -1 -1
0.5136910080909729 0.684270441532135 0.9839808344841003 -1 -1 -1 -1 -1 -1 -1 -1 -1
0.5113742351531982 0.6716717481613159 0.6652553677558899 -1 -1 -1 -1 -1 -1 -1 -1 -1
0.48771482706069946 0.7083481550216675 0.9689844846725464 -1 -1 -1 -1 -1 -1 -1 -1 -1
0.48925766348838806 0.6970977783203125 0.6436111330986023 -1 -1 -1 -1 -1 -1 -1 -1 -1
1 
33 
-1 -1 -1 -1 -1 -1 -1 -1 -1 -1
0.4579616189002991 0.33781591057777405 0.9979524612426758 -1 -1 -1 -1 -1 -1 -1 -1 -1
0.45775896310806274 0.32510125637054443 0.9990841150283813 -1 -1 -1 -1 -1 -1 -1 -1 -1
0.45876485109329224 0.3238503932952881 0.9992270469665527 -1 -1 -1 -1 -1 -1 -1 -1 -1
0.45980674028396606 0.3225504159927368 0.9992743134498596 -1 -1 -1 -1 -1 -1 -1 -1 -1
0.45753994584083557 0.3254968822002411 0.9987348914146423 -1 -1 -1 -1 -1 -1 -1 -1 -1
0.458382248878479 0.32462623715400696 0.9983657002449036 -1 -1 -1 -1 -1 -1 -1 -1 -1
0.45925843715667725 0.3235839009284973 0.9985108971595764 -1 -1 -1 -1 -1 -1 -1 -1 -1
0.4684904217720032 0.31977200508117676 0.9992702603340149 -1 -1 -1 -1 -1 -1 -1 -1 -1
0.4667791724205017 0.3202531635761261 0.9987623691558838 -1 -1 -1 -1 -1 -1 -1 -1 -1
0.4644366204738617 0.3407423198223114 0.9970738887786865 -1 -1 -1 -1 -1 -1 -1 -1 -1
0.46399134397506714 0.34131795167922974 0.9955371618270874 -1 -1 -1 -1 -1 -1 -1 -1 -1
0.4920962154865265 0.347476065158844 0.9995817542076111 -1 -1 -1 -1 -1 -1 -1 -1 -1
0.4826567471027374 0.35306230187416077 0.982280969619751 -1 -1 -1 -1 -1 -1 -1 -1 -1
0.494503378868103 0.29256340861320496 0.9918327331542969 -1 -1 -1 -1 -1 -1 -1 -1 -1
0.4812750518321991 0.30523502826690674 0.03468748554587364 -1 -1 -1 -1 -1 -1 -1 -1 -1
0.5032150745391846 0.2324782907962799 0.9406511783599854 -1 -1 -1 -1 -1 -1 -1 -1 -1
0.5001493096351624 0.24160802364349365 0.06963524222373962 -1 -1 -1 -1 -1 -1 -1 -1 -1
0.5043709874153137 0.2198725938796997 0.9216479063034058 -1 -1 -1 -1 -1 -1 -1 -1 -1
0.5024824142456055 0.2291376292705536 0.1134813204407692 -1 -1 -1 -1 -1 -1 -1 -1 -1
0.5039273500442505 0.22059854865074158 0.9123733639717102 -1 -1 -1 -1 -1 -1 -1 -1 -1
0.5014580488204956 0.2289925217628479 0.11768894642591476 -1 -1 -1 -1 -1 -1 -1 -1 -1
0.5034040212631226 0.2254408895969391 0.8539984226226807 -1 -1 -1 -1 -1 -1 -1 -1 -1
0.49937525391578674 0.23332175612449646 0.13219517469406128 -1 -1 -1 -1 -1 -1 -1 -1 -1
0.5124404430389404 0.4932311177253723 0.9998832941055298 -1 -1 -1 -1 -1 -1 -1 -1 -1
0.5083898901939392 0.48826301097869873 0.999311089515686 -1 -1 -1 -1 -1 -1 -1 -1 -1
0.4805009365081787 0.5830259323120117 0.9876463413238525 -1 -1 -1 -1 -1 -1 -1 -1 -1
0.47997361421585083 0.5725367069244385 0.4422215223312378 -1 -1 -1 -1 -1 -1 -1 -1 -1
0.5067119598388672 0.6806890964508057 0.9882004261016846 -1 -1 -1 -1 -1 -1 -1 -1 -1
0.5047933459281921 0.6476789116859436 0.3586384057998657 -1 -1 -1 -1 -1 -1 -1 -1 -1
0.515970766544342 0.6926422715187073 0.9850617051124573 -1 -1 -1 -1 -1 -1 -1 -1 -1
0.5140941739082336 0.6564981937408447 0.5823029279708862 -1 -1 -1 -1 -1 -1 -1 -1 -1
0.48471930623054504 0.7173309326171875 0.9775844216346741 -1 -1 -1 -1 -1 -1 -1 -1 -1
0.48982781171798706 0.6848512291908264 0.45514756441116333 -1 -1 -1 -1 -1 -1 -1 -1 -1
1 
33 
-1 -1 -1 -1 -1 -1 -1 -1 -1 -1
0.45551013946533203 0.3578435182571411 0.9994357228279114 -1 -1 -1 -1 -1 -1 -1 -1 -1
0.4554242789745331 0.3467465043067932 0.999757707118988 -1 -1 -1 -1 -1 -1 -1 -1 -1
0.4560289978981018 0.34562981128692627 0.999846339225769 -1 -1 -1 -1 -1 -1 -1 -1 -1
0.4567103981971741 0.34450721740722656 0.9998226761817932 -1 -1 -1 -1 -1 -1 -1 -1 -1
0.4554084837436676 0.34677284955978394 0.9996424913406372 -1 -1 -1 -1 -1 -1 -1 -1 -1
0.45598751306533813 0.3457033634185791 0.9995962977409363 -1 -1 -1 -1 -1 -1 -1 -1 -1
0.4566785395145416 0.3445865213871002 0.9996508359909058 -1 -1 -1 -1 -1 -1 -1 -1 -1
0.4640910029411316 0.3416029214859009 0.9998791217803955 -1 -1 -1 -1 -1 -1 -1 -1 -1
0.4635079503059387 0.34178951382637024 0.9998856782913208 -1 -1 -1 -1 -1 -1 -1 -1 -1
0.4608498811721802 0.3619372248649597 0.9994378685951233 -1 -1 -1 -1 -1 -1 -1 -1 -1
0.46052950620651245 0.36249130964279175 0.9989388585090637 -1 -1 -1 -1 -1 -1 -1 -1 -1
0.4902820289134979 0.36338284611701965 0.9999231100082397 -1 -1 -1 -1 -1 -1 -1 -1 -1
0.4774186611175537 0.37274113297462463 0.9942941069602966 -1 -1 -1 -1 -1 -1 -1 -1 -1
0.4997842609882355 0.3226754069328308 0.9913086891174316 -1 -1 -1 -1 -1 -1 -1 -1 -1
0.46368852257728577 0.3424312174320221 0.08523913472890854 -1 -1 -1 -1 -1 -1 -1 -1 -1
0.511439323425293 0.27432894706726074 0.968716025352478 -1 -1 -1 -1 -1 -1 -1 -1 -1
0.4567180573940277 0.3061363101005554 0.26561248302459717 -1 -1 -1 -1 -1 -1 -1 -1 -1
0.5130341649055481 0.26211199164390564 0.9537287354469299 -1 -1 -1 -1 -1 -1 -1 -1 -1
0.4556333124637604 0.2973538935184479 0.3307775557041168 -1 -1 -1 -1 -1 -1 -1 -1 -1
0.5121225714683533 0.2615661323070526 0.950032651424408 -1 -1 -1 -1 -1 -1 -1 -1 -1
0.4567795693874359 0.2966647744178772 0.3353646695613861 -1 -1 -1 -1 -1 -1 -1 -1 -1
0.5110846161842346 0.2679692208766937 0.9131780862808228 -1 -1 -1 -1 -1 -1 -1 -1 -1
0.45661425590515137 0.2995978891849518 0.36776304244995117 -1 -1 -1 -1 -1 -1 -1 -1 -1
0.5155425071716309 0.5060436725616455 0.9999148845672607 -1 -1 -1 -1 -1 -1 -1 -1 -1
0.5068490505218506 0.5003014802932739 0.9998094439506531 -1 -1 -1 -1 -1 -1 -1 -1 -1
0.4765247106552124 0.5868341326713562 0.9893137812614441 -1 -1 -1 -1 -1 -1 -1 -1 -1
0.4784894287586212 0.5815077424049377 0.549383282661438 -1 -1 -1 -1 -1 -1 -1 -1 -1
0.5045889616012573 0.6865524053573608 0.9886272549629211 -1 -1 -1 -1 -1 -1 -1 -1 -1
0.5035616159439087 0.677340030670166 0.4333786964416504 -1 -1 -1 -1 -1 -1 -1 -1 -1
0.5131250619888306 0.7007623910903931 0.9803040623664856 -1 -1 -1 -1 -1 -1 -1 -1 -1
0.5116298198699951 0.69327712059021 0.5961884260177612 -1 -1 -1 -1 -1 -1 -1 -1 -1
0.48179876804351807 0.7183921933174133 0.9805303812026978 -1 -1 -1 -1 -1 -1 -1 -1 -1
0.4821072220802307 0.7110660076141357 0.524347722530365 -1 -1 -1 -1 -1 -1 -1 -1 -1
1 
33 
-1 -1 -1 -1 -1 -1 -1 -1 -1 -1
0.45438992977142334 0.3879908621311188 0.9959577918052673 -1 -1 -1 -1 -1 -1 -1 -1 -1
0.45291581749916077 0.3780582547187805 0.9979754090309143 -1 -1 -1 -1 -1 -1 -1 -1 -1
0.4532882869243622 0.37715286016464233 0.9986101388931274 -1 -1 -1 -1 -1 -1 -1 -1 -1
0.453816682100296 0.3760155141353607 0.9983761310577393 -1 -1 -1 -1 -1 -1 -1 -1 -1
0.45292040705680847 0.378312885761261 0.9967233538627625 -1 -1 -1 -1 -1 -1 -1 -1 -1
0.4533422589302063 0.37761884927749634 0.996240496635437 -1 -1 -1 -1 -1 -1 -1 -1 -1
0.4537595510482788 0.37683558464050293 0.9962601661682129 -1 -1 -1 -1 -1 -1 -1 -1 -1
0.4593540132045746 0.37287652492523193 0.9983820915222168 -1 -1 -1 -1 -1 -1 -1 -1 -1
0.45935577154159546 0.37286150455474854 0.9988767504692078 -1 -1 -1 -1 -1 -1 -1 -1 -1
0.4591302275657654 0.39114540815353394 0.9973112344741821 -1 -1 -1 -1 -1 -1 -1 -1 -1
0.45889538526535034 0.391424298286438 0.9932517409324646 -1 -1 -1 -1 -1 -1 -1 -1 -1
0.4884069561958313 0.3839283585548401 0.9999216794967651 -1 -1 -1 -1 -1 -1 -1 -1 -1
0.4729897379875183 0.41243913769721985 0.9942942261695862 -1 -1 -1 -1 -1 -1 -1 -1 -1
0.5083973407745361 0.364260196685791 0.9851736426353455 -1 -1 -1 -1 -1 -1 -1 -1 -1
0.46212366223335266 0.44727450609207153 0.23228588700294495 -1 -1 -1 -1 -1 -1 -1 -1 -1
0.5138129591941833 0.34209752082824707 0.9523667097091675 -1 -1 -1 -1 -1 -1 -1 -1 -1
0.4526606500148773 0.44755783677101135 0.35636642575263977 -1 -1 -1 -1 -1 -1 -1 -1 -1
0.5170491933822632 0.33472514152526855 0.9181965589523315 -1 -1 -1 -1 -1 -1 -1 -1 -1
0.45100435614585876 0.4481825828552246 0.3430463373661041 -1 -1 -1 -1 -1 -1 -1 -1 -1
0.5144637227058411 0.33662378787994385 0.9180936813354492 -1 -1 -1 -1 -1 -1 -1 -1 -1
0.4497198164463043 0.4451638162136078 0.35461127758026123 -1 -1 -1 -1 -1 -1 -1 -1 -1
0.5129492878913879 0.3413753807544708 0.8681747317314148 -1 -1 -1 -1 -1 -1 -1 -1 -1
0.4503195881843567 0.44584959745407104 0.38625720143318176 -1 -1 -1 -1 -1 -1 -1 -1 -1
0.5160390138626099 0.5265861749649048 0.9997420907020569 -1 -1 -1 -1 -1 -1 -1 -1 -1
0.5113028287887573 0.5229554772377014 0.9993340373039246 -1 -1 -1 -1 -1 -1 -1 -1 -1
0.47164714336395264 0.5972021818161011 0.9767183661460876 -1 -1 -1 -1 -1 -1 -1 -1 -1
0.4762554168701172 0.589479923248291 0.4625297486782074 -1 -1 -1 -1 -1 -1 -1 -1 -1
0.5040287375450134 0.6900694370269775 0.9884041547775269 -1 -1 -1 -1 -1 -1 -1 -1 -1
0.5027980208396912 0.6789594292640686 0.46875548362731934 -1 -1 -1 -1 -1 -1 -1 -1 -1
0.5131101012229919 0.6987131237983704 0.9866129159927368 -1 -1 -1 -1 -1 -1 -1 -1 -1
0.5121424198150635 0.6927064657211304 0.6117328405380249 -1 -1 -1 -1 -1 -1 -1 -1 -1
0.4817325472831726 0.7185730934143066 0.9777536392211914 -1 -1 -1 -1 -1 -1 -1 -1 -1
0.4826083779335022 0.7119816541671753 0.47536492347717285 -1 -1 -1 -1 -1 -1 -1 -1 -1
1 
33 
-1 -1 -1 -1 -1 -1 -1 -1 -1 -1
0.4427069425582886 0.4301891326904297 0.9989491105079651 -1 -1 -1 -1 -1 -1 -1 -1 -1
0.44362062215805054 0.4179087281227112 0.9987398982048035 -1 -1 -1 -1 -1 -1 -1 -1 -1
0.44473421573638916 0.41589170694351196 0.9990094900131226 -1 -1 -1 -1 -1 -1 -1 -1 -1
0.445487916469574 0.41456541419029236 0.9989468455314636 -1 -1 -1 -1 -1 -1 -1 -1 -1
0.44322729110717773 0.41838183999061584 0.9976859092712402 -1 -1 -1 -1 -1 -1 -1 -1 -1
0.4437302052974701 0.41732245683670044 0.9977362155914307 -1 -1 -1 -1 -1 -1 -1 -1 -1
0.4445374011993408 0.41522282361984253 0.9975885152816772 -1 -1 -1 -1 -1 -1 -1 -1 -1
0.45187023282051086 0.4099414050579071 0.9990110397338867 -1 -1 -1 -1 -1 -1 -1 -1 -1
0.4505261778831482 0.41119831800460815 0.9978275895118713 -1 -1 -1 -1 -1 -1 -1 -1 -1
0.4476129412651062 0.43303626775741577 0.9991970658302307 -1 -1 -1 -1 -1 -1 -1 -1 -1
0.44684988260269165 0.43402522802352905 0.9984784722328186 -1 -1 -1 -1 -1 -1 -1 -1 -1
0.4710967540740967 0.43518441915512085 0.9999912977218628 -1 -1 -1 -1 -1 -1 -1 -1 -1
0.46883541345596313 0.4561925232410431 0.997008740901947 -1 -1 -1 -1 -1 -1 -1 -1 -1
0.5029487013816833 0.401123046875 0.9461964964866638 -1 -1 -1 -1 -1 -1 -1 -1 -1
0.49847128987312317 0.43465548753738403 0.12561503052711487 -1 -1 -1 -1 -1 -1 -1 -1 -1
0.5381081700325012 0.37693628668785095 0.8961551189422607 -1 -1 -1 -1 -1 -1 -1 -1 -1
0.5350316166877747 0.3913327157497406 0.2568487524986267 -1 -1 -1 -1 -1 -1 -1 -1 -1
0.5466680526733398 0.36932986974716187 0.9021884799003601 -1 -1 -1 -1 -1 -1 -1 -1 -1
0.5488468408584595 0.38322892785072327 0.3312961757183075 -1 -1 -1 -1 -1 -1 -1 -1 -1
0.5468432307243347 0.3710941672325134 0.9040226340293884 -1 -1 -1 -1 -1 -1 -1 -1 -1
0.545619010925293 0.3762887120246887 0.3253539800643921 -1 -1 -1 -1 -1 -1 -1 -1 -1
0.5446311235427856 0.37468910217285156 0.8440312743186951 -1 -1 -1 -1 -1 -1 -1 -1 -1
0.5404670834541321 0.3791859745979309 0.2943033277988434 -1 -1 -1 -1 -1 -1 -1 -1 -1
0.5246474146842957 0.5193227529525757 0.9990494847297668 -1 -1 -1 -1 -1 -1 -1 -1 -1
0.5180967450141907 0.5373163223266602 0.9990848302841187 -1 -1 -1 -1 -1 -1 -1 -1 -1
0.4660757780075073 0.5739312767982483 0.963721752166748 -1 -1 -1 -1 -1 -1 -1 -1 -1
0.46879473328590393 0.6037522554397583 0.18503551185131073 -1 -1 -1 -1 -1 -1 -1 -1 -1
0.501563549041748 0.6796379089355469 0.9885431528091431 -1 -1 -1 -1 -1 -1 -1 -1 -1
0.5014689564704895 0.684740424156189 0.2853007912635803 -1 -1 -1 -1 -1 -1 -1 -1 -1
0.5094162225723267 0.6839005947113037 0.9804655313491821 -1 -1 -1 -1 -1 -1 -1 -1 -1
0.5106673240661621 0.6964144706726074 0.43931278586387634 -1 -1 -1 -1 -1 -1 -1 -1 -1
0.4886537790298462 0.7109944224357605 0.9730287194252014 -1 -1 -1 -1 -1 -1 -1 -1 -1
0.48619920015335083 0.7224259376525879 0.30479270219802856 -1 -1 -1 -1 -1 -1 -1 -1 -1
1 
33 
-1 -1 -1 -1 -1 -1 -1 -1 -1 -1
0.4517970681190491 0.45946207642555237 0.9988565444946289 -1 -1 -1 -1 -1 -1 -1 -1 -1
0.45140236616134644 0.44446128606796265 0.998566210269928 -1 -1 -1 -1 -1 -1 -1 -1 -1
0.4526512324810028 0.44408470392227173 0.9989855885505676 -1 -1 -1 -1 -1 -1 -1 -1 -1
0.45329585671424866 0.4435250759124756 0.9989628791809082 -1 -1 -1 -1 -1 -1 -1 -1 -1
0.45095697045326233 0.44561901688575745 0.9975571632385254 -1 -1 -1 -1 -1 -1 -1 -1 -1
0.4513096809387207 0.4454171061515808 0.9979096055030823 -1 -1 -1 -1 -1 -1 -1 -1 -1
0.4516088664531708 0.4453020393848419 0.9977843165397644 -1 -1 -1 -1 -1 -1 -1 -1 -1
0.4591117799282074 0.4394199252128601 0.9989007711410522 -1 -1 -1 -1 -1 -1 -1 -1 -1
0.45787206292152405 0.4423810839653015 0.9977868795394897 -1 -1 -1 -1 -1 -1 -1 -1 -1
0.45628464221954346 0.46319496631622314 0.9985552430152893 -1 -1 -1 -1 -1 -1 -1 -1 -1
0.4547765254974365 0.46415168046951294 0.9964182376861572 -1 -1 -1 -1 -1 -1 -1 -1 -1
0.4819611608982086 0.4520139694213867 0.9999825954437256 -1 -1 -1 -1 -1 -1 -1 -1 -1
0.4638415575027466 0.4750172793865204 0.9992817044258118 -1 -1 -1 -1 -1 -1 -1 -1 -1
0.5070528984069824 0.4427357017993927 0.9723631739616394 -1 -1 -1 -1 -1 -1 -1 -1 -1
0.44854646921157837 0.47389110922813416 0.5161365866661072 -1 -1 -1 -1 -1 -1 -1 -1 -1
0.5417867302894592 0.42709478735923767 0.936505138874054 -1 -1 -1 -1 -1 -1 -1 -1 -1
0.42574626207351685 0.461775541305542 0.8334882855415344 -1 -1 -1 -1 -1 -1 -1 -1 -1
0.5461384057998657 0.42195504903793335 0.8756625056266785 -1 -1 -1 -1 -1 -1 -1 -1 -1
0.4070780277252197 0.466736376285553 0.8228674530982971 -1 -1 -1 -1 -1 -1 -1 -1 -1
0.5476819276809692 0.4222221374511719 0.8855617046356201 -1 -1 -1 -1 -1 -1 -1 -1 -1
0.40648695826530457 0.46723830699920654 0.8139609098434448 -1 -1 -1 -1 -1 -1 -1 -1 -1
0.5484981536865234 0.4270313084125519 0.8566421270370483 -1 -1 -1 -1 -1 -1 -1 -1 -1
0.40837612748146057 0.4670836925506592 0.7938051223754883 -1 -1 -1 -1 -1 -1 -1 -1 -1
0.525759220123291 0.5502035617828369 0.9997925162315369 -1 -1 -1 -1 -1 -1 -1 -1 -1
0.5180947780609131 0.5685758590698242 0.9998776912689209 -1 -1 -1 -1 -1 -1 -1 -1 -1
0.4642503261566162 0.6140672564506531 0.9738320708274841 -1 -1 -1 -1 -1 -1 -1 -1 -1
0.4664248824119568 0.6181671619415283 0.7778422832489014 -1 -1 -1 -1 -1 -1 -1 -1 -1
0.5017628073692322 0.6909565329551697 0.9673028588294983 -1 -1 -1 -1 -1 -1 -1 -1 -1
0.5015295743942261 0.6949672698974609 0.6553017497062683 -1 -1 -1 -1 -1 -1 -1 -1 -1
0.5137407779693604 0.6983250379562378 0.9725363254547119 -1 -1 -1 -1 -1 -1 -1 -1 -1
0.5124542117118835 0.7030472159385681 0.8180387020111084 -1 -1 -1 -1 -1 -1 -1 -1 -1
0.48917922377586365 0.7266408801078796 0.9682186841964722 -1 -1 -1 -1 -1 -1 -1 -1 -1
0.4874156713485718 0.7330849766731262 0.800500750541687 -1 -1 -1 -1 -1 -1 -1 -1 -1
1 
33 
-1 -1 -1 -1 -1 -1 -1 -1 -1 -1
0.44733208417892456 0.5051887035369873 0.9805353283882141 -1 -1 -1 -1 -1 -1 -1 -1 -1
0.44569820165634155 0.49553850293159485 0.9757777452468872 -1 -1 -1 -1 -1 -1 -1 -1 -1
0.4463590383529663 0.4934016168117523 0.9771894812583923 -1 -1 -1 -1 -1 -1 -1 -1 -1
0.4464736580848694 0.4920480251312256 0.9768615365028381 -1 -1 -1 -1 -1 -1 -1 -1 -1
0.44602519273757935 0.503692626953125 0.9792087078094482 -1 -1 -1 -1 -1 -1 -1 -1 -1
0.4461790919303894 0.5024440288543701 0.9794559478759766 -1 -1 -1 -1 -1 -1 -1 -1 -1
0.4463549852371216 0.5011509656906128 0.9833449721336365 -1 -1 -1 -1 -1 -1 -1 -1 -1
0.4514751434326172 0.48534297943115234 0.9728624820709229 -1 -1 -1 -1 -1 -1 -1 -1 -1
0.45174458622932434 0.48480790853500366 0.9851803779602051 -1 -1 -1 -1 -1 -1 -1 -1 -1
0.45279383659362793 0.5032349824905396 0.9777259230613708 -1 -1 -1 -1 -1 -1 -1 -1 -1
0.45320627093315125 0.5030657649040222 0.9766537547111511 -1 -1 -1 -1 -1 -1 -1 -1 -1
0.4692584276199341 0.5010232329368591 0.999745786190033 -1 -1 -1 -1 -1 -1 -1 -1 -1
0.47203245759010315 0.4951544404029846 0.9991542100906372 -1 -1 -1 -1 -1 -1 -1 -1 -1
0.5104947686195374 0.5118783116340637 0.8637069463729858 -1 -1 -1 -1 -1 -1 -1 -1 -1
0.5115508437156677 0.4932168424129486 0.27939265966415405 -1 -1 -1 -1 -1 -1 -1 -1 -1
0.5376724004745483 0.5197643041610718 0.6243302226066589 -1 -1 -1 -1 -1 -1 -1 -1 -1
0.5385391116142273 0.493938148021698 0.22956635057926178 -1 -1 -1 -1 -1 -1 -1 -1 -1
0.5442683100700378 0.5171220898628235 0.5838037133216858 -1 -1 -1 -1 -1 -1 -1 -1 -1
0.5463120937347412 0.4924831986427307 0.23887522518634796 -1 -1 -1 -1 -1 -1 -1 -1 -1
0.5447598099708557 0.5169126391410828 0.5927258133888245 -1 -1 -1 -1 -1 -1 -1 -1 -1
0.5432581901550293 0.4926660656929016 0.25360366702079773 -1 -1 -1 -1 -1 -1 -1 -1 -1
0.5420688986778259 0.518830418586731 0.5124906301498413 -1 -1 -1 -1 -1 -1 -1 -1 -1
0.5404486060142517 0.4938494861125946 0.22782498598098755 -1 -1 -1 -1 -1 -1 -1 -1 -1
0.5195388197898865 0.6060811281204224 0.9927379488945007 -1 -1 -1 -1 -1 -1 -1 -1 -1
0.5159518718719482 0.6000915765762329 0.9946696162223816 -1 -1 -1 -1 -1 -1 -1 -1 -1
0.4659707844257355 0.6414216756820679 0.9675585627555847 -1 -1 -1 -1 -1 -1 -1 -1 -1
0.47172263264656067 0.6512627005577087 0.41752415895462036 -1 -1 -1 -1 -1 -1 -1 -1 -1
0.4978787302970886 0.71431964635849 0.9411239624023438 -1 -1 -1 -1 -1 -1 -1 -1 -1
0.5001426339149475 0.726549506187439 0.588210940361023 -1 -1 -1 -1 -1 -1 -1 -1 -1
0.5060152411460876 0.7215378284454346 0.921380877494812 -1 -1 -1 -1 -1 -1 -1 -1 -1
0.5066215395927429 0.7363402247428894 0.702629029750824 -1 -1 -1 -1 -1 -1 -1 -1 -1
0.4835679531097412 0.7452424764633179 0.9234697222709656 -1 -1 -1 -1 -1 -1 -1 -1 -1
0.47981899976730347 0.7556809186935425 0.6768109798431396 -1 -1 -1 -1 -1 -1 -1 -1 -1
1 
33 
-1 -1 -1 -1 -1 -1 -1 -1 -1 -1
0.4406128525733948 0.5232404470443726 0.9963487386703491 -1 -1 -1 -1 -1 -1 -1 -1 -1
0.44217583537101746 0.5122510194778442 0.995320737361908 -1 -1 -1 -1 -1 -1 -1 -1 -1
0.4428332448005676 0.5117897987365723 0.9955331087112427 -1 -1 -1 -1 -1 -1 -1 -1 -1
0.4435046315193176 0.5113094449043274 0.9962706565856934 -1 -1 -1 -1 -1 -1 -1 -1 -1
0.4420175552368164 0.5115832090377808 0.9959576725959778 -1 -1 -1 -1 -1 -1 -1 -1 -1
0.44260355830192566 0.5106692910194397 0.9959409236907959 -1 -1 -1 -1 -1 -1 -1 -1 -1
0.44318467378616333 0.5096727609634399 0.9964555501937866 -1 -1 -1 -1 -1 -1 -1 -1 -1
0.4506206512451172 0.508487343788147 0.9949517250061035 -1 -1 -1 -1 -1 -1 -1 -1 -1
0.4496734142303467 0.5062050819396973 0.9947740435600281 -1 -1 -1 -1 -1 -1 -1 -1 -1
0.4453648030757904 0.5280796885490417 0.9960809350013733 -1 -1 -1 -1 -1 -1 -1 -1 -1
0.44490596652030945 0.5273265838623047 0.9935844540596008 -1 -1 -1 -1 -1 -1 -1 -1 -1
0.47360309958457947 0.5381498336791992 0.9996302127838135 -1 -1 -1 -1 -1 -1 -1 -1 -1
0.4710879623889923 0.5244095325469971 0.997266411781311 -1 -1 -1 -1 -1 -1 -1 -1 -1
0.5134338736534119 0.5548120141029358 0.8791664242744446 -1 -1 -1 -1 -1 -1 -1 -1 -1
0.5057188868522644 0.5607810616493225 0.015366734005510807 -1 -1 -1 -1 -1 -1 -1 -1 -1
0.5272702574729919 0.5918439626693726 0.6536964774131775 -1 -1 -1 -1 -1 -1 -1 -1 -1
0.5219601392745972 0.5936521887779236 0.016393257305026054 -1 -1 -1 -1 -1 -1 -1 -1 -1
0.5322684645652771 0.5983017683029175 0.5776073932647705 -1 -1 -1 -1 -1 -1 -1 -1 -1
0.5263317227363586 0.6019067764282227 0.022809037938714027 -1 -1 -1 -1 -1 -1 -1 -1 -1
0.5292341113090515 0.5989425778388977 0.5713334679603577 -1 -1 -1 -1 -1 -1 -1 -1 -1
0.5242313742637634 0.6040107011795044 0.024074489250779152 -1 -1 -1 -1 -1 -1 -1 -1 -1
0.527245819568634 0.5967047810554504 0.4780391454696655 -1 -1 -1 -1 -1 -1 -1 -1 -1
0.5228036642074585 0.6006689071655273 0.02623474784195423 -1 -1 -1 -1 -1 -1 -1 -1 -1
0.5213057994842529 0.6288425922393799 0.9923093318939209 -1 -1 -1 -1 -1 -1 -1 -1 -1
0.5160629153251648 0.6253689527511597 0.9929292798042297 -1 -1 -1 -1 -1 -1 -1 -1 -1
0.46881648898124695 0.6706382632255554 0.9600324630737305 -1 -1 -1 -1 -1 -1 -1 -1 -1
0.47020676732063293 0.671273410320282 0.5532881021499634 -1 -1 -1 -1 -1 -1 -1 -1 -1
0.4971824586391449 0.7452895641326904 0.9486222863197327 -1 -1 -1 -1 -1 -1 -1 -1 -1
0.4972415566444397 0.747904896736145 0.6139888763427734 -1 -1 -1 -1 -1 -1 -1 -1 -1
0.5035024881362915 0.7524582147598267 0.929422914981842 -1 -1 -1 -1 -1 -1 -1 -1 -1
0.5049455165863037 0.7614442706108093 0.7165341973304749 -1 -1 -1 -1 -1 -1 -1 -1 -1
0.4831773340702057 0.7787936925888062 0.9312044382095337 -1 -1 -1 -1 -1 -1 -1 -1 -1
0.4820580780506134 0.7812274694442749 0.6737350821495056 -1 -1 -1 -1 -1 -1 -1 -1 -1
1 
33 
-1 -1 -1 -1 -1 -1 -1 -1 -1 -1
0.4463375210762024 0.5304262638092041 0.9997342228889465 -1 -1 -1 -1 -1 -1 -1 -1 -1
0.4481051564216614 0.5223743319511414 0.9998157620429993 -1 -1 -1 -1 -1 -1 -1 -1 -1
0.44864529371261597 0.5225746035575867 0.9997921586036682 -1 -1 -1 -1 -1 -1 -1 -1 -1
0.44927120208740234 0.5227875709533691 0.9998370409011841 -1 -1 -1 -1 -1 -1 -1 -1 -1
0.4481442868709564 0.521285355091095 0.999772846698761 -1 -1 -1 -1 -1 -1 -1 -1 -1
0.4486778974533081 0.5207527875900269 0.9996967315673828 -1 -1 -1 -1 -1 -1 -1 -1 -1
0.4493055045604706 0.5201537013053894 0.9997177720069885 -1 -1 -1 -1 -1 -1 -1 -1 -1
0.4551744759082794 0.5240477323532104 0.9997614026069641 -1 -1 -1 -1 -1 -1 -1 -1 -1
0.4550569951534271 0.520159125328064 0.9996182918548584 -1 -1 -1 -1 -1 -1 -1 -1 -1
0.4499317407608032 0.5378006100654602 0.999599039554596 -1 -1 -1 -1 -1 -1 -1 -1 -1
0.44987040758132935 0.5369498133659363 0.9991003274917603 -1 -1 -1 -1 -1 -1 -1 -1 -1
0.47428029775619507 0.5613322854042053 0.9999333620071411 -1 -1 -1 -1 -1 -1 -1 -1 -1
0.4712333381175995 0.5492520928382874 0.9990038275718689 -1 -1 -1 -1 -1 -1 -1 -1 -1
0.5068740844726562 0.5956445336341858 0.9757741093635559 -1 -1 -1 -1 -1 -1 -1 -1 -1
0.5021873712539673 0.5819085836410522 0.055648110806941986 -1 -1 -1 -1 -1 -1 -1 -1 -1
0.520185649394989 0.6500879526138306 0.9109798669815063 -1 -1 -1 -1 -1 -1 -1 -1 -1
0.5179603099822998 0.6331378221511841 0.11762209236621857 -1 -1 -1 -1 -1 -1 -1 -1 -1
0.5261327028274536 0.6604185700416565 0.8578911423683167 -1 -1 -1 -1 -1 -1 -1 -1 -1
0.5278658270835876 0.6387940645217896 0.1375703364610672 -1 -1 -1 -1 -1 -1 -1 -1 -1
0.5214968919754028 0.6645768284797668 0.8563658595085144 -1 -1 -1 -1 -1 -1 -1 -1 -1
0.5275359153747559 0.643325686454773 0.13991597294807434 -1 -1 -1 -1 -1 -1 -1 -1 -1
0.5190948843955994 0.6620954275131226 0.8054428100585938 -1 -1 -1 -1 -1 -1 -1 -1 -1
0.526146411895752 0.6409003734588623 0.14702337980270386 -1 -1 -1 -1 -1 -1 -1 -1 -1
0.5051109790802002 0.639396071434021 0.9998570680618286 -1 -1 -1 -1 -1 -1 -1 -1 -1
0.5020653605461121 0.6246560215950012 0.999539852142334 -1 -1 -1 -1 -1 -1 -1 -1 -1
0.46967947483062744 0.7187856435775757 0.9536513090133667 -1 -1 -1 -1 -1 -1 -1 -1 -1
0.48602795600891113 0.6786218285560608 0.17986717820167542 -1 -1 -1 -1 -1 -1 -1 -1 -1
0.49304401874542236 0.7985866665840149 0.940387487411499 -1 -1 -1 -1 -1 -1 -1 -1 -1
0.5129236578941345 0.7409976124763489 0.24956122040748596 -1 -1 -1 -1 -1 -1 -1 -1 -1
0.5047470927238464 0.8052597641944885 0.9481261968612671 -1 -1 -1 -1 -1 -1 -1 -1 -1
0.5207647681236267 0.748979926109314 0.4345104396343231 -1 -1 -1 -1 -1 -1 -1 -1 -1
0.47816288471221924 0.8216031789779663 0.8807855844497681 -1 -1 -1 -1 -1 -1 -1 -1 -1
0.501551628112793 0.7684613466262817 0.23846761882305145 -1 -1 -1 -1 -1 -1 -1 -1 -1
1 
33 
-1 -1 -1 -1 -1 -1 -1 -1 -1 -1
0.4519670903682709 0.542813241481781 0.9997386336326599 -1 -1 -1 -1 -1 -1 -1 -1 -1
0.4539825916290283 0.5338200926780701 0.9996705055236816 -1 -1 -1 -1 -1 -1 -1 -1 -1
0.45447611808776855 0.5338525772094727 0.9996917247772217 -1 -1 -1 -1 -1 -1 -1 -1 -1
0.4549955129623413 0.5339024066925049 0.9997631907463074 -1 -1 -1 -1 -1 -1 -1 -1 -1
0.45427456498146057 0.53321373462677 0.9997151494026184 -1 -1 -1 -1 -1 -1 -1 -1 -1
0.45496273040771484 0.532846987247467 0.9996989965438843 -1 -1 -1 -1 -1 -1 -1 -1 -1
0.4556938707828522 0.5323967933654785 0.9997573494911194 -1 -1 -1 -1 -1 -1 -1 -1 -1
0.461131751537323 0.5369439125061035 0.9997171759605408 -1 -1 -1 -1 -1 -1 -1 -1 -1
0.46194902062416077 0.5342143774032593 0.9996829032897949 -1 -1 -1 -1 -1 -1 -1 -1 -1
0.45524731278419495 0.5497332215309143 0.999627947807312 -1 -1 -1 -1 -1 -1 -1 -1 -1
0.45537880063056946 0.549109935760498 0.9994992017745972 -1 -1 -1 -1 -1 -1 -1 -1 -1
0.4776698052883148 0.5823460221290588 0.9999295473098755 -1 -1 -1 -1 -1 -1 -1 -1 -1
0.4821661710739136 0.5735601186752319 0.9994866847991943 -1 -1 -1 -1 -1 -1 -1 -1 -1
0.4889300465583801 0.6553280353546143 0.9644756317138672 -1 -1 -1 -1 -1 -1 -1 -1 -1
0.5000622272491455 0.6410272121429443 0.05646180361509323 -1 -1 -1 -1 -1 -1 -1 -1 -1
0.4878248870372772 0.7148368954658508 0.8480894565582275 -1 -1 -1 -1 -1 -1 -1 -1 -1
0.5044445395469666 0.6946293711662292 0.041546933352947235 -1 -1 -1 -1 -1 -1 -1 -1 -1
0.4879802465438843 0.7262835502624512 0.786715567111969 -1 -1 -1 -1 -1 -1 -1 -1 -1
0.505866527557373 0.7067984342575073 0.04453643783926964 -1 -1 -1 -1 -1 -1 -1 -1 -1
0.4859234094619751 0.7262521982192993 0.778705894947052 -1 -1 -1 -1 -1 -1 -1 -1 -1
0.5033299922943115 0.7084274291992188 0.04387820139527321 -1 -1 -1 -1 -1 -1 -1 -1 -1
0.48558300733566284 0.7220435738563538 0.6730138659477234 -1 -1 -1 -1 -1 -1 -1 -1 -1
0.5032090544700623 0.703503429889679 0.0469001866877079 -1 -1 -1 -1 -1 -1 -1 -1 -1
0.5086140632629395 0.6884593367576599 0.9982159733772278 -1 -1 -1 -1 -1 -1 -1 -1 -1
0.5079002976417542 0.6821192502975464 0.997358500957489 -1 -1 -1 -1 -1 -1 -1 -1 -1
0.4757543206214905 0.7532361149787903 0.9640914797782898 -1 -1 -1 -1 -1 -1 -1 -1 -1
0.47878745198249817 0.7497563362121582 0.3970089852809906 -1 -1 -1 -1 -1 -1 -1 -1 -1
0.4969384968280792 0.8394516706466675 0.9710173010826111 -1 -1 -1 -1 -1 -1 -1 -1 -1
0.49495795369148254 0.8312339782714844 0.4475261867046356 -1 -1 -1 -1 -1 -1 -1 -1 -1
0.5052039623260498 0.8519741296768188 0.9483473300933838 -1 -1 -1 -1 -1 -1 -1 -1 -1
0.49996864795684814 0.8443006277084351 0.5690233707427979 -1 -1 -1 -1 -1 -1 -1 -1 -1
0.47564172744750977 0.860408365726471 0.9562979340553284 -1 -1 -1 -1 -1 -1 -1 -1 -1
0.47270041704177856 0.8554643392562866 0.5042238831520081 -1 -1 -1 -1 -1 -1 -1 -1 -1
1 
33 
-1 -1 -1 -1 -1 -1 -1 -1 -1 -1
0.4620476961135864 0.5412220358848572 0.9973825812339783 -1 -1 -1 -1 -1 -1 -1 -1 -1
0.46542486548423767 0.5322555899620056 0.997271716594696 -1 -1 -1 -1 -1 -1 -1 -1 -1
0.46589213609695435 0.5325053930282593 0.9974796175956726 -1 -1 -1 -1 -1 -1 -1 -1 -1
0.4663350284099579 0.5327522158622742 0.9978426694869995 -1 -1 -1 -1 -1 -1 -1 -1 -1
0.4659322202205658 0.5321386456489563 0.9971199035644531 -1 -1 -1 -1 -1 -1 -1 -1 -1
0.4666779935359955 0.5322762727737427 0.9973899722099304 -1 -1 -1 -1 -1 -1 -1 -1 -1
0.46746426820755005 0.5322612524032593 0.9979965090751648 -1 -1 -1 -1 -1 -1 -1 -1 -1
0.47214046120643616 0.5399742126464844 0.9973015785217285 -1 -1 -1 -1 -1 -1 -1 -1 -1
0.47364670038223267 0.5378492474555969 0.9974507689476013 -1 -1 -1 -1 -1 -1 -1 -1 -1
0.46452733874320984 0.5514144897460938 0.9970958232879639 -1 -1 -1 -1 -1 -1 -1 -1 -1
0.46489325165748596 0.550782322883606 0.9962273836135864 -1 -1 -1 -1 -1 -1 -1 -1 -1
0.48205816745758057 0.5922337770462036 0.9998934268951416 -1 -1 -1 -1 -1 -1 -1 -1 -1
0.4883067011833191 0.5841860771179199 0.999634861946106 -1 -1 -1 -1 -1 -1 -1 -1 -1
0.46696507930755615 0.6691363453865051 0.9452753663063049 -1 -1 -1 -1 -1 -1 -1 -1 -1
0.4862808585166931 0.656731903553009 0.06683401763439178 -1 -1 -1 -1 -1 -1 -1 -1 -1
0.44641464948654175 0.7230061292648315 0.7959173321723938 -1 -1 -1 -1 -1 -1 -1 -1 -1
0.4682251214981079 0.7163421511650085 0.0733824223279953 -1 -1 -1 -1 -1 -1 -1 -1 -1
0.44147756695747375 0.7369998097419739 0.7483755350112915 -1 -1 -1 -1 -1 -1 -1 -1 -1
0.4640401303768158 0.7245479226112366 0.0827750563621521 -1 -1 -1 -1 -1 -1 -1 -1 -1
0.4389097988605499 0.7350935339927673 0.7467315196990967 -1 -1 -1 -1 -1 -1 -1 -1 -1
0.4622634947299957 0.7270870804786682 0.08329164981842041 -1 -1 -1 -1 -1 -1 -1 -1 -1
0.4407329559326172 0.7307122349739075 0.6346186399459839 -1 -1 -1 -1 -1 -1 -1 -1 -1
0.4646206498146057 0.7248402237892151 0.08579694479703903 -1 -1 -1 -1 -1 -1 -1 -1 -1
0.5120349526405334 0.7081000804901123 0.9987913966178894 -1 -1 -1 -1 -1 -1 -1 -1 -1
0.5065521597862244 0.699225127696991 0.9984617233276367 -1 -1 -1 -1 -1 -1 -1 -1 -1
0.4742797315120697 0.774652361869812 0.927716076374054 -1 -1 -1 -1 -1 -1 -1 -1 -1
0.47193512320518494 0.7616451382637024 0.23590821027755737 -1 -1 -1 -1 -1 -1 -1 -1 -1
0.4942478537559509 0.8728545308113098 0.9665108919143677 -1 -1 -1 -1 -1 -1 -1 -1 -1
0.49169912934303284 0.8540414571762085 0.38042736053466797 -1 -1 -1 -1 -1 -1 -1 -1 -1
0.5000357627868652 0.88914954662323 0.9290489554405212 -1 -1 -1 -1 -1 -1 -1 -1 -1
0.49788254499435425 0.8674370050430298 0.5186875462532043 -1 -1 -1 -1 -1 -1 -1 -1 -1
0.47237104177474976 0.8913769721984863 0.9564105272293091 -1 -1 -1 -1 -1 -1 -1 -1 -1
0.4711874723434448 0.8763967752456665 0.5128672122955322 -1 -1 -1 -1 -1 -1 -1 -1 -1
1 
33 
-1 -1 -1 -1 -1 -1 -1 -1 -1 -1
0.46895769238471985 0.5409026145935059 0.9964398741722107 -1 -1 -1 -1 -1 -1 -1 -1 -1
0.4734140634536743 0.534589409828186 0.9976189732551575 -1 -1 -1 -1 -1 -1 -1 -1 -1
0.4743119478225708 0.5352699160575867 0.9975074529647827 -1 -1 -1 -1 -1 -1 -1 -1 -1
0.4753158390522003 0.5360586047172546 0.9978998899459839 -1 -1 -1 -1 -1 -1 -1 -1 -1
0.47313615679740906 0.5338021516799927 0.9973287582397461 -1 -1 -1 -1 -1 -1 -1 -1 -1
0.473796010017395 0.5338324904441833 0.9975358247756958 -1 -1 -1 -1 -1 -1 -1 -1 -1
0.4745979309082031 0.5339222550392151 0.9983516931533813 -1 -1 -1 -1 -1 -1 -1 -1 -1
0.48235517740249634 0.5447787642478943 0.9968997240066528 -1 -1 -1 -1 -1 -1 -1 -1 -1
0.4821738004684448 0.542522668838501 0.9971195459365845 -1 -1 -1 -1 -1 -1 -1 -1 -1
0.4711850881576538 0.5511144399642944 0.9965862035751343 -1 -1 -1 -1 -1 -1 -1 -1 -1
0.47055038809776306 0.5498777627944946 0.9956780076026917 -1 -1 -1 -1 -1 -1 -1 -1 -1
0.48751571774482727 0.6013749241828918 0.999591052532196 -1 -1 -1 -1 -1 -1 -1 -1 -1
0.49130091071128845 0.5945286750793457 0.9988492727279663 -1 -1 -1 -1 -1 -1 -1 -1 -1
0.4544529318809509 0.6458483934402466 0.9545667767524719 -1 -1 -1 -1 -1 -1 -1 -1 -1
0.4602643549442291 0.643561065196991 0.16018465161323547 -1 -1 -1 -1 -1 -1 -1 -1 -1
0.423296183347702 0.6482799649238586 0.8445183038711548 -1 -1 -1 -1 -1 -1 -1 -1 -1
0.4264611601829529 0.6485733985900879 0.1434248834848404 -1 -1 -1 -1 -1 -1 -1 -1 -1
0.4151415228843689 0.6487299203872681 0.8032339811325073 -1 -1 -1 -1 -1 -1 -1 -1 -1
0.4203665852546692 0.655281662940979 0.1524915099143982 -1 -1 -1 -1 -1 -1 -1 -1 -1
0.41875338554382324 0.6406832933425903 0.8009383082389832 -1 -1 -1 -1 -1 -1 -1 -1 -1
0.41717401146888733 0.642690122127533 0.16214309632778168 -1 -1 -1 -1 -1 -1 -1 -1 -1
0.426149845123291 0.645197331905365 0.7026469707489014 -1 -1 -1 -1 -1 -1 -1 -1 -1
0.42090192437171936 0.6578629612922668 0.18235662579536438 -1 -1 -1 -1 -1 -1 -1 -1 -1
0.5116614699363708 0.7212061285972595 0.997226893901825 -1 -1 -1 -1 -1 -1 -1 -1 -1
0.5107612609863281 0.7151960134506226 0.9956219792366028 -1 -1 -1 -1 -1 -1 -1 -1 -1
0.47527235746383667 0.792374849319458 0.977241039276123 -1 -1 -1 -1 -1 -1 -1 -1 -1
0.47564980387687683 0.7852291464805603 0.3034495711326599 -1 -1 -1 -1 -1 -1 -1 -1 -1
0.4918958246707916 0.8932527303695679 0.9903771281242371 -1 -1 -1 -1 -1 -1 -1 -1 -1
0.4904913902282715 0.8762447834014893 0.5968109965324402 -1 -1 -1 -1 -1 -1 -1 -1 -1
0.4985790252685547 0.9103935956954956 0.9838316440582275 -1 -1 -1 -1 -1 -1 -1 -1 -1
0.49602851271629333 0.8972905278205872 0.7078750133514404 -1 -1 -1 -1 -1 -1 -1 -1 -1
0.46812793612480164 0.9048675298690796 0.9844425320625305 -1 -1 -1 -1 -1 -1 -1 -1 -1
0.4686487019062042 0.8925702571868896 0.7248488068580627 -1 -1 -1 -1 -1 -1 -1 -1 -1
1 
33 
-1 -1 -1 -1 -1 -1 -1 -1 -1 -1
0.47793036699295044 0.5422003865242004 0.996317982673645 -1 -1 -1 -1 -1 -1 -1 -1 -1
0.4834931194782257 0.5367149710655212 0.9983453750610352 -1 -1 -1 -1 -1 -1 -1 -1 -1
0.48424166440963745 0.5374952554702759 0.9975670576095581 -1 -1 -1 -1 -1 -1 -1 -1 -1
0.48510652780532837 0.5383620858192444 0.9983600974082947 -1 -1 -1 -1 -1 -1 -1 -1 -1
0.4836081266403198 0.5357508063316345 0.9971333742141724 -1 -1 -1 -1 -1 -1 -1 -1 -1
0.48431798815727234 0.5358293056488037 0.9954608082771301 -1 -1 -1 -1 -1 -1 -1 -1 -1
0.48512399196624756 0.5360065698623657 0.997136116027832 -1 -1 -1 -1 -1 -1 -1 -1 -1
0.4903223514556885 0.5466768741607666 0.9979817867279053 -1 -1 -1 -1 -1 -1 -1 -1 -1
0.49016067385673523 0.543541669845581 0.9969701766967773 -1 -1 -1 -1 -1 -1 -1 -1 -1
0.4783371686935425 0.5518798232078552 0.9969896078109741 -1 -1 -1 -1 -1 -1 -1 -1 -1
0.4781428277492523 0.5512487292289734 0.9973080158233643 -1 -1 -1 -1 -1 -1 -1 -1 -1
0.4899105727672577 0.5894320607185364 0.9980035424232483 -1 -1 -1 -1 -1 -1 -1 -1 -1
0.48783114552497864 0.5792068243026733 0.9965553283691406 -1 -1 -1 -1 -1 -1 -1 -1 -1
0.4474002718925476 0.5879733562469482 0.9697099924087524 -1 -1 -1 -1 -1 -1 -1 -1 -1
0.4522463381290436 0.575659990310669 0.20931607484817505 -1 -1 -1 -1 -1 -1 -1 -1 -1
0.42001426219940186 0.5522974729537964 0.9491863250732422 -1 -1 -1 -1 -1 -1 -1 -1 -1
0.4255947172641754 0.5445541143417358 0.36406826972961426 -1 -1 -1 -1 -1 -1 -1 -1 -1
0.4113776385784149 0.5484213829040527 0.9134674072265625 -1 -1 -1 -1 -1 -1 -1 -1 -1
0.4219497740268707 0.5397301912307739 0.3621843457221985 -1 -1 -1 -1 -1 -1 -1 -1 -1
0.4139554798603058 0.5381306409835815 0.9157605767250061 -1 -1 -1 -1 -1 -1 -1 -1 -1
0.42102745175361633 0.5365465879440308 0.37104180455207825 -1 -1 -1 -1 -1 -1 -1 -1 -1
0.41678348183631897 0.5405429005622864 0.8673933744430542 -1 -1 -1 -1 -1 -1 -1 -1 -1
0.4215386211872101 0.5386340618133545 0.37604260444641113 -1 -1 -1 -1 -1 -1 -1 -1 -1
0.49856308102607727 0.6588296890258789 0.9994250535964966 -1 -1 -1 -1 -1 -1 -1 -1 -1
0.4975733757019043 0.6412497758865356 0.99951171875 -1 -1 -1 -1 -1 -1 -1 -1 -1
0.48698562383651733 0.7332903146743774 0.5741874575614929 -1 -1 -1 -1 -1 -1 -1 -1 -1
0.4960366189479828 0.6858113408088684 0.11182861775159836 -1 -1 -1 -1 -1 -1 -1 -1 -1
0.4940332770347595 0.7878369092941284 0.37968721985816956 -1 -1 -1 -1 -1 -1 -1 -1 -1
0.49767017364501953 0.7735213041305542 0.12727579474449158 -1 -1 -1 -1 -1 -1 -1 -1 -1
0.4979340136051178 0.7931504845619202 0.45436981320381165 -1 -1 -1 -1 -1 -1 -1 -1 -1
0.49980729818344116 0.7878705859184265 0.22082287073135376 -1 -1 -1 -1 -1 -1 -1 -1 -1
0.48686835169792175 0.8016186952590942 0.32968270778656006 -1 -1 -1 -1 -1 -1 -1 -1 -1
0.48859891295433044 0.793213963508606 0.15801844000816345 -1 -1 -1 -1 -1 -1 -1 -1 -1
1 
33 
-1 -1 -1 -1 -1 -1 -1 -1 -1 -1
0.4911823272705078 0.5166710615158081 0.9992889165878296 -1 -1 -1 -1 -1 -1 -1 -1 -1
0.49513331055641174 0.5128753781318665 0.9995982050895691 -1 -1 -1 -1 -1 -1 -1 -1 -1
0.4956832528114319 0.513462245464325 0.999603807926178 -1 -1 -1 -1 -1 -1 -1 -1 -1
0.4962123930454254 0.514018177986145 0.9996083378791809 -1 -1 -1 -1 -1 -1 -1 -1 -1
0.49501898884773254 0.5123953223228455 0.9992031455039978 -1 -1 -1 -1 -1 -1 -1 -1 -1
0.49549993872642517 0.5125681757926941 0.9990403056144714 -1 -1 -1 -1 -1 -1 -1 -1 -1
0.4961722493171692 0.5125277638435364 0.99922776222229 -1 -1 -1 -1 -1 -1 -1 -1 -1
0.500779926776886 0.5237943530082703 0.9994547963142395 -1 -1 -1 -1 -1 -1 -1 -1 -1
0.500273585319519 0.5202928185462952 0.9992272853851318 -1 -1 -1 -1 -1 -1 -1 -1 -1
0.4909789264202118 0.5258511304855347 0.9988710284233093 -1 -1 -1 -1 -1 -1 -1 -1 -1
0.49063435196876526 0.525684118270874 0.9988269209861755 -1 -1 -1 -1 -1 -1 -1 -1 -1
0.501213550567627 0.5670403838157654 0.9994277358055115 -1 -1 -1 -1 -1 -1 -1 -1 -1
0.5012792944908142 0.5612671971321106 0.9978735446929932 -1 -1 -1 -1 -1 -1 -1 -1 -1
0.4627481698989868 0.5294386744499207 0.9904419779777527 -1 -1 -1 -1 -1 -1 -1 -1 -1
0.4685259461402893 0.5254764556884766 0.3319553732872009 -1 -1 -1 -1 -1 -1 -1 -1 -1
0.45465537905693054 0.4813638925552368 0.9670881628990173 -1 -1 -1 -1 -1 -1 -1 -1 -1
0.45511478185653687 0.47891318798065186 0.5029163360595703 -1 -1 -1 -1 -1 -1 -1 -1 -1
0.45612043142318726 0.4625697433948517 0.9506687521934509 -1 -1 -1 -1 -1 -1 -1 -1 -1
0.4588012993335724 0.4599645733833313 0.5297052264213562 -1 -1 -1 -1 -1 -1 -1 -1 -1
0.45866894721984863 0.46381890773773193 0.9487946033477783 -1 -1 -1 -1 -1 -1 -1 -1 -1
0.46059778332710266 0.4596404433250427 0.540878415107727 -1 -1 -1 -1 -1 -1 -1 -1 -1
0.4589569568634033 0.4706752896308899 0.9266360402107239 -1 -1 -1 -1 -1 -1 -1 -1 -1
0.4602687656879425 0.4655734896659851 0.5605971813201904 -1 -1 -1 -1 -1 -1 -1 -1 -1
0.5049827694892883 0.705849826335907 0.9990598559379578 -1 -1 -1 -1 -1 -1 -1 -1 -1
0.5041789412498474 0.7028999328613281 0.9984151124954224 -1 -1 -1 -1 -1 -1 -1 -1 -1
0.4847906529903412 0.7995038032531738 0.8855223655700684 -1 -1 -1 -1 -1 -1 -1 -1 -1
0.4857214689254761 0.7891679406166077 0.18064194917678833 -1 -1 -1 -1 -1 -1 -1 -1 -1
0.4901741147041321 0.8891839385032654 0.9464413523674011 -1 -1 -1 -1 -1 -1 -1 -1 -1
0.4904352128505707 0.885229766368866 0.34842270612716675 -1 -1 -1 -1 -1 -1 -1 -1 -1
0.49656468629837036 0.89151930809021 0.9628453254699707 -1 -1 -1 -1 -1 -1 -1 -1 -1
0.4966416656970978 0.8877204060554504 0.5173564553260803 -1 -1 -1 -1 -1 -1 -1 -1 -1
0.46705567836761475 0.893895149230957 0.9348910450935364 -1 -1 -1 -1 -1 -1 -1 -1 -1
0.4716619849205017 0.8876221179962158 0.5461363792419434 -1 -1 -1 -1 -1 -1 -1 -1 -1
1 
33 
-1 -1 -1 -1 -1 -1 -1 -1 -1 -1
0.49088624119758606 0.4845707416534424 0.9983460903167725 -1 -1 -1 -1 -1 -1 -1 -1 -1
0.4949987530708313 0.4806622862815857 0.9994263648986816 -1 -1 -1 -1 -1 -1 -1 -1 -1
0.49598228931427 0.4812600910663605 0.9995195865631104 -1 -1 -1 -1 -1 -1 -1 -1 -1
0.49709030985832214 0.4820217490196228 0.9994568228721619 -1 -1 -1 -1 -1 -1 -1 -1 -1
0.4949415326118469 0.4804767966270447 0.9990962743759155 -1 -1 -1 -1 -1 -1 -1 -1 -1
0.49582573771476746 0.4809116721153259 0.9988144636154175 -1 -1 -1 -1 -1 -1 -1 -1 -1
0.49680668115615845 0.4814217984676361 0.9987754225730896 -1 -1 -1 -1 -1 -1 -1 -1 -1
0.504866361618042 0.4907096028327942 0.9993108510971069 -1 -1 -1 -1 -1 -1 -1 -1 -1
0.5043593049049377 0.4889336824417114 0.9988629817962646 -1 -1 -1 -1 -1 -1 -1 -1 -1
0.49371767044067383 0.4920189380645752 0.9969109892845154 -1 -1 -1 -1 -1 -1 -1 -1 -1
0.49365612864494324 0.49219322204589844 0.9962947964668274 -1 -1 -1 -1 -1 -1 -1 -1 -1
0.5066804885864258 0.5286657810211182 0.998968243598938 -1 -1 -1 -1 -1 -1 -1 -1 -1
0.5074597597122192 0.5258523225784302 0.9810011982917786 -1 -1 -1 -1 -1 -1 -1 -1 -1
0.49385643005371094 0.4855501651763916 0.9840752482414246 -1 -1 -1 -1 -1 -1 -1 -1 -1
0.4922480285167694 0.4748483896255493 0.026313725858926773 -1 -1 -1 -1 -1 -1 -1 -1 -1
0.5021190643310547 0.43421226739883423 0.9611834287643433 -1 -1 -1 -1 -1 -1 -1 -1 -1
0.4998168647289276 0.43238312005996704 0.0850563794374466 -1 -1 -1 -1 -1 -1 -1 -1 -1
0.5042014718055725 0.4258437156677246 0.9546977281570435 -1 -1 -1 -1 -1 -1 -1 -1 -1
0.5074660778045654 0.42250269651412964 0.15706883370876312 -1 -1 -1 -1 -1 -1 -1 -1 -1
0.5076163411140442 0.42419499158859253 0.9495978951454163 -1 -1 -1 -1 -1 -1 -1 -1 -1
0.5051717758178711 0.42288434505462646 0.16437982022762299 -1 -1 -1 -1 -1 -1 -1 -1 -1
0.5066368579864502 0.4271232485771179 0.9208399653434753 -1 -1 -1 -1 -1 -1 -1 -1 -1
0.5044499635696411 0.4255000948905945 0.18427875638008118 -1 -1 -1 -1 -1 -1 -1 -1 -1
0.5024895668029785 0.6773627996444702 0.9992185831069946 -1 -1 -1 -1 -1 -1 -1 -1 -1
0.5056543350219727 0.6723453402519226 0.9971835017204285 -1 -1 -1 -1 -1 -1 -1 -1 -1
0.4884975552558899 0.777701199054718 0.9279544353485107 -1 -1 -1 -1 -1 -1 -1 -1 -1
0.49043089151382446 0.7718564867973328 0.26396602392196655 -1 -1 -1 -1 -1 -1 -1 -1 -1
0.48980170488357544 0.8830035924911499 0.9429547190666199 -1 -1 -1 -1 -1 -1 -1 -1 -1
0.49131178855895996 0.8722313642501831 0.23352961242198944 -1 -1 -1 -1 -1 -1 -1 -1 -1
0.4931880533695221 0.9030394554138184 0.9685870409011841 -1 -1 -1 -1 -1 -1 -1 -1 -1
0.4940592646598816 0.892061710357666 0.37817004323005676 -1 -1 -1 -1 -1 -1 -1 -1 -1
0.46602123975753784 0.8966985940933228 0.9221678972244263 -1 -1 -1 -1 -1 -1 -1 -1 -1
0.4672006368637085 0.8874138593673706 0.3576568365097046 -1 -1 -1 -1 -1 -1 -1 -1 -1
1 
33 
-1 -1 -1 -1 -1 -1 -1 -1 -1 -1
0.4943879246711731 0.46608930826187134 0.9962491393089294 -1 -1 -1 -1 -1 -1 -1 -1 -1
0.4960549473762512 0.46034330129623413 0.9966012239456177 -1 -1 -1 -1 -1 -1 -1 -1 -1
0.49655407667160034 0.4605155885219574 0.9967473745346069 -1 -1 -1 -1 -1 -1 -1 -1 -1
0.49695834517478943 0.4606672525405884 0.996735155582428 -1 -1 -1 -1 -1 -1 -1 -1 -1
0.495280921459198 0.459941565990448 0.9960210919380188 -1 -1 -1 -1 -1 -1 -1 -1 -1
0.49563175439834595 0.4599112868309021 0.9953675270080566 -1 -1 -1 -1 -1 -1 -1 -1 -1
0.4957588016986847 0.45995381474494934 0.9961483478546143 -1 -1 -1 -1 -1 -1 -1 -1 -1
0.5011429786682129 0.4657890796661377 0.9970917701721191 -1 -1 -1 -1 -1 -1 -1 -1 -1
0.49955233931541443 0.4660216271877289 0.9939519762992859 -1 -1 -1 -1 -1 -1 -1 -1 -1
0.49766916036605835 0.4730910062789917 0.9901838898658752 -1 -1 -1 -1 -1 -1 -1 -1 -1
0.4974864721298218 0.47314998507499695 0.9867292642593384 -1 -1 -1 -1 -1 -1 -1 -1 -1
0.5081225633621216 0.4912678897380829 0.9996196031570435 -1 -1 -1 -1 -1 -1 -1 -1 -1
0.4992733597755432 0.4917334318161011 0.9930971264839172 -1 -1 -1 -1 -1 -1 -1 -1 -1
0.5235347151756287 0.4300181269645691 0.9895530939102173 -1 -1 -1 -1 -1 -1 -1 -1 -1
0.5087863802909851 0.42789363861083984 0.17990858852863312 -1 -1 -1 -1 -1 -1 -1 -1 -1
0.5576776266098022 0.4029146730899811 0.931631863117218 -1 -1 -1 -1 -1 -1 -1 -1 -1
0.5220817923545837 0.3900485634803772 0.35619956254959106 -1 -1 -1 -1 -1 -1 -1 -1 -1
0.5665650963783264 0.40015387535095215 0.8847274780273438 -1 -1 -1 -1 -1 -1 -1 -1 -1
0.5272925496101379 0.3825002908706665 0.356562077999115 -1 -1 -1 -1 -1 -1 -1 -1 -1
0.5680208802223206 0.4010086953639984 0.8810763359069824 -1 -1 -1 -1 -1 -1 -1 -1 -1
0.5275509357452393 0.38322949409484863 0.36188891530036926 -1 -1 -1 -1 -1 -1 -1 -1 -1
0.564762532711029 0.4038897454738617 0.8624598383903503 -1 -1 -1 -1 -1 -1 -1 -1 -1
0.5251762866973877 0.38516247272491455 0.3903408646583557 -1 -1 -1 -1 -1 -1 -1 -1 -1
0.5035568475723267 0.6289333701133728 0.9997867941856384 -1 -1 -1 -1 -1 -1 -1 -1 -1
0.501647412776947 0.6317497491836548 0.9993076324462891 -1 -1 -1 -1 -1 -1 -1 -1 -1
0.4949561059474945 0.7371304035186768 0.9809463620185852 -1 -1 -1 -1 -1 -1 -1 -1 -1
0.4958541989326477 0.7378194332122803 0.3685210645198822 -1 -1 -1 -1 -1 -1 -1 -1 -1
0.4935752749443054 0.8488731384277344 0.9699151515960693 -1 -1 -1 -1 -1 -1 -1 -1 -1
0.49307146668434143 0.8424887657165527 0.5682314038276672 -1 -1 -1 -1 -1 -1 -1 -1 -1
0.49652719497680664 0.8660330772399902 0.9494511485099792 -1 -1 -1 -1 -1 -1 -1 -1 -1
0.4957544207572937 0.8596487045288086 0.6388980746269226 -1 -1 -1 -1 -1 -1 -1 -1 -1
0.4676588177680969 0.8680390119552612 0.9641472101211548 -1 -1 -1 -1 -1 -1 -1 -1 -1
0.46879246830940247 0.8613564968109131 0.7051613926887512 -1 -1 -1 -1 -1 -1 -1 -1 -1
1 
33 
-1 -1 -1 -1 -1 -1 -1 -1 -1 -1
0.5116074085235596 0.4364602565765381 0.9660038352012634 -1 -1 -1 -1 -1 -1 -1 -1 -1
0.5156474113464355 0.4321863651275635 0.9793325662612915 -1 -1 -1 -1 -1 -1 -1 -1 -1
0.5169949531555176 0.4321797490119934 0.9738526344299316 -1 -1 -1 -1 -1 -1 -1 -1 -1
0.5183080434799194 0.4322814643383026 0.978335440158844 -1 -1 -1 -1 -1 -1 -1 -1 -1
0.5127027630805969 0.43268120288848877 0.9738004207611084 -1 -1 -1 -1 -1 -1 -1 -1 -1
0.5116850137710571 0.4331556558609009 0.9656189680099487 -1 -1 -1 -1 -1 -1 -1 -1 -1
0.5107483863830566 0.4336327314376831 0.976044774055481 -1 -1 -1 -1 -1 -1 -1 -1 -1
0.5202404260635376 0.43744346499443054 0.9891844987869263 -1 -1 -1 -1 -1 -1 -1 -1 -1
0.5105901956558228 0.4393098056316376 0.9707546234130859 -1 -1 -1 -1 -1 -1 -1 -1 -1
0.5123332142829895 0.44321712851524353 0.9781917929649353 -1 -1 -1 -1 -1 -1 -1 -1 -1
0.5081957578659058 0.4436336159706116 0.9768224358558655 -1 -1 -1 -1 -1 -1 -1 -1 -1
0.5048096179962158 0.45953693985939026 0.9999804496765137 -1 -1 -1 -1 -1 -1 -1 -1 -1
0.515765368938446 0.4634387493133545 0.9993184804916382 -1 -1 -1 -1 -1 -1 -1 -1 -1
0.5078608989715576 0.5125522613525391 0.5171493291854858 -1 -1 -1 -1 -1 -1 -1 -1 -1
0.5290988087654114 0.4985431134700775 0.16167506575584412 -1 -1 -1 -1 -1 -1 -1 -1 -1
0.49914073944091797 0.5567381978034973 0.43192246556282043 -1 -1 -1 -1 -1 -1 -1 -1 -1
0.5316292643547058 0.513089656829834 0.2290816754102707 -1 -1 -1 -1 -1 -1 -1 -1 -1
0.4986226558685303 0.5708408951759338 0.4543902277946472 -1 -1 -1 -1 -1 -1 -1 -1 -1
0.5352581739425659 0.5182666778564453 0.26306402683258057 -1 -1 -1 -1 -1 -1 -1 -1 -1
0.4962053596973419 0.5669329166412354 0.435590535402298 -1 -1 -1 -1 -1 -1 -1 -1 -1
0.530276894569397 0.5154690742492676 0.2604728043079376 -1 -1 -1 -1 -1 -1 -1 -1 -1
0.4970279037952423 0.5615319013595581 0.3830950856208801 -1 -1 -1 -1 -1 -1 -1 -1 -1
0.5281769037246704 0.5135137438774109 0.2700060307979584 -1 -1 -1 -1 -1 -1 -1 -1 -1
0.5074055790901184 0.5362425446510315 0.9999960660934448 -1 -1 -1 -1 -1 -1 -1 -1 -1
0.5160282254219055 0.5480481386184692 0.9999635219573975 -1 -1 -1 -1 -1 -1 -1 -1 -1
0.49223825335502625 0.6004317998886108 0.997071385383606 -1 -1 -1 -1 -1 -1 -1 -1 -1
0.5136104226112366 0.6171467304229736 0.772254228591919 -1 -1 -1 -1 -1 -1 -1 -1 -1
0.5002475380897522 0.6690768003463745 0.9937980771064758 -1 -1 -1 -1 -1 -1 -1 -1 -1
0.5146880149841309 0.64513099193573 0.7325378060340881 -1 -1 -1 -1 -1 -1 -1 -1 -1
0.5054406523704529 0.6786190271377563 0.9763482213020325 -1 -1 -1 -1 -1 -1 -1 -1 -1
0.5170496702194214 0.6502089500427246 0.8501139879226685 -1 -1 -1 -1 -1 -1 -1 -1 -1
0.4876912832260132 0.6959958076477051 0.9804101586341858 -1 -1 -1 -1 -1 -1 -1 -1 -1
0.5060545206069946 0.656899094581604 0.7622053623199463 -1 -1 -1 -1 -1 -1 -1 -1 -1
1 
33 
-1 -1 -1 -1 -1 -1 -1 -1 -1 -1
0.5486119985580444 0.3763471841812134 0.9894786477088928 -1 -1 -1 -1 -1 -1 -1 -1 -1
0.5555214881896973 0.37473639845848083 0.993842363357544 -1 -1 -1 -1 -1 -1 -1 -1 -1
0.5561618804931641 0.3760208189487457 0.9925186634063721 -1 -1 -1 -1 -1 -1 -1 -1 -1
0.5568966269493103 0.3773233890533447 0.9936530590057373 -1 -1 -1 -1 -1 -1 -1 -1 -1
0.5559921860694885 0.3746676445007324 0.9876958131790161 -1 -1 -1 -1 -1 -1 -1 -1 -1
0.5568522810935974 0.375791996717453 0.9811690449714661 -1 -1 -1 -1 -1 -1 -1 -1 -1
0.5577532649040222 0.3768172860145569 0.9816970229148865 -1 -1 -1 -1 -1 -1 -1 -1 -1
0.5604358315467834 0.3925756812095642 0.9898098707199097 -1 -1 -1 -1 -1 -1 -1 -1 -1
0.5601166486740112 0.3896321952342987 0.9626924991607666 -1 -1 -1 -1 -1 -1 -1 -1 -1
0.5478118658065796 0.3876588046550751 0.9873924851417542 -1 -1 -1 -1 -1 -1 -1 -1 -1
0.5476395487785339 0.38831067085266113 0.9793891310691833 -1 -1 -1 -1 -1 -1 -1 -1 -1
0.5490855574607849 0.4325600564479828 0.998494029045105 -1 -1 -1 -1 -1 -1 -1 -1 -1
0.5464956164360046 0.4247596859931946 0.9873849153518677 -1 -1 -1 -1 -1 -1 -1 -1 -1
0.5883562564849854 0.38235580921173096 0.9903383851051331 -1 -1 -1 -1 -1 -1 -1 -1 -1
0.5805385112762451 0.3824366331100464 0.061331067234277725 -1 -1 -1 -1 -1 -1 -1 -1 -1
0.6244815587997437 0.3510417938232422 0.9753696322441101 -1 -1 -1 -1 -1 -1 -1 -1 -1
0.6159520149230957 0.35014796257019043 0.23568913340568542 -1 -1 -1 -1 -1 -1 -1 -1 -1
0.6346328258514404 0.3451048731803894 0.9526967406272888 -1 -1 -1 -1 -1 -1 -1 -1 -1
0.628917932510376 0.34134232997894287 0.2889365553855896 -1 -1 -1 -1 -1 -1 -1 -1 -1
0.63706374168396 0.3456381559371948 0.9466502666473389 -1 -1 -1 -1 -1 -1 -1 -1 -1
0.6313888430595398 0.34095874428749084 0.2829720973968506 -1 -1 -1 -1 -1 -1 -1 -1 -1
0.6338454484939575 0.34748464822769165 0.9203707575798035 -1 -1 -1 -1 -1 -1 -1 -1 -1
0.6260515451431274 0.3443111181259155 0.311857134103775 -1 -1 -1 -1 -1 -1 -1 -1 -1
0.48792120814323425 0.5509716868400574 0.9998154044151306 -1 -1 -1 -1 -1 -1 -1 -1 -1
0.4868611693382263 0.5300427079200745 0.9994408488273621 -1 -1 -1 -1 -1 -1 -1 -1 -1
0.47962722182273865 0.6380928754806519 0.9992294311523438 -1 -1 -1 -1 -1 -1 -1 -1 -1
0.46531355381011963 0.47315117716789246 0.8991028666496277 -1 -1 -1 -1 -1 -1 -1 -1 -1
0.4823044538497925 0.7478302717208862 0.9991840720176697 -1 -1 -1 -1 -1 -1 -1 -1 -1
0.43001237511634827 0.48955094814300537 0.9550385475158691 -1 -1 -1 -1 -1 -1 -1 -1 -1
0.48742470145225525 0.7575074434280396 0.9950017333030701 -1 -1 -1 -1 -1 -1 -1 -1 -1
0.4164704382419586 0.4932023286819458 0.9492152333259583 -1 -1 -1 -1 -1 -1 -1 -1 -1
0.4704330861568451 0.7892293930053711 0.9973701238632202 -1 -1 -1 -1 -1 -1 -1 -1 -1
0.40229332447052 0.48941555619239807 0.9482641220092773 -1 -1 -1 -1 -1 -1 -1 -1 -1
1 
33 
-1 -1 -1 -1 -1 -1 -1 -1 -1 -1
0.5612117648124695 0.34230872988700867 0.9989443421363831 -1 -1 -1 -1 -1 -1 -1 -1 -1
0.5677644610404968 0.3407765030860901 0.9995143413543701 -1 -1 -1 -1 -1 -1 -1 -1 -1
0.5683547854423523 0.3417358994483948 0.999420166015625 -1 -1 -1 -1 -1 -1 -1 -1 -1
0.5689769983291626 0.3427160084247589 0.9994950294494629 -1 -1 -1 -1 -1 -1 -1 -1 -1
0.5679143667221069 0.3413964509963989 0.9987996816635132 -1 -1 -1 -1 -1 -1 -1 -1 -1
0.5685469508171082 0.3427746295928955 0.9979370832443237 -1 -1 -1 -1 -1 -1 -1 -1 -1
0.5692488551139832 0.3441565930843353 0.9984778761863708 -1 -1 -1 -1 -1 -1 -1 -1 -1
0.5721701383590698 0.3578530550003052 0.999517560005188 -1 -1 -1 -1 -1 -1 -1 -1 -1
0.5719205141067505 0.3577559292316437 0.9982105493545532 -1 -1 -1 -1 -1 -1 -1 -1 -1
0.5600944757461548 0.35396578907966614 0.9983922839164734 -1 -1 -1 -1 -1 -1 -1 -1 -1
0.559723436832428 0.35509902238845825 0.9971984624862671 -1 -1 -1 -1 -1 -1 -1 -1 -1
0.5632540583610535 0.3975345492362976 0.9995785355567932 -1 -1 -1 -1 -1 -1 -1 -1 -1
0.5613312721252441 0.4005058705806732 0.9979717135429382 -1 -1 -1 -1 -1 -1 -1 -1 -1
0.6017056107521057 0.3558146357536316 0.9945214986801147 -1 -1 -1 -1 -1 -1 -1 -1 -1
0.6004899144172668 0.35854852199554443 0.15490084886550903 -1 -1 -1 -1 -1 -1 -1 -1 -1
0.6404621601104736 0.33406317234039307 0.98173987865448 -1 -1 -1 -1 -1 -1 -1 -1 -1
0.6362459063529968 0.34242483973503113 0.44797444343566895 -1 -1 -1 -1 -1 -1 -1 -1 -1
0.6512503623962402 0.3297688066959381 0.9703201651573181 -1 -1 -1 -1 -1 -1 -1 -1 -1
0.6448047757148743 0.3422057628631592 0.5055142045021057 -1 -1 -1 -1 -1 -1 -1 -1 -1
0.6513409614562988 0.336666464805603 0.9673601984977722 -1 -1 -1 -1 -1 -1 -1 -1 -1
0.6483749151229858 0.343314528465271 0.49349769949913025 -1 -1 -1 -1 -1 -1 -1 -1 -1
0.6482966542243958 0.3372804522514343 0.9581962823867798 -1 -1 -1 -1 -1 -1 -1 -1 -1
0.6442252397537231 0.34439241886138916 0.5049707293510437 -1 -1 -1 -1 -1 -1 -1 -1 -1
0.4860549867153168 0.5010895729064941 0.9993922710418701 -1 -1 -1 -1 -1 -1 -1 -1 -1
0.4893823564052582 0.49655473232269287 0.9987733960151672 -1 -1 -1 -1 -1 -1 -1 -1 -1
0.4640258848667145 0.5952216982841492 0.9279454350471497 -1 -1 -1 -1 -1 -1 -1 -1 -1
0.462720662355423 0.5658742189407349 0.3649948835372925 -1 -1 -1 -1 -1 -1 -1 -1 -1
0.46789610385894775 0.7038717269897461 0.9776039123535156 -1 -1 -1 -1 -1 -1 -1 -1 -1
0.46836379170417786 0.6509820222854614 0.5954996943473816 -1 -1 -1 -1 -1 -1 -1 -1 -1
0.4749252498149872 0.7156793475151062 0.9899383783340454 -1 -1 -1 -1 -1 -1 -1 -1 -1
0.46059197187423706 0.6636165380477905 0.827024519443512 -1 -1 -1 -1 -1 -1 -1 -1 -1
0.4618822932243347 0.7412635087966919 0.9771111607551575 -1 -1 -1 -1 -1 -1 -1 -1 -1
0.439111590385437 0.6720854043960571 0.6962677836418152 -1 -1 -1 -1 -1 -1 -1 -1 -1
1 
33 
-1 -1 -1 -1 -1 -1 -1 -1 -1 -1
0.4587090313434601 0.5301526188850403 0.9995144605636597 -1 -1 -1 -1 -1 -1 -1 -1 -1
0.45489171147346497 0.5304025411605835 0.9997615218162537 -1 -1 -1 -1 -1 -1 -1 -1 -1
0.4544330835342407 0.5296644568443298 0.9997425675392151 -1 -1 -1 -1 -1 -1 -1 -1 -1
0.45400258898735046 0.5288622975349426 0.9998451471328735 -1 -1 -1 -1 -1 -1 -1 -1 -1
0.4553496241569519 0.5304549932479858 0.9996887445449829 -1 -1 -1 -1 -1 -1 -1 -1 -1
0.45527058839797974 0.5298502445220947 0.9995940327644348 -1 -1 -1 -1 -1 -1 -1 -1 -1
0.4551757872104645 0.5292431116104126 0.999768078327179 -1 -1 -1 -1 -1 -1 -1 -1 -1
0.45283111929893494 0.521214485168457 0.9998995065689087 -1 -1 -1 -1 -1 -1 -1 -1 -1
0.4541013836860657 0.5214725732803345 0.9998013377189636 -1 -1 -1 -1 -1 -1 -1 -1 -1
0.4609229564666748 0.5247876644134521 0.9987817406654358 -1 -1 -1 -1 -1 -1 -1 -1 -1
0.4613477289676666 0.5248004198074341 0.9987242817878723 -1 -1 -1 -1 -1 -1 -1 -1 -1
0.45995381474494934 0.5067488551139832 0.9999463558197021 -1 -1 -1 -1 -1 -1 -1 -1 -1
0.4630472660064697 0.4997527301311493 0.998816967010498 -1 -1 -1 -1 -1 -1 -1 -1 -1
0.4494464099407196 0.5636953115463257 0.9814685583114624 -1 -1 -1 -1 -1 -1 -1 -1 -1
0.4548265039920807 0.5445166230201721 0.22359909117221832 -1 -1 -1 -1 -1 -1 -1 -1 -1
0.43506819009780884 0.6093596816062927 0.9292261004447937 -1 -1 -1 -1 -1 -1 -1 -1 -1
0.44107988476753235 0.603029727935791 0.6820266246795654 -1 -1 -1 -1 -1 -1 -1 -1 -1
0.431203156709671 0.619422972202301 0.9034739136695862 -1 -1 -1 -1 -1 -1 -1 -1 -1
0.4384334981441498 0.6125245690345764 0.7397769689559937 -1 -1 -1 -1 -1 -1 -1 -1 -1
0.4309617877006531 0.6177207827568054 0.8707864284515381 -1 -1 -1 -1 -1 -1 -1 -1 -1
0.4342682361602783 0.6171875 0.7073498964309692 -1 -1 -1 -1 -1 -1 -1 -1 -1
0.43266499042510986 0.6132156848907471 0.8266420364379883 -1 -1 -1 -1 -1 -1 -1 -1 -1
0.4348010718822479 0.6155277490615845 0.6876558065414429 -1 -1 -1 -1 -1 -1 -1 -1 -1
0.5117783546447754 0.4282268285751343 0.9999775886535645 -1 -1 -1 -1 -1 -1 -1 -1 -1
0.5127609372138977 0.4183241128921509 0.9998866319656372 -1 -1 -1 -1 -1 -1 -1 -1 -1
0.5671426057815552 0.38775771856307983 0.9552432298660278 -1 -1 -1 -1 -1 -1 -1 -1 -1
0.5667018890380859 0.38458919525146484 0.6344059705734253 -1 -1 -1 -1 -1 -1 -1 -1 -1
0.6226940751075745 0.3369874656200409 0.9318602681159973 -1 -1 -1 -1 -1 -1 -1 -1 -1
0.6120925545692444 0.3335977792739868 0.3287546634674072 -1 -1 -1 -1 -1 -1 -1 -1 -1
0.6310765147209167 0.3218905031681061 0.8992224335670471 -1 -1 -1 -1 -1 -1 -1 -1 -1
0.6190598607063293 0.3201488256454468 0.5080503225326538 -1 -1 -1 -1 -1 -1 -1 -1 -1
0.6352601051330566 0.3551062345504761 0.9375850558280945 -1 -1 -1 -1 -1 -1 -1 -1 -1
0.6250593662261963 0.3461524248123169 0.5026490688323975 -1 -1 -1 -1 -1 -1 -1 -1 -1
1 
33 
-1 -1 -1 -1 -1 -1 -1 -1 -1 -1
0.37671712040901184 0.5273599624633789 0.9975046515464783 -1 -1 -1 -1 -1 -1 -1 -1 -1
0.37399721145629883 0.5283260345458984 0.99698406457901 -1 -1 -1 -1 -1 -1 -1 -1 -1
0.3739272952079773 0.5279930830001831 0.9966469407081604 -1 -1 -1 -1 -1 -1 -1 -1 -1
0.37398406863212585 0.5276457071304321 0.9968197345733643 -1 -1 -1 -1 -1 -1 -1 -1 -1
0.3740934133529663 0.530501127243042 0.9975307583808899 -1 -1 -1 -1 -1 -1 -1 -1 -1
0.374087929725647 0.5314986109733582 0.997198224067688 -1 -1 -1 -1 -1 -1 -1 -1 -1
0.3742120563983917 0.5323270559310913 0.9974603652954102 -1 -1 -1 -1 -1 -1 -1 -1 -1
0.3832543194293976 0.5135363340377808 0.9971321821212769 -1 -1 -1 -1 -1 -1 -1 -1 -1
0.3829154670238495 0.5183108448982239 0.99854576587677 -1 -1 -1 -1 -1 -1 -1 -1 -1
0.3809005916118622 0.5265964865684509 0.9946286082267761 -1 -1 -1 -1 -1 -1 -1 -1 -1
0.38737404346466064 0.5147387385368347 0.9948528409004211 -1 -1 -1 -1 -1 -1 -1 -1 -1
0.40128129720687866 0.47631967067718506 0.9961231350898743 -1 -1 -1 -1 -1 -1 -1 -1 -1
0.40587496757507324 0.5245121121406555 0.9984652996063232 -1 -1 -1 -1 -1 -1 -1 -1 -1
0.40709254145622253 0.42465946078300476 0.4619514048099518 -1 -1 -1 -1 -1 -1 -1 -1 -1
0.43330833315849304 0.5280141234397888 0.5215237140655518 -1 -1 -1 -1 -1 -1 -1 -1 -1
0.3796631991863251 0.3848302960395813 0.28867965936660767 -1 -1 -1 -1 -1 -1 -1 -1 -1
0.45044875144958496 0.5286895036697388 0.3979794681072235 -1 -1 -1 -1 -1 -1 -1 -1 -1
0.37937355041503906 0.376372754573822 0.2173207551240921 -1 -1 -1 -1 -1 -1 -1 -1 -1
0.45616835355758667 0.5301210880279541 0.3543120324611664 -1 -1 -1 -1 -1 -1 -1 -1 -1
0.3788064420223236 0.3748248815536499 0.22453634440898895 -1 -1 -1 -1 -1 -1 -1 -1 -1
0.4544573724269867 0.5309358239173889 0.35649314522743225 -1 -1 -1 -1 -1 -1 -1 -1 -1
0.3852597177028656 0.3849242627620697 0.23808246850967407 -1 -1 -1 -1 -1 -1 -1 -1 -1
0.45265230536460876 0.5295232534408569 0.3491624593734741 -1 -1 -1 -1 -1 -1 -1 -1 -1
0.46651792526245117 0.46910664439201355 0.9969108700752258 -1 -1 -1 -1 -1 -1 -1 -1 -1
0.46888279914855957 0.4917789399623871 0.9980456829071045 -1 -1 -1 -1 -1 -1 -1 -1 -1
0.5071398615837097 0.42990073561668396 0.4590259790420532 -1 -1 -1 -1 -1 -1 -1 -1 -1
0.5038609504699707 0.4527456760406494 0.664160966873169 -1 -1 -1 -1 -1 -1 -1 -1 -1
0.56125807762146 0.3763539791107178 0.5574250221252441 -1 -1 -1 -1 -1 -1 -1 -1 -1
0.5594141483306885 0.40584796667099 0.76726895570755 -1 -1 -1 -1 -1 -1 -1 -1 -1
0.5701514482498169 0.3721747100353241 0.7300678491592407 -1 -1 -1 -1 -1 -1 -1 -1 -1
0.5684463381767273 0.3978787660598755 0.7762874960899353 -1 -1 -1 -1 -1 -1 -1 -1 -1
0.5736019015312195 0.3487955927848816 0.5910727381706238 -1 -1 -1 -1 -1 -1 -1 -1 -1
0.5726022124290466 0.40556591749191284 0.7212072610855103 -1 -1 -1 -1 -1 -1 -1 -1 -1
1 
33 
-1 -1 -1 -1 -1 -1 -1 -1 -1 -1
0.40664786100387573 0.38048261404037476 0.7980427742004395 -1 -1 -1 -1 -1 -1 -1 -1 -1
0.4052594006061554 0.37433117628097534 0.7830984592437744 -1 -1 -1 -1 -1 -1 -1 -1 -1
0.4057489335536957 0.3725041151046753 0.7672154307365417 -1 -1 -1 -1 -1 -1 -1 -1 -1
0.40628525614738464 0.3707503080368042 0.7767472267150879 -1 -1 -1 -1 -1 -1 -1 -1 -1
0.4038918614387512 0.37921756505966187 0.8139468431472778 -1 -1 -1 -1 -1 -1 -1 -1 -1
0.40334969758987427 0.3808630406856537 0.7857134938240051 -1 -1 -1 -1 -1 -1 -1 -1 -1
0.4027976095676422 0.38249075412750244 0.8246303796768188 -1 -1 -1 -1 -1 -1 -1 -1 -1
0.40713736414909363 0.3671976923942566 0.7312126159667969 -1 -1 -1 -1 -1 -1 -1 -1 -1
0.4007577896118164 0.38460394740104675 0.8274763226509094 -1 -1 -1 -1 -1 -1 -1 -1 -1
0.40869417786598206 0.3818659484386444 0.7238346338272095 -1 -1 -1 -1 -1 -1 -1 -1 -1
0.4076254665851593 0.38652464747428894 0.8246301412582397 -1 -1 -1 -1 -1 -1 -1 -1 -1
0.4278179407119751 0.36618608236312866 0.951368510723114 -1 -1 -1 -1 -1 -1 -1 -1 -1
0.3915700316429138 0.422344833612442 0.99050372838974 -1 -1 -1 -1 -1 -1 -1 -1 -1
0.4537866413593292 0.4022444784641266 0.09657349437475204 -1 -1 -1 -1 -1 -1 -1 -1 -1
0.39594346284866333 0.48527032136917114 0.46748974919319153 -1 -1 -1 -1 -1 -1 -1 -1 -1
0.46542930603027344 0.4208936095237732 0.0816269963979721 -1 -1 -1 -1 -1 -1 -1 -1 -1
0.41660499572753906 0.48598331212997437 0.5471029281616211 -1 -1 -1 -1 -1 -1 -1 -1 -1
0.4707169830799103 0.42687249183654785 0.10546043515205383 -1 -1 -1 -1 -1 -1 -1 -1 -1
0.4222453236579895 0.4937171936035156 0.5321659445762634 -1 -1 -1 -1 -1 -1 -1 -1 -1
0.4694570302963257 0.42379987239837646 0.10532083362340927 -1 -1 -1 -1 -1 -1 -1 -1 -1
0.4226987957954407 0.4826323390007019 0.5192522406578064 -1 -1 -1 -1 -1 -1 -1 -1 -1
0.46646982431411743 0.4225859045982361 0.1083928644657135 -1 -1 -1 -1 -1 -1 -1 -1 -1
0.4209502637386322 0.4782198369503021 0.5173168182373047 -1 -1 -1 -1 -1 -1 -1 -1 -1
0.44741159677505493 0.46148815751075745 0.9973098039627075 -1 -1 -1 -1 -1 -1 -1 -1 -1
0.43405023217201233 0.4949655830860138 0.9980632662773132 -1 -1 -1 -1 -1 -1 -1 -1 -1
0.4902409613132477 0.4480554461479187 0.7038578391075134 -1 -1 -1 -1 -1 -1 -1 -1 -1
0.47727131843566895 0.4854075014591217 0.435193806886673 -1 -1 -1 -1 -1 -1 -1 -1 -1
0.5299301743507385 0.42079728841781616 0.616405189037323 -1 -1 -1 -1 -1 -1 -1 -1 -1
0.5166641473770142 0.4486663341522217 0.12873350083827972 -1 -1 -1 -1 -1 -1 -1 -1 -1
0.534882664680481 0.4192590117454529 0.6283674240112305 -1 -1 -1 -1 -1 -1 -1 -1 -1
0.5225200653076172 0.4435349702835083 0.25250735878944397 -1 -1 -1 -1 -1 -1 -1 -1 -1
0.5470133423805237 0.40768495202064514 0.47921133041381836 -1 -1 -1 -1 -1 -1 -1 -1 -1
0.5214646458625793 0.4492117464542389 0.10502532869577408 -1 -1 -1 -1 -1 -1 -1 -1 -1
1 
33 
-1 -1 -1 -1 -1 -1 -1 -1 -1 -1
0.3936172127723694 0.28628236055374146 0.8383243680000305 -1 -1 -1 -1 -1 -1 -1 -1 -1
0.3935866951942444 0.2772175669670105 0.9033806324005127 -1 -1 -1 -1 -1 -1 -1 -1 -1
0.3941510021686554 0.2765768766403198 0.9208902716636658 -1 -1 -1 -1 -1 -1 -1 -1 -1
0.3947441279888153 0.275962233543396 0.9055665731430054 -1 -1 -1 -1 -1 -1 -1 -1 -1
0.39376652240753174 0.2775048613548279 0.8192391395568848 -1 -1 -1 -1 -1 -1 -1 -1 -1
0.39412927627563477 0.277524471282959 0.8196839690208435 -1 -1 -1 -1 -1 -1 -1 -1 -1
0.39448875188827515 0.2775779962539673 0.8173578977584839 -1 -1 -1 -1 -1 -1 -1 -1 -1
0.4006733298301697 0.2748817801475525 0.9441094398498535 -1 -1 -1 -1 -1 -1 -1 -1 -1
0.4001205563545227 0.27686139941215515 0.9097537994384766 -1 -1 -1 -1 -1 -1 -1 -1 -1
0.3972700834274292 0.29151105880737305 0.9093340039253235 -1 -1 -1 -1 -1 -1 -1 -1 -1
0.3971099257469177 0.2926637530326843 0.9030169248580933 -1 -1 -1 -1 -1 -1 -1 -1 -1
0.420615553855896 0.2870689928531647 0.9972941279411316 -1 -1 -1 -1 -1 -1 -1 -1 -1
0.4101496636867523 0.30938056111335754 0.9875534772872925 -1 -1 -1 -1 -1 -1 -1 -1 -1
0.42667916417121887 0.25779446959495544 0.3964785635471344 -1 -1 -1 -1 -1 -1 -1 -1 -1
0.40537676215171814 0.30577242374420166 0.031122786924242973 -1 -1 -1 -1 -1 -1 -1 -1 -1
0.42847272753715515 0.22876925766468048 0.24761590361595154 -1 -1 -1 -1 -1 -1 -1 -1 -1
0.3971118927001953 0.29765719175338745 0.06562667340040207 -1 -1 -1 -1 -1 -1 -1 -1 -1
0.43079283833503723 0.21897223591804504 0.2817404270172119 -1 -1 -1 -1 -1 -1 -1 -1 -1
0.39748281240463257 0.2963370084762573 0.09962524473667145 -1 -1 -1 -1 -1 -1 -1 -1 -1
0.42947685718536377 0.21783502399921417 0.2688433825969696 -1 -1 -1 -1 -1 -1 -1 -1 -1
0.3954179286956787 0.295029878616333 0.10815420746803284 -1 -1 -1 -1 -1 -1 -1 -1 -1
0.4284347891807556 0.22297218441963196 0.22447460889816284 -1 -1 -1 -1 -1 -1 -1 -1 -1
0.39528167247772217 0.2974250316619873 0.12258804589509964 -1 -1 -1 -1 -1 -1 -1 -1 -1
0.4962652325630188 0.39728260040283203 0.9998067021369934 -1 -1 -1 -1 -1 -1 -1 -1 -1
0.4884513020515442 0.4081767499446869 0.9997158646583557 -1 -1 -1 -1 -1 -1 -1 -1 -1
0.5668012499809265 0.4083051383495331 0.9519833922386169 -1 -1 -1 -1 -1 -1 -1 -1 -1
0.5525186061859131 0.41390934586524963 0.43248090147972107 -1 -1 -1 -1 -1 -1 -1 -1 -1
0.5744833946228027 0.35261622071266174 0.5130617022514343 -1 -1 -1 -1 -1 -1 -1 -1 -1
0.5771135091781616 0.3666510283946991 0.2214069962501526 -1 -1 -1 -1 -1 -1 -1 -1 -1
0.5676004886627197 0.3429472744464874 0.7716964483261108 -1 -1 -1 -1 -1 -1 -1 -1 -1
0.5757212042808533 0.3584824204444885 0.40384939312934875 -1 -1 -1 -1 -1 -1 -1 -1 -1
0.5983721017837524 0.34003719687461853 0.29014503955841064 -1 -1 -1 -1 -1 -1 -1 -1 -1
0.5984761118888855 0.36335140466690063 0.12794096767902374 -1 -1 -1 -1 -1 -1 -1 -1 -1
1 
33 
-1 -1 -1 -1 -1 -1 -1 -1 -1 -1
0.43673866987228394 0.1663840264081955 0.9629089832305908 -1 -1 -1 -1 -1 -1 -1 -1 -1
0.43925851583480835 0.16049623489379883 0.7823741436004639 -1 -1 -1 -1 -1 -1 -1 -1 -1
0.4409874975681305 0.1606803685426712 0.803855836391449 -1 -1 -1 -1 -1 -1 -1 -1 -1
0.44271305203437805 0.1608860194683075 0.7715787887573242 -1 -1 -1 -1 -1 -1 -1 -1 -1
0.4352266490459442 0.1609283834695816 0.8017376065254211 -1 -1 -1 -1 -1 -1 -1 -1 -1
0.43400678038597107 0.1612706035375595 0.7730879187583923 -1 -1 -1 -1 -1 -1 -1 -1 -1
0.432809054851532 0.16167637705802917 0.6911827921867371 -1 -1 -1 -1 -1 -1 -1 -1 -1
0.4493067264556885 0.1645674854516983 0.7842980623245239 -1 -1 -1 -1 -1 -1 -1 -1 -1
0.43468549847602844 0.16589123010635376 0.8340429663658142 -1 -1 -1 -1 -1 -1 -1 -1 -1
0.44263362884521484 0.17300119996070862 0.8913106918334961 -1 -1 -1 -1 -1 -1 -1 -1 -1
0.4375188946723938 0.17362689971923828 0.9516849517822266 -1 -1 -1 -1 -1 -1 -1 -1 -1
0.4716458022594452 0.18323679268360138 0.9237465262413025 -1 -1 -1 -1 -1 -1 -1 -1 -1
0.42965248227119446 0.19334125518798828 0.9903303384780884 -1 -1 -1 -1 -1 -1 -1 -1 -1
0.4940451681613922 0.1989613026380539 0.27306652069091797 -1 -1 -1 -1 -1 -1 -1 -1 -1
0.43297237157821655 0.2602858543395996 0.30318164825439453 -1 -1 -1 -1 -1 -1 -1 -1 -1
0.5031547546386719 0.18479925394058228 0.04232441633939743 -1 -1 -1 -1 -1 -1 -1 -1 -1
0.4559333920478821 0.31731119751930237 0.20665541291236877 -1 -1 -1 -1 -1 -1 -1 -1 -1
0.5071514248847961 0.17567399144172668 0.04378768801689148 -1 -1 -1 -1 -1 -1 -1 -1 -1
0.46082964539527893 0.3352351188659668 0.12007291615009308 -1 -1 -1 -1 -1 -1 -1 -1 -1
0.5075297355651855 0.17544975876808167 0.05134394019842148 -1 -1 -1 -1 -1 -1 -1 -1 -1
0.4645897150039673 0.3314829170703888 0.11859096586704254 -1 -1 -1 -1 -1 -1 -1 -1 -1
0.5039896368980408 0.18053722381591797 0.069678395986557 -1 -1 -1 -1 -1 -1 -1 -1 -1
0.4646218419075012 0.3245207667350769 0.1247684508562088 -1 -1 -1 -1 -1 -1 -1 -1 -1
0.4727659821510315 0.2537042796611786 0.7647802829742432 -1 -1 -1 -1 -1 -1 -1 -1 -1
0.45034974813461304 0.2661019265651703 0.6849148273468018 -1 -1 -1 -1 -1 -1 -1 -1 -1
0.5043452978134155 0.2985750138759613 0.3541578948497772 -1 -1 -1 -1 -1 -1 -1 -1 -1
0.47874048352241516 0.31441137194633484 0.4021637737751007 -1 -1 -1 -1 -1 -1 -1 -1 -1
0.5180168151855469 0.3723435699939728 0.05682674050331116 -1 -1 -1 -1 -1 -1 -1 -1 -1
0.4848206639289856 0.39916491508483887 0.14484168589115143 -1 -1 -1 -1 -1 -1 -1 -1 -1
0.5169011950492859 0.3870893716812134 0.03349761292338371 -1 -1 -1 -1 -1 -1 -1 -1 -1
0.48715466260910034 0.41740211844444275 0.04455960914492607 -1 -1 -1 -1 -1 -1 -1 -1 -1
0.5332723259925842 0.38966989517211914 0.01875896379351616 -1 -1 -1 -1 -1 -1 -1 -1 -1
0.48249274492263794 0.41915163397789 0.041385844349861145 -1 -1 -1 -1 -1 -1 -1 -1 -1
1 
