28
1 
33 
-1 -1 -1 -1 -1 -1 -1 -1 -1 -1
0.4924250543117523 0.4095534682273865 0.9996256828308105 -1 -1 -1 -1 -1 -1 -1 -1 -1
0.49194106459617615 0.4085550308227539 0.999683141708374 -1 -1 -1 -1 -1 -1 -1 -1 -1
0.4921250641345978 0.40863341093063354 0.9996191263198853 -1 -1 -1 -1 -1 -1 -1 -1 -1
0.49232593178749084 0.4087141454219818 0.9997616410255432 -1 -1 -1 -1 -1 -1 -1 -1 -1
0.4911365211009979 0.408523291349411 0.9998706579208374 -1 -1 -1 -1 -1 -1 -1 -1 -1
0.4907170534133911 0.40857994556427 0.9998446702957153 -1 -1 -1 -1 -1 -1 -1 -1 -1
0.49031850695610046 0.40862762928009033 0.9998642206192017 -1 -1 -1 -1 -1 -1 -1 -1 -1
0.4920159876346588 0.40864038467407227 0.9997754693031311 -1 -1 -1 -1 -1 -1 -1 -1 -1
0.4890398383140564 0.4093806743621826 0.9999312162399292 -1 -1 -1 -1 -1 -1 -1 -1 -1
0.4931960105895996 0.4112144708633423 0.9995694756507874 -1 -1 -1 -1 -1 -1 -1 -1 -1
0.4922555685043335 0.41083210706710815 0.9996293783187866 -1 -1 -1 -1 -1 -1 -1 -1 -1
0.4992055296897888 0.41363003849983215 0.9998362064361572 -1 -1 -1 -1 -1 -1 -1 -1 -1
0.48800501227378845 0.41584089398384094 0.9999810457229614 -1 -1 -1 -1 -1 -1 -1 -1 -1
0.512180507183075 0.41701382398605347 0.20324371755123138 -1 -1 -1 -1 -1 -1 -1 -1 -1
0.49083825945854187 0.43094173073768616 0.8113788962364197 -1 -1 -1 -1 -1 -1 -1 -1 -1
0.5055598020553589 0.4161452054977417 0.27186208963394165 -1 -1 -1 -1 -1 -1 -1 -1 -1
0.48903071880340576 0.4381473660469055 0.8536164164543152 -1 -1 -1 -1 -1 -1 -1 -1 -1
0.5033122301101685 0.4171379804611206 0.22801348567008972 -1 -1 -1 -1 -1 -1 -1 -1 -1
0.48868510127067566 0.4406193494796753 0.7989214658737183 -1 -1 -1 -1 -1 -1 -1 -1 -1
0.5025930404663086 0.4158326983451843 0.22802531719207764 -1 -1 -1 -1 -1 -1 -1 -1 -1
0.48990902304649353 0.4402949810028076 0.7830326557159424 -1 -1 -1 -1 -1 -1 -1 -1 -1
0.50276118516922 0.4163680970668793 0.237110897898674 -1 -1 -1 -1 -1 -1 -1 -1 -1
0.4901678264141083 0.4388503432273865 0.7660817503929138 -1 -1 -1 -1 -1 -1 -1 -1 -1
0.5241706967353821 0.439688503742218 0.9999774694442749 -1 -1 -1 -1 -1 -1 -1 -1 -1
0.5203990936279297 0.4369516670703888 0.9999805688858032 -1 -1 -1 -1 -1 -1 -1 -1 -1
0.5283570885658264 0.49471515417099 0.935774028301239 -1 -1 -1 -1 -1 -1 -1 -1 -1
0.5176177620887756 0.4714064300060272 0.8090837597846985 -1 -1 -1 -1 -1 -1 -1 -1 -1
0.5124132633209229 0.5481436848640442 0.9497409462928772 -1 -1 -1 -1 -1 -1 -1 -1 -1
0.5253768563270569 0.49975505471229553 0.5980018973350525 -1 -1 -1 -1 -1 -1 -1 -1 -1
0.5105988383293152 0.5553393363952637 0.9484285712242126 -1 -1 -1 -1 -1 -1 -1 -1 -1
0.5262160897254944 0.5003355145454407 0.8049619793891907 -1 -1 -1 -1 -1 -1 -1 -1 -1
0.505472719669342 0.5679958462715149 0.9356421232223511 -1 -1 -1 -1 -1 -1 -1 -1 -1
0.5285552144050598 0.5163299441337585 0.6638002395629883 -1 -1 -1 -1 -1 -1 -1 -1 -1
1 
33 
-1 -1 -1 -1 -1 -1 -1 -1 -1 -1
0.5235182046890259 0.28603583574295044 0.9995904564857483 -1 -1 -1 -1 -1 -1 -1 -1 -1
0.5254976153373718 0.27738097310066223 0.9992278814315796 -1 -1 -1 -1 -1 -1 -1 -1 -1
0.5264668464660645 0.276982843875885 0.9991853833198547 -1 -1 -1 -1 -1 -1 -1 -1 -1
0.5274478793144226 0.2766231894493103 0.9991612434387207 -1 -1 -1 -1 -1 -1 -1 -1 -1
0.5234731435775757 0.2781725525856018 0.9995852112770081 -1 -1 -1 -1 -1 -1 -1 -1 -1
0.5229076147079468 0.27844563126564026 0.9995811581611633 -1 -1 -1 -1 -1 -1 -1 -1 -1
0.5223515033721924 0.27873900532722473 0.9997089505195618 -1 -1 -1 -1 -1 -1 -1 -1 -1
0.5303924083709717 0.2791311740875244 0.9989497065544128 -1 -1 -1 -1 -1 -1 -1 -1 -1
0.5295504927635193 0.276265025138855 0.9997456669807434 -1 -1 -1 -1 -1 -1 -1 -1 -1
0.5256022810935974 0.2941909432411194 0.9983199238777161 -1 -1 -1 -1 -1 -1 -1 -1 -1
0.5230235457420349 0.2949216663837433 0.9990476965904236 -1 -1 -1 -1 -1 -1 -1 -1 -1
0.532873809337616 0.2970304787158966 0.9996090531349182 -1 -1 -1 -1 -1 -1 -1 -1 -1
0.5208722352981567 0.3405038118362427 0.9996767044067383 -1 -1 -1 -1 -1 -1 -1 -1 -1
0.5346413850784302 0.23006129264831543 0.9781477451324463 -1 -1 -1 -1 -1 -1 -1 -1 -1
0.5249125361442566 0.4244803786277771 0.5152512192726135 -1 -1 -1 -1 -1 -1 -1 -1 -1
0.5238204598426819 0.161909282207489 0.9292041659355164 -1 -1 -1 -1 -1 -1 -1 -1 -1
0.5141609907150269 0.4982096254825592 0.5191203355789185 -1 -1 -1 -1 -1 -1 -1 -1 -1
0.5189764499664307 0.15203967690467834 0.8441296219825745 -1 -1 -1 -1 -1 -1 -1 -1 -1
0.5114848613739014 0.5201935172080994 0.4573635756969452 -1 -1 -1 -1 -1 -1 -1 -1 -1
0.5191732048988342 0.15440359711647034 0.8286535143852234 -1 -1 -1 -1 -1 -1 -1 -1 -1
0.5095875263214111 0.518489420413971 0.46350929141044617 -1 -1 -1 -1 -1 -1 -1 -1 -1
0.5207456946372986 0.15669158101081848 0.81453937292099 -1 -1 -1 -1 -1 -1 -1 -1 -1
0.5123486518859863 0.5098703503608704 0.45468416810035706 -1 -1 -1 -1 -1 -1 -1 -1 -1
0.5467848181724548 0.443948894739151 0.9998555183410645 -1 -1 -1 -1 -1 -1 -1 -1 -1
0.5367364883422852 0.44745445251464844 0.99988853931427 -1 -1 -1 -1 -1 -1 -1 -1 -1
0.5163725018501282 0.4406396746635437 0.9278647303581238 -1 -1 -1 -1 -1 -1 -1 -1 -1
0.4893907904624939 0.4749400019645691 0.6926211714744568 -1 -1 -1 -1 -1 -1 -1 -1 -1
0.5229848623275757 0.5321169495582581 0.9221643209457397 -1 -1 -1 -1 -1 -1 -1 -1 -1
0.5211050510406494 0.5500585436820984 0.719825267791748 -1 -1 -1 -1 -1 -1 -1 -1 -1
0.5274157524108887 0.5420169830322266 0.924728274345398 -1 -1 -1 -1 -1 -1 -1 -1 -1
0.5293594598770142 0.5557202696800232 0.7284810543060303 -1 -1 -1 -1 -1 -1 -1 -1 -1
0.5164273977279663 0.5626399517059326 0.940712571144104 -1 -1 -1 -1 -1 -1 -1 -1 -1
0.5158978700637817 0.583940863609314 0.7858616709709167 -1 -1 -1 -1 -1 -1 -1 -1 -1
1 
33 
-1 -1 -1 -1 -1 -1 -1 -1 -1 -1
0.46369874477386475 0.43033891916275024 0.9979172348976135 -1 -1 -1 -1 -1 -1 -1 -1 -1
0.4642871916294098 0.43642935156822205 0.9984305500984192 -1 -1 -1 -1 -1 -1 -1 -1 -1
0.45863083004951477 0.4517328143119812 0.9983906745910645 -1 -1 -1 -1 -1 -1 -1 -1 -1
0.4588167369365692 0.4527830481529236 0.9984830021858215 -1 -1 -1 -1 -1 -1 -1 -1 -1
0.46592509746551514 0.4351138174533844 0.9991617202758789 -1 -1 -1 -1 -1 -1 -1 -1 -1
0.4669976532459259 0.4356729984283447 0.9992749094963074 -1 -1 -1 -1 -1 -1 -1 -1 -1
0.4680483341217041 0.43613505363464355 0.999396800994873 -1 -1 -1 -1 -1 -1 -1 -1 -1
0.4686979651451111 0.44645917415618896 0.9987832903862 -1 -1 -1 -1 -1 -1 -1 -1 -1
0.47458183765411377 0.44416844844818115 0.999514102935791 -1 -1 -1 -1 -1 -1 -1 -1 -1
0.4667007029056549 0.43162885308265686 0.9954360127449036 -1 -1 -1 -1 -1 -1 -1 -1 -1
0.4684997797012329 0.4307241439819336 0.9976587295532227 -1 -1 -1 -1 -1 -1 -1 -1 -1
0.47925418615341187 0.46903085708618164 0.9996827840805054 -1 -1 -1 -1 -1 -1 -1 -1 -1
0.4878346621990204 0.4273311197757721 0.9999682903289795 -1 -1 -1 -1 -1 -1 -1 -1 -1
0.4890395402908325 0.5011104941368103 0.35231611132621765 -1 -1 -1 -1 -1 -1 -1 -1 -1
0.5056478381156921 0.36583614349365234 0.9940142035484314 -1 -1 -1 -1 -1 -1 -1 -1 -1
0.4875863790512085 0.4887160658836365 0.4297942817211151 -1 -1 -1 -1 -1 -1 -1 -1 -1
0.520043134689331 0.2363891452550888 0.9749379754066467 -1 -1 -1 -1 -1 -1 -1 -1 -1
0.4863639771938324 0.49178266525268555 0.450581818819046 -1 -1 -1 -1 -1 -1 -1 -1 -1
0.5261024832725525 0.2032136470079422 0.9499668478965759 -1 -1 -1 -1 -1 -1 -1 -1 -1
0.48590248823165894 0.48958197236061096 0.4464443027973175 -1 -1 -1 -1 -1 -1 -1 -1 -1
0.5205381512641907 0.19615288078784943 0.9477576613426208 -1 -1 -1 -1 -1 -1 -1 -1 -1
0.4868330657482147 0.4859713315963745 0.4126127064228058 -1 -1 -1 -1 -1 -1 -1 -1 -1
0.5171151757240295 0.20756195485591888 0.9196633696556091 -1 -1 -1 -1 -1 -1 -1 -1 -1
0.5553408265113831 0.4361775517463684 0.9999879598617554 -1 -1 -1 -1 -1 -1 -1 -1 -1
0.5478036999702454 0.40136826038360596 0.9999779462814331 -1 -1 -1 -1 -1 -1 -1 -1 -1
0.6156096458435059 0.46550193428993225 0.9865776300430298 -1 -1 -1 -1 -1 -1 -1 -1 -1
0.5322260856628418 0.2924586832523346 0.9654633402824402 -1 -1 -1 -1 -1 -1 -1 -1 -1
0.6781600713729858 0.50356125831604 0.9608027338981628 -1 -1 -1 -1 -1 -1 -1 -1 -1
0.537180483341217 0.21373902261257172 0.9615365266799927 -1 -1 -1 -1 -1 -1 -1 -1 -1
0.6879928708076477 0.5098404288291931 0.9829913973808289 -1 -1 -1 -1 -1 -1 -1 -1 -1
0.5450111627578735 0.20963676273822784 0.9623783230781555 -1 -1 -1 -1 -1 -1 -1 -1 -1
0.6948317289352417 0.51105135679245 0.8465027809143066 -1 -1 -1 -1 -1 -1 -1 -1 -1
0.5210833549499512 0.16978639364242554 0.8591047525405884 -1 -1 -1 -1 -1 -1 -1 -1 -1
1 
33 
-1 -1 -1 -1 -1 -1 -1 -1 -1 -1
0.4919970631599426 0.40533772110939026 0.9949169158935547 -1 -1 -1 -1 -1 -1 -1 -1 -1
0.49297383427619934 0.4117143452167511 0.9969359636306763 -1 -1 -1 -1 -1 -1 -1 -1 -1
0.49335557222366333 0.41210874915122986 0.9969968795776367 -1 -1 -1 -1 -1 -1 -1 -1 -1
0.4936527609825134 0.4178800582885742 0.9967875480651855 -1 -1 -1 -1 -1 -1 -1 -1 -1
0.49284693598747253 0.4063647389411926 0.9980564713478088 -1 -1 -1 -1 -1 -1 -1 -1 -1
0.4950762689113617 0.4040650427341461 0.9983986020088196 -1 -1 -1 -1 -1 -1 -1 -1 -1
0.49530526995658875 0.40328365564346313 0.9983521699905396 -1 -1 -1 -1 -1 -1 -1 -1 -1
0.4969728887081146 0.42642879486083984 0.997191846370697 -1 -1 -1 -1 -1 -1 -1 -1 -1
0.4998689293861389 0.4072580635547638 0.9992061257362366 -1 -1 -1 -1 -1 -1 -1 -1 -1
0.49151551723480225 0.41199690103530884 0.992953360080719 -1 -1 -1 -1 -1 -1 -1 -1 -1
0.4944877624511719 0.4051471948623657 0.9955258965492249 -1 -1 -1 -1 -1 -1 -1 -1 -1
0.4982570707798004 0.4710356891155243 0.9995445609092712 -1 -1 -1 -1 -1 -1 -1 -1 -1
0.509892463684082 0.388916939496994 0.9999022483825684 -1 -1 -1 -1 -1 -1 -1 -1 -1
0.495646595954895 0.5148918032646179 0.8968117237091064 -1 -1 -1 -1 -1 -1 -1 -1 -1
0.5126262307167053 0.31499743461608887 0.9949086308479309 -1 -1 -1 -1 -1 -1 -1 -1 -1
0.4905017614364624 0.5222840905189514 0.9431316256523132 -1 -1 -1 -1 -1 -1 -1 -1 -1
0.5270764827728271 0.1791723072528839 0.9860922694206238 -1 -1 -1 -1 -1 -1 -1 -1 -1
0.48676788806915283 0.5303412079811096 0.9412556886672974 -1 -1 -1 -1 -1 -1 -1 -1 -1
0.5313595533370972 0.1695864498615265 0.9715020060539246 -1 -1 -1 -1 -1 -1 -1 -1 -1
0.48771077394485474 0.5270967483520508 0.9382699131965637 -1 -1 -1 -1 -1 -1 -1 -1 -1
0.5176568627357483 0.1552516520023346 0.96923828125 -1 -1 -1 -1 -1 -1 -1 -1 -1
0.4893583059310913 0.5231254696846008 0.8986095190048218 -1 -1 -1 -1 -1 -1 -1 -1 -1
0.5242498517036438 0.17689892649650574 0.9607880711555481 -1 -1 -1 -1 -1 -1 -1 -1 -1
0.5673539042472839 0.4407225549221039 0.9999942779541016 -1 -1 -1 -1 -1 -1 -1 -1 -1
0.5574569702148438 0.38742634654045105 0.9999808073043823 -1 -1 -1 -1 -1 -1 -1 -1 -1
0.6370086073875427 0.47703105211257935 0.9933207035064697 -1 -1 -1 -1 -1 -1 -1 -1 -1
0.5497162938117981 0.30333593487739563 0.9442855715751648 -1 -1 -1 -1 -1 -1 -1 -1 -1
0.6999327540397644 0.4990040063858032 0.9685436487197876 -1 -1 -1 -1 -1 -1 -1 -1 -1
0.5534957647323608 0.22348803281784058 0.8872631192207336 -1 -1 -1 -1 -1 -1 -1 -1 -1
0.7094070315361023 0.5041281580924988 0.9873837828636169 -1 -1 -1 -1 -1 -1 -1 -1 -1
0.5600876808166504 0.21894364058971405 0.9091017246246338 -1 -1 -1 -1 -1 -1 -1 -1 -1
0.7171066403388977 0.5046115517616272 0.6728060245513916 -1 -1 -1 -1 -1 -1 -1 -1 -1
0.5372654795646667 0.18310123682022095 0.3969572186470032 -1 -1 -1 -1 -1 -1 -1 -1 -1
1 
33 
-1 -1 -1 -1 -1 -1 -1 -1 -1 -1
0.4640463888645172 0.47465771436691284 0.992308497428894 -1 -1 -1 -1 -1 -1 -1 -1 -1
0.46108564734458923 0.4750409722328186 0.9911742210388184 -1 -1 -1 -1 -1 -1 -1 -1 -1
0.46126580238342285 0.47523003816604614 0.9898367524147034 -1 -1 -1 -1 -1 -1 -1 -1 -1
0.4614579379558563 0.47536569833755493 0.9924575090408325 -1 -1 -1 -1 -1 -1 -1 -1 -1
0.4601510167121887 0.47484084963798523 0.9938161373138428 -1 -1 -1 -1 -1 -1 -1 -1 -1
0.45969158411026 0.4753730595111847 0.9927186965942383 -1 -1 -1 -1 -1 -1 -1 -1 -1
0.4592689573764801 0.47590357065200806 0.9945871829986572 -1 -1 -1 -1 -1 -1 -1 -1 -1
0.462057501077652 0.47744113206863403 0.9907195568084717 -1 -1 -1 -1 -1 -1 -1 -1 -1
0.45946821570396423 0.4803679883480072 0.9933087825775146 -1 -1 -1 -1 -1 -1 -1 -1 -1
0.46788230538368225 0.47545188665390015 0.983741044998169 -1 -1 -1 -1 -1 -1 -1 -1 -1
0.46665698289871216 0.4754037857055664 0.9873149394989014 -1 -1 -1 -1 -1 -1 -1 -1 -1
0.4779353141784668 0.4587235152721405 0.9989153146743774 -1 -1 -1 -1 -1 -1 -1 -1 -1
0.47645094990730286 0.49545997381210327 0.9998302459716797 -1 -1 -1 -1 -1 -1 -1 -1 -1
0.4957704544067383 0.4034842848777771 0.12055709958076477 -1 -1 -1 -1 -1 -1 -1 -1 -1
0.5029404759407043 0.49972018599510193 0.33225953578948975 -1 -1 -1 -1 -1 -1 -1 -1 -1
0.49324142932891846 0.3395255208015442 0.10124755650758743 -1 -1 -1 -1 -1 -1 -1 -1 -1
0.49683552980422974 0.45610302686691284 0.2034396231174469 -1 -1 -1 -1 -1 -1 -1 -1 -1
0.491152286529541 0.32261568307876587 0.10901758074760437 -1 -1 -1 -1 -1 -1 -1 -1 -1
0.496056467294693 0.442423015832901 0.19504661858081818 -1 -1 -1 -1 -1 -1 -1 -1 -1
0.4895108938217163 0.31912052631378174 0.11326467990875244 -1 -1 -1 -1 -1 -1 -1 -1 -1
0.49140626192092896 0.4443037509918213 0.18862758576869965 -1 -1 -1 -1 -1 -1 -1 -1 -1
0.49057307839393616 0.32582929730415344 0.12470400333404541 -1 -1 -1 -1 -1 -1 -1 -1 -1
0.4914124608039856 0.4494132995605469 0.1851785033941269 -1 -1 -1 -1 -1 -1 -1 -1 -1
0.547807514667511 0.43349921703338623 0.9999507665634155 -1 -1 -1 -1 -1 -1 -1 -1 -1
0.5373532176017761 0.42868056893348694 0.9999721050262451 -1 -1 -1 -1 -1 -1 -1 -1 -1
0.6038733124732971 0.4395151436328888 0.8995217680931091 -1 -1 -1 -1 -1 -1 -1 -1 -1
0.5131645798683167 0.28670644760131836 0.9369992017745972 -1 -1 -1 -1 -1 -1 -1 -1 -1
0.6524348855018616 0.49452880024909973 0.8853554129600525 -1 -1 -1 -1 -1 -1 -1 -1 -1
0.5284223556518555 0.19016098976135254 0.9690470099449158 -1 -1 -1 -1 -1 -1 -1 -1 -1
0.6600820422172546 0.5052162408828735 0.9366282224655151 -1 -1 -1 -1 -1 -1 -1 -1 -1
0.5374888181686401 0.17853397130966187 0.9288597702980042 -1 -1 -1 -1 -1 -1 -1 -1 -1
0.6653988361358643 0.5172003507614136 0.5785906314849854 -1 -1 -1 -1 -1 -1 -1 -1 -1
0.5136903524398804 0.1382346749305725 0.8366952538490295 -1 -1 -1 -1 -1 -1 -1 -1 -1
1 
33 
-1 -1 -1 -1 -1 -1 -1 -1 -1 -1
0.4976913630962372 0.4432808756828308 0.9990682005882263 -1 -1 -1 -1 -1 -1 -1 -1 -1
0.49623826146125793 0.4477255344390869 0.9996379613876343 -1 -1 -1 -1 -1 -1 -1 -1 -1
0.49590983986854553 0.44762176275253296 0.9992262125015259 -1 -1 -1 -1 -1 -1 -1 -1 -1
0.4956061840057373 0.4474688768386841 0.9994749426841736 -1 -1 -1 -1 -1 -1 -1 -1 -1
0.49733972549438477 0.44838300347328186 0.9996370077133179 -1 -1 -1 -1 -1 -1 -1 -1 -1
0.4977283477783203 0.4487159550189972 0.9994872808456421 -1 -1 -1 -1 -1 -1 -1 -1 -1
0.4981074333190918 0.44903475046157837 0.9997522234916687 -1 -1 -1 -1 -1 -1 -1 -1 -1
0.4955798089504242 0.44564151763916016 0.9991944432258606 -1 -1 -1 -1 -1 -1 -1 -1 -1
0.499517023563385 0.4487498998641968 0.999671220779419 -1 -1 -1 -1 -1 -1 -1 -1 -1
0.49861472845077515 0.4388807415962219 0.9986555576324463 -1 -1 -1 -1 -1 -1 -1 -1 -1
0.504668116569519 0.4428347647190094 0.999229907989502 -1 -1 -1 -1 -1 -1 -1 -1 -1
0.49542370438575745 0.41724443435668945 0.9995394945144653 -1 -1 -1 -1 -1 -1 -1 -1 -1
0.5072336196899414 0.438617467880249 0.9999256134033203 -1 -1 -1 -1 -1 -1 -1 -1 -1
0.5037878751754761 0.4377577602863312 0.3362051248550415 -1 -1 -1 -1 -1 -1 -1 -1 -1
0.5187370777130127 0.47257694602012634 0.5622034072875977 -1 -1 -1 -1 -1 -1 -1 -1 -1
0.5128486752510071 0.49225783348083496 0.23957625031471252 -1 -1 -1 -1 -1 -1 -1 -1 -1
0.5183513164520264 0.5191599130630493 0.6204186677932739 -1 -1 -1 -1 -1 -1 -1 -1 -1
0.5179352164268494 0.5059409737586975 0.20216518640518188 -1 -1 -1 -1 -1 -1 -1 -1 -1
0.5190664529800415 0.5320773124694824 0.5917662978172302 -1 -1 -1 -1 -1 -1 -1 -1 -1
0.5158027410507202 0.5077094435691833 0.18120627105236053 -1 -1 -1 -1 -1 -1 -1 -1 -1
0.5193886756896973 0.5336170792579651 0.5828816890716553 -1 -1 -1 -1 -1 -1 -1 -1 -1
0.5136799216270447 0.5025284886360168 0.1637590378522873 -1 -1 -1 -1 -1 -1 -1 -1 -1
0.5190401077270508 0.5292813777923584 0.5525070428848267 -1 -1 -1 -1 -1 -1 -1 -1 -1
0.5380175709724426 0.3415357172489166 0.9999769926071167 -1 -1 -1 -1 -1 -1 -1 -1 -1
0.5400204658508301 0.36689507961273193 0.999972939491272 -1 -1 -1 -1 -1 -1 -1 -1 -1
0.5347659587860107 0.26359307765960693 0.8487402200698853 -1 -1 -1 -1 -1 -1 -1 -1 -1
0.5378390550613403 0.39851000905036926 0.8870857954025269 -1 -1 -1 -1 -1 -1 -1 -1 -1
0.5190747976303101 0.23126941919326782 0.7866519093513489 -1 -1 -1 -1 -1 -1 -1 -1 -1
0.5305160880088806 0.4544312357902527 0.9195784330368042 -1 -1 -1 -1 -1 -1 -1 -1 -1
0.5197224617004395 0.2294136881828308 0.8057310581207275 -1 -1 -1 -1 -1 -1 -1 -1 -1
0.5332059860229492 0.4614989757537842 0.9402897357940674 -1 -1 -1 -1 -1 -1 -1 -1 -1
0.5095103979110718 0.22550149261951447 0.8607286214828491 -1 -1 -1 -1 -1 -1 -1 -1 -1
0.518153965473175 0.47802799940109253 0.9572122693061829 -1 -1 -1 -1 -1 -1 -1 -1 -1
1 
33 
-1 -1 -1 -1 -1 -1 -1 -1 -1 -1
0.5147829651832581 0.41796618700027466 0.9965709447860718 -1 -1 -1 -1 -1 -1 -1 -1 -1
0.5129252672195435 0.41727346181869507 0.9966683983802795 -1 -1 -1 -1 -1 -1 -1 -1 -1
0.5124560594558716 0.4162423610687256 0.997282862663269 -1 -1 -1 -1 -1 -1 -1 -1 -1
0.5119984149932861 0.41518187522888184 0.9976242184638977 -1 -1 -1 -1 -1 -1 -1 -1 -1
0.5140588879585266 0.4197988510131836 0.9974972605705261 -1 -1 -1 -1 -1 -1 -1 -1 -1
0.5143678188323975 0.42047354578971863 0.998114824295044 -1 -1 -1 -1 -1 -1 -1 -1 -1
0.5146634578704834 0.42110592126846313 0.9970840811729431 -1 -1 -1 -1 -1 -1 -1 -1 -1
0.5108842849731445 0.41138938069343567 0.9978415966033936 -1 -1 -1 -1 -1 -1 -1 -1 -1
0.5149182677268982 0.42015886306762695 0.9958480596542358 -1 -1 -1 -1 -1 -1 -1 -1 -1
0.5151704549789429 0.4147186875343323 0.9903212189674377 -1 -1 -1 -1 -1 -1 -1 -1 -1
0.5163782835006714 0.41742146015167236 0.9901070594787598 -1 -1 -1 -1 -1 -1 -1 -1 -1
0.5087300539016724 0.39984235167503357 0.9996656179428101 -1 -1 -1 -1 -1 -1 -1 -1 -1
0.5210520029067993 0.4192880094051361 0.9972443580627441 -1 -1 -1 -1 -1 -1 -1 -1 -1
0.5007429122924805 0.387375146150589 0.8257349729537964 -1 -1 -1 -1 -1 -1 -1 -1 -1
0.5192084312438965 0.4157907962799072 0.19701209664344788 -1 -1 -1 -1 -1 -1 -1 -1 -1
0.4926077425479889 0.3960620164871216 0.8428140878677368 -1 -1 -1 -1 -1 -1 -1 -1 -1
0.5046854615211487 0.4178665578365326 0.4919302463531494 -1 -1 -1 -1 -1 -1 -1 -1 -1
0.4905399680137634 0.3976062536239624 0.7595239877700806 -1 -1 -1 -1 -1 -1 -1 -1 -1
0.5020196437835693 0.4154815375804901 0.3375605344772339 -1 -1 -1 -1 -1 -1 -1 -1 -1
0.4905739724636078 0.4003334045410156 0.7278534173965454 -1 -1 -1 -1 -1 -1 -1 -1 -1
0.5006334781646729 0.41971907019615173 0.3177892863750458 -1 -1 -1 -1 -1 -1 -1 -1 -1
0.4916122257709503 0.4009769558906555 0.7121652960777283 -1 -1 -1 -1 -1 -1 -1 -1 -1
0.5014200210571289 0.4210447371006012 0.31321144104003906 -1 -1 -1 -1 -1 -1 -1 -1 -1
0.5343115925788879 0.3805241286754608 0.9999279975891113 -1 -1 -1 -1 -1 -1 -1 -1 -1
0.5379884839057922 0.3940582275390625 0.9999303817749023 -1 -1 -1 -1 -1 -1 -1 -1 -1
0.5254178047180176 0.42281147837638855 0.9546836018562317 -1 -1 -1 -1 -1 -1 -1 -1 -1
0.5244045257568359 0.44630834460258484 0.5110453367233276 -1 -1 -1 -1 -1 -1 -1 -1 -1
0.5301733016967773 0.48048165440559387 0.8505591154098511 -1 -1 -1 -1 -1 -1 -1 -1 -1
0.5309837460517883 0.5066959857940674 0.6209549307823181 -1 -1 -1 -1 -1 -1 -1 -1 -1
0.5328578352928162 0.48960503935813904 0.8739464282989502 -1 -1 -1 -1 -1 -1 -1 -1 -1
0.5362894535064697 0.5129405856132507 0.7407472729682922 -1 -1 -1 -1 -1 -1 -1 -1 -1
0.5257537961006165 0.4931458532810211 0.9322240948677063 -1 -1 -1 -1 -1 -1 -1 -1 -1
0.5234231948852539 0.5284755229949951 0.7860656380653381 -1 -1 -1 -1 -1 -1 -1 -1 -1
1 
33 
-1 -1 -1 -1 -1 -1 -1 -1 -1 -1
0.5110407471656799 0.4416600465774536 0.998216450214386 -1 -1 -1 -1 -1 -1 -1 -1 -1
0.5094823241233826 0.4437739849090576 0.999458372592926 -1 -1 -1 -1 -1 -1 -1 -1 -1
0.508448600769043 0.4430854618549347 0.9992066025733948 -1 -1 -1 -1 -1 -1 -1 -1 -1
0.5074540972709656 0.44236987829208374 0.9994533658027649 -1 -1 -1 -1 -1 -1 -1 -1 -1
0.5122348070144653 0.44546398520469666 0.998066246509552 -1 -1 -1 -1 -1 -1 -1 -1 -1
0.513190746307373 0.44584164023399353 0.9974195957183838 -1 -1 -1 -1 -1 -1 -1 -1 -1
0.5141187310218811 0.44620364904403687 0.9986191987991333 -1 -1 -1 -1 -1 -1 -1 -1 -1
0.5075889825820923 0.43798723816871643 0.9993751645088196 -1 -1 -1 -1 -1 -1 -1 -1 -1
0.5168421268463135 0.4427559971809387 0.9981305003166199 -1 -1 -1 -1 -1 -1 -1 -1 -1
0.5106590390205383 0.4364136755466461 0.9975304007530212 -1 -1 -1 -1 -1 -1 -1 -1 -1
0.5139675140380859 0.43812280893325806 0.9909199476242065 -1 -1 -1 -1 -1 -1 -1 -1 -1
0.5064071416854858 0.4196087121963501 0.9998654127120972 -1 -1 -1 -1 -1 -1 -1 -1 -1
0.5248473882675171 0.4303845763206482 0.9993553757667542 -1 -1 -1 -1 -1 -1 -1 -1 -1
0.4962957501411438 0.4195288419723511 0.24205031991004944 -1 -1 -1 -1 -1 -1 -1 -1 -1
0.5225560069084167 0.4550815224647522 0.6538918018341064 -1 -1 -1 -1 -1 -1 -1 -1 -1
0.49535682797431946 0.45128902792930603 0.3868613839149475 -1 -1 -1 -1 -1 -1 -1 -1 -1
0.5204710960388184 0.5041897892951965 0.8548267483711243 -1 -1 -1 -1 -1 -1 -1 -1 -1
0.49555504322052 0.45842447876930237 0.512787938117981 -1 -1 -1 -1 -1 -1 -1 -1 -1
0.5214495658874512 0.516051173210144 0.9118233323097229 -1 -1 -1 -1 -1 -1 -1 -1 -1
0.4965294599533081 0.46098920702934265 0.4548633396625519 -1 -1 -1 -1 -1 -1 -1 -1 -1
0.5219355225563049 0.5184347033500671 0.8794740438461304 -1 -1 -1 -1 -1 -1 -1 -1 -1
0.49723926186561584 0.45818936824798584 0.4449218809604645 -1 -1 -1 -1 -1 -1 -1 -1 -1
0.5211853981018066 0.5139948725700378 0.8505865335464478 -1 -1 -1 -1 -1 -1 -1 -1 -1
0.5255382061004639 0.3655390441417694 0.9999793767929077 -1 -1 -1 -1 -1 -1 -1 -1 -1
0.5331569314002991 0.37068724632263184 0.9998842477798462 -1 -1 -1 -1 -1 -1 -1 -1 -1
0.5379518866539001 0.34561046957969666 0.32208454608917236 -1 -1 -1 -1 -1 -1 -1 -1 -1
0.5428338646888733 0.36064401268959045 0.24262426793575287 -1 -1 -1 -1 -1 -1 -1 -1 -1
0.5398761034011841 0.34278956055641174 0.7628571391105652 -1 -1 -1 -1 -1 -1 -1 -1 -1
0.5218311548233032 0.39056748151779175 0.17446133494377136 -1 -1 -1 -1 -1 -1 -1 -1 -1
0.5417723059654236 0.3458050489425659 0.9655173420906067 -1 -1 -1 -1 -1 -1 -1 -1 -1
0.5207260847091675 0.3967832028865814 0.8518235087394714 -1 -1 -1 -1 -1 -1 -1 -1 -1
0.5334015488624573 0.33561670780181885 0.9422595500946045 -1 -1 -1 -1 -1 -1 -1 -1 -1
0.5136236548423767 0.3928631544113159 0.6282563209533691 -1 -1 -1 -1 -1 -1 -1 -1 -1
1 
33 
-1 -1 -1 -1 -1 -1 -1 -1 -1 -1
0.504662036895752 0.43611598014831543 0.9997631907463074 -1 -1 -1 -1 -1 -1 -1 -1 -1
0.5027729868888855 0.4408078193664551 0.9999064207077026 -1 -1 -1 -1 -1 -1 -1 -1 -1
0.5022279620170593 0.4408875107765198 0.9998601675033569 -1 -1 -1 -1 -1 -1 -1 -1 -1
0.5017111301422119 0.44092074036598206 0.9998682737350464 -1 -1 -1 -1 -1 -1 -1 -1 -1
0.5038963556289673 0.44082677364349365 0.9998366832733154 -1 -1 -1 -1 -1 -1 -1 -1 -1
0.5040927529335022 0.4407503306865692 0.999817430973053 -1 -1 -1 -1 -1 -1 -1 -1 -1
0.5042921900749207 0.44068050384521484 0.9998675584793091 -1 -1 -1 -1 -1 -1 -1 -1 -1
0.5001924633979797 0.4396805763244629 0.999941349029541 -1 -1 -1 -1 -1 -1 -1 -1 -1
0.5042821168899536 0.4400918781757355 0.9999063014984131 -1 -1 -1 -1 -1 -1 -1 -1 -1
0.5048398375511169 0.43265068531036377 0.9998345375061035 -1 -1 -1 -1 -1 -1 -1 -1 -1
0.5058510303497314 0.43184521794319153 0.9998701810836792 -1 -1 -1 -1 -1 -1 -1 -1 -1
0.49742549657821655 0.41707849502563477 0.9999510049819946 -1 -1 -1 -1 -1 -1 -1 -1 -1
0.5110547542572021 0.42788198590278625 0.9998389482498169 -1 -1 -1 -1 -1 -1 -1 -1 -1
0.4950113594532013 0.42566558718681335 0.710670530796051 -1 -1 -1 -1 -1 -1 -1 -1 -1
0.5137807726860046 0.4524877965450287 0.628351092338562 -1 -1 -1 -1 -1 -1 -1 -1 -1
0.4958265721797943 0.44872140884399414 0.29719066619873047 -1 -1 -1 -1 -1 -1 -1 -1 -1
0.5060509443283081 0.48246943950653076 0.5629637241363525 -1 -1 -1 -1 -1 -1 -1 -1 -1
0.4965663552284241 0.45170724391937256 0.23664230108261108 -1 -1 -1 -1 -1 -1 -1 -1 -1
0.505163311958313 0.48673269152641296 0.5605908632278442 -1 -1 -1 -1 -1 -1 -1 -1 -1
0.49703115224838257 0.4522148370742798 0.21948173642158508 -1 -1 -1 -1 -1 -1 -1 -1 -1
0.5042094588279724 0.48879486322402954 0.5642738342285156 -1 -1 -1 -1 -1 -1 -1 -1 -1
0.49685022234916687 0.4515729546546936 0.20462888479232788 -1 -1 -1 -1 -1 -1 -1 -1 -1
0.5046035051345825 0.4883652627468109 0.5506852865219116 -1 -1 -1 -1 -1 -1 -1 -1 -1
0.5333539843559265 0.34189626574516296 0.9999959468841553 -1 -1 -1 -1 -1 -1 -1 -1 -1
0.5351386666297913 0.3554345667362213 0.9999895095825195 -1 -1 -1 -1 -1 -1 -1 -1 -1
0.5351945757865906 0.2641522288322449 0.9973928928375244 -1 -1 -1 -1 -1 -1 -1 -1 -1
0.5348656177520752 0.37827494740486145 0.9057196378707886 -1 -1 -1 -1 -1 -1 -1 -1 -1
0.5208658576011658 0.24359384179115295 0.9978578686714172 -1 -1 -1 -1 -1 -1 -1 -1 -1
0.5240670442581177 0.4340095520019531 0.986589789390564 -1 -1 -1 -1 -1 -1 -1 -1 -1
0.5194575786590576 0.2501526474952698 0.993719220161438 -1 -1 -1 -1 -1 -1 -1 -1 -1
0.5253627300262451 0.442996084690094 0.9864168167114258 -1 -1 -1 -1 -1 -1 -1 -1 -1
0.5138247013092041 0.21884854137897491 0.9950801134109497 -1 -1 -1 -1 -1 -1 -1 -1 -1
0.5126240253448486 0.44735443592071533 0.980911135673523 -1 -1 -1 -1 -1 -1 -1 -1 -1
1 
33 
-1 -1 -1 -1 -1 -1 -1 -1 -1 -1
0.49347764253616333 0.42888516187667847 0.8720852136611938 -1 -1 -1 -1 -1 -1 -1 -1 -1
0.491657018661499 0.4311060309410095 0.810434103012085 -1 -1 -1 -1 -1 -1 -1 -1 -1
0.4913787245750427 0.43021368980407715 0.7951726913452148 -1 -1 -1 -1 -1 -1 -1 -1 -1
0.49110567569732666 0.4292755722999573 0.7228176593780518 -1 -1 -1 -1 -1 -1 -1 -1 -1
0.49274179339408875 0.43356412649154663 0.8801035284996033 -1 -1 -1 -1 -1 -1 -1 -1 -1
0.49324169754981995 0.43456336855888367 0.923857569694519 -1 -1 -1 -1 -1 -1 -1 -1 -1
0.49373769760131836 0.4355449974536896 0.9031244516372681 -1 -1 -1 -1 -1 -1 -1 -1 -1
0.49222561717033386 0.42693060636520386 0.8324335813522339 -1 -1 -1 -1 -1 -1 -1 -1 -1
0.49620339274406433 0.43602633476257324 0.932077169418335 -1 -1 -1 -1 -1 -1 -1 -1 -1
0.4952905476093292 0.42430806159973145 0.45393800735473633 -1 -1 -1 -1 -1 -1 -1 -1 -1
0.4965195059776306 0.42694291472435 0.5846952199935913 -1 -1 -1 -1 -1 -1 -1 -1 -1
0.49493408203125 0.39432862401008606 0.994866132736206 -1 -1 -1 -1 -1 -1 -1 -1 -1
0.5086439847946167 0.4383712708950043 0.9989884495735168 -1 -1 -1 -1 -1 -1 -1 -1 -1
0.5032922625541687 0.37105873227119446 0.07307617366313934 -1 -1 -1 -1 -1 -1 -1 -1 -1
0.5208369493484497 0.47404783964157104 0.855839192867279 -1 -1 -1 -1 -1 -1 -1 -1 -1
0.5135695934295654 0.36959850788116455 0.11468993127346039 -1 -1 -1 -1 -1 -1 -1 -1 -1
0.5178755521774292 0.5113619565963745 0.922856330871582 -1 -1 -1 -1 -1 -1 -1 -1 -1
0.5173288583755493 0.3678593039512634 0.1417260468006134 -1 -1 -1 -1 -1 -1 -1 -1 -1
0.5173296928405762 0.5212841629981995 0.8870238661766052 -1 -1 -1 -1 -1 -1 -1 -1 -1
0.5151471495628357 0.37109023332595825 0.13884086906909943 -1 -1 -1 -1 -1 -1 -1 -1 -1
0.5156719088554382 0.5233153104782104 0.8782113194465637 -1 -1 -1 -1 -1 -1 -1 -1 -1
0.5138434171676636 0.37204012274742126 0.14823994040489197 -1 -1 -1 -1 -1 -1 -1 -1 -1
0.5164945125579834 0.519749641418457 0.8626404404640198 -1 -1 -1 -1 -1 -1 -1 -1 -1
0.5283504128456116 0.35794976353645325 0.9999775886535645 -1 -1 -1 -1 -1 -1 -1 -1 -1
0.534008800983429 0.3945477306842804 0.9999343156814575 -1 -1 -1 -1 -1 -1 -1 -1 -1
0.5322625041007996 0.2770628035068512 0.9955421090126038 -1 -1 -1 -1 -1 -1 -1 -1 -1
0.525757908821106 0.4646211564540863 0.9249433279037476 -1 -1 -1 -1 -1 -1 -1 -1 -1
0.5254082083702087 0.19155669212341309 0.9946618676185608 -1 -1 -1 -1 -1 -1 -1 -1 -1
0.5289698243141174 0.5311526656150818 0.9727879166603088 -1 -1 -1 -1 -1 -1 -1 -1 -1
0.5284816026687622 0.181851327419281 0.9907434582710266 -1 -1 -1 -1 -1 -1 -1 -1 -1
0.5362496972084045 0.513748288154602 0.9821760058403015 -1 -1 -1 -1 -1 -1 -1 -1 -1
0.519010603427887 0.15794584155082703 0.9889049530029297 -1 -1 -1 -1 -1 -1 -1 -1 -1
0.525739312171936 0.5572688579559326 0.9718905687332153 -1 -1 -1 -1 -1 -1 -1 -1 -1
1 
33 
-1 -1 -1 -1 -1 -1 -1 -1 -1 -1
0.5104257464408875 0.42507097125053406 0.9830092787742615 -1 -1 -1 -1 -1 -1 -1 -1 -1
0.5031303763389587 0.42988067865371704 0.9849596619606018 -1 -1 -1 -1 -1 -1 -1 -1 -1
0.5031453967094421 0.4289974868297577 0.9792789220809937 -1 -1 -1 -1 -1 -1 -1 -1 -1
0.5032625794410706 0.4279831647872925 0.9781234860420227 -1 -1 -1 -1 -1 -1 -1 -1 -1
0.5057509541511536 0.43661579489707947 0.9736035466194153 -1 -1 -1 -1 -1 -1 -1 -1 -1
0.5087490677833557 0.4273585081100464 0.9617866277694702 -1 -1 -1 -1 -1 -1 -1 -1 -1
0.5089616775512695 0.42829132080078125 0.9693272113800049 -1 -1 -1 -1 -1 -1 -1 -1 -1
0.5048572421073914 0.4234160780906677 0.9610782265663147 -1 -1 -1 -1 -1 -1 -1 -1 -1
0.5093141198158264 0.42688703536987305 0.959426999092102 -1 -1 -1 -1 -1 -1 -1 -1 -1
0.5122096538543701 0.42123615741729736 0.9593101739883423 -1 -1 -1 -1 -1 -1 -1 -1 -1
0.5128963589668274 0.4245644807815552 0.9616749882698059 -1 -1 -1 -1 -1 -1 -1 -1 -1
0.5111663341522217 0.4030188024044037 0.9978845715522766 -1 -1 -1 -1 -1 -1 -1 -1 -1
0.5247086882591248 0.43263015151023865 0.9986996650695801 -1 -1 -1 -1 -1 -1 -1 -1 -1
0.5336187481880188 0.48189017176628113 0.9520315527915955 -1 -1 -1 -1 -1 -1 -1 -1 -1
0.5337170958518982 0.48681333661079407 0.5370143055915833 -1 -1 -1 -1 -1 -1 -1 -1 -1
0.5298080444335938 0.539136528968811 0.9320323467254639 -1 -1 -1 -1 -1 -1 -1 -1 -1
0.5316826701164246 0.5409328937530518 0.6717666387557983 -1 -1 -1 -1 -1 -1 -1 -1 -1
0.531557559967041 0.5541501641273499 0.9158387780189514 -1 -1 -1 -1 -1 -1 -1 -1 -1
0.5328040719032288 0.5529413819313049 0.6965796947479248 -1 -1 -1 -1 -1 -1 -1 -1 -1
0.5282921195030212 0.5570090413093567 0.9111122488975525 -1 -1 -1 -1 -1 -1 -1 -1 -1
0.5304380655288696 0.5553367733955383 0.6986610293388367 -1 -1 -1 -1 -1 -1 -1 -1 -1
0.5278143286705017 0.551609992980957 0.8493380546569824 -1 -1 -1 -1 -1 -1 -1 -1 -1
0.5302649736404419 0.5519458055496216 0.704826831817627 -1 -1 -1 -1 -1 -1 -1 -1 -1
0.5418949723243713 0.33667153120040894 0.9998729228973389 -1 -1 -1 -1 -1 -1 -1 -1 -1
0.5568281412124634 0.3700237572193146 0.9998928308486938 -1 -1 -1 -1 -1 -1 -1 -1 -1
0.5350030064582825 0.25611987709999084 0.9949848651885986 -1 -1 -1 -1 -1 -1 -1 -1 -1
0.6071404814720154 0.4295130670070648 0.9751011729240417 -1 -1 -1 -1 -1 -1 -1 -1 -1
0.5215358734130859 0.16610457003116608 0.9964810609817505 -1 -1 -1 -1 -1 -1 -1 -1 -1
0.6537190079689026 0.4834500551223755 0.970332145690918 -1 -1 -1 -1 -1 -1 -1 -1 -1
0.5180380940437317 0.15500986576080322 0.9751080870628357 -1 -1 -1 -1 -1 -1 -1 -1 -1
0.6584905385971069 0.4841078221797943 0.9395463466644287 -1 -1 -1 -1 -1 -1 -1 -1 -1
0.5112472772598267 0.12043642997741699 0.9863324761390686 -1 -1 -1 -1 -1 -1 -1 -1 -1
0.6577996015548706 0.5108936429023743 0.9443917870521545 -1 -1 -1 -1 -1 -1 -1 -1 -1
1 
33 
-1 -1 -1 -1 -1 -1 -1 -1 -1 -1
0.5145431160926819 0.270263135433197 0.9966458678245544 -1 -1 -1 -1 -1 -1 -1 -1 -1
0.5165160298347473 0.26268142461776733 0.9979788661003113 -1 -1 -1 -1 -1 -1 -1 -1 -1
0.5183297395706177 0.2646061182022095 0.9983921647071838 -1 -1 -1 -1 -1 -1 -1 -1 -1
0.5193459987640381 0.26390451192855835 0.998292863368988 -1 -1 -1 -1 -1 -1 -1 -1 -1
0.5161272883415222 0.26119357347488403 0.9968312382698059 -1 -1 -1 -1 -1 -1 -1 -1 -1
0.517259955406189 0.2615309953689575 0.9965724945068359 -1 -1 -1 -1 -1 -1 -1 -1 -1
0.5172476768493652 0.2611498534679413 0.9970360994338989 -1 -1 -1 -1 -1 -1 -1 -1 -1
0.5259081125259399 0.2607290744781494 0.9974525570869446 -1 -1 -1 -1 -1 -1 -1 -1 -1
0.5232935547828674 0.2621987462043762 0.9983880519866943 -1 -1 -1 -1 -1 -1 -1 -1 -1
0.518517255783081 0.2741992473602295 0.9915476441383362 -1 -1 -1 -1 -1 -1 -1 -1 -1
0.5170007348060608 0.2790863513946533 0.9881541728973389 -1 -1 -1 -1 -1 -1 -1 -1 -1
0.5395614504814148 0.2930682301521301 0.9989136457443237 -1 -1 -1 -1 -1 -1 -1 -1 -1
0.5263635516166687 0.29874950647354126 0.9823495745658875 -1 -1 -1 -1 -1 -1 -1 -1 -1
0.5396918058395386 0.2577047348022461 0.9899035692214966 -1 -1 -1 -1 -1 -1 -1 -1 -1
0.5213616490364075 0.3212945759296417 0.07718612998723984 -1 -1 -1 -1 -1 -1 -1 -1 -1
0.5277611017227173 0.20268043875694275 0.98128741979599 -1 -1 -1 -1 -1 -1 -1 -1 -1
0.5110311508178711 0.32057273387908936 0.2566714286804199 -1 -1 -1 -1 -1 -1 -1 -1 -1
0.5268333554267883 0.18645796179771423 0.9577096104621887 -1 -1 -1 -1 -1 -1 -1 -1 -1
0.5096135139465332 0.32179200649261475 0.2755467891693115 -1 -1 -1 -1 -1 -1 -1 -1 -1
0.5250810384750366 0.18852657079696655 0.9518570899963379 -1 -1 -1 -1 -1 -1 -1 -1 -1
0.5090250968933105 0.31948167085647583 0.28391048312187195 -1 -1 -1 -1 -1 -1 -1 -1 -1
0.5249781012535095 0.1962192952632904 0.9203595519065857 -1 -1 -1 -1 -1 -1 -1 -1 -1
0.5089069604873657 0.3199774920940399 0.30459266901016235 -1 -1 -1 -1 -1 -1 -1 -1 -1
0.5523659586906433 0.4111528694629669 0.9996622800827026 -1 -1 -1 -1 -1 -1 -1 -1 -1
0.5440406203269958 0.40873682498931885 0.9989774227142334 -1 -1 -1 -1 -1 -1 -1 -1 -1
0.5307198762893677 0.46860024333000183 0.938645601272583 -1 -1 -1 -1 -1 -1 -1 -1 -1
0.5208721160888672 0.4813080430030823 0.47643375396728516 -1 -1 -1 -1 -1 -1 -1 -1 -1
0.5322242975234985 0.5572193264961243 0.9287720918655396 -1 -1 -1 -1 -1 -1 -1 -1 -1
0.5313104391098022 0.5519200563430786 0.518481433391571 -1 -1 -1 -1 -1 -1 -1 -1 -1
0.5364913940429688 0.5702855587005615 0.9343670606613159 -1 -1 -1 -1 -1 -1 -1 -1 -1
0.5362880825996399 0.561302900314331 0.5761874914169312 -1 -1 -1 -1 -1 -1 -1 -1 -1
0.5175371766090393 0.5802826881408691 0.9181227087974548 -1 -1 -1 -1 -1 -1 -1 -1 -1
0.5197480916976929 0.5729861259460449 0.5998421907424927 -1 -1 -1 -1 -1 -1 -1 -1 -1
1 
33 
-1 -1 -1 -1 -1 -1 -1 -1 -1 -1
0.5162417888641357 0.28720831871032715 0.9993864297866821 -1 -1 -1 -1 -1 -1 -1 -1 -1
0.519243061542511 0.27786165475845337 0.9996267557144165 -1 -1 -1 -1 -1 -1 -1 -1 -1
0.5196375846862793 0.2778259515762329 0.9995939135551453 -1 -1 -1 -1 -1 -1 -1 -1 -1
0.5200108885765076 0.27795305848121643 0.9996665716171265 -1 -1 -1 -1 -1 -1 -1 -1 -1
0.5195456147193909 0.27680402994155884 0.9992570281028748 -1 -1 -1 -1 -1 -1 -1 -1 -1
0.5201243162155151 0.2761270999908447 0.9991045594215393 -1 -1 -1 -1 -1 -1 -1 -1 -1
0.5206676721572876 0.27573662996292114 0.9993516802787781 -1 -1 -1 -1 -1 -1 -1 -1 -1
0.5248351097106934 0.2785181999206543 0.9993436932563782 -1 -1 -1 -1 -1 -1 -1 -1 -1
0.5252808928489685 0.2758217751979828 0.998930037021637 -1 -1 -1 -1 -1 -1 -1 -1 -1
0.519157886505127 0.2921806871891022 0.9991219639778137 -1 -1 -1 -1 -1 -1 -1 -1 -1
0.5193887948989868 0.2912328839302063 0.998354434967041 -1 -1 -1 -1 -1 -1 -1 -1 -1
0.5342658758163452 0.3254832625389099 0.9980828762054443 -1 -1 -1 -1 -1 -1 -1 -1 -1
0.5324733853340149 0.2952224612236023 0.9973629117012024 -1 -1 -1 -1 -1 -1 -1 -1 -1
0.5250250697135925 0.34600764513015747 0.8722984194755554 -1 -1 -1 -1 -1 -1 -1 -1 -1
0.5277562737464905 0.2629808783531189 0.6176210641860962 -1 -1 -1 -1 -1 -1 -1 -1 -1
0.512137770652771 0.322409987449646 0.8597794771194458 -1 -1 -1 -1 -1 -1 -1 -1 -1
0.5237966775894165 0.20916855335235596 0.856593132019043 -1 -1 -1 -1 -1 -1 -1 -1 -1
0.5102178454399109 0.32032227516174316 0.8500287532806396 -1 -1 -1 -1 -1 -1 -1 -1 -1
0.5191453099250793 0.21205855906009674 0.8491403460502625 -1 -1 -1 -1 -1 -1 -1 -1 -1
0.5106163620948792 0.31220948696136475 0.8494366407394409 -1 -1 -1 -1 -1 -1 -1 -1 -1
0.517055332660675 0.21319028735160828 0.8532207608222961 -1 -1 -1 -1 -1 -1 -1 -1 -1
0.5114748477935791 0.31353819370269775 0.7921403050422668 -1 -1 -1 -1 -1 -1 -1 -1 -1
0.5228376984596252 0.2070738673210144 0.8212754726409912 -1 -1 -1 -1 -1 -1 -1 -1 -1
0.5542760491371155 0.4122335910797119 0.9993641972541809 -1 -1 -1 -1 -1 -1 -1 -1 -1
0.5485029816627502 0.40113571286201477 0.9988080263137817 -1 -1 -1 -1 -1 -1 -1 -1 -1
0.5434433221817017 0.4950542747974396 0.9215667843818665 -1 -1 -1 -1 -1 -1 -1 -1 -1
0.539952278137207 0.49547135829925537 0.6741699576377869 -1 -1 -1 -1 -1 -1 -1 -1 -1
0.5306211113929749 0.5848096609115601 0.9526612162590027 -1 -1 -1 -1 -1 -1 -1 -1 -1
0.533704400062561 0.5732489824295044 0.8173436522483826 -1 -1 -1 -1 -1 -1 -1 -1 -1
0.5292428731918335 0.598285436630249 0.9341351985931396 -1 -1 -1 -1 -1 -1 -1 -1 -1
0.5310389995574951 0.5952879190444946 0.7754400372505188 -1 -1 -1 -1 -1 -1 -1 -1 -1
0.518237292766571 0.602019190788269 0.9286046624183655 -1 -1 -1 -1 -1 -1 -1 -1 -1
0.5220540165901184 0.5990179777145386 0.8403133749961853 -1 -1 -1 -1 -1 -1 -1 -1 -1
1 
33 
-1 -1 -1 -1 -1 -1 -1 -1 -1 -1
0.5269314646720886 0.2942039966583252 0.9690101146697998 -1 -1 -1 -1 -1 -1 -1 -1 -1
0.5285031795501709 0.28604641556739807 0.9727640151977539 -1 -1 -1 -1 -1 -1 -1 -1 -1
0.5287380814552307 0.28670352697372437 0.9657620191574097 -1 -1 -1 -1 -1 -1 -1 -1 -1
0.5290220975875854 0.28733158111572266 0.9742186665534973 -1 -1 -1 -1 -1 -1 -1 -1 -1
0.5277278423309326 0.2858029007911682 0.9685548543930054 -1 -1 -1 -1 -1 -1 -1 -1 -1
0.5278359055519104 0.2863782048225403 0.9597251415252686 -1 -1 -1 -1 -1 -1 -1 -1 -1
0.5278849005699158 0.28701692819595337 0.9722427725791931 -1 -1 -1 -1 -1 -1 -1 -1 -1
0.5316038727760315 0.29334887862205505 0.969657301902771 -1 -1 -1 -1 -1 -1 -1 -1 -1
0.5299074649810791 0.29353830218315125 0.9468412399291992 -1 -1 -1 -1 -1 -1 -1 -1 -1
0.5290674567222595 0.30040866136550903 0.9387151002883911 -1 -1 -1 -1 -1 -1 -1 -1 -1
0.5275692343711853 0.3010498285293579 0.9211549162864685 -1 -1 -1 -1 -1 -1 -1 -1 -1
0.5410165786743164 0.30775758624076843 0.991597592830658 -1 -1 -1 -1 -1 -1 -1 -1 -1
0.530585765838623 0.32258766889572144 0.9616034030914307 -1 -1 -1 -1 -1 -1 -1 -1 -1
0.5331565737724304 0.26281046867370605 0.9281550645828247 -1 -1 -1 -1 -1 -1 -1 -1 -1
0.5280779004096985 0.31849053502082825 0.10263007879257202 -1 -1 -1 -1 -1 -1 -1 -1 -1
0.5294553637504578 0.21873775124549866 0.8564732074737549 -1 -1 -1 -1 -1 -1 -1 -1 -1
0.519830584526062 0.29977524280548096 0.18940018117427826 -1 -1 -1 -1 -1 -1 -1 -1 -1
0.5252417325973511 0.20744922757148743 0.8122537732124329 -1 -1 -1 -1 -1 -1 -1 -1 -1
0.5184614062309265 0.2973760962486267 0.23127084970474243 -1 -1 -1 -1 -1 -1 -1 -1 -1
0.5245404243469238 0.20569124817848206 0.8017572164535522 -1 -1 -1 -1 -1 -1 -1 -1 -1
0.5174607634544373 0.2924906313419342 0.237446591258049 -1 -1 -1 -1 -1 -1 -1 -1 -1
0.5253598093986511 0.21037837862968445 0.7653531432151794 -1 -1 -1 -1 -1 -1 -1 -1 -1
0.5175701975822449 0.2934124767780304 0.2355118691921234 -1 -1 -1 -1 -1 -1 -1 -1 -1
0.5414040684700012 0.4300846457481384 0.9985957741737366 -1 -1 -1 -1 -1 -1 -1 -1 -1
0.5329758524894714 0.42917385697364807 0.9965552091598511 -1 -1 -1 -1 -1 -1 -1 -1 -1
0.5380621552467346 0.5152416229248047 0.857503354549408 -1 -1 -1 -1 -1 -1 -1 -1 -1
0.5302336812019348 0.5152634382247925 0.44179970026016235 -1 -1 -1 -1 -1 -1 -1 -1 -1
0.5328269600868225 0.6049460172653198 0.9099903702735901 -1 -1 -1 -1 -1 -1 -1 -1 -1
0.5324772596359253 0.5989083647727966 0.6730424165725708 -1 -1 -1 -1 -1 -1 -1 -1 -1
0.5345525145530701 0.6165143251419067 0.9026175737380981 -1 -1 -1 -1 -1 -1 -1 -1 -1
0.5359185934066772 0.6078214049339294 0.7019262313842773 -1 -1 -1 -1 -1 -1 -1 -1 -1
0.5247557759284973 0.629932165145874 0.9123475551605225 -1 -1 -1 -1 -1 -1 -1 -1 -1
0.5284594893455505 0.6257143020629883 0.7384611964225769 -1 -1 -1 -1 -1 -1 -1 -1 -1
1 
33 
-1 -1 -1 -1 -1 -1 -1 -1 -1 -1
0.5067604184150696 0.4530242681503296 1.0 -1 -1 -1 -1 -1 -1 -1 -1 -1
0.5023281574249268 0.4539572596549988 1.0 -1 -1 -1 -1 -1 -1 -1 -1 -1
0.5017514228820801 0.4524938464164734 1.0 -1 -1 -1 -1 -1 -1 -1 -1 -1
0.501106321811676 0.4510105550289154 1.0 -1 -1 -1 -1 -1 -1 -1 -1 -1
0.5030313730239868 0.45848381519317627 1.0 -1 -1 -1 -1 -1 -1 -1 -1 -1
0.5031898617744446 0.4605850875377655 1.0 -1 -1 -1 -1 -1 -1 -1 -1 -1
0.5031852126121521 0.4620154798030853 1.0 -1 -1 -1 -1 -1 -1 -1 -1 -1
0.5005073547363281 0.450454443693161 1.0 -1 -1 -1 -1 -1 -1 -1 -1 -1
0.503657877445221 0.4631720185279846 1.0 -1 -1 -1 -1 -1 -1 -1 -1 -1
0.5080283880233765 0.4463607668876648 1.0 -1 -1 -1 -1 -1 -1 -1 -1 -1
0.5094524621963501 0.4527932107448578 1.0 -1 -1 -1 -1 -1 -1 -1 -1 -1
0.5037621855735779 0.43570923805236816 1.0 -1 -1 -1 -1 -1 -1 -1 -1 -1
0.5154818892478943 0.455796480178833 1.0 -1 -1 -1 -1 -1 -1 -1 -1 -1
0.491859495639801 0.423635333776474 0.9929543137550354 -1 -1 -1 -1 -1 -1 -1 -1 -1
0.5256919264793396 0.4400761127471924 0.19116759300231934 -1 -1 -1 -1 -1 -1 -1 -1 -1
0.4922548830509186 0.46089988946914673 0.7159230709075928 -1 -1 -1 -1 -1 -1 -1 -1 -1
0.5244058966636658 0.4434310793876648 0.04503484442830086 -1 -1 -1 -1 -1 -1 -1 -1 -1
0.49310940504074097 0.46922868490219116 0.149068221449852 -1 -1 -1 -1 -1 -1 -1 -1 -1
0.5272105932235718 0.4451369047164917 0.04066407307982445 -1 -1 -1 -1 -1 -1 -1 -1 -1
0.49654310941696167 0.466894268989563 0.16710340976715088 -1 -1 -1 -1 -1 -1 -1 -1 -1
0.5236592888832092 0.4400620758533478 0.09598425030708313 -1 -1 -1 -1 -1 -1 -1 -1 -1
0.49791914224624634 0.46300050616264343 0.11438702046871185 -1 -1 -1 -1 -1 -1 -1 -1 -1
0.5217190384864807 0.4370448589324951 0.078982412815094 -1 -1 -1 -1 -1 -1 -1 -1 -1
0.5262148976325989 0.4075542092323303 0.751822829246521 -1 -1 -1 -1 -1 -1 -1 -1 -1
0.535538911819458 0.42488718032836914 0.7474507093429565 -1 -1 -1 -1 -1 -1 -1 -1 -1
0.5440929532051086 0.380937784910202 0.0006188552360981703 -1 -1 -1 -1 -1 -1 -1 -1 -1
0.5411896109580994 0.3961850702762604 0.00387847563251853 -1 -1 -1 -1 -1 -1 -1 -1 -1
0.5578977465629578 0.3627392053604126 0.0001666824973654002 -1 -1 -1 -1 -1 -1 -1 -1 -1
0.5636630058288574 0.39161017537117004 0.00047735217958688736 -1 -1 -1 -1 -1 -1 -1 -1 -1
0.5619483590126038 0.36622947454452515 0.00115802395157516 -1 -1 -1 -1 -1 -1 -1 -1 -1
0.5698095560073853 0.3918159306049347 0.0025362942833453417 -1 -1 -1 -1 -1 -1 -1 -1 -1
0.5570125579833984 0.347147673368454 0.0005976688116788864 -1 -1 -1 -1 -1 -1 -1 -1 -1
0.5648183226585388 0.3875444531440735 0.0017797471955418587 -1 -1 -1 -1 -1 -1 -1 -1 -1
1 
33 
-1 -1 -1 -1 -1 -1 -1 -1 -1 -1
0.5149098038673401 0.3813389539718628 0.8496471643447876 -1 -1 -1 -1 -1 -1 -1 -1 -1
0.5151407718658447 0.3767510950565338 0.7613373398780823 -1 -1 -1 -1 -1 -1 -1 -1 -1
0.5153417587280273 0.3757074773311615 0.7321181297302246 -1 -1 -1 -1 -1 -1 -1 -1 -1
0.515587568283081 0.37466540932655334 0.6482952237129211 -1 -1 -1 -1 -1 -1 -1 -1 -1
0.5150085687637329 0.37919557094573975 0.785394012928009 -1 -1 -1 -1 -1 -1 -1 -1 -1
0.5150586366653442 0.37991490960121155 0.8066534399986267 -1 -1 -1 -1 -1 -1 -1 -1 -1
0.5151048898696899 0.38058292865753174 0.8694645762443542 -1 -1 -1 -1 -1 -1 -1 -1 -1
0.517629861831665 0.3745003640651703 0.6870130896568298 -1 -1 -1 -1 -1 -1 -1 -1 -1
0.5168317556381226 0.3826558589935303 0.9190018773078918 -1 -1 -1 -1 -1 -1 -1 -1 -1
0.5165050625801086 0.38328683376312256 0.5379747748374939 -1 -1 -1 -1 -1 -1 -1 -1 -1
0.5162343382835388 0.38598185777664185 0.7656493782997131 -1 -1 -1 -1 -1 -1 -1 -1 -1
0.5226581692695618 0.3764011263847351 0.9970744848251343 -1 -1 -1 -1 -1 -1 -1 -1 -1
0.5202018618583679 0.40561121702194214 0.9992936849594116 -1 -1 -1 -1 -1 -1 -1 -1 -1
0.5165563225746155 0.3773186504840851 0.3642762005329132 -1 -1 -1 -1 -1 -1 -1 -1 -1
0.5182479619979858 0.43582069873809814 0.1337360441684723 -1 -1 -1 -1 -1 -1 -1 -1 -1
0.5099866390228271 0.3806524872779846 0.1270601898431778 -1 -1 -1 -1 -1 -1 -1 -1 -1
0.5159508585929871 0.4508209824562073 0.116022028028965 -1 -1 -1 -1 -1 -1 -1 -1 -1
0.5094968676567078 0.380293607711792 0.15807604789733887 -1 -1 -1 -1 -1 -1 -1 -1 -1
0.5171488523483276 0.45584607124328613 0.10397825390100479 -1 -1 -1 -1 -1 -1 -1 -1 -1
0.5094962120056152 0.3827918469905853 0.12859776616096497 -1 -1 -1 -1 -1 -1 -1 -1 -1
0.5166957974433899 0.4530585706233978 0.10692494362592697 -1 -1 -1 -1 -1 -1 -1 -1 -1
0.5094814300537109 0.38413989543914795 0.12026658654212952 -1 -1 -1 -1 -1 -1 -1 -1 -1
0.5161566138267517 0.45144978165626526 0.11685337126255035 -1 -1 -1 -1 -1 -1 -1 -1 -1
0.5471026301383972 0.4257987141609192 0.9998375177383423 -1 -1 -1 -1 -1 -1 -1 -1 -1
0.5427619218826294 0.4461376368999481 0.9999709129333496 -1 -1 -1 -1 -1 -1 -1 -1 -1
0.5580535531044006 0.4509069323539734 0.7798901796340942 -1 -1 -1 -1 -1 -1 -1 -1 -1
0.5379122495651245 0.4908665120601654 0.6881409883499146 -1 -1 -1 -1 -1 -1 -1 -1 -1
0.5665239095687866 0.4279654026031494 0.6510103344917297 -1 -1 -1 -1 -1 -1 -1 -1 -1
0.5453792214393616 0.5026048421859741 0.7875718474388123 -1 -1 -1 -1 -1 -1 -1 -1 -1
0.5646443367004395 0.42506125569343567 0.7728042602539062 -1 -1 -1 -1 -1 -1 -1 -1 -1
0.5481826663017273 0.5053565502166748 0.8621519804000854 -1 -1 -1 -1 -1 -1 -1 -1 -1
0.5801105499267578 0.4211995601654053 0.7476837038993835 -1 -1 -1 -1 -1 -1 -1 -1 -1
0.5449625253677368 0.5085334181785583 0.8524879813194275 -1 -1 -1 -1 -1 -1 -1 -1 -1
1 
33 
-1 -1 -1 -1 -1 -1 -1 -1 -1 -1
0.5278628468513489 0.4213162958621979 1.0 -1 -1 -1 -1 -1 -1 -1 -1 -1
0.5282109975814819 0.4158938527107239 1.0 -1 -1 -1 -1 -1 -1 -1 -1 -1
0.5285340547561646 0.41376233100891113 1.0 -1 -1 -1 -1 -1 -1 -1 -1 -1
0.5290422439575195 0.41142579913139343 1.0 -1 -1 -1 -1 -1 -1 -1 -1 -1
0.5264921188354492 0.42069318890571594 1.0 -1 -1 -1 -1 -1 -1 -1 -1 -1
0.5258669853210449 0.4220421314239502 1.0 -1 -1 -1 -1 -1 -1 -1 -1 -1
0.5253243446350098 0.42327553033828735 1.0 -1 -1 -1 -1 -1 -1 -1 -1 -1
0.5292071104049683 0.40389886498451233 1.0 -1 -1 -1 -1 -1 -1 -1 -1 -1
0.5243639349937439 0.42383331060409546 1.0 -1 -1 -1 -1 -1 -1 -1 -1 -1
0.5294270515441895 0.4170869290828705 1.0 -1 -1 -1 -1 -1 -1 -1 -1 -1
0.5272854566574097 0.4236246645450592 1.0 -1 -1 -1 -1 -1 -1 -1 -1 -1
0.5286798477172852 0.4029187262058258 1.0 -1 -1 -1 -1 -1 -1 -1 -1 -1
0.5267166495323181 0.4345194399356842 1.0 -1 -1 -1 -1 -1 -1 -1 -1 -1
0.5300264954566956 0.40680161118507385 0.8831840753555298 -1 -1 -1 -1 -1 -1 -1 -1 -1
0.5375784635543823 0.46044352650642395 0.0008640592568553984 -1 -1 -1 -1 -1 -1 -1 -1 -1
0.5311620831489563 0.41729462146759033 0.9982743263244629 -1 -1 -1 -1 -1 -1 -1 -1 -1
0.5398507714271545 0.4604525566101074 0.0004061258805450052 -1 -1 -1 -1 -1 -1 -1 -1 -1
0.5361952781677246 0.41215676069259644 0.9995993971824646 -1 -1 -1 -1 -1 -1 -1 -1 -1
0.5447459816932678 0.46277642250061035 0.0004917954211123288 -1 -1 -1 -1 -1 -1 -1 -1 -1
0.5366395711898804 0.4172838032245636 0.9994577765464783 -1 -1 -1 -1 -1 -1 -1 -1 -1
0.5452870726585388 0.4548755884170532 0.003554550465196371 -1 -1 -1 -1 -1 -1 -1 -1 -1
0.5345222353935242 0.420973002910614 0.9979687333106995 -1 -1 -1 -1 -1 -1 -1 -1 -1
0.5429770946502686 0.4535410404205322 0.006884044501930475 -1 -1 -1 -1 -1 -1 -1 -1 -1
0.5413114428520203 0.42104169726371765 0.006265593226999044 -1 -1 -1 -1 -1 -1 -1 -1 -1
0.5400554537773132 0.4379233121871948 0.0016764203319326043 -1 -1 -1 -1 -1 -1 -1 -1 -1
0.5493243932723999 0.4272909164428711 0.006559804081916809 -1 -1 -1 -1 -1 -1 -1 -1 -1
0.5481539368629456 0.43856891989707947 0.008333307690918446 -1 -1 -1 -1 -1 -1 -1 -1 -1
0.5615801215171814 0.4364844262599945 0.002370659727603197 -1 -1 -1 -1 -1 -1 -1 -1 -1
0.560564398765564 0.44705674052238464 7.229907350847498e-05 -1 -1 -1 -1 -1 -1 -1 -1 -1
0.5640356540679932 0.4393640160560608 0.00028415792621672153 -1 -1 -1 -1 -1 -1 -1 -1 -1
0.5638964176177979 0.4527456760406494 4.507901758188382e-05 -1 -1 -1 -1 -1 -1 -1 -1 -1
0.5632174611091614 0.4348621070384979 0.00024355750065296888 -1 -1 -1 -1 -1 -1 -1 -1 -1
0.5595052242279053 0.44011926651000977 4.076608547620708e-06 -1 -1 -1 -1 -1 -1 -1 -1 -1
1 
33 
-1 -1 -1 -1 -1 -1 -1 -1 -1 -1
0.5541536211967468 0.3904741704463959 0.8568788170814514 -1 -1 -1 -1 -1 -1 -1 -1 -1
0.5573174953460693 0.3868246078491211 0.9181787967681885 -1 -1 -1 -1 -1 -1 -1 -1 -1
0.5580172538757324 0.38753074407577515 0.8947966694831848 -1 -1 -1 -1 -1 -1 -1 -1 -1
0.5586974024772644 0.38826435804367065 0.9215838313102722 -1 -1 -1 -1 -1 -1 -1 -1 -1
0.5570420622825623 0.3858010768890381 0.8606722354888916 -1 -1 -1 -1 -1 -1 -1 -1 -1
0.5574168562889099 0.3857283890247345 0.8216922879219055 -1 -1 -1 -1 -1 -1 -1 -1 -1
0.5578038692474365 0.3856630325317383 0.8492989540100098 -1 -1 -1 -1 -1 -1 -1 -1 -1
0.5638037919998169 0.39305418729782104 0.9073675870895386 -1 -1 -1 -1 -1 -1 -1 -1 -1
0.5621064901351929 0.3890190124511719 0.7704033851623535 -1 -1 -1 -1 -1 -1 -1 -1 -1
0.5547620058059692 0.39713484048843384 0.9153064489364624 -1 -1 -1 -1 -1 -1 -1 -1 -1
0.5544919967651367 0.3968183994293213 0.844918966293335 -1 -1 -1 -1 -1 -1 -1 -1 -1
0.569789469242096 0.4242069125175476 0.9999041557312012 -1 -1 -1 -1 -1 -1 -1 -1 -1
0.5613905787467957 0.40184488892555237 0.9987983703613281 -1 -1 -1 -1 -1 -1 -1 -1 -1
0.5587930083274841 0.4132111072540283 0.9766863584518433 -1 -1 -1 -1 -1 -1 -1 -1 -1
0.5451921820640564 0.3946020305156708 0.12396654486656189 -1 -1 -1 -1 -1 -1 -1 -1 -1
0.5345679521560669 0.3847651779651642 0.8875578045845032 -1 -1 -1 -1 -1 -1 -1 -1 -1
0.5281696915626526 0.3773948550224304 0.30992549657821655 -1 -1 -1 -1 -1 -1 -1 -1 -1
0.5282056331634521 0.38123661279678345 0.8066167831420898 -1 -1 -1 -1 -1 -1 -1 -1 -1
0.5233995914459229 0.37276387214660645 0.3282295763492584 -1 -1 -1 -1 -1 -1 -1 -1 -1
0.5283847451210022 0.37518519163131714 0.8022652268409729 -1 -1 -1 -1 -1 -1 -1 -1 -1
0.5245565176010132 0.3706514537334442 0.3437452018260956 -1 -1 -1 -1 -1 -1 -1 -1 -1
0.5307810306549072 0.3774883449077606 0.703775942325592 -1 -1 -1 -1 -1 -1 -1 -1 -1
0.5256196856498718 0.3730197250843048 0.36334455013275146 -1 -1 -1 -1 -1 -1 -1 -1 -1
0.5387746691703796 0.5245710015296936 0.9999972581863403 -1 -1 -1 -1 -1 -1 -1 -1 -1
0.5329386591911316 0.49867329001426697 0.9999655485153198 -1 -1 -1 -1 -1 -1 -1 -1 -1
0.5238499641418457 0.5766249299049377 0.9989135265350342 -1 -1 -1 -1 -1 -1 -1 -1 -1
0.5210554599761963 0.4578043520450592 0.3576659858226776 -1 -1 -1 -1 -1 -1 -1 -1 -1
0.5383501052856445 0.6714686751365662 0.9982393980026245 -1 -1 -1 -1 -1 -1 -1 -1 -1
0.5046167969703674 0.4480442702770233 0.7895364165306091 -1 -1 -1 -1 -1 -1 -1 -1 -1
0.5452712178230286 0.6828098297119141 0.9884852170944214 -1 -1 -1 -1 -1 -1 -1 -1 -1
0.5015957355499268 0.4557851254940033 0.7913274765014648 -1 -1 -1 -1 -1 -1 -1 -1 -1
0.5281099677085876 0.6952619552612305 0.9940364360809326 -1 -1 -1 -1 -1 -1 -1 -1 -1
0.4949703812599182 0.4227636456489563 0.8286904692649841 -1 -1 -1 -1 -1 -1 -1 -1 -1
1 
33 
-1 -1 -1 -1 -1 -1 -1 -1 -1 -1
0.5329262614250183 0.41477203369140625 0.9454084038734436 -1 -1 -1 -1 -1 -1 -1 -1 -1
0.5339359641075134 0.4079851806163788 0.9579705595970154 -1 -1 -1 -1 -1 -1 -1 -1 -1
0.5350351333618164 0.40764859318733215 0.9454827904701233 -1 -1 -1 -1 -1 -1 -1 -1 -1
0.5361143350601196 0.4073687195777893 0.9542451500892639 -1 -1 -1 -1 -1 -1 -1 -1 -1
0.5323320627212524 0.40933871269226074 0.9297667145729065 -1 -1 -1 -1 -1 -1 -1 -1 -1
0.5320571064949036 0.4097134470939636 0.9011024832725525 -1 -1 -1 -1 -1 -1 -1 -1 -1
0.5317806601524353 0.4100978374481201 0.930872917175293 -1 -1 -1 -1 -1 -1 -1 -1 -1
0.5418389439582825 0.40935805439949036 0.9410853385925293 -1 -1 -1 -1 -1 -1 -1 -1 -1
0.5357308387756348 0.41271519660949707 0.9079688787460327 -1 -1 -1 -1 -1 -1 -1 -1 -1
0.5373615622520447 0.4205382764339447 0.9424105882644653 -1 -1 -1 -1 -1 -1 -1 -1 -1
0.5351850986480713 0.4221542775630951 0.9245647192001343 -1 -1 -1 -1 -1 -1 -1 -1 -1
0.5578757524490356 0.4393593668937683 0.9956697225570679 -1 -1 -1 -1 -1 -1 -1 -1 -1
0.5422419905662537 0.43517401814460754 0.9969828724861145 -1 -1 -1 -1 -1 -1 -1 -1 -1
0.5611639022827148 0.44219958782196045 0.3755951523780823 -1 -1 -1 -1 -1 -1 -1 -1 -1
0.5370766520500183 0.4278690814971924 0.2779611647129059 -1 -1 -1 -1 -1 -1 -1 -1 -1
0.5568735003471375 0.42078855633735657 0.2534344494342804 -1 -1 -1 -1 -1 -1 -1 -1 -1
0.5384724736213684 0.4107602536678314 0.29098108410835266 -1 -1 -1 -1 -1 -1 -1 -1 -1
0.5548681616783142 0.41521432995796204 0.2757282555103302 -1 -1 -1 -1 -1 -1 -1 -1 -1
0.5385380983352661 0.40782707929611206 0.3404404819011688 -1 -1 -1 -1 -1 -1 -1 -1 -1
0.5559841990470886 0.412341833114624 0.2777833938598633 -1 -1 -1 -1 -1 -1 -1 -1 -1
0.5401676893234253 0.4041578471660614 0.34771206974983215 -1 -1 -1 -1 -1 -1 -1 -1 -1
0.5560360550880432 0.4144047498703003 0.23215718567371368 -1 -1 -1 -1 -1 -1 -1 -1 -1
0.5398651361465454 0.4055858254432678 0.3330245614051819 -1 -1 -1 -1 -1 -1 -1 -1 -1
0.5329024195671082 0.541776716709137 0.9985924363136292 -1 -1 -1 -1 -1 -1 -1 -1 -1
0.5292742252349854 0.5371007919311523 0.9992009997367859 -1 -1 -1 -1 -1 -1 -1 -1 -1
0.5202783346176147 0.6102243065834045 0.6835610866546631 -1 -1 -1 -1 -1 -1 -1 -1 -1
0.5317400693893433 0.6122572422027588 0.6830074191093445 -1 -1 -1 -1 -1 -1 -1 -1 -1
0.5309796929359436 0.6762222051620483 0.7136345505714417 -1 -1 -1 -1 -1 -1 -1 -1 -1
0.5246434807777405 0.6843533515930176 0.7335085868835449 -1 -1 -1 -1 -1 -1 -1 -1 -1
0.5349810719490051 0.6809991002082825 0.8719004988670349 -1 -1 -1 -1 -1 -1 -1 -1 -1
0.5249297022819519 0.6931374073028564 0.7929396033287048 -1 -1 -1 -1 -1 -1 -1 -1 -1
0.5332453846931458 0.7152827978134155 0.6645799279212952 -1 -1 -1 -1 -1 -1 -1 -1 -1
0.52103191614151 0.7152892351150513 0.6516597867012024 -1 -1 -1 -1 -1 -1 -1 -1 -1
1 
33 
-1 -1 -1 -1 -1 -1 -1 -1 -1 -1
0.5224178433418274 0.37974411249160767 0.9956004619598389 -1 -1 -1 -1 -1 -1 -1 -1 -1
0.5217170119285583 0.37702980637550354 0.9967221617698669 -1 -1 -1 -1 -1 -1 -1 -1 -1
0.5218064785003662 0.37764620780944824 0.9961034059524536 -1 -1 -1 -1 -1 -1 -1 -1 -1
0.5218824148178101 0.37830641865730286 0.9974753260612488 -1 -1 -1 -1 -1 -1 -1 -1 -1
0.5212032198905945 0.37601780891418457 0.9959055185317993 -1 -1 -1 -1 -1 -1 -1 -1 -1
0.5208716988563538 0.37589263916015625 0.9947351813316345 -1 -1 -1 -1 -1 -1 -1 -1 -1
0.5205675363540649 0.3758029341697693 0.9967641830444336 -1 -1 -1 -1 -1 -1 -1 -1 -1
0.5209869146347046 0.38472360372543335 0.9981880784034729 -1 -1 -1 -1 -1 -1 -1 -1 -1
0.5190105438232422 0.38107067346572876 0.9946607947349548 -1 -1 -1 -1 -1 -1 -1 -1 -1
0.52245032787323 0.3869597911834717 0.9888067245483398 -1 -1 -1 -1 -1 -1 -1 -1 -1
0.5215832591056824 0.3858053684234619 0.9850212931632996 -1 -1 -1 -1 -1 -1 -1 -1 -1
0.5233363509178162 0.4143695831298828 0.999038815498352 -1 -1 -1 -1 -1 -1 -1 -1 -1
0.5215004086494446 0.4062042832374573 0.9994428753852844 -1 -1 -1 -1 -1 -1 -1 -1 -1
0.5246873497962952 0.4166102409362793 0.31603726744651794 -1 -1 -1 -1 -1 -1 -1 -1 -1
0.5353602766990662 0.39799559116363525 0.8763993382453918 -1 -1 -1 -1 -1 -1 -1 -1 -1
0.5220751166343689 0.3943639099597931 0.44509342312812805 -1 -1 -1 -1 -1 -1 -1 -1 -1
0.5419409275054932 0.36939921975135803 0.8695954084396362 -1 -1 -1 -1 -1 -1 -1 -1 -1
0.5201187133789062 0.39086848497390747 0.45218437910079956 -1 -1 -1 -1 -1 -1 -1 -1 -1
0.5437823534011841 0.3617064356803894 0.8486945629119873 -1 -1 -1 -1 -1 -1 -1 -1 -1
0.5207406878471375 0.38844993710517883 0.4369513690471649 -1 -1 -1 -1 -1 -1 -1 -1 -1
0.5416004061698914 0.3619864284992218 0.837447464466095 -1 -1 -1 -1 -1 -1 -1 -1 -1
0.5215632319450378 0.39002907276153564 0.4090961813926697 -1 -1 -1 -1 -1 -1 -1 -1 -1
0.540993869304657 0.36505165696144104 0.8166192770004272 -1 -1 -1 -1 -1 -1 -1 -1 -1
0.5094527006149292 0.5041728019714355 0.9999265670776367 -1 -1 -1 -1 -1 -1 -1 -1 -1
0.508279025554657 0.5013144016265869 0.9999245405197144 -1 -1 -1 -1 -1 -1 -1 -1 -1
0.5161194205284119 0.5588513612747192 0.969507098197937 -1 -1 -1 -1 -1 -1 -1 -1 -1
0.5269436836242676 0.5488125085830688 0.919408917427063 -1 -1 -1 -1 -1 -1 -1 -1 -1
0.5380874276161194 0.6301794052124023 0.9574910998344421 -1 -1 -1 -1 -1 -1 -1 -1 -1
0.5430665612220764 0.6203097105026245 0.9449774026870728 -1 -1 -1 -1 -1 -1 -1 -1 -1
0.5426062941551208 0.6373385190963745 0.9597427845001221 -1 -1 -1 -1 -1 -1 -1 -1 -1
0.5467416644096375 0.632427453994751 0.9527164101600647 -1 -1 -1 -1 -1 -1 -1 -1 -1
0.5383465886116028 0.6612583994865417 0.9348283410072327 -1 -1 -1 -1 -1 -1 -1 -1 -1
0.5404068827629089 0.6381800770759583 0.9183583855628967 -1 -1 -1 -1 -1 -1 -1 -1 -1
1 
33 
-1 -1 -1 -1 -1 -1 -1 -1 -1 -1
0.5210766196250916 0.47882694005966187 0.7883376479148865 -1 -1 -1 -1 -1 -1 -1 -1 -1
0.5239086747169495 0.4776553511619568 0.8287146687507629 -1 -1 -1 -1 -1 -1 -1 -1 -1
0.5247934460639954 0.47808218002319336 0.8301281929016113 -1 -1 -1 -1 -1 -1 -1 -1 -1
0.5256651639938354 0.4785597026348114 0.8272286653518677 -1 -1 -1 -1 -1 -1 -1 -1 -1
0.5221905708312988 0.4767979085445404 0.7316848039627075 -1 -1 -1 -1 -1 -1 -1 -1 -1
0.5216799378395081 0.476514995098114 0.7021369338035583 -1 -1 -1 -1 -1 -1 -1 -1 -1
0.521178662776947 0.47623565793037415 0.7580109238624573 -1 -1 -1 -1 -1 -1 -1 -1 -1
0.5286272764205933 0.47926199436187744 0.7843241095542908 -1 -1 -1 -1 -1 -1 -1 -1 -1
0.5215153694152832 0.4756390154361725 0.7811137437820435 -1 -1 -1 -1 -1 -1 -1 -1 -1
0.5218409895896912 0.48037630319595337 0.7780939936637878 -1 -1 -1 -1 -1 -1 -1 -1 -1
0.5198829174041748 0.4793679416179657 0.7737928032875061 -1 -1 -1 -1 -1 -1 -1 -1 -1
0.5333021879196167 0.48376724123954773 0.9927668571472168 -1 -1 -1 -1 -1 -1 -1 -1 -1
0.5155490040779114 0.4676332473754883 0.9705130457878113 -1 -1 -1 -1 -1 -1 -1 -1 -1
0.5282684564590454 0.4899950325489044 0.3939473628997803 -1 -1 -1 -1 -1 -1 -1 -1 -1
0.5035982728004456 0.44183143973350525 0.1873702108860016 -1 -1 -1 -1 -1 -1 -1 -1 -1
0.5282279849052429 0.4938929080963135 0.25002017617225647 -1 -1 -1 -1 -1 -1 -1 -1 -1
0.5115213990211487 0.4189138412475586 0.2963121831417084 -1 -1 -1 -1 -1 -1 -1 -1 -1
0.5292936563491821 0.49896490573883057 0.2519908547401428 -1 -1 -1 -1 -1 -1 -1 -1 -1
0.5123503804206848 0.41606658697128296 0.3299432396888733 -1 -1 -1 -1 -1 -1 -1 -1 -1
0.5273720622062683 0.4954999089241028 0.24222365021705627 -1 -1 -1 -1 -1 -1 -1 -1 -1
0.5154953598976135 0.4160587787628174 0.31990060210227966 -1 -1 -1 -1 -1 -1 -1 -1 -1
0.5265660285949707 0.49319958686828613 0.21601946651935577 -1 -1 -1 -1 -1 -1 -1 -1 -1
0.5151665210723877 0.417346715927124 0.3513883054256439 -1 -1 -1 -1 -1 -1 -1 -1 -1
0.519804060459137 0.5315974950790405 0.9998101592063904 -1 -1 -1 -1 -1 -1 -1 -1 -1
0.5087122321128845 0.518948495388031 0.9997503161430359 -1 -1 -1 -1 -1 -1 -1 -1 -1
0.5137643814086914 0.5657117366790771 0.7963551878929138 -1 -1 -1 -1 -1 -1 -1 -1 -1
0.49588361382484436 0.5132302641868591 0.27840951085090637 -1 -1 -1 -1 -1 -1 -1 -1 -1
0.5167628526687622 0.6284348368644714 0.7744921445846558 -1 -1 -1 -1 -1 -1 -1 -1 -1
0.4922693073749542 0.5420804619789124 0.2602112889289856 -1 -1 -1 -1 -1 -1 -1 -1 -1
0.518456220626831 0.6349688172340393 0.8027338981628418 -1 -1 -1 -1 -1 -1 -1 -1 -1
0.49335724115371704 0.5493126511573792 0.5062354803085327 -1 -1 -1 -1 -1 -1 -1 -1 -1
0.5138888359069824 0.6573421359062195 0.6837082505226135 -1 -1 -1 -1 -1 -1 -1 -1 -1
0.4830118417739868 0.5463712215423584 0.3044087588787079 -1 -1 -1 -1 -1 -1 -1 -1 -1
1 
33 
-1 -1 -1 -1 -1 -1 -1 -1 -1 -1
0.5122182965278625 0.5402947664260864 0.9007585048675537 -1 -1 -1 -1 -1 -1 -1 -1 -1
0.5114282965660095 0.5369880199432373 0.9063191413879395 -1 -1 -1 -1 -1 -1 -1 -1 -1
0.5115481615066528 0.5370340347290039 0.9125608801841736 -1 -1 -1 -1 -1 -1 -1 -1 -1
0.5116776823997498 0.5371399521827698 0.894608199596405 -1 -1 -1 -1 -1 -1 -1 -1 -1
0.511959433555603 0.535789966583252 0.8260822892189026 -1 -1 -1 -1 -1 -1 -1 -1 -1
0.5122386813163757 0.5351401567459106 0.8237468600273132 -1 -1 -1 -1 -1 -1 -1 -1 -1
0.5125352740287781 0.5344987511634827 0.8310520052909851 -1 -1 -1 -1 -1 -1 -1 -1 -1
0.5140067338943481 0.5344833731651306 0.9045416712760925 -1 -1 -1 -1 -1 -1 -1 -1 -1
0.5149961113929749 0.5307749509811401 0.8690676689147949 -1 -1 -1 -1 -1 -1 -1 -1 -1
0.5130501985549927 0.5364740490913391 0.8304827213287354 -1 -1 -1 -1 -1 -1 -1 -1 -1
0.5134997367858887 0.5356110334396362 0.7752425074577332 -1 -1 -1 -1 -1 -1 -1 -1 -1
0.5199107527732849 0.5403189659118652 0.9965190887451172 -1 -1 -1 -1 -1 -1 -1 -1 -1
0.5244506597518921 0.5092322826385498 0.9961909055709839 -1 -1 -1 -1 -1 -1 -1 -1 -1
0.5079940557479858 0.5884617567062378 0.5623125433921814 -1 -1 -1 -1 -1 -1 -1 -1 -1
0.5212191343307495 0.47133100032806396 0.6902114748954773 -1 -1 -1 -1 -1 -1 -1 -1 -1
0.5047376155853271 0.6217539310455322 0.7144895195960999 -1 -1 -1 -1 -1 -1 -1 -1 -1
0.518970251083374 0.42371660470962524 0.9268885254859924 -1 -1 -1 -1 -1 -1 -1 -1 -1
0.5044386982917786 0.6334145069122314 0.7208483815193176 -1 -1 -1 -1 -1 -1 -1 -1 -1
0.5197156667709351 0.41277921199798584 0.9106447100639343 -1 -1 -1 -1 -1 -1 -1 -1 -1
0.503252387046814 0.6303465962409973 0.7118395566940308 -1 -1 -1 -1 -1 -1 -1 -1 -1
0.519307017326355 0.4124910235404968 0.9061888456344604 -1 -1 -1 -1 -1 -1 -1 -1 -1
0.5031217336654663 0.6259204745292664 0.6785324811935425 -1 -1 -1 -1 -1 -1 -1 -1 -1
0.5188215374946594 0.41677504777908325 0.9081563949584961 -1 -1 -1 -1 -1 -1 -1 -1 -1
0.5288205146789551 0.5541480779647827 0.999915599822998 -1 -1 -1 -1 -1 -1 -1 -1 -1
0.526255190372467 0.5480719804763794 0.9999667406082153 -1 -1 -1 -1 -1 -1 -1 -1 -1
0.5388510227203369 0.6192986965179443 0.3283676207065582 -1 -1 -1 -1 -1 -1 -1 -1 -1
0.5297216773033142 0.6073933243751526 0.3925092816352844 -1 -1 -1 -1 -1 -1 -1 -1 -1
0.5324481129646301 0.6900339722633362 0.648723840713501 -1 -1 -1 -1 -1 -1 -1 -1 -1
0.5285102725028992 0.6805199384689331 0.63558030128479 -1 -1 -1 -1 -1 -1 -1 -1 -1
0.5315554738044739 0.699364185333252 0.711313784122467 -1 -1 -1 -1 -1 -1 -1 -1 -1
0.5315122008323669 0.6918009519577026 0.7345384955406189 -1 -1 -1 -1 -1 -1 -1 -1 -1
0.5322883725166321 0.7131565809249878 0.6069427728652954 -1 -1 -1 -1 -1 -1 -1 -1 -1
0.5183607339859009 0.7059291005134583 0.7092537879943848 -1 -1 -1 -1 -1 -1 -1 -1 -1
1 
33 
-1 -1 -1 -1 -1 -1 -1 -1 -1 -1
0.5228244662284851 0.5649058818817139 0.9826851487159729 -1 -1 -1 -1 -1 -1 -1 -1 -1
0.5215027332305908 0.5548688173294067 0.9827930927276611 -1 -1 -1 -1 -1 -1 -1 -1 -1
0.5221898555755615 0.5584800839424133 0.9822338223457336 -1 -1 -1 -1 -1 -1 -1 -1 -1
0.5225697755813599 0.5587039589881897 0.9827045798301697 -1 -1 -1 -1 -1 -1 -1 -1 -1
0.5219857096672058 0.5532877445220947 0.9653043746948242 -1 -1 -1 -1 -1 -1 -1 -1 -1
0.5221706628799438 0.5524634718894958 0.9662020802497864 -1 -1 -1 -1 -1 -1 -1 -1 -1
0.5253651738166809 0.5565049648284912 0.969106912612915 -1 -1 -1 -1 -1 -1 -1 -1 -1
0.5282647013664246 0.5642963647842407 0.9766281843185425 -1 -1 -1 -1 -1 -1 -1 -1 -1
0.527151346206665 0.5563079118728638 0.9550206065177917 -1 -1 -1 -1 -1 -1 -1 -1 -1
0.5252408385276794 0.5702643990516663 0.9594846367835999 -1 -1 -1 -1 -1 -1 -1 -1 -1
0.5260733366012573 0.5715186595916748 0.9440554976463318 -1 -1 -1 -1 -1 -1 -1 -1 -1
0.536932110786438 0.5981718897819519 0.9968980550765991 -1 -1 -1 -1 -1 -1 -1 -1 -1
0.5412810444831848 0.5756872892379761 0.995674192905426 -1 -1 -1 -1 -1 -1 -1 -1 -1
0.5282518267631531 0.6621235013008118 0.8417280912399292 -1 -1 -1 -1 -1 -1 -1 -1 -1
0.5314000844955444 0.5884008407592773 0.6927228569984436 -1 -1 -1 -1 -1 -1 -1 -1 -1
0.510611355304718 0.6903302073478699 0.8264955282211304 -1 -1 -1 -1 -1 -1 -1 -1 -1
0.5146934986114502 0.5679490566253662 0.6598756313323975 -1 -1 -1 -1 -1 -1 -1 -1 -1
0.5071617960929871 0.701657772064209 0.7713358998298645 -1 -1 -1 -1 -1 -1 -1 -1 -1
0.5114346146583557 0.5652118921279907 0.5519784092903137 -1 -1 -1 -1 -1 -1 -1 -1 -1
0.5051494240760803 0.6941922903060913 0.7760801315307617 -1 -1 -1 -1 -1 -1 -1 -1 -1
0.5091565847396851 0.5595700144767761 0.5649197697639465 -1 -1 -1 -1 -1 -1 -1 -1 -1
0.5069589018821716 0.6888167262077332 0.7017602920532227 -1 -1 -1 -1 -1 -1 -1 -1 -1
0.5096020102500916 0.5603695511817932 0.5527777671813965 -1 -1 -1 -1 -1 -1 -1 -1 -1
0.5439294576644897 0.6937052011489868 0.9994180202484131 -1 -1 -1 -1 -1 -1 -1 -1 -1
0.5453536510467529 0.6800373792648315 0.9996824264526367 -1 -1 -1 -1 -1 -1 -1 -1 -1
0.5325367450714111 0.7128113508224487 0.9170249700546265 -1 -1 -1 -1 -1 -1 -1 -1 -1
0.5357097387313843 0.6896381974220276 0.7157503366470337 -1 -1 -1 -1 -1 -1 -1 -1 -1
0.5512175559997559 0.7900517582893372 0.9660115838050842 -1 -1 -1 -1 -1 -1 -1 -1 -1
0.5413556694984436 0.7695761919021606 0.8569571375846863 -1 -1 -1 -1 -1 -1 -1 -1 -1
0.5534272193908691 0.7907343506813049 0.9652072191238403 -1 -1 -1 -1 -1 -1 -1 -1 -1
0.5477216839790344 0.7817845940589905 0.8968690037727356 -1 -1 -1 -1 -1 -1 -1 -1 -1
0.5408151745796204 0.8216086626052856 0.9729626774787903 -1 -1 -1 -1 -1 -1 -1 -1 -1
0.5368611812591553 0.8117880821228027 0.8827888369560242 -1 -1 -1 -1 -1 -1 -1 -1 -1
1 
33 
-1 -1 -1 -1 -1 -1 -1 -1 -1 -1
0.5273038744926453 0.6104405522346497 0.9315840601921082 -1 -1 -1 -1 -1 -1 -1 -1 -1
0.530458390712738 0.6037192344665527 0.9643027782440186 -1 -1 -1 -1 -1 -1 -1 -1 -1
0.532010555267334 0.6037145256996155 0.9585111737251282 -1 -1 -1 -1 -1 -1 -1 -1 -1
0.5333079695701599 0.6035325527191162 0.9602028727531433 -1 -1 -1 -1 -1 -1 -1 -1 -1
0.5283579230308533 0.6030535697937012 0.9319517016410828 -1 -1 -1 -1 -1 -1 -1 -1 -1
0.5281918048858643 0.602351725101471 0.9151706695556641 -1 -1 -1 -1 -1 -1 -1 -1 -1
0.5275445580482483 0.6013798713684082 0.9243564605712891 -1 -1 -1 -1 -1 -1 -1 -1 -1
0.5405349731445312 0.6024977564811707 0.9577764272689819 -1 -1 -1 -1 -1 -1 -1 -1 -1
0.5339351892471313 0.5977182984352112 0.9119383692741394 -1 -1 -1 -1 -1 -1 -1 -1 -1
0.5319059491157532 0.6168696284294128 0.9394030570983887 -1 -1 -1 -1 -1 -1 -1 -1 -1
0.5292031764984131 0.6146723031997681 0.9205033779144287 -1 -1 -1 -1 -1 -1 -1 -1 -1
0.550637423992157 0.6376681923866272 0.9970993995666504 -1 -1 -1 -1 -1 -1 -1 -1 -1
0.5273074507713318 0.5837225914001465 0.9919446110725403 -1 -1 -1 -1 -1 -1 -1 -1 -1
0.5407736897468567 0.6844785213470459 0.4733844995498657 -1 -1 -1 -1 -1 -1 -1 -1 -1
0.5141273140907288 0.5897676348686218 0.07977114617824554 -1 -1 -1 -1 -1 -1 -1 -1 -1
0.4973360300064087 0.6562016010284424 0.36019811034202576 -1 -1 -1 -1 -1 -1 -1 -1 -1
0.5121245980262756 0.5973989963531494 0.11619517207145691 -1 -1 -1 -1 -1 -1 -1 -1 -1
0.497736394405365 0.6822240352630615 0.33771902322769165 -1 -1 -1 -1 -1 -1 -1 -1 -1
0.5103673934936523 0.5984694957733154 0.15166768431663513 -1 -1 -1 -1 -1 -1 -1 -1 -1
0.49589523673057556 0.6702513694763184 0.35558220744132996 -1 -1 -1 -1 -1 -1 -1 -1 -1
0.5123739838600159 0.5977742075920105 0.16783224046230316 -1 -1 -1 -1 -1 -1 -1 -1 -1
0.4991620182991028 0.6666765809059143 0.2780376374721527 -1 -1 -1 -1 -1 -1 -1 -1 -1
0.5135889649391174 0.5980188846588135 0.19192200899124146 -1 -1 -1 -1 -1 -1 -1 -1 -1
0.5500580072402954 0.6828008890151978 0.9998037219047546 -1 -1 -1 -1 -1 -1 -1 -1 -1
0.5301568508148193 0.6451491117477417 0.9993876218795776 -1 -1 -1 -1 -1 -1 -1 -1 -1
0.5430251359939575 0.7572283744812012 0.9454826712608337 -1 -1 -1 -1 -1 -1 -1 -1 -1
0.4985126554965973 0.6354456543922424 0.4770480692386627 -1 -1 -1 -1 -1 -1 -1 -1 -1
0.555672824382782 0.834930419921875 0.9746428728103638 -1 -1 -1 -1 -1 -1 -1 -1 -1
0.4599684774875641 0.6352026462554932 0.6852022409439087 -1 -1 -1 -1 -1 -1 -1 -1 -1
0.5596017241477966 0.8467936515808105 0.8552905321121216 -1 -1 -1 -1 -1 -1 -1 -1 -1
0.4571446478366852 0.6435518264770508 0.594797670841217 -1 -1 -1 -1 -1 -1 -1 -1 -1
0.5445882081985474 0.856377124786377 0.9633838534355164 -1 -1 -1 -1 -1 -1 -1 -1 -1
0.4410076439380646 0.6240267753601074 0.7362549901008606 -1 -1 -1 -1 -1 -1 -1 -1 -1
1 
33 
-1 -1 -1 -1 -1 -1 -1 -1 -1 -1
0.5287739038467407 0.6074234843254089 0.8412702679634094 -1 -1 -1 -1 -1 -1 -1 -1 -1
0.5308536291122437 0.6071695685386658 0.847396969795227 -1 -1 -1 -1 -1 -1 -1 -1 -1
0.5315815210342407 0.6078388690948486 0.8282755017280579 -1 -1 -1 -1 -1 -1 -1 -1 -1
0.5324653387069702 0.6084789037704468 0.8139763474464417 -1 -1 -1 -1 -1 -1 -1 -1 -1
0.5292339324951172 0.6037938594818115 0.8310116529464722 -1 -1 -1 -1 -1 -1 -1 -1 -1
0.5294039845466614 0.603224515914917 0.8375535607337952 -1 -1 -1 -1 -1 -1 -1 -1 -1
0.5296314358711243 0.6024590134620667 0.8546639680862427 -1 -1 -1 -1 -1 -1 -1 -1 -1
0.5379509329795837 0.6117540597915649 0.7723695635795593 -1 -1 -1 -1 -1 -1 -1 -1 -1
0.5327121615409851 0.5990582704544067 0.8590649962425232 -1 -1 -1 -1 -1 -1 -1 -1 -1
0.5307618379592896 0.6124548316001892 0.8075240850448608 -1 -1 -1 -1 -1 -1 -1 -1 -1
0.5298547148704529 0.610466718673706 0.8117498755455017 -1 -1 -1 -1 -1 -1 -1 -1 -1
0.5563614368438721 0.6281442642211914 0.9848716855049133 -1 -1 -1 -1 -1 -1 -1 -1 -1
0.5237922668457031 0.5767322182655334 0.9878937602043152 -1 -1 -1 -1 -1 -1 -1 -1 -1
0.5538632273674011 0.6575556993484497 0.18396371603012085 -1 -1 -1 -1 -1 -1 -1 -1 -1
0.5070629119873047 0.5705500245094299 0.11664818972349167 -1 -1 -1 -1 -1 -1 -1 -1 -1
0.535532534122467 0.642292857170105 0.08416769653558731 -1 -1 -1 -1 -1 -1 -1 -1 -1
0.5000870227813721 0.58281409740448 0.19396674633026123 -1 -1 -1 -1 -1 -1 -1 -1 -1
0.5309308767318726 0.6436600685119629 0.10105063021183014 -1 -1 -1 -1 -1 -1 -1 -1 -1
0.4956476092338562 0.5880193114280701 0.2130034863948822 -1 -1 -1 -1 -1 -1 -1 -1 -1
0.5296452641487122 0.6339977383613586 0.10453901439905167 -1 -1 -1 -1 -1 -1 -1 -1 -1
0.5005642175674438 0.5902639031410217 0.23814857006072998 -1 -1 -1 -1 -1 -1 -1 -1 -1
0.5301520228385925 0.6319403052330017 0.0893315002322197 -1 -1 -1 -1 -1 -1 -1 -1 -1
0.5032399296760559 0.5894409418106079 0.2944234311580658 -1 -1 -1 -1 -1 -1 -1 -1 -1
0.5506096482276917 0.6758490800857544 0.9999068975448608 -1 -1 -1 -1 -1 -1 -1 -1 -1
0.5281159281730652 0.6425473690032959 0.9994617104530334 -1 -1 -1 -1 -1 -1 -1 -1 -1
0.547313928604126 0.7640901207923889 0.9986801743507385 -1 -1 -1 -1 -1 -1 -1 -1 -1
0.4932229816913605 0.6084755659103394 0.7376452088356018 -1 -1 -1 -1 -1 -1 -1 -1 -1
0.5598074793815613 0.8446506261825562 0.998525083065033 -1 -1 -1 -1 -1 -1 -1 -1 -1
0.47195863723754883 0.6486626267433167 0.8627405762672424 -1 -1 -1 -1 -1 -1 -1 -1 -1
0.5651492476463318 0.8575946092605591 0.9874613881111145 -1 -1 -1 -1 -1 -1 -1 -1 -1
0.473471075296402 0.6649384498596191 0.8663291335105896 -1 -1 -1 -1 -1 -1 -1 -1 -1
0.548048734664917 0.872376024723053 0.9962072372436523 -1 -1 -1 -1 -1 -1 -1 -1 -1
0.4511094391345978 0.6433312296867371 0.863222599029541 -1 -1 -1 -1 -1 -1 -1 -1 -1
1 
33 
-1 -1 -1 -1 -1 -1 -1 -1 -1 -1
0.5209550857543945 0.5580471754074097 0.180984228849411 -1 -1 -1 -1 -1 -1 -1 -1 -1
0.5226227641105652 0.5567610263824463 0.15916289389133453 -1 -1 -1 -1 -1 -1 -1 -1 -1
0.5229761600494385 0.5559511780738831 0.14136472344398499 -1 -1 -1 -1 -1 -1 -1 -1 -1
0.5233173370361328 0.5552907586097717 0.16375680267810822 -1 -1 -1 -1 -1 -1 -1 -1 -1
0.5218279361724854 0.5580907464027405 0.09294510632753372 -1 -1 -1 -1 -1 -1 -1 -1 -1
0.5217607021331787 0.5582931041717529 0.0892011895775795 -1 -1 -1 -1 -1 -1 -1 -1 -1
0.5216906070709229 0.5584769248962402 0.09648729115724564 -1 -1 -1 -1 -1 -1 -1 -1 -1
0.5257497429847717 0.5504355430603027 0.09419640898704529 -1 -1 -1 -1 -1 -1 -1 -1 -1
0.5182285308837891 0.5500584840774536 0.05707166716456413 -1 -1 -1 -1 -1 -1 -1 -1 -1
0.5209072828292847 0.55641770362854 0.173067107796669 -1 -1 -1 -1 -1 -1 -1 -1 -1
0.5211922526359558 0.557915210723877 0.09504850208759308 -1 -1 -1 -1 -1 -1 -1 -1 -1
0.5388043522834778 0.553148627281189 0.9692469239234924 -1 -1 -1 -1 -1 -1 -1 -1 -1
0.508856475353241 0.5419420003890991 0.9122409224510193 -1 -1 -1 -1 -1 -1 -1 -1 -1
0.5471224188804626 0.6005372405052185 0.279397189617157 -1 -1 -1 -1 -1 -1 -1 -1 -1
0.5074347853660583 0.4822103679180145 0.5585824251174927 -1 -1 -1 -1 -1 -1 -1 -1 -1
0.549347996711731 0.6404950618743896 0.19421003758907318 -1 -1 -1 -1 -1 -1 -1 -1 -1
0.5142089128494263 0.4181337356567383 0.7305209040641785 -1 -1 -1 -1 -1 -1 -1 -1 -1
0.5502275228500366 0.6536977291107178 0.1646052449941635 -1 -1 -1 -1 -1 -1 -1 -1 -1
0.5149064660072327 0.405705988407135 0.6648528575897217 -1 -1 -1 -1 -1 -1 -1 -1 -1
0.5504269599914551 0.6551023125648499 0.18802721798419952 -1 -1 -1 -1 -1 -1 -1 -1 -1
0.5157337784767151 0.4072014093399048 0.6573166847229004 -1 -1 -1 -1 -1 -1 -1 -1 -1
0.5493016242980957 0.650335431098938 0.20144139230251312 -1 -1 -1 -1 -1 -1 -1 -1 -1
0.5154653787612915 0.4095759987831116 0.6577316522598267 -1 -1 -1 -1 -1 -1 -1 -1 -1
0.5329113006591797 0.6182655096054077 0.9998444318771362 -1 -1 -1 -1 -1 -1 -1 -1 -1
0.5129590630531311 0.6133082509040833 0.9996289014816284 -1 -1 -1 -1 -1 -1 -1 -1 -1
0.5577593445777893 0.7136533260345459 0.9634075164794922 -1 -1 -1 -1 -1 -1 -1 -1 -1
0.48361197113990784 0.608992338180542 0.5515316724777222 -1 -1 -1 -1 -1 -1 -1 -1 -1
0.557883083820343 0.8342828750610352 0.9602755308151245 -1 -1 -1 -1 -1 -1 -1 -1 -1
0.4748552143573761 0.668653130531311 0.6801000237464905 -1 -1 -1 -1 -1 -1 -1 -1 -1
0.5485637784004211 0.8438597917556763 0.9109294414520264 -1 -1 -1 -1 -1 -1 -1 -1 -1
0.474392831325531 0.6790436506271362 0.7279015779495239 -1 -1 -1 -1 -1 -1 -1 -1 -1
0.5610173344612122 0.8672803640365601 0.933381974697113 -1 -1 -1 -1 -1 -1 -1 -1 -1
0.4647357165813446 0.6775283217430115 0.7333803772926331 -1 -1 -1 -1 -1 -1 -1 -1 -1
1 
33 
-1 -1 -1 -1 -1 -1 -1 -1 -1 -1
0.5229532718658447 0.3687845766544342 0.9755309224128723 -1 -1 -1 -1 -1 -1 -1 -1 -1
0.52940434217453 0.3578280806541443 0.9662997722625732 -1 -1 -1 -1 -1 -1 -1 -1 -1
0.5294917821884155 0.35734039545059204 0.9601168632507324 -1 -1 -1 -1 -1 -1 -1 -1 -1
0.5293962359428406 0.3565274178981781 0.9682754874229431 -1 -1 -1 -1 -1 -1 -1 -1 -1
0.5245267152786255 0.3621272146701813 0.9615982174873352 -1 -1 -1 -1 -1 -1 -1 -1 -1
0.5244511365890503 0.36171361804008484 0.9560174942016602 -1 -1 -1 -1 -1 -1 -1 -1 -1
0.5243690609931946 0.36133792996406555 0.9699269533157349 -1 -1 -1 -1 -1 -1 -1 -1 -1
0.5290021300315857 0.3557511568069458 0.9489656686782837 -1 -1 -1 -1 -1 -1 -1 -1 -1
0.5272342562675476 0.36306074261665344 0.9557650089263916 -1 -1 -1 -1 -1 -1 -1 -1 -1
0.5243715047836304 0.3762793242931366 0.9348157048225403 -1 -1 -1 -1 -1 -1 -1 -1 -1
0.5232251882553101 0.37579935789108276 0.9379532933235168 -1 -1 -1 -1 -1 -1 -1 -1 -1
0.5434269309043884 0.40920281410217285 0.9991488456726074 -1 -1 -1 -1 -1 -1 -1 -1 -1
0.5203939080238342 0.39087897539138794 0.9993759989738464 -1 -1 -1 -1 -1 -1 -1 -1 -1
0.5479639768600464 0.4578523337841034 0.23041200637817383 -1 -1 -1 -1 -1 -1 -1 -1 -1
0.5033708810806274 0.4340795874595642 0.1962476670742035 -1 -1 -1 -1 -1 -1 -1 -1 -1
0.5493643879890442 0.46401581168174744 0.19159738719463348 -1 -1 -1 -1 -1 -1 -1 -1 -1
0.49833738803863525 0.45168572664260864 0.15631188452243805 -1 -1 -1 -1 -1 -1 -1 -1 -1
0.5498794317245483 0.46863970160484314 0.19127635657787323 -1 -1 -1 -1 -1 -1 -1 -1 -1
0.4968431890010834 0.457833468914032 0.17841096222400665 -1 -1 -1 -1 -1 -1 -1 -1 -1
0.5506440997123718 0.4639889895915985 0.1829349398612976 -1 -1 -1 -1 -1 -1 -1 -1 -1
0.4969964921474457 0.453810453414917 0.17869652807712555 -1 -1 -1 -1 -1 -1 -1 -1 -1
0.5497421026229858 0.4619359076023102 0.16549716889858246 -1 -1 -1 -1 -1 -1 -1 -1 -1
0.4979797899723053 0.4520713984966278 0.1776275634765625 -1 -1 -1 -1 -1 -1 -1 -1 -1
0.5245670080184937 0.5306459069252014 0.9995589852333069 -1 -1 -1 -1 -1 -1 -1 -1 -1
0.5109268426895142 0.515549898147583 0.999110758304596 -1 -1 -1 -1 -1 -1 -1 -1 -1
0.538612961769104 0.6261494755744934 0.7223795652389526 -1 -1 -1 -1 -1 -1 -1 -1 -1
0.5234672427177429 0.5781838893890381 0.650537371635437 -1 -1 -1 -1 -1 -1 -1 -1 -1
0.5528764128684998 0.7235015630722046 0.801139235496521 -1 -1 -1 -1 -1 -1 -1 -1 -1
0.5187972784042358 0.6642636060714722 0.5723061561584473 -1 -1 -1 -1 -1 -1 -1 -1 -1
0.5435637831687927 0.7442612648010254 0.6867754459381104 -1 -1 -1 -1 -1 -1 -1 -1 -1
0.5185041427612305 0.6770793199539185 0.5047633647918701 -1 -1 -1 -1 -1 -1 -1 -1 -1
0.5543562173843384 0.7730216979980469 0.7811316847801208 -1 -1 -1 -1 -1 -1 -1 -1 -1
0.5148342847824097 0.6928380727767944 0.6712467074394226 -1 -1 -1 -1 -1 -1 -1 -1 -1
1 
33 
-1 -1 -1 -1 -1 -1 -1 -1 -1 -1
0.5536444783210754 0.332263708114624 0.9054028391838074 -1 -1 -1 -1 -1 -1 -1 -1 -1
0.5579562783241272 0.3313682973384857 0.9427602291107178 -1 -1 -1 -1 -1 -1 -1 -1 -1
0.5588002800941467 0.332707941532135 0.8509868383407593 -1 -1 -1 -1 -1 -1 -1 -1 -1
0.5596111416816711 0.33394855260849 0.9427276253700256 -1 -1 -1 -1 -1 -1 -1 -1 -1
0.5562323927879333 0.3289543390274048 0.9075029492378235 -1 -1 -1 -1 -1 -1 -1 -1 -1
0.5557529926300049 0.32819482684135437 0.6973820924758911 -1 -1 -1 -1 -1 -1 -1 -1 -1
0.5552170276641846 0.3274562656879425 0.8469119071960449 -1 -1 -1 -1 -1 -1 -1 -1 -1
0.561278760433197 0.33922556042671204 0.9512284398078918 -1 -1 -1 -1 -1 -1 -1 -1 -1
0.5550981163978577 0.32957160472869873 0.7825836539268494 -1 -1 -1 -1 -1 -1 -1 -1 -1
0.5531445741653442 0.3382799029350281 0.5871192812919617 -1 -1 -1 -1 -1 -1 -1 -1 -1
0.5509018301963806 0.3348192572593689 0.4266033172607422 -1 -1 -1 -1 -1 -1 -1 -1 -1
0.5554544925689697 0.35749351978302 0.869588315486908 -1 -1 -1 -1 -1 -1 -1 -1 -1
0.5459062457084656 0.3437027633190155 0.2394622564315796 -1 -1 -1 -1 -1 -1 -1 -1 -1
0.5590792298316956 0.3762929439544678 0.9760625958442688 -1 -1 -1 -1 -1 -1 -1 -1 -1
0.5275020599365234 0.355182021856308 0.16010573506355286 -1 -1 -1 -1 -1 -1 -1 -1 -1
0.5519943237304688 0.3557775020599365 0.923454999923706 -1 -1 -1 -1 -1 -1 -1 -1 -1
0.5255529284477234 0.3964509069919586 0.383478045463562 -1 -1 -1 -1 -1 -1 -1 -1 -1
0.5519134402275085 0.35266947746276855 0.8005863428115845 -1 -1 -1 -1 -1 -1 -1 -1 -1
0.5246939063072205 0.41102102398872375 0.30609768629074097 -1 -1 -1 -1 -1 -1 -1 -1 -1
0.5507819056510925 0.34739071130752563 0.8506723046302795 -1 -1 -1 -1 -1 -1 -1 -1 -1
0.5255414247512817 0.40943944454193115 0.34170466661453247 -1 -1 -1 -1 -1 -1 -1 -1 -1
0.5498355031013489 0.34991171956062317 0.8739850521087646 -1 -1 -1 -1 -1 -1 -1 -1 -1
0.5238368511199951 0.40383362770080566 0.3936310410499573 -1 -1 -1 -1 -1 -1 -1 -1 -1
0.5284793972969055 0.40411385893821716 0.7116036415100098 -1 -1 -1 -1 -1 -1 -1 -1 -1
0.5180472135543823 0.38919082283973694 0.43813833594322205 -1 -1 -1 -1 -1 -1 -1 -1 -1
0.5252494215965271 0.4594857692718506 0.038995418697595596 -1 -1 -1 -1 -1 -1 -1 -1 -1
0.5152094960212708 0.4319252073764801 0.021812964230775833 -1 -1 -1 -1 -1 -1 -1 -1 -1
0.5241397619247437 0.471277117729187 0.00596202677115798 -1 -1 -1 -1 -1 -1 -1 -1 -1
0.5187775492668152 0.44537895917892456 0.003935678396373987 -1 -1 -1 -1 -1 -1 -1 -1 -1
0.5237403512001038 0.47403484582901 0.028918365016579628 -1 -1 -1 -1 -1 -1 -1 -1 -1
0.5170915126800537 0.45534902811050415 0.16842252016067505 -1 -1 -1 -1 -1 -1 -1 -1 -1
0.5229842066764832 0.48432034254074097 0.015045547857880592 -1 -1 -1 -1 -1 -1 -1 -1 -1
0.5127984881401062 0.4306162893772125 0.008990559726953506 -1 -1 -1 -1 -1 -1 -1 -1 -1
1 
