33
1 
33 
-1 -1 -1 -1 -1 -1 -1 -1 -1 -1
0.5065874457359314 0.3567540645599365 0.9960927367210388 -1 -1 -1 -1 -1 -1 -1 -1 -1
0.5006131529808044 0.34513360261917114 0.9961744546890259 -1 -1 -1 -1 -1 -1 -1 -1 -1
0.5015795230865479 0.34458786249160767 0.9948599338531494 -1 -1 -1 -1 -1 -1 -1 -1 -1
0.5040847063064575 0.34330958127975464 0.9976353645324707 -1 -1 -1 -1 -1 -1 -1 -1 -1
0.5031868815422058 0.35090625286102295 0.9972783923149109 -1 -1 -1 -1 -1 -1 -1 -1 -1
0.5017994046211243 0.3502846956253052 0.9972872734069824 -1 -1 -1 -1 -1 -1 -1 -1 -1
0.5003812909126282 0.34967169165611267 0.998184859752655 -1 -1 -1 -1 -1 -1 -1 -1 -1
0.50070720911026 0.36168786883354187 0.9946681261062622 -1 -1 -1 -1 -1 -1 -1 -1 -1
0.49369463324546814 0.3544473648071289 0.9975582361221313 -1 -1 -1 -1 -1 -1 -1 -1 -1
0.5051866769790649 0.36647289991378784 0.9927124977111816 -1 -1 -1 -1 -1 -1 -1 -1 -1
0.5026291012763977 0.3634716868400574 0.9925850033760071 -1 -1 -1 -1 -1 -1 -1 -1 -1
0.503432035446167 0.3960605263710022 0.9964404702186584 -1 -1 -1 -1 -1 -1 -1 -1 -1
0.4777643084526062 0.3859739303588867 0.9978265166282654 -1 -1 -1 -1 -1 -1 -1 -1 -1
0.5137828588485718 0.40857115387916565 0.05641365796327591 -1 -1 -1 -1 -1 -1 -1 -1 -1
0.5012900829315186 0.34527772665023804 0.7501142024993896 -1 -1 -1 -1 -1 -1 -1 -1 -1
0.5185543894767761 0.40436071157455444 0.06138227507472038 -1 -1 -1 -1 -1 -1 -1 -1 -1
0.5146921277046204 0.2828393578529358 0.7744788527488708 -1 -1 -1 -1 -1 -1 -1 -1 -1
0.5196897387504578 0.40456730127334595 0.07259878516197205 -1 -1 -1 -1 -1 -1 -1 -1 -1
0.5192054510116577 0.2685726284980774 0.7894002795219421 -1 -1 -1 -1 -1 -1 -1 -1 -1
0.518311619758606 0.4021269381046295 0.06720511615276337 -1 -1 -1 -1 -1 -1 -1 -1 -1
0.5153395533561707 0.2685929834842682 0.7414752840995789 -1 -1 -1 -1 -1 -1 -1 -1 -1
0.5178196430206299 0.4016067385673523 0.07831209152936935 -1 -1 -1 -1 -1 -1 -1 -1 -1
0.5137770771980286 0.2746015191078186 0.5941322445869446 -1 -1 -1 -1 -1 -1 -1 -1 -1
0.5122372508049011 0.4965254068374634 0.9999384880065918 -1 -1 -1 -1 -1 -1 -1 -1 -1
0.48951706290245056 0.5005486607551575 0.9999510049819946 -1 -1 -1 -1 -1 -1 -1 -1 -1
0.5352550745010376 0.5763587355613708 0.9613224267959595 -1 -1 -1 -1 -1 -1 -1 -1 -1
0.4948786199092865 0.5875594615936279 0.9812039732933044 -1 -1 -1 -1 -1 -1 -1 -1 -1
0.5152560472488403 0.6369012594223022 0.8362058401107788 -1 -1 -1 -1 -1 -1 -1 -1 -1
0.4932350814342499 0.6780346632003784 0.9684104919433594 -1 -1 -1 -1 -1 -1 -1 -1 -1
0.5085485577583313 0.6399252414703369 0.8858619928359985 -1 -1 -1 -1 -1 -1 -1 -1 -1
0.4886884093284607 0.6854018568992615 0.8890044093132019 -1 -1 -1 -1 -1 -1 -1 -1 -1
0.5212242603302002 0.6684499979019165 0.9177666902542114 -1 -1 -1 -1 -1 -1 -1 -1 -1
0.5014729499816895 0.7140725255012512 0.97852623462677 -1 -1 -1 -1 -1 -1 -1 -1 -1
1 
33 
-1 -1 -1 -1 -1 -1 -1 -1 -1 -1
0.47918587923049927 0.49478185176849365 0.9813205599784851 -1 -1 -1 -1 -1 -1 -1 -1 -1
0.4779931604862213 0.4894542694091797 0.9765071868896484 -1 -1 -1 -1 -1 -1 -1 -1 -1
0.4784022271633148 0.4881262481212616 0.9760436415672302 -1 -1 -1 -1 -1 -1 -1 -1 -1
0.4788210093975067 0.4868357479572296 0.9829030632972717 -1 -1 -1 -1 -1 -1 -1 -1 -1
0.47713321447372437 0.4914208650588989 0.9783329367637634 -1 -1 -1 -1 -1 -1 -1 -1 -1
0.4767306447029114 0.49185964465141296 0.9712221622467041 -1 -1 -1 -1 -1 -1 -1 -1 -1
0.4763428270816803 0.4922808110713959 0.9768416285514832 -1 -1 -1 -1 -1 -1 -1 -1 -1
0.4801972210407257 0.48160430788993835 0.9840164184570312 -1 -1 -1 -1 -1 -1 -1 -1 -1
0.4768505096435547 0.4886847734451294 0.9729219675064087 -1 -1 -1 -1 -1 -1 -1 -1 -1
0.48162662982940674 0.4932345449924469 0.9713103175163269 -1 -1 -1 -1 -1 -1 -1 -1 -1
0.4803084433078766 0.4961058497428894 0.965764582157135 -1 -1 -1 -1 -1 -1 -1 -1 -1
0.4897826611995697 0.4804079830646515 0.9998685121536255 -1 -1 -1 -1 -1 -1 -1 -1 -1
0.48510485887527466 0.4902530908584595 0.9989107847213745 -1 -1 -1 -1 -1 -1 -1 -1 -1
0.5029973387718201 0.5118504762649536 0.826773464679718 -1 -1 -1 -1 -1 -1 -1 -1 -1
0.4916031062602997 0.5202761292457581 0.13566233217716217 -1 -1 -1 -1 -1 -1 -1 -1 -1
0.4999733865261078 0.546778678894043 0.4713269770145416 -1 -1 -1 -1 -1 -1 -1 -1 -1
0.491473525762558 0.5433200001716614 0.13732551038265228 -1 -1 -1 -1 -1 -1 -1 -1 -1
0.49970415234565735 0.5560598969459534 0.3893892765045166 -1 -1 -1 -1 -1 -1 -1 -1 -1
0.49131810665130615 0.5491301417350769 0.15210609138011932 -1 -1 -1 -1 -1 -1 -1 -1 -1
0.4979678690433502 0.5560497641563416 0.36213603615760803 -1 -1 -1 -1 -1 -1 -1 -1 -1
0.4906338155269623 0.5488361120223999 0.14823856949806213 -1 -1 -1 -1 -1 -1 -1 -1 -1
0.4982757568359375 0.5534082055091858 0.3056508004665375 -1 -1 -1 -1 -1 -1 -1 -1 -1
0.4911285638809204 0.5468193888664246 0.1642199456691742 -1 -1 -1 -1 -1 -1 -1 -1 -1
0.5092963576316833 0.5190240740776062 0.9990710020065308 -1 -1 -1 -1 -1 -1 -1 -1 -1
0.510585367679596 0.5216730833053589 0.9974507689476013 -1 -1 -1 -1 -1 -1 -1 -1 -1
0.5124567151069641 0.5672710537910461 0.4156019687652588 -1 -1 -1 -1 -1 -1 -1 -1 -1
0.5221722722053528 0.5482392311096191 0.10156018286943436 -1 -1 -1 -1 -1 -1 -1 -1 -1
0.521925687789917 0.6151378154754639 0.3283599317073822 -1 -1 -1 -1 -1 -1 -1 -1 -1
0.5391278862953186 0.574238121509552 0.0988614484667778 -1 -1 -1 -1 -1 -1 -1 -1 -1
0.5265671610832214 0.622231662273407 0.5881190299987793 -1 -1 -1 -1 -1 -1 -1 -1 -1
0.5435309410095215 0.5792343020439148 0.35542747378349304 -1 -1 -1 -1 -1 -1 -1 -1 -1
0.5166273713111877 0.6321333646774292 0.2669205963611603 -1 -1 -1 -1 -1 -1 -1 -1 -1
0.5356684923171997 0.5878713130950928 0.11839040368795395 -1 -1 -1 -1 -1 -1 -1 -1 -1
1 
33 
-1 -1 -1 -1 -1 -1 -1 -1 -1 -1
0.47143903374671936 0.48493972420692444 0.9690873622894287 -1 -1 -1 -1 -1 -1 -1 -1 -1
0.4694320559501648 0.4799642860889435 0.9608286619186401 -1 -1 -1 -1 -1 -1 -1 -1 -1
0.4697226583957672 0.47872984409332275 0.9548871517181396 -1 -1 -1 -1 -1 -1 -1 -1 -1
0.470034122467041 0.4775110185146332 0.9641101956367493 -1 -1 -1 -1 -1 -1 -1 -1 -1
0.4686882197856903 0.4825791120529175 0.9656787514686584 -1 -1 -1 -1 -1 -1 -1 -1 -1
0.46835094690322876 0.4834897518157959 0.9520664811134338 -1 -1 -1 -1 -1 -1 -1 -1 -1
0.46801790595054626 0.4843703508377075 0.9523682594299316 -1 -1 -1 -1 -1 -1 -1 -1 -1
0.47108185291290283 0.47553592920303345 0.9711177349090576 -1 -1 -1 -1 -1 -1 -1 -1 -1
0.46849310398101807 0.4843691289424896 0.9347163438796997 -1 -1 -1 -1 -1 -1 -1 -1 -1
0.4741043150424957 0.48521292209625244 0.967015266418457 -1 -1 -1 -1 -1 -1 -1 -1 -1
0.47305795550346375 0.4887436330318451 0.9466276168823242 -1 -1 -1 -1 -1 -1 -1 -1 -1
0.4810654819011688 0.4831851124763489 0.9992511868476868 -1 -1 -1 -1 -1 -1 -1 -1 -1
0.47935569286346436 0.4937514364719391 0.995456337928772 -1 -1 -1 -1 -1 -1 -1 -1 -1
0.49562519788742065 0.5202106237411499 0.6287967562675476 -1 -1 -1 -1 -1 -1 -1 -1 -1
0.4931812286376953 0.525678277015686 0.09771502017974854 -1 -1 -1 -1 -1 -1 -1 -1 -1
0.5009839534759521 0.5590582489967346 0.4706689119338989 -1 -1 -1 -1 -1 -1 -1 -1 -1
0.5002843737602234 0.5502579212188721 0.12555280327796936 -1 -1 -1 -1 -1 -1 -1 -1 -1
0.5036717057228088 0.5692086815834045 0.4224303364753723 -1 -1 -1 -1 -1 -1 -1 -1 -1
0.5027781128883362 0.5560358166694641 0.14074553549289703 -1 -1 -1 -1 -1 -1 -1 -1 -1
0.5009585022926331 0.569546103477478 0.42264264822006226 -1 -1 -1 -1 -1 -1 -1 -1 -1
0.5013517141342163 0.5562460422515869 0.13459013402462006 -1 -1 -1 -1 -1 -1 -1 -1 -1
0.500228226184845 0.5661807656288147 0.3561491072177887 -1 -1 -1 -1 -1 -1 -1 -1 -1
0.5009623765945435 0.5539060235023499 0.12262572348117828 -1 -1 -1 -1 -1 -1 -1 -1 -1
0.51241534948349 0.5170777440071106 0.996096670627594 -1 -1 -1 -1 -1 -1 -1 -1 -1
0.5115097761154175 0.5229397416114807 0.9944082498550415 -1 -1 -1 -1 -1 -1 -1 -1 -1
0.5143671631813049 0.5464938282966614 0.7460438013076782 -1 -1 -1 -1 -1 -1 -1 -1 -1
0.5163748860359192 0.5544741153717041 0.44774526357650757 -1 -1 -1 -1 -1 -1 -1 -1 -1
0.520591676235199 0.5998770594596863 0.8398439884185791 -1 -1 -1 -1 -1 -1 -1 -1 -1
0.5283318161964417 0.5998915433883667 0.6145243048667908 -1 -1 -1 -1 -1 -1 -1 -1 -1
0.5236595869064331 0.6063417196273804 0.8343601226806641 -1 -1 -1 -1 -1 -1 -1 -1 -1
0.5321812033653259 0.6048583388328552 0.7445328235626221 -1 -1 -1 -1 -1 -1 -1 -1 -1
0.5158305764198303 0.6186667680740356 0.7896303534507751 -1 -1 -1 -1 -1 -1 -1 -1 -1
0.524203360080719 0.6245489120483398 0.6344528794288635 -1 -1 -1 -1 -1 -1 -1 -1 -1
1 
33 
-1 -1 -1 -1 -1 -1 -1 -1 -1 -1
0.4806658625602722 0.48180970549583435 1.0 -1 -1 -1 -1 -1 -1 -1 -1 -1
0.4776250123977661 0.4813649356365204 1.0 -1 -1 -1 -1 -1 -1 -1 -1 -1
0.4780026078224182 0.48256680369377136 1.0 -1 -1 -1 -1 -1 -1 -1 -1 -1
0.4785868525505066 0.4835866689682007 1.0 -1 -1 -1 -1 -1 -1 -1 -1 -1
0.47637125849723816 0.47672197222709656 1.0 -1 -1 -1 -1 -1 -1 -1 -1 -1
0.47617220878601074 0.4748478829860687 1.0 -1 -1 -1 -1 -1 -1 -1 -1 -1
0.4763754606246948 0.4731067717075348 1.0 -1 -1 -1 -1 -1 -1 -1 -1 -1
0.47883063554763794 0.48661574721336365 1.0 -1 -1 -1 -1 -1 -1 -1 -1 -1
0.47687533497810364 0.47328078746795654 1.0 -1 -1 -1 -1 -1 -1 -1 -1 -1
0.4848802983760834 0.48516175150871277 1.0 -1 -1 -1 -1 -1 -1 -1 -1 -1
0.4840977191925049 0.4804537296295166 1.0 -1 -1 -1 -1 -1 -1 -1 -1 -1
0.486913800239563 0.4996950328350067 0.9999977350234985 -1 -1 -1 -1 -1 -1 -1 -1 -1
0.4829765260219574 0.4884982407093048 1.0 -1 -1 -1 -1 -1 -1 -1 -1 -1
0.5138076543807983 0.494561105966568 0.9901824593544006 -1 -1 -1 -1 -1 -1 -1 -1 -1
0.4863571524620056 0.5463085174560547 0.9971580505371094 -1 -1 -1 -1 -1 -1 -1 -1 -1
0.5222507119178772 0.5541550517082214 0.9509156346321106 -1 -1 -1 -1 -1 -1 -1 -1 -1
0.5069931149482727 0.551397442817688 0.9967689514160156 -1 -1 -1 -1 -1 -1 -1 -1 -1
0.5198881030082703 0.5714375972747803 0.8538054823875427 -1 -1 -1 -1 -1 -1 -1 -1 -1
0.5055617094039917 0.551598072052002 0.9967999458312988 -1 -1 -1 -1 -1 -1 -1 -1 -1
0.5128824710845947 0.5720499753952026 0.8502548933029175 -1 -1 -1 -1 -1 -1 -1 -1 -1
0.501424252986908 0.5461733341217041 0.9982680082321167 -1 -1 -1 -1 -1 -1 -1 -1 -1
0.5152228474617004 0.5667744874954224 0.9235526919364929 -1 -1 -1 -1 -1 -1 -1 -1 -1
0.5025377869606018 0.548948347568512 0.9987271428108215 -1 -1 -1 -1 -1 -1 -1 -1 -1
0.5134099125862122 0.5119238495826721 0.9662372469902039 -1 -1 -1 -1 -1 -1 -1 -1 -1
0.5088984966278076 0.5130326747894287 0.9951848387718201 -1 -1 -1 -1 -1 -1 -1 -1 -1
0.566504955291748 0.48254403471946716 0.9864787459373474 -1 -1 -1 -1 -1 -1 -1 -1 -1
0.5433388352394104 0.5718989372253418 0.9997064471244812 -1 -1 -1 -1 -1 -1 -1 -1 -1
0.5316177010536194 0.5596820116043091 0.029301391914486885 -1 -1 -1 -1 -1 -1 -1 -1 -1
0.5447173118591309 0.6171119213104248 0.0018575487192720175 -1 -1 -1 -1 -1 -1 -1 -1 -1
0.5230496525764465 0.5599769353866577 0.09991209954023361 -1 -1 -1 -1 -1 -1 -1 -1 -1
0.5489020943641663 0.627268373966217 0.3022935092449188 -1 -1 -1 -1 -1 -1 -1 -1 -1
0.5249638557434082 0.5960865616798401 0.023798560723662376 -1 -1 -1 -1 -1 -1 -1 -1 -1
0.5385815501213074 0.6161983013153076 0.0012301092501729727 -1 -1 -1 -1 -1 -1 -1 -1 -1
1 
33 
-1 -1 -1 -1 -1 -1 -1 -1 -1 -1
0.45242613554000854 0.46822360157966614 0.40472519397735596 -1 -1 -1 -1 -1 -1 -1 -1 -1
0.4516511559486389 0.4706389307975769 0.4110974669456482 -1 -1 -1 -1 -1 -1 -1 -1 -1
0.45183587074279785 0.47118231654167175 0.47192317247390747 -1 -1 -1 -1 -1 -1 -1 -1 -1
0.4520490765571594 0.47176191210746765 0.4957542419433594 -1 -1 -1 -1 -1 -1 -1 -1 -1
0.45142728090286255 0.4695289134979248 0.48406732082366943 -1 -1 -1 -1 -1 -1 -1 -1 -1
0.4514160752296448 0.4693022668361664 0.513778030872345 -1 -1 -1 -1 -1 -1 -1 -1 -1
0.45142504572868347 0.46906566619873047 0.4487009644508362 -1 -1 -1 -1 -1 -1 -1 -1 -1
0.4540739059448242 0.4718528389930725 0.6346814036369324 -1 -1 -1 -1 -1 -1 -1 -1 -1
0.44390541315078735 0.4629298746585846 0.6541290879249573 -1 -1 -1 -1 -1 -1 -1 -1 -1
0.45466214418411255 0.46797317266464233 0.4253794550895691 -1 -1 -1 -1 -1 -1 -1 -1 -1
0.4545404314994812 0.4664488434791565 0.3798898756504059 -1 -1 -1 -1 -1 -1 -1 -1 -1
0.4675871431827545 0.46878084540367126 0.9974608421325684 -1 -1 -1 -1 -1 -1 -1 -1 -1
0.4623029828071594 0.4651884436607361 0.9986786246299744 -1 -1 -1 -1 -1 -1 -1 -1 -1
0.48723018169403076 0.4967096447944641 0.006109494250267744 -1 -1 -1 -1 -1 -1 -1 -1 -1
0.47492650151252747 0.5028183460235596 0.11915582418441772 -1 -1 -1 -1 -1 -1 -1 -1 -1
0.4955575466156006 0.5270652770996094 0.012986389920115471 -1 -1 -1 -1 -1 -1 -1 -1 -1
0.47529739141464233 0.5255858898162842 0.09326599538326263 -1 -1 -1 -1 -1 -1 -1 -1 -1
0.4983551502227783 0.5365381240844727 0.030294422060251236 -1 -1 -1 -1 -1 -1 -1 -1 -1
0.4753762483596802 0.5298437476158142 0.14517436921596527 -1 -1 -1 -1 -1 -1 -1 -1 -1
0.4969773590564728 0.5360130667686462 0.03253857418894768 -1 -1 -1 -1 -1 -1 -1 -1 -1
0.47469353675842285 0.531021237373352 0.14383140206336975 -1 -1 -1 -1 -1 -1 -1 -1 -1
0.49546411633491516 0.531642496585846 0.035259928554296494 -1 -1 -1 -1 -1 -1 -1 -1 -1
0.4742733836174011 0.5294698476791382 0.13904207944869995 -1 -1 -1 -1 -1 -1 -1 -1 -1
0.49255263805389404 0.5169662237167358 0.9998441934585571 -1 -1 -1 -1 -1 -1 -1 -1 -1
0.49299538135528564 0.5137604475021362 0.9998354911804199 -1 -1 -1 -1 -1 -1 -1 -1 -1
0.5023512244224548 0.5743823051452637 0.2652997672557831 -1 -1 -1 -1 -1 -1 -1 -1 -1
0.5075256824493408 0.5645902752876282 0.8694701194763184 -1 -1 -1 -1 -1 -1 -1 -1 -1
0.49352118372917175 0.6522316336631775 0.5220656991004944 -1 -1 -1 -1 -1 -1 -1 -1 -1
0.4977167248725891 0.6566720604896545 0.8929978013038635 -1 -1 -1 -1 -1 -1 -1 -1 -1
0.4897535443305969 0.6428496241569519 0.5168259143829346 -1 -1 -1 -1 -1 -1 -1 -1 -1
0.49749433994293213 0.645899772644043 0.9238736033439636 -1 -1 -1 -1 -1 -1 -1 -1 -1
0.4929322898387909 0.6604426503181458 0.4373428225517273 -1 -1 -1 -1 -1 -1 -1 -1 -1
0.5068567991256714 0.6721124053001404 0.8188886642456055 -1 -1 -1 -1 -1 -1 -1 -1 -1
1 
33 
-1 -1 -1 -1 -1 -1 -1 -1 -1 -1
0.5183115005493164 0.36768215894699097 0.9941800832748413 -1 -1 -1 -1 -1 -1 -1 -1 -1
0.5176934003829956 0.3603477478027344 0.9904599189758301 -1 -1 -1 -1 -1 -1 -1 -1 -1
0.5173680186271667 0.3593634068965912 0.9867410063743591 -1 -1 -1 -1 -1 -1 -1 -1 -1
0.5169992446899414 0.35823550820350647 0.9901048541069031 -1 -1 -1 -1 -1 -1 -1 -1 -1
0.5170745253562927 0.3610285222530365 0.9944361448287964 -1 -1 -1 -1 -1 -1 -1 -1 -1
0.5163381695747375 0.36064648628234863 0.9935723543167114 -1 -1 -1 -1 -1 -1 -1 -1 -1
0.515582263469696 0.36012521386146545 0.9944827556610107 -1 -1 -1 -1 -1 -1 -1 -1 -1
0.5099955201148987 0.3551121950149536 0.9757747650146484 -1 -1 -1 -1 -1 -1 -1 -1 -1
0.5088484287261963 0.3570631146430969 0.9918763637542725 -1 -1 -1 -1 -1 -1 -1 -1 -1
0.5154803395271301 0.37098002433776855 0.9812043905258179 -1 -1 -1 -1 -1 -1 -1 -1 -1
0.5149836540222168 0.37160998582839966 0.9879300594329834 -1 -1 -1 -1 -1 -1 -1 -1 -1
0.4971827268600464 0.37446632981300354 0.9975728392601013 -1 -1 -1 -1 -1 -1 -1 -1 -1
0.4955591857433319 0.380739688873291 0.999392032623291 -1 -1 -1 -1 -1 -1 -1 -1 -1
0.5139120221138 0.3280015289783478 0.21562309563159943 -1 -1 -1 -1 -1 -1 -1 -1 -1
0.5195326805114746 0.3439599275588989 0.9875417351722717 -1 -1 -1 -1 -1 -1 -1 -1 -1
0.5261948704719543 0.28232789039611816 0.45088115334510803 -1 -1 -1 -1 -1 -1 -1 -1 -1
0.5369561910629272 0.29561346769332886 0.9741669297218323 -1 -1 -1 -1 -1 -1 -1 -1 -1
0.5300853848457336 0.2715812921524048 0.5017836093902588 -1 -1 -1 -1 -1 -1 -1 -1 -1
0.5436451435089111 0.28502896428108215 0.9572452306747437 -1 -1 -1 -1 -1 -1 -1 -1 -1
0.5315427184104919 0.2691923975944519 0.5158481597900391 -1 -1 -1 -1 -1 -1 -1 -1 -1
0.5428562164306641 0.2805250287055969 0.9533408284187317 -1 -1 -1 -1 -1 -1 -1 -1 -1
0.5295807123184204 0.2726672291755676 0.5271430015563965 -1 -1 -1 -1 -1 -1 -1 -1 -1
0.5401931405067444 0.2835031747817993 0.9149749279022217 -1 -1 -1 -1 -1 -1 -1 -1 -1
0.48933127522468567 0.5054145455360413 0.9993357062339783 -1 -1 -1 -1 -1 -1 -1 -1 -1
0.48394250869750977 0.506643533706665 0.9997212290763855 -1 -1 -1 -1 -1 -1 -1 -1 -1
0.5079701542854309 0.5809205770492554 0.23037801682949066 -1 -1 -1 -1 -1 -1 -1 -1 -1
0.5039117932319641 0.56876140832901 0.9562798142433167 -1 -1 -1 -1 -1 -1 -1 -1 -1
0.4948914051055908 0.6537888050079346 0.27749714255332947 -1 -1 -1 -1 -1 -1 -1 -1 -1
0.4953691065311432 0.6667465567588806 0.9634405970573425 -1 -1 -1 -1 -1 -1 -1 -1 -1
0.48875635862350464 0.6691036224365234 0.3632735311985016 -1 -1 -1 -1 -1 -1 -1 -1 -1
0.4891720414161682 0.6804587841033936 0.9495760202407837 -1 -1 -1 -1 -1 -1 -1 -1 -1
0.5115898251533508 0.6750909090042114 0.45785412192344666 -1 -1 -1 -1 -1 -1 -1 -1 -1
0.5135862231254578 0.6947370171546936 0.9645336270332336 -1 -1 -1 -1 -1 -1 -1 -1 -1
1 
33 
-1 -1 -1 -1 -1 -1 -1 -1 -1 -1
0.5273606181144714 0.38196465373039246 0.9616877436637878 -1 -1 -1 -1 -1 -1 -1 -1 -1
0.5273287892341614 0.37442702054977417 0.9428834915161133 -1 -1 -1 -1 -1 -1 -1 -1 -1
0.5267944931983948 0.37343019247055054 0.9429634213447571 -1 -1 -1 -1 -1 -1 -1 -1 -1
0.5263512134552002 0.3724917471408844 0.9497134685516357 -1 -1 -1 -1 -1 -1 -1 -1 -1
0.5268373489379883 0.3737739026546478 0.9490317106246948 -1 -1 -1 -1 -1 -1 -1 -1 -1
0.5260153412818909 0.3723299503326416 0.9542441964149475 -1 -1 -1 -1 -1 -1 -1 -1 -1
0.5253349542617798 0.3710523843765259 0.949449896812439 -1 -1 -1 -1 -1 -1 -1 -1 -1
0.5193163752555847 0.36406081914901733 0.9275050759315491 -1 -1 -1 -1 -1 -1 -1 -1 -1
0.5182129144668579 0.363463819026947 0.9371625781059265 -1 -1 -1 -1 -1 -1 -1 -1 -1
0.5230576992034912 0.38401326537132263 0.9089887142181396 -1 -1 -1 -1 -1 -1 -1 -1 -1
0.522621750831604 0.3824518918991089 0.9223122596740723 -1 -1 -1 -1 -1 -1 -1 -1 -1
0.508414089679718 0.37967628240585327 0.9901448488235474 -1 -1 -1 -1 -1 -1 -1 -1 -1
0.5036802887916565 0.3829783797264099 0.9953355193138123 -1 -1 -1 -1 -1 -1 -1 -1 -1
0.5262348651885986 0.3342958986759186 0.07695401459932327 -1 -1 -1 -1 -1 -1 -1 -1 -1
0.5328389406204224 0.32274019718170166 0.9111561179161072 -1 -1 -1 -1 -1 -1 -1 -1 -1
0.5398678779602051 0.3210456073284149 0.03946530818939209 -1 -1 -1 -1 -1 -1 -1 -1 -1
0.5370950102806091 0.29279324412345886 0.6435853242874146 -1 -1 -1 -1 -1 -1 -1 -1 -1
0.5437883734703064 0.31908416748046875 0.04908756539225578 -1 -1 -1 -1 -1 -1 -1 -1 -1
0.5384831428527832 0.2873636782169342 0.5976742506027222 -1 -1 -1 -1 -1 -1 -1 -1 -1
0.5396392345428467 0.3214446008205414 0.054396387189626694 -1 -1 -1 -1 -1 -1 -1 -1 -1
0.5353791117668152 0.2936149835586548 0.5826478004455566 -1 -1 -1 -1 -1 -1 -1 -1 -1
0.538433313369751 0.3237040638923645 0.06668123602867126 -1 -1 -1 -1 -1 -1 -1 -1 -1
0.5343800783157349 0.29712581634521484 0.5214911699295044 -1 -1 -1 -1 -1 -1 -1 -1 -1
0.4872318506240845 0.5184327960014343 0.9987683892250061 -1 -1 -1 -1 -1 -1 -1 -1 -1
0.4823496341705322 0.5195687413215637 0.9984662532806396 -1 -1 -1 -1 -1 -1 -1 -1 -1
0.5128026604652405 0.5899325013160706 0.17398695647716522 -1 -1 -1 -1 -1 -1 -1 -1 -1
0.5090839266777039 0.581672191619873 0.9455963969230652 -1 -1 -1 -1 -1 -1 -1 -1 -1
0.49504607915878296 0.6743847131729126 0.2879202663898468 -1 -1 -1 -1 -1 -1 -1 -1 -1
0.49499040842056274 0.6808653473854065 0.9434422254562378 -1 -1 -1 -1 -1 -1 -1 -1 -1
0.4890812933444977 0.6884028911590576 0.3255620300769806 -1 -1 -1 -1 -1 -1 -1 -1 -1
0.48736244440078735 0.6960141658782959 0.9293376803398132 -1 -1 -1 -1 -1 -1 -1 -1 -1
0.5144468545913696 0.6968935132026672 0.5030783414840698 -1 -1 -1 -1 -1 -1 -1 -1 -1
0.5160753130912781 0.707249104976654 0.9429154992103577 -1 -1 -1 -1 -1 -1 -1 -1 -1
1 
33 
-1 -1 -1 -1 -1 -1 -1 -1 -1 -1
0.5212150812149048 0.41832125186920166 0.9512736797332764 -1 -1 -1 -1 -1 -1 -1 -1 -1
0.5226686000823975 0.41097748279571533 0.9350636005401611 -1 -1 -1 -1 -1 -1 -1 -1 -1
0.5225609540939331 0.41049331426620483 0.9193798303604126 -1 -1 -1 -1 -1 -1 -1 -1 -1
0.5224775671958923 0.41005879640579224 0.9477635622024536 -1 -1 -1 -1 -1 -1 -1 -1 -1
0.5216284394264221 0.41032490134239197 0.9501316547393799 -1 -1 -1 -1 -1 -1 -1 -1 -1
0.5207533240318298 0.40933459997177124 0.9468730688095093 -1 -1 -1 -1 -1 -1 -1 -1 -1
0.52004075050354 0.40844136476516724 0.9529210925102234 -1 -1 -1 -1 -1 -1 -1 -1 -1
0.5141129493713379 0.4051474332809448 0.9010590314865112 -1 -1 -1 -1 -1 -1 -1 -1 -1
0.5117842555046082 0.4028313457965851 0.9051052927970886 -1 -1 -1 -1 -1 -1 -1 -1 -1
0.5166035890579224 0.4195922315120697 0.816348671913147 -1 -1 -1 -1 -1 -1 -1 -1 -1
0.5154482126235962 0.41889458894729614 0.8484479784965515 -1 -1 -1 -1 -1 -1 -1 -1 -1
0.4965939223766327 0.42124027013778687 0.9746310114860535 -1 -1 -1 -1 -1 -1 -1 -1 -1
0.4930133521556854 0.41915714740753174 0.9928016662597656 -1 -1 -1 -1 -1 -1 -1 -1 -1
0.5058906674385071 0.37759754061698914 0.07060248404741287 -1 -1 -1 -1 -1 -1 -1 -1 -1
0.5140016674995422 0.37196627259254456 0.9268364906311035 -1 -1 -1 -1 -1 -1 -1 -1 -1
0.5161888599395752 0.340636670589447 0.1338941603899002 -1 -1 -1 -1 -1 -1 -1 -1 -1
0.5164260268211365 0.3300027847290039 0.898582398891449 -1 -1 -1 -1 -1 -1 -1 -1 -1
0.5165086984634399 0.32459893822669983 0.18202254176139832 -1 -1 -1 -1 -1 -1 -1 -1 -1
0.5180268287658691 0.31590139865875244 0.8843019008636475 -1 -1 -1 -1 -1 -1 -1 -1 -1
0.5175908207893372 0.32247090339660645 0.18498362600803375 -1 -1 -1 -1 -1 -1 -1 -1 -1
0.5184312462806702 0.3145619332790375 0.8703905940055847 -1 -1 -1 -1 -1 -1 -1 -1 -1
0.5171275734901428 0.3260086476802826 0.21065543591976166 -1 -1 -1 -1 -1 -1 -1 -1 -1
0.5182227492332458 0.3184890151023865 0.8107223510742188 -1 -1 -1 -1 -1 -1 -1 -1 -1
0.4855748414993286 0.5368717312812805 0.9957764744758606 -1 -1 -1 -1 -1 -1 -1 -1 -1
0.48083338141441345 0.5358591079711914 0.9951865077018738 -1 -1 -1 -1 -1 -1 -1 -1 -1
0.5158563256263733 0.5892586708068848 0.2111155241727829 -1 -1 -1 -1 -1 -1 -1 -1 -1
0.5104312300682068 0.5862810611724854 0.9562791585922241 -1 -1 -1 -1 -1 -1 -1 -1 -1
0.4939015805721283 0.6674547791481018 0.25828900933265686 -1 -1 -1 -1 -1 -1 -1 -1 -1
0.49172696471214294 0.6803652048110962 0.9520663619041443 -1 -1 -1 -1 -1 -1 -1 -1 -1
0.4868437945842743 0.6804714202880859 0.32952404022216797 -1 -1 -1 -1 -1 -1 -1 -1 -1
0.48330944776535034 0.6960432529449463 0.9325552582740784 -1 -1 -1 -1 -1 -1 -1 -1 -1
0.508469820022583 0.6963355541229248 0.4393727481365204 -1 -1 -1 -1 -1 -1 -1 -1 -1
0.5094707608222961 0.7082833051681519 0.9464290738105774 -1 -1 -1 -1 -1 -1 -1 -1 -1
1 
33 
-1 -1 -1 -1 -1 -1 -1 -1 -1 -1
0.5300801396369934 0.42132818698883057 0.9881308078765869 -1 -1 -1 -1 -1 -1 -1 -1 -1
0.5327292680740356 0.4199334979057312 0.9831745028495789 -1 -1 -1 -1 -1 -1 -1 -1 -1
0.5319646000862122 0.4200437068939209 0.9800167083740234 -1 -1 -1 -1 -1 -1 -1 -1 -1
0.5312318205833435 0.4201708436012268 0.9868164658546448 -1 -1 -1 -1 -1 -1 -1 -1 -1
0.5328953266143799 0.4192138910293579 0.9897637367248535 -1 -1 -1 -1 -1 -1 -1 -1 -1
0.5323246121406555 0.41854891180992126 0.9892233610153198 -1 -1 -1 -1 -1 -1 -1 -1 -1
0.5317417979240417 0.41792309284210205 0.9910798668861389 -1 -1 -1 -1 -1 -1 -1 -1 -1
0.5227465629577637 0.4178561568260193 0.982282817363739 -1 -1 -1 -1 -1 -1 -1 -1 -1
0.5226885080337524 0.415341317653656 0.9900051951408386 -1 -1 -1 -1 -1 -1 -1 -1 -1
0.5218510627746582 0.42396461963653564 0.9760690927505493 -1 -1 -1 -1 -1 -1 -1 -1 -1
0.5225065350532532 0.4215843379497528 0.9760206937789917 -1 -1 -1 -1 -1 -1 -1 -1 -1
0.5017147660255432 0.42073991894721985 0.9928101301193237 -1 -1 -1 -1 -1 -1 -1 -1 -1
0.48778036236763 0.43590372800827026 0.9935446977615356 -1 -1 -1 -1 -1 -1 -1 -1 -1
0.4983368515968323 0.3777890205383301 0.18822979927062988 -1 -1 -1 -1 -1 -1 -1 -1 -1
0.4889650046825409 0.40834131836891174 0.7135902047157288 -1 -1 -1 -1 -1 -1 -1 -1 -1
0.5098370909690857 0.3518608808517456 0.16068212687969208 -1 -1 -1 -1 -1 -1 -1 -1 -1
0.49638932943344116 0.3796641230583191 0.5119369029998779 -1 -1 -1 -1 -1 -1 -1 -1 -1
0.5130480527877808 0.3471687138080597 0.16928936541080475 -1 -1 -1 -1 -1 -1 -1 -1 -1
0.5059576630592346 0.3629608154296875 0.46444907784461975 -1 -1 -1 -1 -1 -1 -1 -1 -1
0.5134320855140686 0.35030102729797363 0.18713164329528809 -1 -1 -1 -1 -1 -1 -1 -1 -1
0.5062112212181091 0.3627322316169739 0.4851435720920563 -1 -1 -1 -1 -1 -1 -1 -1 -1
0.5123451948165894 0.3520253598690033 0.20489908754825592 -1 -1 -1 -1 -1 -1 -1 -1 -1
0.506342887878418 0.3635481894016266 0.4196299612522125 -1 -1 -1 -1 -1 -1 -1 -1 -1
0.5123175978660583 0.5381466746330261 0.9997329115867615 -1 -1 -1 -1 -1 -1 -1 -1 -1
0.49934014678001404 0.54986971616745 0.9997358918190002 -1 -1 -1 -1 -1 -1 -1 -1 -1
0.5310032367706299 0.5940656661987305 0.5492095947265625 -1 -1 -1 -1 -1 -1 -1 -1 -1
0.519102156162262 0.6172981262207031 0.8983997106552124 -1 -1 -1 -1 -1 -1 -1 -1 -1
0.49309223890304565 0.6682049036026001 0.6221424341201782 -1 -1 -1 -1 -1 -1 -1 -1 -1
0.4927951395511627 0.6751663088798523 0.8053704500198364 -1 -1 -1 -1 -1 -1 -1 -1 -1
0.4856625497341156 0.6770396828651428 0.5444725751876831 -1 -1 -1 -1 -1 -1 -1 -1 -1
0.4845285415649414 0.6723345518112183 0.7062326073646545 -1 -1 -1 -1 -1 -1 -1 -1 -1
0.49752190709114075 0.6994850635528564 0.7321719527244568 -1 -1 -1 -1 -1 -1 -1 -1 -1
0.49922654032707214 0.7066702842712402 0.8601769208908081 -1 -1 -1 -1 -1 -1 -1 -1 -1
1 
33 
-1 -1 -1 -1 -1 -1 -1 -1 -1 -1
0.5215003490447998 0.44746702909469604 0.9947323799133301 -1 -1 -1 -1 -1 -1 -1 -1 -1
0.5210677981376648 0.4393726587295532 0.9947851300239563 -1 -1 -1 -1 -1 -1 -1 -1 -1
0.5204252004623413 0.4388764500617981 0.9932606816291809 -1 -1 -1 -1 -1 -1 -1 -1 -1
0.5197986960411072 0.4384181499481201 0.9951359629631042 -1 -1 -1 -1 -1 -1 -1 -1 -1
0.521026074886322 0.4392017126083374 0.996403694152832 -1 -1 -1 -1 -1 -1 -1 -1 -1
0.5201842188835144 0.43842509388923645 0.9961645603179932 -1 -1 -1 -1 -1 -1 -1 -1 -1
0.5193471312522888 0.4376651644706726 0.9966574907302856 -1 -1 -1 -1 -1 -1 -1 -1 -1
0.5118770599365234 0.43361133337020874 0.9950847029685974 -1 -1 -1 -1 -1 -1 -1 -1 -1
0.5110827088356018 0.4328196048736572 0.9946838021278381 -1 -1 -1 -1 -1 -1 -1 -1 -1
0.5163065791130066 0.45120614767074585 0.9786437153816223 -1 -1 -1 -1 -1 -1 -1 -1 -1
0.5162940621376038 0.4504825472831726 0.9826852083206177 -1 -1 -1 -1 -1 -1 -1 -1 -1
0.49275001883506775 0.4528830647468567 0.9957138299942017 -1 -1 -1 -1 -1 -1 -1 -1 -1
0.4906647801399231 0.4539076089859009 0.997448742389679 -1 -1 -1 -1 -1 -1 -1 -1 -1
0.49117112159729004 0.4451676309108734 0.041844721883535385 -1 -1 -1 -1 -1 -1 -1 -1 -1
0.4907437860965729 0.45267391204833984 0.6202117204666138 -1 -1 -1 -1 -1 -1 -1 -1 -1
0.501113772392273 0.4396366477012634 0.07128449529409409 -1 -1 -1 -1 -1 -1 -1 -1 -1
0.48982661962509155 0.440807044506073 0.5615566372871399 -1 -1 -1 -1 -1 -1 -1 -1 -1
0.5037548542022705 0.4395125210285187 0.1091717928647995 -1 -1 -1 -1 -1 -1 -1 -1 -1
0.48998525738716125 0.44067978858947754 0.6355093717575073 -1 -1 -1 -1 -1 -1 -1 -1 -1
0.5035094618797302 0.43926090002059937 0.11839213967323303 -1 -1 -1 -1 -1 -1 -1 -1 -1
0.4903397858142853 0.4372657537460327 0.6494089365005493 -1 -1 -1 -1 -1 -1 -1 -1 -1
0.5029904246330261 0.4398152828216553 0.12622755765914917 -1 -1 -1 -1 -1 -1 -1 -1 -1
0.4897775650024414 0.43790602684020996 0.5566749572753906 -1 -1 -1 -1 -1 -1 -1 -1 -1
0.49140438437461853 0.5801709890365601 0.9991438388824463 -1 -1 -1 -1 -1 -1 -1 -1 -1
0.4873083233833313 0.5837278366088867 0.9991672039031982 -1 -1 -1 -1 -1 -1 -1 -1 -1
0.5163009762763977 0.6018267273902893 0.2897643446922302 -1 -1 -1 -1 -1 -1 -1 -1 -1
0.5178056955337524 0.6065290570259094 0.9513564109802246 -1 -1 -1 -1 -1 -1 -1 -1 -1
0.492876797914505 0.669572114944458 0.4217340052127838 -1 -1 -1 -1 -1 -1 -1 -1 -1
0.4894970953464508 0.6828456521034241 0.9229461550712585 -1 -1 -1 -1 -1 -1 -1 -1 -1
0.48386824131011963 0.6860453486442566 0.4935988485813141 -1 -1 -1 -1 -1 -1 -1 -1 -1
0.48107102513313293 0.6949852705001831 0.8772945404052734 -1 -1 -1 -1 -1 -1 -1 -1 -1
0.5053004622459412 0.7039565443992615 0.5888634920120239 -1 -1 -1 -1 -1 -1 -1 -1 -1
0.5075761675834656 0.7165873646736145 0.9298721551895142 -1 -1 -1 -1 -1 -1 -1 -1 -1
1 
33 
-1 -1 -1 -1 -1 -1 -1 -1 -1 -1
0.5320944786071777 0.501846969127655 0.9974459409713745 -1 -1 -1 -1 -1 -1 -1 -1 -1
0.5338241457939148 0.49295684695243835 0.9977484345436096 -1 -1 -1 -1 -1 -1 -1 -1 -1
0.5333921313285828 0.4918796420097351 0.9973978996276855 -1 -1 -1 -1 -1 -1 -1 -1 -1
0.5329240560531616 0.49074578285217285 0.9977229237556458 -1 -1 -1 -1 -1 -1 -1 -1 -1
0.5336413383483887 0.4928438365459442 0.9980341792106628 -1 -1 -1 -1 -1 -1 -1 -1 -1
0.5331251621246338 0.49183017015457153 0.9978482723236084 -1 -1 -1 -1 -1 -1 -1 -1 -1
0.5326113104820251 0.490852952003479 0.9978300929069519 -1 -1 -1 -1 -1 -1 -1 -1 -1
0.526208221912384 0.48373615741729736 0.998730480670929 -1 -1 -1 -1 -1 -1 -1 -1 -1
0.5259444713592529 0.4853854179382324 0.9967467784881592 -1 -1 -1 -1 -1 -1 -1 -1 -1
0.5267828702926636 0.5027709007263184 0.9939893484115601 -1 -1 -1 -1 -1 -1 -1 -1 -1
0.5266122817993164 0.502745509147644 0.994601845741272 -1 -1 -1 -1 -1 -1 -1 -1 -1
0.5029216408729553 0.4883127510547638 0.9989114999771118 -1 -1 -1 -1 -1 -1 -1 -1 -1
0.5041294693946838 0.49439042806625366 0.9990884065628052 -1 -1 -1 -1 -1 -1 -1 -1 -1
0.5044375061988831 0.4865780174732208 0.10261885821819305 -1 -1 -1 -1 -1 -1 -1 -1 -1
0.4855891764163971 0.4451894760131836 0.8085322976112366 -1 -1 -1 -1 -1 -1 -1 -1 -1
0.5113599300384521 0.5043693780899048 0.10623162239789963 -1 -1 -1 -1 -1 -1 -1 -1 -1
0.48934122920036316 0.46549826860427856 0.7074953317642212 -1 -1 -1 -1 -1 -1 -1 -1 -1
0.5125932097434998 0.5113972425460815 0.1345936357975006 -1 -1 -1 -1 -1 -1 -1 -1 -1
0.4884330928325653 0.4699576795101166 0.7248097658157349 -1 -1 -1 -1 -1 -1 -1 -1 -1
0.5118193030357361 0.5096309185028076 0.1455768644809723 -1 -1 -1 -1 -1 -1 -1 -1 -1
0.4927619993686676 0.47052741050720215 0.7300155758857727 -1 -1 -1 -1 -1 -1 -1 -1 -1
0.5115009546279907 0.5082984566688538 0.14915671944618225 -1 -1 -1 -1 -1 -1 -1 -1 -1
0.49265921115875244 0.46991094946861267 0.6506282091140747 -1 -1 -1 -1 -1 -1 -1 -1 -1
0.47772109508514404 0.5940880179405212 0.9993866682052612 -1 -1 -1 -1 -1 -1 -1 -1 -1
0.47368544340133667 0.6049042344093323 0.9994906187057495 -1 -1 -1 -1 -1 -1 -1 -1 -1
0.517236590385437 0.6056543588638306 0.31582698225975037 -1 -1 -1 -1 -1 -1 -1 -1 -1
0.5179968476295471 0.6193057298660278 0.9658457636833191 -1 -1 -1 -1 -1 -1 -1 -1 -1
0.49235326051712036 0.6724936366081238 0.40111586451530457 -1 -1 -1 -1 -1 -1 -1 -1 -1
0.48955532908439636 0.6850472092628479 0.913608193397522 -1 -1 -1 -1 -1 -1 -1 -1 -1
0.48342302441596985 0.6833633184432983 0.4472399652004242 -1 -1 -1 -1 -1 -1 -1 -1 -1
0.4806200861930847 0.6944635510444641 0.8580312132835388 -1 -1 -1 -1 -1 -1 -1 -1 -1
0.5054070353507996 0.7094451785087585 0.5494260787963867 -1 -1 -1 -1 -1 -1 -1 -1 -1
0.5037426352500916 0.7199200987815857 0.9143965244293213 -1 -1 -1 -1 -1 -1 -1 -1 -1
1 
33 
-1 -1 -1 -1 -1 -1 -1 -1 -1 -1
0.47552719712257385 0.463594913482666 0.930087685585022 -1 -1 -1 -1 -1 -1 -1 -1 -1
0.47465279698371887 0.4602578282356262 0.8754692673683167 -1 -1 -1 -1 -1 -1 -1 -1 -1
0.47493672370910645 0.46113675832748413 0.848885715007782 -1 -1 -1 -1 -1 -1 -1 -1 -1
0.4752134084701538 0.4620394706726074 0.8864880800247192 -1 -1 -1 -1 -1 -1 -1 -1 -1
0.4740150570869446 0.4585360884666443 0.9225786328315735 -1 -1 -1 -1 -1 -1 -1 -1 -1
0.473565012216568 0.45827481150627136 0.9181931614875793 -1 -1 -1 -1 -1 -1 -1 -1 -1
0.4731326699256897 0.45801156759262085 0.9263333678245544 -1 -1 -1 -1 -1 -1 -1 -1 -1
0.4747907221317291 0.46718233823776245 0.8653709888458252 -1 -1 -1 -1 -1 -1 -1 -1 -1
0.4721152186393738 0.46219033002853394 0.9086261987686157 -1 -1 -1 -1 -1 -1 -1 -1 -1
0.47671830654144287 0.4709587097167969 0.9291920065879822 -1 -1 -1 -1 -1 -1 -1 -1 -1
0.47568294405937195 0.4687662124633789 0.9575425386428833 -1 -1 -1 -1 -1 -1 -1 -1 -1
0.4743998646736145 0.49731072783470154 0.9977374076843262 -1 -1 -1 -1 -1 -1 -1 -1 -1
0.4754987061023712 0.4856150150299072 0.9997439980506897 -1 -1 -1 -1 -1 -1 -1 -1 -1
0.47328218817710876 0.5532048940658569 0.06844358146190643 -1 -1 -1 -1 -1 -1 -1 -1 -1
0.48308175802230835 0.5353740453720093 0.8609572649002075 -1 -1 -1 -1 -1 -1 -1 -1 -1
0.46554359793663025 0.5727999210357666 0.13343322277069092 -1 -1 -1 -1 -1 -1 -1 -1 -1
0.5034332275390625 0.5714166164398193 0.6740241646766663 -1 -1 -1 -1 -1 -1 -1 -1 -1
0.4613041281700134 0.5852652788162231 0.1592768281698227 -1 -1 -1 -1 -1 -1 -1 -1 -1
0.5078715085983276 0.5864171981811523 0.6423520445823669 -1 -1 -1 -1 -1 -1 -1 -1 -1
0.46365565061569214 0.5758628845214844 0.15954893827438354 -1 -1 -1 -1 -1 -1 -1 -1 -1
0.5109158158302307 0.5812693238258362 0.6332139372825623 -1 -1 -1 -1 -1 -1 -1 -1 -1
0.4653717279434204 0.5712805390357971 0.14109155535697937 -1 -1 -1 -1 -1 -1 -1 -1 -1
0.5088735818862915 0.5762023329734802 0.5469891428947449 -1 -1 -1 -1 -1 -1 -1 -1 -1
0.48758167028427124 0.6025712490081787 0.9995521903038025 -1 -1 -1 -1 -1 -1 -1 -1 -1
0.48183077573776245 0.600828230381012 0.9995468258857727 -1 -1 -1 -1 -1 -1 -1 -1 -1
0.5206731557846069 0.6326903104782104 0.4752914011478424 -1 -1 -1 -1 -1 -1 -1 -1 -1
0.5152134299278259 0.6311136484146118 0.9258844256401062 -1 -1 -1 -1 -1 -1 -1 -1 -1
0.4923444390296936 0.7020912766456604 0.6567292809486389 -1 -1 -1 -1 -1 -1 -1 -1 -1
0.49199315905570984 0.7032253742218018 0.945086658000946 -1 -1 -1 -1 -1 -1 -1 -1 -1
0.48358866572380066 0.707176685333252 0.6841819882392883 -1 -1 -1 -1 -1 -1 -1 -1 -1
0.4841301143169403 0.7063606381416321 0.8925607204437256 -1 -1 -1 -1 -1 -1 -1 -1 -1
0.4938499331474304 0.736153244972229 0.742614209651947 -1 -1 -1 -1 -1 -1 -1 -1 -1
0.4931301772594452 0.7409629225730896 0.9389935731887817 -1 -1 -1 -1 -1 -1 -1 -1 -1
1 
33 
-1 -1 -1 -1 -1 -1 -1 -1 -1 -1
0.5008061528205872 0.5224723219871521 0.9994670748710632 -1 -1 -1 -1 -1 -1 -1 -1 -1
0.5012580156326294 0.5167714357376099 0.999316930770874 -1 -1 -1 -1 -1 -1 -1 -1 -1
0.501955509185791 0.5168154835700989 0.9987491369247437 -1 -1 -1 -1 -1 -1 -1 -1 -1
0.502673864364624 0.5168899297714233 0.9992799162864685 -1 -1 -1 -1 -1 -1 -1 -1 -1
0.4987714886665344 0.5165488719940186 0.9996610879898071 -1 -1 -1 -1 -1 -1 -1 -1 -1
0.4975152909755707 0.5164775252342224 0.9995367527008057 -1 -1 -1 -1 -1 -1 -1 -1 -1
0.4962640702724457 0.5164127945899963 0.9996503591537476 -1 -1 -1 -1 -1 -1 -1 -1 -1
0.5002241134643555 0.5203360319137573 0.998066246509552 -1 -1 -1 -1 -1 -1 -1 -1 -1
0.49190768599510193 0.5200756788253784 0.999413013458252 -1 -1 -1 -1 -1 -1 -1 -1 -1
0.5008925795555115 0.5298559665679932 0.9991372227668762 -1 -1 -1 -1 -1 -1 -1 -1 -1
0.4973853826522827 0.5294141173362732 0.9995405673980713 -1 -1 -1 -1 -1 -1 -1 -1 -1
0.49830830097198486 0.5497893691062927 0.9982782602310181 -1 -1 -1 -1 -1 -1 -1 -1 -1
0.48174846172332764 0.5512969493865967 0.9994052648544312 -1 -1 -1 -1 -1 -1 -1 -1 -1
0.5107427835464478 0.5702784061431885 0.22877876460552216 -1 -1 -1 -1 -1 -1 -1 -1 -1
0.48923730850219727 0.5805649757385254 0.9038889408111572 -1 -1 -1 -1 -1 -1 -1 -1 -1
0.5243381857872009 0.5693812370300293 0.29168838262557983 -1 -1 -1 -1 -1 -1 -1 -1 -1
0.5108287334442139 0.5923981070518494 0.8656143546104431 -1 -1 -1 -1 -1 -1 -1 -1 -1
0.5277622938156128 0.5723328590393066 0.293653279542923 -1 -1 -1 -1 -1 -1 -1 -1 -1
0.5152643918991089 0.6022924184799194 0.8416953086853027 -1 -1 -1 -1 -1 -1 -1 -1 -1
0.5279770493507385 0.5679391026496887 0.31185388565063477 -1 -1 -1 -1 -1 -1 -1 -1 -1
0.5187848806381226 0.5950166583061218 0.8454201817512512 -1 -1 -1 -1 -1 -1 -1 -1 -1
0.5264063477516174 0.5679224133491516 0.30764031410217285 -1 -1 -1 -1 -1 -1 -1 -1 -1
0.5168916583061218 0.5924484133720398 0.7833427786827087 -1 -1 -1 -1 -1 -1 -1 -1 -1
0.4967922568321228 0.6380322575569153 0.9996867179870605 -1 -1 -1 -1 -1 -1 -1 -1 -1
0.48300281167030334 0.640816867351532 0.9995207786560059 -1 -1 -1 -1 -1 -1 -1 -1 -1
0.514297366142273 0.6748210787773132 0.643596887588501 -1 -1 -1 -1 -1 -1 -1 -1 -1
0.5081188678741455 0.6631160974502563 0.8676477670669556 -1 -1 -1 -1 -1 -1 -1 -1 -1
0.489671915769577 0.739856481552124 0.8048421144485474 -1 -1 -1 -1 -1 -1 -1 -1 -1
0.49005624651908875 0.733871340751648 0.8382382392883301 -1 -1 -1 -1 -1 -1 -1 -1 -1
0.47900766134262085 0.7440939545631409 0.7907061576843262 -1 -1 -1 -1 -1 -1 -1 -1 -1
0.48388054966926575 0.7388656139373779 0.7402231097221375 -1 -1 -1 -1 -1 -1 -1 -1 -1
0.4892462491989136 0.7669978141784668 0.8544829487800598 -1 -1 -1 -1 -1 -1 -1 -1 -1
0.49836134910583496 0.7726014852523804 0.8689632415771484 -1 -1 -1 -1 -1 -1 -1 -1 -1
1 
33 
-1 -1 -1 -1 -1 -1 -1 -1 -1 -1
0.5459692478179932 0.5781686305999756 0.9975535273551941 -1 -1 -1 -1 -1 -1 -1 -1 -1
0.5499973297119141 0.5713902711868286 0.9924634695053101 -1 -1 -1 -1 -1 -1 -1 -1 -1
0.5514184236526489 0.5707345008850098 0.9863254427909851 -1 -1 -1 -1 -1 -1 -1 -1 -1
0.5528638362884521 0.5701397657394409 0.9814984202384949 -1 -1 -1 -1 -1 -1 -1 -1 -1
0.5452286005020142 0.5714665651321411 0.9971404075622559 -1 -1 -1 -1 -1 -1 -1 -1 -1
0.5435477495193481 0.5708425045013428 0.9977686405181885 -1 -1 -1 -1 -1 -1 -1 -1 -1
0.5418774485588074 0.5702276229858398 0.9984330534934998 -1 -1 -1 -1 -1 -1 -1 -1 -1
0.5521974563598633 0.5622158646583557 0.9631708264350891 -1 -1 -1 -1 -1 -1 -1 -1 -1
0.5353463292121887 0.5627142190933228 0.9991993308067322 -1 -1 -1 -1 -1 -1 -1 -1 -1
0.5449426770210266 0.5797674655914307 0.9964978098869324 -1 -1 -1 -1 -1 -1 -1 -1 -1
0.5400165319442749 0.5792781710624695 0.9991138577461243 -1 -1 -1 -1 -1 -1 -1 -1 -1
0.5510662198066711 0.5556727051734924 0.9962525367736816 -1 -1 -1 -1 -1 -1 -1 -1 -1
0.5037229657173157 0.577012836933136 0.9997805953025818 -1 -1 -1 -1 -1 -1 -1 -1 -1
0.5621042251586914 0.563266932964325 0.28492504358291626 -1 -1 -1 -1 -1 -1 -1 -1 -1
0.4833275079727173 0.631328284740448 0.9818776845932007 -1 -1 -1 -1 -1 -1 -1 -1 -1
0.559326708316803 0.5564858317375183 0.48769423365592957 -1 -1 -1 -1 -1 -1 -1 -1 -1
0.500328540802002 0.6823091506958008 0.9705308675765991 -1 -1 -1 -1 -1 -1 -1 -1 -1
0.5590267181396484 0.5560668110847473 0.4718959331512451 -1 -1 -1 -1 -1 -1 -1 -1 -1
0.5024401545524597 0.7019124627113342 0.9385084509849548 -1 -1 -1 -1 -1 -1 -1 -1 -1
0.559009313583374 0.5582093596458435 0.489734411239624 -1 -1 -1 -1 -1 -1 -1 -1 -1
0.5096204876899719 0.6962713003158569 0.938418447971344 -1 -1 -1 -1 -1 -1 -1 -1 -1
0.5579409003257751 0.559465765953064 0.4880988895893097 -1 -1 -1 -1 -1 -1 -1 -1 -1
0.5101450681686401 0.6881324052810669 0.915999174118042 -1 -1 -1 -1 -1 -1 -1 -1 -1
0.5372188091278076 0.6357624530792236 0.9999712705612183 -1 -1 -1 -1 -1 -1 -1 -1 -1
0.505195677280426 0.6449531316757202 0.9999724626541138 -1 -1 -1 -1 -1 -1 -1 -1 -1
0.548024594783783 0.6956583261489868 0.9288237690925598 -1 -1 -1 -1 -1 -1 -1 -1 -1
0.49437376856803894 0.71709144115448 0.9386675357818604 -1 -1 -1 -1 -1 -1 -1 -1 -1
0.5369173288345337 0.7636358141899109 0.9360424876213074 -1 -1 -1 -1 -1 -1 -1 -1 -1
0.512843906879425 0.7725843787193298 0.9102416038513184 -1 -1 -1 -1 -1 -1 -1 -1 -1
0.5317621231079102 0.7704918384552002 0.8151913285255432 -1 -1 -1 -1 -1 -1 -1 -1 -1
0.5157024264335632 0.7717161178588867 0.6281961798667908 -1 -1 -1 -1 -1 -1 -1 -1 -1
0.5420287251472473 0.7954630851745605 0.9231235384941101 -1 -1 -1 -1 -1 -1 -1 -1 -1
0.5191489458084106 0.8139700889587402 0.9006624817848206 -1 -1 -1 -1 -1 -1 -1 -1 -1
1 
33 
-1 -1 -1 -1 -1 -1 -1 -1 -1 -1
0.5352374911308289 0.6092730760574341 0.974129855632782 -1 -1 -1 -1 -1 -1 -1 -1 -1
0.53462815284729 0.5941634774208069 0.9351934790611267 -1 -1 -1 -1 -1 -1 -1 -1 -1
0.5342859029769897 0.5937352180480957 0.9265791177749634 -1 -1 -1 -1 -1 -1 -1 -1 -1
0.5339764356613159 0.5932210683822632 0.9435707330703735 -1 -1 -1 -1 -1 -1 -1 -1 -1
0.5351583361625671 0.6061634421348572 0.9660675525665283 -1 -1 -1 -1 -1 -1 -1 -1 -1
0.5335445404052734 0.5959144830703735 0.96525639295578 -1 -1 -1 -1 -1 -1 -1 -1 -1
0.5330116152763367 0.5955455899238586 0.9695526361465454 -1 -1 -1 -1 -1 -1 -1 -1 -1
0.5279417037963867 0.5882828831672668 0.9261732697486877 -1 -1 -1 -1 -1 -1 -1 -1 -1
0.5255279541015625 0.5917636156082153 0.969782292842865 -1 -1 -1 -1 -1 -1 -1 -1 -1
0.5285394787788391 0.6031131744384766 0.9704465866088867 -1 -1 -1 -1 -1 -1 -1 -1 -1
0.5278825759887695 0.6032030582427979 0.9818082451820374 -1 -1 -1 -1 -1 -1 -1 -1 -1
0.5129208564758301 0.570885181427002 0.99733966588974 -1 -1 -1 -1 -1 -1 -1 -1 -1
0.5002948045730591 0.615342378616333 0.9985565543174744 -1 -1 -1 -1 -1 -1 -1 -1 -1
0.532734751701355 0.5674238204956055 0.41305384039878845 -1 -1 -1 -1 -1 -1 -1 -1 -1
0.4908515214920044 0.6721989512443542 0.8179040551185608 -1 -1 -1 -1 -1 -1 -1 -1 -1
0.5485555529594421 0.5602596998214722 0.4916183054447174 -1 -1 -1 -1 -1 -1 -1 -1 -1
0.4937901496887207 0.7167168259620667 0.5927900671958923 -1 -1 -1 -1 -1 -1 -1 -1 -1
0.5522072911262512 0.5563987493515015 0.3720262944698334 -1 -1 -1 -1 -1 -1 -1 -1 -1
0.4922533333301544 0.7331312298774719 0.5303077697753906 -1 -1 -1 -1 -1 -1 -1 -1 -1
0.5522504448890686 0.5589998960494995 0.3945588171482086 -1 -1 -1 -1 -1 -1 -1 -1 -1
0.49557024240493774 0.73047935962677 0.540473997592926 -1 -1 -1 -1 -1 -1 -1 -1 -1
0.5507028102874756 0.5625280141830444 0.4016294479370117 -1 -1 -1 -1 -1 -1 -1 -1 -1
0.49675890803337097 0.723370373249054 0.4401390254497528 -1 -1 -1 -1 -1 -1 -1 -1 -1
0.5010957717895508 0.6819688677787781 0.9993636012077332 -1 -1 -1 -1 -1 -1 -1 -1 -1
0.49173107743263245 0.6998385787010193 0.99965500831604 -1 -1 -1 -1 -1 -1 -1 -1 -1
0.5296807885169983 0.7260867357254028 0.6158543229103088 -1 -1 -1 -1 -1 -1 -1 -1 -1
0.5153966546058655 0.7322964072227478 0.9729439616203308 -1 -1 -1 -1 -1 -1 -1 -1 -1
0.5316031575202942 0.7915535569190979 0.7917789220809937 -1 -1 -1 -1 -1 -1 -1 -1 -1
0.4951029121875763 0.8116583228111267 0.9701621532440186 -1 -1 -1 -1 -1 -1 -1 -1 -1
0.5281165838241577 0.7989628314971924 0.7408472895622253 -1 -1 -1 -1 -1 -1 -1 -1 -1
0.4882749319076538 0.8265498280525208 0.8687669038772583 -1 -1 -1 -1 -1 -1 -1 -1 -1
0.5492652058601379 0.8021602630615234 0.8373079299926758 -1 -1 -1 -1 -1 -1 -1 -1 -1
0.511908769607544 0.8391571044921875 0.9622318148612976 -1 -1 -1 -1 -1 -1 -1 -1 -1
1 
33 
-1 -1 -1 -1 -1 -1 -1 -1 -1 -1
0.5309486985206604 0.6115374565124512 0.9869458079338074 -1 -1 -1 -1 -1 -1 -1 -1 -1
0.5301377177238464 0.5977357029914856 0.9696111083030701 -1 -1 -1 -1 -1 -1 -1 -1 -1
0.5298782587051392 0.595405638217926 0.9576996564865112 -1 -1 -1 -1 -1 -1 -1 -1 -1
0.5294979810714722 0.594443678855896 0.9634507894515991 -1 -1 -1 -1 -1 -1 -1 -1 -1
0.5292617082595825 0.5978900194168091 0.9930603504180908 -1 -1 -1 -1 -1 -1 -1 -1 -1
0.5284488201141357 0.5974891185760498 0.9936749339103699 -1 -1 -1 -1 -1 -1 -1 -1 -1
0.527601957321167 0.5972476601600647 0.9954664707183838 -1 -1 -1 -1 -1 -1 -1 -1 -1
0.5214967131614685 0.5913054943084717 0.9606881737709045 -1 -1 -1 -1 -1 -1 -1 -1 -1
0.5205151438713074 0.5969637036323547 0.9962060451507568 -1 -1 -1 -1 -1 -1 -1 -1 -1
0.5268754363059998 0.6118375658988953 0.9735895395278931 -1 -1 -1 -1 -1 -1 -1 -1 -1
0.5257622599601746 0.612479031085968 0.9950425624847412 -1 -1 -1 -1 -1 -1 -1 -1 -1
0.5112228989601135 0.5919165015220642 0.9919684529304504 -1 -1 -1 -1 -1 -1 -1 -1 -1
0.4958742558956146 0.6401970982551575 0.9990856647491455 -1 -1 -1 -1 -1 -1 -1 -1 -1
0.5287373065948486 0.5803304314613342 0.38473302125930786 -1 -1 -1 -1 -1 -1 -1 -1 -1
0.4697154760360718 0.7043238878250122 0.9743786454200745 -1 -1 -1 -1 -1 -1 -1 -1 -1
0.5479112267494202 0.5608471632003784 0.5834737420082092 -1 -1 -1 -1 -1 -1 -1 -1 -1
0.5001703500747681 0.7417888641357422 0.9255031943321228 -1 -1 -1 -1 -1 -1 -1 -1 -1
0.5528572797775269 0.55198073387146 0.5411365032196045 -1 -1 -1 -1 -1 -1 -1 -1 -1
0.5042524933815002 0.7579113245010376 0.8712894320487976 -1 -1 -1 -1 -1 -1 -1 -1 -1
0.5528694987297058 0.5545329451560974 0.5596396923065186 -1 -1 -1 -1 -1 -1 -1 -1 -1
0.5085662603378296 0.752615213394165 0.8713274002075195 -1 -1 -1 -1 -1 -1 -1 -1 -1
0.5508279800415039 0.5600541234016418 0.5693462491035461 -1 -1 -1 -1 -1 -1 -1 -1 -1
0.5073921084403992 0.7468648552894592 0.7841468453407288 -1 -1 -1 -1 -1 -1 -1 -1 -1
0.5002046823501587 0.702934205532074 0.998111367225647 -1 -1 -1 -1 -1 -1 -1 -1 -1
0.4842368960380554 0.7203019261360168 0.9990348815917969 -1 -1 -1 -1 -1 -1 -1 -1 -1
0.5271173119544983 0.7417498826980591 0.4749974012374878 -1 -1 -1 -1 -1 -1 -1 -1 -1
0.5124955177307129 0.749748706817627 0.9445056319236755 -1 -1 -1 -1 -1 -1 -1 -1 -1
0.5098564624786377 0.8025873303413391 0.47627291083335876 -1 -1 -1 -1 -1 -1 -1 -1 -1
0.4963214099407196 0.8356042504310608 0.907504141330719 -1 -1 -1 -1 -1 -1 -1 -1 -1
0.5039002895355225 0.812837541103363 0.49691563844680786 -1 -1 -1 -1 -1 -1 -1 -1 -1
0.4897063076496124 0.8508729934692383 0.803400993347168 -1 -1 -1 -1 -1 -1 -1 -1 -1
0.5207288861274719 0.8146575689315796 0.6028428673744202 -1 -1 -1 -1 -1 -1 -1 -1 -1
0.5076590180397034 0.8554727435112 0.8948502540588379 -1 -1 -1 -1 -1 -1 -1 -1 -1
1 
33 
-1 -1 -1 -1 -1 -1 -1 -1 -1 -1
0.5254721641540527 0.596224308013916 0.9830769300460815 -1 -1 -1 -1 -1 -1 -1 -1 -1
0.5230793356895447 0.5854230523109436 0.9699544906616211 -1 -1 -1 -1 -1 -1 -1 -1 -1
0.5223260521888733 0.5848323106765747 0.9733898043632507 -1 -1 -1 -1 -1 -1 -1 -1 -1
0.5214698910713196 0.5840883851051331 0.9764646887779236 -1 -1 -1 -1 -1 -1 -1 -1 -1
0.5228071212768555 0.5863951444625854 0.9744171500205994 -1 -1 -1 -1 -1 -1 -1 -1 -1
0.5219864249229431 0.5866117477416992 0.9736905694007874 -1 -1 -1 -1 -1 -1 -1 -1 -1
0.5210900902748108 0.5867145657539368 0.9738519787788391 -1 -1 -1 -1 -1 -1 -1 -1 -1
0.5135781764984131 0.5852214097976685 0.9574405550956726 -1 -1 -1 -1 -1 -1 -1 -1 -1
0.5135500431060791 0.5886558890342712 0.9535792469978333 -1 -1 -1 -1 -1 -1 -1 -1 -1
0.5217697024345398 0.6041839718818665 0.9498247504234314 -1 -1 -1 -1 -1 -1 -1 -1 -1
0.5212306976318359 0.6052168011665344 0.9733956456184387 -1 -1 -1 -1 -1 -1 -1 -1 -1
0.5009843111038208 0.6270813345909119 0.9920699000358582 -1 -1 -1 -1 -1 -1 -1 -1 -1
0.4991926848888397 0.6337286829948425 0.9983875751495361 -1 -1 -1 -1 -1 -1 -1 -1 -1
0.4912676513195038 0.6869471073150635 0.08107346296310425 -1 -1 -1 -1 -1 -1 -1 -1 -1
0.49119946360588074 0.7042140960693359 0.9396110773086548 -1 -1 -1 -1 -1 -1 -1 -1 -1
0.5128034949302673 0.7225940227508545 0.07569471001625061 -1 -1 -1 -1 -1 -1 -1 -1 -1
0.5177895426750183 0.7307723164558411 0.8375438451766968 -1 -1 -1 -1 -1 -1 -1 -1 -1
0.5193994045257568 0.7279567718505859 0.09141693264245987 -1 -1 -1 -1 -1 -1 -1 -1 -1
0.5224697589874268 0.7395875453948975 0.7957478761672974 -1 -1 -1 -1 -1 -1 -1 -1 -1
0.5221558809280396 0.7279196381568909 0.09964228421449661 -1 -1 -1 -1 -1 -1 -1 -1 -1
0.5250165462493896 0.7387790679931641 0.793890655040741 -1 -1 -1 -1 -1 -1 -1 -1 -1
0.5192122459411621 0.7276005148887634 0.10416492074728012 -1 -1 -1 -1 -1 -1 -1 -1 -1
0.5233914256095886 0.7297565937042236 0.6873182654380798 -1 -1 -1 -1 -1 -1 -1 -1 -1
0.4907756745815277 0.7339506149291992 0.987398624420166 -1 -1 -1 -1 -1 -1 -1 -1 -1
0.48082736134529114 0.7389044165611267 0.9938726425170898 -1 -1 -1 -1 -1 -1 -1 -1 -1
0.5304909944534302 0.7583028674125671 0.3798151910305023 -1 -1 -1 -1 -1 -1 -1 -1 -1
0.515494704246521 0.7689345479011536 0.964999794960022 -1 -1 -1 -1 -1 -1 -1 -1 -1
0.5188593864440918 0.8148500323295593 0.4422793388366699 -1 -1 -1 -1 -1 -1 -1 -1 -1
0.49539509415626526 0.8560545444488525 0.961560845375061 -1 -1 -1 -1 -1 -1 -1 -1 -1
0.5121722221374512 0.8250910639762878 0.4331357181072235 -1 -1 -1 -1 -1 -1 -1 -1 -1
0.48629939556121826 0.8680163025856018 0.8933383822441101 -1 -1 -1 -1 -1 -1 -1 -1 -1
0.5332475900650024 0.8312420845031738 0.5952073335647583 -1 -1 -1 -1 -1 -1 -1 -1 -1
0.5113410949707031 0.8738714456558228 0.9477086663246155 -1 -1 -1 -1 -1 -1 -1 -1 -1
1 
33 
-1 -1 -1 -1 -1 -1 -1 -1 -1 -1
0.5103787183761597 0.5928130149841309 0.9760764837265015 -1 -1 -1 -1 -1 -1 -1 -1 -1
0.5081210136413574 0.5837869644165039 0.9715928435325623 -1 -1 -1 -1 -1 -1 -1 -1 -1
0.5077025294303894 0.5829687118530273 0.9690834283828735 -1 -1 -1 -1 -1 -1 -1 -1 -1
0.5073188543319702 0.581987202167511 0.9765291213989258 -1 -1 -1 -1 -1 -1 -1 -1 -1
0.5081084370613098 0.585400402545929 0.9708096385002136 -1 -1 -1 -1 -1 -1 -1 -1 -1
0.5076819062232971 0.5859243273735046 0.9690570831298828 -1 -1 -1 -1 -1 -1 -1 -1 -1
0.5073345303535461 0.5863637924194336 0.973587155342102 -1 -1 -1 -1 -1 -1 -1 -1 -1
0.5022973418235779 0.5820091962814331 0.9576539397239685 -1 -1 -1 -1 -1 -1 -1 -1 -1
0.5034406781196594 0.5883760452270508 0.9275509715080261 -1 -1 -1 -1 -1 -1 -1 -1 -1
0.5088292360305786 0.5984117984771729 0.9559425115585327 -1 -1 -1 -1 -1 -1 -1 -1 -1
0.5082932710647583 0.6005176901817322 0.9514576196670532 -1 -1 -1 -1 -1 -1 -1 -1 -1
0.49180319905281067 0.6093152165412903 0.9882158041000366 -1 -1 -1 -1 -1 -1 -1 -1 -1
0.49585333466529846 0.6295203566551208 0.9960678815841675 -1 -1 -1 -1 -1 -1 -1 -1 -1
0.5017649531364441 0.6191152334213257 0.09579753875732422 -1 -1 -1 -1 -1 -1 -1 -1 -1
0.5177085995674133 0.6599345803260803 0.7924202680587769 -1 -1 -1 -1 -1 -1 -1 -1 -1
0.5095952153205872 0.5989542603492737 0.09183700382709503 -1 -1 -1 -1 -1 -1 -1 -1 -1
0.5175359845161438 0.6306778788566589 0.6467848420143127 -1 -1 -1 -1 -1 -1 -1 -1 -1
0.5109758973121643 0.594088613986969 0.11998241394758224 -1 -1 -1 -1 -1 -1 -1 -1 -1
0.5163882970809937 0.6214019656181335 0.6737058758735657 -1 -1 -1 -1 -1 -1 -1 -1 -1
0.5108804702758789 0.5904868245124817 0.1230904757976532 -1 -1 -1 -1 -1 -1 -1 -1 -1
0.5131005048751831 0.6156370043754578 0.6600422859191895 -1 -1 -1 -1 -1 -1 -1 -1 -1
0.5105530619621277 0.592953622341156 0.13303622603416443 -1 -1 -1 -1 -1 -1 -1 -1 -1
0.5134702324867249 0.6197736263275146 0.5987522602081299 -1 -1 -1 -1 -1 -1 -1 -1 -1
0.4725402295589447 0.7129232883453369 0.9987642765045166 -1 -1 -1 -1 -1 -1 -1 -1 -1
0.4687761962413788 0.7238696813583374 0.9990811347961426 -1 -1 -1 -1 -1 -1 -1 -1 -1
0.5195754170417786 0.7536842226982117 0.41153377294540405 -1 -1 -1 -1 -1 -1 -1 -1 -1
0.5149892568588257 0.7685976624488831 0.983578085899353 -1 -1 -1 -1 -1 -1 -1 -1 -1
0.5156773924827576 0.8295328617095947 0.704930305480957 -1 -1 -1 -1 -1 -1 -1 -1 -1
0.4984520971775055 0.8545820116996765 0.9872024655342102 -1 -1 -1 -1 -1 -1 -1 -1 -1
0.5090014934539795 0.8455129861831665 0.7386824488639832 -1 -1 -1 -1 -1 -1 -1 -1 -1
0.49061286449432373 0.8685730695724487 0.9430446028709412 -1 -1 -1 -1 -1 -1 -1 -1 -1
0.540321946144104 0.8352417945861816 0.8367342948913574 -1 -1 -1 -1 -1 -1 -1 -1 -1
0.5195413827896118 0.8703705072402954 0.9830310344696045 -1 -1 -1 -1 -1 -1 -1 -1 -1
1 
33 
-1 -1 -1 -1 -1 -1 -1 -1 -1 -1
0.4944167733192444 0.5838984847068787 0.9899381399154663 -1 -1 -1 -1 -1 -1 -1 -1 -1
0.49265578389167786 0.5747575163841248 0.9862285852432251 -1 -1 -1 -1 -1 -1 -1 -1 -1
0.4920709431171417 0.574297308921814 0.984850287437439 -1 -1 -1 -1 -1 -1 -1 -1 -1
0.4912561774253845 0.5731680393218994 0.9899740815162659 -1 -1 -1 -1 -1 -1 -1 -1 -1
0.4923582375049591 0.5759044289588928 0.98567134141922 -1 -1 -1 -1 -1 -1 -1 -1 -1
0.4924263060092926 0.5762954354286194 0.982146680355072 -1 -1 -1 -1 -1 -1 -1 -1 -1
0.49237075448036194 0.5767773985862732 0.9799889922142029 -1 -1 -1 -1 -1 -1 -1 -1 -1
0.4873514175415039 0.5754755735397339 0.9828929305076599 -1 -1 -1 -1 -1 -1 -1 -1 -1
0.4891784191131592 0.5803434252738953 0.9646990299224854 -1 -1 -1 -1 -1 -1 -1 -1 -1
0.49206870794296265 0.5898674726486206 0.9875723123550415 -1 -1 -1 -1 -1 -1 -1 -1 -1
0.4925178289413452 0.5912723541259766 0.9810282588005066 -1 -1 -1 -1 -1 -1 -1 -1 -1
0.47651854157447815 0.5938161611557007 0.99859219789505 -1 -1 -1 -1 -1 -1 -1 -1 -1
0.4755921959877014 0.6201453804969788 0.9843834638595581 -1 -1 -1 -1 -1 -1 -1 -1 -1
0.5030720829963684 0.5957245826721191 0.8098241686820984 -1 -1 -1 -1 -1 -1 -1 -1 -1
0.4983974099159241 0.6339909434318542 0.8881792426109314 -1 -1 -1 -1 -1 -1 -1 -1 -1
0.5177522301673889 0.6052724719047546 0.8035513162612915 -1 -1 -1 -1 -1 -1 -1 -1 -1
0.5061777234077454 0.639884352684021 0.6121072173118591 -1 -1 -1 -1 -1 -1 -1 -1 -1
0.5217620134353638 0.6083731651306152 0.7334549427032471 -1 -1 -1 -1 -1 -1 -1 -1 -1
0.507358968257904 0.6434239745140076 0.5936408638954163 -1 -1 -1 -1 -1 -1 -1 -1 -1
0.5199801325798035 0.6067312359809875 0.7506545186042786 -1 -1 -1 -1 -1 -1 -1 -1 -1
0.5071187615394592 0.6399217844009399 0.5917900800704956 -1 -1 -1 -1 -1 -1 -1 -1 -1
0.5190638899803162 0.6077465415000916 0.7226679921150208 -1 -1 -1 -1 -1 -1 -1 -1 -1
0.5062626004219055 0.6392305493354797 0.48245769739151 -1 -1 -1 -1 -1 -1 -1 -1 -1
0.48491278290748596 0.6849173307418823 0.9942066669464111 -1 -1 -1 -1 -1 -1 -1 -1 -1
0.4717154800891876 0.7098852396011353 0.9900075197219849 -1 -1 -1 -1 -1 -1 -1 -1 -1
0.5265260338783264 0.6893448829650879 0.768886923789978 -1 -1 -1 -1 -1 -1 -1 -1 -1
0.5105586647987366 0.771405041217804 0.9843905568122864 -1 -1 -1 -1 -1 -1 -1 -1 -1
0.5364899039268494 0.7691786885261536 0.8544278144836426 -1 -1 -1 -1 -1 -1 -1 -1 -1
0.4953872561454773 0.8566122055053711 0.9885942935943604 -1 -1 -1 -1 -1 -1 -1 -1 -1
0.5335653424263 0.7864925861358643 0.8216254115104675 -1 -1 -1 -1 -1 -1 -1 -1 -1
0.4891446828842163 0.869182825088501 0.918086051940918 -1 -1 -1 -1 -1 -1 -1 -1 -1
0.5583954453468323 0.7760123014450073 0.8531168103218079 -1 -1 -1 -1 -1 -1 -1 -1 -1
0.5111626386642456 0.8652909994125366 0.9704548716545105 -1 -1 -1 -1 -1 -1 -1 -1 -1
1 
33 
-1 -1 -1 -1 -1 -1 -1 -1 -1 -1
0.4948861598968506 0.5395071506500244 0.9993543028831482 -1 -1 -1 -1 -1 -1 -1 -1 -1
0.4949572682380676 0.5314937829971313 0.9982851147651672 -1 -1 -1 -1 -1 -1 -1 -1 -1
0.49546119570732117 0.5297055244445801 0.9970034956932068 -1 -1 -1 -1 -1 -1 -1 -1 -1
0.4959944784641266 0.5279790759086609 0.9979423880577087 -1 -1 -1 -1 -1 -1 -1 -1 -1
0.49245575070381165 0.5356976985931396 0.9989043474197388 -1 -1 -1 -1 -1 -1 -1 -1 -1
0.4911920428276062 0.5367903709411621 0.9981983304023743 -1 -1 -1 -1 -1 -1 -1 -1 -1
0.4899498224258423 0.5378609895706177 0.9984228610992432 -1 -1 -1 -1 -1 -1 -1 -1 -1
0.4912961721420288 0.5236514806747437 0.9935046434402466 -1 -1 -1 -1 -1 -1 -1 -1 -1
0.48250389099121094 0.5376147627830505 0.9983565211296082 -1 -1 -1 -1 -1 -1 -1 -1 -1
0.49342697858810425 0.5416409373283386 0.9997414946556091 -1 -1 -1 -1 -1 -1 -1 -1 -1
0.49325957894325256 0.5455914735794067 0.9997201561927795 -1 -1 -1 -1 -1 -1 -1 -1 -1
0.48214858770370483 0.5262239575386047 0.999828577041626 -1 -1 -1 -1 -1 -1 -1 -1 -1
0.47022420167922974 0.573078989982605 0.9999723434448242 -1 -1 -1 -1 -1 -1 -1 -1 -1
0.5114299058914185 0.5304083228111267 0.30078768730163574 -1 -1 -1 -1 -1 -1 -1 -1 -1
0.49770814180374146 0.6130688190460205 0.6982195973396301 -1 -1 -1 -1 -1 -1 -1 -1 -1
0.5344898104667664 0.5204762816429138 0.4022023379802704 -1 -1 -1 -1 -1 -1 -1 -1 -1
0.5193592309951782 0.6311134696006775 0.5123623013496399 -1 -1 -1 -1 -1 -1 -1 -1 -1
0.5408971309661865 0.517723798751831 0.40685588121414185 -1 -1 -1 -1 -1 -1 -1 -1 -1
0.5239272713661194 0.6429888010025024 0.4795093834400177 -1 -1 -1 -1 -1 -1 -1 -1 -1
0.540899395942688 0.519295334815979 0.43272465467453003 -1 -1 -1 -1 -1 -1 -1 -1 -1
0.5248796939849854 0.6342005729675293 0.4860708713531494 -1 -1 -1 -1 -1 -1 -1 -1 -1
0.5381975769996643 0.5225040316581726 0.4372999668121338 -1 -1 -1 -1 -1 -1 -1 -1 -1
0.5234585404396057 0.6288586854934692 0.419243723154068 -1 -1 -1 -1 -1 -1 -1 -1 -1
0.4930237829685211 0.6130704283714294 0.9994710087776184 -1 -1 -1 -1 -1 -1 -1 -1 -1
0.4847186207771301 0.6524790525436401 0.9999216794967651 -1 -1 -1 -1 -1 -1 -1 -1 -1
0.5266675353050232 0.5503460764884949 0.6441438794136047 -1 -1 -1 -1 -1 -1 -1 -1 -1
0.511493980884552 0.7336687445640564 0.9855883717536926 -1 -1 -1 -1 -1 -1 -1 -1 -1
0.5384455919265747 0.5949867367744446 0.7531768679618835 -1 -1 -1 -1 -1 -1 -1 -1 -1
0.49444839358329773 0.8239971995353699 0.9744601249694824 -1 -1 -1 -1 -1 -1 -1 -1 -1
0.5376530885696411 0.6092312932014465 0.6568886041641235 -1 -1 -1 -1 -1 -1 -1 -1 -1
0.4895498752593994 0.834937334060669 0.8966174125671387 -1 -1 -1 -1 -1 -1 -1 -1 -1
0.5546598434448242 0.5901965498924255 0.7084846496582031 -1 -1 -1 -1 -1 -1 -1 -1 -1
0.5003229379653931 0.8548985719680786 0.9523151516914368 -1 -1 -1 -1 -1 -1 -1 -1 -1
1 
33 
-1 -1 -1 -1 -1 -1 -1 -1 -1 -1
0.4367952048778534 0.47061431407928467 0.9819563031196594 -1 -1 -1 -1 -1 -1 -1 -1 -1
0.43743911385536194 0.466526597738266 0.9943695664405823 -1 -1 -1 -1 -1 -1 -1 -1 -1
0.4374312162399292 0.4669645428657532 0.9945003986358643 -1 -1 -1 -1 -1 -1 -1 -1 -1
0.43743646144866943 0.46737900376319885 0.994111955165863 -1 -1 -1 -1 -1 -1 -1 -1 -1
0.43821895122528076 0.46586287021636963 0.9948276877403259 -1 -1 -1 -1 -1 -1 -1 -1 -1
0.4386674463748932 0.465912401676178 0.9950542449951172 -1 -1 -1 -1 -1 -1 -1 -1 -1
0.43914544582366943 0.46592140197753906 0.9949563145637512 -1 -1 -1 -1 -1 -1 -1 -1 -1
0.43944278359413147 0.47306111454963684 0.9965369701385498 -1 -1 -1 -1 -1 -1 -1 -1 -1
0.44191139936447144 0.4715901017189026 0.9964828491210938 -1 -1 -1 -1 -1 -1 -1 -1 -1
0.4375622570514679 0.4788675010204315 0.9590811133384705 -1 -1 -1 -1 -1 -1 -1 -1 -1
0.4381808638572693 0.47795307636260986 0.9631041288375854 -1 -1 -1 -1 -1 -1 -1 -1 -1
0.4407263398170471 0.4991629719734192 0.9998041987419128 -1 -1 -1 -1 -1 -1 -1 -1 -1
0.4529167413711548 0.4954443573951721 0.9968172311782837 -1 -1 -1 -1 -1 -1 -1 -1 -1
0.453532874584198 0.48542821407318115 0.10789105296134949 -1 -1 -1 -1 -1 -1 -1 -1 -1
0.4695093035697937 0.49101465940475464 0.013272545300424099 -1 -1 -1 -1 -1 -1 -1 -1 -1
0.45462989807128906 0.46514657139778137 0.18216975033283234 -1 -1 -1 -1 -1 -1 -1 -1 -1
0.46526163816452026 0.4662575125694275 0.06483373045921326 -1 -1 -1 -1 -1 -1 -1 -1 -1
0.4548772871494293 0.45868730545043945 0.2759970724582672 -1 -1 -1 -1 -1 -1 -1 -1 -1
0.46691030263900757 0.45872586965560913 0.09969410300254822 -1 -1 -1 -1 -1 -1 -1 -1 -1
0.45434054732322693 0.45661288499832153 0.2807145416736603 -1 -1 -1 -1 -1 -1 -1 -1 -1
0.4639478325843811 0.45658445358276367 0.0941580981016159 -1 -1 -1 -1 -1 -1 -1 -1 -1
0.454139769077301 0.45887964963912964 0.25227880477905273 -1 -1 -1 -1 -1 -1 -1 -1 -1
0.46240437030792236 0.45923206210136414 0.10280334204435349 -1 -1 -1 -1 -1 -1 -1 -1 -1
0.4785539507865906 0.5695064067840576 0.999987006187439 -1 -1 -1 -1 -1 -1 -1 -1 -1
0.4883590340614319 0.5523221492767334 0.9998277425765991 -1 -1 -1 -1 -1 -1 -1 -1 -1
0.47434279322624207 0.6824206113815308 0.9987932443618774 -1 -1 -1 -1 -1 -1 -1 -1 -1
0.49637141823768616 0.5686120986938477 0.4347195327281952 -1 -1 -1 -1 -1 -1 -1 -1 -1
0.5017884373664856 0.7501543760299683 0.9918988943099976 -1 -1 -1 -1 -1 -1 -1 -1 -1
0.5083509087562561 0.552200436592102 0.7560678124427795 -1 -1 -1 -1 -1 -1 -1 -1 -1
0.5077064037322998 0.7546741962432861 0.993572473526001 -1 -1 -1 -1 -1 -1 -1 -1 -1
0.5108211636543274 0.5475765466690063 0.8703101277351379 -1 -1 -1 -1 -1 -1 -1 -1 -1
0.5039891004562378 0.7809815406799316 0.974978506565094 -1 -1 -1 -1 -1 -1 -1 -1 -1
0.5124762058258057 0.5529927611351013 0.7021350264549255 -1 -1 -1 -1 -1 -1 -1 -1 -1
1 
33 
-1 -1 -1 -1 -1 -1 -1 -1 -1 -1
0.4568820297718048 0.44557005167007446 0.9975577592849731 -1 -1 -1 -1 -1 -1 -1 -1 -1
0.45274725556373596 0.4426610767841339 0.9971058964729309 -1 -1 -1 -1 -1 -1 -1 -1 -1
0.45254212617874146 0.44352471828460693 0.9959575533866882 -1 -1 -1 -1 -1 -1 -1 -1 -1
0.4523158371448517 0.4441955089569092 0.9973893761634827 -1 -1 -1 -1 -1 -1 -1 -1 -1
0.4530966281890869 0.4421340823173523 0.9974647760391235 -1 -1 -1 -1 -1 -1 -1 -1 -1
0.4531310796737671 0.44287681579589844 0.9971019625663757 -1 -1 -1 -1 -1 -1 -1 -1 -1
0.45308545231819153 0.44360214471817017 0.9977301955223083 -1 -1 -1 -1 -1 -1 -1 -1 -1
0.4510954022407532 0.4544332027435303 0.9958867430686951 -1 -1 -1 -1 -1 -1 -1 -1 -1
0.4516351819038391 0.45391809940338135 0.9963490962982178 -1 -1 -1 -1 -1 -1 -1 -1 -1
0.45835432410240173 0.45077815651893616 0.9944477081298828 -1 -1 -1 -1 -1 -1 -1 -1 -1
0.4590096175670624 0.4504040777683258 0.9931417107582092 -1 -1 -1 -1 -1 -1 -1 -1 -1
0.4569941461086273 0.49295324087142944 0.9819524884223938 -1 -1 -1 -1 -1 -1 -1 -1 -1
0.4627895951271057 0.4816356897354126 0.9981504082679749 -1 -1 -1 -1 -1 -1 -1 -1 -1
0.45688778162002563 0.44386231899261475 0.09085936844348907 -1 -1 -1 -1 -1 -1 -1 -1 -1
0.46325525641441345 0.4288521409034729 0.9585059285163879 -1 -1 -1 -1 -1 -1 -1 -1 -1
0.4448513388633728 0.4141652286052704 0.22124670445919037 -1 -1 -1 -1 -1 -1 -1 -1 -1
0.4430886209011078 0.40072503685951233 0.9393472671508789 -1 -1 -1 -1 -1 -1 -1 -1 -1
0.4419369101524353 0.4136645197868347 0.2676561176776886 -1 -1 -1 -1 -1 -1 -1 -1 -1
0.4359470009803772 0.3911163806915283 0.9232693910598755 -1 -1 -1 -1 -1 -1 -1 -1 -1
0.4407968521118164 0.4146028757095337 0.278310090303421 -1 -1 -1 -1 -1 -1 -1 -1 -1
0.4347705841064453 0.3936314582824707 0.9129949808120728 -1 -1 -1 -1 -1 -1 -1 -1 -1
0.44240602850914 0.41682013869285583 0.303514689207077 -1 -1 -1 -1 -1 -1 -1 -1 -1
0.43690046668052673 0.3996780216693878 0.8932948112487793 -1 -1 -1 -1 -1 -1 -1 -1 -1
0.47018715739250183 0.6189148426055908 0.998591959476471 -1 -1 -1 -1 -1 -1 -1 -1 -1
0.47481614351272583 0.6211144328117371 0.9990202188491821 -1 -1 -1 -1 -1 -1 -1 -1 -1
0.48884502053260803 0.6969496011734009 0.10492616146802902 -1 -1 -1 -1 -1 -1 -1 -1 -1
0.489465594291687 0.7136829495429993 0.9512542486190796 -1 -1 -1 -1 -1 -1 -1 -1 -1
0.49158740043640137 0.7835693955421448 0.2670407295227051 -1 -1 -1 -1 -1 -1 -1 -1 -1
0.49217498302459717 0.8114761114120483 0.9403279423713684 -1 -1 -1 -1 -1 -1 -1 -1 -1
0.4880189895629883 0.8025204539299011 0.41787439584732056 -1 -1 -1 -1 -1 -1 -1 -1 -1
0.4867633581161499 0.8269286155700684 0.9253175854682922 -1 -1 -1 -1 -1 -1 -1 -1 -1
0.5134709477424622 0.8023049831390381 0.4254050552845001 -1 -1 -1 -1 -1 -1 -1 -1 -1
0.518037736415863 0.8266124725341797 0.9089598059654236 -1 -1 -1 -1 -1 -1 -1 -1 -1
1 
33 
-1 -1 -1 -1 -1 -1 -1 -1 -1 -1
0.4526249170303345 0.41852301359176636 0.9994350075721741 -1 -1 -1 -1 -1 -1 -1 -1 -1
0.4491402506828308 0.41403257846832275 0.9993434548377991 -1 -1 -1 -1 -1 -1 -1 -1 -1
0.4486576318740845 0.41492557525634766 0.9991056323051453 -1 -1 -1 -1 -1 -1 -1 -1 -1
0.4481879472732544 0.4160130023956299 0.9993805885314941 -1 -1 -1 -1 -1 -1 -1 -1 -1
0.4492376744747162 0.41380053758621216 0.9990842342376709 -1 -1 -1 -1 -1 -1 -1 -1 -1
0.4487802982330322 0.4144853353500366 0.9989274144172668 -1 -1 -1 -1 -1 -1 -1 -1 -1
0.4483218491077423 0.41534778475761414 0.999087929725647 -1 -1 -1 -1 -1 -1 -1 -1 -1
0.4439293146133423 0.4273209571838379 0.9989786148071289 -1 -1 -1 -1 -1 -1 -1 -1 -1
0.4445861577987671 0.4263104796409607 0.9984614849090576 -1 -1 -1 -1 -1 -1 -1 -1 -1
0.4528062045574188 0.4281771183013916 0.9985034465789795 -1 -1 -1 -1 -1 -1 -1 -1 -1
0.4527626931667328 0.4278176426887512 0.9979774355888367 -1 -1 -1 -1 -1 -1 -1 -1 -1
0.447634756565094 0.483456552028656 0.9938502311706543 -1 -1 -1 -1 -1 -1 -1 -1 -1
0.44986647367477417 0.4562159478664398 0.9993975162506104 -1 -1 -1 -1 -1 -1 -1 -1 -1
0.4462743401527405 0.5475944876670837 0.060066916048526764 -1 -1 -1 -1 -1 -1 -1 -1 -1
0.4339022934436798 0.40029376745224 0.9898667335510254 -1 -1 -1 -1 -1 -1 -1 -1 -1
0.4461022615432739 0.5964800119400024 0.0870443731546402 -1 -1 -1 -1 -1 -1 -1 -1 -1
0.4106997549533844 0.370737761259079 0.9900575280189514 -1 -1 -1 -1 -1 -1 -1 -1 -1
0.4477831721305847 0.606528103351593 0.10184469819068909 -1 -1 -1 -1 -1 -1 -1 -1 -1
0.40325140953063965 0.36518681049346924 0.9786016941070557 -1 -1 -1 -1 -1 -1 -1 -1 -1
0.44870173931121826 0.6070129871368408 0.10320743918418884 -1 -1 -1 -1 -1 -1 -1 -1 -1
0.4019283950328827 0.3637056350708008 0.9746506810188293 -1 -1 -1 -1 -1 -1 -1 -1 -1
0.4477713704109192 0.6025039553642273 0.10621416568756104 -1 -1 -1 -1 -1 -1 -1 -1 -1
0.40486860275268555 0.36643171310424805 0.9664234519004822 -1 -1 -1 -1 -1 -1 -1 -1 -1
0.4659571647644043 0.5842568874359131 0.998033344745636 -1 -1 -1 -1 -1 -1 -1 -1 -1
0.4778158664703369 0.5890057682991028 0.999103307723999 -1 -1 -1 -1 -1 -1 -1 -1 -1
0.4759497046470642 0.6356006860733032 0.29156017303466797 -1 -1 -1 -1 -1 -1 -1 -1 -1
0.48798006772994995 0.6797282099723816 0.9690102338790894 -1 -1 -1 -1 -1 -1 -1 -1 -1
0.46616682410240173 0.7149331569671631 0.46056461334228516 -1 -1 -1 -1 -1 -1 -1 -1 -1
0.4924396872520447 0.7815669775009155 0.9751112461090088 -1 -1 -1 -1 -1 -1 -1 -1 -1
0.46160611510276794 0.7302091717720032 0.5691429972648621 -1 -1 -1 -1 -1 -1 -1 -1 -1
0.4863528609275818 0.8023163676261902 0.9649035334587097 -1 -1 -1 -1 -1 -1 -1 -1 -1
0.47951850295066833 0.7255655527114868 0.6114534139633179 -1 -1 -1 -1 -1 -1 -1 -1 -1
0.5136463046073914 0.7956625819206238 0.962017834186554 -1 -1 -1 -1 -1 -1 -1 -1 -1
1 
33 
-1 -1 -1 -1 -1 -1 -1 -1 -1 -1
0.44103753566741943 0.3972969651222229 0.9771287441253662 -1 -1 -1 -1 -1 -1 -1 -1 -1
0.4360905587673187 0.39287668466567993 0.9701619148254395 -1 -1 -1 -1 -1 -1 -1 -1 -1
0.4356711506843567 0.39300620555877686 0.9601320028305054 -1 -1 -1 -1 -1 -1 -1 -1 -1
0.4352271258831024 0.3930898904800415 0.9716839790344238 -1 -1 -1 -1 -1 -1 -1 -1 -1
0.435854971408844 0.39429745078086853 0.9764763116836548 -1 -1 -1 -1 -1 -1 -1 -1 -1
0.43527519702911377 0.3953002095222473 0.9706268906593323 -1 -1 -1 -1 -1 -1 -1 -1 -1
0.4346611499786377 0.3962814211845398 0.9730986952781677 -1 -1 -1 -1 -1 -1 -1 -1 -1
0.43150046467781067 0.40203309059143066 0.9513036608695984 -1 -1 -1 -1 -1 -1 -1 -1 -1
0.43090561032295227 0.4057605266571045 0.9575375318527222 -1 -1 -1 -1 -1 -1 -1 -1 -1
0.4425353407859802 0.40747058391571045 0.940314769744873 -1 -1 -1 -1 -1 -1 -1 -1 -1
0.4421270489692688 0.4091157019138336 0.9386956691741943 -1 -1 -1 -1 -1 -1 -1 -1 -1
0.4383622705936432 0.4385879337787628 0.9743924736976624 -1 -1 -1 -1 -1 -1 -1 -1 -1
0.4441462457180023 0.44685372710227966 0.9907121062278748 -1 -1 -1 -1 -1 -1 -1 -1 -1
0.4160360097885132 0.38058799505233765 0.09214307367801666 -1 -1 -1 -1 -1 -1 -1 -1 -1
0.4162110984325409 0.3892461657524109 0.9400392174720764 -1 -1 -1 -1 -1 -1 -1 -1 -1
0.39103907346725464 0.3353098928928375 0.40648168325424194 -1 -1 -1 -1 -1 -1 -1 -1 -1
0.39084428548812866 0.34174293279647827 0.922029435634613 -1 -1 -1 -1 -1 -1 -1 -1 -1
0.3822910189628601 0.3235011696815491 0.4260835647583008 -1 -1 -1 -1 -1 -1 -1 -1 -1
0.38398757576942444 0.33165475726127625 0.9060983657836914 -1 -1 -1 -1 -1 -1 -1 -1 -1
0.3828827440738678 0.3235720098018646 0.42663827538490295 -1 -1 -1 -1 -1 -1 -1 -1 -1
0.3818542957305908 0.3289545178413391 0.8925315737724304 -1 -1 -1 -1 -1 -1 -1 -1 -1
0.3861789107322693 0.3287152051925659 0.44580161571502686 -1 -1 -1 -1 -1 -1 -1 -1 -1
0.38461995124816895 0.33210939168930054 0.8555036187171936 -1 -1 -1 -1 -1 -1 -1 -1 -1
0.47905921936035156 0.5518115162849426 0.9916070699691772 -1 -1 -1 -1 -1 -1 -1 -1 -1
0.481931209564209 0.5540551543235779 0.994737446308136 -1 -1 -1 -1 -1 -1 -1 -1 -1
0.4980866014957428 0.6142686605453491 0.12325243651866913 -1 -1 -1 -1 -1 -1 -1 -1 -1
0.5018606185913086 0.6277763843536377 0.9493972063064575 -1 -1 -1 -1 -1 -1 -1 -1 -1
0.49844685196876526 0.6854015588760376 0.3027092218399048 -1 -1 -1 -1 -1 -1 -1 -1 -1
0.49658337235450745 0.713081955909729 0.9533653259277344 -1 -1 -1 -1 -1 -1 -1 -1 -1
0.4925844073295593 0.7085133194923401 0.5135595202445984 -1 -1 -1 -1 -1 -1 -1 -1 -1
0.48946988582611084 0.7335737347602844 0.9466123580932617 -1 -1 -1 -1 -1 -1 -1 -1 -1
0.5227283835411072 0.7079223990440369 0.4031153917312622 -1 -1 -1 -1 -1 -1 -1 -1 -1
0.519102931022644 0.7588362693786621 0.9127798080444336 -1 -1 -1 -1 -1 -1 -1 -1 -1
1 
33 
-1 -1 -1 -1 -1 -1 -1 -1 -1 -1
0.4219425618648529 0.40404602885246277 0.9978868365287781 -1 -1 -1 -1 -1 -1 -1 -1 -1
0.41957348585128784 0.399730384349823 0.9977721571922302 -1 -1 -1 -1 -1 -1 -1 -1 -1
0.41977977752685547 0.39970171451568604 0.9967687129974365 -1 -1 -1 -1 -1 -1 -1 -1 -1
0.42014384269714355 0.3999084234237671 0.9973626732826233 -1 -1 -1 -1 -1 -1 -1 -1 -1
0.4188239276409149 0.40039584040641785 0.9971734285354614 -1 -1 -1 -1 -1 -1 -1 -1 -1
0.41848933696746826 0.40087419748306274 0.9967243075370789 -1 -1 -1 -1 -1 -1 -1 -1 -1
0.418321818113327 0.40162038803100586 0.9969340562820435 -1 -1 -1 -1 -1 -1 -1 -1 -1
0.4201832413673401 0.4033976197242737 0.9976592063903809 -1 -1 -1 -1 -1 -1 -1 -1 -1
0.417605996131897 0.405190646648407 0.9960013031959534 -1 -1 -1 -1 -1 -1 -1 -1 -1
0.42533645033836365 0.4084430932998657 0.9986932873725891 -1 -1 -1 -1 -1 -1 -1 -1 -1
0.42432576417922974 0.4098863899707794 0.9977436065673828 -1 -1 -1 -1 -1 -1 -1 -1 -1
0.4532143175601959 0.4413491487503052 0.9997319579124451 -1 -1 -1 -1 -1 -1 -1 -1 -1
0.44466862082481384 0.4456642270088196 0.9987080097198486 -1 -1 -1 -1 -1 -1 -1 -1 -1
0.47598010301589966 0.48990243673324585 0.2298336923122406 -1 -1 -1 -1 -1 -1 -1 -1 -1
0.4591827094554901 0.48801058530807495 0.5090226531028748 -1 -1 -1 -1 -1 -1 -1 -1 -1
0.4709487557411194 0.5025453567504883 0.20714090764522552 -1 -1 -1 -1 -1 -1 -1 -1 -1
0.4621053636074066 0.5104323625564575 0.43201643228530884 -1 -1 -1 -1 -1 -1 -1 -1 -1
0.46974438428878784 0.507775068283081 0.19330091774463654 -1 -1 -1 -1 -1 -1 -1 -1 -1
0.4625403881072998 0.5199796557426453 0.44192594289779663 -1 -1 -1 -1 -1 -1 -1 -1 -1
0.4683751165866852 0.5008205771446228 0.19153304398059845 -1 -1 -1 -1 -1 -1 -1 -1 -1
0.4615837335586548 0.5154508948326111 0.4318000078201294 -1 -1 -1 -1 -1 -1 -1 -1 -1
0.4684976637363434 0.4988086521625519 0.17475968599319458 -1 -1 -1 -1 -1 -1 -1 -1 -1
0.46134141087532043 0.5119343400001526 0.41086870431900024 -1 -1 -1 -1 -1 -1 -1 -1 -1
0.48640379309654236 0.5431745648384094 0.999942421913147 -1 -1 -1 -1 -1 -1 -1 -1 -1
0.4736770987510681 0.5481921434402466 0.9997580647468567 -1 -1 -1 -1 -1 -1 -1 -1 -1
0.5042173862457275 0.6249863505363464 0.9030373096466064 -1 -1 -1 -1 -1 -1 -1 -1 -1
0.46847838163375854 0.6129955649375916 0.5092689394950867 -1 -1 -1 -1 -1 -1 -1 -1 -1
0.5216003656387329 0.6477441191673279 0.5474362969398499 -1 -1 -1 -1 -1 -1 -1 -1 -1
0.4659956395626068 0.6411169767379761 0.33401647210121155 -1 -1 -1 -1 -1 -1 -1 -1 -1
0.521414577960968 0.6457030177116394 0.6065819263458252 -1 -1 -1 -1 -1 -1 -1 -1 -1
0.4668588638305664 0.6432324051856995 0.4807649552822113 -1 -1 -1 -1 -1 -1 -1 -1 -1
0.5336143374443054 0.6689079403877258 0.5200678706169128 -1 -1 -1 -1 -1 -1 -1 -1 -1
0.45844340324401855 0.6614311337471008 0.3584862947463989 -1 -1 -1 -1 -1 -1 -1 -1 -1
1 
33 
-1 -1 -1 -1 -1 -1 -1 -1 -1 -1
0.46769335865974426 0.5378157496452332 0.9899898767471313 -1 -1 -1 -1 -1 -1 -1 -1 -1
0.46724021434783936 0.5376006960868835 0.9857770800590515 -1 -1 -1 -1 -1 -1 -1 -1 -1
0.4671942889690399 0.5373155474662781 0.9835243225097656 -1 -1 -1 -1 -1 -1 -1 -1 -1
0.46715039014816284 0.5370290279388428 0.9858387112617493 -1 -1 -1 -1 -1 -1 -1 -1 -1
0.46737489104270935 0.5383380651473999 0.9843621253967285 -1 -1 -1 -1 -1 -1 -1 -1 -1
0.4674251973628998 0.5386157035827637 0.9794116616249084 -1 -1 -1 -1 -1 -1 -1 -1 -1
0.46747463941574097 0.5388895869255066 0.9832152724266052 -1 -1 -1 -1 -1 -1 -1 -1 -1
0.46729323267936707 0.5365242958068848 0.9909465312957764 -1 -1 -1 -1 -1 -1 -1 -1 -1
0.46772822737693787 0.5391092896461487 0.9834073185920715 -1 -1 -1 -1 -1 -1 -1 -1 -1
0.46799981594085693 0.5370478630065918 0.9758284687995911 -1 -1 -1 -1 -1 -1 -1 -1 -1
0.4681738018989563 0.538100004196167 0.9722287058830261 -1 -1 -1 -1 -1 -1 -1 -1 -1
0.46913403272628784 0.5340232849121094 0.7139301896095276 -1 -1 -1 -1 -1 -1 -1 -1 -1
0.46935516595840454 0.5402332544326782 0.8410639762878418 -1 -1 -1 -1 -1 -1 -1 -1 -1
0.47185218334198 0.5355359315872192 0.029781317338347435 -1 -1 -1 -1 -1 -1 -1 -1 -1
0.4709414839744568 0.5413454174995422 0.07120207697153091 -1 -1 -1 -1 -1 -1 -1 -1 -1
0.4737021028995514 0.537261426448822 0.06621520966291428 -1 -1 -1 -1 -1 -1 -1 -1 -1
0.47133204340934753 0.5406203866004944 0.06941718608140945 -1 -1 -1 -1 -1 -1 -1 -1 -1
0.4744054973125458 0.5372250080108643 0.1266486793756485 -1 -1 -1 -1 -1 -1 -1 -1 -1
0.47178664803504944 0.5405369400978088 0.13767722249031067 -1 -1 -1 -1 -1 -1 -1 -1 -1
0.47429800033569336 0.537616491317749 0.17806217074394226 -1 -1 -1 -1 -1 -1 -1 -1 -1
0.4714582860469818 0.5404016971588135 0.18751630187034607 -1 -1 -1 -1 -1 -1 -1 -1 -1
0.47403886914253235 0.5377806425094604 0.2143905907869339 -1 -1 -1 -1 -1 -1 -1 -1 -1
0.47135597467422485 0.5403001308441162 0.19184152781963348 -1 -1 -1 -1 -1 -1 -1 -1 -1
0.47408291697502136 0.5343971848487854 0.004496341105550528 -1 -1 -1 -1 -1 -1 -1 -1 -1
0.47417011857032776 0.5383567214012146 0.004439936485141516 -1 -1 -1 -1 -1 -1 -1 -1 -1
0.477344810962677 0.5341370105743408 0.0026742303743958473 -1 -1 -1 -1 -1 -1 -1 -1 -1
0.4773551821708679 0.5375162959098816 0.0010842671617865562 -1 -1 -1 -1 -1 -1 -1 -1 -1
0.4807944893836975 0.5336400270462036 4.700166391558014e-05 -1 -1 -1 -1 -1 -1 -1 -1 -1
0.4808245003223419 0.5374841690063477 5.432022953755222e-05 -1 -1 -1 -1 -1 -1 -1 -1 -1
0.48127275705337524 0.5333959460258484 2.8976774046896026e-05 -1 -1 -1 -1 -1 -1 -1 -1 -1
0.4814204275608063 0.5374309420585632 4.2809886508621275e-05 -1 -1 -1 -1 -1 -1 -1 -1 -1
0.4820893704891205 0.5342066287994385 0.00016554193280171603 -1 -1 -1 -1 -1 -1 -1 -1 -1
0.4819565713405609 0.5377231240272522 0.0003667938581202179 -1 -1 -1 -1 -1 -1 -1 -1 -1
1 
33 
-1 -1 -1 -1 -1 -1 -1 -1 -1 -1
0.44486260414123535 0.5247247219085693 0.9889944195747375 -1 -1 -1 -1 -1 -1 -1 -1 -1
0.44820696115493774 0.5333815217018127 0.9929437041282654 -1 -1 -1 -1 -1 -1 -1 -1 -1
0.4486696422100067 0.5333859920501709 0.990399181842804 -1 -1 -1 -1 -1 -1 -1 -1 -1
0.44774508476257324 0.5278575420379639 0.9942094087600708 -1 -1 -1 -1 -1 -1 -1 -1 -1
0.44835540652275085 0.5285327434539795 0.9928174018859863 -1 -1 -1 -1 -1 -1 -1 -1 -1
0.44930559396743774 0.5292366147041321 0.9891985058784485 -1 -1 -1 -1 -1 -1 -1 -1 -1
0.45023852586746216 0.5299426317214966 0.9940539002418518 -1 -1 -1 -1 -1 -1 -1 -1 -1
0.4536469876766205 0.5293041467666626 0.989276647567749 -1 -1 -1 -1 -1 -1 -1 -1 -1
0.45702341198921204 0.5317217707633972 0.9927902221679688 -1 -1 -1 -1 -1 -1 -1 -1 -1
0.4486602246761322 0.5177671313285828 0.9968908429145813 -1 -1 -1 -1 -1 -1 -1 -1 -1
0.4509691894054413 0.5169350504875183 0.997572124004364 -1 -1 -1 -1 -1 -1 -1 -1 -1
0.4635547995567322 0.5001388192176819 0.9971942901611328 -1 -1 -1 -1 -1 -1 -1 -1 -1
0.4716072380542755 0.5097324252128601 0.9995610117912292 -1 -1 -1 -1 -1 -1 -1 -1 -1
0.4528990387916565 0.4570617079734802 0.15047991275787354 -1 -1 -1 -1 -1 -1 -1 -1 -1
0.4709244668483734 0.4697970747947693 0.9541610479354858 -1 -1 -1 -1 -1 -1 -1 -1 -1
0.43369317054748535 0.4408979117870331 0.2465636432170868 -1 -1 -1 -1 -1 -1 -1 -1 -1
0.4568163752555847 0.44532695412635803 0.940560519695282 -1 -1 -1 -1 -1 -1 -1 -1 -1
0.42980003356933594 0.4378163814544678 0.262900173664093 -1 -1 -1 -1 -1 -1 -1 -1 -1
0.4550822079181671 0.4403354525566101 0.9259136319160461 -1 -1 -1 -1 -1 -1 -1 -1 -1
0.42759737372398376 0.4424169361591339 0.264391154050827 -1 -1 -1 -1 -1 -1 -1 -1 -1
0.452566534280777 0.4440930187702179 0.9199819564819336 -1 -1 -1 -1 -1 -1 -1 -1 -1
0.4290873110294342 0.44284698367118835 0.2622081935405731 -1 -1 -1 -1 -1 -1 -1 -1 -1
0.4531092047691345 0.44528132677078247 0.8841027021408081 -1 -1 -1 -1 -1 -1 -1 -1 -1
0.4814304709434509 0.42644476890563965 0.9927520751953125 -1 -1 -1 -1 -1 -1 -1 -1 -1
0.4866633117198944 0.42253968119621277 0.9905456304550171 -1 -1 -1 -1 -1 -1 -1 -1 -1
0.44038715958595276 0.4383051097393036 0.28258827328681946 -1 -1 -1 -1 -1 -1 -1 -1 -1
0.44250941276550293 0.43258413672447205 0.9113031029701233 -1 -1 -1 -1 -1 -1 -1 -1 -1
0.42204228043556213 0.3572467863559723 0.42163732647895813 -1 -1 -1 -1 -1 -1 -1 -1 -1
0.41733530163764954 0.35282203555107117 0.8698511719703674 -1 -1 -1 -1 -1 -1 -1 -1 -1
0.423495888710022 0.34109723567962646 0.4521256387233734 -1 -1 -1 -1 -1 -1 -1 -1 -1
0.4174281060695648 0.3378743529319763 0.7885227203369141 -1 -1 -1 -1 -1 -1 -1 -1 -1
0.4043247699737549 0.35124635696411133 0.4768460988998413 -1 -1 -1 -1 -1 -1 -1 -1 -1
0.39681223034858704 0.3471697270870209 0.8332327008247375 -1 -1 -1 -1 -1 -1 -1 -1 -1
1 
33 
-1 -1 -1 -1 -1 -1 -1 -1 -1 -1
0.47191786766052246 0.4661795496940613 0.8267881870269775 -1 -1 -1 -1 -1 -1 -1 -1 -1
0.4689488112926483 0.474161297082901 0.7901774644851685 -1 -1 -1 -1 -1 -1 -1 -1 -1
0.4677029252052307 0.47428372502326965 0.7406814694404602 -1 -1 -1 -1 -1 -1 -1 -1 -1
0.46645718812942505 0.47438347339630127 0.7573426961898804 -1 -1 -1 -1 -1 -1 -1 -1 -1
0.4715427756309509 0.4744318723678589 0.7625600099563599 -1 -1 -1 -1 -1 -1 -1 -1 -1
0.4723130166530609 0.4747511148452759 0.7377747297286987 -1 -1 -1 -1 -1 -1 -1 -1 -1
0.47307088971138 0.4750823378562927 0.7165577411651611 -1 -1 -1 -1 -1 -1 -1 -1 -1
0.46279045939445496 0.4754062294960022 0.8294854760169983 -1 -1 -1 -1 -1 -1 -1 -1 -1
0.47224804759025574 0.47615233063697815 0.6096799373626709 -1 -1 -1 -1 -1 -1 -1 -1 -1
0.4699661135673523 0.4608202278614044 0.9067333340644836 -1 -1 -1 -1 -1 -1 -1 -1 -1
0.4728609621524811 0.46118131279945374 0.8593757152557373 -1 -1 -1 -1 -1 -1 -1 -1 -1
0.45399126410484314 0.4619172513484955 0.999860405921936 -1 -1 -1 -1 -1 -1 -1 -1 -1
0.4754277765750885 0.4504763185977936 0.9985535740852356 -1 -1 -1 -1 -1 -1 -1 -1 -1
0.4285811483860016 0.4353536367416382 0.8355449438095093 -1 -1 -1 -1 -1 -1 -1 -1 -1
0.4522766172885895 0.3906782865524292 0.2064438909292221 -1 -1 -1 -1 -1 -1 -1 -1 -1
0.41256970167160034 0.4104548394680023 0.7432329058647156 -1 -1 -1 -1 -1 -1 -1 -1 -1
0.4261084496974945 0.3262472450733185 0.49735069274902344 -1 -1 -1 -1 -1 -1 -1 -1 -1
0.4074304699897766 0.40622299909591675 0.6642842292785645 -1 -1 -1 -1 -1 -1 -1 -1 -1
0.4216478168964386 0.31650421023368835 0.5366501212120056 -1 -1 -1 -1 -1 -1 -1 -1 -1
0.4087175726890564 0.4079797863960266 0.67991042137146 -1 -1 -1 -1 -1 -1 -1 -1 -1
0.42040228843688965 0.31134751439094543 0.517363965511322 -1 -1 -1 -1 -1 -1 -1 -1 -1
0.4114437699317932 0.4071175158023834 0.6630181074142456 -1 -1 -1 -1 -1 -1 -1 -1 -1
0.4211233854293823 0.31767088174819946 0.4592590928077698 -1 -1 -1 -1 -1 -1 -1 -1 -1
0.4565201997756958 0.37032732367515564 0.9996540546417236 -1 -1 -1 -1 -1 -1 -1 -1 -1
0.4734871983528137 0.36833062767982483 0.9981915354728699 -1 -1 -1 -1 -1 -1 -1 -1 -1
0.4361230731010437 0.3975383937358856 0.9328390955924988 -1 -1 -1 -1 -1 -1 -1 -1 -1
0.49718570709228516 0.38129329681396484 0.5912774205207825 -1 -1 -1 -1 -1 -1 -1 -1 -1
0.45540547370910645 0.34009572863578796 0.819593608379364 -1 -1 -1 -1 -1 -1 -1 -1 -1
0.5227431058883667 0.35552164912223816 0.8057231903076172 -1 -1 -1 -1 -1 -1 -1 -1 -1
0.46053847670555115 0.33284077048301697 0.8057994842529297 -1 -1 -1 -1 -1 -1 -1 -1 -1
0.5245922803878784 0.34604719281196594 0.8702544569969177 -1 -1 -1 -1 -1 -1 -1 -1 -1
0.4527742266654968 0.3233177661895752 0.7961752414703369 -1 -1 -1 -1 -1 -1 -1 -1 -1
0.5390444993972778 0.35585159063339233 0.7807612419128418 -1 -1 -1 -1 -1 -1 -1 -1 -1
1 
33 
-1 -1 -1 -1 -1 -1 -1 -1 -1 -1
0.4514431059360504 0.44768449664115906 0.9256429672241211 -1 -1 -1 -1 -1 -1 -1 -1 -1
0.45104295015335083 0.4513629674911499 0.9321712255477905 -1 -1 -1 -1 -1 -1 -1 -1 -1
0.4509287476539612 0.4516131579875946 0.933017909526825 -1 -1 -1 -1 -1 -1 -1 -1 -1
0.45080095529556274 0.4518347978591919 0.9262946844100952 -1 -1 -1 -1 -1 -1 -1 -1 -1
0.45109543204307556 0.45151323080062866 0.939934253692627 -1 -1 -1 -1 -1 -1 -1 -1 -1
0.4510664641857147 0.4518362879753113 0.9243311882019043 -1 -1 -1 -1 -1 -1 -1 -1 -1
0.45103591680526733 0.45217210054397583 0.9121759533882141 -1 -1 -1 -1 -1 -1 -1 -1 -1
0.4506388008594513 0.4534075856208801 0.9532010555267334 -1 -1 -1 -1 -1 -1 -1 -1 -1
0.45059624314308167 0.4535589814186096 0.9355641603469849 -1 -1 -1 -1 -1 -1 -1 -1 -1
0.4512171149253845 0.4459276497364044 0.9337473511695862 -1 -1 -1 -1 -1 -1 -1 -1 -1
0.4513174593448639 0.44620853662490845 0.9256588220596313 -1 -1 -1 -1 -1 -1 -1 -1 -1
0.45258828997612 0.4385649561882019 0.9959053993225098 -1 -1 -1 -1 -1 -1 -1 -1 -1
0.4503589868545532 0.4447152018547058 0.9744189381599426 -1 -1 -1 -1 -1 -1 -1 -1 -1
0.4503743648529053 0.3716154992580414 0.9312497973442078 -1 -1 -1 -1 -1 -1 -1 -1 -1
0.4396328032016754 0.3851587474346161 0.29161176085472107 -1 -1 -1 -1 -1 -1 -1 -1 -1
0.4637303054332733 0.3237719237804413 0.9657144546508789 -1 -1 -1 -1 -1 -1 -1 -1 -1
0.4357258081436157 0.33969661593437195 0.37971290946006775 -1 -1 -1 -1 -1 -1 -1 -1 -1
0.4663831293582916 0.31294840574264526 0.911252498626709 -1 -1 -1 -1 -1 -1 -1 -1 -1
0.43584081530570984 0.3286038637161255 0.2855551242828369 -1 -1 -1 -1 -1 -1 -1 -1 -1
0.46961575746536255 0.3164481520652771 0.921654999256134 -1 -1 -1 -1 -1 -1 -1 -1 -1
0.4346873462200165 0.33005279302597046 0.30239254236221313 -1 -1 -1 -1 -1 -1 -1 -1 -1
0.4681829810142517 0.3207765221595764 0.8587994575500488 -1 -1 -1 -1 -1 -1 -1 -1 -1
0.4346800744533539 0.3341401219367981 0.2445814609527588 -1 -1 -1 -1 -1 -1 -1 -1 -1
0.4417771100997925 0.3870246112346649 0.9958788156509399 -1 -1 -1 -1 -1 -1 -1 -1 -1
0.44456130266189575 0.38891708850860596 0.9919732809066772 -1 -1 -1 -1 -1 -1 -1 -1 -1
0.4432857036590576 0.3686066269874573 0.29907098412513733 -1 -1 -1 -1 -1 -1 -1 -1 -1
0.4535835087299347 0.3622191548347473 0.5353994369506836 -1 -1 -1 -1 -1 -1 -1 -1 -1
0.44199901819229126 0.33761847019195557 0.523505449295044 -1 -1 -1 -1 -1 -1 -1 -1 -1
0.45287221670150757 0.3268539011478424 0.422939270734787 -1 -1 -1 -1 -1 -1 -1 -1 -1
0.4400574266910553 0.3345382809638977 0.47219687700271606 -1 -1 -1 -1 -1 -1 -1 -1 -1
0.4514542818069458 0.3252580463886261 0.2270929366350174 -1 -1 -1 -1 -1 -1 -1 -1 -1
0.4431297183036804 0.32217514514923096 0.43557679653167725 -1 -1 -1 -1 -1 -1 -1 -1 -1
0.4534907639026642 0.3043292164802551 0.303386390209198 -1 -1 -1 -1 -1 -1 -1 -1 -1
1 
33 
-1 -1 -1 -1 -1 -1 -1 -1 -1 -1
0.4531354308128357 0.4502599239349365 0.9804393649101257 -1 -1 -1 -1 -1 -1 -1 -1 -1
0.4517670273780823 0.4543239176273346 0.984286904335022 -1 -1 -1 -1 -1 -1 -1 -1 -1
0.4513692557811737 0.45422112941741943 0.9815717339515686 -1 -1 -1 -1 -1 -1 -1 -1 -1
0.4509686231613159 0.4541168212890625 0.9849753975868225 -1 -1 -1 -1 -1 -1 -1 -1 -1
0.4525761008262634 0.45445194840431213 0.9636202454566956 -1 -1 -1 -1 -1 -1 -1 -1 -1
0.4528972804546356 0.45451128482818604 0.9501287937164307 -1 -1 -1 -1 -1 -1 -1 -1 -1
0.45321816205978394 0.45456820726394653 0.9582551717758179 -1 -1 -1 -1 -1 -1 -1 -1 -1
0.45032334327697754 0.4515978991985321 0.9927091598510742 -1 -1 -1 -1 -1 -1 -1 -1 -1
0.4531424939632416 0.4521232843399048 0.9584487676620483 -1 -1 -1 -1 -1 -1 -1 -1 -1
0.4528563320636749 0.4455363154411316 0.9901204109191895 -1 -1 -1 -1 -1 -1 -1 -1 -1
0.4541633725166321 0.4457840025424957 0.9760282039642334 -1 -1 -1 -1 -1 -1 -1 -1 -1
0.44890421628952026 0.42980706691741943 0.9984791874885559 -1 -1 -1 -1 -1 -1 -1 -1 -1
0.45654866099357605 0.43236804008483887 0.9873088002204895 -1 -1 -1 -1 -1 -1 -1 -1 -1
0.4429454207420349 0.41242146492004395 0.5965390205383301 -1 -1 -1 -1 -1 -1 -1 -1 -1
0.45203179121017456 0.42799583077430725 0.19636619091033936 -1 -1 -1 -1 -1 -1 -1 -1 -1
0.4449971914291382 0.41436681151390076 0.32260939478874207 -1 -1 -1 -1 -1 -1 -1 -1 -1
0.4466286599636078 0.4315185546875 0.23899325728416443 -1 -1 -1 -1 -1 -1 -1 -1 -1
0.4452672600746155 0.4140893816947937 0.3090071678161621 -1 -1 -1 -1 -1 -1 -1 -1 -1
0.44522956013679504 0.4310726821422577 0.273769736289978 -1 -1 -1 -1 -1 -1 -1 -1 -1
0.4459107220172882 0.41678178310394287 0.3038480281829834 -1 -1 -1 -1 -1 -1 -1 -1 -1
0.4454346299171448 0.4330759048461914 0.27074310183525085 -1 -1 -1 -1 -1 -1 -1 -1 -1
0.4459148645401001 0.41643089056015015 0.28240951895713806 -1 -1 -1 -1 -1 -1 -1 -1 -1
0.44607698917388916 0.4326343238353729 0.26553890109062195 -1 -1 -1 -1 -1 -1 -1 -1 -1
0.4554606080055237 0.3607075810432434 0.9998522996902466 -1 -1 -1 -1 -1 -1 -1 -1 -1
0.4602343440055847 0.36045002937316895 0.9995784163475037 -1 -1 -1 -1 -1 -1 -1 -1 -1
0.4577077627182007 0.3499019742012024 0.82853102684021 -1 -1 -1 -1 -1 -1 -1 -1 -1
0.46232959628105164 0.34096455574035645 0.25604960322380066 -1 -1 -1 -1 -1 -1 -1 -1 -1
0.4508558213710785 0.3041350245475769 0.7708244323730469 -1 -1 -1 -1 -1 -1 -1 -1 -1
0.44790464639663696 0.3162073493003845 0.2832157015800476 -1 -1 -1 -1 -1 -1 -1 -1 -1
0.44902846217155457 0.3009806275367737 0.8652288913726807 -1 -1 -1 -1 -1 -1 -1 -1 -1
0.4449041485786438 0.3144792318344116 0.4382607042789459 -1 -1 -1 -1 -1 -1 -1 -1 -1
0.4480161666870117 0.2805674970149994 0.7599600553512573 -1 -1 -1 -1 -1 -1 -1 -1 -1
0.4474893808364868 0.30244338512420654 0.3134457767009735 -1 -1 -1 -1 -1 -1 -1 -1 -1
1 
33 
-1 -1 -1 -1 -1 -1 -1 -1 -1 -1
0.45393088459968567 0.44601690769195557 1.0 -1 -1 -1 -1 -1 -1 -1 -1 -1
0.4516703188419342 0.4508940577507019 1.0 -1 -1 -1 -1 -1 -1 -1 -1 -1
0.4503529965877533 0.45098933577537537 1.0 -1 -1 -1 -1 -1 -1 -1 -1 -1
0.4489675760269165 0.45101016759872437 1.0 -1 -1 -1 -1 -1 -1 -1 -1 -1
0.45450007915496826 0.4517059326171875 1.0 -1 -1 -1 -1 -1 -1 -1 -1 -1
0.45552507042884827 0.4523303508758545 1.0 -1 -1 -1 -1 -1 -1 -1 -1 -1
0.45642003417015076 0.4528886079788208 1.0 -1 -1 -1 -1 -1 -1 -1 -1 -1
0.4476848542690277 0.4533692002296448 1.0 -1 -1 -1 -1 -1 -1 -1 -1 -1
0.45763909816741943 0.45486360788345337 1.0 -1 -1 -1 -1 -1 -1 -1 -1 -1
0.4515535831451416 0.44340503215789795 1.0 -1 -1 -1 -1 -1 -1 -1 -1 -1
0.4558858573436737 0.44505569338798523 1.0 -1 -1 -1 -1 -1 -1 -1 -1 -1
0.44212037324905396 0.4367853105068207 1.0 -1 -1 -1 -1 -1 -1 -1 -1 -1
0.46720147132873535 0.45519599318504333 1.0 -1 -1 -1 -1 -1 -1 -1 -1 -1
0.4494767487049103 0.40706801414489746 0.010663784109055996 -1 -1 -1 -1 -1 -1 -1 -1 -1
0.4730435311794281 0.4151506721973419 0.7502216696739197 -1 -1 -1 -1 -1 -1 -1 -1 -1
0.4536352753639221 0.407747358083725 0.008659854531288147 -1 -1 -1 -1 -1 -1 -1 -1 -1
0.48084747791290283 0.41022366285324097 0.0180961973965168 -1 -1 -1 -1 -1 -1 -1 -1 -1
0.4548301696777344 0.4009705185890198 0.04137090966105461 -1 -1 -1 -1 -1 -1 -1 -1 -1
0.4853246212005615 0.39864954352378845 0.020111490041017532 -1 -1 -1 -1 -1 -1 -1 -1 -1
0.4543975293636322 0.4012506306171417 0.0742671936750412 -1 -1 -1 -1 -1 -1 -1 -1 -1
0.4813220798969269 0.4050993025302887 0.09511587023735046 -1 -1 -1 -1 -1 -1 -1 -1 -1
0.45448988676071167 0.4040012061595917 0.0353371687233448 -1 -1 -1 -1 -1 -1 -1 -1 -1
0.4788742959499359 0.4106818437576294 0.05833853408694267 -1 -1 -1 -1 -1 -1 -1 -1 -1
0.45268818736076355 0.4056347608566284 0.8715326189994812 -1 -1 -1 -1 -1 -1 -1 -1 -1
0.46641984581947327 0.4185599386692047 0.9437307119369507 -1 -1 -1 -1 -1 -1 -1 -1 -1
0.46171045303344727 0.375434935092926 0.042699262499809265 -1 -1 -1 -1 -1 -1 -1 -1 -1
0.4682236909866333 0.38486266136169434 0.09145469963550568 -1 -1 -1 -1 -1 -1 -1 -1 -1
0.4642186164855957 0.3556309640407562 0.2934059500694275 -1 -1 -1 -1 -1 -1 -1 -1 -1
0.47883301973342896 0.3611203730106354 0.0027395254001021385 -1 -1 -1 -1 -1 -1 -1 -1 -1
0.4678778648376465 0.35134458541870117 0.10518579930067062 -1 -1 -1 -1 -1 -1 -1 -1 -1
0.4824753999710083 0.3527682423591614 0.019234420731663704 -1 -1 -1 -1 -1 -1 -1 -1 -1
0.4610838294029236 0.3540162146091461 0.3976824879646301 -1 -1 -1 -1 -1 -1 -1 -1 -1
0.47542139887809753 0.3575533628463745 0.04454653710126877 -1 -1 -1 -1 -1 -1 -1 -1 -1
1 
33 
-1 -1 -1 -1 -1 -1 -1 -1 -1 -1
0.46515998244285583 0.4143568277359009 1.0 -1 -1 -1 -1 -1 -1 -1 -1 -1
0.4660424590110779 0.4161476790904999 1.0 -1 -1 -1 -1 -1 -1 -1 -1 -1
0.4661344885826111 0.4166717231273651 1.0 -1 -1 -1 -1 -1 -1 -1 -1 -1
0.46581271290779114 0.41769054532051086 1.0 -1 -1 -1 -1 -1 -1 -1 -1 -1
0.46663999557495117 0.41440173983573914 1.0 -1 -1 -1 -1 -1 -1 -1 -1 -1
0.4671003520488739 0.4135489761829376 1.0 -1 -1 -1 -1 -1 -1 -1 -1 -1
0.4673116207122803 0.4131084084510803 1.0 -1 -1 -1 -1 -1 -1 -1 -1 -1
0.4651615023612976 0.4173610806465149 1.0 -1 -1 -1 -1 -1 -1 -1 -1 -1
0.4671066403388977 0.4112682044506073 1.0 -1 -1 -1 -1 -1 -1 -1 -1 -1
0.46281805634498596 0.4161609709262848 1.0 -1 -1 -1 -1 -1 -1 -1 -1 -1
0.46278005838394165 0.41381680965423584 1.0 -1 -1 -1 -1 -1 -1 -1 -1 -1
0.46196648478507996 0.41697460412979126 1.0 -1 -1 -1 -1 -1 -1 -1 -1 -1
0.4618280827999115 0.40735599398612976 1.0 -1 -1 -1 -1 -1 -1 -1 -1 -1
0.4619542062282562 0.4206259846687317 0.5331575274467468 -1 -1 -1 -1 -1 -1 -1 -1 -1
0.4566205143928528 0.4018747806549072 0.057221364229917526 -1 -1 -1 -1 -1 -1 -1 -1 -1
0.4630490839481354 0.4153447151184082 0.3507721722126007 -1 -1 -1 -1 -1 -1 -1 -1 -1
0.45905178785324097 0.40355947613716125 0.0746108666062355 -1 -1 -1 -1 -1 -1 -1 -1 -1
0.46286511421203613 0.41512376070022583 0.4427465796470642 -1 -1 -1 -1 -1 -1 -1 -1 -1
0.45948272943496704 0.4048044979572296 0.0330045260488987 -1 -1 -1 -1 -1 -1 -1 -1 -1
0.46161961555480957 0.41553792357444763 0.5213465690612793 -1 -1 -1 -1 -1 -1 -1 -1 -1
0.45953232049942017 0.4066632091999054 0.16137799620628357 -1 -1 -1 -1 -1 -1 -1 -1 -1
0.46132567524909973 0.4153594374656677 0.4022236764431 -1 -1 -1 -1 -1 -1 -1 -1 -1
0.4594802260398865 0.40627321600914 0.09200180321931839 -1 -1 -1 -1 -1 -1 -1 -1 -1
0.4495353400707245 0.41338661313056946 0.006760001182556152 -1 -1 -1 -1 -1 -1 -1 -1 -1
0.44902485609054565 0.40447327494621277 0.01560532208532095 -1 -1 -1 -1 -1 -1 -1 -1 -1
0.44495534896850586 0.41053974628448486 0.0004040960920974612 -1 -1 -1 -1 -1 -1 -1 -1 -1
0.44346702098846436 0.40413403511047363 0.00019524195522535592 -1 -1 -1 -1 -1 -1 -1 -1 -1
0.4374137818813324 0.40521156787872314 0.0004065882239956409 -1 -1 -1 -1 -1 -1 -1 -1 -1
0.4363476634025574 0.39683347940444946 0.00012555198918562382 -1 -1 -1 -1 -1 -1 -1 -1 -1
0.4368467330932617 0.4028818607330322 0.00021362461848184466 -1 -1 -1 -1 -1 -1 -1 -1 -1
0.4345918893814087 0.39334118366241455 0.00044527865247800946 -1 -1 -1 -1 -1 -1 -1 -1 -1
0.4353870451450348 0.4051705598831177 0.00016880898328963667 -1 -1 -1 -1 -1 -1 -1 -1 -1
0.4366663694381714 0.39897334575653076 4.547890057438053e-05 -1 -1 -1 -1 -1 -1 -1 -1 -1
1 
33 
-1 -1 -1 -1 -1 -1 -1 -1 -1 -1
0.47395649552345276 0.3805147409439087 0.978762686252594 -1 -1 -1 -1 -1 -1 -1 -1 -1
0.4761560559272766 0.3773358464241028 0.9811549782752991 -1 -1 -1 -1 -1 -1 -1 -1 -1
0.47677209973335266 0.3778274357318878 0.9776409268379211 -1 -1 -1 -1 -1 -1 -1 -1 -1
0.4773702621459961 0.37833473086357117 0.9831043481826782 -1 -1 -1 -1 -1 -1 -1 -1 -1
0.4755021035671234 0.3764510750770569 0.9819464087486267 -1 -1 -1 -1 -1 -1 -1 -1 -1
0.4755471646785736 0.37625735998153687 0.9790495038032532 -1 -1 -1 -1 -1 -1 -1 -1 -1
0.47559207677841187 0.3760698139667511 0.9848726987838745 -1 -1 -1 -1 -1 -1 -1 -1 -1
0.4813533425331116 0.3824872374534607 0.9821121692657471 -1 -1 -1 -1 -1 -1 -1 -1 -1
0.47878381609916687 0.37930452823638916 0.9905440807342529 -1 -1 -1 -1 -1 -1 -1 -1 -1
0.47537901997566223 0.38652777671813965 0.9884017109870911 -1 -1 -1 -1 -1 -1 -1 -1 -1
0.47437331080436707 0.38558700680732727 0.9851523637771606 -1 -1 -1 -1 -1 -1 -1 -1 -1
0.48364853858947754 0.41164231300354004 0.9935868978500366 -1 -1 -1 -1 -1 -1 -1 -1 -1
0.47885656356811523 0.3960002064704895 0.9981902241706848 -1 -1 -1 -1 -1 -1 -1 -1 -1
0.4701702296733856 0.4223802983760834 0.6565201282501221 -1 -1 -1 -1 -1 -1 -1 -1 -1
0.4568009674549103 0.38975194096565247 0.7389127016067505 -1 -1 -1 -1 -1 -1 -1 -1 -1
0.4603896737098694 0.407185435295105 0.33544716238975525 -1 -1 -1 -1 -1 -1 -1 -1 -1
0.4470284581184387 0.38751402497291565 0.5297205448150635 -1 -1 -1 -1 -1 -1 -1 -1 -1
0.4564346671104431 0.4052524268627167 0.263459712266922 -1 -1 -1 -1 -1 -1 -1 -1 -1
0.44361642003059387 0.389193594455719 0.4753303527832031 -1 -1 -1 -1 -1 -1 -1 -1 -1
0.45799732208251953 0.4018383324146271 0.2714405953884125 -1 -1 -1 -1 -1 -1 -1 -1 -1
0.4449010193347931 0.3877924084663391 0.4905863106250763 -1 -1 -1 -1 -1 -1 -1 -1 -1
0.4592101573944092 0.4027312695980072 0.2637535631656647 -1 -1 -1 -1 -1 -1 -1 -1 -1
0.4456333816051483 0.388231486082077 0.4797264039516449 -1 -1 -1 -1 -1 -1 -1 -1 -1
0.4565071761608124 0.477958083152771 0.9641283750534058 -1 -1 -1 -1 -1 -1 -1 -1 -1
0.456428200006485 0.4659881591796875 0.98563551902771 -1 -1 -1 -1 -1 -1 -1 -1 -1
0.4341496527194977 0.41175952553749084 0.670498251914978 -1 -1 -1 -1 -1 -1 -1 -1 -1
0.43427738547325134 0.416049599647522 0.44397127628326416 -1 -1 -1 -1 -1 -1 -1 -1 -1
0.41122525930404663 0.41498425602912903 0.6668950915336609 -1 -1 -1 -1 -1 -1 -1 -1 -1
0.41255173087120056 0.4407567083835602 0.16557680070400238 -1 -1 -1 -1 -1 -1 -1 -1 -1
0.4076724946498871 0.4237208962440491 0.5655291676521301 -1 -1 -1 -1 -1 -1 -1 -1 -1
0.41120651364326477 0.4486878514289856 0.14493869245052338 -1 -1 -1 -1 -1 -1 -1 -1 -1
0.40663817524909973 0.3896808326244354 0.6314879059791565 -1 -1 -1 -1 -1 -1 -1 -1 -1
0.40437763929367065 0.4330790042877197 0.1675000935792923 -1 -1 -1 -1 -1 -1 -1 -1 -1
1 
