20
1 
33 
-1 -1 -1 -1 -1 -1 -1 -1 -1 -1
0.6833771467208862 0.28200870752334595 0.9999364614486694 -1 -1 -1 -1 -1 -1 -1 -1 -1
0.6865923404693604 0.27206116914749146 0.9999624490737915 -1 -1 -1 -1 -1 -1 -1 -1 -1
0.6875877380371094 0.2716546654701233 0.9999607801437378 -1 -1 -1 -1 -1 -1 -1 -1 -1
0.6886281371116638 0.2711920142173767 0.9999678134918213 -1 -1 -1 -1 -1 -1 -1 -1 -1
0.6857874393463135 0.2718789279460907 0.9999165534973145 -1 -1 -1 -1 -1 -1 -1 -1 -1
0.6862251162528992 0.2713749408721924 0.9998762607574463 -1 -1 -1 -1 -1 -1 -1 -1 -1
0.6866698265075684 0.2707899212837219 0.9999210834503174 -1 -1 -1 -1 -1 -1 -1 -1 -1
0.6962153315544128 0.27284494042396545 0.9999672174453735 -1 -1 -1 -1 -1 -1 -1 -1 -1
0.6918675899505615 0.2733903229236603 0.999923825263977 -1 -1 -1 -1 -1 -1 -1 -1 -1
0.6869269013404846 0.28824087977409363 0.9998171925544739 -1 -1 -1 -1 -1 -1 -1 -1 -1
0.6860016584396362 0.288870245218277 0.9996716976165771 -1 -1 -1 -1 -1 -1 -1 -1 -1
0.7115702629089355 0.2996388077735901 0.9998494386672974 -1 -1 -1 -1 -1 -1 -1 -1 -1
0.6977271437644958 0.3091926574707031 0.9988850951194763 -1 -1 -1 -1 -1 -1 -1 -1 -1
0.7136789560317993 0.2363560050725937 0.9972031116485596 -1 -1 -1 -1 -1 -1 -1 -1 -1
0.6842429637908936 0.24717338383197784 0.30363941192626953 -1 -1 -1 -1 -1 -1 -1 -1 -1
0.7202993035316467 0.1800691783428192 0.9889077544212341 -1 -1 -1 -1 -1 -1 -1 -1 -1
0.6786741018295288 0.187811940908432 0.6810794472694397 -1 -1 -1 -1 -1 -1 -1 -1 -1
0.7211678624153137 0.16796201467514038 0.9810706377029419 -1 -1 -1 -1 -1 -1 -1 -1 -1
0.6752628684043884 0.17096704244613647 0.7358523011207581 -1 -1 -1 -1 -1 -1 -1 -1 -1
0.7195409536361694 0.16626319289207458 0.9787060618400574 -1 -1 -1 -1 -1 -1 -1 -1 -1
0.6771010756492615 0.1677905023097992 0.7282221913337708 -1 -1 -1 -1 -1 -1 -1 -1 -1
0.7181693315505981 0.17031267285346985 0.9672817587852478 -1 -1 -1 -1 -1 -1 -1 -1 -1
0.6787319779396057 0.16970479488372803 0.731407642364502 -1 -1 -1 -1 -1 -1 -1 -1 -1
0.7154715657234192 0.4451017379760742 0.9999707937240601 -1 -1 -1 -1 -1 -1 -1 -1 -1
0.7049444913864136 0.44931477308273315 0.9999496936798096 -1 -1 -1 -1 -1 -1 -1 -1 -1
0.6655929684638977 0.49817848205566406 0.99086993932724 -1 -1 -1 -1 -1 -1 -1 -1 -1
0.6617217063903809 0.5137509107589722 0.8121591210365295 -1 -1 -1 -1 -1 -1 -1 -1 -1
0.7111244797706604 0.57673579454422 0.9863618612289429 -1 -1 -1 -1 -1 -1 -1 -1 -1
0.7095761895179749 0.5900143384933472 0.7934560775756836 -1 -1 -1 -1 -1 -1 -1 -1 -1
0.7196272015571594 0.5642913579940796 0.9834660291671753 -1 -1 -1 -1 -1 -1 -1 -1 -1
0.717963695526123 0.5855614542961121 0.8516989946365356 -1 -1 -1 -1 -1 -1 -1 -1 -1
0.7228895425796509 0.6444825530052185 0.9881253242492676 -1 -1 -1 -1 -1 -1 -1 -1 -1
0.7206222414970398 0.6459669470787048 0.8309226036071777 -1 -1 -1 -1 -1 -1 -1 -1 -1
1 
33 
-1 -1 -1 -1 -1 -1 -1 -1 -1 -1
0.6804458498954773 0.2714039087295532 0.9999290704727173 -1 -1 -1 -1 -1 -1 -1 -1 -1
0.6836022734642029 0.2602195143699646 0.999955415725708 -1 -1 -1 -1 -1 -1 -1 -1 -1
0.6846317648887634 0.25950390100479126 0.9999524354934692 -1 -1 -1 -1 -1 -1 -1 -1 -1
0.6857075095176697 0.25880444049835205 0.9999582767486572 -1 -1 -1 -1 -1 -1 -1 -1 -1
0.6829055547714233 0.2605278491973877 0.9999055862426758 -1 -1 -1 -1 -1 -1 -1 -1 -1
0.6834009885787964 0.2600795030593872 0.9998533725738525 -1 -1 -1 -1 -1 -1 -1 -1 -1
0.6838659644126892 0.25968173146247864 0.9998854398727417 -1 -1 -1 -1 -1 -1 -1 -1 -1
0.6944130659103394 0.2595723867416382 0.9999618530273438 -1 -1 -1 -1 -1 -1 -1 -1 -1
0.6899001002311707 0.262457013130188 0.9998966455459595 -1 -1 -1 -1 -1 -1 -1 -1 -1
0.6842413544654846 0.27700620889663696 0.9998188614845276 -1 -1 -1 -1 -1 -1 -1 -1 -1
0.6833836436271667 0.27745550870895386 0.999666690826416 -1 -1 -1 -1 -1 -1 -1 -1 -1
0.7101781368255615 0.2816057801246643 0.999893069267273 -1 -1 -1 -1 -1 -1 -1 -1 -1
0.6959185600280762 0.2986988425254822 0.9993515610694885 -1 -1 -1 -1 -1 -1 -1 -1 -1
0.7107750773429871 0.21284884214401245 0.9977747797966003 -1 -1 -1 -1 -1 -1 -1 -1 -1
0.6843330264091492 0.23606762290000916 0.43226397037506104 -1 -1 -1 -1 -1 -1 -1 -1 -1
0.70361328125 0.15820354223251343 0.9914114475250244 -1 -1 -1 -1 -1 -1 -1 -1 -1
0.6755750179290771 0.17655614018440247 0.754651665687561 -1 -1 -1 -1 -1 -1 -1 -1 -1
0.7031244039535522 0.14687612652778625 0.9851948618888855 -1 -1 -1 -1 -1 -1 -1 -1 -1
0.67237389087677 0.16427162289619446 0.7739967703819275 -1 -1 -1 -1 -1 -1 -1 -1 -1
0.7021338939666748 0.14779499173164368 0.9832143783569336 -1 -1 -1 -1 -1 -1 -1 -1 -1
0.6736869812011719 0.1573145091533661 0.7646022439002991 -1 -1 -1 -1 -1 -1 -1 -1 -1
0.7009741067886353 0.1524772346019745 0.9735861420631409 -1 -1 -1 -1 -1 -1 -1 -1 -1
0.6770789623260498 0.16501176357269287 0.7751228213310242 -1 -1 -1 -1 -1 -1 -1 -1 -1
0.714320182800293 0.4333152770996094 0.9999738931655884 -1 -1 -1 -1 -1 -1 -1 -1 -1
0.7077495455741882 0.438717246055603 0.9999570846557617 -1 -1 -1 -1 -1 -1 -1 -1 -1
0.6738467216491699 0.49655264616012573 0.9924499988555908 -1 -1 -1 -1 -1 -1 -1 -1 -1
0.6780416965484619 0.5214667320251465 0.9058166742324829 -1 -1 -1 -1 -1 -1 -1 -1 -1
0.7121245265007019 0.564873456954956 0.9895393252372742 -1 -1 -1 -1 -1 -1 -1 -1 -1
0.7138248085975647 0.5910021066665649 0.9112012386322021 -1 -1 -1 -1 -1 -1 -1 -1 -1
0.7246806621551514 0.562972903251648 0.9857345819473267 -1 -1 -1 -1 -1 -1 -1 -1 -1
0.7232972383499146 0.5961432456970215 0.9199692606925964 -1 -1 -1 -1 -1 -1 -1 -1 -1
0.7236881852149963 0.6373164653778076 0.9904783964157104 -1 -1 -1 -1 -1 -1 -1 -1 -1
0.7218385934829712 0.6481080055236816 0.9119083285331726 -1 -1 -1 -1 -1 -1 -1 -1 -1
1 
33 
-1 -1 -1 -1 -1 -1 -1 -1 -1 -1
0.6794429421424866 0.26466482877731323 0.9997947812080383 -1 -1 -1 -1 -1 -1 -1 -1 -1
0.6813803315162659 0.2547926902770996 0.9998631477355957 -1 -1 -1 -1 -1 -1 -1 -1 -1
0.6822925209999084 0.25397366285324097 0.9998699426651001 -1 -1 -1 -1 -1 -1 -1 -1 -1
0.6831622123718262 0.25312885642051697 0.9998867511749268 -1 -1 -1 -1 -1 -1 -1 -1 -1
0.6807644963264465 0.2551077902317047 0.9997144341468811 -1 -1 -1 -1 -1 -1 -1 -1 -1
0.6811264157295227 0.2545601725578308 0.9996032118797302 -1 -1 -1 -1 -1 -1 -1 -1 -1
0.6814573407173157 0.25394779443740845 0.9996386766433716 -1 -1 -1 -1 -1 -1 -1 -1 -1
0.6908119916915894 0.25361084938049316 0.9998756647109985 -1 -1 -1 -1 -1 -1 -1 -1 -1
0.6871021389961243 0.25570380687713623 0.9996436834335327 -1 -1 -1 -1 -1 -1 -1 -1 -1
0.6833593845367432 0.26923346519470215 0.9994848966598511 -1 -1 -1 -1 -1 -1 -1 -1 -1
0.6824790239334106 0.2699633836746216 0.9989607334136963 -1 -1 -1 -1 -1 -1 -1 -1 -1
0.7063714861869812 0.27182120084762573 0.9998216032981873 -1 -1 -1 -1 -1 -1 -1 -1 -1
0.6919082403182983 0.2897360324859619 0.9981429576873779 -1 -1 -1 -1 -1 -1 -1 -1 -1
0.6991614699363708 0.209616556763649 0.9962971806526184 -1 -1 -1 -1 -1 -1 -1 -1 -1
0.6795980334281921 0.2273632287979126 0.28248411417007446 -1 -1 -1 -1 -1 -1 -1 -1 -1
0.6937879920005798 0.14997556805610657 0.983805775642395 -1 -1 -1 -1 -1 -1 -1 -1 -1
0.6692054867744446 0.17230355739593506 0.6087908148765564 -1 -1 -1 -1 -1 -1 -1 -1 -1
0.6924173831939697 0.13957583904266357 0.973224937915802 -1 -1 -1 -1 -1 -1 -1 -1 -1
0.6624807715415955 0.16086140275001526 0.660571813583374 -1 -1 -1 -1 -1 -1 -1 -1 -1
0.6909576058387756 0.13956913352012634 0.9694795608520508 -1 -1 -1 -1 -1 -1 -1 -1 -1
0.6677280068397522 0.16238418221473694 0.655257523059845 -1 -1 -1 -1 -1 -1 -1 -1 -1
0.6900936961174011 0.14189961552619934 0.9525856971740723 -1 -1 -1 -1 -1 -1 -1 -1 -1
0.6688674688339233 0.16281136870384216 0.6644405126571655 -1 -1 -1 -1 -1 -1 -1 -1 -1
0.7125544548034668 0.4246988594532013 0.9999555349349976 -1 -1 -1 -1 -1 -1 -1 -1 -1
0.703652560710907 0.4280303120613098 0.9998719692230225 -1 -1 -1 -1 -1 -1 -1 -1 -1
0.6784419417381287 0.49121516942977905 0.9893804788589478 -1 -1 -1 -1 -1 -1 -1 -1 -1
0.6740352511405945 0.49123796820640564 0.8847365975379944 -1 -1 -1 -1 -1 -1 -1 -1 -1
0.7104390263557434 0.5742850303649902 0.991302490234375 -1 -1 -1 -1 -1 -1 -1 -1 -1
0.7050856947898865 0.5662293434143066 0.8675274848937988 -1 -1 -1 -1 -1 -1 -1 -1 -1
0.7178162336349487 0.5708103775978088 0.9839878678321838 -1 -1 -1 -1 -1 -1 -1 -1 -1
0.7130451798439026 0.5652380585670471 0.8556030988693237 -1 -1 -1 -1 -1 -1 -1 -1 -1
0.7164729833602905 0.6267679929733276 0.9908419847488403 -1 -1 -1 -1 -1 -1 -1 -1 -1
0.7098309993743896 0.6161577105522156 0.8678560256958008 -1 -1 -1 -1 -1 -1 -1 -1 -1
1 
33 
-1 -1 -1 -1 -1 -1 -1 -1 -1 -1
0.6783962845802307 0.2600339651107788 0.9997664093971252 -1 -1 -1 -1 -1 -1 -1 -1 -1
0.6798382997512817 0.2501813769340515 0.9998514652252197 -1 -1 -1 -1 -1 -1 -1 -1 -1
0.6806908845901489 0.2492164820432663 0.9998518228530884 -1 -1 -1 -1 -1 -1 -1 -1 -1
0.6816233396530151 0.24806305766105652 0.9998558759689331 -1 -1 -1 -1 -1 -1 -1 -1 -1
0.6788137555122375 0.2506139278411865 0.9997252821922302 -1 -1 -1 -1 -1 -1 -1 -1 -1
0.6789389252662659 0.25007694959640503 0.9995902180671692 -1 -1 -1 -1 -1 -1 -1 -1 -1
0.6790771484375 0.2494276612997055 0.9995960593223572 -1 -1 -1 -1 -1 -1 -1 -1 -1
0.68845534324646 0.2462695837020874 0.9998468160629272 -1 -1 -1 -1 -1 -1 -1 -1 -1
0.6833035349845886 0.250607967376709 0.9995892643928528 -1 -1 -1 -1 -1 -1 -1 -1 -1
0.6819047331809998 0.26430487632751465 0.9994033575057983 -1 -1 -1 -1 -1 -1 -1 -1 -1
0.6808201670646667 0.2654440402984619 0.9988460540771484 -1 -1 -1 -1 -1 -1 -1 -1 -1
0.7035753726959229 0.2657563388347626 0.999805748462677 -1 -1 -1 -1 -1 -1 -1 -1 -1
0.6868342757225037 0.2792547345161438 0.9984388947486877 -1 -1 -1 -1 -1 -1 -1 -1 -1
0.688861608505249 0.20743419229984283 0.9963584542274475 -1 -1 -1 -1 -1 -1 -1 -1 -1
0.6715243458747864 0.22350996732711792 0.42721885442733765 -1 -1 -1 -1 -1 -1 -1 -1 -1
0.6855152249336243 0.13906770944595337 0.9889482259750366 -1 -1 -1 -1 -1 -1 -1 -1 -1
0.6615551710128784 0.16959795355796814 0.7846373319625854 -1 -1 -1 -1 -1 -1 -1 -1 -1
0.6835622787475586 0.1263878345489502 0.9817458391189575 -1 -1 -1 -1 -1 -1 -1 -1 -1
0.6581366062164307 0.15807530283927917 0.8093027472496033 -1 -1 -1 -1 -1 -1 -1 -1 -1
0.6819950342178345 0.1269300878047943 0.9793955683708191 -1 -1 -1 -1 -1 -1 -1 -1 -1
0.6601936221122742 0.15678924322128296 0.8049869537353516 -1 -1 -1 -1 -1 -1 -1 -1 -1
0.681641697883606 0.13374075293540955 0.9662871956825256 -1 -1 -1 -1 -1 -1 -1 -1 -1
0.6628996729850769 0.16135525703430176 0.8068667650222778 -1 -1 -1 -1 -1 -1 -1 -1 -1
0.7143334746360779 0.4167589843273163 0.9999672174453735 -1 -1 -1 -1 -1 -1 -1 -1 -1
0.7011216878890991 0.4183541238307953 0.9998828172683716 -1 -1 -1 -1 -1 -1 -1 -1 -1
0.6779255867004395 0.4812909960746765 0.9897018671035767 -1 -1 -1 -1 -1 -1 -1 -1 -1
0.6711903214454651 0.4819064140319824 0.7994460463523865 -1 -1 -1 -1 -1 -1 -1 -1 -1
0.7074437141418457 0.564349353313446 0.9910423755645752 -1 -1 -1 -1 -1 -1 -1 -1 -1
0.6984896659851074 0.5532840490341187 0.8121902346611023 -1 -1 -1 -1 -1 -1 -1 -1 -1
0.7179344296455383 0.5595903992652893 0.9861930012702942 -1 -1 -1 -1 -1 -1 -1 -1 -1
0.7047897577285767 0.5567759275436401 0.8043042421340942 -1 -1 -1 -1 -1 -1 -1 -1 -1
0.7142274975776672 0.6152006387710571 0.9904066920280457 -1 -1 -1 -1 -1 -1 -1 -1 -1
0.7013981938362122 0.6053670644760132 0.8255084753036499 -1 -1 -1 -1 -1 -1 -1 -1 -1
1 
33 
-1 -1 -1 -1 -1 -1 -1 -1 -1 -1
0.6735054850578308 0.26191771030426025 0.9998781681060791 -1 -1 -1 -1 -1 -1 -1 -1 -1
0.6743544936180115 0.25187593698501587 0.9999079704284668 -1 -1 -1 -1 -1 -1 -1 -1 -1
0.6752919554710388 0.25086021423339844 0.9998971223831177 -1 -1 -1 -1 -1 -1 -1 -1 -1
0.6762929558753967 0.2497043013572693 0.9999055862426758 -1 -1 -1 -1 -1 -1 -1 -1 -1
0.6733902096748352 0.2523609697818756 0.9998860359191895 -1 -1 -1 -1 -1 -1 -1 -1 -1
0.6735959053039551 0.2517598271369934 0.9998216032981873 -1 -1 -1 -1 -1 -1 -1 -1 -1
0.6738000512123108 0.2510378956794739 0.9998458623886108 -1 -1 -1 -1 -1 -1 -1 -1 -1
0.6828823685646057 0.24650830030441284 0.9998921155929565 -1 -1 -1 -1 -1 -1 -1 -1 -1
0.6781492829322815 0.25030624866485596 0.9998565912246704 -1 -1 -1 -1 -1 -1 -1 -1 -1
0.6779634952545166 0.2661234736442566 0.9994812607765198 -1 -1 -1 -1 -1 -1 -1 -1 -1
0.676871657371521 0.26733672618865967 0.9993933439254761 -1 -1 -1 -1 -1 -1 -1 -1 -1
0.6981778740882874 0.2678702473640442 0.9994702935218811 -1 -1 -1 -1 -1 -1 -1 -1 -1
0.6866468787193298 0.2816113233566284 0.9988017082214355 -1 -1 -1 -1 -1 -1 -1 -1 -1
0.6814544200897217 0.20846742391586304 0.9957743287086487 -1 -1 -1 -1 -1 -1 -1 -1 -1
0.6695948839187622 0.23199032247066498 0.44805213809013367 -1 -1 -1 -1 -1 -1 -1 -1 -1
0.6694144606590271 0.15058594942092896 0.9751361608505249 -1 -1 -1 -1 -1 -1 -1 -1 -1
0.6598947644233704 0.18125426769256592 0.7221382856369019 -1 -1 -1 -1 -1 -1 -1 -1 -1
0.667262613773346 0.14303049445152283 0.9615743160247803 -1 -1 -1 -1 -1 -1 -1 -1 -1
0.6522228121757507 0.17344263195991516 0.753153920173645 -1 -1 -1 -1 -1 -1 -1 -1 -1
0.6661161780357361 0.1408398151397705 0.95672208070755 -1 -1 -1 -1 -1 -1 -1 -1 -1
0.6578879356384277 0.17249228060245514 0.7504749894142151 -1 -1 -1 -1 -1 -1 -1 -1 -1
0.6657989621162415 0.1460716426372528 0.9368630647659302 -1 -1 -1 -1 -1 -1 -1 -1 -1
0.6588425040245056 0.17239364981651306 0.7544565200805664 -1 -1 -1 -1 -1 -1 -1 -1 -1
0.711836576461792 0.41717416048049927 0.9999321699142456 -1 -1 -1 -1 -1 -1 -1 -1 -1
0.7071730494499207 0.42009854316711426 0.9998549222946167 -1 -1 -1 -1 -1 -1 -1 -1 -1
0.666675329208374 0.48272275924682617 0.991043210029602 -1 -1 -1 -1 -1 -1 -1 -1 -1
0.6728143095970154 0.4773715138435364 0.7677205204963684 -1 -1 -1 -1 -1 -1 -1 -1 -1
0.7026193737983704 0.5614814758300781 0.9938077330589294 -1 -1 -1 -1 -1 -1 -1 -1 -1
0.6997421979904175 0.5581058263778687 0.8604127764701843 -1 -1 -1 -1 -1 -1 -1 -1 -1
0.7132229804992676 0.5595280528068542 0.9939397573471069 -1 -1 -1 -1 -1 -1 -1 -1 -1
0.7102818489074707 0.5595924854278564 0.8642569184303284 -1 -1 -1 -1 -1 -1 -1 -1 -1
0.7015143036842346 0.6084264516830444 0.9926949739456177 -1 -1 -1 -1 -1 -1 -1 -1 -1
0.7002890706062317 0.6055693030357361 0.8764363527297974 -1 -1 -1 -1 -1 -1 -1 -1 -1
1 
33 
-1 -1 -1 -1 -1 -1 -1 -1 -1 -1
0.6686763763427734 0.2601064443588257 0.9995076656341553 -1 -1 -1 -1 -1 -1 -1 -1 -1
0.6710463762283325 0.2503972053527832 0.9996885061264038 -1 -1 -1 -1 -1 -1 -1 -1 -1
0.6717308759689331 0.24914376437664032 0.9996674060821533 -1 -1 -1 -1 -1 -1 -1 -1 -1
0.6723992228507996 0.24772121012210846 0.9997195601463318 -1 -1 -1 -1 -1 -1 -1 -1 -1
0.6704378724098206 0.2512332797050476 0.9995608925819397 -1 -1 -1 -1 -1 -1 -1 -1 -1
0.6708228588104248 0.2504657506942749 0.9993253946304321 -1 -1 -1 -1 -1 -1 -1 -1 -1
0.6710249185562134 0.24954436719417572 0.9994283318519592 -1 -1 -1 -1 -1 -1 -1 -1 -1
0.6793893575668335 0.24679140746593475 0.9995504021644592 -1 -1 -1 -1 -1 -1 -1 -1 -1
0.6761460304260254 0.25012749433517456 0.9992952346801758 -1 -1 -1 -1 -1 -1 -1 -1 -1
0.6727679371833801 0.2644723653793335 0.9985052347183228 -1 -1 -1 -1 -1 -1 -1 -1 -1
0.6721934676170349 0.26592761278152466 0.9979082345962524 -1 -1 -1 -1 -1 -1 -1 -1 -1
0.6919924020767212 0.26941338181495667 0.9989691972732544 -1 -1 -1 -1 -1 -1 -1 -1 -1
0.6823582649230957 0.2783777117729187 0.9958251714706421 -1 -1 -1 -1 -1 -1 -1 -1 -1
0.6739861369132996 0.22267217934131622 0.9905157089233398 -1 -1 -1 -1 -1 -1 -1 -1 -1
0.6638875603675842 0.24431228637695312 0.10839371383190155 -1 -1 -1 -1 -1 -1 -1 -1 -1
0.6528961658477783 0.168820321559906 0.961367666721344 -1 -1 -1 -1 -1 -1 -1 -1 -1
0.6522577404975891 0.18743003904819489 0.3396015465259552 -1 -1 -1 -1 -1 -1 -1 -1 -1
0.6488314867019653 0.15934157371520996 0.9484065175056458 -1 -1 -1 -1 -1 -1 -1 -1 -1
0.6487538814544678 0.17898987233638763 0.4610942304134369 -1 -1 -1 -1 -1 -1 -1 -1 -1
0.6483480930328369 0.15629759430885315 0.9421364665031433 -1 -1 -1 -1 -1 -1 -1 -1 -1
0.6488814353942871 0.17424796521663666 0.46816298365592957 -1 -1 -1 -1 -1 -1 -1 -1 -1
0.6499441862106323 0.16151250898838043 0.9096634387969971 -1 -1 -1 -1 -1 -1 -1 -1 -1
0.6489499807357788 0.17787757515907288 0.48004478216171265 -1 -1 -1 -1 -1 -1 -1 -1 -1
0.7109787464141846 0.42138129472732544 0.9998772144317627 -1 -1 -1 -1 -1 -1 -1 -1 -1
0.7055901288986206 0.4237910509109497 0.9996911287307739 -1 -1 -1 -1 -1 -1 -1 -1 -1
0.6676275730133057 0.4842919111251831 0.9750648736953735 -1 -1 -1 -1 -1 -1 -1 -1 -1
0.6715579032897949 0.4828895032405853 0.499512255191803 -1 -1 -1 -1 -1 -1 -1 -1 -1
0.700007438659668 0.5614390969276428 0.9853171706199646 -1 -1 -1 -1 -1 -1 -1 -1 -1
0.6982724070549011 0.5586590766906738 0.7178056240081787 -1 -1 -1 -1 -1 -1 -1 -1 -1
0.7122961282730103 0.5652161836624146 0.9886333346366882 -1 -1 -1 -1 -1 -1 -1 -1 -1
0.7116174697875977 0.5646672248840332 0.7592364549636841 -1 -1 -1 -1 -1 -1 -1 -1 -1
0.695984959602356 0.6102074384689331 0.9840076565742493 -1 -1 -1 -1 -1 -1 -1 -1 -1
0.6952190399169922 0.6067925691604614 0.762559711933136 -1 -1 -1 -1 -1 -1 -1 -1 -1
1 
33 
-1 -1 -1 -1 -1 -1 -1 -1 -1 -1
0.6625601053237915 0.2787635922431946 0.999769389629364 -1 -1 -1 -1 -1 -1 -1 -1 -1
0.6638680696487427 0.26975250244140625 0.9998419284820557 -1 -1 -1 -1 -1 -1 -1 -1 -1
0.6643673777580261 0.2683259844779968 0.9998175501823425 -1 -1 -1 -1 -1 -1 -1 -1 -1
0.6646713018417358 0.2666926383972168 0.9998630285263062 -1 -1 -1 -1 -1 -1 -1 -1 -1
0.663538932800293 0.270723819732666 0.9998247027397156 -1 -1 -1 -1 -1 -1 -1 -1 -1
0.6639094352722168 0.26991575956344604 0.9997175335884094 -1 -1 -1 -1 -1 -1 -1 -1 -1
0.6640807390213013 0.26886600255966187 0.9997947812080383 -1 -1 -1 -1 -1 -1 -1 -1 -1
0.6703051924705505 0.25879308581352234 0.9997733235359192 -1 -1 -1 -1 -1 -1 -1 -1 -1
0.6689836382865906 0.2631208300590515 0.9998262524604797 -1 -1 -1 -1 -1 -1 -1 -1 -1
0.6665793657302856 0.2799363136291504 0.9993139505386353 -1 -1 -1 -1 -1 -1 -1 -1 -1
0.6665708422660828 0.28130894899368286 0.9992709755897522 -1 -1 -1 -1 -1 -1 -1 -1 -1
0.6810008883476257 0.26957961916923523 0.999826967716217 -1 -1 -1 -1 -1 -1 -1 -1 -1
0.6819895505905151 0.2864677309989929 0.9992309808731079 -1 -1 -1 -1 -1 -1 -1 -1 -1
0.6633563041687012 0.22703850269317627 0.9899599552154541 -1 -1 -1 -1 -1 -1 -1 -1 -1
0.6712527275085449 0.2852976322174072 0.07266989350318909 -1 -1 -1 -1 -1 -1 -1 -1 -1
0.641682505607605 0.18282052874565125 0.9691314697265625 -1 -1 -1 -1 -1 -1 -1 -1 -1
0.6623708605766296 0.2570522129535675 0.1631859391927719 -1 -1 -1 -1 -1 -1 -1 -1 -1
0.6374639868736267 0.1744459867477417 0.9579218626022339 -1 -1 -1 -1 -1 -1 -1 -1 -1
0.6623397469520569 0.2500772476196289 0.24032434821128845 -1 -1 -1 -1 -1 -1 -1 -1 -1
0.6380861401557922 0.17290043830871582 0.9532850384712219 -1 -1 -1 -1 -1 -1 -1 -1 -1
0.6620659232139587 0.2470230907201767 0.24681545794010162 -1 -1 -1 -1 -1 -1 -1 -1 -1
0.6402682662010193 0.16745218634605408 0.9257475733757019 -1 -1 -1 -1 -1 -1 -1 -1 -1
0.6614327430725098 0.24960197508335114 0.2555985152721405 -1 -1 -1 -1 -1 -1 -1 -1 -1
0.7077316641807556 0.4261239767074585 0.9999666213989258 -1 -1 -1 -1 -1 -1 -1 -1 -1
0.7066805362701416 0.42894256114959717 0.9999324083328247 -1 -1 -1 -1 -1 -1 -1 -1 -1
0.6609008312225342 0.492495059967041 0.9872019290924072 -1 -1 -1 -1 -1 -1 -1 -1 -1
0.6716312766075134 0.4823497533798218 0.5545450448989868 -1 -1 -1 -1 -1 -1 -1 -1 -1
0.6937581896781921 0.5651968121528625 0.9895610809326172 -1 -1 -1 -1 -1 -1 -1 -1 -1
0.6933808326721191 0.5606135129928589 0.7834005951881409 -1 -1 -1 -1 -1 -1 -1 -1 -1
0.704889714717865 0.5675673484802246 0.9916844367980957 -1 -1 -1 -1 -1 -1 -1 -1 -1
0.7026515603065491 0.568098783493042 0.8162517547607422 -1 -1 -1 -1 -1 -1 -1 -1 -1
0.6877837777137756 0.6171162128448486 0.9883363842964172 -1 -1 -1 -1 -1 -1 -1 -1 -1
0.6848831176757812 0.6106843948364258 0.83262699842453 -1 -1 -1 -1 -1 -1 -1 -1 -1
1 
33 
-1 -1 -1 -1 -1 -1 -1 -1 -1 -1
0.6575729846954346 0.2829238772392273 0.9991434812545776 -1 -1 -1 -1 -1 -1 -1 -1 -1
0.6552444100379944 0.2683700919151306 0.9996885061264038 -1 -1 -1 -1 -1 -1 -1 -1 -1
0.6559330224990845 0.2675948739051819 0.9996891021728516 -1 -1 -1 -1 -1 -1 -1 -1 -1
0.6566280722618103 0.2669256031513214 0.9997162222862244 -1 -1 -1 -1 -1 -1 -1 -1 -1
0.6555947661399841 0.2679395079612732 0.9995154142379761 -1 -1 -1 -1 -1 -1 -1 -1 -1
0.6563355922698975 0.26699382066726685 0.9992769360542297 -1 -1 -1 -1 -1 -1 -1 -1 -1
0.6571186184883118 0.26607048511505127 0.9993923902511597 -1 -1 -1 -1 -1 -1 -1 -1 -1
0.6635569930076599 0.2624508738517761 0.9996751546859741 -1 -1 -1 -1 -1 -1 -1 -1 -1
0.6642580628395081 0.26106804609298706 0.9995858073234558 -1 -1 -1 -1 -1 -1 -1 -1 -1
0.6625333428382874 0.28073620796203613 0.9986206293106079 -1 -1 -1 -1 -1 -1 -1 -1 -1
0.661423921585083 0.28074371814727783 0.9984508752822876 -1 -1 -1 -1 -1 -1 -1 -1 -1
0.6767504811286926 0.27892357110977173 0.99985671043396 -1 -1 -1 -1 -1 -1 -1 -1 -1
0.6830720901489258 0.2809745669364929 0.9992690682411194 -1 -1 -1 -1 -1 -1 -1 -1 -1
0.6508728265762329 0.24200597405433655 0.9903578162193298 -1 -1 -1 -1 -1 -1 -1 -1 -1
0.6700434684753418 0.27547645568847656 0.04521220549941063 -1 -1 -1 -1 -1 -1 -1 -1 -1
0.6358341574668884 0.20049652457237244 0.9607958793640137 -1 -1 -1 -1 -1 -1 -1 -1 -1
0.6612711548805237 0.24817487597465515 0.11633820086717606 -1 -1 -1 -1 -1 -1 -1 -1 -1
0.630233108997345 0.19199950993061066 0.9537041187286377 -1 -1 -1 -1 -1 -1 -1 -1 -1
0.6615479588508606 0.23953045904636383 0.1865459829568863 -1 -1 -1 -1 -1 -1 -1 -1 -1
0.6307538151741028 0.1902570128440857 0.9488639235496521 -1 -1 -1 -1 -1 -1 -1 -1 -1
0.6618859767913818 0.23842427134513855 0.18712759017944336 -1 -1 -1 -1 -1 -1 -1 -1 -1
0.6339625716209412 0.19586119055747986 0.9091514945030212 -1 -1 -1 -1 -1 -1 -1 -1 -1
0.6610573530197144 0.24142323434352875 0.19584211707115173 -1 -1 -1 -1 -1 -1 -1 -1 -1
0.7015653252601624 0.43851205706596375 0.9999641180038452 -1 -1 -1 -1 -1 -1 -1 -1 -1
0.7056781053543091 0.43405815958976746 0.9998844861984253 -1 -1 -1 -1 -1 -1 -1 -1 -1
0.6575793027877808 0.5038782358169556 0.9783650040626526 -1 -1 -1 -1 -1 -1 -1 -1 -1
0.6954426169395447 0.5089550614356995 0.3446023762226105 -1 -1 -1 -1 -1 -1 -1 -1 -1
0.6917023062705994 0.5813338756561279 0.9786666631698608 -1 -1 -1 -1 -1 -1 -1 -1 -1
0.6980941891670227 0.5835818648338318 0.6562918424606323 -1 -1 -1 -1 -1 -1 -1 -1 -1
0.7014416456222534 0.5808992981910706 0.98178631067276 -1 -1 -1 -1 -1 -1 -1 -1 -1
0.7153376936912537 0.60277259349823 0.7490500211715698 -1 -1 -1 -1 -1 -1 -1 -1 -1
0.6851078271865845 0.6301658153533936 0.9764902591705322 -1 -1 -1 -1 -1 -1 -1 -1 -1
0.6906057000160217 0.6255714893341064 0.728583037853241 -1 -1 -1 -1 -1 -1 -1 -1 -1
1 
33 
-1 -1 -1 -1 -1 -1 -1 -1 -1 -1
0.6574664115905762 0.30783510208129883 0.9986741542816162 -1 -1 -1 -1 -1 -1 -1 -1 -1
0.6584232449531555 0.2981373965740204 0.9992268085479736 -1 -1 -1 -1 -1 -1 -1 -1 -1
0.6592398881912231 0.29638373851776123 0.9991856217384338 -1 -1 -1 -1 -1 -1 -1 -1 -1
0.6598264575004578 0.2942689061164856 0.9993153810501099 -1 -1 -1 -1 -1 -1 -1 -1 -1
0.6571194529533386 0.29890066385269165 0.9990885257720947 -1 -1 -1 -1 -1 -1 -1 -1 -1
0.6571073532104492 0.29777026176452637 0.998646080493927 -1 -1 -1 -1 -1 -1 -1 -1 -1
0.6570009589195251 0.29640501737594604 0.9989608526229858 -1 -1 -1 -1 -1 -1 -1 -1 -1
0.6647701263427734 0.2846056818962097 0.9991884827613831 -1 -1 -1 -1 -1 -1 -1 -1 -1
0.6610702276229858 0.289223313331604 0.9991087317466736 -1 -1 -1 -1 -1 -1 -1 -1 -1
0.6620513200759888 0.3083873391151428 0.9978392720222473 -1 -1 -1 -1 -1 -1 -1 -1 -1
0.6605545878410339 0.3089364767074585 0.9975636005401611 -1 -1 -1 -1 -1 -1 -1 -1 -1
0.6809806823730469 0.3032225966453552 0.9996623992919922 -1 -1 -1 -1 -1 -1 -1 -1 -1
0.6744393110275269 0.3101428747177124 0.9988545179367065 -1 -1 -1 -1 -1 -1 -1 -1 -1
0.6572852730751038 0.2629910707473755 0.9837369322776794 -1 -1 -1 -1 -1 -1 -1 -1 -1
0.6655582189559937 0.30789852142333984 0.14286446571350098 -1 -1 -1 -1 -1 -1 -1 -1 -1
0.6361720561981201 0.22556383907794952 0.951652467250824 -1 -1 -1 -1 -1 -1 -1 -1 -1
0.6618996262550354 0.28498876094818115 0.20675398409366608 -1 -1 -1 -1 -1 -1 -1 -1 -1
0.6271671652793884 0.2174220234155655 0.941179633140564 -1 -1 -1 -1 -1 -1 -1 -1 -1
0.6630071997642517 0.27981331944465637 0.2700513005256653 -1 -1 -1 -1 -1 -1 -1 -1 -1
0.6270906329154968 0.21644188463687897 0.9338651299476624 -1 -1 -1 -1 -1 -1 -1 -1 -1
0.6638076901435852 0.27646201848983765 0.27455654740333557 -1 -1 -1 -1 -1 -1 -1 -1 -1
0.6301119327545166 0.21955513954162598 0.8942761421203613 -1 -1 -1 -1 -1 -1 -1 -1 -1
0.6628185510635376 0.27880439162254333 0.28697192668914795 -1 -1 -1 -1 -1 -1 -1 -1 -1
0.7009672522544861 0.453256219625473 0.9997897744178772 -1 -1 -1 -1 -1 -1 -1 -1 -1
0.6955231428146362 0.45079129934310913 0.9994246959686279 -1 -1 -1 -1 -1 -1 -1 -1 -1
0.6582871675491333 0.515417218208313 0.9871631264686584 -1 -1 -1 -1 -1 -1 -1 -1 -1
0.6760287284851074 0.507766842842102 0.6492154002189636 -1 -1 -1 -1 -1 -1 -1 -1 -1
0.6848769187927246 0.6030840277671814 0.9819861650466919 -1 -1 -1 -1 -1 -1 -1 -1 -1
0.6844052076339722 0.6030056476593018 0.7218055129051208 -1 -1 -1 -1 -1 -1 -1 -1 -1
0.6940274238586426 0.6096678972244263 0.9718913435935974 -1 -1 -1 -1 -1 -1 -1 -1 -1
0.6946010589599609 0.6137875318527222 0.7505649924278259 -1 -1 -1 -1 -1 -1 -1 -1 -1
0.6711803674697876 0.653975248336792 0.9755358099937439 -1 -1 -1 -1 -1 -1 -1 -1 -1
0.6721644997596741 0.651221752166748 0.7637842893600464 -1 -1 -1 -1 -1 -1 -1 -1 -1
1 
33 
-1 -1 -1 -1 -1 -1 -1 -1 -1 -1
0.6543470621109009 0.32688724994659424 0.9994708895683289 -1 -1 -1 -1 -1 -1 -1 -1 -1
0.6554626226425171 0.31700652837753296 0.9997000694274902 -1 -1 -1 -1 -1 -1 -1 -1 -1
0.6564252376556396 0.31583261489868164 0.9996379613876343 -1 -1 -1 -1 -1 -1 -1 -1 -1
0.6573278903961182 0.3144363760948181 0.9997052550315857 -1 -1 -1 -1 -1 -1 -1 -1 -1
0.6542075872421265 0.3170003890991211 0.9996694326400757 -1 -1 -1 -1 -1 -1 -1 -1 -1
0.6542825102806091 0.31585854291915894 0.9994359612464905 -1 -1 -1 -1 -1 -1 -1 -1 -1
0.6543332934379578 0.31458020210266113 0.9996035695075989 -1 -1 -1 -1 -1 -1 -1 -1 -1
0.6634159684181213 0.30688512325286865 0.9997305274009705 -1 -1 -1 -1 -1 -1 -1 -1 -1
0.6583911776542664 0.3092367947101593 0.9994490742683411 -1 -1 -1 -1 -1 -1 -1 -1 -1
0.6598030924797058 0.33051538467407227 0.9985765218734741 -1 -1 -1 -1 -1 -1 -1 -1 -1
0.6584367752075195 0.3305170238018036 0.9986739158630371 -1 -1 -1 -1 -1 -1 -1 -1 -1
0.6809181571006775 0.32777416706085205 0.9987494945526123 -1 -1 -1 -1 -1 -1 -1 -1 -1
0.6724953651428223 0.3287067711353302 0.9984009861946106 -1 -1 -1 -1 -1 -1 -1 -1 -1
0.6662580966949463 0.28224271535873413 0.9905856251716614 -1 -1 -1 -1 -1 -1 -1 -1 -1
0.6547150015830994 0.3016607165336609 0.20833472907543182 -1 -1 -1 -1 -1 -1 -1 -1 -1
0.6415445804595947 0.23382499814033508 0.9652076363563538 -1 -1 -1 -1 -1 -1 -1 -1 -1
0.6407304406166077 0.2502593994140625 0.369995653629303 -1 -1 -1 -1 -1 -1 -1 -1 -1
0.6345107555389404 0.22454026341438293 0.9449107050895691 -1 -1 -1 -1 -1 -1 -1 -1 -1
0.6374050378799438 0.24766844511032104 0.41939252614974976 -1 -1 -1 -1 -1 -1 -1 -1 -1
0.6345189213752747 0.22245627641677856 0.9360693693161011 -1 -1 -1 -1 -1 -1 -1 -1 -1
0.6368379592895508 0.24619534611701965 0.42867106199264526 -1 -1 -1 -1 -1 -1 -1 -1 -1
0.6366918683052063 0.22574260830879211 0.9031388163566589 -1 -1 -1 -1 -1 -1 -1 -1 -1
0.6378629803657532 0.24662360548973083 0.4602145254611969 -1 -1 -1 -1 -1 -1 -1 -1 -1
0.6996195316314697 0.4749654531478882 0.9996752738952637 -1 -1 -1 -1 -1 -1 -1 -1 -1
0.6954593062400818 0.4768184423446655 0.999729573726654 -1 -1 -1 -1 -1 -1 -1 -1 -1
0.660450279712677 0.5346648097038269 0.9839046597480774 -1 -1 -1 -1 -1 -1 -1 -1 -1
0.7010260820388794 0.5841577649116516 0.9064522385597229 -1 -1 -1 -1 -1 -1 -1 -1 -1
0.6765259504318237 0.6288941502571106 0.9288953542709351 -1 -1 -1 -1 -1 -1 -1 -1 -1
0.7152367234230042 0.7054330706596375 0.8916239142417908 -1 -1 -1 -1 -1 -1 -1 -1 -1
0.6851971745491028 0.6359777450561523 0.9289809465408325 -1 -1 -1 -1 -1 -1 -1 -1 -1
0.7222966551780701 0.7231179475784302 0.895098090171814 -1 -1 -1 -1 -1 -1 -1 -1 -1
0.6624670624732971 0.6772024631500244 0.9287504553794861 -1 -1 -1 -1 -1 -1 -1 -1 -1
0.7005126476287842 0.7371504306793213 0.8852906823158264 -1 -1 -1 -1 -1 -1 -1 -1 -1
1 
33 
-1 -1 -1 -1 -1 -1 -1 -1 -1 -1
0.6499587297439575 0.34888872504234314 0.9994156360626221 -1 -1 -1 -1 -1 -1 -1 -1 -1
0.6517472863197327 0.34015798568725586 0.9996606111526489 -1 -1 -1 -1 -1 -1 -1 -1 -1
0.6526036262512207 0.3394710421562195 0.9996395111083984 -1 -1 -1 -1 -1 -1 -1 -1 -1
0.6533713340759277 0.3385785222053528 0.9996936321258545 -1 -1 -1 -1 -1 -1 -1 -1 -1
0.6507132649421692 0.3392740488052368 0.9996334314346313 -1 -1 -1 -1 -1 -1 -1 -1 -1
0.6509406566619873 0.33806848526000977 0.9994387030601501 -1 -1 -1 -1 -1 -1 -1 -1 -1
0.6511335372924805 0.33673161268234253 0.999530553817749 -1 -1 -1 -1 -1 -1 -1 -1 -1
0.6591577529907227 0.33429884910583496 0.9996263980865479 -1 -1 -1 -1 -1 -1 -1 -1 -1
0.6555553674697876 0.3349953889846802 0.9994271993637085 -1 -1 -1 -1 -1 -1 -1 -1 -1
0.653984785079956 0.35189908742904663 0.9985963702201843 -1 -1 -1 -1 -1 -1 -1 -1 -1
0.6528454422950745 0.3510822653770447 0.9986360669136047 -1 -1 -1 -1 -1 -1 -1 -1 -1
0.6746318340301514 0.3512941598892212 0.9992356300354004 -1 -1 -1 -1 -1 -1 -1 -1 -1
0.6681862473487854 0.35311251878738403 0.9972383975982666 -1 -1 -1 -1 -1 -1 -1 -1 -1
0.6613607406616211 0.3118012547492981 0.9929795861244202 -1 -1 -1 -1 -1 -1 -1 -1 -1
0.6565757393836975 0.30828309059143066 0.19113203883171082 -1 -1 -1 -1 -1 -1 -1 -1 -1
0.6518435478210449 0.25380581617355347 0.9768398404121399 -1 -1 -1 -1 -1 -1 -1 -1 -1
0.6518579125404358 0.26596492528915405 0.45096686482429504 -1 -1 -1 -1 -1 -1 -1 -1 -1
0.6492341160774231 0.23717382550239563 0.9645730257034302 -1 -1 -1 -1 -1 -1 -1 -1 -1
0.6486029028892517 0.25248754024505615 0.5283252000808716 -1 -1 -1 -1 -1 -1 -1 -1 -1
0.6489421725273132 0.23213136196136475 0.9588912725448608 -1 -1 -1 -1 -1 -1 -1 -1 -1
0.6502553224563599 0.2497842013835907 0.5352794528007507 -1 -1 -1 -1 -1 -1 -1 -1 -1
0.6500508785247803 0.24076944589614868 0.9299689531326294 -1 -1 -1 -1 -1 -1 -1 -1 -1
0.6506747603416443 0.2537597715854645 0.5570699572563171 -1 -1 -1 -1 -1 -1 -1 -1 -1
0.6960582733154297 0.4971979260444641 0.9996563196182251 -1 -1 -1 -1 -1 -1 -1 -1 -1
0.6914284229278564 0.49628376960754395 0.999446451663971 -1 -1 -1 -1 -1 -1 -1 -1 -1
0.6582050323486328 0.5662371516227722 0.9948941469192505 -1 -1 -1 -1 -1 -1 -1 -1 -1
0.6643205881118774 0.5615898966789246 0.8878819346427917 -1 -1 -1 -1 -1 -1 -1 -1 -1
0.6694426536560059 0.6764205098152161 0.9874005913734436 -1 -1 -1 -1 -1 -1 -1 -1 -1
0.6725048422813416 0.67249596118927 0.8634318113327026 -1 -1 -1 -1 -1 -1 -1 -1 -1
0.6776955127716064 0.691652238368988 0.9824063777923584 -1 -1 -1 -1 -1 -1 -1 -1 -1
0.6799589991569519 0.6933149099349976 0.8496308326721191 -1 -1 -1 -1 -1 -1 -1 -1 -1
0.6452832818031311 0.7099841833114624 0.9815519452095032 -1 -1 -1 -1 -1 -1 -1 -1 -1
0.6498810648918152 0.7072749733924866 0.8677181601524353 -1 -1 -1 -1 -1 -1 -1 -1 -1
1 
33 
-1 -1 -1 -1 -1 -1 -1 -1 -1 -1
0.6728883385658264 0.6532489061355591 0.9288519620895386 -1 -1 -1 -1 -1 -1 -1 -1 -1
0.6693438291549683 0.6583102941513062 0.9725895524024963 -1 -1 -1 -1 -1 -1 -1 -1 -1
0.6686577200889587 0.6580252647399902 0.9674535393714905 -1 -1 -1 -1 -1 -1 -1 -1 -1
0.6680115461349487 0.6576918959617615 0.9736825227737427 -1 -1 -1 -1 -1 -1 -1 -1 -1
0.6700090169906616 0.6586093902587891 0.9445719122886658 -1 -1 -1 -1 -1 -1 -1 -1 -1
0.669657826423645 0.6584545373916626 0.9028406143188477 -1 -1 -1 -1 -1 -1 -1 -1 -1
0.6692876219749451 0.658245325088501 0.9160771369934082 -1 -1 -1 -1 -1 -1 -1 -1 -1
0.662834644317627 0.6533170342445374 0.979006826877594 -1 -1 -1 -1 -1 -1 -1 -1 -1
0.6648641228675842 0.6548178791999817 0.9127228260040283 -1 -1 -1 -1 -1 -1 -1 -1 -1
0.6719802618026733 0.6468228697776794 0.9690815210342407 -1 -1 -1 -1 -1 -1 -1 -1 -1
0.6719641089439392 0.6463586688041687 0.9654465913772583 -1 -1 -1 -1 -1 -1 -1 -1 -1
0.6613908410072327 0.6280926465988159 0.9991406202316284 -1 -1 -1 -1 -1 -1 -1 -1 -1
0.6646320819854736 0.6271173357963562 0.9980912804603577 -1 -1 -1 -1 -1 -1 -1 -1 -1
0.6726143956184387 0.6643717288970947 0.7335469722747803 -1 -1 -1 -1 -1 -1 -1 -1 -1
0.6678756475448608 0.669276773929596 0.04990620166063309 -1 -1 -1 -1 -1 -1 -1 -1 -1
0.6665695905685425 0.6994502544403076 0.5536453723907471 -1 -1 -1 -1 -1 -1 -1 -1 -1
0.6691484451293945 0.7150638103485107 0.10761328786611557 -1 -1 -1 -1 -1 -1 -1 -1 -1
0.6650456786155701 0.7077431678771973 0.5786736011505127 -1 -1 -1 -1 -1 -1 -1 -1 -1
0.6676173806190491 0.7254270315170288 0.16210903227329254 -1 -1 -1 -1 -1 -1 -1 -1 -1
0.6629542708396912 0.7066941261291504 0.5623185038566589 -1 -1 -1 -1 -1 -1 -1 -1 -1
0.6694143414497375 0.7274359464645386 0.1686721295118332 -1 -1 -1 -1 -1 -1 -1 -1 -1
0.6643565893173218 0.7035351991653442 0.44729897379875183 -1 -1 -1 -1 -1 -1 -1 -1 -1
0.669617772102356 0.7233471274375916 0.15816062688827515 -1 -1 -1 -1 -1 -1 -1 -1 -1
0.6828762888908386 0.4851682186126709 0.9999651908874512 -1 -1 -1 -1 -1 -1 -1 -1 -1
0.686335563659668 0.48481518030166626 0.9999675750732422 -1 -1 -1 -1 -1 -1 -1 -1 -1
0.650634229183197 0.4278651475906372 0.9171345829963684 -1 -1 -1 -1 -1 -1 -1 -1 -1
0.6676207780838013 0.42684826254844666 0.844467282295227 -1 -1 -1 -1 -1 -1 -1 -1 -1
0.6588488221168518 0.4715464115142822 0.8700103163719177 -1 -1 -1 -1 -1 -1 -1 -1 -1
0.6554283499717712 0.3624069094657898 0.8711262941360474 -1 -1 -1 -1 -1 -1 -1 -1 -1
0.6599324941635132 0.4830513894557953 0.9037282466888428 -1 -1 -1 -1 -1 -1 -1 -1 -1
0.6530203819274902 0.3556007146835327 0.9149978756904602 -1 -1 -1 -1 -1 -1 -1 -1 -1
0.661942720413208 0.47752416133880615 0.8984355926513672 -1 -1 -1 -1 -1 -1 -1 -1 -1
0.6569561958312988 0.33912548422813416 0.9103115200996399 -1 -1 -1 -1 -1 -1 -1 -1 -1
1 
33 
-1 -1 -1 -1 -1 -1 -1 -1 -1 -1
0.6842197179794312 0.7007105946540833 0.9964522123336792 -1 -1 -1 -1 -1 -1 -1 -1 -1
0.6841241121292114 0.7119622230529785 0.9976330995559692 -1 -1 -1 -1 -1 -1 -1 -1 -1
0.6840575337409973 0.71184241771698 0.9965751767158508 -1 -1 -1 -1 -1 -1 -1 -1 -1
0.6839348673820496 0.7113991379737854 0.9973956346511841 -1 -1 -1 -1 -1 -1 -1 -1 -1
0.6856710314750671 0.7137794494628906 0.9973711967468262 -1 -1 -1 -1 -1 -1 -1 -1 -1
0.6857621073722839 0.7135570049285889 0.9966282248497009 -1 -1 -1 -1 -1 -1 -1 -1 -1
0.6858190894126892 0.7130168676376343 0.9970231652259827 -1 -1 -1 -1 -1 -1 -1 -1 -1
0.681681752204895 0.7081004977226257 0.9987964630126953 -1 -1 -1 -1 -1 -1 -1 -1 -1
0.6812138557434082 0.7001650929450989 0.9980188608169556 -1 -1 -1 -1 -1 -1 -1 -1 -1
0.6847667694091797 0.701032817363739 0.9969897270202637 -1 -1 -1 -1 -1 -1 -1 -1 -1
0.6849315762519836 0.7009572982788086 0.9969291090965271 -1 -1 -1 -1 -1 -1 -1 -1 -1
0.6787430047988892 0.6736760139465332 0.9989632368087769 -1 -1 -1 -1 -1 -1 -1 -1 -1
0.6822887659072876 0.6743651628494263 0.9965888261795044 -1 -1 -1 -1 -1 -1 -1 -1 -1
0.6769095063209534 0.6528493165969849 0.38728898763656616 -1 -1 -1 -1 -1 -1 -1 -1 -1
0.6786952018737793 0.6528589725494385 0.05981616675853729 -1 -1 -1 -1 -1 -1 -1 -1 -1
0.6803933382034302 0.666081964969635 0.3287997245788574 -1 -1 -1 -1 -1 -1 -1 -1 -1
0.6783521771430969 0.6426748037338257 0.042691465467214584 -1 -1 -1 -1 -1 -1 -1 -1 -1
0.6816751956939697 0.6697333455085754 0.30399125814437866 -1 -1 -1 -1 -1 -1 -1 -1 -1
0.6785664558410645 0.6378377676010132 0.045649051666259766 -1 -1 -1 -1 -1 -1 -1 -1 -1
0.6809535026550293 0.672304093837738 0.29657629132270813 -1 -1 -1 -1 -1 -1 -1 -1 -1
0.6785518527030945 0.6409398913383484 0.04732973873615265 -1 -1 -1 -1 -1 -1 -1 -1 -1
0.6804388165473938 0.6702346801757812 0.2619648277759552 -1 -1 -1 -1 -1 -1 -1 -1 -1
0.6788365840911865 0.64264976978302 0.054318271577358246 -1 -1 -1 -1 -1 -1 -1 -1 -1
0.6969866156578064 0.6089212894439697 0.9991230368614197 -1 -1 -1 -1 -1 -1 -1 -1 -1
0.7006266117095947 0.6111809611320496 0.9988089799880981 -1 -1 -1 -1 -1 -1 -1 -1 -1
0.6867102980613708 0.6324774026870728 0.3632628321647644 -1 -1 -1 -1 -1 -1 -1 -1 -1
0.6913787722587585 0.6324548125267029 0.12253985553979874 -1 -1 -1 -1 -1 -1 -1 -1 -1
0.6923755407333374 0.6129427552223206 0.11349814385175705 -1 -1 -1 -1 -1 -1 -1 -1 -1
0.6976472735404968 0.6110917925834656 0.08628977090120316 -1 -1 -1 -1 -1 -1 -1 -1 -1
0.6935356259346008 0.6095027923583984 0.15724609792232513 -1 -1 -1 -1 -1 -1 -1 -1 -1
0.6986395120620728 0.6063662767410278 0.12067507207393646 -1 -1 -1 -1 -1 -1 -1 -1 -1
0.6928327083587646 0.610061764717102 0.14877034723758698 -1 -1 -1 -1 -1 -1 -1 -1 -1
0.7015811204910278 0.611669659614563 0.11252792924642563 -1 -1 -1 -1 -1 -1 -1 -1 -1
1 
33 
-1 -1 -1 -1 -1 -1 -1 -1 -1 -1
0.6818159222602844 0.6304107904434204 1.0 -1 -1 -1 -1 -1 -1 -1 -1 -1
0.6744619011878967 0.6403775215148926 1.0 -1 -1 -1 -1 -1 -1 -1 -1 -1
0.6743285059928894 0.6400116086006165 1.0 -1 -1 -1 -1 -1 -1 -1 -1 -1
0.6742529273033142 0.6396216154098511 1.0 -1 -1 -1 -1 -1 -1 -1 -1 -1
0.6723737716674805 0.642127275466919 0.9999998807907104 -1 -1 -1 -1 -1 -1 -1 -1 -1
0.6711568236351013 0.6416552662849426 1.0 -1 -1 -1 -1 -1 -1 -1 -1 -1
0.6699997186660767 0.641262948513031 0.9999998807907104 -1 -1 -1 -1 -1 -1 -1 -1 -1
0.6716222167015076 0.6367740631103516 1.0 -1 -1 -1 -1 -1 -1 -1 -1 -1
0.6661938428878784 0.6385955214500427 1.0 -1 -1 -1 -1 -1 -1 -1 -1 -1
0.684050977230072 0.6227872371673584 0.9999997615814209 -1 -1 -1 -1 -1 -1 -1 -1 -1
0.6832594275474548 0.6241669058799744 0.9999996423721313 -1 -1 -1 -1 -1 -1 -1 -1 -1
0.6849727034568787 0.5971140265464783 0.9999996423721313 -1 -1 -1 -1 -1 -1 -1 -1 -1
0.6781541109085083 0.6240254640579224 0.99998939037323 -1 -1 -1 -1 -1 -1 -1 -1 -1
0.7055857181549072 0.5866137742996216 0.9999961853027344 -1 -1 -1 -1 -1 -1 -1 -1 -1
0.7073632478713989 0.6578295230865479 0.996918797492981 -1 -1 -1 -1 -1 -1 -1 -1 -1
0.7233370542526245 0.6604279279708862 0.9999514818191528 -1 -1 -1 -1 -1 -1 -1 -1 -1
0.7224974632263184 0.6748331785202026 0.9969191551208496 -1 -1 -1 -1 -1 -1 -1 -1 -1
0.7317333817481995 0.6694984436035156 0.9999357461929321 -1 -1 -1 -1 -1 -1 -1 -1 -1
0.7265478372573853 0.6743752956390381 0.9927288889884949 -1 -1 -1 -1 -1 -1 -1 -1 -1
0.7277410626411438 0.6810508370399475 0.9999479055404663 -1 -1 -1 -1 -1 -1 -1 -1 -1
0.7254830598831177 0.6906998157501221 0.9954370856285095 -1 -1 -1 -1 -1 -1 -1 -1 -1
0.7249823212623596 0.6766384840011597 0.9999681711196899 -1 -1 -1 -1 -1 -1 -1 -1 -1
0.7255281805992126 0.6945765018463135 0.9979134202003479 -1 -1 -1 -1 -1 -1 -1 -1 -1
0.7284491062164307 0.5763568878173828 0.9999995231628418 -1 -1 -1 -1 -1 -1 -1 -1 -1
0.7239204049110413 0.5873116254806519 0.9999854564666748 -1 -1 -1 -1 -1 -1 -1 -1 -1
0.736990213394165 0.5286276340484619 1.0 -1 -1 -1 -1 -1 -1 -1 -1 -1
0.7468395233154297 0.6575710773468018 0.999998927116394 -1 -1 -1 -1 -1 -1 -1 -1 -1
0.7499437928199768 0.633947491645813 0.9999829530715942 -1 -1 -1 -1 -1 -1 -1 -1 -1
0.7412725687026978 0.7019621729850769 0.9998555183410645 -1 -1 -1 -1 -1 -1 -1 -1 -1
0.7546511888504028 0.6442132592201233 0.9999996423721313 -1 -1 -1 -1 -1 -1 -1 -1 -1
0.7537774443626404 0.7008277177810669 1.0 -1 -1 -1 -1 -1 -1 -1 -1 -1
0.7435131072998047 0.633456826210022 0.9995213747024536 -1 -1 -1 -1 -1 -1 -1 -1 -1
0.7208383679389954 0.7409555315971375 0.997747004032135 -1 -1 -1 -1 -1 -1 -1 -1 -1
1 
33 
-1 -1 -1 -1 -1 -1 -1 -1 -1 -1
0.6210840940475464 0.3768594264984131 0.9941498041152954 -1 -1 -1 -1 -1 -1 -1 -1 -1
0.6215390563011169 0.3648473024368286 0.9969788789749146 -1 -1 -1 -1 -1 -1 -1 -1 -1
0.6222021579742432 0.3641096353530884 0.9967615008354187 -1 -1 -1 -1 -1 -1 -1 -1 -1
0.6235283613204956 0.36406928300857544 0.9973432421684265 -1 -1 -1 -1 -1 -1 -1 -1 -1
0.6213928461074829 0.36463648080825806 0.9963904023170471 -1 -1 -1 -1 -1 -1 -1 -1 -1
0.621834397315979 0.3637422025203705 0.994731068611145 -1 -1 -1 -1 -1 -1 -1 -1 -1
0.6222327351570129 0.36273595690727234 0.995044469833374 -1 -1 -1 -1 -1 -1 -1 -1 -1
0.6303215026855469 0.36265167593955994 0.9968370199203491 -1 -1 -1 -1 -1 -1 -1 -1 -1
0.628204882144928 0.36200088262557983 0.9924271106719971 -1 -1 -1 -1 -1 -1 -1 -1 -1
0.6256287693977356 0.3806205987930298 0.987644612789154 -1 -1 -1 -1 -1 -1 -1 -1 -1
0.6253429651260376 0.3817766308784485 0.9857164621353149 -1 -1 -1 -1 -1 -1 -1 -1 -1
0.6425859332084656 0.3860863745212555 0.9984753727912903 -1 -1 -1 -1 -1 -1 -1 -1 -1
0.6386474370956421 0.3885030746459961 0.9749401211738586 -1 -1 -1 -1 -1 -1 -1 -1 -1
0.6070936322212219 0.3504519462585449 0.9930961728096008 -1 -1 -1 -1 -1 -1 -1 -1 -1
0.6030209064483643 0.3533779978752136 0.13216623663902283 -1 -1 -1 -1 -1 -1 -1 -1 -1
0.5794677138328552 0.301822304725647 0.9694334864616394 -1 -1 -1 -1 -1 -1 -1 -1 -1
0.5860718488693237 0.3085854649543762 0.40567588806152344 -1 -1 -1 -1 -1 -1 -1 -1 -1
0.5747408866882324 0.2855810523033142 0.9463066458702087 -1 -1 -1 -1 -1 -1 -1 -1 -1
0.5859909057617188 0.2947635054588318 0.5088552832603455 -1 -1 -1 -1 -1 -1 -1 -1 -1
0.5777368545532227 0.2831248641014099 0.9343478679656982 -1 -1 -1 -1 -1 -1 -1 -1 -1
0.5856188535690308 0.29041534662246704 0.5140930414199829 -1 -1 -1 -1 -1 -1 -1 -1 -1
0.5789678692817688 0.29073941707611084 0.8990476131439209 -1 -1 -1 -1 -1 -1 -1 -1 -1
0.584975004196167 0.295315146446228 0.5255274772644043 -1 -1 -1 -1 -1 -1 -1 -1 -1
0.6954364776611328 0.502280056476593 0.9994938373565674 -1 -1 -1 -1 -1 -1 -1 -1 -1
0.6906875967979431 0.5017697215080261 0.998344898223877 -1 -1 -1 -1 -1 -1 -1 -1 -1
0.6896575093269348 0.591938853263855 0.9592668414115906 -1 -1 -1 -1 -1 -1 -1 -1 -1
0.6851717233657837 0.5957710146903992 0.3131887912750244 -1 -1 -1 -1 -1 -1 -1 -1 -1
0.6934506297111511 0.7024611234664917 0.9567113518714905 -1 -1 -1 -1 -1 -1 -1 -1 -1
0.6926186084747314 0.698472261428833 0.39451029896736145 -1 -1 -1 -1 -1 -1 -1 -1 -1
0.6986675262451172 0.722740888595581 0.9620975255966187 -1 -1 -1 -1 -1 -1 -1 -1 -1
0.6985244154930115 0.7174150943756104 0.5839135050773621 -1 -1 -1 -1 -1 -1 -1 -1 -1
0.6642408967018127 0.7279041409492493 0.9390481114387512 -1 -1 -1 -1 -1 -1 -1 -1 -1
0.6631514430046082 0.7232128381729126 0.5005398392677307 -1 -1 -1 -1 -1 -1 -1 -1 -1
1 
33 
-1 -1 -1 -1 -1 -1 -1 -1 -1 -1
0.6135141849517822 0.3760829567909241 0.9987061023712158 -1 -1 -1 -1 -1 -1 -1 -1 -1
0.6140414476394653 0.36395376920700073 0.99913090467453 -1 -1 -1 -1 -1 -1 -1 -1 -1
0.6149734258651733 0.3625924289226532 0.9991236329078674 -1 -1 -1 -1 -1 -1 -1 -1 -1
0.6160507202148438 0.3609587550163269 0.9992535710334778 -1 -1 -1 -1 -1 -1 -1 -1 -1
0.6134929060935974 0.3636569678783417 0.9989660978317261 -1 -1 -1 -1 -1 -1 -1 -1 -1
0.6139452457427979 0.362205445766449 0.9987701773643494 -1 -1 -1 -1 -1 -1 -1 -1 -1
0.6145155429840088 0.36044254899024963 0.9989261031150818 -1 -1 -1 -1 -1 -1 -1 -1 -1
0.6247423887252808 0.3547614514827728 0.9988347887992859 -1 -1 -1 -1 -1 -1 -1 -1 -1
0.6227895617485046 0.35438138246536255 0.9986991882324219 -1 -1 -1 -1 -1 -1 -1 -1 -1
0.6183232069015503 0.3808448910713196 0.9976953864097595 -1 -1 -1 -1 -1 -1 -1 -1 -1
0.6176167130470276 0.3814108371734619 0.9976818561553955 -1 -1 -1 -1 -1 -1 -1 -1 -1
0.6379247903823853 0.3806263506412506 0.9990779161453247 -1 -1 -1 -1 -1 -1 -1 -1 -1
0.6360544562339783 0.38233187794685364 0.9956711530685425 -1 -1 -1 -1 -1 -1 -1 -1 -1
0.5977418422698975 0.3992401361465454 0.9871546030044556 -1 -1 -1 -1 -1 -1 -1 -1 -1
0.5931100845336914 0.4043416976928711 0.3089534044265747 -1 -1 -1 -1 -1 -1 -1 -1 -1
0.5643717050552368 0.4005905091762543 0.9650758504867554 -1 -1 -1 -1 -1 -1 -1 -1 -1
0.5597269535064697 0.4080866575241089 0.6196072101593018 -1 -1 -1 -1 -1 -1 -1 -1 -1
0.5570133328437805 0.38782843947410583 0.9472041130065918 -1 -1 -1 -1 -1 -1 -1 -1 -1
0.5535922646522522 0.40202391147613525 0.6663435101509094 -1 -1 -1 -1 -1 -1 -1 -1 -1
0.5583712458610535 0.3812214136123657 0.9346680045127869 -1 -1 -1 -1 -1 -1 -1 -1 -1
0.55165696144104 0.3993295133113861 0.6785715222358704 -1 -1 -1 -1 -1 -1 -1 -1 -1
0.5613890886306763 0.38584041595458984 0.89398193359375 -1 -1 -1 -1 -1 -1 -1 -1 -1
0.5532923936843872 0.4031141996383667 0.6953850388526917 -1 -1 -1 -1 -1 -1 -1 -1 -1
0.7051711678504944 0.45851629972457886 0.9995279312133789 -1 -1 -1 -1 -1 -1 -1 -1 -1
0.7021650075912476 0.45408737659454346 0.999242901802063 -1 -1 -1 -1 -1 -1 -1 -1 -1
0.6990495324134827 0.5652884840965271 0.9546854496002197 -1 -1 -1 -1 -1 -1 -1 -1 -1
0.699025571346283 0.5650076866149902 0.30189093947410583 -1 -1 -1 -1 -1 -1 -1 -1 -1
0.700119137763977 0.6846345663070679 0.9641985893249512 -1 -1 -1 -1 -1 -1 -1 -1 -1
0.6977729797363281 0.6802996397018433 0.3414738178253174 -1 -1 -1 -1 -1 -1 -1 -1 -1
0.7068857550621033 0.706062912940979 0.9580580592155457 -1 -1 -1 -1 -1 -1 -1 -1 -1
0.7024479508399963 0.699809193611145 0.4499494731426239 -1 -1 -1 -1 -1 -1 -1 -1 -1
0.6759827733039856 0.7027563452720642 0.9440153241157532 -1 -1 -1 -1 -1 -1 -1 -1 -1
0.6756338477134705 0.708558976650238 0.4389795660972595 -1 -1 -1 -1 -1 -1 -1 -1 -1
1 
33 
-1 -1 -1 -1 -1 -1 -1 -1 -1 -1
0.6133917570114136 0.37822988629341125 0.9869545102119446 -1 -1 -1 -1 -1 -1 -1 -1 -1
0.6130410432815552 0.36819782853126526 0.9903426170349121 -1 -1 -1 -1 -1 -1 -1 -1 -1
0.6132885813713074 0.36756783723831177 0.9889475107192993 -1 -1 -1 -1 -1 -1 -1 -1 -1
0.6135448217391968 0.3670898675918579 0.9913333058357239 -1 -1 -1 -1 -1 -1 -1 -1 -1
0.6131013631820679 0.3680988848209381 0.9882742166519165 -1 -1 -1 -1 -1 -1 -1 -1 -1
0.6133708357810974 0.36739620566368103 0.9883002042770386 -1 -1 -1 -1 -1 -1 -1 -1 -1
0.6128569841384888 0.3650791645050049 0.9918890595436096 -1 -1 -1 -1 -1 -1 -1 -1 -1
0.6202929019927979 0.3599584102630615 0.9860396385192871 -1 -1 -1 -1 -1 -1 -1 -1 -1
0.6179539561271667 0.362331748008728 0.9846187233924866 -1 -1 -1 -1 -1 -1 -1 -1 -1
0.6174596548080444 0.382811963558197 0.9871742725372314 -1 -1 -1 -1 -1 -1 -1 -1 -1
0.6176539063453674 0.38323721289634705 0.9794436693191528 -1 -1 -1 -1 -1 -1 -1 -1 -1
0.6424933075904846 0.37632954120635986 0.9986109733581543 -1 -1 -1 -1 -1 -1 -1 -1 -1
0.6387465000152588 0.37258362770080566 0.9953901767730713 -1 -1 -1 -1 -1 -1 -1 -1 -1
0.6280319690704346 0.44783657789230347 0.7606646418571472 -1 -1 -1 -1 -1 -1 -1 -1 -1
0.6279354691505432 0.421922504901886 0.05656004324555397 -1 -1 -1 -1 -1 -1 -1 -1 -1
0.5985010862350464 0.4818696975708008 0.6371009945869446 -1 -1 -1 -1 -1 -1 -1 -1 -1
0.6056696176528931 0.46341314911842346 0.13558371365070343 -1 -1 -1 -1 -1 -1 -1 -1 -1
0.591263473033905 0.4876663088798523 0.6275480389595032 -1 -1 -1 -1 -1 -1 -1 -1 -1
0.5999433994293213 0.46956077218055725 0.17831072211265564 -1 -1 -1 -1 -1 -1 -1 -1 -1
0.590065598487854 0.47968345880508423 0.616490364074707 -1 -1 -1 -1 -1 -1 -1 -1 -1
0.5981894731521606 0.46903157234191895 0.19004711508750916 -1 -1 -1 -1 -1 -1 -1 -1 -1
0.5932101011276245 0.47847333550453186 0.5205844044685364 -1 -1 -1 -1 -1 -1 -1 -1 -1
0.6006437540054321 0.4688725769519806 0.19696323573589325 -1 -1 -1 -1 -1 -1 -1 -1 -1
0.6998413801193237 0.4446015954017639 0.9995297193527222 -1 -1 -1 -1 -1 -1 -1 -1 -1
0.691980242729187 0.45205891132354736 0.9975666999816895 -1 -1 -1 -1 -1 -1 -1 -1 -1
0.6940216422080994 0.5205965638160706 0.9894296526908875 -1 -1 -1 -1 -1 -1 -1 -1 -1
0.6673925518989563 0.5268157124519348 0.4336160123348236 -1 -1 -1 -1 -1 -1 -1 -1 -1
0.7222685217857361 0.6251834630966187 0.9862031936645508 -1 -1 -1 -1 -1 -1 -1 -1 -1
0.6843642592430115 0.6070479154586792 0.5322833061218262 -1 -1 -1 -1 -1 -1 -1 -1 -1
0.7320143580436707 0.6368979811668396 0.9400873184204102 -1 -1 -1 -1 -1 -1 -1 -1 -1
0.6913001537322998 0.6175704002380371 0.5633207559585571 -1 -1 -1 -1 -1 -1 -1 -1 -1
0.7088806629180908 0.6687833070755005 0.9714733362197876 -1 -1 -1 -1 -1 -1 -1 -1 -1
0.6721874475479126 0.6400241851806641 0.6709917187690735 -1 -1 -1 -1 -1 -1 -1 -1 -1
1 
33 
-1 -1 -1 -1 -1 -1 -1 -1 -1 -1
0.678254246711731 0.47532546520233154 0.9457996487617493 -1 -1 -1 -1 -1 -1 -1 -1 -1
0.6746862530708313 0.4735330045223236 0.9643478989601135 -1 -1 -1 -1 -1 -1 -1 -1 -1
0.6742905378341675 0.4715513586997986 0.911141574382782 -1 -1 -1 -1 -1 -1 -1 -1 -1
0.6739075183868408 0.4695643484592438 0.9501348733901978 -1 -1 -1 -1 -1 -1 -1 -1 -1
0.6754933595657349 0.4782348871231079 0.9638517498970032 -1 -1 -1 -1 -1 -1 -1 -1 -1
0.6757487654685974 0.47973641753196716 0.914473295211792 -1 -1 -1 -1 -1 -1 -1 -1 -1
0.676013171672821 0.48124152421951294 0.9561322331428528 -1 -1 -1 -1 -1 -1 -1 -1 -1
0.674047589302063 0.4640763998031616 0.8881158828735352 -1 -1 -1 -1 -1 -1 -1 -1 -1
0.6770992279052734 0.4805828630924225 0.9172341227531433 -1 -1 -1 -1 -1 -1 -1 -1 -1
0.6804143786430359 0.4693218767642975 0.934112012386322 -1 -1 -1 -1 -1 -1 -1 -1 -1
0.6814730167388916 0.47503218054771423 0.9448675513267517 -1 -1 -1 -1 -1 -1 -1 -1 -1
0.6804428696632385 0.44693705439567566 0.9916089177131653 -1 -1 -1 -1 -1 -1 -1 -1 -1
0.6881393194198608 0.4848778247833252 0.9995755553245544 -1 -1 -1 -1 -1 -1 -1 -1 -1
0.6878917813301086 0.4177459180355072 0.2795093357563019 -1 -1 -1 -1 -1 -1 -1 -1 -1
0.6990797519683838 0.49798452854156494 0.10835499316453934 -1 -1 -1 -1 -1 -1 -1 -1 -1
0.6862577795982361 0.40299296379089355 0.06903281062841415 -1 -1 -1 -1 -1 -1 -1 -1 -1
0.7031037211418152 0.48935768008232117 0.05817941576242447 -1 -1 -1 -1 -1 -1 -1 -1 -1
0.6846356987953186 0.3993842601776123 0.06565027683973312 -1 -1 -1 -1 -1 -1 -1 -1 -1
0.7050970792770386 0.4894460439682007 0.07114480435848236 -1 -1 -1 -1 -1 -1 -1 -1 -1
0.6842173337936401 0.39981240034103394 0.06787284463644028 -1 -1 -1 -1 -1 -1 -1 -1 -1
0.7023337483406067 0.4847946763038635 0.07075866311788559 -1 -1 -1 -1 -1 -1 -1 -1 -1
0.6857207417488098 0.40122079849243164 0.07351670414209366 -1 -1 -1 -1 -1 -1 -1 -1 -1
0.7018998265266418 0.48359012603759766 0.08976659178733826 -1 -1 -1 -1 -1 -1 -1 -1 -1
0.6987011432647705 0.4398888945579529 0.9877648949623108 -1 -1 -1 -1 -1 -1 -1 -1 -1
0.7063245177268982 0.46082499623298645 0.9992795586585999 -1 -1 -1 -1 -1 -1 -1 -1 -1
0.6872708201408386 0.4113314747810364 0.12808866798877716 -1 -1 -1 -1 -1 -1 -1 -1 -1
0.712873101234436 0.48093491792678833 0.11645208299160004 -1 -1 -1 -1 -1 -1 -1 -1 -1
0.6671321392059326 0.39494696259498596 0.166890487074852 -1 -1 -1 -1 -1 -1 -1 -1 -1
0.7126737236976624 0.4798293113708496 0.20454595983028412 -1 -1 -1 -1 -1 -1 -1 -1 -1
0.6670084595680237 0.3940850794315338 0.19645799696445465 -1 -1 -1 -1 -1 -1 -1 -1 -1
0.712745726108551 0.47675585746765137 0.14034323394298553 -1 -1 -1 -1 -1 -1 -1 -1 -1
0.6567596197128296 0.3828839063644409 0.13753244280815125 -1 -1 -1 -1 -1 -1 -1 -1 -1
0.7128681540489197 0.48503944277763367 0.14768022298812866 -1 -1 -1 -1 -1 -1 -1 -1 -1
1 
33 
-1 -1 -1 -1 -1 -1 -1 -1 -1 -1
0.6729810833930969 0.43274247646331787 0.9986698627471924 -1 -1 -1 -1 -1 -1 -1 -1 -1
0.6730120778083801 0.43164533376693726 0.9990862607955933 -1 -1 -1 -1 -1 -1 -1 -1 -1
0.6734747290611267 0.4316835105419159 0.998729407787323 -1 -1 -1 -1 -1 -1 -1 -1 -1
0.6739398837089539 0.4317097067832947 0.9989045858383179 -1 -1 -1 -1 -1 -1 -1 -1 -1
0.6717901825904846 0.4308438003063202 0.9993302822113037 -1 -1 -1 -1 -1 -1 -1 -1 -1
0.671491265296936 0.43042904138565063 0.9990323781967163 -1 -1 -1 -1 -1 -1 -1 -1 -1
0.6711822152137756 0.4299895167350769 0.9992161989212036 -1 -1 -1 -1 -1 -1 -1 -1 -1
0.6767197847366333 0.42986205220222473 0.9983925223350525 -1 -1 -1 -1 -1 -1 -1 -1 -1
0.6723822355270386 0.42658597230911255 0.9989113807678223 -1 -1 -1 -1 -1 -1 -1 -1 -1
0.6754045486450195 0.4317625164985657 0.9969471096992493 -1 -1 -1 -1 -1 -1 -1 -1 -1
0.6740453839302063 0.43132221698760986 0.9982011318206787 -1 -1 -1 -1 -1 -1 -1 -1 -1
0.6868661642074585 0.43558210134506226 0.9971218705177307 -1 -1 -1 -1 -1 -1 -1 -1 -1
0.6753014326095581 0.4203037917613983 0.9989011287689209 -1 -1 -1 -1 -1 -1 -1 -1 -1
0.6876547336578369 0.4439978301525116 0.46772193908691406 -1 -1 -1 -1 -1 -1 -1 -1 -1
0.6649965643882751 0.42099931836128235 0.8364405632019043 -1 -1 -1 -1 -1 -1 -1 -1 -1
0.6845042705535889 0.4498883783817291 0.5787937045097351 -1 -1 -1 -1 -1 -1 -1 -1 -1
0.6590713858604431 0.4187247157096863 0.9164292216300964 -1 -1 -1 -1 -1 -1 -1 -1 -1
0.6849281787872314 0.45382362604141235 0.5849548578262329 -1 -1 -1 -1 -1 -1 -1 -1 -1
0.6566494703292847 0.41688352823257446 0.9053987264633179 -1 -1 -1 -1 -1 -1 -1 -1 -1
0.6833741664886475 0.45274654030799866 0.5853970646858215 -1 -1 -1 -1 -1 -1 -1 -1 -1
0.6572383642196655 0.41830748319625854 0.9065148234367371 -1 -1 -1 -1 -1 -1 -1 -1 -1
0.6827709078788757 0.44993355870246887 0.4758433401584625 -1 -1 -1 -1 -1 -1 -1 -1 -1
0.6587319374084473 0.4189121425151825 0.8670560717582703 -1 -1 -1 -1 -1 -1 -1 -1 -1
0.6923770904541016 0.3987160325050354 0.9979314804077148 -1 -1 -1 -1 -1 -1 -1 -1 -1
0.688877522945404 0.39032959938049316 0.9987395405769348 -1 -1 -1 -1 -1 -1 -1 -1 -1
0.6730566024780273 0.41515615582466125 0.04458827152848244 -1 -1 -1 -1 -1 -1 -1 -1 -1
0.6694604754447937 0.40541383624076843 0.030906209722161293 -1 -1 -1 -1 -1 -1 -1 -1 -1
0.6709721088409424 0.4051544666290283 0.07463586330413818 -1 -1 -1 -1 -1 -1 -1 -1 -1
0.667641818523407 0.39609041810035706 0.02947019413113594 -1 -1 -1 -1 -1 -1 -1 -1 -1
0.6711882948875427 0.40396156907081604 0.07900466024875641 -1 -1 -1 -1 -1 -1 -1 -1 -1
0.6670204997062683 0.39444610476493835 0.028201300650835037 -1 -1 -1 -1 -1 -1 -1 -1 -1
0.6679903268814087 0.40376150608062744 0.15519070625305176 -1 -1 -1 -1 -1 -1 -1 -1 -1
0.6663732528686523 0.39510074257850647 0.06552440673112869 -1 -1 -1 -1 -1 -1 -1 -1 -1
1 
33 
-1 -1 -1 -1 -1 -1 -1 -1 -1 -1
0.6844497323036194 0.45322394371032715 0.39528989791870117 -1 -1 -1 -1 -1 -1 -1 -1 -1
0.6839925050735474 0.4513292908668518 0.41813236474990845 -1 -1 -1 -1 -1 -1 -1 -1 -1
0.6841976046562195 0.45093008875846863 0.4514048993587494 -1 -1 -1 -1 -1 -1 -1 -1 -1
0.6844074726104736 0.450527161359787 0.5247183442115784 -1 -1 -1 -1 -1 -1 -1 -1 -1
0.6836100220680237 0.4522196054458618 0.27594104409217834 -1 -1 -1 -1 -1 -1 -1 -1 -1
0.6834884285926819 0.45259717106819153 0.23937200009822845 -1 -1 -1 -1 -1 -1 -1 -1 -1
0.6833658814430237 0.4529734253883362 0.2280808836221695 -1 -1 -1 -1 -1 -1 -1 -1 -1
0.685455858707428 0.45090335607528687 0.6385635137557983 -1 -1 -1 -1 -1 -1 -1 -1 -1
0.6840804815292358 0.4541498124599457 0.18916180729866028 -1 -1 -1 -1 -1 -1 -1 -1 -1
0.685812771320343 0.45407259464263916 0.5911746025085449 -1 -1 -1 -1 -1 -1 -1 -1 -1
0.6852380633354187 0.45548903942108154 0.35441672801971436 -1 -1 -1 -1 -1 -1 -1 -1 -1
0.6923037171363831 0.45480161905288696 0.9785093665122986 -1 -1 -1 -1 -1 -1 -1 -1 -1
0.6879553198814392 0.464169442653656 0.6484887599945068 -1 -1 -1 -1 -1 -1 -1 -1 -1
0.7026057839393616 0.45938023924827576 0.494838148355484 -1 -1 -1 -1 -1 -1 -1 -1 -1
0.6962785720825195 0.4673750102519989 0.030854972079396248 -1 -1 -1 -1 -1 -1 -1 -1 -1
0.7049514055252075 0.4604792594909668 0.508780300617218 -1 -1 -1 -1 -1 -1 -1 -1 -1
0.6976850628852844 0.467087984085083 0.07729969173669815 -1 -1 -1 -1 -1 -1 -1 -1 -1
0.7057055830955505 0.46037834882736206 0.49790406227111816 -1 -1 -1 -1 -1 -1 -1 -1 -1
0.6985548734664917 0.46715885400772095 0.11201208084821701 -1 -1 -1 -1 -1 -1 -1 -1 -1
0.7047019004821777 0.45933133363723755 0.4911080002784729 -1 -1 -1 -1 -1 -1 -1 -1 -1
0.697249174118042 0.46733570098876953 0.11520618200302124 -1 -1 -1 -1 -1 -1 -1 -1 -1
0.7043099999427795 0.45972973108291626 0.46154236793518066 -1 -1 -1 -1 -1 -1 -1 -1 -1
0.6970454454421997 0.4672849476337433 0.11021947860717773 -1 -1 -1 -1 -1 -1 -1 -1 -1
0.7068573832511902 0.47455689311027527 0.9372570514678955 -1 -1 -1 -1 -1 -1 -1 -1 -1
0.7035159468650818 0.48177409172058105 0.8784829378128052 -1 -1 -1 -1 -1 -1 -1 -1 -1
0.7169638872146606 0.48180606961250305 0.643892765045166 -1 -1 -1 -1 -1 -1 -1 -1 -1
0.7088239789009094 0.49278154969215393 0.3371793329715729 -1 -1 -1 -1 -1 -1 -1 -1 -1
0.720911979675293 0.4936595857143402 0.25990182161331177 -1 -1 -1 -1 -1 -1 -1 -1 -1
0.7193938493728638 0.49851441383361816 0.38734713196754456 -1 -1 -1 -1 -1 -1 -1 -1 -1
0.7207857966423035 0.49439671635627747 0.34676119685173035 -1 -1 -1 -1 -1 -1 -1 -1 -1
0.7208688855171204 0.4979472756385803 0.4576478898525238 -1 -1 -1 -1 -1 -1 -1 -1 -1
0.7244887948036194 0.4996524155139923 0.2209116369485855 -1 -1 -1 -1 -1 -1 -1 -1 -1
0.7227210402488708 0.5052330493927002 0.3451477587223053 -1 -1 -1 -1 -1 -1 -1 -1 -1
1 
