33
1 
33 
-1 -1 -1 -1 -1 -1 -1 -1 -1 -1
0.50955730676651 0.4125295877456665 0.9995811581611633 -1 -1 -1 -1 -1 -1 -1 -1 -1
0.5043275952339172 0.40452778339385986 0.9998241066932678 -1 -1 -1 -1 -1 -1 -1 -1 -1
0.5045117139816284 0.4046359062194824 0.9998360872268677 -1 -1 -1 -1 -1 -1 -1 -1 -1
0.5135868191719055 0.4071739912033081 0.9998292922973633 -1 -1 -1 -1 -1 -1 -1 -1 -1
0.5040720701217651 0.40466082096099854 0.9996947050094604 -1 -1 -1 -1 -1 -1 -1 -1 -1
0.5133891701698303 0.4071059823036194 0.9995864033699036 -1 -1 -1 -1 -1 -1 -1 -1 -1
0.5140317678451538 0.40727999806404114 0.9997413754463196 -1 -1 -1 -1 -1 -1 -1 -1 -1
0.5187769532203674 0.4117688834667206 0.9997077584266663 -1 -1 -1 -1 -1 -1 -1 -1 -1
0.5193817019462585 0.41129016876220703 0.9999046325683594 -1 -1 -1 -1 -1 -1 -1 -1 -1
0.5083190202713013 0.4162639379501343 0.998532772064209 -1 -1 -1 -1 -1 -1 -1 -1 -1
0.5077882409095764 0.4165845513343811 0.9987109899520874 -1 -1 -1 -1 -1 -1 -1 -1 -1
0.521866500377655 0.4416240453720093 0.9994152784347534 -1 -1 -1 -1 -1 -1 -1 -1 -1
0.5225338339805603 0.4404357969760895 0.9995446801185608 -1 -1 -1 -1 -1 -1 -1 -1 -1
0.5162764191627502 0.42732638120651245 0.9312334656715393 -1 -1 -1 -1 -1 -1 -1 -1 -1
0.5081912279129028 0.41457557678222656 0.35280802845954895 -1 -1 -1 -1 -1 -1 -1 -1 -1
0.5209395885467529 0.4027136564254761 0.7494919896125793 -1 -1 -1 -1 -1 -1 -1 -1 -1
0.504152238368988 0.3962818384170532 0.4405720829963684 -1 -1 -1 -1 -1 -1 -1 -1 -1
0.5232695937156677 0.39444079995155334 0.7326096892356873 -1 -1 -1 -1 -1 -1 -1 -1 -1
0.5040278434753418 0.39035308361053467 0.4230652153491974 -1 -1 -1 -1 -1 -1 -1 -1 -1
0.5244925022125244 0.3960696756839752 0.7218271493911743 -1 -1 -1 -1 -1 -1 -1 -1 -1
0.5057515501976013 0.3920068144798279 0.4445844888687134 -1 -1 -1 -1 -1 -1 -1 -1 -1
0.5228639245033264 0.40081122517585754 0.6357653141021729 -1 -1 -1 -1 -1 -1 -1 -1 -1
0.5050046443939209 0.39467132091522217 0.4605894088745117 -1 -1 -1 -1 -1 -1 -1 -1 -1
0.5245952606201172 0.5445613861083984 0.9999574422836304 -1 -1 -1 -1 -1 -1 -1 -1 -1
0.5292829871177673 0.5476089119911194 0.9999854564666748 -1 -1 -1 -1 -1 -1 -1 -1 -1
0.4862603545188904 0.5718429684638977 0.9638320207595825 -1 -1 -1 -1 -1 -1 -1 -1 -1
0.5140208601951599 0.6029558181762695 0.652262270450592 -1 -1 -1 -1 -1 -1 -1 -1 -1
0.5103470087051392 0.6337230801582336 0.9712022542953491 -1 -1 -1 -1 -1 -1 -1 -1 -1
0.5390569567680359 0.6711627244949341 0.8741968870162964 -1 -1 -1 -1 -1 -1 -1 -1 -1
0.5189197063446045 0.6373541951179504 0.9824520349502563 -1 -1 -1 -1 -1 -1 -1 -1 -1
0.5463792681694031 0.6777420043945312 0.9057284593582153 -1 -1 -1 -1 -1 -1 -1 -1 -1
0.5044111609458923 0.6699948310852051 0.967624843120575 -1 -1 -1 -1 -1 -1 -1 -1 -1
0.5331355929374695 0.7004256248474121 0.8754855990409851 -1 -1 -1 -1 -1 -1 -1 -1 -1
1 
33 
-1 -1 -1 -1 -1 -1 -1 -1 -1 -1
0.5220632553100586 0.6551185250282288 0.9998810291290283 -1 -1 -1 -1 -1 -1 -1 -1 -1
0.5252873301506042 0.6578933596611023 0.9999064207077026 -1 -1 -1 -1 -1 -1 -1 -1 -1
0.5271627306938171 0.6576893329620361 0.9998952150344849 -1 -1 -1 -1 -1 -1 -1 -1 -1
0.5290263891220093 0.6574110984802246 0.9998905658721924 -1 -1 -1 -1 -1 -1 -1 -1 -1
0.5204871296882629 0.6580663919448853 0.9999042749404907 -1 -1 -1 -1 -1 -1 -1 -1 -1
0.5190076231956482 0.6579678058624268 0.9998985528945923 -1 -1 -1 -1 -1 -1 -1 -1 -1
0.5174906849861145 0.6578150987625122 0.999894380569458 -1 -1 -1 -1 -1 -1 -1 -1 -1
0.5336569547653198 0.6494123935699463 0.9999314546585083 -1 -1 -1 -1 -1 -1 -1 -1 -1
0.5160548090934753 0.6494842767715454 0.9999593496322632 -1 -1 -1 -1 -1 -1 -1 -1 -1
0.5248351693153381 0.6493346095085144 0.9998838901519775 -1 -1 -1 -1 -1 -1 -1 -1 -1
0.520060658454895 0.6497694849967957 0.9998865127563477 -1 -1 -1 -1 -1 -1 -1 -1 -1
0.5496134757995605 0.618607223033905 0.9994192123413086 -1 -1 -1 -1 -1 -1 -1 -1 -1
0.5051433444023132 0.614804744720459 0.9998286962509155 -1 -1 -1 -1 -1 -1 -1 -1 -1
0.5617163181304932 0.6370997428894043 0.9183863401412964 -1 -1 -1 -1 -1 -1 -1 -1 -1
0.4972761571407318 0.6204652786254883 0.8613409399986267 -1 -1 -1 -1 -1 -1 -1 -1 -1
0.5566349029541016 0.6752845048904419 0.7940005660057068 -1 -1 -1 -1 -1 -1 -1 -1 -1
0.5138418674468994 0.652047336101532 0.881170928478241 -1 -1 -1 -1 -1 -1 -1 -1 -1
0.5613511204719543 0.6804293394088745 0.8544036746025085 -1 -1 -1 -1 -1 -1 -1 -1 -1
0.5170257091522217 0.662270188331604 0.8914581537246704 -1 -1 -1 -1 -1 -1 -1 -1 -1
0.5514354705810547 0.6929251551628113 0.8560607433319092 -1 -1 -1 -1 -1 -1 -1 -1 -1
0.5218091607093811 0.6617122292518616 0.8728121519088745 -1 -1 -1 -1 -1 -1 -1 -1 -1
0.5500106811523438 0.6854875683784485 0.8134494423866272 -1 -1 -1 -1 -1 -1 -1 -1 -1
0.5214883089065552 0.6572986841201782 0.8278477787971497 -1 -1 -1 -1 -1 -1 -1 -1 -1
0.5341273546218872 0.5154551863670349 0.9999932050704956 -1 -1 -1 -1 -1 -1 -1 -1 -1
0.5064200758934021 0.5296509861946106 0.9999914169311523 -1 -1 -1 -1 -1 -1 -1 -1 -1
0.5525809526443481 0.44482365250587463 0.9846037030220032 -1 -1 -1 -1 -1 -1 -1 -1 -1
0.4907086491584778 0.4681902527809143 0.8904153108596802 -1 -1 -1 -1 -1 -1 -1 -1 -1
0.5252959728240967 0.4019487798213959 0.972010612487793 -1 -1 -1 -1 -1 -1 -1 -1 -1
0.4936228096485138 0.41027337312698364 0.9739954471588135 -1 -1 -1 -1 -1 -1 -1 -1 -1
0.5178884267807007 0.4063735604286194 0.9830858707427979 -1 -1 -1 -1 -1 -1 -1 -1 -1
0.48722246289253235 0.4118909239768982 0.953204870223999 -1 -1 -1 -1 -1 -1 -1 -1 -1
0.5220832824707031 0.3639853596687317 0.8384194374084473 -1 -1 -1 -1 -1 -1 -1 -1 -1
0.4824383556842804 0.3762776255607605 0.877428412437439 -1 -1 -1 -1 -1 -1 -1 -1 -1
1 
33 
-1 -1 -1 -1 -1 -1 -1 -1 -1 -1
0.5321105718612671 0.6536821126937866 0.9999529123306274 -1 -1 -1 -1 -1 -1 -1 -1 -1
0.5306031703948975 0.6589222550392151 0.9999524354934692 -1 -1 -1 -1 -1 -1 -1 -1 -1
0.5307530164718628 0.6602826118469238 0.999947190284729 -1 -1 -1 -1 -1 -1 -1 -1 -1
0.530656635761261 0.6598739624023438 0.9999567270278931 -1 -1 -1 -1 -1 -1 -1 -1 -1
0.5305626392364502 0.6618967652320862 0.9999179840087891 -1 -1 -1 -1 -1 -1 -1 -1 -1
0.5282755494117737 0.6620380878448486 0.99988853931427 -1 -1 -1 -1 -1 -1 -1 -1 -1
0.524466335773468 0.6557884216308594 0.999907374382019 -1 -1 -1 -1 -1 -1 -1 -1 -1
0.5316513776779175 0.6575667262077332 0.9999727010726929 -1 -1 -1 -1 -1 -1 -1 -1 -1
0.5273109674453735 0.6602721810340881 0.9999120235443115 -1 -1 -1 -1 -1 -1 -1 -1 -1
0.5321342945098877 0.6491377949714661 0.9999805688858032 -1 -1 -1 -1 -1 -1 -1 -1 -1
0.5317952632904053 0.6500604152679443 0.9999743700027466 -1 -1 -1 -1 -1 -1 -1 -1 -1
0.5365522503852844 0.6279938817024231 0.9999938011169434 -1 -1 -1 -1 -1 -1 -1 -1 -1
0.5173279643058777 0.6368305683135986 0.9999819993972778 -1 -1 -1 -1 -1 -1 -1 -1 -1
0.5377725958824158 0.5950530171394348 0.9933486580848694 -1 -1 -1 -1 -1 -1 -1 -1 -1
0.5151562690734863 0.6135915517807007 0.8903664350509644 -1 -1 -1 -1 -1 -1 -1 -1 -1
0.5387908816337585 0.6528133749961853 0.9320695996284485 -1 -1 -1 -1 -1 -1 -1 -1 -1
0.5204678177833557 0.6395014524459839 0.7831225395202637 -1 -1 -1 -1 -1 -1 -1 -1 -1
0.5421786904335022 0.6725993156433105 0.8770425915718079 -1 -1 -1 -1 -1 -1 -1 -1 -1
0.5207279920578003 0.6476348638534546 0.7507650256156921 -1 -1 -1 -1 -1 -1 -1 -1 -1
0.5371041893959045 0.6745653748512268 0.8731049299240112 -1 -1 -1 -1 -1 -1 -1 -1 -1
0.5240582823753357 0.6480203866958618 0.7312272191047668 -1 -1 -1 -1 -1 -1 -1 -1 -1
0.536409854888916 0.6657516956329346 0.805115818977356 -1 -1 -1 -1 -1 -1 -1 -1 -1
0.5238470435142517 0.644127607345581 0.6639034152030945 -1 -1 -1 -1 -1 -1 -1 -1 -1
0.5256645679473877 0.4977547228336334 0.9999959468841553 -1 -1 -1 -1 -1 -1 -1 -1 -1
0.5170289874076843 0.5037446022033691 0.9999935626983643 -1 -1 -1 -1 -1 -1 -1 -1 -1
0.5416524410247803 0.43254199624061584 0.9725692272186279 -1 -1 -1 -1 -1 -1 -1 -1 -1
0.5068236589431763 0.4485926032066345 0.8039705753326416 -1 -1 -1 -1 -1 -1 -1 -1 -1
0.5227206349372864 0.3745215833187103 0.9738696217536926 -1 -1 -1 -1 -1 -1 -1 -1 -1
0.4952700734138489 0.38142651319503784 0.9312302470207214 -1 -1 -1 -1 -1 -1 -1 -1 -1
0.518329918384552 0.3787357211112976 0.9767298102378845 -1 -1 -1 -1 -1 -1 -1 -1 -1
0.49334636330604553 0.37820276618003845 0.9364221096038818 -1 -1 -1 -1 -1 -1 -1 -1 -1
0.5161011219024658 0.33659350872039795 0.9723390340805054 -1 -1 -1 -1 -1 -1 -1 -1 -1
0.49219515919685364 0.34085971117019653 0.9221774935722351 -1 -1 -1 -1 -1 -1 -1 -1 -1
1 
33 
-1 -1 -1 -1 -1 -1 -1 -1 -1 -1
0.5167925953865051 0.6333779096603394 0.9999885559082031 -1 -1 -1 -1 -1 -1 -1 -1 -1
0.5144832134246826 0.6416321396827698 0.999991774559021 -1 -1 -1 -1 -1 -1 -1 -1 -1
0.5128748416900635 0.6415419578552246 0.9999916553497314 -1 -1 -1 -1 -1 -1 -1 -1 -1
0.5112481713294983 0.6414085626602173 0.9999921321868896 -1 -1 -1 -1 -1 -1 -1 -1 -1
0.5196064710617065 0.6426383852958679 0.999971866607666 -1 -1 -1 -1 -1 -1 -1 -1 -1
0.5216031074523926 0.6434071660041809 0.9999585151672363 -1 -1 -1 -1 -1 -1 -1 -1 -1
0.5235918760299683 0.6441492438316345 0.9999549388885498 -1 -1 -1 -1 -1 -1 -1 -1 -1
0.5109232664108276 0.6417161226272583 0.9999922513961792 -1 -1 -1 -1 -1 -1 -1 -1 -1
0.5282336473464966 0.6484102010726929 0.9999651908874512 -1 -1 -1 -1 -1 -1 -1 -1 -1
0.5153667330741882 0.6267799735069275 0.9999951124191284 -1 -1 -1 -1 -1 -1 -1 -1 -1
0.5249254703521729 0.6367128491401672 0.999985933303833 -1 -1 -1 -1 -1 -1 -1 -1 -1
0.4982164800167084 0.6040764451026917 0.9999889135360718 -1 -1 -1 -1 -1 -1 -1 -1 -1
0.5475563406944275 0.6200230121612549 0.9997952580451965 -1 -1 -1 -1 -1 -1 -1 -1 -1
0.4806680679321289 0.5502357482910156 0.9821825623512268 -1 -1 -1 -1 -1 -1 -1 -1 -1
0.5675079822540283 0.6087871193885803 0.9241663217544556 -1 -1 -1 -1 -1 -1 -1 -1 -1
0.48984020948410034 0.6056728959083557 0.9576526284217834 -1 -1 -1 -1 -1 -1 -1 -1 -1
0.5752614736557007 0.6582214832305908 0.8167638778686523 -1 -1 -1 -1 -1 -1 -1 -1 -1
0.4926992952823639 0.6225332021713257 0.8899716734886169 -1 -1 -1 -1 -1 -1 -1 -1 -1
0.5786543488502502 0.6739273071289062 0.7030791640281677 -1 -1 -1 -1 -1 -1 -1 -1 -1
0.4933268129825592 0.6248059868812561 0.8835899829864502 -1 -1 -1 -1 -1 -1 -1 -1 -1
0.5786069631576538 0.6744134426116943 0.6711016297340393 -1 -1 -1 -1 -1 -1 -1 -1 -1
0.4942673146724701 0.6189212203025818 0.8038827180862427 -1 -1 -1 -1 -1 -1 -1 -1 -1
0.5766215324401855 0.6685819029808044 0.6136866211891174 -1 -1 -1 -1 -1 -1 -1 -1 -1
0.5072649717330933 0.5073102712631226 0.9998787641525269 -1 -1 -1 -1 -1 -1 -1 -1 -1
0.5369538068771362 0.5110446810722351 0.9999076128005981 -1 -1 -1 -1 -1 -1 -1 -1 -1
0.5044490694999695 0.397456556558609 0.9016888737678528 -1 -1 -1 -1 -1 -1 -1 -1 -1
0.5371646881103516 0.41740384697914124 0.935931921005249 -1 -1 -1 -1 -1 -1 -1 -1 -1
0.5024508833885193 0.3665802776813507 0.5116333365440369 -1 -1 -1 -1 -1 -1 -1 -1 -1
0.5206714272499084 0.358561247587204 0.7984121441841125 -1 -1 -1 -1 -1 -1 -1 -1 -1
0.5041571855545044 0.3678818345069885 0.5826509594917297 -1 -1 -1 -1 -1 -1 -1 -1 -1
0.5159052610397339 0.3597133457660675 0.47278791666030884 -1 -1 -1 -1 -1 -1 -1 -1 -1
0.49927598237991333 0.3307918310165405 0.6511136293411255 -1 -1 -1 -1 -1 -1 -1 -1 -1
0.5170249342918396 0.31653475761413574 0.7309459447860718 -1 -1 -1 -1 -1 -1 -1 -1 -1
1 
33 
-1 -1 -1 -1 -1 -1 -1 -1 -1 -1
0.5134730339050293 0.6105824112892151 0.9999639987945557 -1 -1 -1 -1 -1 -1 -1 -1 -1
0.5120158195495605 0.6183712482452393 0.9999672174453735 -1 -1 -1 -1 -1 -1 -1 -1 -1
0.5109084844589233 0.6187642812728882 0.999968409538269 -1 -1 -1 -1 -1 -1 -1 -1 -1
0.5097804069519043 0.6191182136535645 0.9999713897705078 -1 -1 -1 -1 -1 -1 -1 -1 -1
0.5157636404037476 0.6185293197631836 0.9999192953109741 -1 -1 -1 -1 -1 -1 -1 -1 -1
0.5171315670013428 0.6191102862358093 0.9998881816864014 -1 -1 -1 -1 -1 -1 -1 -1 -1
0.5184924006462097 0.6196646690368652 0.9998759031295776 -1 -1 -1 -1 -1 -1 -1 -1 -1
0.5091179013252258 0.6237738728523254 0.9999678134918213 -1 -1 -1 -1 -1 -1 -1 -1 -1
0.5259290933609009 0.6295912265777588 0.9998906850814819 -1 -1 -1 -1 -1 -1 -1 -1 -1
0.5124639868736267 0.6072505712509155 0.9999781847000122 -1 -1 -1 -1 -1 -1 -1 -1 -1
0.516377329826355 0.6074967980384827 0.9999581575393677 -1 -1 -1 -1 -1 -1 -1 -1 -1
0.4950163662433624 0.6001038551330566 0.9999932050704956 -1 -1 -1 -1 -1 -1 -1 -1 -1
0.5405200719833374 0.6072959303855896 0.9999294281005859 -1 -1 -1 -1 -1 -1 -1 -1 -1
0.48673415184020996 0.5441724061965942 0.944822371006012 -1 -1 -1 -1 -1 -1 -1 -1 -1
0.5576668977737427 0.5899925231933594 0.861389696598053 -1 -1 -1 -1 -1 -1 -1 -1 -1
0.4906776249408722 0.594085693359375 0.9621780514717102 -1 -1 -1 -1 -1 -1 -1 -1 -1
0.5670889616012573 0.622816264629364 0.8507142066955566 -1 -1 -1 -1 -1 -1 -1 -1 -1
0.4904755651950836 0.6080291867256165 0.930803120136261 -1 -1 -1 -1 -1 -1 -1 -1 -1
0.5711145997047424 0.6331592798233032 0.7955303192138672 -1 -1 -1 -1 -1 -1 -1 -1 -1
0.493965208530426 0.6078501343727112 0.9288964867591858 -1 -1 -1 -1 -1 -1 -1 -1 -1
0.5773032903671265 0.6511887907981873 0.787703275680542 -1 -1 -1 -1 -1 -1 -1 -1 -1
0.4960305392742157 0.5920419096946716 0.8847458362579346 -1 -1 -1 -1 -1 -1 -1 -1 -1
0.5738649964332581 0.6438692212104797 0.7468752861022949 -1 -1 -1 -1 -1 -1 -1 -1 -1
0.5016864538192749 0.4881775975227356 0.9999759197235107 -1 -1 -1 -1 -1 -1 -1 -1 -1
0.5318720936775208 0.4897712171077728 0.9999886751174927 -1 -1 -1 -1 -1 -1 -1 -1 -1
0.5086472034454346 0.3859480023384094 0.938366174697876 -1 -1 -1 -1 -1 -1 -1 -1 -1
0.5360488891601562 0.41389599442481995 0.9701266884803772 -1 -1 -1 -1 -1 -1 -1 -1 -1
0.5079344511032104 0.34515780210494995 0.78581702709198 -1 -1 -1 -1 -1 -1 -1 -1 -1
0.5191888213157654 0.33484792709350586 0.9151280522346497 -1 -1 -1 -1 -1 -1 -1 -1 -1
0.5089343786239624 0.34386834502220154 0.76025390625 -1 -1 -1 -1 -1 -1 -1 -1 -1
0.5175181031227112 0.33596163988113403 0.5856209993362427 -1 -1 -1 -1 -1 -1 -1 -1 -1
0.5050711631774902 0.3097154498100281 0.8665065169334412 -1 -1 -1 -1 -1 -1 -1 -1 -1
0.5178542733192444 0.2980666756629944 0.9138454794883728 -1 -1 -1 -1 -1 -1 -1 -1 -1
1 
33 
-1 -1 -1 -1 -1 -1 -1 -1 -1 -1
0.5226489305496216 0.5930147171020508 0.9999408721923828 -1 -1 -1 -1 -1 -1 -1 -1 -1
0.5202630162239075 0.6014230847358704 0.9999412298202515 -1 -1 -1 -1 -1 -1 -1 -1 -1
0.5191259980201721 0.6013383269309998 0.9999380111694336 -1 -1 -1 -1 -1 -1 -1 -1 -1
0.5179792046546936 0.6012234687805176 0.9999504089355469 -1 -1 -1 -1 -1 -1 -1 -1 -1
0.5231913924217224 0.6017265319824219 0.9998515844345093 -1 -1 -1 -1 -1 -1 -1 -1 -1
0.5240563750267029 0.6019262075424194 0.999783456325531 -1 -1 -1 -1 -1 -1 -1 -1 -1
0.5249224305152893 0.6021077632904053 0.999782383441925 -1 -1 -1 -1 -1 -1 -1 -1 -1
0.514934241771698 0.5973421931266785 0.999923586845398 -1 -1 -1 -1 -1 -1 -1 -1 -1
0.5252115726470947 0.5990337133407593 0.9997748732566833 -1 -1 -1 -1 -1 -1 -1 -1 -1
0.5202541947364807 0.5846128463745117 0.9999350309371948 -1 -1 -1 -1 -1 -1 -1 -1 -1
0.5238627791404724 0.5849528312683105 0.9998866319656372 -1 -1 -1 -1 -1 -1 -1 -1 -1
0.49817323684692383 0.559242844581604 0.9999450445175171 -1 -1 -1 -1 -1 -1 -1 -1 -1
0.5374738574028015 0.5737687349319458 0.999529242515564 -1 -1 -1 -1 -1 -1 -1 -1 -1
0.4900091886520386 0.5427159070968628 0.9762693643569946 -1 -1 -1 -1 -1 -1 -1 -1 -1
0.5601605772972107 0.5979728698730469 0.9392165541648865 -1 -1 -1 -1 -1 -1 -1 -1 -1
0.49161896109580994 0.6135468482971191 0.9917546510696411 -1 -1 -1 -1 -1 -1 -1 -1 -1
0.573248028755188 0.6352188587188721 0.9577115774154663 -1 -1 -1 -1 -1 -1 -1 -1 -1
0.4885878264904022 0.624989926815033 0.9835643768310547 -1 -1 -1 -1 -1 -1 -1 -1 -1
0.5786508321762085 0.648174524307251 0.9177367687225342 -1 -1 -1 -1 -1 -1 -1 -1 -1
0.4902225732803345 0.6283767223358154 0.9828951358795166 -1 -1 -1 -1 -1 -1 -1 -1 -1
0.5779570937156677 0.6488662362098694 0.9206508994102478 -1 -1 -1 -1 -1 -1 -1 -1 -1
0.49179890751838684 0.6238325834274292 0.9774230122566223 -1 -1 -1 -1 -1 -1 -1 -1 -1
0.5764450430870056 0.6457512974739075 0.9116113781929016 -1 -1 -1 -1 -1 -1 -1 -1 -1
0.5061218738555908 0.4405132234096527 0.9999768733978271 -1 -1 -1 -1 -1 -1 -1 -1 -1
0.5346276760101318 0.44256818294525146 0.9999884366989136 -1 -1 -1 -1 -1 -1 -1 -1 -1
0.5041385889053345 0.3662514090538025 0.9381325840950012 -1 -1 -1 -1 -1 -1 -1 -1 -1
0.5414353013038635 0.40189918875694275 0.9822432994842529 -1 -1 -1 -1 -1 -1 -1 -1 -1
0.5049023032188416 0.32423967123031616 0.8082390427589417 -1 -1 -1 -1 -1 -1 -1 -1 -1
0.5249361991882324 0.325774222612381 0.9350335001945496 -1 -1 -1 -1 -1 -1 -1 -1 -1
0.5055267810821533 0.3209622800350189 0.7589026093482971 -1 -1 -1 -1 -1 -1 -1 -1 -1
0.5230234861373901 0.3179272711277008 0.7749225497245789 -1 -1 -1 -1 -1 -1 -1 -1 -1
0.5038504600524902 0.3013153672218323 0.825920581817627 -1 -1 -1 -1 -1 -1 -1 -1 -1
0.5198006629943848 0.2812127470970154 0.9258931875228882 -1 -1 -1 -1 -1 -1 -1 -1 -1
1 
33 
-1 -1 -1 -1 -1 -1 -1 -1 -1 -1
0.520110547542572 0.5909861326217651 0.9998936653137207 -1 -1 -1 -1 -1 -1 -1 -1 -1
0.5181429982185364 0.5982484221458435 0.9998798370361328 -1 -1 -1 -1 -1 -1 -1 -1 -1
0.5169705748558044 0.5976366400718689 0.999854564666748 -1 -1 -1 -1 -1 -1 -1 -1 -1
0.5157932639122009 0.5970054268836975 0.9998809099197388 -1 -1 -1 -1 -1 -1 -1 -1 -1
0.5215811133384705 0.6001983880996704 0.9998010993003845 -1 -1 -1 -1 -1 -1 -1 -1 -1
0.5229014158248901 0.6009660363197327 0.9997323155403137 -1 -1 -1 -1 -1 -1 -1 -1 -1
0.5242156386375427 0.6017138957977295 0.9998170733451843 -1 -1 -1 -1 -1 -1 -1 -1 -1
0.5151665210723877 0.5925801396369934 0.9997994303703308 -1 -1 -1 -1 -1 -1 -1 -1 -1
0.527228057384491 0.5989132523536682 0.9996730089187622 -1 -1 -1 -1 -1 -1 -1 -1 -1
0.5189475417137146 0.581427276134491 0.9997450709342957 -1 -1 -1 -1 -1 -1 -1 -1 -1
0.5233266353607178 0.5837572813034058 0.9997542500495911 -1 -1 -1 -1 -1 -1 -1 -1 -1
0.5069392919540405 0.5593171715736389 0.9997383952140808 -1 -1 -1 -1 -1 -1 -1 -1 -1
0.5430442094802856 0.5627214312553406 0.9995951056480408 -1 -1 -1 -1 -1 -1 -1 -1 -1
0.4984318017959595 0.5467020273208618 0.9571515321731567 -1 -1 -1 -1 -1 -1 -1 -1 -1
0.5608888268470764 0.5710477232933044 0.9150117635726929 -1 -1 -1 -1 -1 -1 -1 -1 -1
0.49626967310905457 0.6084781289100647 0.9595892429351807 -1 -1 -1 -1 -1 -1 -1 -1 -1
0.5713576674461365 0.614118754863739 0.9613581895828247 -1 -1 -1 -1 -1 -1 -1 -1 -1
0.49467983841896057 0.623519241809845 0.9235430359840393 -1 -1 -1 -1 -1 -1 -1 -1 -1
0.5784173011779785 0.627562940120697 0.9273580312728882 -1 -1 -1 -1 -1 -1 -1 -1 -1
0.4953673779964447 0.6286101937294006 0.9173805713653564 -1 -1 -1 -1 -1 -1 -1 -1 -1
0.5774723291397095 0.6309652924537659 0.9266844391822815 -1 -1 -1 -1 -1 -1 -1 -1 -1
0.49670517444610596 0.6232115626335144 0.9038219451904297 -1 -1 -1 -1 -1 -1 -1 -1 -1
0.5745411515235901 0.6261917948722839 0.9132429957389832 -1 -1 -1 -1 -1 -1 -1 -1 -1
0.5098595023155212 0.4481387734413147 0.9999580383300781 -1 -1 -1 -1 -1 -1 -1 -1 -1
0.5305388569831848 0.4474635720252991 0.9999697208404541 -1 -1 -1 -1 -1 -1 -1 -1 -1
0.5162376165390015 0.3616831600666046 0.9451212286949158 -1 -1 -1 -1 -1 -1 -1 -1 -1
0.5346316695213318 0.38384881615638733 0.9253958463668823 -1 -1 -1 -1 -1 -1 -1 -1 -1
0.5034012794494629 0.3222801089286804 0.8199579119682312 -1 -1 -1 -1 -1 -1 -1 -1 -1
0.5158778429031372 0.3125823736190796 0.8751234412193298 -1 -1 -1 -1 -1 -1 -1 -1 -1
0.5008822679519653 0.32268252968788147 0.828484058380127 -1 -1 -1 -1 -1 -1 -1 -1 -1
0.5108542442321777 0.29775774478912354 0.7915812134742737 -1 -1 -1 -1 -1 -1 -1 -1 -1
0.5006007552146912 0.28763413429260254 0.8208630681037903 -1 -1 -1 -1 -1 -1 -1 -1 -1
0.509757399559021 0.2777872085571289 0.8436168432235718 -1 -1 -1 -1 -1 -1 -1 -1 -1
1 
33 
-1 -1 -1 -1 -1 -1 -1 -1 -1 -1
0.5132011771202087 0.597227156162262 0.9982272982597351 -1 -1 -1 -1 -1 -1 -1 -1 -1
0.5117875337600708 0.6046164035797119 0.9977505803108215 -1 -1 -1 -1 -1 -1 -1 -1 -1
0.5112353563308716 0.6040210723876953 0.9974621534347534 -1 -1 -1 -1 -1 -1 -1 -1 -1
0.510686993598938 0.603399932384491 0.9978445768356323 -1 -1 -1 -1 -1 -1 -1 -1 -1
0.5135701298713684 0.6067965626716614 0.9961419701576233 -1 -1 -1 -1 -1 -1 -1 -1 -1
0.5143307447433472 0.6077489852905273 0.9948881268501282 -1 -1 -1 -1 -1 -1 -1 -1 -1
0.5150737762451172 0.6086884140968323 0.9948480129241943 -1 -1 -1 -1 -1 -1 -1 -1 -1
0.5113827586174011 0.6012143492698669 0.997566819190979 -1 -1 -1 -1 -1 -1 -1 -1 -1
0.5172153115272522 0.6084092855453491 0.9898978471755981 -1 -1 -1 -1 -1 -1 -1 -1 -1
0.5134811997413635 0.5893756151199341 0.9989688396453857 -1 -1 -1 -1 -1 -1 -1 -1 -1
0.5157412886619568 0.5919771194458008 0.9981618523597717 -1 -1 -1 -1 -1 -1 -1 -1 -1
0.5123246312141418 0.5712512731552124 0.9998576641082764 -1 -1 -1 -1 -1 -1 -1 -1 -1
0.5273709893226624 0.5764009952545166 0.999428927898407 -1 -1 -1 -1 -1 -1 -1 -1 -1
0.5288553237915039 0.5467466711997986 0.96700119972229 -1 -1 -1 -1 -1 -1 -1 -1 -1
0.5271232724189758 0.5673291683197021 0.738429069519043 -1 -1 -1 -1 -1 -1 -1 -1 -1
0.5549028515815735 0.5816472768783569 0.936525285243988 -1 -1 -1 -1 -1 -1 -1 -1 -1
0.5389193296432495 0.5965747833251953 0.8840465545654297 -1 -1 -1 -1 -1 -1 -1 -1 -1
0.5543555617332458 0.5802739858627319 0.9030308723449707 -1 -1 -1 -1 -1 -1 -1 -1 -1
0.5425354242324829 0.6040865182876587 0.885458767414093 -1 -1 -1 -1 -1 -1 -1 -1 -1
0.5586666464805603 0.5823246836662292 0.9031064510345459 -1 -1 -1 -1 -1 -1 -1 -1 -1
0.5517227649688721 0.6046097278594971 0.8867902159690857 -1 -1 -1 -1 -1 -1 -1 -1 -1
0.5547721982002258 0.5813111066818237 0.8708906769752502 -1 -1 -1 -1 -1 -1 -1 -1 -1
0.5523549914360046 0.6015834212303162 0.84415602684021 -1 -1 -1 -1 -1 -1 -1 -1 -1
0.5128055214881897 0.45943018794059753 0.9999421834945679 -1 -1 -1 -1 -1 -1 -1 -1 -1
0.5280734300613403 0.45981884002685547 0.9999361038208008 -1 -1 -1 -1 -1 -1 -1 -1 -1
0.509628176689148 0.36159929633140564 0.9736194610595703 -1 -1 -1 -1 -1 -1 -1 -1 -1
0.5284595489501953 0.3742910921573639 0.9602600336074829 -1 -1 -1 -1 -1 -1 -1 -1 -1
0.4871295392513275 0.32710567116737366 0.9303988218307495 -1 -1 -1 -1 -1 -1 -1 -1 -1
0.517661988735199 0.30441319942474365 0.9620901346206665 -1 -1 -1 -1 -1 -1 -1 -1 -1
0.4847479462623596 0.3273826539516449 0.8465232849121094 -1 -1 -1 -1 -1 -1 -1 -1 -1
0.5149146914482117 0.3036918044090271 0.7892554402351379 -1 -1 -1 -1 -1 -1 -1 -1 -1
0.47912564873695374 0.29672127962112427 0.924249529838562 -1 -1 -1 -1 -1 -1 -1 -1 -1
0.5128454566001892 0.27033883333206177 0.9402084946632385 -1 -1 -1 -1 -1 -1 -1 -1 -1
1 
33 
-1 -1 -1 -1 -1 -1 -1 -1 -1 -1
0.5129751563072205 0.601121723651886 0.999782383441925 -1 -1 -1 -1 -1 -1 -1 -1 -1
0.5091493129730225 0.606924295425415 0.9998365640640259 -1 -1 -1 -1 -1 -1 -1 -1 -1
0.5076723098754883 0.6061981320381165 0.999782145023346 -1 -1 -1 -1 -1 -1 -1 -1 -1
0.5062066912651062 0.6054328680038452 0.9998281002044678 -1 -1 -1 -1 -1 -1 -1 -1 -1
0.5125819444656372 0.6086888313293457 0.9996285438537598 -1 -1 -1 -1 -1 -1 -1 -1 -1
0.5136013031005859 0.609272301197052 0.999326229095459 -1 -1 -1 -1 -1 -1 -1 -1 -1
0.5146228075027466 0.6098256707191467 0.9994701743125916 -1 -1 -1 -1 -1 -1 -1 -1 -1
0.5031204223632812 0.6004512906074524 0.9998161196708679 -1 -1 -1 -1 -1 -1 -1 -1 -1
0.5146260857582092 0.6063533425331116 0.9995768666267395 -1 -1 -1 -1 -1 -1 -1 -1 -1
0.5112709999084473 0.5922473669052124 0.9997660517692566 -1 -1 -1 -1 -1 -1 -1 -1 -1
0.515549898147583 0.5944012403488159 0.9997046589851379 -1 -1 -1 -1 -1 -1 -1 -1 -1
0.4979543089866638 0.5675146579742432 0.9997797608375549 -1 -1 -1 -1 -1 -1 -1 -1 -1
0.5286155343055725 0.576799213886261 0.9997593760490417 -1 -1 -1 -1 -1 -1 -1 -1 -1
0.5088910460472107 0.575593888759613 0.9375385046005249 -1 -1 -1 -1 -1 -1 -1 -1 -1
0.5372207760810852 0.5746991038322449 0.7222679853439331 -1 -1 -1 -1 -1 -1 -1 -1 -1
0.5052040815353394 0.6246509552001953 0.9476563930511475 -1 -1 -1 -1 -1 -1 -1 -1 -1
0.5302945971488953 0.6178125143051147 0.8685590028762817 -1 -1 -1 -1 -1 -1 -1 -1 -1
0.503782331943512 0.630387544631958 0.9282808899879456 -1 -1 -1 -1 -1 -1 -1 -1 -1
0.5292934775352478 0.6293601989746094 0.8500086069107056 -1 -1 -1 -1 -1 -1 -1 -1 -1
0.5038120150566101 0.6309161186218262 0.9219771027565002 -1 -1 -1 -1 -1 -1 -1 -1 -1
0.527949333190918 0.6303240656852722 0.8359654545783997 -1 -1 -1 -1 -1 -1 -1 -1 -1
0.5040951371192932 0.6308475732803345 0.8790197968482971 -1 -1 -1 -1 -1 -1 -1 -1 -1
0.5274838805198669 0.6255494356155396 0.8107062578201294 -1 -1 -1 -1 -1 -1 -1 -1 -1
0.509520947933197 0.46761006116867065 0.9999089241027832 -1 -1 -1 -1 -1 -1 -1 -1 -1
0.5335577130317688 0.4710436165332794 0.999953031539917 -1 -1 -1 -1 -1 -1 -1 -1 -1
0.5073224902153015 0.3788440227508545 0.8927689790725708 -1 -1 -1 -1 -1 -1 -1 -1 -1
0.5399340391159058 0.3904019892215729 0.8924331068992615 -1 -1 -1 -1 -1 -1 -1 -1 -1
0.4854767322540283 0.327880859375 0.8076359629631042 -1 -1 -1 -1 -1 -1 -1 -1 -1
0.5198193192481995 0.31917619705200195 0.8234140276908875 -1 -1 -1 -1 -1 -1 -1 -1 -1
0.4833577573299408 0.32773569226264954 0.616152286529541 -1 -1 -1 -1 -1 -1 -1 -1 -1
0.5151783227920532 0.31662341952323914 0.5450135469436646 -1 -1 -1 -1 -1 -1 -1 -1 -1
0.47990527749061584 0.2898070216178894 0.7935230135917664 -1 -1 -1 -1 -1 -1 -1 -1 -1
0.5122185945510864 0.2768891751766205 0.7824609875679016 -1 -1 -1 -1 -1 -1 -1 -1 -1
1 
33 
-1 -1 -1 -1 -1 -1 -1 -1 -1 -1
0.510267972946167 0.6153899431228638 0.9967988729476929 -1 -1 -1 -1 -1 -1 -1 -1 -1
0.5079331398010254 0.6179942488670349 0.9975427389144897 -1 -1 -1 -1 -1 -1 -1 -1 -1
0.507888674736023 0.6170520186424255 0.9973830580711365 -1 -1 -1 -1 -1 -1 -1 -1 -1
0.5078473687171936 0.6160771250724792 0.9973854422569275 -1 -1 -1 -1 -1 -1 -1 -1 -1
0.5077283382415771 0.6195604801177979 0.9940376281738281 -1 -1 -1 -1 -1 -1 -1 -1 -1
0.5075652599334717 0.6197523474693298 0.99272221326828 -1 -1 -1 -1 -1 -1 -1 -1 -1
0.5074057579040527 0.6199237704277039 0.9943621158599854 -1 -1 -1 -1 -1 -1 -1 -1 -1
0.5079238414764404 0.6089118719100952 0.998501181602478 -1 -1 -1 -1 -1 -1 -1 -1 -1
0.5071927309036255 0.6142690777778625 0.9951335787773132 -1 -1 -1 -1 -1 -1 -1 -1 -1
0.512222409248352 0.607670783996582 0.9986575841903687 -1 -1 -1 -1 -1 -1 -1 -1 -1
0.5120619535446167 0.6095631122589111 0.9983692765235901 -1 -1 -1 -1 -1 -1 -1 -1 -1
0.5111491680145264 0.5752086639404297 0.9998403787612915 -1 -1 -1 -1 -1 -1 -1 -1 -1
0.5194706916809082 0.5857115387916565 0.9996800422668457 -1 -1 -1 -1 -1 -1 -1 -1 -1
0.5234101414680481 0.5518454313278198 0.8996495008468628 -1 -1 -1 -1 -1 -1 -1 -1 -1
0.5280923247337341 0.5837336778640747 0.5433942675590515 -1 -1 -1 -1 -1 -1 -1 -1 -1
0.5235310196876526 0.5696567893028259 0.8844107985496521 -1 -1 -1 -1 -1 -1 -1 -1 -1
0.5385372042655945 0.6108071208000183 0.8805222511291504 -1 -1 -1 -1 -1 -1 -1 -1 -1
0.5216102004051208 0.5717461109161377 0.8651878833770752 -1 -1 -1 -1 -1 -1 -1 -1 -1
0.5416404604911804 0.6164109706878662 0.8843081593513489 -1 -1 -1 -1 -1 -1 -1 -1 -1
0.5208898782730103 0.5765479207038879 0.8590711951255798 -1 -1 -1 -1 -1 -1 -1 -1 -1
0.5418995022773743 0.6195083856582642 0.8903570771217346 -1 -1 -1 -1 -1 -1 -1 -1 -1
0.5219375491142273 0.5756106972694397 0.8138350248336792 -1 -1 -1 -1 -1 -1 -1 -1 -1
0.5410561561584473 0.617335319519043 0.8685176372528076 -1 -1 -1 -1 -1 -1 -1 -1 -1
0.5160812139511108 0.468517005443573 0.9999141693115234 -1 -1 -1 -1 -1 -1 -1 -1 -1
0.5239037871360779 0.47077813744544983 0.9999022483825684 -1 -1 -1 -1 -1 -1 -1 -1 -1
0.5113966464996338 0.37653258442878723 0.9736714363098145 -1 -1 -1 -1 -1 -1 -1 -1 -1
0.524690568447113 0.38663235306739807 0.8241605758666992 -1 -1 -1 -1 -1 -1 -1 -1 -1
0.4833184778690338 0.32841187715530396 0.9491860270500183 -1 -1 -1 -1 -1 -1 -1 -1 -1
0.5099738836288452 0.31862494349479675 0.9201645255088806 -1 -1 -1 -1 -1 -1 -1 -1 -1
0.4809665083885193 0.3292093276977539 0.873216986656189 -1 -1 -1 -1 -1 -1 -1 -1 -1
0.504438042640686 0.3126147389411926 0.8231150507926941 -1 -1 -1 -1 -1 -1 -1 -1 -1
0.4701211154460907 0.30664291977882385 0.930953323841095 -1 -1 -1 -1 -1 -1 -1 -1 -1
0.5044423341751099 0.28303879499435425 0.8915109634399414 -1 -1 -1 -1 -1 -1 -1 -1 -1
1 
33 
-1 -1 -1 -1 -1 -1 -1 -1 -1 -1
0.5263583064079285 0.5845428705215454 0.9721178412437439 -1 -1 -1 -1 -1 -1 -1 -1 -1
0.5233527421951294 0.591864824295044 0.9760714769363403 -1 -1 -1 -1 -1 -1 -1 -1 -1
0.5224273204803467 0.5920361280441284 0.9753856062889099 -1 -1 -1 -1 -1 -1 -1 -1 -1
0.5215140581130981 0.5921751260757446 0.9763323068618774 -1 -1 -1 -1 -1 -1 -1 -1 -1
0.5247241854667664 0.5922141075134277 0.9353338479995728 -1 -1 -1 -1 -1 -1 -1 -1 -1
0.5249688625335693 0.5926936268806458 0.9187310338020325 -1 -1 -1 -1 -1 -1 -1 -1 -1
0.5252222418785095 0.5931556820869446 0.9212530851364136 -1 -1 -1 -1 -1 -1 -1 -1 -1
0.5176363587379456 0.5944785475730896 0.9844916462898254 -1 -1 -1 -1 -1 -1 -1 -1 -1
0.5229793787002563 0.5959073901176453 0.9364638328552246 -1 -1 -1 -1 -1 -1 -1 -1 -1
0.524883508682251 0.5807331800460815 0.9926655888557434 -1 -1 -1 -1 -1 -1 -1 -1 -1
0.526293933391571 0.5811519622802734 0.9855459332466125 -1 -1 -1 -1 -1 -1 -1 -1 -1
0.5110081434249878 0.5752068758010864 0.9998596906661987 -1 -1 -1 -1 -1 -1 -1 -1 -1
0.5295892357826233 0.58584064245224 0.9995774626731873 -1 -1 -1 -1 -1 -1 -1 -1 -1
0.5152726173400879 0.5255815386772156 0.7582823634147644 -1 -1 -1 -1 -1 -1 -1 -1 -1
0.5230008959770203 0.5921527147293091 0.5768833756446838 -1 -1 -1 -1 -1 -1 -1 -1 -1
0.5192559957504272 0.544676661491394 0.8348413705825806 -1 -1 -1 -1 -1 -1 -1 -1 -1
0.5221425890922546 0.6313217878341675 0.8748103380203247 -1 -1 -1 -1 -1 -1 -1 -1 -1
0.5196296572685242 0.546471357345581 0.8118661046028137 -1 -1 -1 -1 -1 -1 -1 -1 -1
0.5229701995849609 0.6393667459487915 0.8710601329803467 -1 -1 -1 -1 -1 -1 -1 -1 -1
0.5193386673927307 0.5536163449287415 0.8067042231559753 -1 -1 -1 -1 -1 -1 -1 -1 -1
0.5240309238433838 0.642022967338562 0.8682388663291931 -1 -1 -1 -1 -1 -1 -1 -1 -1
0.5200384259223938 0.5528940558433533 0.727465808391571 -1 -1 -1 -1 -1 -1 -1 -1 -1
0.5235227346420288 0.6389941573143005 0.8386242389678955 -1 -1 -1 -1 -1 -1 -1 -1 -1
0.5202980041503906 0.47080788016319275 0.9999462366104126 -1 -1 -1 -1 -1 -1 -1 -1 -1
0.5359585881233215 0.4686535596847534 0.9999533891677856 -1 -1 -1 -1 -1 -1 -1 -1 -1
0.5061880946159363 0.38481444120407104 0.9864971041679382 -1 -1 -1 -1 -1 -1 -1 -1 -1
0.5302740335464478 0.3938126266002655 0.9709821343421936 -1 -1 -1 -1 -1 -1 -1 -1 -1
0.47934457659721375 0.3435957729816437 0.9785887002944946 -1 -1 -1 -1 -1 -1 -1 -1 -1
0.505774199962616 0.3283022344112396 0.9757755994796753 -1 -1 -1 -1 -1 -1 -1 -1 -1
0.47762802243232727 0.3437444269657135 0.956671416759491 -1 -1 -1 -1 -1 -1 -1 -1 -1
0.4969579875469208 0.3229105472564697 0.9184075593948364 -1 -1 -1 -1 -1 -1 -1 -1 -1
0.4637269973754883 0.3097207546234131 0.964038074016571 -1 -1 -1 -1 -1 -1 -1 -1 -1
0.49916112422943115 0.2982547879219055 0.9606223702430725 -1 -1 -1 -1 -1 -1 -1 -1 -1
1 
33 
-1 -1 -1 -1 -1 -1 -1 -1 -1 -1
0.5130749344825745 0.3816434442996979 0.9968867897987366 -1 -1 -1 -1 -1 -1 -1 -1 -1
0.5155313014984131 0.37132543325424194 0.9968036413192749 -1 -1 -1 -1 -1 -1 -1 -1 -1
0.5166041851043701 0.36905068159103394 0.9969358444213867 -1 -1 -1 -1 -1 -1 -1 -1 -1
0.5180090069770813 0.3684263527393341 0.9976886510848999 -1 -1 -1 -1 -1 -1 -1 -1 -1
0.5135769844055176 0.3723016381263733 0.9942288398742676 -1 -1 -1 -1 -1 -1 -1 -1 -1
0.5129913091659546 0.37202271819114685 0.9918791055679321 -1 -1 -1 -1 -1 -1 -1 -1 -1
0.5126190781593323 0.3718055188655853 0.9931027889251709 -1 -1 -1 -1 -1 -1 -1 -1 -1
0.5242245197296143 0.367729127407074 0.9959063529968262 -1 -1 -1 -1 -1 -1 -1 -1 -1
0.5144128203392029 0.37204429507255554 0.9920153617858887 -1 -1 -1 -1 -1 -1 -1 -1 -1
0.5159026384353638 0.38426369428634644 0.9969280362129211 -1 -1 -1 -1 -1 -1 -1 -1 -1
0.5135311484336853 0.38550621271133423 0.9961642026901245 -1 -1 -1 -1 -1 -1 -1 -1 -1
0.5405616760253906 0.3948890268802643 0.9994699358940125 -1 -1 -1 -1 -1 -1 -1 -1 -1
0.5095131993293762 0.40344518423080444 0.99824059009552 -1 -1 -1 -1 -1 -1 -1 -1 -1
0.5271763801574707 0.3625744581222534 0.9934306740760803 -1 -1 -1 -1 -1 -1 -1 -1 -1
0.4859958291053772 0.3695138692855835 0.9553348422050476 -1 -1 -1 -1 -1 -1 -1 -1 -1
0.506936252117157 0.30980610847473145 0.9863013029098511 -1 -1 -1 -1 -1 -1 -1 -1 -1
0.46828600764274597 0.32085949182510376 0.9641998410224915 -1 -1 -1 -1 -1 -1 -1 -1 -1
0.5037211775779724 0.30117395520210266 0.9742932319641113 -1 -1 -1 -1 -1 -1 -1 -1 -1
0.4625270962715149 0.3124309778213501 0.9369180798530579 -1 -1 -1 -1 -1 -1 -1 -1 -1
0.5032404661178589 0.30031469464302063 0.9695966839790344 -1 -1 -1 -1 -1 -1 -1 -1 -1
0.4636545479297638 0.3098791837692261 0.9391416907310486 -1 -1 -1 -1 -1 -1 -1 -1 -1
0.5035246014595032 0.3028187155723572 0.9495608806610107 -1 -1 -1 -1 -1 -1 -1 -1 -1
0.46629178524017334 0.31323233246803284 0.9372221827507019 -1 -1 -1 -1 -1 -1 -1 -1 -1
0.5416621565818787 0.5110828280448914 0.9997255206108093 -1 -1 -1 -1 -1 -1 -1 -1 -1
0.5210840702056885 0.5033609867095947 0.9995881915092468 -1 -1 -1 -1 -1 -1 -1 -1 -1
0.514585018157959 0.5527394413948059 0.9961279034614563 -1 -1 -1 -1 -1 -1 -1 -1 -1
0.5037049055099487 0.4888576567173004 0.9505807757377625 -1 -1 -1 -1 -1 -1 -1 -1 -1
0.5178911685943604 0.6424295902252197 0.9951636791229248 -1 -1 -1 -1 -1 -1 -1 -1 -1
0.5048529505729675 0.5845303535461426 0.9344038963317871 -1 -1 -1 -1 -1 -1 -1 -1 -1
0.5258224606513977 0.6575875282287598 0.9737803936004639 -1 -1 -1 -1 -1 -1 -1 -1 -1
0.5088562965393066 0.6007375717163086 0.8803614974021912 -1 -1 -1 -1 -1 -1 -1 -1 -1
0.5045422911643982 0.669938862323761 0.9915977716445923 -1 -1 -1 -1 -1 -1 -1 -1 -1
0.4950220584869385 0.6091965436935425 0.9558780789375305 -1 -1 -1 -1 -1 -1 -1 -1 -1
1 
33 
-1 -1 -1 -1 -1 -1 -1 -1 -1 -1
0.5141040086746216 0.6171427369117737 0.8950176239013672 -1 -1 -1 -1 -1 -1 -1 -1 -1
0.5114445686340332 0.623515248298645 0.946427583694458 -1 -1 -1 -1 -1 -1 -1 -1 -1
0.5100465416908264 0.6234022378921509 0.9527294039726257 -1 -1 -1 -1 -1 -1 -1 -1 -1
0.5086555480957031 0.6232559680938721 0.9629026055335999 -1 -1 -1 -1 -1 -1 -1 -1 -1
0.5150748491287231 0.6237313747406006 0.8435723781585693 -1 -1 -1 -1 -1 -1 -1 -1 -1
0.5162727236747742 0.6238263845443726 0.7821052670478821 -1 -1 -1 -1 -1 -1 -1 -1 -1
0.5174684524536133 0.6238892078399658 0.8091989755630493 -1 -1 -1 -1 -1 -1 -1 -1 -1
0.5063245892524719 0.6208158731460571 0.9718611836433411 -1 -1 -1 -1 -1 -1 -1 -1 -1
0.5183027386665344 0.6215865612030029 0.8137668967247009 -1 -1 -1 -1 -1 -1 -1 -1 -1
0.5120869278907776 0.6104915738105774 0.9247511029243469 -1 -1 -1 -1 -1 -1 -1 -1 -1
0.516255795955658 0.6106669902801514 0.8783202171325684 -1 -1 -1 -1 -1 -1 -1 -1 -1
0.4994316101074219 0.5924431681632996 0.9995731711387634 -1 -1 -1 -1 -1 -1 -1 -1 -1
0.5276690125465393 0.6036403179168701 0.9935420751571655 -1 -1 -1 -1 -1 -1 -1 -1 -1
0.501063883304596 0.5709311962127686 0.6076043844223022 -1 -1 -1 -1 -1 -1 -1 -1 -1
0.5197103023529053 0.6224119067192078 0.4010161757469177 -1 -1 -1 -1 -1 -1 -1 -1 -1
0.5024062991142273 0.6101161241531372 0.687283992767334 -1 -1 -1 -1 -1 -1 -1 -1 -1
0.5049530267715454 0.662277340888977 0.63981693983078 -1 -1 -1 -1 -1 -1 -1 -1 -1
0.5021620988845825 0.6173959970474243 0.6314024925231934 -1 -1 -1 -1 -1 -1 -1 -1 -1
0.5014302134513855 0.6729986667633057 0.5948532819747925 -1 -1 -1 -1 -1 -1 -1 -1 -1
0.5024290084838867 0.6204610466957092 0.609119176864624 -1 -1 -1 -1 -1 -1 -1 -1 -1
0.504361093044281 0.6715547442436218 0.5830804109573364 -1 -1 -1 -1 -1 -1 -1 -1 -1
0.5035042762756348 0.6180129051208496 0.5305748581886292 -1 -1 -1 -1 -1 -1 -1 -1 -1
0.5055198669433594 0.6671862602233887 0.5731175541877747 -1 -1 -1 -1 -1 -1 -1 -1 -1
0.5162280797958374 0.5010775923728943 0.9998574256896973 -1 -1 -1 -1 -1 -1 -1 -1 -1
0.5378954410552979 0.5009440183639526 0.9996949434280396 -1 -1 -1 -1 -1 -1 -1 -1 -1
0.4999559223651886 0.4238413870334625 0.9909311532974243 -1 -1 -1 -1 -1 -1 -1 -1 -1
0.5337465405464172 0.4156656861305237 0.9660634398460388 -1 -1 -1 -1 -1 -1 -1 -1 -1
0.477924644947052 0.33324992656707764 0.9917307496070862 -1 -1 -1 -1 -1 -1 -1 -1 -1
0.5083088874816895 0.3476299047470093 0.9477316737174988 -1 -1 -1 -1 -1 -1 -1 -1 -1
0.47889798879623413 0.3238385319709778 0.9051403403282166 -1 -1 -1 -1 -1 -1 -1 -1 -1
0.5024142861366272 0.34472692012786865 0.7251769304275513 -1 -1 -1 -1 -1 -1 -1 -1 -1
0.47029396891593933 0.30516767501831055 0.9830170273780823 -1 -1 -1 -1 -1 -1 -1 -1 -1
0.5009354948997498 0.31749317049980164 0.9361209869384766 -1 -1 -1 -1 -1 -1 -1 -1 -1
1 
33 
-1 -1 -1 -1 -1 -1 -1 -1 -1 -1
0.5033624172210693 0.3803008198738098 0.9927599430084229 -1 -1 -1 -1 -1 -1 -1 -1 -1
0.5058784484863281 0.37145569920539856 0.9950430393218994 -1 -1 -1 -1 -1 -1 -1 -1 -1
0.5071841478347778 0.3710995614528656 0.9947794675827026 -1 -1 -1 -1 -1 -1 -1 -1 -1
0.5084838271141052 0.3708069920539856 0.9961722493171692 -1 -1 -1 -1 -1 -1 -1 -1 -1
0.503483772277832 0.37216752767562866 0.9923276305198669 -1 -1 -1 -1 -1 -1 -1 -1 -1
0.5030677914619446 0.3723222017288208 0.9881168603897095 -1 -1 -1 -1 -1 -1 -1 -1 -1
0.5026566982269287 0.37248438596725464 0.9907158613204956 -1 -1 -1 -1 -1 -1 -1 -1 -1
0.514437735080719 0.37335121631622314 0.9952777624130249 -1 -1 -1 -1 -1 -1 -1 -1 -1
0.5063286423683167 0.37518858909606934 0.9867557287216187 -1 -1 -1 -1 -1 -1 -1 -1 -1
0.5070584416389465 0.3881359398365021 0.9936738014221191 -1 -1 -1 -1 -1 -1 -1 -1 -1
0.5043163299560547 0.3889905512332916 0.9888428449630737 -1 -1 -1 -1 -1 -1 -1 -1 -1
0.5315502882003784 0.4068610370159149 0.9961282014846802 -1 -1 -1 -1 -1 -1 -1 -1 -1
0.5009340047836304 0.4139750003814697 0.9885268211364746 -1 -1 -1 -1 -1 -1 -1 -1 -1
0.51932293176651 0.3989758789539337 0.9694589376449585 -1 -1 -1 -1 -1 -1 -1 -1 -1
0.4872153103351593 0.3919947147369385 0.6429283618927002 -1 -1 -1 -1 -1 -1 -1 -1 -1
0.5055037140846252 0.34546127915382385 0.8685355186462402 -1 -1 -1 -1 -1 -1 -1 -1 -1
0.48826536536216736 0.3518381118774414 0.5730429291725159 -1 -1 -1 -1 -1 -1 -1 -1 -1
0.5001641511917114 0.33248063921928406 0.8258015513420105 -1 -1 -1 -1 -1 -1 -1 -1 -1
0.4897869825363159 0.34222328662872314 0.5058543086051941 -1 -1 -1 -1 -1 -1 -1 -1 -1
0.501822292804718 0.3319605588912964 0.8130348324775696 -1 -1 -1 -1 -1 -1 -1 -1 -1
0.4912877678871155 0.33984750509262085 0.5078384280204773 -1 -1 -1 -1 -1 -1 -1 -1 -1
0.5018042922019958 0.3354901969432831 0.7408132553100586 -1 -1 -1 -1 -1 -1 -1 -1 -1
0.4910074472427368 0.34379133582115173 0.49544334411621094 -1 -1 -1 -1 -1 -1 -1 -1 -1
0.5403265357017517 0.534051775932312 0.9995092153549194 -1 -1 -1 -1 -1 -1 -1 -1 -1
0.5220178961753845 0.5345357060432434 0.9980997443199158 -1 -1 -1 -1 -1 -1 -1 -1 -1
0.5072857141494751 0.5855233669281006 0.9908928871154785 -1 -1 -1 -1 -1 -1 -1 -1 -1
0.5032323598861694 0.5736343264579773 0.7159559726715088 -1 -1 -1 -1 -1 -1 -1 -1 -1
0.513568103313446 0.6642165184020996 0.980244517326355 -1 -1 -1 -1 -1 -1 -1 -1 -1
0.5070016980171204 0.644629955291748 0.6551854014396667 -1 -1 -1 -1 -1 -1 -1 -1 -1
0.5209454894065857 0.6750038862228394 0.9658482074737549 -1 -1 -1 -1 -1 -1 -1 -1 -1
0.5024904608726501 0.6502522826194763 0.7113656997680664 -1 -1 -1 -1 -1 -1 -1 -1 -1
0.4926827847957611 0.6863143444061279 0.9752646088600159 -1 -1 -1 -1 -1 -1 -1 -1 -1
0.4900769889354706 0.662337064743042 0.7119219899177551 -1 -1 -1 -1 -1 -1 -1 -1 -1
1 
33 
-1 -1 -1 -1 -1 -1 -1 -1 -1 -1
0.4821791648864746 0.4195687174797058 0.9972034692764282 -1 -1 -1 -1 -1 -1 -1 -1 -1
0.4836597740650177 0.416007936000824 0.9971680045127869 -1 -1 -1 -1 -1 -1 -1 -1 -1
0.4841800630092621 0.41568654775619507 0.9979360103607178 -1 -1 -1 -1 -1 -1 -1 -1 -1
0.48472151160240173 0.41508305072784424 0.998065173625946 -1 -1 -1 -1 -1 -1 -1 -1 -1
0.4816061854362488 0.4177970588207245 0.9955214262008667 -1 -1 -1 -1 -1 -1 -1 -1 -1
0.48165181279182434 0.41789668798446655 0.9937224984169006 -1 -1 -1 -1 -1 -1 -1 -1 -1
0.4817020893096924 0.4177895784378052 0.994118332862854 -1 -1 -1 -1 -1 -1 -1 -1 -1
0.49445581436157227 0.4084564447402954 0.9985949397087097 -1 -1 -1 -1 -1 -1 -1 -1 -1
0.4856460988521576 0.4181625247001648 0.9970036149024963 -1 -1 -1 -1 -1 -1 -1 -1 -1
0.4847200810909271 0.423798531293869 0.9972606897354126 -1 -1 -1 -1 -1 -1 -1 -1 -1
0.483741819858551 0.42442774772644043 0.9940949082374573 -1 -1 -1 -1 -1 -1 -1 -1 -1
0.511462926864624 0.4293774366378784 0.99896240234375 -1 -1 -1 -1 -1 -1 -1 -1 -1
0.4899657070636749 0.44483682513237 0.9863232374191284 -1 -1 -1 -1 -1 -1 -1 -1 -1
0.5139057040214539 0.41485852003097534 0.8766868710517883 -1 -1 -1 -1 -1 -1 -1 -1 -1
0.4828263521194458 0.42754465341567993 0.12949104607105255 -1 -1 -1 -1 -1 -1 -1 -1 -1
0.5181356072425842 0.37419766187667847 0.6963974833488464 -1 -1 -1 -1 -1 -1 -1 -1 -1
0.4853552281856537 0.3889058232307434 0.1923605352640152 -1 -1 -1 -1 -1 -1 -1 -1 -1
0.5219361186027527 0.367571085691452 0.685742974281311 -1 -1 -1 -1 -1 -1 -1 -1 -1
0.48687341809272766 0.38247743248939514 0.22323434054851532 -1 -1 -1 -1 -1 -1 -1 -1 -1
0.5205700397491455 0.35561320185661316 0.682839572429657 -1 -1 -1 -1 -1 -1 -1 -1 -1
0.48753461241722107 0.38099148869514465 0.22828902304172516 -1 -1 -1 -1 -1 -1 -1 -1 -1
0.5193068385124207 0.3732120394706726 0.5891780853271484 -1 -1 -1 -1 -1 -1 -1 -1 -1
0.4868074059486389 0.38340291380882263 0.22145573794841766 -1 -1 -1 -1 -1 -1 -1 -1 -1
0.5336365699768066 0.5292974710464478 0.9998683929443359 -1 -1 -1 -1 -1 -1 -1 -1 -1
0.5227738618850708 0.5415993928909302 0.9997156262397766 -1 -1 -1 -1 -1 -1 -1 -1 -1
0.5075869560241699 0.5676680207252502 0.9810923933982849 -1 -1 -1 -1 -1 -1 -1 -1 -1
0.501525342464447 0.5974853038787842 0.7862036824226379 -1 -1 -1 -1 -1 -1 -1 -1 -1
0.521785318851471 0.6642717123031616 0.9716965556144714 -1 -1 -1 -1 -1 -1 -1 -1 -1
0.5159508585929871 0.6685543656349182 0.616428017616272 -1 -1 -1 -1 -1 -1 -1 -1 -1
0.5279428362846375 0.6745389103889465 0.9456470608711243 -1 -1 -1 -1 -1 -1 -1 -1 -1
0.5161937475204468 0.6823781132698059 0.680476188659668 -1 -1 -1 -1 -1 -1 -1 -1 -1
0.5051200985908508 0.6892461180686951 0.9751362800598145 -1 -1 -1 -1 -1 -1 -1 -1 -1
0.49877333641052246 0.6898588538169861 0.7031059265136719 -1 -1 -1 -1 -1 -1 -1 -1 -1
1 
33 
-1 -1 -1 -1 -1 -1 -1 -1 -1 -1
0.5195245146751404 0.6540753245353699 0.988494336605072 -1 -1 -1 -1 -1 -1 -1 -1 -1
0.5206047892570496 0.6567479372024536 0.990308940410614 -1 -1 -1 -1 -1 -1 -1 -1 -1
0.5206446647644043 0.656610906124115 0.9888562560081482 -1 -1 -1 -1 -1 -1 -1 -1 -1
0.5206589698791504 0.6564563512802124 0.9916884303092957 -1 -1 -1 -1 -1 -1 -1 -1 -1
0.5213078260421753 0.6561089754104614 0.990199863910675 -1 -1 -1 -1 -1 -1 -1 -1 -1
0.5218024253845215 0.6555414795875549 0.9877915382385254 -1 -1 -1 -1 -1 -1 -1 -1 -1
0.5222794413566589 0.6549741625785828 0.9913284182548523 -1 -1 -1 -1 -1 -1 -1 -1 -1
0.5229434370994568 0.6499525308609009 0.9888211488723755 -1 -1 -1 -1 -1 -1 -1 -1 -1
0.5250512957572937 0.647756040096283 0.9935349225997925 -1 -1 -1 -1 -1 -1 -1 -1 -1
0.5200234055519104 0.6473358869552612 0.9821918606758118 -1 -1 -1 -1 -1 -1 -1 -1 -1
0.5209336280822754 0.6466759443283081 0.976211428642273 -1 -1 -1 -1 -1 -1 -1 -1 -1
0.5203314423561096 0.6204965710639954 0.9976292252540588 -1 -1 -1 -1 -1 -1 -1 -1 -1
0.5293623805046082 0.618403434753418 0.9932282567024231 -1 -1 -1 -1 -1 -1 -1 -1 -1
0.5222384333610535 0.6315392851829529 0.13980524241924286 -1 -1 -1 -1 -1 -1 -1 -1 -1
0.5258927941322327 0.6433805823326111 0.6011247634887695 -1 -1 -1 -1 -1 -1 -1 -1 -1
0.5218576788902283 0.6424710750579834 0.0502871498465538 -1 -1 -1 -1 -1 -1 -1 -1 -1
0.5261306166648865 0.6587923169136047 0.3326173424720764 -1 -1 -1 -1 -1 -1 -1 -1 -1
0.5226737856864929 0.6443543434143066 0.05159251019358635 -1 -1 -1 -1 -1 -1 -1 -1 -1
0.5258362889289856 0.6611229181289673 0.29753825068473816 -1 -1 -1 -1 -1 -1 -1 -1 -1
0.5204147100448608 0.642173707485199 0.05328947678208351 -1 -1 -1 -1 -1 -1 -1 -1 -1
0.5263601541519165 0.6566197276115417 0.2944601774215698 -1 -1 -1 -1 -1 -1 -1 -1 -1
0.5202735066413879 0.640559196472168 0.058639124035835266 -1 -1 -1 -1 -1 -1 -1 -1 -1
0.5267323851585388 0.6553483605384827 0.28869372606277466 -1 -1 -1 -1 -1 -1 -1 -1 -1
0.5113733410835266 0.5244714021682739 0.9999449253082275 -1 -1 -1 -1 -1 -1 -1 -1 -1
0.5229688882827759 0.5198270082473755 0.9998623132705688 -1 -1 -1 -1 -1 -1 -1 -1 -1
0.4891258478164673 0.45759597420692444 0.9398700594902039 -1 -1 -1 -1 -1 -1 -1 -1 -1
0.5163925886154175 0.4477730989456177 0.8129941821098328 -1 -1 -1 -1 -1 -1 -1 -1 -1
0.4802199602127075 0.3885631859302521 0.9174628853797913 -1 -1 -1 -1 -1 -1 -1 -1 -1
0.5174517631530762 0.39668089151382446 0.6888796091079712 -1 -1 -1 -1 -1 -1 -1 -1 -1
0.48104679584503174 0.3795211613178253 0.6822453141212463 -1 -1 -1 -1 -1 -1 -1 -1 -1
0.5156064033508301 0.3924676179885864 0.4281192421913147 -1 -1 -1 -1 -1 -1 -1 -1 -1
0.4740898609161377 0.3668784499168396 0.8722151517868042 -1 -1 -1 -1 -1 -1 -1 -1 -1
0.5272524952888489 0.36997345089912415 0.6870524883270264 -1 -1 -1 -1 -1 -1 -1 -1 -1
1 
33 
-1 -1 -1 -1 -1 -1 -1 -1 -1 -1
0.5206661224365234 0.574264645576477 0.9995867609977722 -1 -1 -1 -1 -1 -1 -1 -1 -1
0.5257754921913147 0.5784082412719727 0.9997484087944031 -1 -1 -1 -1 -1 -1 -1 -1 -1
0.5262354612350464 0.5782968401908875 0.9996289014816284 -1 -1 -1 -1 -1 -1 -1 -1 -1
0.5266097187995911 0.5781959891319275 0.9998193383216858 -1 -1 -1 -1 -1 -1 -1 -1 -1
0.5250968933105469 0.5809887051582336 0.9996540546417236 -1 -1 -1 -1 -1 -1 -1 -1 -1
0.5250484347343445 0.5811010003089905 0.9995539784431458 -1 -1 -1 -1 -1 -1 -1 -1 -1
0.5250133872032166 0.5813284516334534 0.9997369647026062 -1 -1 -1 -1 -1 -1 -1 -1 -1
0.5314381122589111 0.5751519203186035 0.9996634721755981 -1 -1 -1 -1 -1 -1 -1 -1 -1
0.5291427969932556 0.57895427942276 0.999426007270813 -1 -1 -1 -1 -1 -1 -1 -1 -1
0.5262818336486816 0.5700870752334595 0.9996544122695923 -1 -1 -1 -1 -1 -1 -1 -1 -1
0.5257372260093689 0.5701417326927185 0.9994507431983948 -1 -1 -1 -1 -1 -1 -1 -1 -1
0.5331233739852905 0.5402612686157227 0.9996039271354675 -1 -1 -1 -1 -1 -1 -1 -1 -1
0.5315640568733215 0.5658576488494873 0.9999511241912842 -1 -1 -1 -1 -1 -1 -1 -1 -1
0.5229734182357788 0.5078788995742798 0.02602933906018734 -1 -1 -1 -1 -1 -1 -1 -1 -1
0.5259191989898682 0.5984465479850769 0.9744043350219727 -1 -1 -1 -1 -1 -1 -1 -1 -1
0.5140916705131531 0.4831993281841278 0.07569696754217148 -1 -1 -1 -1 -1 -1 -1 -1 -1
0.535171627998352 0.6550715565681458 0.9875606894493103 -1 -1 -1 -1 -1 -1 -1 -1 -1
0.5120534300804138 0.47634753584861755 0.11054151505231857 -1 -1 -1 -1 -1 -1 -1 -1 -1
0.5421764254570007 0.6492284536361694 0.9928010702133179 -1 -1 -1 -1 -1 -1 -1 -1 -1
0.5127943158149719 0.47830909490585327 0.11068878322839737 -1 -1 -1 -1 -1 -1 -1 -1 -1
0.5433434844017029 0.6512017250061035 0.9901788234710693 -1 -1 -1 -1 -1 -1 -1 -1 -1
0.513451337814331 0.4805406332015991 0.11541654914617538 -1 -1 -1 -1 -1 -1 -1 -1 -1
0.5418155789375305 0.646780252456665 0.9792225360870361 -1 -1 -1 -1 -1 -1 -1 -1 -1
0.5272531509399414 0.4673846960067749 0.9999903440475464 -1 -1 -1 -1 -1 -1 -1 -1 -1
0.5192994475364685 0.47863319516181946 0.999994158744812 -1 -1 -1 -1 -1 -1 -1 -1 -1
0.5075435042381287 0.4104953408241272 0.9908657670021057 -1 -1 -1 -1 -1 -1 -1 -1 -1
0.492330402135849 0.44158700108528137 0.9972781538963318 -1 -1 -1 -1 -1 -1 -1 -1 -1
0.5150765180587769 0.3587912321090698 0.9913440942764282 -1 -1 -1 -1 -1 -1 -1 -1 -1
0.4564310908317566 0.4115261435508728 0.9969853758811951 -1 -1 -1 -1 -1 -1 -1 -1 -1
0.5169925093650818 0.3549612760543823 0.9966148734092712 -1 -1 -1 -1 -1 -1 -1 -1 -1
0.452273428440094 0.40283364057540894 0.9979828596115112 -1 -1 -1 -1 -1 -1 -1 -1 -1
0.5135793685913086 0.34106048941612244 0.989179253578186 -1 -1 -1 -1 -1 -1 -1 -1 -1
0.4424738883972168 0.4141346514225006 0.9974278807640076 -1 -1 -1 -1 -1 -1 -1 -1 -1
1 
33 
-1 -1 -1 -1 -1 -1 -1 -1 -1 -1
0.5348102450370789 0.5761091113090515 0.9525098204612732 -1 -1 -1 -1 -1 -1 -1 -1 -1
0.5321469306945801 0.5829778909683228 0.9538363218307495 -1 -1 -1 -1 -1 -1 -1 -1 -1
0.5318257212638855 0.582805871963501 0.9453597068786621 -1 -1 -1 -1 -1 -1 -1 -1 -1
0.5254722833633423 0.587226390838623 0.9574401378631592 -1 -1 -1 -1 -1 -1 -1 -1 -1
0.5294745564460754 0.5877869129180908 0.9510191679000854 -1 -1 -1 -1 -1 -1 -1 -1 -1
0.529934823513031 0.5880606174468994 0.9256563782691956 -1 -1 -1 -1 -1 -1 -1 -1 -1
0.5303796529769897 0.5883041024208069 0.9400632381439209 -1 -1 -1 -1 -1 -1 -1 -1 -1
0.5225528478622437 0.5852335691452026 0.9437267780303955 -1 -1 -1 -1 -1 -1 -1 -1 -1
0.5289240479469299 0.586626410484314 0.9184035658836365 -1 -1 -1 -1 -1 -1 -1 -1 -1
0.5340959429740906 0.5675127506256104 0.8821563124656677 -1 -1 -1 -1 -1 -1 -1 -1 -1
0.5343459248542786 0.5730209350585938 0.9101449251174927 -1 -1 -1 -1 -1 -1 -1 -1 -1
0.5220713019371033 0.5722841024398804 0.975465714931488 -1 -1 -1 -1 -1 -1 -1 -1 -1
0.5325026512145996 0.5630173683166504 0.9865564703941345 -1 -1 -1 -1 -1 -1 -1 -1 -1
0.5342093706130981 0.6209894418716431 0.8747885227203369 -1 -1 -1 -1 -1 -1 -1 -1 -1
0.5309360027313232 0.5964029431343079 0.19145739078521729 -1 -1 -1 -1 -1 -1 -1 -1 -1
0.5441964864730835 0.6706839203834534 0.7911825776100159 -1 -1 -1 -1 -1 -1 -1 -1 -1
0.5419761538505554 0.6511808633804321 0.4472070634365082 -1 -1 -1 -1 -1 -1 -1 -1 -1
0.5455180406570435 0.6799855828285217 0.7571526765823364 -1 -1 -1 -1 -1 -1 -1 -1 -1
0.543489933013916 0.6768465638160706 0.4832286536693573 -1 -1 -1 -1 -1 -1 -1 -1 -1
0.5438833236694336 0.6802465319633484 0.7370529174804688 -1 -1 -1 -1 -1 -1 -1 -1 -1
0.5466422438621521 0.6650126576423645 0.47996827960014343 -1 -1 -1 -1 -1 -1 -1 -1 -1
0.5450723171234131 0.6758210062980652 0.6575862169265747 -1 -1 -1 -1 -1 -1 -1 -1 -1
0.5460495352745056 0.6607394218444824 0.44062721729278564 -1 -1 -1 -1 -1 -1 -1 -1 -1
0.5035891532897949 0.46368592977523804 0.9992327690124512 -1 -1 -1 -1 -1 -1 -1 -1 -1
0.5168161392211914 0.4517870247364044 0.9996973276138306 -1 -1 -1 -1 -1 -1 -1 -1 -1
0.4475628137588501 0.44554364681243896 0.9340222477912903 -1 -1 -1 -1 -1 -1 -1 -1 -1
0.4945259988307953 0.4297908842563629 0.9664660096168518 -1 -1 -1 -1 -1 -1 -1 -1 -1
0.4656347930431366 0.42175421118736267 0.7684934139251709 -1 -1 -1 -1 -1 -1 -1 -1 -1
0.48408243060112 0.4036720097064972 0.8054578900337219 -1 -1 -1 -1 -1 -1 -1 -1 -1
0.47086459398269653 0.4228551983833313 0.6985487937927246 -1 -1 -1 -1 -1 -1 -1 -1 -1
0.4844004511833191 0.4069015085697174 0.7385531067848206 -1 -1 -1 -1 -1 -1 -1 -1 -1
0.4604935050010681 0.403252512216568 0.6685575246810913 -1 -1 -1 -1 -1 -1 -1 -1 -1
0.47554346919059753 0.37861618399620056 0.7339059114456177 -1 -1 -1 -1 -1 -1 -1 -1 -1
1 
33 
-1 -1 -1 -1 -1 -1 -1 -1 -1 -1
0.4995381236076355 0.41885095834732056 1.0 -1 -1 -1 -1 -1 -1 -1 -1 -1
0.5053257942199707 0.4119374752044678 1.0 -1 -1 -1 -1 -1 -1 -1 -1 -1
0.5075522065162659 0.41145771741867065 1.0 -1 -1 -1 -1 -1 -1 -1 -1 -1
0.5103548169136047 0.4119301736354828 1.0 -1 -1 -1 -1 -1 -1 -1 -1 -1
0.5004286766052246 0.40901651978492737 1.0 -1 -1 -1 -1 -1 -1 -1 -1 -1
0.4986785352230072 0.4079189598560333 1.0 -1 -1 -1 -1 -1 -1 -1 -1 -1
0.49741074442863464 0.40730810165405273 1.0 -1 -1 -1 -1 -1 -1 -1 -1 -1
0.515882670879364 0.41522109508514404 1.0 -1 -1 -1 -1 -1 -1 -1 -1 -1
0.49814075231552124 0.40934914350509644 1.0 -1 -1 -1 -1 -1 -1 -1 -1 -1
0.5044594407081604 0.43054404854774475 1.0 -1 -1 -1 -1 -1 -1 -1 -1 -1
0.49635714292526245 0.4289541244506836 1.0 -1 -1 -1 -1 -1 -1 -1 -1 -1
0.5128067135810852 0.4534687399864197 1.0 -1 -1 -1 -1 -1 -1 -1 -1 -1
0.49779394268989563 0.44216933846473694 1.0 -1 -1 -1 -1 -1 -1 -1 -1 -1
0.507428765296936 0.5006597638130188 0.9678231477737427 -1 -1 -1 -1 -1 -1 -1 -1 -1
0.4851919114589691 0.513800859451294 0.004937001038342714 -1 -1 -1 -1 -1 -1 -1 -1 -1
0.5006197690963745 0.5049682855606079 0.6729190945625305 -1 -1 -1 -1 -1 -1 -1 -1 -1
0.4736141860485077 0.5340719819068909 0.02392653003334999 -1 -1 -1 -1 -1 -1 -1 -1 -1
0.5071548819541931 0.5162227749824524 0.9252663254737854 -1 -1 -1 -1 -1 -1 -1 -1 -1
0.47405195236206055 0.5459031462669373 0.026136312633752823 -1 -1 -1 -1 -1 -1 -1 -1 -1
0.5061890482902527 0.5182535648345947 0.9589542746543884 -1 -1 -1 -1 -1 -1 -1 -1 -1
0.47650182247161865 0.5469330549240112 0.05324500426650047 -1 -1 -1 -1 -1 -1 -1 -1 -1
0.5048452019691467 0.5131745934486389 0.9741686582565308 -1 -1 -1 -1 -1 -1 -1 -1 -1
0.47546014189720154 0.5432730317115784 0.025026386603713036 -1 -1 -1 -1 -1 -1 -1 -1 -1
0.5087358355522156 0.5134778022766113 7.380428723990917e-05 -1 -1 -1 -1 -1 -1 -1 -1 -1
0.5040135383605957 0.5024005174636841 1.0482975767445168e-06 -1 -1 -1 -1 -1 -1 -1 -1 -1
0.5053150653839111 0.5248754620552063 0.0011460072128102183 -1 -1 -1 -1 -1 -1 -1 -1 -1
0.5030806064605713 0.5473324656486511 0.002221441362053156 -1 -1 -1 -1 -1 -1 -1 -1 -1
0.49826836585998535 0.5851594805717468 0.002902749227359891 -1 -1 -1 -1 -1 -1 -1 -1 -1
0.48768994212150574 0.5630457997322083 0.03266846761107445 -1 -1 -1 -1 -1 -1 -1 -1 -1
0.4897429049015045 0.5937522649765015 0.003299033734947443 -1 -1 -1 -1 -1 -1 -1 -1 -1
0.48110854625701904 0.567503809928894 0.14889565110206604 -1 -1 -1 -1 -1 -1 -1 -1 -1
0.5124833583831787 0.5860916972160339 0.009063038043677807 -1 -1 -1 -1 -1 -1 -1 -1 -1
0.48987072706222534 0.5603490471839905 0.17409786581993103 -1 -1 -1 -1 -1 -1 -1 -1 -1
1 
33 
-1 -1 -1 -1 -1 -1 -1 -1 -1 -1
0.48968154191970825 0.4299808740615845 0.9896928668022156 -1 -1 -1 -1 -1 -1 -1 -1 -1
0.4885716736316681 0.4258534610271454 0.987144410610199 -1 -1 -1 -1 -1 -1 -1 -1 -1
0.4890129864215851 0.42444664239883423 0.9829892516136169 -1 -1 -1 -1 -1 -1 -1 -1 -1
0.489458829164505 0.42303770780563354 0.9854850172996521 -1 -1 -1 -1 -1 -1 -1 -1 -1
0.4873778223991394 0.42944031953811646 0.9887536764144897 -1 -1 -1 -1 -1 -1 -1 -1 -1
0.48697227239608765 0.43078741431236267 0.9831154942512512 -1 -1 -1 -1 -1 -1 -1 -1 -1
0.4865659475326538 0.43212416768074036 0.9881839752197266 -1 -1 -1 -1 -1 -1 -1 -1 -1
0.4905005693435669 0.42211592197418213 0.9794013500213623 -1 -1 -1 -1 -1 -1 -1 -1 -1
0.4866809844970703 0.43440335988998413 0.9805305004119873 -1 -1 -1 -1 -1 -1 -1 -1 -1
0.4918871521949768 0.430050790309906 0.9632906913757324 -1 -1 -1 -1 -1 -1 -1 -1 -1
0.49044111371040344 0.4346174895763397 0.9620310664176941 -1 -1 -1 -1 -1 -1 -1 -1 -1
0.49752452969551086 0.42633938789367676 0.9634409546852112 -1 -1 -1 -1 -1 -1 -1 -1 -1
0.49208781123161316 0.44799482822418213 0.9715502858161926 -1 -1 -1 -1 -1 -1 -1 -1 -1
0.4975711405277252 0.4510346055030823 0.9040862917900085 -1 -1 -1 -1 -1 -1 -1 -1 -1
0.4938560128211975 0.46844908595085144 0.2693900465965271 -1 -1 -1 -1 -1 -1 -1 -1 -1
0.4918311834335327 0.4710525870323181 0.5584352612495422 -1 -1 -1 -1 -1 -1 -1 -1 -1
0.48827916383743286 0.4880375266075134 0.13995042443275452 -1 -1 -1 -1 -1 -1 -1 -1 -1
0.49059996008872986 0.47554871439933777 0.4615960419178009 -1 -1 -1 -1 -1 -1 -1 -1 -1
0.486394464969635 0.4922371506690979 0.14790716767311096 -1 -1 -1 -1 -1 -1 -1 -1 -1
0.4893431067466736 0.4744464159011841 0.4621625542640686 -1 -1 -1 -1 -1 -1 -1 -1 -1
0.4853036105632782 0.493558794260025 0.15806390345096588 -1 -1 -1 -1 -1 -1 -1 -1 -1
0.4900176227092743 0.47318941354751587 0.4264231324195862 -1 -1 -1 -1 -1 -1 -1 -1 -1
0.4864388406276703 0.4918040335178375 0.16533851623535156 -1 -1 -1 -1 -1 -1 -1 -1 -1
0.524468719959259 0.4374922513961792 0.9881446361541748 -1 -1 -1 -1 -1 -1 -1 -1 -1
0.5208795666694641 0.45261165499687195 0.9966788291931152 -1 -1 -1 -1 -1 -1 -1 -1 -1
0.5304147005081177 0.45588457584381104 0.8675644397735596 -1 -1 -1 -1 -1 -1 -1 -1 -1
0.5264431834220886 0.48841914534568787 0.8828534483909607 -1 -1 -1 -1 -1 -1 -1 -1 -1
0.5312300324440002 0.4712584614753723 0.5689408183097839 -1 -1 -1 -1 -1 -1 -1 -1 -1
0.5387087464332581 0.48420634865760803 0.6732597947120667 -1 -1 -1 -1 -1 -1 -1 -1 -1
0.5307714939117432 0.4714093506336212 0.6662049889564514 -1 -1 -1 -1 -1 -1 -1 -1 -1
0.5396806001663208 0.48073750734329224 0.7024148106575012 -1 -1 -1 -1 -1 -1 -1 -1 -1
0.5332522392272949 0.48065221309661865 0.5955390930175781 -1 -1 -1 -1 -1 -1 -1 -1 -1
0.543955385684967 0.49233388900756836 0.600725531578064 -1 -1 -1 -1 -1 -1 -1 -1 -1
1 
33 
-1 -1 -1 -1 -1 -1 -1 -1 -1 -1
0.48033440113067627 0.4706204831600189 0.9936754107475281 -1 -1 -1 -1 -1 -1 -1 -1 -1
0.4781782627105713 0.47045478224754333 0.9932869076728821 -1 -1 -1 -1 -1 -1 -1 -1 -1
0.47809281945228577 0.4693765640258789 0.9813985228538513 -1 -1 -1 -1 -1 -1 -1 -1 -1
0.4779944121837616 0.46825194358825684 0.9863404035568237 -1 -1 -1 -1 -1 -1 -1 -1 -1
0.4785182476043701 0.4742199182510376 0.9964145421981812 -1 -1 -1 -1 -1 -1 -1 -1 -1
0.47866007685661316 0.4758276641368866 0.992241382598877 -1 -1 -1 -1 -1 -1 -1 -1 -1
0.4787926971912384 0.47741803526878357 0.9962956309318542 -1 -1 -1 -1 -1 -1 -1 -1 -1
0.47892633080482483 0.46849748492240906 0.9639809131622314 -1 -1 -1 -1 -1 -1 -1 -1 -1
0.47995683550834656 0.4811999499797821 0.9963807463645935 -1 -1 -1 -1 -1 -1 -1 -1 -1
0.4822995066642761 0.46858498454093933 0.9905058741569519 -1 -1 -1 -1 -1 -1 -1 -1 -1
0.4827560782432556 0.4734594225883484 0.9970044493675232 -1 -1 -1 -1 -1 -1 -1 -1 -1
0.48966923356056213 0.4577847421169281 0.9286168217658997 -1 -1 -1 -1 -1 -1 -1 -1 -1
0.49036574363708496 0.49157971143722534 0.9888457655906677 -1 -1 -1 -1 -1 -1 -1 -1 -1
0.5028644800186157 0.44804927706718445 0.21846498548984528 -1 -1 -1 -1 -1 -1 -1 -1 -1
0.5037009119987488 0.5030517578125 0.7899007201194763 -1 -1 -1 -1 -1 -1 -1 -1 -1
0.5066829919815063 0.450475811958313 0.16598545014858246 -1 -1 -1 -1 -1 -1 -1 -1 -1
0.5122455358505249 0.49664634466171265 0.38798922300338745 -1 -1 -1 -1 -1 -1 -1 -1 -1
0.5076869130134583 0.4505825638771057 0.14211945235729218 -1 -1 -1 -1 -1 -1 -1 -1 -1
0.5152972340583801 0.4947996139526367 0.17767338454723358 -1 -1 -1 -1 -1 -1 -1 -1 -1
0.5059400200843811 0.45131805539131165 0.15528172254562378 -1 -1 -1 -1 -1 -1 -1 -1 -1
0.5132466554641724 0.49356260895729065 0.16305823624134064 -1 -1 -1 -1 -1 -1 -1 -1 -1
0.5053762793540955 0.45271626114845276 0.18555611371994019 -1 -1 -1 -1 -1 -1 -1 -1 -1
0.5122688412666321 0.49341273307800293 0.1566997617483139 -1 -1 -1 -1 -1 -1 -1 -1 -1
0.5132216811180115 0.46503946185112 0.9938349723815918 -1 -1 -1 -1 -1 -1 -1 -1 -1
0.5130477547645569 0.48406779766082764 0.998988687992096 -1 -1 -1 -1 -1 -1 -1 -1 -1
0.529963493347168 0.45928874611854553 0.9836406111717224 -1 -1 -1 -1 -1 -1 -1 -1 -1
0.5320069789886475 0.48834505677223206 0.9941126704216003 -1 -1 -1 -1 -1 -1 -1 -1 -1
0.538966178894043 0.4593372344970703 0.5331536531448364 -1 -1 -1 -1 -1 -1 -1 -1 -1
0.5428955554962158 0.4915545582771301 0.8434220552444458 -1 -1 -1 -1 -1 -1 -1 -1 -1
0.5413362979888916 0.46205130219459534 0.3430447280406952 -1 -1 -1 -1 -1 -1 -1 -1 -1
0.545823335647583 0.4882832467556 0.797904908657074 -1 -1 -1 -1 -1 -1 -1 -1 -1
0.5425921678543091 0.45181843638420105 0.22105200588703156 -1 -1 -1 -1 -1 -1 -1 -1 -1
0.5478965640068054 0.5045426487922668 0.4234117865562439 -1 -1 -1 -1 -1 -1 -1 -1 -1
1 
33 
-1 -1 -1 -1 -1 -1 -1 -1 -1 -1
0.5326228737831116 0.4753984808921814 0.9990898370742798 -1 -1 -1 -1 -1 -1 -1 -1 -1
0.5320705771446228 0.4721038341522217 0.9991430044174194 -1 -1 -1 -1 -1 -1 -1 -1 -1
0.5323382616043091 0.4719673991203308 0.9981796741485596 -1 -1 -1 -1 -1 -1 -1 -1 -1
0.5326158404350281 0.471839040517807 0.9990271329879761 -1 -1 -1 -1 -1 -1 -1 -1 -1
0.5309193134307861 0.4727334678173065 0.9994491934776306 -1 -1 -1 -1 -1 -1 -1 -1 -1
0.5303335785865784 0.4730361998081207 0.9990725517272949 -1 -1 -1 -1 -1 -1 -1 -1 -1
0.5297644734382629 0.47334665060043335 0.9994614720344543 -1 -1 -1 -1 -1 -1 -1 -1 -1
0.5313051342964172 0.47516942024230957 0.9978277087211609 -1 -1 -1 -1 -1 -1 -1 -1 -1
0.5277557373046875 0.4773005247116089 0.9994317889213562 -1 -1 -1 -1 -1 -1 -1 -1 -1
0.5331581830978394 0.4798926115036011 0.9988771080970764 -1 -1 -1 -1 -1 -1 -1 -1 -1
0.5316125154495239 0.4804239869117737 0.9995143413543701 -1 -1 -1 -1 -1 -1 -1 -1 -1
0.5345325469970703 0.49040406942367554 0.9963088631629944 -1 -1 -1 -1 -1 -1 -1 -1 -1
0.5256984829902649 0.49835333228111267 0.9995342493057251 -1 -1 -1 -1 -1 -1 -1 -1 -1
0.5482379794120789 0.48180288076400757 0.8766597509384155 -1 -1 -1 -1 -1 -1 -1 -1 -1
0.5382407903671265 0.48686492443084717 0.9865158796310425 -1 -1 -1 -1 -1 -1 -1 -1 -1
0.5421522855758667 0.45418694615364075 0.8441702127456665 -1 -1 -1 -1 -1 -1 -1 -1 -1
0.5406362414360046 0.4596936106681824 0.9858359098434448 -1 -1 -1 -1 -1 -1 -1 -1 -1
0.5402888059616089 0.4466509222984314 0.7884028553962708 -1 -1 -1 -1 -1 -1 -1 -1 -1
0.5410305857658386 0.4539012908935547 0.9680976867675781 -1 -1 -1 -1 -1 -1 -1 -1 -1
0.5391607284545898 0.44677531719207764 0.7658964991569519 -1 -1 -1 -1 -1 -1 -1 -1 -1
0.5391243100166321 0.4545600712299347 0.9631012678146362 -1 -1 -1 -1 -1 -1 -1 -1 -1
0.5394209027290344 0.4503370225429535 0.6942570209503174 -1 -1 -1 -1 -1 -1 -1 -1 -1
0.5389845371246338 0.4572194218635559 0.9361462593078613 -1 -1 -1 -1 -1 -1 -1 -1 -1
0.5452384352684021 0.5423354506492615 0.9998314380645752 -1 -1 -1 -1 -1 -1 -1 -1 -1
0.5392577648162842 0.5545832514762878 0.9999099969863892 -1 -1 -1 -1 -1 -1 -1 -1 -1
0.5742087364196777 0.5258511900901794 0.8067295551300049 -1 -1 -1 -1 -1 -1 -1 -1 -1
0.5627874135971069 0.5417419672012329 0.9423292279243469 -1 -1 -1 -1 -1 -1 -1 -1 -1
0.5646910667419434 0.5699916481971741 0.6751015782356262 -1 -1 -1 -1 -1 -1 -1 -1 -1
0.5648885369300842 0.5853519439697266 0.9481967091560364 -1 -1 -1 -1 -1 -1 -1 -1 -1
0.5604628920555115 0.5751034021377563 0.7155501842498779 -1 -1 -1 -1 -1 -1 -1 -1 -1
0.5628448128700256 0.5889135003089905 0.8980617523193359 -1 -1 -1 -1 -1 -1 -1 -1 -1
0.5706130266189575 0.5854865312576294 0.7069491744041443 -1 -1 -1 -1 -1 -1 -1 -1 -1
0.5708705186843872 0.604877769947052 0.9381730556488037 -1 -1 -1 -1 -1 -1 -1 -1 -1
1 
33 
-1 -1 -1 -1 -1 -1 -1 -1 -1 -1
0.5332483649253845 0.4623039960861206 0.988315999507904 -1 -1 -1 -1 -1 -1 -1 -1 -1
0.5353597402572632 0.45415669679641724 0.9935051202774048 -1 -1 -1 -1 -1 -1 -1 -1 -1
0.5367718935012817 0.4529719948768616 0.990839421749115 -1 -1 -1 -1 -1 -1 -1 -1 -1
0.5381857752799988 0.45181161165237427 0.9922077059745789 -1 -1 -1 -1 -1 -1 -1 -1 -1
0.5307442545890808 0.4562852084636688 0.9930998086929321 -1 -1 -1 -1 -1 -1 -1 -1 -1
0.5290635824203491 0.45649150013923645 0.9909507036209106 -1 -1 -1 -1 -1 -1 -1 -1 -1
0.5274010896682739 0.45669686794281006 0.9900151491165161 -1 -1 -1 -1 -1 -1 -1 -1 -1
0.5382984280586243 0.44479215145111084 0.9939688444137573 -1 -1 -1 -1 -1 -1 -1 -1 -1
0.5221602320671082 0.45258766412734985 0.9916886687278748 -1 -1 -1 -1 -1 -1 -1 -1 -1
0.5344087481498718 0.4632553160190582 0.9962854385375977 -1 -1 -1 -1 -1 -1 -1 -1 -1
0.5294531583786011 0.4653189182281494 0.9941997528076172 -1 -1 -1 -1 -1 -1 -1 -1 -1
0.5451885461807251 0.44597572088241577 0.9981234669685364 -1 -1 -1 -1 -1 -1 -1 -1 -1
0.5081316828727722 0.4716971516609192 0.9973088502883911 -1 -1 -1 -1 -1 -1 -1 -1 -1
0.5670344829559326 0.4706183969974518 0.6135740280151367 -1 -1 -1 -1 -1 -1 -1 -1 -1
0.5227676630020142 0.498187780380249 0.8801569938659668 -1 -1 -1 -1 -1 -1 -1 -1 -1
0.5647182464599609 0.4846653342247009 0.47714337706565857 -1 -1 -1 -1 -1 -1 -1 -1 -1
0.5412563681602478 0.4831802248954773 0.6205862164497375 -1 -1 -1 -1 -1 -1 -1 -1 -1
0.5659660696983337 0.487957239151001 0.389112263917923 -1 -1 -1 -1 -1 -1 -1 -1 -1
0.5459203124046326 0.48037806153297424 0.41226670145988464 -1 -1 -1 -1 -1 -1 -1 -1 -1
0.5631852746009827 0.48599281907081604 0.3720698654651642 -1 -1 -1 -1 -1 -1 -1 -1 -1
0.5447955131530762 0.47826525568962097 0.3828509449958801 -1 -1 -1 -1 -1 -1 -1 -1 -1
0.5614688396453857 0.4851205050945282 0.34728723764419556 -1 -1 -1 -1 -1 -1 -1 -1 -1
0.5438998341560364 0.4783598780632019 0.3280772268772125 -1 -1 -1 -1 -1 -1 -1 -1 -1
0.5542685985565186 0.5121524333953857 0.9996305704116821 -1 -1 -1 -1 -1 -1 -1 -1 -1
0.5329391956329346 0.5358911156654358 0.9994856119155884 -1 -1 -1 -1 -1 -1 -1 -1 -1
0.5796735882759094 0.5101678371429443 0.940205454826355 -1 -1 -1 -1 -1 -1 -1 -1 -1
0.5264824032783508 0.5865054130554199 0.9435549974441528 -1 -1 -1 -1 -1 -1 -1 -1 -1
0.558664858341217 0.5660102963447571 0.6763187646865845 -1 -1 -1 -1 -1 -1 -1 -1 -1
0.5448254346847534 0.6063519716262817 0.692915678024292 -1 -1 -1 -1 -1 -1 -1 -1 -1
0.5530238747596741 0.5719161629676819 0.6532248854637146 -1 -1 -1 -1 -1 -1 -1 -1 -1
0.5480043292045593 0.6036677360534668 0.46745535731315613 -1 -1 -1 -1 -1 -1 -1 -1 -1
0.560391366481781 0.5862082242965698 0.7221377491950989 -1 -1 -1 -1 -1 -1 -1 -1 -1
0.5505959391593933 0.6238706707954407 0.6367789506912231 -1 -1 -1 -1 -1 -1 -1 -1 -1
1 
33 
-1 -1 -1 -1 -1 -1 -1 -1 -1 -1
0.5292472839355469 0.47132739424705505 0.9155762791633606 -1 -1 -1 -1 -1 -1 -1 -1 -1
0.5295661091804504 0.4695446789264679 0.9316089153289795 -1 -1 -1 -1 -1 -1 -1 -1 -1
0.5296520590782166 0.46969449520111084 0.9353892207145691 -1 -1 -1 -1 -1 -1 -1 -1 -1
0.5297397971153259 0.4698559045791626 0.9418615698814392 -1 -1 -1 -1 -1 -1 -1 -1 -1
0.5296579599380493 0.46923020482063293 0.8799340128898621 -1 -1 -1 -1 -1 -1 -1 -1 -1
0.5298280119895935 0.4691665470600128 0.8651627898216248 -1 -1 -1 -1 -1 -1 -1 -1 -1
0.5300041437149048 0.4690931737422943 0.879050076007843 -1 -1 -1 -1 -1 -1 -1 -1 -1
0.5308738946914673 0.4720495045185089 0.9046273827552795 -1 -1 -1 -1 -1 -1 -1 -1 -1
0.5314406156539917 0.4710695147514343 0.8303285837173462 -1 -1 -1 -1 -1 -1 -1 -1 -1
0.5298556089401245 0.4741109609603882 0.8738530874252319 -1 -1 -1 -1 -1 -1 -1 -1 -1
0.529914140701294 0.47373008728027344 0.8382502198219299 -1 -1 -1 -1 -1 -1 -1 -1 -1
0.5324451923370361 0.482361376285553 0.9600651860237122 -1 -1 -1 -1 -1 -1 -1 -1 -1
0.5350505113601685 0.478868305683136 0.8265729546546936 -1 -1 -1 -1 -1 -1 -1 -1 -1
0.5348060727119446 0.47459840774536133 0.5932057499885559 -1 -1 -1 -1 -1 -1 -1 -1 -1
0.5364415049552917 0.4671599566936493 0.05346151068806648 -1 -1 -1 -1 -1 -1 -1 -1 -1
0.5345609784126282 0.4472405016422272 0.7310133576393127 -1 -1 -1 -1 -1 -1 -1 -1 -1
0.5341206789016724 0.44460758566856384 0.27304086089134216 -1 -1 -1 -1 -1 -1 -1 -1 -1
0.5329062938690186 0.4426158368587494 0.7641639113426208 -1 -1 -1 -1 -1 -1 -1 -1 -1
0.5334033370018005 0.4383842647075653 0.34341299533843994 -1 -1 -1 -1 -1 -1 -1 -1 -1
0.5338830947875977 0.44028401374816895 0.7757273316383362 -1 -1 -1 -1 -1 -1 -1 -1 -1
0.5318122506141663 0.4380159378051758 0.3511735498905182 -1 -1 -1 -1 -1 -1 -1 -1 -1
0.5343043804168701 0.4424169659614563 0.7195607423782349 -1 -1 -1 -1 -1 -1 -1 -1 -1
0.5315195918083191 0.4401933550834656 0.32898151874542236 -1 -1 -1 -1 -1 -1 -1 -1 -1
0.5425719618797302 0.5199536681175232 0.7225598096847534 -1 -1 -1 -1 -1 -1 -1 -1 -1
0.54544997215271 0.5156415104866028 0.6198723316192627 -1 -1 -1 -1 -1 -1 -1 -1 -1
0.5370289087295532 0.5048162341117859 0.24023696780204773 -1 -1 -1 -1 -1 -1 -1 -1 -1
0.5396288633346558 0.49947381019592285 0.01580672524869442 -1 -1 -1 -1 -1 -1 -1 -1 -1
0.5349755883216858 0.5039534568786621 0.1997845321893692 -1 -1 -1 -1 -1 -1 -1 -1 -1
0.5365521907806396 0.5018126964569092 0.04109932854771614 -1 -1 -1 -1 -1 -1 -1 -1 -1
0.535323441028595 0.5048252940177917 0.216914102435112 -1 -1 -1 -1 -1 -1 -1 -1 -1
0.5368275046348572 0.5034064650535583 0.06352397799491882 -1 -1 -1 -1 -1 -1 -1 -1 -1
0.5323487520217896 0.4984317719936371 0.21830730140209198 -1 -1 -1 -1 -1 -1 -1 -1 -1
0.5325698852539062 0.49858251214027405 0.07911855727434158 -1 -1 -1 -1 -1 -1 -1 -1 -1
1 
33 
-1 -1 -1 -1 -1 -1 -1 -1 -1 -1
0.5324233174324036 0.445701539516449 0.9952952265739441 -1 -1 -1 -1 -1 -1 -1 -1 -1
0.5310757160186768 0.4442698359489441 0.9945663213729858 -1 -1 -1 -1 -1 -1 -1 -1 -1
0.5310839414596558 0.44450438022613525 0.994681179523468 -1 -1 -1 -1 -1 -1 -1 -1 -1
0.5310983061790466 0.44474509358406067 0.9950531125068665 -1 -1 -1 -1 -1 -1 -1 -1 -1
0.5308802723884583 0.44444718956947327 0.9952933192253113 -1 -1 -1 -1 -1 -1 -1 -1 -1
0.5307519435882568 0.4447953701019287 0.9953650236129761 -1 -1 -1 -1 -1 -1 -1 -1 -1
0.5306259393692017 0.44513118267059326 0.9946979284286499 -1 -1 -1 -1 -1 -1 -1 -1 -1
0.5313230156898499 0.4488980174064636 0.9948318004608154 -1 -1 -1 -1 -1 -1 -1 -1 -1
0.5309045314788818 0.44914180040359497 0.9929366707801819 -1 -1 -1 -1 -1 -1 -1 -1 -1
0.5336571931838989 0.4494646191596985 0.9917512536048889 -1 -1 -1 -1 -1 -1 -1 -1 -1
0.5334206819534302 0.44960278272628784 0.9933330416679382 -1 -1 -1 -1 -1 -1 -1 -1 -1
0.5370590686798096 0.4622780978679657 0.9918903112411499 -1 -1 -1 -1 -1 -1 -1 -1 -1
0.5374110341072083 0.4630364179611206 0.9908624887466431 -1 -1 -1 -1 -1 -1 -1 -1 -1
0.5407620072364807 0.45955902338027954 0.4139413833618164 -1 -1 -1 -1 -1 -1 -1 -1 -1
0.5406298041343689 0.45668020844459534 0.520945131778717 -1 -1 -1 -1 -1 -1 -1 -1 -1
0.5296987295150757 0.4522089958190918 0.3440093994140625 -1 -1 -1 -1 -1 -1 -1 -1 -1
0.5327703952789307 0.4500688910484314 0.4951963424682617 -1 -1 -1 -1 -1 -1 -1 -1 -1
0.5265505313873291 0.45066362619400024 0.3738906979560852 -1 -1 -1 -1 -1 -1 -1 -1 -1
0.531538188457489 0.447452187538147 0.503349244594574 -1 -1 -1 -1 -1 -1 -1 -1 -1
0.5261202454566956 0.4492647051811218 0.3661367893218994 -1 -1 -1 -1 -1 -1 -1 -1 -1
0.5294744968414307 0.44965970516204834 0.5071373581886292 -1 -1 -1 -1 -1 -1 -1 -1 -1
0.5272191166877747 0.44970566034317017 0.3357548117637634 -1 -1 -1 -1 -1 -1 -1 -1 -1
0.5297589898109436 0.4511129856109619 0.498137891292572 -1 -1 -1 -1 -1 -1 -1 -1 -1
0.5579490065574646 0.4932662546634674 0.9825282692909241 -1 -1 -1 -1 -1 -1 -1 -1 -1
0.5600476861000061 0.4936445951461792 0.9642446041107178 -1 -1 -1 -1 -1 -1 -1 -1 -1
0.5456839203834534 0.45829784870147705 0.3759494423866272 -1 -1 -1 -1 -1 -1 -1 -1 -1
0.5510755181312561 0.4604034125804901 0.3450568914413452 -1 -1 -1 -1 -1 -1 -1 -1 -1
0.5388648509979248 0.4581456184387207 0.3119032382965088 -1 -1 -1 -1 -1 -1 -1 -1 -1
0.5406433343887329 0.4555965065956116 0.10762301832437515 -1 -1 -1 -1 -1 -1 -1 -1 -1
0.5385679006576538 0.4611222445964813 0.21632157266139984 -1 -1 -1 -1 -1 -1 -1 -1 -1
0.5397664308547974 0.4572781026363373 0.15550006926059723 -1 -1 -1 -1 -1 -1 -1 -1 -1
0.5336125493049622 0.44872573018074036 0.3933488428592682 -1 -1 -1 -1 -1 -1 -1 -1 -1
0.5343529582023621 0.44823551177978516 0.19373559951782227 -1 -1 -1 -1 -1 -1 -1 -1 -1
1 
33 
-1 -1 -1 -1 -1 -1 -1 -1 -1 -1
0.5498395562171936 0.43956252932548523 0.8638509511947632 -1 -1 -1 -1 -1 -1 -1 -1 -1
0.5500006675720215 0.43787479400634766 0.9148514866828918 -1 -1 -1 -1 -1 -1 -1 -1 -1
0.5502318739891052 0.4381713569164276 0.9235685467720032 -1 -1 -1 -1 -1 -1 -1 -1 -1
0.5504594445228577 0.4384866952896118 0.92038893699646 -1 -1 -1 -1 -1 -1 -1 -1 -1
0.5499482154846191 0.436617910861969 0.8220239281654358 -1 -1 -1 -1 -1 -1 -1 -1 -1
0.5501197576522827 0.43614912033081055 0.8462423086166382 -1 -1 -1 -1 -1 -1 -1 -1 -1
0.5503026843070984 0.4356578588485718 0.844870388507843 -1 -1 -1 -1 -1 -1 -1 -1 -1
0.5525848269462585 0.43961194157600403 0.9104741215705872 -1 -1 -1 -1 -1 -1 -1 -1 -1
0.552385151386261 0.4359281659126282 0.6153535842895508 -1 -1 -1 -1 -1 -1 -1 -1 -1
0.5509836077690125 0.44223812222480774 0.7799213528633118 -1 -1 -1 -1 -1 -1 -1 -1 -1
0.5508533120155334 0.4412585198879242 0.7318849563598633 -1 -1 -1 -1 -1 -1 -1 -1 -1
0.5551800727844238 0.4510566294193268 0.9926482439041138 -1 -1 -1 -1 -1 -1 -1 -1 -1
0.557701051235199 0.43793582916259766 0.9876670837402344 -1 -1 -1 -1 -1 -1 -1 -1 -1
0.5451154112815857 0.4559114873409271 0.5417248606681824 -1 -1 -1 -1 -1 -1 -1 -1 -1
0.5515094995498657 0.43174105882644653 0.05633493512868881 -1 -1 -1 -1 -1 -1 -1 -1 -1
0.5413543581962585 0.44466710090637207 0.25953251123428345 -1 -1 -1 -1 -1 -1 -1 -1 -1
0.5472422242164612 0.41442564129829407 0.06471962481737137 -1 -1 -1 -1 -1 -1 -1 -1 -1
0.5405624508857727 0.442393958568573 0.2777610123157501 -1 -1 -1 -1 -1 -1 -1 -1 -1
0.5473989248275757 0.408491313457489 0.09313496202230453 -1 -1 -1 -1 -1 -1 -1 -1 -1
0.5420084595680237 0.43970176577568054 0.2929844558238983 -1 -1 -1 -1 -1 -1 -1 -1 -1
0.5462846755981445 0.4089334011077881 0.09652352333068848 -1 -1 -1 -1 -1 -1 -1 -1 -1
0.5422828197479248 0.4405268430709839 0.2821882665157318 -1 -1 -1 -1 -1 -1 -1 -1 -1
0.5459545254707336 0.4115709960460663 0.0954783707857132 -1 -1 -1 -1 -1 -1 -1 -1 -1
0.5624538660049438 0.4847217798233032 0.9771279096603394 -1 -1 -1 -1 -1 -1 -1 -1 -1
0.5635868310928345 0.47826823592185974 0.9822273850440979 -1 -1 -1 -1 -1 -1 -1 -1 -1
0.5502471327781677 0.44836026430130005 0.31512579321861267 -1 -1 -1 -1 -1 -1 -1 -1 -1
0.5526483058929443 0.44610944390296936 0.04577773064374924 -1 -1 -1 -1 -1 -1 -1 -1 -1
0.5382480025291443 0.4335034489631653 0.2539895474910736 -1 -1 -1 -1 -1 -1 -1 -1 -1
0.5390663743019104 0.43296802043914795 0.10377035290002823 -1 -1 -1 -1 -1 -1 -1 -1 -1
0.5364388823509216 0.4336366653442383 0.39787203073501587 -1 -1 -1 -1 -1 -1 -1 -1 -1
0.5361080169677734 0.43407967686653137 0.17371046543121338 -1 -1 -1 -1 -1 -1 -1 -1 -1
0.5371692180633545 0.41829898953437805 0.3940584063529968 -1 -1 -1 -1 -1 -1 -1 -1 -1
0.537865400314331 0.4185616374015808 0.1853102594614029 -1 -1 -1 -1 -1 -1 -1 -1 -1
1 
33 
-1 -1 -1 -1 -1 -1 -1 -1 -1 -1
0.5337725877761841 0.4110093116760254 0.24820423126220703 -1 -1 -1 -1 -1 -1 -1 -1 -1
0.5343645215034485 0.4085233807563782 0.2522770166397095 -1 -1 -1 -1 -1 -1 -1 -1 -1
0.5347570776939392 0.4083443284034729 0.31776323914527893 -1 -1 -1 -1 -1 -1 -1 -1 -1
0.5351479649543762 0.40817034244537354 0.3313259780406952 -1 -1 -1 -1 -1 -1 -1 -1 -1
0.5336304903030396 0.40893080830574036 0.2287362664937973 -1 -1 -1 -1 -1 -1 -1 -1 -1
0.5334128737449646 0.4090426564216614 0.17173589766025543 -1 -1 -1 -1 -1 -1 -1 -1 -1
0.5331939458847046 0.40916121006011963 0.14506691694259644 -1 -1 -1 -1 -1 -1 -1 -1 -1
0.5352690815925598 0.40903136134147644 0.4477495849132538 -1 -1 -1 -1 -1 -1 -1 -1 -1
0.5333815813064575 0.4096149802207947 0.3613347113132477 -1 -1 -1 -1 -1 -1 -1 -1 -1
0.5348241925239563 0.41282886266708374 0.2693789005279541 -1 -1 -1 -1 -1 -1 -1 -1 -1
0.5337956547737122 0.4133484959602356 0.1809222251176834 -1 -1 -1 -1 -1 -1 -1 -1 -1
0.5404461026191711 0.4171341359615326 0.7603064775466919 -1 -1 -1 -1 -1 -1 -1 -1 -1
0.5333502888679504 0.4185107350349426 0.5513936877250671 -1 -1 -1 -1 -1 -1 -1 -1 -1
0.5412631630897522 0.4238187074661255 0.26019540429115295 -1 -1 -1 -1 -1 -1 -1 -1 -1
0.5332183241844177 0.42276477813720703 0.046106915920972824 -1 -1 -1 -1 -1 -1 -1 -1 -1
0.5427955985069275 0.41837555170059204 0.06621284782886505 -1 -1 -1 -1 -1 -1 -1 -1 -1
0.5358179211616516 0.42062151432037354 0.021430164575576782 -1 -1 -1 -1 -1 -1 -1 -1 -1
0.5438923239707947 0.41681191325187683 0.06275749206542969 -1 -1 -1 -1 -1 -1 -1 -1 -1
0.5366767048835754 0.421261191368103 0.023954425007104874 -1 -1 -1 -1 -1 -1 -1 -1 -1
0.543987512588501 0.416390597820282 0.07105501741170883 -1 -1 -1 -1 -1 -1 -1 -1 -1
0.5368321537971497 0.42013636231422424 0.026302238926291466 -1 -1 -1 -1 -1 -1 -1 -1 -1
0.5431457757949829 0.4169684946537018 0.07453689724206924 -1 -1 -1 -1 -1 -1 -1 -1 -1
0.5363565683364868 0.4199579954147339 0.03041054494678974 -1 -1 -1 -1 -1 -1 -1 -1 -1
0.5415705442428589 0.444853276014328 0.8393691182136536 -1 -1 -1 -1 -1 -1 -1 -1 -1
0.5362263917922974 0.4465440809726715 0.9000868797302246 -1 -1 -1 -1 -1 -1 -1 -1 -1
0.5426676273345947 0.4548315405845642 0.3219837248325348 -1 -1 -1 -1 -1 -1 -1 -1 -1
0.5343111753463745 0.45871615409851074 0.25312384963035583 -1 -1 -1 -1 -1 -1 -1 -1 -1
0.5403875708580017 0.4658406674861908 0.06063744053244591 -1 -1 -1 -1 -1 -1 -1 -1 -1
0.5381319522857666 0.4667472541332245 0.07258353382349014 -1 -1 -1 -1 -1 -1 -1 -1 -1
0.5397962331771851 0.46749788522720337 0.1425638198852539 -1 -1 -1 -1 -1 -1 -1 -1 -1
0.5395424365997314 0.46823206543922424 0.2277417778968811 -1 -1 -1 -1 -1 -1 -1 -1 -1
0.540622889995575 0.47242408990859985 0.06105835363268852 -1 -1 -1 -1 -1 -1 -1 -1 -1
0.535515546798706 0.4720074236392975 0.03342617303133011 -1 -1 -1 -1 -1 -1 -1 -1 -1
1 
33 
-1 -1 -1 -1 -1 -1 -1 -1 -1 -1
0.5455955266952515 0.44871285557746887 0.9977144002914429 -1 -1 -1 -1 -1 -1 -1 -1 -1
0.5472330451011658 0.45022231340408325 0.9967700242996216 -1 -1 -1 -1 -1 -1 -1 -1 -1
0.5473119020462036 0.4514508843421936 0.9949310421943665 -1 -1 -1 -1 -1 -1 -1 -1 -1
0.5473824143409729 0.45267078280448914 0.9966765642166138 -1 -1 -1 -1 -1 -1 -1 -1 -1
0.5470589399337769 0.44683021306991577 0.9970090985298157 -1 -1 -1 -1 -1 -1 -1 -1 -1
0.5470042824745178 0.4456603527069092 0.996024489402771 -1 -1 -1 -1 -1 -1 -1 -1 -1
0.5469483733177185 0.4444969892501831 0.9971674084663391 -1 -1 -1 -1 -1 -1 -1 -1 -1
0.5468472838401794 0.45483502745628357 0.9937483072280884 -1 -1 -1 -1 -1 -1 -1 -1 -1
0.546203076839447 0.4435867965221405 0.9973888993263245 -1 -1 -1 -1 -1 -1 -1 -1 -1
0.5441933274269104 0.45149365067481995 0.9973487854003906 -1 -1 -1 -1 -1 -1 -1 -1 -1
0.5439324378967285 0.4472677409648895 0.9977474808692932 -1 -1 -1 -1 -1 -1 -1 -1 -1
0.5397449731826782 0.4638720750808716 0.9990897178649902 -1 -1 -1 -1 -1 -1 -1 -1 -1
0.5387289524078369 0.4389476776123047 0.9990158081054688 -1 -1 -1 -1 -1 -1 -1 -1 -1
0.5337848663330078 0.4705958366394043 0.5787470936775208 -1 -1 -1 -1 -1 -1 -1 -1 -1
0.5289875268936157 0.438595712184906 0.7915323972702026 -1 -1 -1 -1 -1 -1 -1 -1 -1
0.5349242091178894 0.4666944146156311 0.6794594526290894 -1 -1 -1 -1 -1 -1 -1 -1 -1
0.5252282023429871 0.4450087547302246 0.6813702583312988 -1 -1 -1 -1 -1 -1 -1 -1 -1
0.5344774723052979 0.4665185511112213 0.6565564870834351 -1 -1 -1 -1 -1 -1 -1 -1 -1
0.5231894850730896 0.4456997811794281 0.6335952281951904 -1 -1 -1 -1 -1 -1 -1 -1 -1
0.5352591276168823 0.4649105370044708 0.6546006798744202 -1 -1 -1 -1 -1 -1 -1 -1 -1
0.5240320563316345 0.4469173550605774 0.6383048892021179 -1 -1 -1 -1 -1 -1 -1 -1 -1
0.5353106260299683 0.4644792377948761 0.6315575242042542 -1 -1 -1 -1 -1 -1 -1 -1 -1
0.5246890187263489 0.44714903831481934 0.6172475218772888 -1 -1 -1 -1 -1 -1 -1 -1 -1
0.514864981174469 0.4604535400867462 0.9987927675247192 -1 -1 -1 -1 -1 -1 -1 -1 -1
0.5158524513244629 0.44608816504478455 0.998706579208374 -1 -1 -1 -1 -1 -1 -1 -1 -1
0.49511727690696716 0.458208829164505 0.8397504091262817 -1 -1 -1 -1 -1 -1 -1 -1 -1
0.49702584743499756 0.4446527063846588 0.9065437316894531 -1 -1 -1 -1 -1 -1 -1 -1 -1
0.48066070675849915 0.43837109208106995 0.7862868905067444 -1 -1 -1 -1 -1 -1 -1 -1 -1
0.4814240038394928 0.43106168508529663 0.914858877658844 -1 -1 -1 -1 -1 -1 -1 -1 -1
0.47966018319129944 0.43380236625671387 0.704549252986908 -1 -1 -1 -1 -1 -1 -1 -1 -1
0.4801671504974365 0.4289996027946472 0.7062658071517944 -1 -1 -1 -1 -1 -1 -1 -1 -1
0.47356894612312317 0.4392927587032318 0.7386878132820129 -1 -1 -1 -1 -1 -1 -1 -1 -1
0.47396594285964966 0.4295581877231598 0.8611924648284912 -1 -1 -1 -1 -1 -1 -1 -1 -1
1 
33 
-1 -1 -1 -1 -1 -1 -1 -1 -1 -1
0.5352689027786255 0.4889674186706543 0.9990209341049194 -1 -1 -1 -1 -1 -1 -1 -1 -1
0.5350334644317627 0.4949244260787964 0.9994354844093323 -1 -1 -1 -1 -1 -1 -1 -1 -1
0.5340957641601562 0.49607139825820923 0.9991939663887024 -1 -1 -1 -1 -1 -1 -1 -1 -1
0.5331527590751648 0.49720674753189087 0.9995253086090088 -1 -1 -1 -1 -1 -1 -1 -1 -1
0.538324236869812 0.49197113513946533 0.9993398785591125 -1 -1 -1 -1 -1 -1 -1 -1 -1
0.5396145582199097 0.49115797877311707 0.9988191723823547 -1 -1 -1 -1 -1 -1 -1 -1 -1
0.5408970713615417 0.4903385639190674 0.9991412162780762 -1 -1 -1 -1 -1 -1 -1 -1 -1
0.533507227897644 0.5007874369621277 0.9994118213653564 -1 -1 -1 -1 -1 -1 -1 -1 -1
0.5451334118843079 0.4904848337173462 0.9994742274284363 -1 -1 -1 -1 -1 -1 -1 -1 -1
0.5341166257858276 0.48761361837387085 0.9994155168533325 -1 -1 -1 -1 -1 -1 -1 -1 -1
0.5376399755477905 0.4845927953720093 0.9995571970939636 -1 -1 -1 -1 -1 -1 -1 -1 -1
0.5266638994216919 0.4993860721588135 0.9998449087142944 -1 -1 -1 -1 -1 -1 -1 -1 -1
0.5555523633956909 0.47025996446609497 0.9992021918296814 -1 -1 -1 -1 -1 -1 -1 -1 -1
0.5083438158035278 0.4927416741847992 0.9415013790130615 -1 -1 -1 -1 -1 -1 -1 -1 -1
0.5599531531333923 0.43440109491348267 0.8072616457939148 -1 -1 -1 -1 -1 -1 -1 -1 -1
0.49442315101623535 0.49585258960723877 0.907929539680481 -1 -1 -1 -1 -1 -1 -1 -1 -1
0.5353336334228516 0.43955284357070923 0.6387712359428406 -1 -1 -1 -1 -1 -1 -1 -1 -1
0.4899873733520508 0.5013206005096436 0.8286630511283875 -1 -1 -1 -1 -1 -1 -1 -1 -1
0.5296628475189209 0.4376092851161957 0.49530452489852905 -1 -1 -1 -1 -1 -1 -1 -1 -1
0.4904668927192688 0.4992330074310303 0.852206289768219 -1 -1 -1 -1 -1 -1 -1 -1 -1
0.5269957184791565 0.44569307565689087 0.5078262090682983 -1 -1 -1 -1 -1 -1 -1 -1 -1
0.49262356758117676 0.4947010278701782 0.8217768669128418 -1 -1 -1 -1 -1 -1 -1 -1 -1
0.5287419557571411 0.4458771347999573 0.47567012906074524 -1 -1 -1 -1 -1 -1 -1 -1 -1
0.5177648663520813 0.42391934990882874 0.9999037981033325 -1 -1 -1 -1 -1 -1 -1 -1 -1
0.5340003371238708 0.40976059436798096 0.9998762607574463 -1 -1 -1 -1 -1 -1 -1 -1 -1
0.5207088589668274 0.4109936058521271 0.7456857562065125 -1 -1 -1 -1 -1 -1 -1 -1 -1
0.5424887537956238 0.3895116448402405 0.596988320350647 -1 -1 -1 -1 -1 -1 -1 -1 -1
0.5164579749107361 0.3851821720600128 0.28655216097831726 -1 -1 -1 -1 -1 -1 -1 -1 -1
0.5337085723876953 0.37234511971473694 0.15918004512786865 -1 -1 -1 -1 -1 -1 -1 -1 -1
0.5156063437461853 0.38264524936676025 0.3026324212551117 -1 -1 -1 -1 -1 -1 -1 -1 -1
0.5316969752311707 0.37298208475112915 0.11192043870687485 -1 -1 -1 -1 -1 -1 -1 -1 -1
0.5153364539146423 0.3751557767391205 0.353676974773407 -1 -1 -1 -1 -1 -1 -1 -1 -1
0.5325047373771667 0.35983747243881226 0.2099713236093521 -1 -1 -1 -1 -1 -1 -1 -1 -1
1 
33 
-1 -1 -1 -1 -1 -1 -1 -1 -1 -1
0.5293628573417664 0.3977249264717102 0.9887688159942627 -1 -1 -1 -1 -1 -1 -1 -1 -1
0.5302515625953674 0.3972916901111603 0.9864879250526428 -1 -1 -1 -1 -1 -1 -1 -1 -1
0.5305545926094055 0.39698129892349243 0.9870539307594299 -1 -1 -1 -1 -1 -1 -1 -1 -1
0.5308993458747864 0.39656418561935425 0.9885995388031006 -1 -1 -1 -1 -1 -1 -1 -1 -1
0.5305250287055969 0.3970295786857605 0.9818564057350159 -1 -1 -1 -1 -1 -1 -1 -1 -1
0.5309634804725647 0.3966755270957947 0.9817173480987549 -1 -1 -1 -1 -1 -1 -1 -1 -1
0.5313868522644043 0.3963230848312378 0.9799211621284485 -1 -1 -1 -1 -1 -1 -1 -1 -1
0.5382589101791382 0.38934633135795593 0.9944612979888916 -1 -1 -1 -1 -1 -1 -1 -1 -1
0.5371499061584473 0.3896912932395935 0.985421359539032 -1 -1 -1 -1 -1 -1 -1 -1 -1
0.5326005220413208 0.40382277965545654 0.9968655705451965 -1 -1 -1 -1 -1 -1 -1 -1 -1
0.5321589112281799 0.4030449390411377 0.9930160045623779 -1 -1 -1 -1 -1 -1 -1 -1 -1
0.5489228367805481 0.41835761070251465 0.9998155236244202 -1 -1 -1 -1 -1 -1 -1 -1 -1
0.5433342456817627 0.42033088207244873 0.9986853003501892 -1 -1 -1 -1 -1 -1 -1 -1 -1
0.5388011336326599 0.46230214834213257 0.8824712038040161 -1 -1 -1 -1 -1 -1 -1 -1 -1
0.5298568606376648 0.459600031375885 0.11346416175365448 -1 -1 -1 -1 -1 -1 -1 -1 -1
0.5198279619216919 0.464694082736969 0.9396837949752808 -1 -1 -1 -1 -1 -1 -1 -1 -1
0.5082219839096069 0.46995386481285095 0.2447614073753357 -1 -1 -1 -1 -1 -1 -1 -1 -1
0.516090452671051 0.4662380516529083 0.9212838411331177 -1 -1 -1 -1 -1 -1 -1 -1 -1
0.5035674571990967 0.47205060720443726 0.2781488299369812 -1 -1 -1 -1 -1 -1 -1 -1 -1
0.5149739384651184 0.4599151313304901 0.9200023412704468 -1 -1 -1 -1 -1 -1 -1 -1 -1
0.5014331340789795 0.46899735927581787 0.2869962751865387 -1 -1 -1 -1 -1 -1 -1 -1 -1
0.5162256360054016 0.4592456817626953 0.8911718726158142 -1 -1 -1 -1 -1 -1 -1 -1 -1
0.5030770897865295 0.46840476989746094 0.3011302649974823 -1 -1 -1 -1 -1 -1 -1 -1 -1
0.5593467354774475 0.5012649893760681 0.9992544054985046 -1 -1 -1 -1 -1 -1 -1 -1 -1
0.5554401278495789 0.49910077452659607 0.9983978867530823 -1 -1 -1 -1 -1 -1 -1 -1 -1
0.5163322687149048 0.4847695529460907 0.9706084728240967 -1 -1 -1 -1 -1 -1 -1 -1 -1
0.5171820521354675 0.4841165542602539 0.28718316555023193 -1 -1 -1 -1 -1 -1 -1 -1 -1
0.4890114665031433 0.5223549604415894 0.9784239530563354 -1 -1 -1 -1 -1 -1 -1 -1 -1
0.49959596991539 0.5159825086593628 0.4385817348957062 -1 -1 -1 -1 -1 -1 -1 -1 -1
0.48704829812049866 0.5327763557434082 0.965820848941803 -1 -1 -1 -1 -1 -1 -1 -1 -1
0.49811074137687683 0.5235201120376587 0.42714568972587585 -1 -1 -1 -1 -1 -1 -1 -1 -1
0.4781680405139923 0.5132685303688049 0.9720841646194458 -1 -1 -1 -1 -1 -1 -1 -1 -1
0.49091747403144836 0.5111485123634338 0.5287863612174988 -1 -1 -1 -1 -1 -1 -1 -1 -1
1 
33 
-1 -1 -1 -1 -1 -1 -1 -1 -1 -1
0.5254272222518921 0.5412564873695374 0.9963410496711731 -1 -1 -1 -1 -1 -1 -1 -1 -1
0.5246067643165588 0.5411166548728943 0.9962307810783386 -1 -1 -1 -1 -1 -1 -1 -1 -1
0.5247074961662292 0.540774941444397 0.9959904551506042 -1 -1 -1 -1 -1 -1 -1 -1 -1
0.524806797504425 0.5404179692268372 0.996547520160675 -1 -1 -1 -1 -1 -1 -1 -1 -1
0.524415910243988 0.5415406823158264 0.9971908926963806 -1 -1 -1 -1 -1 -1 -1 -1 -1
0.5244792699813843 0.5414907336235046 0.9971177577972412 -1 -1 -1 -1 -1 -1 -1 -1 -1
0.5245320796966553 0.5414388179779053 0.997934103012085 -1 -1 -1 -1 -1 -1 -1 -1 -1
0.5263601541519165 0.5367312431335449 0.9947509169578552 -1 -1 -1 -1 -1 -1 -1 -1 -1
0.5256109237670898 0.5377256870269775 0.9974315762519836 -1 -1 -1 -1 -1 -1 -1 -1 -1
0.5269532203674316 0.5377624034881592 0.9948593378067017 -1 -1 -1 -1 -1 -1 -1 -1 -1
0.5269010663032532 0.5386099219322205 0.9949029684066772 -1 -1 -1 -1 -1 -1 -1 -1 -1
0.5351108908653259 0.5260225534439087 0.992565393447876 -1 -1 -1 -1 -1 -1 -1 -1 -1
0.5284368991851807 0.5246480703353882 0.997280478477478 -1 -1 -1 -1 -1 -1 -1 -1 -1
0.5426480174064636 0.5183149576187134 0.7181478142738342 -1 -1 -1 -1 -1 -1 -1 -1 -1
0.5287832021713257 0.5138781070709229 0.8338326215744019 -1 -1 -1 -1 -1 -1 -1 -1 -1
0.5524855256080627 0.5317659974098206 0.6139211654663086 -1 -1 -1 -1 -1 -1 -1 -1 -1
0.5268385410308838 0.5249024033546448 0.8269739747047424 -1 -1 -1 -1 -1 -1 -1 -1 -1
0.5555452704429626 0.5330216884613037 0.6140925288200378 -1 -1 -1 -1 -1 -1 -1 -1 -1
0.5249714851379395 0.5237604379653931 0.8136916160583496 -1 -1 -1 -1 -1 -1 -1 -1 -1
0.5543500781059265 0.5351430773735046 0.6275728344917297 -1 -1 -1 -1 -1 -1 -1 -1 -1
0.5266513228416443 0.5276415348052979 0.8129699230194092 -1 -1 -1 -1 -1 -1 -1 -1 -1
0.5527005791664124 0.5349388718605042 0.5696956515312195 -1 -1 -1 -1 -1 -1 -1 -1 -1
0.5277608036994934 0.5281217098236084 0.7555624842643738 -1 -1 -1 -1 -1 -1 -1 -1 -1
0.5314102172851562 0.4722251296043396 0.9993589520454407 -1 -1 -1 -1 -1 -1 -1 -1 -1
0.5306299328804016 0.4738553762435913 0.9997041821479797 -1 -1 -1 -1 -1 -1 -1 -1 -1
0.5437085032463074 0.4512369930744171 0.876258373260498 -1 -1 -1 -1 -1 -1 -1 -1 -1
0.5517978072166443 0.4484178423881531 0.8447793126106262 -1 -1 -1 -1 -1 -1 -1 -1 -1
0.5520192384719849 0.4604082703590393 0.5948653221130371 -1 -1 -1 -1 -1 -1 -1 -1 -1
0.5432956218719482 0.44953233003616333 0.34436607360839844 -1 -1 -1 -1 -1 -1 -1 -1 -1
0.5524237155914307 0.46223053336143494 0.5432696342468262 -1 -1 -1 -1 -1 -1 -1 -1 -1
0.5412588119506836 0.45220592617988586 0.32354697585105896 -1 -1 -1 -1 -1 -1 -1 -1 -1
0.5557674169540405 0.4667900800704956 0.6235126256942749 -1 -1 -1 -1 -1 -1 -1 -1 -1
0.5425636768341064 0.44608625769615173 0.3582318127155304 -1 -1 -1 -1 -1 -1 -1 -1 -1
1 
33 
-1 -1 -1 -1 -1 -1 -1 -1 -1 -1
0.5144156813621521 0.5523355603218079 0.997645914554596 -1 -1 -1 -1 -1 -1 -1 -1 -1
0.5141759514808655 0.5547910332679749 0.9990158081054688 -1 -1 -1 -1 -1 -1 -1 -1 -1
0.5139947533607483 0.5544246435165405 0.9980296492576599 -1 -1 -1 -1 -1 -1 -1 -1 -1
0.5138034820556641 0.5540327429771423 0.9990535378456116 -1 -1 -1 -1 -1 -1 -1 -1 -1
0.5151869654655457 0.556036651134491 0.9991293549537659 -1 -1 -1 -1 -1 -1 -1 -1 -1
0.5157297849655151 0.5565770864486694 0.9981831908226013 -1 -1 -1 -1 -1 -1 -1 -1 -1
0.5162656307220459 0.5571187138557434 0.9990087151527405 -1 -1 -1 -1 -1 -1 -1 -1 -1
0.5154457688331604 0.5530516505241394 0.9988343119621277 -1 -1 -1 -1 -1 -1 -1 -1 -1
0.5190264582633972 0.5571081638336182 0.9991660118103027 -1 -1 -1 -1 -1 -1 -1 -1 -1
0.5153946280479431 0.5484063625335693 0.9996111989021301 -1 -1 -1 -1 -1 -1 -1 -1 -1
0.5165521502494812 0.5499257445335388 0.9995365142822266 -1 -1 -1 -1 -1 -1 -1 -1 -1
0.5194690823554993 0.5271394848823547 0.9991350769996643 -1 -1 -1 -1 -1 -1 -1 -1 -1
0.5299698114395142 0.5458984375 0.9996583461761475 -1 -1 -1 -1 -1 -1 -1 -1 -1
0.532267153263092 0.4988720118999481 0.14221718907356262 -1 -1 -1 -1 -1 -1 -1 -1 -1
0.5484168529510498 0.5391669273376465 0.7924754023551941 -1 -1 -1 -1 -1 -1 -1 -1 -1
0.5446537137031555 0.4980476498603821 0.3042187988758087 -1 -1 -1 -1 -1 -1 -1 -1 -1
0.560131311416626 0.5399432182312012 0.762971818447113 -1 -1 -1 -1 -1 -1 -1 -1 -1
0.5480055809020996 0.49695122241973877 0.31143054366111755 -1 -1 -1 -1 -1 -1 -1 -1 -1
0.5635381937026978 0.5415188670158386 0.7261910438537598 -1 -1 -1 -1 -1 -1 -1 -1 -1
0.5475468635559082 0.5010025501251221 0.31806278228759766 -1 -1 -1 -1 -1 -1 -1 -1 -1
0.5630031824111938 0.541571855545044 0.7242588400840759 -1 -1 -1 -1 -1 -1 -1 -1 -1
0.5466247797012329 0.5020022392272949 0.306142121553421 -1 -1 -1 -1 -1 -1 -1 -1 -1
0.5620445013046265 0.5402806997299194 0.6706376671791077 -1 -1 -1 -1 -1 -1 -1 -1 -1
0.537112295627594 0.4736800789833069 0.9998749494552612 -1 -1 -1 -1 -1 -1 -1 -1 -1
0.5463303327560425 0.48281097412109375 0.9998552799224854 -1 -1 -1 -1 -1 -1 -1 -1 -1
0.5363791584968567 0.44025564193725586 0.5248790979385376 -1 -1 -1 -1 -1 -1 -1 -1 -1
0.557327389717102 0.4469861090183258 0.8615331053733826 -1 -1 -1 -1 -1 -1 -1 -1 -1
0.5524622797966003 0.4495128393173218 0.10107094794511795 -1 -1 -1 -1 -1 -1 -1 -1 -1
0.5647470951080322 0.4504747688770294 0.25124379992485046 -1 -1 -1 -1 -1 -1 -1 -1 -1
0.5541778802871704 0.4540760815143585 0.22792063653469086 -1 -1 -1 -1 -1 -1 -1 -1 -1
0.564521312713623 0.45477354526519775 0.3135751485824585 -1 -1 -1 -1 -1 -1 -1 -1 -1
0.557235062122345 0.4451949894428253 0.2540736794471741 -1 -1 -1 -1 -1 -1 -1 -1 -1
0.5688038468360901 0.44277799129486084 0.40121111273765564 -1 -1 -1 -1 -1 -1 -1 -1 -1
1 
33 
-1 -1 -1 -1 -1 -1 -1 -1 -1 -1
0.5485056638717651 0.5273000597953796 0.9947832226753235 -1 -1 -1 -1 -1 -1 -1 -1 -1
0.5497318506240845 0.5265527367591858 0.9955223798751831 -1 -1 -1 -1 -1 -1 -1 -1 -1
0.5500025153160095 0.5268358588218689 0.9941334128379822 -1 -1 -1 -1 -1 -1 -1 -1 -1
0.5503400564193726 0.5270813703536987 0.9962761402130127 -1 -1 -1 -1 -1 -1 -1 -1 -1
0.5485976934432983 0.5255826115608215 0.9947543144226074 -1 -1 -1 -1 -1 -1 -1 -1 -1
0.5479995608329773 0.5251128673553467 0.9929001331329346 -1 -1 -1 -1 -1 -1 -1 -1 -1
0.5473780035972595 0.5246421694755554 0.9948588609695435 -1 -1 -1 -1 -1 -1 -1 -1 -1
0.5479313731193542 0.5240902900695801 0.9927309155464172 -1 -1 -1 -1 -1 -1 -1 -1 -1
0.5439911484718323 0.5214776396751404 0.9914295077323914 -1 -1 -1 -1 -1 -1 -1 -1 -1
0.5472878217697144 0.5261632204055786 0.9943450689315796 -1 -1 -1 -1 -1 -1 -1 -1 -1
0.54544997215271 0.5241433382034302 0.9940692186355591 -1 -1 -1 -1 -1 -1 -1 -1 -1
0.5460802912712097 0.5193174481391907 0.9971290230751038 -1 -1 -1 -1 -1 -1 -1 -1 -1
0.5322085618972778 0.5155741572380066 0.9986078143119812 -1 -1 -1 -1 -1 -1 -1 -1 -1
0.5595241189002991 0.5652057528495789 0.5278202891349792 -1 -1 -1 -1 -1 -1 -1 -1 -1
0.5477548241615295 0.5646466016769409 0.48836371302604675 -1 -1 -1 -1 -1 -1 -1 -1 -1
0.5645084977149963 0.581006646156311 0.3890487551689148 -1 -1 -1 -1 -1 -1 -1 -1 -1
0.5650808215141296 0.587546706199646 0.4505801796913147 -1 -1 -1 -1 -1 -1 -1 -1 -1
0.5679031610488892 0.582569420337677 0.35139763355255127 -1 -1 -1 -1 -1 -1 -1 -1 -1
0.5700899362564087 0.5910894274711609 0.45141956210136414 -1 -1 -1 -1 -1 -1 -1 -1 -1
0.5675999522209167 0.5775769948959351 0.373313844203949 -1 -1 -1 -1 -1 -1 -1 -1 -1
0.5725495219230652 0.5857665538787842 0.4639825224876404 -1 -1 -1 -1 -1 -1 -1 -1 -1
0.5654710531234741 0.5770490765571594 0.3288405239582062 -1 -1 -1 -1 -1 -1 -1 -1 -1
0.5714234709739685 0.5851860046386719 0.44221675395965576 -1 -1 -1 -1 -1 -1 -1 -1 -1
0.5794395208358765 0.4293937087059021 0.9963729381561279 -1 -1 -1 -1 -1 -1 -1 -1 -1
0.5674036145210266 0.4326627850532532 0.9970250725746155 -1 -1 -1 -1 -1 -1 -1 -1 -1
0.5739141702651978 0.5140069723129272 0.09286240488290787 -1 -1 -1 -1 -1 -1 -1 -1 -1
0.5469430088996887 0.502393364906311 0.07418689876794815 -1 -1 -1 -1 -1 -1 -1 -1 -1
0.576786458492279 0.5265655517578125 0.1600942313671112 -1 -1 -1 -1 -1 -1 -1 -1 -1
0.5772003531455994 0.5253416299819946 0.06888487935066223 -1 -1 -1 -1 -1 -1 -1 -1 -1
0.5787090063095093 0.5216577053070068 0.148162841796875 -1 -1 -1 -1 -1 -1 -1 -1 -1
0.5835787653923035 0.5246225595474243 0.08548194915056229 -1 -1 -1 -1 -1 -1 -1 -1 -1
0.5680456757545471 0.561653196811676 0.26636090874671936 -1 -1 -1 -1 -1 -1 -1 -1 -1
0.5780602693557739 0.5506110787391663 0.14134961366653442 -1 -1 -1 -1 -1 -1 -1 -1 -1
1 
