4
1 
33 
-1 -1 -1 -1 -1 -1 -1 -1 -1 -1
0.5967587232589722 0.40781092643737793 0.9998088479042053 -1 -1 -1 -1 -1 -1 -1 -1 -1
0.597331166267395 0.4058957099914551 0.9998376369476318 -1 -1 -1 -1 -1 -1 -1 -1 -1
0.5974319577217102 0.40611279010772705 0.9996368885040283 -1 -1 -1 -1 -1 -1 -1 -1 -1
0.5975204706192017 0.4062155485153198 0.9996777772903442 -1 -1 -1 -1 -1 -1 -1 -1 -1
0.5949612855911255 0.40235528349876404 0.9998828172683716 -1 -1 -1 -1 -1 -1 -1 -1 -1
0.5928993225097656 0.40121012926101685 0.9998723268508911 -1 -1 -1 -1 -1 -1 -1 -1 -1
0.5929293632507324 0.3984566926956177 0.9999222755432129 -1 -1 -1 -1 -1 -1 -1 -1 -1
0.5949245691299438 0.4082067608833313 0.9994696974754333 -1 -1 -1 -1 -1 -1 -1 -1 -1
0.5882593989372253 0.4000070095062256 0.9999253749847412 -1 -1 -1 -1 -1 -1 -1 -1 -1
0.5959141850471497 0.41602325439453125 0.999723494052887 -1 -1 -1 -1 -1 -1 -1 -1 -1
0.5923755168914795 0.4126698970794678 0.9998695850372314 -1 -1 -1 -1 -1 -1 -1 -1 -1
0.5972458124160767 0.44866088032722473 0.9877733588218689 -1 -1 -1 -1 -1 -1 -1 -1 -1
0.5710429549217224 0.4318876266479492 0.9995792508125305 -1 -1 -1 -1 -1 -1 -1 -1 -1
0.598193883895874 0.47500428557395935 0.15109401941299438 -1 -1 -1 -1 -1 -1 -1 -1 -1
0.5678157210350037 0.4372195303440094 0.9830854535102844 -1 -1 -1 -1 -1 -1 -1 -1 -1
0.5935417413711548 0.468969464302063 0.15176552534103394 -1 -1 -1 -1 -1 -1 -1 -1 -1
0.5802817344665527 0.40565627813339233 0.9775739312171936 -1 -1 -1 -1 -1 -1 -1 -1 -1
0.5931722521781921 0.4709080159664154 0.13454286754131317 -1 -1 -1 -1 -1 -1 -1 -1 -1
0.5825586915016174 0.3980531692504883 0.9390318393707275 -1 -1 -1 -1 -1 -1 -1 -1 -1
0.5924596190452576 0.4678747057914734 0.1322200894355774 -1 -1 -1 -1 -1 -1 -1 -1 -1
0.5827466249465942 0.3985641598701477 0.9252505302429199 -1 -1 -1 -1 -1 -1 -1 -1 -1
0.5920889973640442 0.46730202436447144 0.13503332436084747 -1 -1 -1 -1 -1 -1 -1 -1 -1
0.5824313163757324 0.40224021673202515 0.8997313380241394 -1 -1 -1 -1 -1 -1 -1 -1 -1
0.5932161808013916 0.5380256175994873 0.998643696308136 -1 -1 -1 -1 -1 -1 -1 -1 -1
0.5745291709899902 0.5308301448822021 0.9996391534805298 -1 -1 -1 -1 -1 -1 -1 -1 -1
0.5849801898002625 0.6061788201332092 0.7372279167175293 -1 -1 -1 -1 -1 -1 -1 -1 -1
0.5654651522636414 0.5918146371841431 0.9210679531097412 -1 -1 -1 -1 -1 -1 -1 -1 -1
0.5778380036354065 0.679327666759491 0.7320677638053894 -1 -1 -1 -1 -1 -1 -1 -1 -1
0.5562242865562439 0.6685597896575928 0.9153622984886169 -1 -1 -1 -1 -1 -1 -1 -1 -1
0.573742687702179 0.6839073896408081 0.6217817664146423 -1 -1 -1 -1 -1 -1 -1 -1 -1
0.5535017251968384 0.6779839992523193 0.7203001976013184 -1 -1 -1 -1 -1 -1 -1 -1 -1
0.5883641242980957 0.6862014532089233 0.8251800537109375 -1 -1 -1 -1 -1 -1 -1 -1 -1
0.5581480264663696 0.6809020638465881 0.8891499638557434 -1 -1 -1 -1 -1 -1 -1 -1 -1
1 
33 
-1 -1 -1 -1 -1 -1 -1 -1 -1 -1
0.5983129739761353 0.4073662757873535 0.9988034963607788 -1 -1 -1 -1 -1 -1 -1 -1 -1
0.5997685194015503 0.4050159454345703 0.9984752535820007 -1 -1 -1 -1 -1 -1 -1 -1 -1
0.6000663042068481 0.40582340955734253 0.9976603984832764 -1 -1 -1 -1 -1 -1 -1 -1 -1
0.6002786159515381 0.4064655601978302 0.9982289671897888 -1 -1 -1 -1 -1 -1 -1 -1 -1
0.5981157422065735 0.40239617228507996 0.998660683631897 -1 -1 -1 -1 -1 -1 -1 -1 -1
0.5974120497703552 0.40159380435943604 0.9984046816825867 -1 -1 -1 -1 -1 -1 -1 -1 -1
0.5966188311576843 0.4006838798522949 0.9988441467285156 -1 -1 -1 -1 -1 -1 -1 -1 -1
0.5978397130966187 0.40842533111572266 0.9962234497070312 -1 -1 -1 -1 -1 -1 -1 -1 -1
0.5931625962257385 0.4023454487323761 0.9991088509559631 -1 -1 -1 -1 -1 -1 -1 -1 -1
0.5973345041275024 0.41538721323013306 0.9964459538459778 -1 -1 -1 -1 -1 -1 -1 -1 -1
0.5950133800506592 0.41232144832611084 0.9979457259178162 -1 -1 -1 -1 -1 -1 -1 -1 -1
0.5977193117141724 0.4370638132095337 0.9910468459129333 -1 -1 -1 -1 -1 -1 -1 -1 -1
0.5712918639183044 0.4173562526702881 0.9991395473480225 -1 -1 -1 -1 -1 -1 -1 -1 -1
0.5965126156806946 0.38469183444976807 0.8148021101951599 -1 -1 -1 -1 -1 -1 -1 -1 -1
0.5737161636352539 0.3746148347854614 0.9914303421974182 -1 -1 -1 -1 -1 -1 -1 -1 -1
0.5938873887062073 0.33591723442077637 0.8584802746772766 -1 -1 -1 -1 -1 -1 -1 -1 -1
0.5744194388389587 0.32744264602661133 0.9882658123970032 -1 -1 -1 -1 -1 -1 -1 -1 -1
0.5932831168174744 0.3244985342025757 0.8053699731826782 -1 -1 -1 -1 -1 -1 -1 -1 -1
0.5741604566574097 0.31573158502578735 0.9740979075431824 -1 -1 -1 -1 -1 -1 -1 -1 -1
0.5920047163963318 0.3235858976840973 0.7982349991798401 -1 -1 -1 -1 -1 -1 -1 -1 -1
0.5756112337112427 0.31591689586639404 0.970772385597229 -1 -1 -1 -1 -1 -1 -1 -1 -1
0.5915042161941528 0.3272275924682617 0.7864141464233398 -1 -1 -1 -1 -1 -1 -1 -1 -1
0.5763814449310303 0.3199694752693176 0.961595356464386 -1 -1 -1 -1 -1 -1 -1 -1 -1
0.5925478935241699 0.5314493775367737 0.999087929725647 -1 -1 -1 -1 -1 -1 -1 -1 -1
0.5731675624847412 0.5243175029754639 0.9996055960655212 -1 -1 -1 -1 -1 -1 -1 -1 -1
0.586338996887207 0.6022850871086121 0.8719955086708069 -1 -1 -1 -1 -1 -1 -1 -1 -1
0.5654775500297546 0.5971391797065735 0.9695985317230225 -1 -1 -1 -1 -1 -1 -1 -1 -1
0.5799814462661743 0.6774876713752747 0.8326289057731628 -1 -1 -1 -1 -1 -1 -1 -1 -1
0.5604560375213623 0.6743595600128174 0.9539697766304016 -1 -1 -1 -1 -1 -1 -1 -1 -1
0.575282633304596 0.6843525767326355 0.7402488589286804 -1 -1 -1 -1 -1 -1 -1 -1 -1
0.557041585445404 0.6825158596038818 0.8238887786865234 -1 -1 -1 -1 -1 -1 -1 -1 -1
0.5896705985069275 0.6926716566085815 0.8420114517211914 -1 -1 -1 -1 -1 -1 -1 -1 -1
0.5674488544464111 0.7000614404678345 0.9360336065292358 -1 -1 -1 -1 -1 -1 -1 -1 -1
1 
33 
-1 -1 -1 -1 -1 -1 -1 -1 -1 -1
0.5754727125167847 0.5751590132713318 0.9915306568145752 -1 -1 -1 -1 -1 -1 -1 -1 -1
0.5744909644126892 0.582832396030426 0.988913357257843 -1 -1 -1 -1 -1 -1 -1 -1 -1
0.5734135508537292 0.5832882523536682 0.9888442158699036 -1 -1 -1 -1 -1 -1 -1 -1 -1
0.5723444819450378 0.5836648941040039 0.9872904419898987 -1 -1 -1 -1 -1 -1 -1 -1 -1
0.5780271887779236 0.5822136998176575 0.9870348572731018 -1 -1 -1 -1 -1 -1 -1 -1 -1
0.5794636607170105 0.5821952223777771 0.9881103038787842 -1 -1 -1 -1 -1 -1 -1 -1 -1
0.5808731317520142 0.5821738839149475 0.9869491457939148 -1 -1 -1 -1 -1 -1 -1 -1 -1
0.5725305080413818 0.5831896066665649 0.9838532209396362 -1 -1 -1 -1 -1 -1 -1 -1 -1
0.5846084356307983 0.5807868242263794 0.982144832611084 -1 -1 -1 -1 -1 -1 -1 -1 -1
0.5739861726760864 0.5697305798530579 0.9842386841773987 -1 -1 -1 -1 -1 -1 -1 -1 -1
0.5780944228172302 0.5689977407455444 0.9749794602394104 -1 -1 -1 -1 -1 -1 -1 -1 -1
0.5696130394935608 0.5693873763084412 0.9956470131874084 -1 -1 -1 -1 -1 -1 -1 -1 -1
0.5898299813270569 0.5621431469917297 0.9970257878303528 -1 -1 -1 -1 -1 -1 -1 -1 -1
0.5587009191513062 0.6100832223892212 0.901689350605011 -1 -1 -1 -1 -1 -1 -1 -1 -1
0.5796411633491516 0.6041532754898071 0.9404674768447876 -1 -1 -1 -1 -1 -1 -1 -1 -1
0.5654389262199402 0.6682167649269104 0.8775970339775085 -1 -1 -1 -1 -1 -1 -1 -1 -1
0.5802178382873535 0.6654931306838989 0.9687772989273071 -1 -1 -1 -1 -1 -1 -1 -1 -1
0.5701308250427246 0.678572416305542 0.8217768669128418 -1 -1 -1 -1 -1 -1 -1 -1 -1
0.5823653340339661 0.6786847710609436 0.9485074281692505 -1 -1 -1 -1 -1 -1 -1 -1 -1
0.571908712387085 0.6913893222808838 0.812474250793457 -1 -1 -1 -1 -1 -1 -1 -1 -1
0.5840985774993896 0.6798891425132751 0.9452365636825562 -1 -1 -1 -1 -1 -1 -1 -1 -1
0.5707177519798279 0.6839048862457275 0.7907039523124695 -1 -1 -1 -1 -1 -1 -1 -1 -1
0.5833605527877808 0.6752066016197205 0.9242652058601379 -1 -1 -1 -1 -1 -1 -1 -1 -1
0.5770582556724548 0.44275254011154175 0.9997976422309875 -1 -1 -1 -1 -1 -1 -1 -1 -1
0.5866690874099731 0.44338393211364746 0.9996846914291382 -1 -1 -1 -1 -1 -1 -1 -1 -1
0.5761008858680725 0.38769373297691345 0.9384516477584839 -1 -1 -1 -1 -1 -1 -1 -1 -1
0.5748685002326965 0.3841806948184967 0.909942626953125 -1 -1 -1 -1 -1 -1 -1 -1 -1
0.5843145847320557 0.332613468170166 0.9426739811897278 -1 -1 -1 -1 -1 -1 -1 -1 -1
0.5786057710647583 0.33277687430381775 0.9588285684585571 -1 -1 -1 -1 -1 -1 -1 -1 -1
0.5849798917770386 0.32492369413375854 0.9582792520523071 -1 -1 -1 -1 -1 -1 -1 -1 -1
0.5794413685798645 0.3239132761955261 0.9478759169578552 -1 -1 -1 -1 -1 -1 -1 -1 -1
0.5823145508766174 0.2992599606513977 0.908611536026001 -1 -1 -1 -1 -1 -1 -1 -1 -1
0.5796889066696167 0.3007764220237732 0.9332149028778076 -1 -1 -1 -1 -1 -1 -1 -1 -1
1 
33 
-1 -1 -1 -1 -1 -1 -1 -1 -1 -1
0.5958057641983032 0.3937199115753174 0.9999791383743286 -1 -1 -1 -1 -1 -1 -1 -1 -1
0.5967844128608704 0.39102643728256226 0.9999619722366333 -1 -1 -1 -1 -1 -1 -1 -1 -1
0.598364531993866 0.39276066422462463 0.9999517202377319 -1 -1 -1 -1 -1 -1 -1 -1 -1
0.5985199809074402 0.3931935429573059 0.9999645948410034 -1 -1 -1 -1 -1 -1 -1 -1 -1
0.5955027341842651 0.38992345333099365 0.9999827146530151 -1 -1 -1 -1 -1 -1 -1 -1 -1
0.5942184925079346 0.387929230928421 0.9999868869781494 -1 -1 -1 -1 -1 -1 -1 -1 -1
0.593170166015625 0.3870237469673157 0.9999885559082031 -1 -1 -1 -1 -1 -1 -1 -1 -1
0.5959846377372742 0.3953190743923187 0.9999686479568481 -1 -1 -1 -1 -1 -1 -1 -1 -1
0.5882065892219543 0.3913281559944153 0.999994158744812 -1 -1 -1 -1 -1 -1 -1 -1 -1
0.5974217653274536 0.4025491178035736 0.9999420642852783 -1 -1 -1 -1 -1 -1 -1 -1 -1
0.5939930081367493 0.3998091220855713 0.9999741315841675 -1 -1 -1 -1 -1 -1 -1 -1 -1
0.5999279022216797 0.42305219173431396 0.9981319308280945 -1 -1 -1 -1 -1 -1 -1 -1 -1
0.5746529698371887 0.40293043851852417 0.9997319579124451 -1 -1 -1 -1 -1 -1 -1 -1 -1
0.5996251106262207 0.3967305123806 0.7251427173614502 -1 -1 -1 -1 -1 -1 -1 -1 -1
0.5771754384040833 0.3695359230041504 0.983863115310669 -1 -1 -1 -1 -1 -1 -1 -1 -1
0.593421995639801 0.34154123067855835 0.8760735392570496 -1 -1 -1 -1 -1 -1 -1 -1 -1
0.5822444558143616 0.3298325538635254 0.9949101805686951 -1 -1 -1 -1 -1 -1 -1 -1 -1
0.5959503650665283 0.3458494544029236 0.8226314187049866 -1 -1 -1 -1 -1 -1 -1 -1 -1
0.5826877355575562 0.32393985986709595 0.9864874482154846 -1 -1 -1 -1 -1 -1 -1 -1 -1
0.5945026278495789 0.3427168130874634 0.7595539689064026 -1 -1 -1 -1 -1 -1 -1 -1 -1
0.5841522812843323 0.3219493627548218 0.9799144864082336 -1 -1 -1 -1 -1 -1 -1 -1 -1
0.5948612689971924 0.34467363357543945 0.7254756093025208 -1 -1 -1 -1 -1 -1 -1 -1 -1
0.5847761034965515 0.32478266954421997 0.967695951461792 -1 -1 -1 -1 -1 -1 -1 -1 -1
0.5909398794174194 0.5192607045173645 0.999942421913147 -1 -1 -1 -1 -1 -1 -1 -1 -1
0.5724887847900391 0.5080178380012512 0.9999752044677734 -1 -1 -1 -1 -1 -1 -1 -1 -1
0.589172899723053 0.5790663957595825 0.9954753518104553 -1 -1 -1 -1 -1 -1 -1 -1 -1
0.5636399388313293 0.550851583480835 0.9905664324760437 -1 -1 -1 -1 -1 -1 -1 -1 -1
0.5823907256126404 0.6295127868652344 0.9546101689338684 -1 -1 -1 -1 -1 -1 -1 -1 -1
0.5640060901641846 0.5990740060806274 0.9721031785011292 -1 -1 -1 -1 -1 -1 -1 -1 -1
0.5784754753112793 0.6332947611808777 0.9555388689041138 -1 -1 -1 -1 -1 -1 -1 -1 -1
0.5639652013778687 0.6082520484924316 0.9606518745422363 -1 -1 -1 -1 -1 -1 -1 -1 -1
0.5852352976799011 0.6600710153579712 0.9828972220420837 -1 -1 -1 -1 -1 -1 -1 -1 -1
0.5604628324508667 0.6144469976425171 0.9773954749107361 -1 -1 -1 -1 -1 -1 -1 -1 -1
1 
