26
1 
33 
-1 -1 -1 -1 -1 -1 -1 -1 -1 -1
0.47637271881103516 0.4154704213142395 0.9869198799133301 -1 -1 -1 -1 -1 -1 -1 -1 -1
0.48109856247901917 0.40398669242858887 0.9927800297737122 -1 -1 -1 -1 -1 -1 -1 -1 -1
0.4822100102901459 0.40367037057876587 0.9917007088661194 -1 -1 -1 -1 -1 -1 -1 -1 -1
0.4833475649356842 0.40359723567962646 0.993739128112793 -1 -1 -1 -1 -1 -1 -1 -1 -1
0.4808972179889679 0.40328526496887207 0.9902817010879517 -1 -1 -1 -1 -1 -1 -1 -1 -1
0.48192405700683594 0.4023606777191162 0.985380232334137 -1 -1 -1 -1 -1 -1 -1 -1 -1
0.4829280972480774 0.4016563892364502 0.988484799861908 -1 -1 -1 -1 -1 -1 -1 -1 -1
0.4924011528491974 0.4070466160774231 0.9909095168113708 -1 -1 -1 -1 -1 -1 -1 -1 -1
0.49079465866088867 0.405792772769928 0.980070173740387 -1 -1 -1 -1 -1 -1 -1 -1 -1
0.4801335036754608 0.42134833335876465 0.9707557559013367 -1 -1 -1 -1 -1 -1 -1 -1 -1
0.47971436381340027 0.4212099015712738 0.9650478363037109 -1 -1 -1 -1 -1 -1 -1 -1 -1
0.5009835958480835 0.44180411100387573 0.9948931932449341 -1 -1 -1 -1 -1 -1 -1 -1 -1
0.49968865513801575 0.4431958794593811 0.9693160057067871 -1 -1 -1 -1 -1 -1 -1 -1 -1
0.48987889289855957 0.35714688897132874 0.9880622625350952 -1 -1 -1 -1 -1 -1 -1 -1 -1
0.4903033673763275 0.36946776509284973 0.11049411445856094 -1 -1 -1 -1 -1 -1 -1 -1 -1
0.479623407125473 0.28341224789619446 0.9226369857788086 -1 -1 -1 -1 -1 -1 -1 -1 -1
0.4779776632785797 0.30617469549179077 0.18855896592140198 -1 -1 -1 -1 -1 -1 -1 -1 -1
0.47584110498428345 0.26109832525253296 0.8826838731765747 -1 -1 -1 -1 -1 -1 -1 -1 -1
0.4767380952835083 0.28748148679733276 0.26590296626091003 -1 -1 -1 -1 -1 -1 -1 -1 -1
0.47615474462509155 0.2607625722885132 0.8657658696174622 -1 -1 -1 -1 -1 -1 -1 -1 -1
0.4751144051551819 0.27643540501594543 0.2652258276939392 -1 -1 -1 -1 -1 -1 -1 -1 -1
0.4771346151828766 0.2710637152194977 0.8271859884262085 -1 -1 -1 -1 -1 -1 -1 -1 -1
0.475726842880249 0.28945547342300415 0.2905317544937134 -1 -1 -1 -1 -1 -1 -1 -1 -1
0.5136863589286804 0.6196240186691284 0.9966993927955627 -1 -1 -1 -1 -1 -1 -1 -1 -1
0.5102559924125671 0.6126691699028015 0.9917857050895691 -1 -1 -1 -1 -1 -1 -1 -1 -1
0.486364483833313 0.7309302091598511 0.9455640316009521 -1 -1 -1 -1 -1 -1 -1 -1 -1
0.4895023703575134 0.7184001207351685 0.3459077477455139 -1 -1 -1 -1 -1 -1 -1 -1 -1
0.5148018598556519 0.8486197590827942 0.919465184211731 -1 -1 -1 -1 -1 -1 -1 -1 -1
0.5109460353851318 0.8341035842895508 0.34772422909736633 -1 -1 -1 -1 -1 -1 -1 -1 -1
0.5245217680931091 0.861783504486084 0.9567571878433228 -1 -1 -1 -1 -1 -1 -1 -1 -1
0.5199981331825256 0.8523706197738647 0.5520079135894775 -1 -1 -1 -1 -1 -1 -1 -1 -1
0.4923495054244995 0.8735384345054626 0.9237781763076782 -1 -1 -1 -1 -1 -1 -1 -1 -1
0.49114087224006653 0.8675621747970581 0.450005441904068 -1 -1 -1 -1 -1 -1 -1 -1 -1
1 
33 
-1 -1 -1 -1 -1 -1 -1 -1 -1 -1
0.4727879464626312 0.36886048316955566 0.9971296191215515 -1 -1 -1 -1 -1 -1 -1 -1 -1
0.4743497669696808 0.3565022945404053 0.9985404014587402 -1 -1 -1 -1 -1 -1 -1 -1 -1
0.4753003716468811 0.3561429977416992 0.9984419941902161 -1 -1 -1 -1 -1 -1 -1 -1 -1
0.47626984119415283 0.355784147977829 0.9986318945884705 -1 -1 -1 -1 -1 -1 -1 -1 -1
0.47381770610809326 0.35657066106796265 0.998073935508728 -1 -1 -1 -1 -1 -1 -1 -1 -1
0.4745025932788849 0.35619789361953735 0.9972208738327026 -1 -1 -1 -1 -1 -1 -1 -1 -1
0.4751111567020416 0.3557661473751068 0.9977002739906311 -1 -1 -1 -1 -1 -1 -1 -1 -1
0.48451313376426697 0.35953789949417114 0.9982569813728333 -1 -1 -1 -1 -1 -1 -1 -1 -1
0.4821315407752991 0.3579454720020294 0.9965381622314453 -1 -1 -1 -1 -1 -1 -1 -1 -1
0.47776395082473755 0.3770543932914734 0.9949420094490051 -1 -1 -1 -1 -1 -1 -1 -1 -1
0.47701314091682434 0.37730735540390015 0.9941309094429016 -1 -1 -1 -1 -1 -1 -1 -1 -1
0.4967361092567444 0.39509981870651245 0.9990476965904236 -1 -1 -1 -1 -1 -1 -1 -1 -1
0.4970017969608307 0.3936365246772766 0.9905561804771423 -1 -1 -1 -1 -1 -1 -1 -1 -1
0.4726775586605072 0.32339000701904297 0.9947165846824646 -1 -1 -1 -1 -1 -1 -1 -1 -1
0.4682672917842865 0.32702702283859253 0.1120905801653862 -1 -1 -1 -1 -1 -1 -1 -1 -1
0.44757819175720215 0.26751649379730225 0.9615098237991333 -1 -1 -1 -1 -1 -1 -1 -1 -1
0.4503921866416931 0.27882900834083557 0.2603396773338318 -1 -1 -1 -1 -1 -1 -1 -1 -1
0.4418652355670929 0.2549777328968048 0.9405162334442139 -1 -1 -1 -1 -1 -1 -1 -1 -1
0.4433434009552002 0.26325279474258423 0.36185330152511597 -1 -1 -1 -1 -1 -1 -1 -1 -1
0.44509008526802063 0.25499996542930603 0.9289144277572632 -1 -1 -1 -1 -1 -1 -1 -1 -1
0.44018226861953735 0.2585476040840149 0.3698605000972748 -1 -1 -1 -1 -1 -1 -1 -1 -1
0.4472786784172058 0.2612212300300598 0.8938155174255371 -1 -1 -1 -1 -1 -1 -1 -1 -1
0.4433295726776123 0.26615118980407715 0.40506070852279663 -1 -1 -1 -1 -1 -1 -1 -1 -1
0.5176629424095154 0.5704740881919861 0.9989049434661865 -1 -1 -1 -1 -1 -1 -1 -1 -1
0.5146582722663879 0.5621371269226074 0.9962255954742432 -1 -1 -1 -1 -1 -1 -1 -1 -1
0.5064318776130676 0.7057695388793945 0.963276207447052 -1 -1 -1 -1 -1 -1 -1 -1 -1
0.5080228447914124 0.6969394683837891 0.27890780568122864 -1 -1 -1 -1 -1 -1 -1 -1 -1
0.5239722728729248 0.8344722986221313 0.9547622799873352 -1 -1 -1 -1 -1 -1 -1 -1 -1
0.5234792828559875 0.8279634714126587 0.2957155406475067 -1 -1 -1 -1 -1 -1 -1 -1 -1
0.5318766832351685 0.8481228947639465 0.9629359841346741 -1 -1 -1 -1 -1 -1 -1 -1 -1
0.5310447812080383 0.8440260291099548 0.4372035562992096 -1 -1 -1 -1 -1 -1 -1 -1 -1
0.4989117681980133 0.8744920492172241 0.9436522722244263 -1 -1 -1 -1 -1 -1 -1 -1 -1
0.49991846084594727 0.8676273822784424 0.4222005307674408 -1 -1 -1 -1 -1 -1 -1 -1 -1
1 
33 
-1 -1 -1 -1 -1 -1 -1 -1 -1 -1
0.4688560366630554 0.3276466727256775 0.9975123405456543 -1 -1 -1 -1 -1 -1 -1 -1 -1
0.47039175033569336 0.3187461495399475 0.9986518025398254 -1 -1 -1 -1 -1 -1 -1 -1 -1
0.4707808196544647 0.3175505995750427 0.9981166124343872 -1 -1 -1 -1 -1 -1 -1 -1 -1
0.47123515605926514 0.3163776099681854 0.9990090131759644 -1 -1 -1 -1 -1 -1 -1 -1 -1
0.4703986346721649 0.3210253119468689 0.9987301230430603 -1 -1 -1 -1 -1 -1 -1 -1 -1
0.4708563983440399 0.3212496042251587 0.9980827569961548 -1 -1 -1 -1 -1 -1 -1 -1 -1
0.4713202714920044 0.32143864035606384 0.9991745352745056 -1 -1 -1 -1 -1 -1 -1 -1 -1
0.4717855453491211 0.31552621722221375 0.9992071986198425 -1 -1 -1 -1 -1 -1 -1 -1 -1
0.47518107295036316 0.32148927450180054 0.9991229176521301 -1 -1 -1 -1 -1 -1 -1 -1 -1
0.470576673746109 0.33321088552474976 0.995653510093689 -1 -1 -1 -1 -1 -1 -1 -1 -1
0.4706161320209503 0.3350534737110138 0.995901882648468 -1 -1 -1 -1 -1 -1 -1 -1 -1
0.48333483934402466 0.32469069957733154 0.9999839067459106 -1 -1 -1 -1 -1 -1 -1 -1 -1
0.4817207157611847 0.35652682185173035 0.9995506405830383 -1 -1 -1 -1 -1 -1 -1 -1 -1
0.4527224898338318 0.3008038401603699 0.9159215688705444 -1 -1 -1 -1 -1 -1 -1 -1 -1
0.4712360203266144 0.35909411311149597 0.3613487184047699 -1 -1 -1 -1 -1 -1 -1 -1 -1
0.4512471556663513 0.28120970726013184 0.6025381684303284 -1 -1 -1 -1 -1 -1 -1 -1 -1
0.4546029269695282 0.33852672576904297 0.2056034356355667 -1 -1 -1 -1 -1 -1 -1 -1 -1
0.4491301476955414 0.27484580874443054 0.5568024516105652 -1 -1 -1 -1 -1 -1 -1 -1 -1
0.45134449005126953 0.3323538303375244 0.1528908908367157 -1 -1 -1 -1 -1 -1 -1 -1 -1
0.4496786594390869 0.27969667315483093 0.4977033734321594 -1 -1 -1 -1 -1 -1 -1 -1 -1
0.45120900869369507 0.3322623670101166 0.14791227877140045 -1 -1 -1 -1 -1 -1 -1 -1 -1
0.4505240023136139 0.2834272086620331 0.424014687538147 -1 -1 -1 -1 -1 -1 -1 -1 -1
0.45174509286880493 0.33289462327957153 0.13887806236743927 -1 -1 -1 -1 -1 -1 -1 -1 -1
0.5173319578170776 0.445276141166687 0.9999929666519165 -1 -1 -1 -1 -1 -1 -1 -1 -1
0.517345666885376 0.46665140986442566 0.9999673366546631 -1 -1 -1 -1 -1 -1 -1 -1 -1
0.5145593285560608 0.6042200326919556 0.950352132320404 -1 -1 -1 -1 -1 -1 -1 -1 -1
0.5164255499839783 0.6125012636184692 0.7092347741127014 -1 -1 -1 -1 -1 -1 -1 -1 -1
0.5254013538360596 0.7764896154403687 0.8885416388511658 -1 -1 -1 -1 -1 -1 -1 -1 -1
0.5251216888427734 0.7786685824394226 0.6813344955444336 -1 -1 -1 -1 -1 -1 -1 -1 -1
0.5305166244506836 0.7993363738059998 0.7689815759658813 -1 -1 -1 -1 -1 -1 -1 -1 -1
0.5304005146026611 0.7975544929504395 0.5899844765663147 -1 -1 -1 -1 -1 -1 -1 -1 -1
0.5163615942001343 0.8076926469802856 0.9142301082611084 -1 -1 -1 -1 -1 -1 -1 -1 -1
0.5070346593856812 0.8079392910003662 0.779449462890625 -1 -1 -1 -1 -1 -1 -1 -1 -1
1 
33 
-1 -1 -1 -1 -1 -1 -1 -1 -1 -1
0.4527966380119324 0.3539414405822754 0.9964943528175354 -1 -1 -1 -1 -1 -1 -1 -1 -1
0.45312029123306274 0.3418119549751282 0.998353123664856 -1 -1 -1 -1 -1 -1 -1 -1 -1
0.4537665843963623 0.34080493450164795 0.9980629086494446 -1 -1 -1 -1 -1 -1 -1 -1 -1
0.45435428619384766 0.3398113250732422 0.9986863732337952 -1 -1 -1 -1 -1 -1 -1 -1 -1
0.4533270597457886 0.34150946140289307 0.9975960850715637 -1 -1 -1 -1 -1 -1 -1 -1 -1
0.45409712195396423 0.34053677320480347 0.9961860775947571 -1 -1 -1 -1 -1 -1 -1 -1 -1
0.4548461139202118 0.339539110660553 0.9975526928901672 -1 -1 -1 -1 -1 -1 -1 -1 -1
0.46221470832824707 0.33411523699760437 0.9980295300483704 -1 -1 -1 -1 -1 -1 -1 -1 -1
0.4631574749946594 0.3332909345626831 0.9959279894828796 -1 -1 -1 -1 -1 -1 -1 -1 -1
0.45833268761634827 0.35533422231674194 0.99648118019104 -1 -1 -1 -1 -1 -1 -1 -1 -1
0.4587171673774719 0.35625070333480835 0.9945107698440552 -1 -1 -1 -1 -1 -1 -1 -1 -1
0.4848419427871704 0.36043062806129456 0.9994919300079346 -1 -1 -1 -1 -1 -1 -1 -1 -1
0.49282321333885193 0.36087566614151 0.9943747520446777 -1 -1 -1 -1 -1 -1 -1 -1 -1
0.45113375782966614 0.32347068190574646 0.9839807152748108 -1 -1 -1 -1 -1 -1 -1 -1 -1
0.4526686668395996 0.32987314462661743 0.0360422283411026 -1 -1 -1 -1 -1 -1 -1 -1 -1
0.4209219813346863 0.2992514371871948 0.8913344740867615 -1 -1 -1 -1 -1 -1 -1 -1 -1
0.4262734651565552 0.3163282871246338 0.06499417871236801 -1 -1 -1 -1 -1 -1 -1 -1 -1
0.4139483869075775 0.28964072465896606 0.8597739338874817 -1 -1 -1 -1 -1 -1 -1 -1 -1
0.4223216772079468 0.3044489026069641 0.09802663326263428 -1 -1 -1 -1 -1 -1 -1 -1 -1
0.4150278866291046 0.28739121556282043 0.8425813913345337 -1 -1 -1 -1 -1 -1 -1 -1 -1
0.41981402039527893 0.3062472343444824 0.10494241118431091 -1 -1 -1 -1 -1 -1 -1 -1 -1
0.41859567165374756 0.2946455776691437 0.7592042088508606 -1 -1 -1 -1 -1 -1 -1 -1 -1
0.4205179810523987 0.31075572967529297 0.1233825832605362 -1 -1 -1 -1 -1 -1 -1 -1 -1
0.5327509641647339 0.5132309794425964 0.9996341466903687 -1 -1 -1 -1 -1 -1 -1 -1 -1
0.532464861869812 0.5048319101333618 0.9986526966094971 -1 -1 -1 -1 -1 -1 -1 -1 -1
0.5319226980209351 0.6419591307640076 0.9449957013130188 -1 -1 -1 -1 -1 -1 -1 -1 -1
0.5314769744873047 0.6372832655906677 0.3076947331428528 -1 -1 -1 -1 -1 -1 -1 -1 -1
0.5263147354125977 0.78509521484375 0.9599590301513672 -1 -1 -1 -1 -1 -1 -1 -1 -1
0.5277491807937622 0.7745107412338257 0.4564039707183838 -1 -1 -1 -1 -1 -1 -1 -1 -1
0.5371452569961548 0.8115054368972778 0.9151062369346619 -1 -1 -1 -1 -1 -1 -1 -1 -1
0.5303691029548645 0.7923604249954224 0.5344691872596741 -1 -1 -1 -1 -1 -1 -1 -1 -1
0.5053929686546326 0.8496475219726562 0.9393341541290283 -1 -1 -1 -1 -1 -1 -1 -1 -1
0.508823573589325 0.8173113465309143 0.5855299830436707 -1 -1 -1 -1 -1 -1 -1 -1 -1
1 
33 
-1 -1 -1 -1 -1 -1 -1 -1 -1 -1
0.44658637046813965 0.370593786239624 0.9397159218788147 -1 -1 -1 -1 -1 -1 -1 -1 -1
0.44369179010391235 0.36028698086738586 0.9683597683906555 -1 -1 -1 -1 -1 -1 -1 -1 -1
0.44397974014282227 0.35871773958206177 0.9689428210258484 -1 -1 -1 -1 -1 -1 -1 -1 -1
0.44427719712257385 0.35700249671936035 0.9784677028656006 -1 -1 -1 -1 -1 -1 -1 -1 -1
0.4437869191169739 0.3603596091270447 0.952979326248169 -1 -1 -1 -1 -1 -1 -1 -1 -1
0.44413965940475464 0.3588811755180359 0.9429892301559448 -1 -1 -1 -1 -1 -1 -1 -1 -1
0.4444862902164459 0.35724371671676636 0.9566855430603027 -1 -1 -1 -1 -1 -1 -1 -1 -1
0.4506218135356903 0.34469860792160034 0.9731608033180237 -1 -1 -1 -1 -1 -1 -1 -1 -1
0.4506787061691284 0.34523290395736694 0.9301847815513611 -1 -1 -1 -1 -1 -1 -1 -1 -1
0.45248857140541077 0.36910462379455566 0.9683346748352051 -1 -1 -1 -1 -1 -1 -1 -1 -1
0.4529034197330475 0.3688333034515381 0.9391794204711914 -1 -1 -1 -1 -1 -1 -1 -1 -1
0.4813741445541382 0.3509940505027771 0.9995003938674927 -1 -1 -1 -1 -1 -1 -1 -1 -1
0.4804254174232483 0.3512932360172272 0.984351396560669 -1 -1 -1 -1 -1 -1 -1 -1 -1
0.5125259757041931 0.39027488231658936 0.7919225692749023 -1 -1 -1 -1 -1 -1 -1 -1 -1
0.48392558097839355 0.38707077503204346 0.008846753276884556 -1 -1 -1 -1 -1 -1 -1 -1 -1
0.5302585363388062 0.4230278432369232 0.41004300117492676 -1 -1 -1 -1 -1 -1 -1 -1 -1
0.47682589292526245 0.4025614857673645 0.008943612687289715 -1 -1 -1 -1 -1 -1 -1 -1 -1
0.5375563502311707 0.4262951612472534 0.3973115086555481 -1 -1 -1 -1 -1 -1 -1 -1 -1
0.47619175910949707 0.402316689491272 0.0155513109639287 -1 -1 -1 -1 -1 -1 -1 -1 -1
0.5347577929496765 0.4293786585330963 0.37578681111335754 -1 -1 -1 -1 -1 -1 -1 -1 -1
0.4730900228023529 0.406160444021225 0.016487130895256996 -1 -1 -1 -1 -1 -1 -1 -1 -1
0.5314737558364868 0.4292040765285492 0.25794151425361633 -1 -1 -1 -1 -1 -1 -1 -1 -1
0.4733521044254303 0.4064847230911255 0.0199417807161808 -1 -1 -1 -1 -1 -1 -1 -1 -1
0.5438848733901978 0.4694216251373291 0.9976139068603516 -1 -1 -1 -1 -1 -1 -1 -1 -1
0.5390056371688843 0.46628621220588684 0.9926801919937134 -1 -1 -1 -1 -1 -1 -1 -1 -1
0.5391715168952942 0.5957403779029846 0.8536154627799988 -1 -1 -1 -1 -1 -1 -1 -1 -1
0.5377237796783447 0.5908819437026978 0.20954732596874237 -1 -1 -1 -1 -1 -1 -1 -1 -1
0.5329586863517761 0.723312258720398 0.9239920973777771 -1 -1 -1 -1 -1 -1 -1 -1 -1
0.53385329246521 0.7163722515106201 0.31625524163246155 -1 -1 -1 -1 -1 -1 -1 -1 -1
0.5368008017539978 0.7329180836677551 0.916080117225647 -1 -1 -1 -1 -1 -1 -1 -1 -1
0.5380925536155701 0.7258995771408081 0.4333816468715668 -1 -1 -1 -1 -1 -1 -1 -1 -1
0.5235125422477722 0.779891848564148 0.9004784822463989 -1 -1 -1 -1 -1 -1 -1 -1 -1
0.5236320495605469 0.7713755965232849 0.4135555922985077 -1 -1 -1 -1 -1 -1 -1 -1 -1
1 
33 
-1 -1 -1 -1 -1 -1 -1 -1 -1 -1
0.46068230271339417 0.38618963956832886 0.8127062320709229 -1 -1 -1 -1 -1 -1 -1 -1 -1
0.4559690058231354 0.3779476284980774 0.8360841870307922 -1 -1 -1 -1 -1 -1 -1 -1 -1
0.45612668991088867 0.37596768140792847 0.8233077526092529 -1 -1 -1 -1 -1 -1 -1 -1 -1
0.4562976062297821 0.37404632568359375 0.863139808177948 -1 -1 -1 -1 -1 -1 -1 -1 -1
0.45624062418937683 0.37829312682151794 0.8062626123428345 -1 -1 -1 -1 -1 -1 -1 -1 -1
0.4565454125404358 0.37706458568573 0.7809513211250305 -1 -1 -1 -1 -1 -1 -1 -1 -1
0.45686155557632446 0.3757999539375305 0.8390388488769531 -1 -1 -1 -1 -1 -1 -1 -1 -1
0.459221214056015 0.3602614402770996 0.8243617415428162 -1 -1 -1 -1 -1 -1 -1 -1 -1
0.460095077753067 0.3626323938369751 0.8597683310508728 -1 -1 -1 -1 -1 -1 -1 -1 -1
0.4659698009490967 0.38242003321647644 0.8561118245124817 -1 -1 -1 -1 -1 -1 -1 -1 -1
0.46639567613601685 0.38335973024368286 0.7995984554290771 -1 -1 -1 -1 -1 -1 -1 -1 -1
0.47956007719039917 0.3520013391971588 0.9993361830711365 -1 -1 -1 -1 -1 -1 -1 -1 -1
0.4844038188457489 0.36870071291923523 0.9956603646278381 -1 -1 -1 -1 -1 -1 -1 -1 -1
0.45939064025878906 0.4079256057739258 0.903603732585907 -1 -1 -1 -1 -1 -1 -1 -1 -1
0.47044530510902405 0.4278641641139984 0.08194602280855179 -1 -1 -1 -1 -1 -1 -1 -1 -1
0.4416828155517578 0.4617174565792084 0.7546178698539734 -1 -1 -1 -1 -1 -1 -1 -1 -1
0.45291537046432495 0.4775999188423157 0.11663267016410828 -1 -1 -1 -1 -1 -1 -1 -1 -1
0.4372102618217468 0.47094398736953735 0.7640098929405212 -1 -1 -1 -1 -1 -1 -1 -1 -1
0.44951266050338745 0.4844719171524048 0.12114115059375763 -1 -1 -1 -1 -1 -1 -1 -1 -1
0.43637970089912415 0.4681199789047241 0.7347350120544434 -1 -1 -1 -1 -1 -1 -1 -1 -1
0.4452117383480072 0.4849609434604645 0.12966999411582947 -1 -1 -1 -1 -1 -1 -1 -1 -1
0.43846428394317627 0.46754196286201477 0.640497624874115 -1 -1 -1 -1 -1 -1 -1 -1 -1
0.4464266896247864 0.48481112718582153 0.13459785282611847 -1 -1 -1 -1 -1 -1 -1 -1 -1
0.5507766604423523 0.45100969076156616 0.998649537563324 -1 -1 -1 -1 -1 -1 -1 -1 -1
0.5479468107223511 0.4476200342178345 0.9968591928482056 -1 -1 -1 -1 -1 -1 -1 -1 -1
0.5466170310974121 0.5703166723251343 0.915830671787262 -1 -1 -1 -1 -1 -1 -1 -1 -1
0.5469638705253601 0.5656213164329529 0.2921878397464752 -1 -1 -1 -1 -1 -1 -1 -1 -1
0.5373847484588623 0.685306191444397 0.8751716613769531 -1 -1 -1 -1 -1 -1 -1 -1 -1
0.537392795085907 0.6834855675697327 0.3328339457511902 -1 -1 -1 -1 -1 -1 -1 -1 -1
0.539797842502594 0.6965001225471497 0.8673738837242126 -1 -1 -1 -1 -1 -1 -1 -1 -1
0.5388815402984619 0.6930966973304749 0.37168455123901367 -1 -1 -1 -1 -1 -1 -1 -1 -1
0.527692973613739 0.7327319383621216 0.8670111894607544 -1 -1 -1 -1 -1 -1 -1 -1 -1
0.5275157690048218 0.730920672416687 0.41798135638237 -1 -1 -1 -1 -1 -1 -1 -1 -1
1 
33 
-1 -1 -1 -1 -1 -1 -1 -1 -1 -1
0.44760075211524963 0.4179063141345978 0.978694498538971 -1 -1 -1 -1 -1 -1 -1 -1 -1
0.4417443871498108 0.4114910066127777 0.9844120144844055 -1 -1 -1 -1 -1 -1 -1 -1 -1
0.44178634881973267 0.4099595546722412 0.9853245615959167 -1 -1 -1 -1 -1 -1 -1 -1 -1
0.44177865982055664 0.4083493649959564 0.9892332553863525 -1 -1 -1 -1 -1 -1 -1 -1 -1
0.4413525462150574 0.4107692837715149 0.9834309816360474 -1 -1 -1 -1 -1 -1 -1 -1 -1
0.44118809700012207 0.40874698758125305 0.9837443232536316 -1 -1 -1 -1 -1 -1 -1 -1 -1
0.44097864627838135 0.406792551279068 0.9841272234916687 -1 -1 -1 -1 -1 -1 -1 -1 -1
0.4445968270301819 0.3907289206981659 0.9893619418144226 -1 -1 -1 -1 -1 -1 -1 -1 -1
0.4435272812843323 0.3917151391506195 0.9765936136245728 -1 -1 -1 -1 -1 -1 -1 -1 -1
0.4532746970653534 0.40869656205177307 0.9886884093284607 -1 -1 -1 -1 -1 -1 -1 -1 -1
0.45328599214553833 0.4098236560821533 0.9800248742103577 -1 -1 -1 -1 -1 -1 -1 -1 -1
0.47353240847587585 0.37232673168182373 0.9998538494110107 -1 -1 -1 -1 -1 -1 -1 -1 -1
0.4676377773284912 0.3764173090457916 0.9982213377952576 -1 -1 -1 -1 -1 -1 -1 -1 -1
0.5222629308700562 0.38404008746147156 0.8661689162254333 -1 -1 -1 -1 -1 -1 -1 -1 -1
0.5108591318130493 0.3981599807739258 0.010999498888850212 -1 -1 -1 -1 -1 -1 -1 -1 -1
0.5511558651924133 0.409871906042099 0.6236979961395264 -1 -1 -1 -1 -1 -1 -1 -1 -1
0.5219070911407471 0.42675328254699707 0.014048111625015736 -1 -1 -1 -1 -1 -1 -1 -1 -1
0.5587565302848816 0.42118024826049805 0.5507370233535767 -1 -1 -1 -1 -1 -1 -1 -1 -1
0.5245715975761414 0.43115270137786865 0.023870812729001045 -1 -1 -1 -1 -1 -1 -1 -1 -1
0.5556159019470215 0.427182674407959 0.5386150479316711 -1 -1 -1 -1 -1 -1 -1 -1 -1
0.521270751953125 0.43639928102493286 0.0240474920719862 -1 -1 -1 -1 -1 -1 -1 -1 -1
0.5528150200843811 0.426718145608902 0.4498123526573181 -1 -1 -1 -1 -1 -1 -1 -1 -1
0.5205362439155579 0.4357086718082428 0.024873340502381325 -1 -1 -1 -1 -1 -1 -1 -1 -1
0.5598342418670654 0.4004911184310913 0.9983761310577393 -1 -1 -1 -1 -1 -1 -1 -1 -1
0.552858293056488 0.39689889550209045 0.9970502853393555 -1 -1 -1 -1 -1 -1 -1 -1 -1
0.5490496158599854 0.5362980365753174 0.88157719373703 -1 -1 -1 -1 -1 -1 -1 -1 -1
0.5448187589645386 0.5294849872589111 0.13165879249572754 -1 -1 -1 -1 -1 -1 -1 -1 -1
0.542288064956665 0.6465656757354736 0.9609899520874023 -1 -1 -1 -1 -1 -1 -1 -1 -1
0.5428245067596436 0.6413615942001343 0.2878442108631134 -1 -1 -1 -1 -1 -1 -1 -1 -1
0.5468782782554626 0.6634210348129272 0.9470277428627014 -1 -1 -1 -1 -1 -1 -1 -1 -1
0.555138885974884 0.6648588180541992 0.4138384759426117 -1 -1 -1 -1 -1 -1 -1 -1 -1
0.5324654579162598 0.7077120542526245 0.9494958519935608 -1 -1 -1 -1 -1 -1 -1 -1 -1
0.5317907929420471 0.7034938335418701 0.3981643617153168 -1 -1 -1 -1 -1 -1 -1 -1 -1
1 
33 
-1 -1 -1 -1 -1 -1 -1 -1 -1 -1
0.45763081312179565 0.43691134452819824 0.8906363248825073 -1 -1 -1 -1 -1 -1 -1 -1 -1
0.4513653516769409 0.43490761518478394 0.9129576086997986 -1 -1 -1 -1 -1 -1 -1 -1 -1
0.45090097188949585 0.4328480064868927 0.9173381328582764 -1 -1 -1 -1 -1 -1 -1 -1 -1
0.45041996240615845 0.4309930205345154 0.9332631826400757 -1 -1 -1 -1 -1 -1 -1 -1 -1
0.45115646719932556 0.43430501222610474 0.9124577045440674 -1 -1 -1 -1 -1 -1 -1 -1 -1
0.4505223333835602 0.43179062008857727 0.9193445444107056 -1 -1 -1 -1 -1 -1 -1 -1 -1
0.44981440901756287 0.42957398295402527 0.9199247360229492 -1 -1 -1 -1 -1 -1 -1 -1 -1
0.4492132365703583 0.411897748708725 0.9277915954589844 -1 -1 -1 -1 -1 -1 -1 -1 -1
0.44811755418777466 0.41149795055389404 0.8670594692230225 -1 -1 -1 -1 -1 -1 -1 -1 -1
0.46054068207740784 0.42698007822036743 0.93790602684021 -1 -1 -1 -1 -1 -1 -1 -1 -1
0.4605247974395752 0.42699509859085083 0.8887945413589478 -1 -1 -1 -1 -1 -1 -1 -1 -1
0.47003456950187683 0.3839462697505951 0.9993999004364014 -1 -1 -1 -1 -1 -1 -1 -1 -1
0.46512892842292786 0.38087910413742065 0.9956384301185608 -1 -1 -1 -1 -1 -1 -1 -1 -1
0.5184691548347473 0.36378541588783264 0.6913779973983765 -1 -1 -1 -1 -1 -1 -1 -1 -1
0.5092867612838745 0.3801988959312439 0.007914829067885876 -1 -1 -1 -1 -1 -1 -1 -1 -1
0.5437108874320984 0.3817734718322754 0.44154518842697144 -1 -1 -1 -1 -1 -1 -1 -1 -1
0.5212618112564087 0.40261563658714294 0.009525885805487633 -1 -1 -1 -1 -1 -1 -1 -1 -1
0.5507957339286804 0.3800833523273468 0.41215887665748596 -1 -1 -1 -1 -1 -1 -1 -1 -1
0.5237001180648804 0.4059999883174896 0.01699218899011612 -1 -1 -1 -1 -1 -1 -1 -1 -1
0.5481590032577515 0.38578012585639954 0.4008716940879822 -1 -1 -1 -1 -1 -1 -1 -1 -1
0.5217804312705994 0.4132364094257355 0.017206953838467598 -1 -1 -1 -1 -1 -1 -1 -1 -1
0.5458183884620667 0.3868210017681122 0.3188979923725128 -1 -1 -1 -1 -1 -1 -1 -1 -1
0.5212735533714294 0.4128754734992981 0.01810234785079956 -1 -1 -1 -1 -1 -1 -1 -1 -1
0.5562856793403625 0.37920254468917847 0.9940308928489685 -1 -1 -1 -1 -1 -1 -1 -1 -1
0.5485745072364807 0.37684836983680725 0.9907467365264893 -1 -1 -1 -1 -1 -1 -1 -1 -1
0.5566086173057556 0.5109926462173462 0.8470634818077087 -1 -1 -1 -1 -1 -1 -1 -1 -1
0.5533816814422607 0.504638135433197 0.11887254565954208 -1 -1 -1 -1 -1 -1 -1 -1 -1
0.5514821410179138 0.625069797039032 0.9371950626373291 -1 -1 -1 -1 -1 -1 -1 -1 -1
0.5509623885154724 0.6216670274734497 0.23740717768669128 -1 -1 -1 -1 -1 -1 -1 -1 -1
0.5552046895027161 0.6412142515182495 0.9144882559776306 -1 -1 -1 -1 -1 -1 -1 -1 -1
0.554429829120636 0.6342702507972717 0.3436961770057678 -1 -1 -1 -1 -1 -1 -1 -1 -1
0.5411816239356995 0.681797206401825 0.930387556552887 -1 -1 -1 -1 -1 -1 -1 -1 -1
0.5394801497459412 0.6756045818328857 0.33797574043273926 -1 -1 -1 -1 -1 -1 -1 -1 -1
1 
33 
-1 -1 -1 -1 -1 -1 -1 -1 -1 -1
0.4627506136894226 0.4387281537055969 0.97723388671875 -1 -1 -1 -1 -1 -1 -1 -1 -1
0.45961591601371765 0.4415437579154968 0.9556140899658203 -1 -1 -1 -1 -1 -1 -1 -1 -1
0.4588664770126343 0.44087502360343933 0.9711978435516357 -1 -1 -1 -1 -1 -1 -1 -1 -1
0.45814037322998047 0.44019615650177 0.9711958765983582 -1 -1 -1 -1 -1 -1 -1 -1 -1
0.46087563037872314 0.44133061170578003 0.9467354416847229 -1 -1 -1 -1 -1 -1 -1 -1 -1
0.4610949456691742 0.44103848934173584 0.9573503136634827 -1 -1 -1 -1 -1 -1 -1 -1 -1
0.4613123834133148 0.44065648317337036 0.9464030265808105 -1 -1 -1 -1 -1 -1 -1 -1 -1
0.45515745878219604 0.4324222803115845 0.9740970134735107 -1 -1 -1 -1 -1 -1 -1 -1 -1
0.4594164192676544 0.43365198373794556 0.9417701959609985 -1 -1 -1 -1 -1 -1 -1 -1 -1
0.4637317955493927 0.4270946979522705 0.9544100761413574 -1 -1 -1 -1 -1 -1 -1 -1 -1
0.4652140140533447 0.42853206396102905 0.897680401802063 -1 -1 -1 -1 -1 -1 -1 -1 -1
0.45882606506347656 0.39498692750930786 0.9997624754905701 -1 -1 -1 -1 -1 -1 -1 -1 -1
0.4731445908546448 0.4094826281070709 0.9961689114570618 -1 -1 -1 -1 -1 -1 -1 -1 -1
0.49357718229293823 0.3684363067150116 0.06362499296665192 -1 -1 -1 -1 -1 -1 -1 -1 -1
0.5112890005111694 0.4095993638038635 0.12700515985488892 -1 -1 -1 -1 -1 -1 -1 -1 -1
0.5117291212081909 0.35395702719688416 0.041459228843450546 -1 -1 -1 -1 -1 -1 -1 -1 -1
0.532233476638794 0.40801793336868286 0.10241575539112091 -1 -1 -1 -1 -1 -1 -1 -1 -1
0.5185972452163696 0.34806209802627563 0.057546984404325485 -1 -1 -1 -1 -1 -1 -1 -1 -1
0.5402143597602844 0.4060441255569458 0.08934249728918076 -1 -1 -1 -1 -1 -1 -1 -1 -1
0.5181295275688171 0.35028570890426636 0.05662201717495918 -1 -1 -1 -1 -1 -1 -1 -1 -1
0.5395495891571045 0.40641483664512634 0.0807977095246315 -1 -1 -1 -1 -1 -1 -1 -1 -1
0.5161073207855225 0.35398706793785095 0.06122753396630287 -1 -1 -1 -1 -1 -1 -1 -1 -1
0.536243200302124 0.40671393275260925 0.08333099633455276 -1 -1 -1 -1 -1 -1 -1 -1 -1
0.5331308841705322 0.35549429059028625 0.9976289868354797 -1 -1 -1 -1 -1 -1 -1 -1 -1
0.5350791811943054 0.3588578701019287 0.9910874962806702 -1 -1 -1 -1 -1 -1 -1 -1 -1
0.5446099638938904 0.4852123260498047 0.8506580591201782 -1 -1 -1 -1 -1 -1 -1 -1 -1
0.5517035722732544 0.48151856660842896 0.21226991713047028 -1 -1 -1 -1 -1 -1 -1 -1 -1
0.5521231889724731 0.590875506401062 0.9564085602760315 -1 -1 -1 -1 -1 -1 -1 -1 -1
0.5609949827194214 0.5873502492904663 0.2304094433784485 -1 -1 -1 -1 -1 -1 -1 -1 -1
0.5577204823493958 0.599960207939148 0.9246420860290527 -1 -1 -1 -1 -1 -1 -1 -1 -1
0.5654957294464111 0.5970341563224792 0.33325690031051636 -1 -1 -1 -1 -1 -1 -1 -1 -1
0.5396862626075745 0.6333050727844238 0.9441118240356445 -1 -1 -1 -1 -1 -1 -1 -1 -1
0.5512869954109192 0.625873863697052 0.28739306330680847 -1 -1 -1 -1 -1 -1 -1 -1 -1
1 
33 
-1 -1 -1 -1 -1 -1 -1 -1 -1 -1
0.48418503999710083 0.47939637303352356 0.936750590801239 -1 -1 -1 -1 -1 -1 -1 -1 -1
0.4759727120399475 0.4823201894760132 0.9184239506721497 -1 -1 -1 -1 -1 -1 -1 -1 -1
0.4758452773094177 0.48239338397979736 0.901783287525177 -1 -1 -1 -1 -1 -1 -1 -1 -1
0.47578880190849304 0.4827038049697876 0.9135407209396362 -1 -1 -1 -1 -1 -1 -1 -1 -1
0.4753859043121338 0.48178333044052124 0.9438588619232178 -1 -1 -1 -1 -1 -1 -1 -1 -1
0.4748048186302185 0.4813655614852905 0.950185239315033 -1 -1 -1 -1 -1 -1 -1 -1 -1
0.4743199944496155 0.48132503032684326 0.9567272067070007 -1 -1 -1 -1 -1 -1 -1 -1 -1
0.4720194339752197 0.47591447830200195 0.8904625773429871 -1 -1 -1 -1 -1 -1 -1 -1 -1
0.4713597893714905 0.47441694140434265 0.9417085647583008 -1 -1 -1 -1 -1 -1 -1 -1 -1
0.4749521017074585 0.4648837745189667 0.8892488479614258 -1 -1 -1 -1 -1 -1 -1 -1 -1
0.4740173816680908 0.46400922536849976 0.8856936097145081 -1 -1 -1 -1 -1 -1 -1 -1 -1
0.46795397996902466 0.4284090995788574 0.9987394213676453 -1 -1 -1 -1 -1 -1 -1 -1 -1
0.46516016125679016 0.42675864696502686 0.9962592124938965 -1 -1 -1 -1 -1 -1 -1 -1 -1
0.4786127805709839 0.3673752546310425 0.3409501612186432 -1 -1 -1 -1 -1 -1 -1 -1 -1
0.5039807558059692 0.38045433163642883 0.040556710213422775 -1 -1 -1 -1 -1 -1 -1 -1 -1
0.4799364507198334 0.35468077659606934 0.1493297517299652 -1 -1 -1 -1 -1 -1 -1 -1 -1
0.5283282995223999 0.3850097358226776 0.014274939894676208 -1 -1 -1 -1 -1 -1 -1 -1 -1
0.4776400923728943 0.3517019748687744 0.12742462754249573 -1 -1 -1 -1 -1 -1 -1 -1 -1
0.5341104865074158 0.3827460706233978 0.016467921435832977 -1 -1 -1 -1 -1 -1 -1 -1 -1
0.47584736347198486 0.3504007160663605 0.13357621431350708 -1 -1 -1 -1 -1 -1 -1 -1 -1
0.5339841842651367 0.38949230313301086 0.01563848741352558 -1 -1 -1 -1 -1 -1 -1 -1 -1
0.47695237398147583 0.351462721824646 0.119825579226017 -1 -1 -1 -1 -1 -1 -1 -1 -1
0.5309430956840515 0.3917331099510193 0.01719578169286251 -1 -1 -1 -1 -1 -1 -1 -1 -1
0.5329439043998718 0.3532550632953644 0.9917604923248291 -1 -1 -1 -1 -1 -1 -1 -1 -1
0.5267664790153503 0.3535372316837311 0.9871992468833923 -1 -1 -1 -1 -1 -1 -1 -1 -1
0.558282196521759 0.48127490282058716 0.8547284007072449 -1 -1 -1 -1 -1 -1 -1 -1 -1
0.5452073216438293 0.4698628783226013 0.0815567821264267 -1 -1 -1 -1 -1 -1 -1 -1 -1
0.5734431743621826 0.5902163982391357 0.7908400297164917 -1 -1 -1 -1 -1 -1 -1 -1 -1
0.5640060901641846 0.5877442955970764 0.24357788264751434 -1 -1 -1 -1 -1 -1 -1 -1 -1
0.5745037794113159 0.6035683751106262 0.6777507662773132 -1 -1 -1 -1 -1 -1 -1 -1 -1
0.5722411870956421 0.5993450284004211 0.33291929960250854 -1 -1 -1 -1 -1 -1 -1 -1 -1
0.5687034130096436 0.6359565258026123 0.6835353374481201 -1 -1 -1 -1 -1 -1 -1 -1 -1
0.5649127960205078 0.6298578381538391 0.2780718207359314 -1 -1 -1 -1 -1 -1 -1 -1 -1
1 
33 
-1 -1 -1 -1 -1 -1 -1 -1 -1 -1
0.4990026652812958 0.4973047971725464 0.9260414838790894 -1 -1 -1 -1 -1 -1 -1 -1 -1
0.4968092143535614 0.5061863660812378 0.9359531998634338 -1 -1 -1 -1 -1 -1 -1 -1 -1
0.4962064027786255 0.5059584975242615 0.9466114044189453 -1 -1 -1 -1 -1 -1 -1 -1 -1
0.49565011262893677 0.5057750940322876 0.9426503777503967 -1 -1 -1 -1 -1 -1 -1 -1 -1
0.4965949058532715 0.5063889622688293 0.9111078381538391 -1 -1 -1 -1 -1 -1 -1 -1 -1
0.49579912424087524 0.5062373876571655 0.9314979910850525 -1 -1 -1 -1 -1 -1 -1 -1 -1
0.49501803517341614 0.506142258644104 0.9058653712272644 -1 -1 -1 -1 -1 -1 -1 -1 -1
0.48846739530563354 0.49938270449638367 0.9710492491722107 -1 -1 -1 -1 -1 -1 -1 -1 -1
0.487662136554718 0.5006095170974731 0.8701314926147461 -1 -1 -1 -1 -1 -1 -1 -1 -1
0.49595463275909424 0.4863109290599823 0.9583035707473755 -1 -1 -1 -1 -1 -1 -1 -1 -1
0.4955917298793793 0.48601073026657104 0.9207673072814941 -1 -1 -1 -1 -1 -1 -1 -1 -1
0.4817444384098053 0.4529319405555725 0.9998152852058411 -1 -1 -1 -1 -1 -1 -1 -1 -1
0.47572946548461914 0.4517251253128052 0.9976479411125183 -1 -1 -1 -1 -1 -1 -1 -1 -1
0.49631431698799133 0.3867238759994507 0.720512866973877 -1 -1 -1 -1 -1 -1 -1 -1 -1
0.48851674795150757 0.3856174647808075 0.016946300864219666 -1 -1 -1 -1 -1 -1 -1 -1 -1
0.5120058059692383 0.3574407398700714 0.3821522295475006 -1 -1 -1 -1 -1 -1 -1 -1 -1
0.5078500509262085 0.359815776348114 0.012613530270755291 -1 -1 -1 -1 -1 -1 -1 -1 -1
0.516325831413269 0.3475373387336731 0.32523635029792786 -1 -1 -1 -1 -1 -1 -1 -1 -1
0.5136755108833313 0.3511958420276642 0.012026060372591019 -1 -1 -1 -1 -1 -1 -1 -1 -1
0.517061710357666 0.3506673276424408 0.31403928995132446 -1 -1 -1 -1 -1 -1 -1 -1 -1
0.5168495178222656 0.35461434721946716 0.011152870953083038 -1 -1 -1 -1 -1 -1 -1 -1 -1
0.5153416395187378 0.35519424080848694 0.28961360454559326 -1 -1 -1 -1 -1 -1 -1 -1 -1
0.5138704776763916 0.35863155126571655 0.013848564587533474 -1 -1 -1 -1 -1 -1 -1 -1 -1
0.5205297470092773 0.3401889503002167 0.9991897940635681 -1 -1 -1 -1 -1 -1 -1 -1 -1
0.5124542713165283 0.34895503520965576 0.9968495965003967 -1 -1 -1 -1 -1 -1 -1 -1 -1
0.5552482008934021 0.4467429220676422 0.7938898801803589 -1 -1 -1 -1 -1 -1 -1 -1 -1
0.5408650040626526 0.4487795829772949 0.1604958325624466 -1 -1 -1 -1 -1 -1 -1 -1 -1
0.5829248428344727 0.5509072542190552 0.9172729849815369 -1 -1 -1 -1 -1 -1 -1 -1 -1
0.5777767896652222 0.5548202991485596 0.3489604890346527 -1 -1 -1 -1 -1 -1 -1 -1 -1
0.5895346999168396 0.5583702325820923 0.8533602356910706 -1 -1 -1 -1 -1 -1 -1 -1 -1
0.5863016247749329 0.5606275200843811 0.41090714931488037 -1 -1 -1 -1 -1 -1 -1 -1 -1
0.5884793996810913 0.6061469912528992 0.9187018871307373 -1 -1 -1 -1 -1 -1 -1 -1 -1
0.5860334634780884 0.6081262826919556 0.3707709312438965 -1 -1 -1 -1 -1 -1 -1 -1 -1
1 
33 
-1 -1 -1 -1 -1 -1 -1 -1 -1 -1
0.5132829546928406 0.4923827052116394 0.9994460940361023 -1 -1 -1 -1 -1 -1 -1 -1 -1
0.5114507079124451 0.5038915872573853 0.9997972846031189 -1 -1 -1 -1 -1 -1 -1 -1 -1
0.5104685425758362 0.5047503113746643 0.9997069239616394 -1 -1 -1 -1 -1 -1 -1 -1 -1
0.509402334690094 0.505520761013031 0.9997742772102356 -1 -1 -1 -1 -1 -1 -1 -1 -1
0.5121615529060364 0.5027610659599304 0.9997716546058655 -1 -1 -1 -1 -1 -1 -1 -1 -1
0.5119336843490601 0.5028701424598694 0.9997274279594421 -1 -1 -1 -1 -1 -1 -1 -1 -1
0.5116565823554993 0.5029982924461365 0.999777615070343 -1 -1 -1 -1 -1 -1 -1 -1 -1
0.5006267428398132 0.5065914988517761 0.999862551689148 -1 -1 -1 -1 -1 -1 -1 -1 -1
0.5038245320320129 0.5038861036300659 0.9996260404586792 -1 -1 -1 -1 -1 -1 -1 -1 -1
0.5091065168380737 0.4856218099594116 0.9994038343429565 -1 -1 -1 -1 -1 -1 -1 -1 -1
0.5103856921195984 0.4844110608100891 0.9991703033447266 -1 -1 -1 -1 -1 -1 -1 -1 -1
0.48097944259643555 0.4802737534046173 0.9997712969779968 -1 -1 -1 -1 -1 -1 -1 -1 -1
0.4984491169452667 0.46780335903167725 0.9994893074035645 -1 -1 -1 -1 -1 -1 -1 -1 -1
0.4710163176059723 0.4326815605163574 0.5436816811561584 -1 -1 -1 -1 -1 -1 -1 -1 -1
0.5060937404632568 0.41849902272224426 0.03136509284377098 -1 -1 -1 -1 -1 -1 -1 -1 -1
0.4719657599925995 0.43077611923217773 0.15911079943180084 -1 -1 -1 -1 -1 -1 -1 -1 -1
0.5125502347946167 0.42861300706863403 0.019448012113571167 -1 -1 -1 -1 -1 -1 -1 -1 -1
0.4695047438144684 0.4311806261539459 0.13499583303928375 -1 -1 -1 -1 -1 -1 -1 -1 -1
0.5141744613647461 0.42972517013549805 0.02536114491522312 -1 -1 -1 -1 -1 -1 -1 -1 -1
0.47033828496932983 0.4320361018180847 0.1352456510066986 -1 -1 -1 -1 -1 -1 -1 -1 -1
0.5159204602241516 0.4381052851676941 0.02582794986665249 -1 -1 -1 -1 -1 -1 -1 -1 -1
0.4745641350746155 0.4319547712802887 0.13051970303058624 -1 -1 -1 -1 -1 -1 -1 -1 -1
0.5154603719711304 0.43920212984085083 0.032348524779081345 -1 -1 -1 -1 -1 -1 -1 -1 -1
0.4947340190410614 0.3373919129371643 0.9936349391937256 -1 -1 -1 -1 -1 -1 -1 -1 -1
0.5042886734008789 0.325895220041275 0.9903523325920105 -1 -1 -1 -1 -1 -1 -1 -1 -1
0.5312159657478333 0.4415580630302429 0.8498119711875916 -1 -1 -1 -1 -1 -1 -1 -1 -1
0.5448702573776245 0.43223100900650024 0.14347192645072937 -1 -1 -1 -1 -1 -1 -1 -1 -1
0.5858348608016968 0.5217146873474121 0.7893425226211548 -1 -1 -1 -1 -1 -1 -1 -1 -1
0.5861835479736328 0.5155020356178284 0.1209605485200882 -1 -1 -1 -1 -1 -1 -1 -1 -1
0.5856547951698303 0.5091343522071838 0.7877969145774841 -1 -1 -1 -1 -1 -1 -1 -1 -1
0.5943126678466797 0.5045450329780579 0.17202319204807281 -1 -1 -1 -1 -1 -1 -1 -1 -1
0.5795209407806396 0.5599520206451416 0.810323178768158 -1 -1 -1 -1 -1 -1 -1 -1 -1
0.5858079195022583 0.5560175776481628 0.16916806995868683 -1 -1 -1 -1 -1 -1 -1 -1 -1
1 
33 
-1 -1 -1 -1 -1 -1 -1 -1 -1 -1
0.5223177075386047 0.4922032356262207 0.9993622899055481 -1 -1 -1 -1 -1 -1 -1 -1 -1
0.5219769477844238 0.505170464515686 0.9997132420539856 -1 -1 -1 -1 -1 -1 -1 -1 -1
0.5212650895118713 0.5064915418624878 0.9997159838676453 -1 -1 -1 -1 -1 -1 -1 -1 -1
0.520572304725647 0.5076290369033813 0.9997240900993347 -1 -1 -1 -1 -1 -1 -1 -1 -1
0.5227979421615601 0.5036865472793579 0.9995469450950623 -1 -1 -1 -1 -1 -1 -1 -1 -1
0.5226612091064453 0.5040292739868164 0.9995726943016052 -1 -1 -1 -1 -1 -1 -1 -1 -1
0.5225077867507935 0.5043809413909912 0.9995545744895935 -1 -1 -1 -1 -1 -1 -1 -1 -1
0.5132415890693665 0.5100002884864807 0.9998481273651123 -1 -1 -1 -1 -1 -1 -1 -1 -1
0.5160164833068848 0.5082621574401855 0.9993199110031128 -1 -1 -1 -1 -1 -1 -1 -1 -1
0.5177134275436401 0.48676443099975586 0.9992177486419678 -1 -1 -1 -1 -1 -1 -1 -1 -1
0.5189278721809387 0.4849851727485657 0.9984917640686035 -1 -1 -1 -1 -1 -1 -1 -1 -1
0.4895354211330414 0.4791055917739868 0.9998528957366943 -1 -1 -1 -1 -1 -1 -1 -1 -1
0.5002912878990173 0.4765850901603699 0.9988676309585571 -1 -1 -1 -1 -1 -1 -1 -1 -1
0.47597458958625793 0.43670785427093506 0.7664197683334351 -1 -1 -1 -1 -1 -1 -1 -1 -1
0.4862182140350342 0.4221656322479248 0.07393153756856918 -1 -1 -1 -1 -1 -1 -1 -1 -1
0.4793747365474701 0.4404509663581848 0.3270051181316376 -1 -1 -1 -1 -1 -1 -1 -1 -1
0.478266179561615 0.4289129674434662 0.03392226994037628 -1 -1 -1 -1 -1 -1 -1 -1 -1
0.4790969491004944 0.4426879286766052 0.25784817337989807 -1 -1 -1 -1 -1 -1 -1 -1 -1
0.4747951626777649 0.4288702607154846 0.03728138655424118 -1 -1 -1 -1 -1 -1 -1 -1 -1
0.4797860085964203 0.44682934880256653 0.2588694393634796 -1 -1 -1 -1 -1 -1 -1 -1 -1
0.47639405727386475 0.43565452098846436 0.03659997880458832 -1 -1 -1 -1 -1 -1 -1 -1 -1
0.4805145263671875 0.44637802243232727 0.2430545538663864 -1 -1 -1 -1 -1 -1 -1 -1 -1
0.47770681977272034 0.4381886124610901 0.041389599442481995 -1 -1 -1 -1 -1 -1 -1 -1 -1
0.4786043167114258 0.3492463529109955 0.9960457682609558 -1 -1 -1 -1 -1 -1 -1 -1 -1
0.4850318133831024 0.345790833234787 0.9915748238563538 -1 -1 -1 -1 -1 -1 -1 -1 -1
0.5373441576957703 0.43001502752304077 0.8602713942527771 -1 -1 -1 -1 -1 -1 -1 -1 -1
0.5376933813095093 0.41790205240249634 0.16084182262420654 -1 -1 -1 -1 -1 -1 -1 -1 -1
0.589410126209259 0.4912121891975403 0.8280885219573975 -1 -1 -1 -1 -1 -1 -1 -1 -1
0.5928286910057068 0.49148279428482056 0.25662899017333984 -1 -1 -1 -1 -1 -1 -1 -1 -1
0.5859349370002747 0.4874623715877533 0.8231200575828552 -1 -1 -1 -1 -1 -1 -1 -1 -1
0.5986572504043579 0.4784887135028839 0.3373245298862457 -1 -1 -1 -1 -1 -1 -1 -1 -1
0.5852293968200684 0.5225045084953308 0.8388777375221252 -1 -1 -1 -1 -1 -1 -1 -1 -1
0.6070585250854492 0.5286359190940857 0.36246058344841003 -1 -1 -1 -1 -1 -1 -1 -1 -1
1 
33 
-1 -1 -1 -1 -1 -1 -1 -1 -1 -1
0.5273932814598083 0.49288976192474365 0.9935622215270996 -1 -1 -1 -1 -1 -1 -1 -1 -1
0.5288308262825012 0.5030333399772644 0.9967029690742493 -1 -1 -1 -1 -1 -1 -1 -1 -1
0.5281280279159546 0.5041825771331787 0.9967899918556213 -1 -1 -1 -1 -1 -1 -1 -1 -1
0.5274035930633545 0.5052815675735474 0.9971978664398193 -1 -1 -1 -1 -1 -1 -1 -1 -1
0.5298075675964355 0.5017034411430359 0.9954203963279724 -1 -1 -1 -1 -1 -1 -1 -1 -1
0.5297729969024658 0.5019522309303284 0.9956271648406982 -1 -1 -1 -1 -1 -1 -1 -1 -1
0.5297108888626099 0.502285897731781 0.9961420893669128 -1 -1 -1 -1 -1 -1 -1 -1 -1
0.5213079452514648 0.5086773633956909 0.9974594712257385 -1 -1 -1 -1 -1 -1 -1 -1 -1
0.5234502553939819 0.5061470866203308 0.9924781322479248 -1 -1 -1 -1 -1 -1 -1 -1 -1
0.5210132002830505 0.4895591139793396 0.9905012845993042 -1 -1 -1 -1 -1 -1 -1 -1 -1
0.522579550743103 0.48752889037132263 0.9820252656936646 -1 -1 -1 -1 -1 -1 -1 -1 -1
0.49682876467704773 0.499588280916214 0.9961399435997009 -1 -1 -1 -1 -1 -1 -1 -1 -1
0.506269633769989 0.48434752225875854 0.9925149083137512 -1 -1 -1 -1 -1 -1 -1 -1 -1
0.48289376497268677 0.4628458321094513 0.4421146512031555 -1 -1 -1 -1 -1 -1 -1 -1 -1
0.49918898940086365 0.43971291184425354 0.14964905381202698 -1 -1 -1 -1 -1 -1 -1 -1 -1
0.47825589776039124 0.4668866991996765 0.06591623276472092 -1 -1 -1 -1 -1 -1 -1 -1 -1
0.49924930930137634 0.45605725049972534 0.06059173122048378 -1 -1 -1 -1 -1 -1 -1 -1 -1
0.4756356477737427 0.4717223048210144 0.055947113782167435 -1 -1 -1 -1 -1 -1 -1 -1 -1
0.49793705344200134 0.4598163068294525 0.06430649757385254 -1 -1 -1 -1 -1 -1 -1 -1 -1
0.47568589448928833 0.47241321206092834 0.0570204071700573 -1 -1 -1 -1 -1 -1 -1 -1 -1
0.49965333938598633 0.4636763334274292 0.06407658010721207 -1 -1 -1 -1 -1 -1 -1 -1 -1
0.4773614704608917 0.4701158404350281 0.06542901694774628 -1 -1 -1 -1 -1 -1 -1 -1 -1
0.5003964900970459 0.4644705057144165 0.07244352996349335 -1 -1 -1 -1 -1 -1 -1 -1 -1
0.47419852018356323 0.38288038969039917 0.9619609117507935 -1 -1 -1 -1 -1 -1 -1 -1 -1
0.47592893242836 0.3768201470375061 0.9470803737640381 -1 -1 -1 -1 -1 -1 -1 -1 -1
0.5431363582611084 0.4454876184463501 0.6442751884460449 -1 -1 -1 -1 -1 -1 -1 -1 -1
0.5406441688537598 0.42442622780799866 0.1502475142478943 -1 -1 -1 -1 -1 -1 -1 -1 -1
0.5993247628211975 0.47665008902549744 0.7184644341468811 -1 -1 -1 -1 -1 -1 -1 -1 -1
0.5978757739067078 0.47630825638771057 0.24222208559513092 -1 -1 -1 -1 -1 -1 -1 -1 -1
0.6074413657188416 0.46498391032218933 0.7155301570892334 -1 -1 -1 -1 -1 -1 -1 -1 -1
0.603277325630188 0.4595961570739746 0.3102489411830902 -1 -1 -1 -1 -1 -1 -1 -1 -1
0.6181572079658508 0.5061365962028503 0.7179546356201172 -1 -1 -1 -1 -1 -1 -1 -1 -1
0.6104947328567505 0.5037662982940674 0.3645993769168854 -1 -1 -1 -1 -1 -1 -1 -1 -1
1 
33 
-1 -1 -1 -1 -1 -1 -1 -1 -1 -1
0.5300335884094238 0.4891957938671112 0.9983715415000916 -1 -1 -1 -1 -1 -1 -1 -1 -1
0.5330678224563599 0.4985431730747223 0.9989959597587585 -1 -1 -1 -1 -1 -1 -1 -1 -1
0.5325192809104919 0.4999868869781494 0.9990377426147461 -1 -1 -1 -1 -1 -1 -1 -1 -1
0.53200763463974 0.5012681484222412 0.9990172386169434 -1 -1 -1 -1 -1 -1 -1 -1 -1
0.5336050391197205 0.49691450595855713 0.9987945556640625 -1 -1 -1 -1 -1 -1 -1 -1 -1
0.5332314968109131 0.49749520421028137 0.9988504648208618 -1 -1 -1 -1 -1 -1 -1 -1 -1
0.5329939126968384 0.49788224697113037 0.998711109161377 -1 -1 -1 -1 -1 -1 -1 -1 -1
0.5268031358718872 0.5086792707443237 0.9991864562034607 -1 -1 -1 -1 -1 -1 -1 -1 -1
0.5277689695358276 0.5060045719146729 0.9980279803276062 -1 -1 -1 -1 -1 -1 -1 -1 -1
0.5226024985313416 0.48964187502861023 0.9972802400588989 -1 -1 -1 -1 -1 -1 -1 -1 -1
0.5235788822174072 0.48751771450042725 0.9946438074111938 -1 -1 -1 -1 -1 -1 -1 -1 -1
0.506097674369812 0.5114107131958008 0.9995949864387512 -1 -1 -1 -1 -1 -1 -1 -1 -1
0.5079541802406311 0.49622368812561035 0.9982300400733948 -1 -1 -1 -1 -1 -1 -1 -1 -1
0.475731760263443 0.48560601472854614 0.47747644782066345 -1 -1 -1 -1 -1 -1 -1 -1 -1
0.4828229248523712 0.4677999019622803 0.07426998019218445 -1 -1 -1 -1 -1 -1 -1 -1 -1
0.4584357738494873 0.48321494460105896 0.1874675303697586 -1 -1 -1 -1 -1 -1 -1 -1 -1
0.47283756732940674 0.4730989336967468 0.036188576370477676 -1 -1 -1 -1 -1 -1 -1 -1 -1
0.45296069979667664 0.48664796352386475 0.16922801733016968 -1 -1 -1 -1 -1 -1 -1 -1 -1
0.46843063831329346 0.47420045733451843 0.044042956084012985 -1 -1 -1 -1 -1 -1 -1 -1 -1
0.45297181606292725 0.48559635877609253 0.17545032501220703 -1 -1 -1 -1 -1 -1 -1 -1 -1
0.46977952122688293 0.4762415587902069 0.04166687652468681 -1 -1 -1 -1 -1 -1 -1 -1 -1
0.45544925332069397 0.4833816885948181 0.18844592571258545 -1 -1 -1 -1 -1 -1 -1 -1 -1
0.47201836109161377 0.47753602266311646 0.04678008705377579 -1 -1 -1 -1 -1 -1 -1 -1 -1
0.46138450503349304 0.41131916642189026 0.9907084703445435 -1 -1 -1 -1 -1 -1 -1 -1 -1
0.46193766593933105 0.3956366777420044 0.9821962118148804 -1 -1 -1 -1 -1 -1 -1 -1 -1
0.5352405905723572 0.43272772431373596 0.801504909992218 -1 -1 -1 -1 -1 -1 -1 -1 -1
0.5233656764030457 0.4197767376899719 0.0754174292087555 -1 -1 -1 -1 -1 -1 -1 -1 -1
0.5943008065223694 0.44380664825439453 0.8553993701934814 -1 -1 -1 -1 -1 -1 -1 -1 -1
0.5840110182762146 0.4355522692203522 0.1878766417503357 -1 -1 -1 -1 -1 -1 -1 -1 -1
0.6018319725990295 0.420642226934433 0.8426333665847778 -1 -1 -1 -1 -1 -1 -1 -1 -1
0.5868670344352722 0.4179815649986267 0.25083786249160767 -1 -1 -1 -1 -1 -1 -1 -1 -1
0.6165244579315186 0.4661674499511719 0.8160877227783203 -1 -1 -1 -1 -1 -1 -1 -1 -1
0.5977606177330017 0.4546683430671692 0.26735690236091614 -1 -1 -1 -1 -1 -1 -1 -1 -1
1 
33 
-1 -1 -1 -1 -1 -1 -1 -1 -1 -1
0.5318238735198975 0.4802819788455963 0.9765549302101135 -1 -1 -1 -1 -1 -1 -1 -1 -1
0.5357345938682556 0.4870912432670593 0.9888371229171753 -1 -1 -1 -1 -1 -1 -1 -1 -1
0.535321056842804 0.488446444272995 0.988749623298645 -1 -1 -1 -1 -1 -1 -1 -1 -1
0.5349602699279785 0.4893910586833954 0.9903145432472229 -1 -1 -1 -1 -1 -1 -1 -1 -1
0.5361625552177429 0.48586052656173706 0.9721595048904419 -1 -1 -1 -1 -1 -1 -1 -1 -1
0.5359693169593811 0.48691150546073914 0.9713934659957886 -1 -1 -1 -1 -1 -1 -1 -1 -1
0.5358834266662598 0.48752301931381226 0.976998507976532 -1 -1 -1 -1 -1 -1 -1 -1 -1
0.5295979380607605 0.5004431009292603 0.9907913208007812 -1 -1 -1 -1 -1 -1 -1 -1 -1
0.5316225290298462 0.49934086203575134 0.9305649995803833 -1 -1 -1 -1 -1 -1 -1 -1 -1
0.5245715975761414 0.4861750304698944 0.9740545153617859 -1 -1 -1 -1 -1 -1 -1 -1 -1
0.5255011320114136 0.48401913046836853 0.9536513090133667 -1 -1 -1 -1 -1 -1 -1 -1 -1
0.504446268081665 0.5030015110969543 0.992210865020752 -1 -1 -1 -1 -1 -1 -1 -1 -1
0.5182799696922302 0.5074641108512878 0.9919610619544983 -1 -1 -1 -1 -1 -1 -1 -1 -1
0.5045613050460815 0.46987882256507874 0.5667687058448792 -1 -1 -1 -1 -1 -1 -1 -1 -1
0.5366483926773071 0.45952239632606506 0.1207749992609024 -1 -1 -1 -1 -1 -1 -1 -1 -1
0.520489513874054 0.4741128087043762 0.21895748376846313 -1 -1 -1 -1 -1 -1 -1 -1 -1
0.5749964714050293 0.4388585686683655 0.23298712074756622 -1 -1 -1 -1 -1 -1 -1 -1 -1
0.5235430598258972 0.47737860679626465 0.17441459000110626 -1 -1 -1 -1 -1 -1 -1 -1 -1
0.5849264860153198 0.43778908252716064 0.22162258625030518 -1 -1 -1 -1 -1 -1 -1 -1 -1
0.5239034295082092 0.48192644119262695 0.1761878877878189 -1 -1 -1 -1 -1 -1 -1 -1 -1
0.5874307155609131 0.43407177925109863 0.23540684580802917 -1 -1 -1 -1 -1 -1 -1 -1 -1
0.5236281156539917 0.4797222912311554 0.188741534948349 -1 -1 -1 -1 -1 -1 -1 -1 -1
0.5834807753562927 0.4334340989589691 0.25285840034484863 -1 -1 -1 -1 -1 -1 -1 -1 -1
0.44302505254745483 0.4399280548095703 0.987991988658905 -1 -1 -1 -1 -1 -1 -1 -1 -1
0.4511010944843292 0.4443659484386444 0.9886019825935364 -1 -1 -1 -1 -1 -1 -1 -1 -1
0.5188510417938232 0.4186026453971863 0.6407583355903625 -1 -1 -1 -1 -1 -1 -1 -1 -1
0.5215801000595093 0.4297567903995514 0.20296728610992432 -1 -1 -1 -1 -1 -1 -1 -1 -1
0.5886687636375427 0.4184853434562683 0.8077385425567627 -1 -1 -1 -1 -1 -1 -1 -1 -1
0.5886608362197876 0.4201872646808624 0.36316969990730286 -1 -1 -1 -1 -1 -1 -1 -1 -1
0.5918719172477722 0.3956963121891022 0.7663819789886475 -1 -1 -1 -1 -1 -1 -1 -1 -1
0.5892279148101807 0.4004821479320526 0.42514848709106445 -1 -1 -1 -1 -1 -1 -1 -1 -1
0.6098976731300354 0.4293469786643982 0.8330026268959045 -1 -1 -1 -1 -1 -1 -1 -1 -1
0.6119265556335449 0.4299093782901764 0.4457286596298218 -1 -1 -1 -1 -1 -1 -1 -1 -1
1 
33 
-1 -1 -1 -1 -1 -1 -1 -1 -1 -1
0.5252095460891724 0.4757023751735687 0.9996689558029175 -1 -1 -1 -1 -1 -1 -1 -1 -1
0.5307077765464783 0.4785214960575104 0.9995738863945007 -1 -1 -1 -1 -1 -1 -1 -1 -1
0.5310630798339844 0.4795541763305664 0.9996210336685181 -1 -1 -1 -1 -1 -1 -1 -1 -1
0.5314001441001892 0.4806632101535797 0.9995100498199463 -1 -1 -1 -1 -1 -1 -1 -1 -1
0.5303695201873779 0.47848162055015564 0.9996248483657837 -1 -1 -1 -1 -1 -1 -1 -1 -1
0.5304886698722839 0.4794609248638153 0.9996877908706665 -1 -1 -1 -1 -1 -1 -1 -1 -1
0.5306752920150757 0.480511873960495 0.9995817542076111 -1 -1 -1 -1 -1 -1 -1 -1 -1
0.5307808518409729 0.4939922094345093 0.9996694326400757 -1 -1 -1 -1 -1 -1 -1 -1 -1
0.5308366417884827 0.49415624141693115 0.9995734095573425 -1 -1 -1 -1 -1 -1 -1 -1 -1
0.5209565162658691 0.4815858006477356 0.9993919134140015 -1 -1 -1 -1 -1 -1 -1 -1 -1
0.5202835202217102 0.481690376996994 0.9994865655899048 -1 -1 -1 -1 -1 -1 -1 -1 -1
0.5160056352615356 0.511304497718811 0.9999951124191284 -1 -1 -1 -1 -1 -1 -1 -1 -1
0.5120030045509338 0.5051372051239014 0.9999589920043945 -1 -1 -1 -1 -1 -1 -1 -1 -1
0.48227831721305847 0.519821286201477 0.6105725765228271 -1 -1 -1 -1 -1 -1 -1 -1 -1
0.4804191589355469 0.5172367095947266 0.09842173755168915 -1 -1 -1 -1 -1 -1 -1 -1 -1
0.4572097659111023 0.5281240344047546 0.5097078084945679 -1 -1 -1 -1 -1 -1 -1 -1 -1
0.4513097107410431 0.5405170917510986 0.12145143747329712 -1 -1 -1 -1 -1 -1 -1 -1 -1
0.45031100511550903 0.5348742604255676 0.46844109892845154 -1 -1 -1 -1 -1 -1 -1 -1 -1
0.4434582591056824 0.5452738404273987 0.09151115268468857 -1 -1 -1 -1 -1 -1 -1 -1 -1
0.4484310746192932 0.5304703712463379 0.4249391555786133 -1 -1 -1 -1 -1 -1 -1 -1 -1
0.4429180324077606 0.545537531375885 0.08151747286319733 -1 -1 -1 -1 -1 -1 -1 -1 -1
0.45084187388420105 0.5272206664085388 0.3808131217956543 -1 -1 -1 -1 -1 -1 -1 -1 -1
0.44632041454315186 0.5446182489395142 0.10467977076768875 -1 -1 -1 -1 -1 -1 -1 -1 -1
0.4512104392051697 0.4871371388435364 0.9998514652252197 -1 -1 -1 -1 -1 -1 -1 -1 -1
0.4498288631439209 0.48581206798553467 0.99967360496521 -1 -1 -1 -1 -1 -1 -1 -1 -1
0.5049426555633545 0.44601917266845703 0.9367090463638306 -1 -1 -1 -1 -1 -1 -1 -1 -1
0.5056965351104736 0.4325331747531891 0.10777851939201355 -1 -1 -1 -1 -1 -1 -1 -1 -1
0.5511953234672546 0.3946419954299927 0.9471755027770996 -1 -1 -1 -1 -1 -1 -1 -1 -1
0.5474743247032166 0.39305686950683594 0.21445734798908234 -1 -1 -1 -1 -1 -1 -1 -1 -1
0.5549594163894653 0.37917637825012207 0.9299243688583374 -1 -1 -1 -1 -1 -1 -1 -1 -1
0.5500437617301941 0.37953776121139526 0.21859528124332428 -1 -1 -1 -1 -1 -1 -1 -1 -1
0.5712577104568481 0.407139390707016 0.9512585401535034 -1 -1 -1 -1 -1 -1 -1 -1 -1
0.5686834454536438 0.3970138430595398 0.30010998249053955 -1 -1 -1 -1 -1 -1 -1 -1 -1
1 
33 
-1 -1 -1 -1 -1 -1 -1 -1 -1 -1
0.515600323677063 0.4738338887691498 0.9992995262145996 -1 -1 -1 -1 -1 -1 -1 -1 -1
0.5224850177764893 0.472476989030838 0.9996997117996216 -1 -1 -1 -1 -1 -1 -1 -1 -1
0.5231329202651978 0.4734559655189514 0.9996299743652344 -1 -1 -1 -1 -1 -1 -1 -1 -1
0.5237787365913391 0.4745102822780609 0.999647855758667 -1 -1 -1 -1 -1 -1 -1 -1 -1
0.5223396420478821 0.4718317985534668 0.9996167421340942 -1 -1 -1 -1 -1 -1 -1 -1 -1
0.5228738784790039 0.47233524918556213 0.9996076226234436 -1 -1 -1 -1 -1 -1 -1 -1 -1
0.5234509706497192 0.47292211651802063 0.9996324777603149 -1 -1 -1 -1 -1 -1 -1 -1 -1
0.526324987411499 0.4860759973526001 0.9998013377189636 -1 -1 -1 -1 -1 -1 -1 -1 -1
0.5260452032089233 0.4848286807537079 0.999285876750946 -1 -1 -1 -1 -1 -1 -1 -1 -1
0.5127066373825073 0.48296433687210083 0.9993903636932373 -1 -1 -1 -1 -1 -1 -1 -1 -1
0.5122424960136414 0.4820006489753723 0.999198853969574 -1 -1 -1 -1 -1 -1 -1 -1 -1
0.5054513812065125 0.5199860334396362 0.9997393488883972 -1 -1 -1 -1 -1 -1 -1 -1 -1
0.5070673823356628 0.520089864730835 0.9996011853218079 -1 -1 -1 -1 -1 -1 -1 -1 -1
0.4746224880218506 0.5177485346794128 0.759780764579773 -1 -1 -1 -1 -1 -1 -1 -1 -1
0.48722708225250244 0.5175343751907349 0.053342752158641815 -1 -1 -1 -1 -1 -1 -1 -1 -1
0.46247175335884094 0.5167142748832703 0.33920517563819885 -1 -1 -1 -1 -1 -1 -1 -1 -1
0.48627978563308716 0.4903489351272583 0.03137199580669403 -1 -1 -1 -1 -1 -1 -1 -1 -1
0.46100640296936035 0.5220551490783691 0.2642148733139038 -1 -1 -1 -1 -1 -1 -1 -1 -1
0.48781925439834595 0.4852454960346222 0.03863904997706413 -1 -1 -1 -1 -1 -1 -1 -1 -1
0.4630681276321411 0.5220316648483276 0.2588253617286682 -1 -1 -1 -1 -1 -1 -1 -1 -1
0.4903087019920349 0.4801648259162903 0.03931799903512001 -1 -1 -1 -1 -1 -1 -1 -1 -1
0.4646255671977997 0.5187307596206665 0.23387250304222107 -1 -1 -1 -1 -1 -1 -1 -1 -1
0.49043193459510803 0.480795681476593 0.04900939017534256 -1 -1 -1 -1 -1 -1 -1 -1 -1
0.4317761957645416 0.5366941690444946 0.9942909479141235 -1 -1 -1 -1 -1 -1 -1 -1 -1
0.43554484844207764 0.5418293476104736 0.9926756024360657 -1 -1 -1 -1 -1 -1 -1 -1 -1
0.4921893775463104 0.4483858346939087 0.769220769405365 -1 -1 -1 -1 -1 -1 -1 -1 -1
0.4945394992828369 0.4724012613296509 0.11100293695926666 -1 -1 -1 -1 -1 -1 -1 -1 -1
0.5444869995117188 0.3638557493686676 0.7643186450004578 -1 -1 -1 -1 -1 -1 -1 -1 -1
0.5460350513458252 0.39527246356010437 0.24069418013095856 -1 -1 -1 -1 -1 -1 -1 -1 -1
0.5461788177490234 0.3469681143760681 0.7861323356628418 -1 -1 -1 -1 -1 -1 -1 -1 -1
0.549255907535553 0.3749445378780365 0.3400794565677643 -1 -1 -1 -1 -1 -1 -1 -1 -1
0.5778242349624634 0.3531101942062378 0.8208681344985962 -1 -1 -1 -1 -1 -1 -1 -1 -1
0.5784013271331787 0.4039687514305115 0.32968971133232117 -1 -1 -1 -1 -1 -1 -1 -1 -1
1 
33 
-1 -1 -1 -1 -1 -1 -1 -1 -1 -1
0.5088750123977661 0.46080243587493896 0.9991638660430908 -1 -1 -1 -1 -1 -1 -1 -1 -1
0.5145782828330994 0.45612677931785583 0.9996906518936157 -1 -1 -1 -1 -1 -1 -1 -1 -1
0.5153891444206238 0.45650261640548706 0.9995824694633484 -1 -1 -1 -1 -1 -1 -1 -1 -1
0.5162282586097717 0.4569202661514282 0.9997506737709045 -1 -1 -1 -1 -1 -1 -1 -1 -1
0.5141369104385376 0.4556443691253662 0.9994389414787292 -1 -1 -1 -1 -1 -1 -1 -1 -1
0.5146275758743286 0.45576000213623047 0.9991382360458374 -1 -1 -1 -1 -1 -1 -1 -1 -1
0.5151864886283875 0.45593833923339844 0.9993545413017273 -1 -1 -1 -1 -1 -1 -1 -1 -1
0.5210657119750977 0.4638804793357849 0.9997380375862122 -1 -1 -1 -1 -1 -1 -1 -1 -1
0.5200355052947998 0.46323758363723755 0.9983428716659546 -1 -1 -1 -1 -1 -1 -1 -1 -1
0.5081280469894409 0.46890488266944885 0.9992504715919495 -1 -1 -1 -1 -1 -1 -1 -1 -1
0.5074083209037781 0.46796953678131104 0.9984703660011292 -1 -1 -1 -1 -1 -1 -1 -1 -1
0.509643018245697 0.5042194128036499 0.9997054934501648 -1 -1 -1 -1 -1 -1 -1 -1 -1
0.5043011903762817 0.46669265627861023 0.9990990161895752 -1 -1 -1 -1 -1 -1 -1 -1 -1
0.49087148904800415 0.5344926118850708 0.3344181180000305 -1 -1 -1 -1 -1 -1 -1 -1 -1
0.49839311838150024 0.42956578731536865 0.18799558281898499 -1 -1 -1 -1 -1 -1 -1 -1 -1
0.47332119941711426 0.5460185408592224 0.08330991119146347 -1 -1 -1 -1 -1 -1 -1 -1 -1
0.5149437785148621 0.359504759311676 0.12025347352027893 -1 -1 -1 -1 -1 -1 -1 -1 -1
0.4695936143398285 0.5527632236480713 0.07557972520589828 -1 -1 -1 -1 -1 -1 -1 -1 -1
0.5213231444358826 0.35398441553115845 0.0931355431675911 -1 -1 -1 -1 -1 -1 -1 -1 -1
0.4692980945110321 0.5501579642295837 0.07486792653799057 -1 -1 -1 -1 -1 -1 -1 -1 -1
0.519697368144989 0.3484165072441101 0.0931682288646698 -1 -1 -1 -1 -1 -1 -1 -1 -1
0.47015583515167236 0.5444766283035278 0.06970373541116714 -1 -1 -1 -1 -1 -1 -1 -1 -1
0.5177682042121887 0.35371503233909607 0.12436431646347046 -1 -1 -1 -1 -1 -1 -1 -1 -1
0.4496475160121918 0.5553375482559204 0.9980347752571106 -1 -1 -1 -1 -1 -1 -1 -1 -1
0.444399356842041 0.5408973693847656 0.9971453547477722 -1 -1 -1 -1 -1 -1 -1 -1 -1
0.4849202334880829 0.4676874876022339 0.7302742004394531 -1 -1 -1 -1 -1 -1 -1 -1 -1
0.4840678870677948 0.4532638192176819 0.29324257373809814 -1 -1 -1 -1 -1 -1 -1 -1 -1
0.5167018175125122 0.38007012009620667 0.786636471748352 -1 -1 -1 -1 -1 -1 -1 -1 -1
0.5158067345619202 0.36549702286720276 0.17502960562705994 -1 -1 -1 -1 -1 -1 -1 -1 -1
0.5153465270996094 0.3679800033569336 0.7886521816253662 -1 -1 -1 -1 -1 -1 -1 -1 -1
0.5147370100021362 0.35429680347442627 0.20487616956233978 -1 -1 -1 -1 -1 -1 -1 -1 -1
0.5401232838630676 0.3547125458717346 0.8229668140411377 -1 -1 -1 -1 -1 -1 -1 -1 -1
0.5389771461486816 0.32383760809898376 0.31970658898353577 -1 -1 -1 -1 -1 -1 -1 -1 -1
1 
33 
-1 -1 -1 -1 -1 -1 -1 -1 -1 -1
0.5006253123283386 0.4490872621536255 0.9969558715820312 -1 -1 -1 -1 -1 -1 -1 -1 -1
0.5047397613525391 0.44327571988105774 0.9971150159835815 -1 -1 -1 -1 -1 -1 -1 -1 -1
0.5056113004684448 0.44360342621803284 0.997589111328125 -1 -1 -1 -1 -1 -1 -1 -1 -1
0.5065677762031555 0.4439246356487274 0.9970735311508179 -1 -1 -1 -1 -1 -1 -1 -1 -1
0.5044280886650085 0.44300392270088196 0.9950732588768005 -1 -1 -1 -1 -1 -1 -1 -1 -1
0.5050655603408813 0.4431321620941162 0.9957975149154663 -1 -1 -1 -1 -1 -1 -1 -1 -1
0.5058130025863647 0.44326767325401306 0.9937194585800171 -1 -1 -1 -1 -1 -1 -1 -1 -1
0.5135371088981628 0.45040321350097656 0.998375415802002 -1 -1 -1 -1 -1 -1 -1 -1 -1
0.513063371181488 0.4504939019680023 0.9931079149246216 -1 -1 -1 -1 -1 -1 -1 -1 -1
0.5013283491134644 0.4593794047832489 0.9971672892570496 -1 -1 -1 -1 -1 -1 -1 -1 -1
0.5007157921791077 0.45956724882125854 0.9950124621391296 -1 -1 -1 -1 -1 -1 -1 -1 -1
0.5113694667816162 0.49088531732559204 0.9999864101409912 -1 -1 -1 -1 -1 -1 -1 -1 -1
0.510841429233551 0.49176138639450073 0.9996316432952881 -1 -1 -1 -1 -1 -1 -1 -1 -1
0.49134355783462524 0.5381728410720825 0.8528177738189697 -1 -1 -1 -1 -1 -1 -1 -1 -1
0.4910898804664612 0.546229898929596 0.07292792946100235 -1 -1 -1 -1 -1 -1 -1 -1 -1
0.47087541222572327 0.5813702940940857 0.7482022047042847 -1 -1 -1 -1 -1 -1 -1 -1 -1
0.47088977694511414 0.5803490281105042 0.12273969501256943 -1 -1 -1 -1 -1 -1 -1 -1 -1
0.46820977330207825 0.5924245119094849 0.6748653650283813 -1 -1 -1 -1 -1 -1 -1 -1 -1
0.46983394026756287 0.5977230668067932 0.09124109148979187 -1 -1 -1 -1 -1 -1 -1 -1 -1
0.4672255218029022 0.5898798704147339 0.6551051139831543 -1 -1 -1 -1 -1 -1 -1 -1 -1
0.46678411960601807 0.5962366461753845 0.08320605009794235 -1 -1 -1 -1 -1 -1 -1 -1 -1
0.46792319416999817 0.5865468978881836 0.6062876582145691 -1 -1 -1 -1 -1 -1 -1 -1 -1
0.4677833914756775 0.5846385955810547 0.10365765541791916 -1 -1 -1 -1 -1 -1 -1 -1 -1
0.45571017265319824 0.5526553988456726 0.9995726943016052 -1 -1 -1 -1 -1 -1 -1 -1 -1
0.45519307255744934 0.5484555959701538 0.9979357719421387 -1 -1 -1 -1 -1 -1 -1 -1 -1
0.4705420136451721 0.44273659586906433 0.9345252513885498 -1 -1 -1 -1 -1 -1 -1 -1 -1
0.47029057145118713 0.4445633888244629 0.2697434425354004 -1 -1 -1 -1 -1 -1 -1 -1 -1
0.49132639169692993 0.343593031167984 0.935625433921814 -1 -1 -1 -1 -1 -1 -1 -1 -1
0.491586834192276 0.35091015696525574 0.4437164068222046 -1 -1 -1 -1 -1 -1 -1 -1 -1
0.48583242297172546 0.3206923007965088 0.9018685817718506 -1 -1 -1 -1 -1 -1 -1 -1 -1
0.48887017369270325 0.33388322591781616 0.4461013376712799 -1 -1 -1 -1 -1 -1 -1 -1 -1
0.5077400803565979 0.32268279790878296 0.9331398606300354 -1 -1 -1 -1 -1 -1 -1 -1 -1
0.513786792755127 0.33251070976257324 0.4568493664264679 -1 -1 -1 -1 -1 -1 -1 -1 -1
1 
33 
-1 -1 -1 -1 -1 -1 -1 -1 -1 -1
0.4910365045070648 0.4433606266975403 0.9912813305854797 -1 -1 -1 -1 -1 -1 -1 -1 -1
0.49374839663505554 0.43411242961883545 0.9913361072540283 -1 -1 -1 -1 -1 -1 -1 -1 -1
0.49450433254241943 0.4339894652366638 0.9908011555671692 -1 -1 -1 -1 -1 -1 -1 -1 -1
0.4953249990940094 0.4338516592979431 0.9903616905212402 -1 -1 -1 -1 -1 -1 -1 -1 -1
0.49349677562713623 0.4343283176422119 0.9896503686904907 -1 -1 -1 -1 -1 -1 -1 -1 -1
0.4940509796142578 0.4343169033527374 0.9908924102783203 -1 -1 -1 -1 -1 -1 -1 -1 -1
0.49471622705459595 0.4343155026435852 0.9894234538078308 -1 -1 -1 -1 -1 -1 -1 -1 -1
0.5031601190567017 0.4373723864555359 0.9906302094459534 -1 -1 -1 -1 -1 -1 -1 -1 -1
0.5030645132064819 0.43874871730804443 0.9807430505752563 -1 -1 -1 -1 -1 -1 -1 -1 -1
0.4931645691394806 0.45285147428512573 0.9895794987678528 -1 -1 -1 -1 -1 -1 -1 -1 -1
0.49265703558921814 0.45270663499832153 0.9850986003875732 -1 -1 -1 -1 -1 -1 -1 -1 -1
0.5082864165306091 0.4760251045227051 0.9998708963394165 -1 -1 -1 -1 -1 -1 -1 -1 -1
0.5072569847106934 0.47957661747932434 0.9995436072349548 -1 -1 -1 -1 -1 -1 -1 -1 -1
0.4959826171398163 0.5264235734939575 0.5215547680854797 -1 -1 -1 -1 -1 -1 -1 -1 -1
0.4898664653301239 0.5277902483940125 0.07805810868740082 -1 -1 -1 -1 -1 -1 -1 -1 -1
0.4791645109653473 0.5722006559371948 0.3192638158798218 -1 -1 -1 -1 -1 -1 -1 -1 -1
0.4712928533554077 0.5552305579185486 0.06692087650299072 -1 -1 -1 -1 -1 -1 -1 -1 -1
0.47540780901908875 0.5850995182991028 0.2721693813800812 -1 -1 -1 -1 -1 -1 -1 -1 -1
0.46640726923942566 0.5615856647491455 0.055859293788671494 -1 -1 -1 -1 -1 -1 -1 -1 -1
0.47393813729286194 0.5825330018997192 0.2660253345966339 -1 -1 -1 -1 -1 -1 -1 -1 -1
0.46456918120384216 0.56083744764328 0.052202511578798294 -1 -1 -1 -1 -1 -1 -1 -1 -1
0.4752219319343567 0.578762412071228 0.25537410378456116 -1 -1 -1 -1 -1 -1 -1 -1 -1
0.466842919588089 0.5572136640548706 0.06432618200778961 -1 -1 -1 -1 -1 -1 -1 -1 -1
0.46465831995010376 0.5643662810325623 0.9983199238777161 -1 -1 -1 -1 -1 -1 -1 -1 -1
0.4661213159561157 0.5719489455223083 0.9963867664337158 -1 -1 -1 -1 -1 -1 -1 -1 -1
0.4632028639316559 0.4345725178718567 0.781915009021759 -1 -1 -1 -1 -1 -1 -1 -1 -1
0.465705931186676 0.45212322473526 0.1278916299343109 -1 -1 -1 -1 -1 -1 -1 -1 -1
0.46845871210098267 0.32907480001449585 0.8097308278083801 -1 -1 -1 -1 -1 -1 -1 -1 -1
0.47428423166275024 0.34058624505996704 0.2774120271205902 -1 -1 -1 -1 -1 -1 -1 -1 -1
0.46561112999916077 0.3169746994972229 0.721582293510437 -1 -1 -1 -1 -1 -1 -1 -1 -1
0.4694843888282776 0.3251359462738037 0.3008776903152466 -1 -1 -1 -1 -1 -1 -1 -1 -1
0.4762248992919922 0.28256189823150635 0.7847235202789307 -1 -1 -1 -1 -1 -1 -1 -1 -1
0.4916307330131531 0.30865350365638733 0.278287798166275 -1 -1 -1 -1 -1 -1 -1 -1 -1
1 
33 
-1 -1 -1 -1 -1 -1 -1 -1 -1 -1
0.5022803544998169 0.4430927634239197 0.9861250519752502 -1 -1 -1 -1 -1 -1 -1 -1 -1
0.5039345026016235 0.4393186569213867 0.9916236996650696 -1 -1 -1 -1 -1 -1 -1 -1 -1
0.5046724081039429 0.4394538402557373 0.99220871925354 -1 -1 -1 -1 -1 -1 -1 -1 -1
0.505405604839325 0.43960005044937134 0.9943541288375854 -1 -1 -1 -1 -1 -1 -1 -1 -1
0.5027512311935425 0.4384220540523529 0.9783617854118347 -1 -1 -1 -1 -1 -1 -1 -1 -1
0.5025999546051025 0.4379277229309082 0.9738154411315918 -1 -1 -1 -1 -1 -1 -1 -1 -1
0.5024447441101074 0.437422513961792 0.9737287759780884 -1 -1 -1 -1 -1 -1 -1 -1 -1
0.50905442237854 0.4393457770347595 0.9962601661682129 -1 -1 -1 -1 -1 -1 -1 -1 -1
0.5047752261161804 0.4359574019908905 0.9719877243041992 -1 -1 -1 -1 -1 -1 -1 -1 -1
0.5042619705200195 0.4465397596359253 0.9888660311698914 -1 -1 -1 -1 -1 -1 -1 -1 -1
0.5028253793716431 0.44562047719955444 0.9804721474647522 -1 -1 -1 -1 -1 -1 -1 -1 -1
0.5153124928474426 0.46262335777282715 0.9999793767929077 -1 -1 -1 -1 -1 -1 -1 -1 -1
0.5039849877357483 0.4488675594329834 0.9980612397193909 -1 -1 -1 -1 -1 -1 -1 -1 -1
0.5106910467147827 0.5029900074005127 0.9524527788162231 -1 -1 -1 -1 -1 -1 -1 -1 -1
0.49710261821746826 0.48399949073791504 0.043150894343853 -1 -1 -1 -1 -1 -1 -1 -1 -1
0.5018249154090881 0.5260049104690552 0.8272619843482971 -1 -1 -1 -1 -1 -1 -1 -1 -1
0.49736863374710083 0.5159049034118652 0.058561429381370544 -1 -1 -1 -1 -1 -1 -1 -1 -1
0.5007133483886719 0.5316095948219299 0.7347623109817505 -1 -1 -1 -1 -1 -1 -1 -1 -1
0.4975956082344055 0.5235540866851807 0.05835120752453804 -1 -1 -1 -1 -1 -1 -1 -1 -1
0.4996548295021057 0.5288684964179993 0.7543261647224426 -1 -1 -1 -1 -1 -1 -1 -1 -1
0.49784353375434875 0.521242082118988 0.06293799728155136 -1 -1 -1 -1 -1 -1 -1 -1 -1
0.5000177025794983 0.5262851715087891 0.6824190020561218 -1 -1 -1 -1 -1 -1 -1 -1 -1
0.4981245696544647 0.5183866024017334 0.06843681633472443 -1 -1 -1 -1 -1 -1 -1 -1 -1
0.49541711807250977 0.5090252161026001 0.9999808073043823 -1 -1 -1 -1 -1 -1 -1 -1 -1
0.4914187788963318 0.502432107925415 0.9998947381973267 -1 -1 -1 -1 -1 -1 -1 -1 -1
0.4927826523780823 0.5453463792800903 0.6644384264945984 -1 -1 -1 -1 -1 -1 -1 -1 -1
0.4911960959434509 0.5369841456413269 0.08336842805147171 -1 -1 -1 -1 -1 -1 -1 -1 -1
0.4893253445625305 0.5814037322998047 0.8005292415618896 -1 -1 -1 -1 -1 -1 -1 -1 -1
0.49051690101623535 0.5677548050880432 0.20682421326637268 -1 -1 -1 -1 -1 -1 -1 -1 -1
0.49068737030029297 0.5864229202270508 0.8418042659759521 -1 -1 -1 -1 -1 -1 -1 -1 -1
0.4921507239341736 0.573215663433075 0.2552570700645447 -1 -1 -1 -1 -1 -1 -1 -1 -1
0.483385294675827 0.5948278903961182 0.8315832018852234 -1 -1 -1 -1 -1 -1 -1 -1 -1
0.48183050751686096 0.575079619884491 0.43795645236968994 -1 -1 -1 -1 -1 -1 -1 -1 -1
1 
33 
-1 -1 -1 -1 -1 -1 -1 -1 -1 -1
0.5051190257072449 0.5675780177116394 0.9769929647445679 -1 -1 -1 -1 -1 -1 -1 -1 -1
0.5036332011222839 0.5756748914718628 0.9737132787704468 -1 -1 -1 -1 -1 -1 -1 -1 -1
0.5021942257881165 0.5784507989883423 0.9628466367721558 -1 -1 -1 -1 -1 -1 -1 -1 -1
0.5019333958625793 0.5785480737686157 0.9743144512176514 -1 -1 -1 -1 -1 -1 -1 -1 -1
0.504144549369812 0.5752371549606323 0.9688331484794617 -1 -1 -1 -1 -1 -1 -1 -1 -1
0.5041139125823975 0.5751117467880249 0.9569842219352722 -1 -1 -1 -1 -1 -1 -1 -1 -1
0.5041897892951965 0.5749511122703552 0.9700424671173096 -1 -1 -1 -1 -1 -1 -1 -1 -1
0.4988403916358948 0.577400803565979 0.9770217537879944 -1 -1 -1 -1 -1 -1 -1 -1 -1
0.501875102519989 0.5759866833686829 0.9649024605751038 -1 -1 -1 -1 -1 -1 -1 -1 -1
0.5014214515686035 0.5651916265487671 0.9878732562065125 -1 -1 -1 -1 -1 -1 -1 -1 -1
0.5031867623329163 0.5641023516654968 0.9843974709510803 -1 -1 -1 -1 -1 -1 -1 -1 -1
0.48386523127555847 0.5659171342849731 0.9995055198669434 -1 -1 -1 -1 -1 -1 -1 -1 -1
0.5005413293838501 0.557673454284668 0.9992237091064453 -1 -1 -1 -1 -1 -1 -1 -1 -1
0.49004989862442017 0.5049344301223755 0.9279699325561523 -1 -1 -1 -1 -1 -1 -1 -1 -1
0.5007815957069397 0.5101995468139648 0.5056490302085876 -1 -1 -1 -1 -1 -1 -1 -1 -1
0.5063672065734863 0.47852954268455505 0.8766365647315979 -1 -1 -1 -1 -1 -1 -1 -1 -1
0.507518470287323 0.47602805495262146 0.5911409258842468 -1 -1 -1 -1 -1 -1 -1 -1 -1
0.5101495981216431 0.4703235626220703 0.8602349758148193 -1 -1 -1 -1 -1 -1 -1 -1 -1
0.5102285742759705 0.469157338142395 0.5862963199615479 -1 -1 -1 -1 -1 -1 -1 -1 -1
0.5120260119438171 0.4776023030281067 0.855663001537323 -1 -1 -1 -1 -1 -1 -1 -1 -1
0.511408805847168 0.4695796072483063 0.5933870077133179 -1 -1 -1 -1 -1 -1 -1 -1 -1
0.5105287432670593 0.47949039936065674 0.7685654759407043 -1 -1 -1 -1 -1 -1 -1 -1 -1
0.5093142986297607 0.4719897508621216 0.5793056488037109 -1 -1 -1 -1 -1 -1 -1 -1 -1
0.4568611979484558 0.5045431852340698 0.999863862991333 -1 -1 -1 -1 -1 -1 -1 -1 -1
0.47216156125068665 0.5004240274429321 0.9995458722114563 -1 -1 -1 -1 -1 -1 -1 -1 -1
0.44526270031929016 0.451327383518219 0.9358857870101929 -1 -1 -1 -1 -1 -1 -1 -1 -1
0.4830703139305115 0.4641963541507721 0.5831063985824585 -1 -1 -1 -1 -1 -1 -1 -1 -1
0.4337846040725708 0.38822922110557556 0.9638378024101257 -1 -1 -1 -1 -1 -1 -1 -1 -1
0.4657995104789734 0.40464961528778076 0.7111507654190063 -1 -1 -1 -1 -1 -1 -1 -1 -1
0.43162915110588074 0.38079172372817993 0.9399608373641968 -1 -1 -1 -1 -1 -1 -1 -1 -1
0.4600924849510193 0.39722177386283875 0.7320271730422974 -1 -1 -1 -1 -1 -1 -1 -1 -1
0.4341823160648346 0.3660109043121338 0.9285488724708557 -1 -1 -1 -1 -1 -1 -1 -1 -1
0.4731219708919525 0.3777083158493042 0.7517268657684326 -1 -1 -1 -1 -1 -1 -1 -1 -1
1 
33 
-1 -1 -1 -1 -1 -1 -1 -1 -1 -1
0.47267624735832214 0.43973398208618164 0.9988874793052673 -1 -1 -1 -1 -1 -1 -1 -1 -1
0.47128134965896606 0.4309299886226654 0.9993541836738586 -1 -1 -1 -1 -1 -1 -1 -1 -1
0.4727359116077423 0.4299672245979309 0.9990372657775879 -1 -1 -1 -1 -1 -1 -1 -1 -1
0.47344380617141724 0.42933958768844604 0.9994882345199585 -1 -1 -1 -1 -1 -1 -1 -1 -1
0.4694860577583313 0.43141376972198486 0.998767614364624 -1 -1 -1 -1 -1 -1 -1 -1 -1
0.46929728984832764 0.4310765266418457 0.9974032044410706 -1 -1 -1 -1 -1 -1 -1 -1 -1
0.4690476953983307 0.4307153522968292 0.9984738230705261 -1 -1 -1 -1 -1 -1 -1 -1 -1
0.4793226420879364 0.42513877153396606 0.9990504384040833 -1 -1 -1 -1 -1 -1 -1 -1 -1
0.47387972474098206 0.42796510457992554 0.997283935546875 -1 -1 -1 -1 -1 -1 -1 -1 -1
0.4775111675262451 0.44101783633232117 0.9989117383956909 -1 -1 -1 -1 -1 -1 -1 -1 -1
0.4745199382305145 0.4408964514732361 0.9982660412788391 -1 -1 -1 -1 -1 -1 -1 -1 -1
0.4999198019504547 0.443840354681015 0.9995179176330566 -1 -1 -1 -1 -1 -1 -1 -1 -1
0.48173755407333374 0.44250252842903137 0.9981865286827087 -1 -1 -1 -1 -1 -1 -1 -1 -1
0.504612386226654 0.5053168535232544 0.9523440003395081 -1 -1 -1 -1 -1 -1 -1 -1 -1
0.4862762987613678 0.4854554235935211 0.152729332447052 -1 -1 -1 -1 -1 -1 -1 -1 -1
0.5002956986427307 0.541280210018158 0.9561216831207275 -1 -1 -1 -1 -1 -1 -1 -1 -1
0.48782554268836975 0.5134260654449463 0.22185704112052917 -1 -1 -1 -1 -1 -1 -1 -1 -1
0.5009351968765259 0.5490304231643677 0.929566502571106 -1 -1 -1 -1 -1 -1 -1 -1 -1
0.4874047636985779 0.5205249786376953 0.17259761691093445 -1 -1 -1 -1 -1 -1 -1 -1 -1
0.4976523816585541 0.5467652678489685 0.9370195865631104 -1 -1 -1 -1 -1 -1 -1 -1 -1
0.4874061346054077 0.5182632803916931 0.18885304033756256 -1 -1 -1 -1 -1 -1 -1 -1 -1
0.49764084815979004 0.5434713959693909 0.8988484144210815 -1 -1 -1 -1 -1 -1 -1 -1 -1
0.48831284046173096 0.5164623260498047 0.20235536992549896 -1 -1 -1 -1 -1 -1 -1 -1 -1
0.5136420130729675 0.4931659996509552 0.9993680119514465 -1 -1 -1 -1 -1 -1 -1 -1 -1
0.5009240508079529 0.48918086290359497 0.9995095729827881 -1 -1 -1 -1 -1 -1 -1 -1 -1
0.4954175055027008 0.5280119180679321 0.43197134137153625 -1 -1 -1 -1 -1 -1 -1 -1 -1
0.4858446419239044 0.5177171230316162 0.41695618629455566 -1 -1 -1 -1 -1 -1 -1 -1 -1
0.5076420307159424 0.5641257166862488 0.49272796511650085 -1 -1 -1 -1 -1 -1 -1 -1 -1
0.5038037300109863 0.5638066530227661 0.43300145864486694 -1 -1 -1 -1 -1 -1 -1 -1 -1
0.5118318796157837 0.566338062286377 0.5600844621658325 -1 -1 -1 -1 -1 -1 -1 -1 -1
0.5090201497077942 0.5684645175933838 0.40553387999534607 -1 -1 -1 -1 -1 -1 -1 -1 -1
0.5038156509399414 0.5849645733833313 0.568750262260437 -1 -1 -1 -1 -1 -1 -1 -1 -1
0.49907538294792175 0.5869805812835693 0.4075067639350891 -1 -1 -1 -1 -1 -1 -1 -1 -1
1 
33 
-1 -1 -1 -1 -1 -1 -1 -1 -1 -1
0.46861231327056885 0.4446684718132019 0.9947143197059631 -1 -1 -1 -1 -1 -1 -1 -1 -1
0.46668899059295654 0.437158465385437 0.996721088886261 -1 -1 -1 -1 -1 -1 -1 -1 -1
0.46794265508651733 0.43615707755088806 0.996591329574585 -1 -1 -1 -1 -1 -1 -1 -1 -1
0.468191921710968 0.4356624484062195 0.998051643371582 -1 -1 -1 -1 -1 -1 -1 -1 -1
0.4657171368598938 0.43733149766921997 0.9898174405097961 -1 -1 -1 -1 -1 -1 -1 -1 -1
0.46540993452072144 0.4369965195655823 0.9809607267379761 -1 -1 -1 -1 -1 -1 -1 -1 -1
0.464420884847641 0.43536555767059326 0.9841856360435486 -1 -1 -1 -1 -1 -1 -1 -1 -1
0.47370707988739014 0.43307390809059143 0.9969255328178406 -1 -1 -1 -1 -1 -1 -1 -1 -1
0.46771565079689026 0.42974919080734253 0.9743813872337341 -1 -1 -1 -1 -1 -1 -1 -1 -1
0.47311151027679443 0.44463884830474854 0.9908186793327332 -1 -1 -1 -1 -1 -1 -1 -1 -1
0.47148048877716064 0.4451266825199127 0.9791015386581421 -1 -1 -1 -1 -1 -1 -1 -1 -1
0.4912625551223755 0.45037493109703064 0.9998290538787842 -1 -1 -1 -1 -1 -1 -1 -1 -1
0.4836961627006531 0.4292447566986084 0.9906219244003296 -1 -1 -1 -1 -1 -1 -1 -1 -1
0.5020154118537903 0.5106698870658875 0.9892027974128723 -1 -1 -1 -1 -1 -1 -1 -1 -1
0.500554621219635 0.46315884590148926 0.04430205374956131 -1 -1 -1 -1 -1 -1 -1 -1 -1
0.507355272769928 0.5509577393531799 0.990829586982727 -1 -1 -1 -1 -1 -1 -1 -1 -1
0.5038804411888123 0.4815399944782257 0.05900251865386963 -1 -1 -1 -1 -1 -1 -1 -1 -1
0.5103774666786194 0.5600053071975708 0.9774896502494812 -1 -1 -1 -1 -1 -1 -1 -1 -1
0.5048381686210632 0.48496952652931213 0.059771884232759476 -1 -1 -1 -1 -1 -1 -1 -1 -1
0.5066214203834534 0.5601166486740112 0.9782577157020569 -1 -1 -1 -1 -1 -1 -1 -1 -1
0.5025145411491394 0.4856949746608734 0.06119377538561821 -1 -1 -1 -1 -1 -1 -1 -1 -1
0.5057204365730286 0.5556517839431763 0.9605794548988342 -1 -1 -1 -1 -1 -1 -1 -1 -1
0.5026388168334961 0.48553556203842163 0.06772290915250778 -1 -1 -1 -1 -1 -1 -1 -1 -1
0.5100025534629822 0.48918619751930237 0.9979815483093262 -1 -1 -1 -1 -1 -1 -1 -1 -1
0.504197895526886 0.4774818420410156 0.9936508536338806 -1 -1 -1 -1 -1 -1 -1 -1 -1
0.5038215517997742 0.5243215560913086 0.23678205907344818 -1 -1 -1 -1 -1 -1 -1 -1 -1
0.5019667744636536 0.5135748982429504 0.0842418298125267 -1 -1 -1 -1 -1 -1 -1 -1 -1
0.5180823802947998 0.5592420697212219 0.3838426470756531 -1 -1 -1 -1 -1 -1 -1 -1 -1
0.5163191556930542 0.5503212809562683 0.11897382140159607 -1 -1 -1 -1 -1 -1 -1 -1 -1
0.5234399437904358 0.5644887089729309 0.45464658737182617 -1 -1 -1 -1 -1 -1 -1 -1 -1
0.52132248878479 0.5548160076141357 0.1520320028066635 -1 -1 -1 -1 -1 -1 -1 -1 -1
0.5111664533615112 0.5705244541168213 0.36560535430908203 -1 -1 -1 -1 -1 -1 -1 -1 -1
0.509419322013855 0.5670605301856995 0.12631875276565552 -1 -1 -1 -1 -1 -1 -1 -1 -1
1 
33 
-1 -1 -1 -1 -1 -1 -1 -1 -1 -1
0.5081962943077087 0.5209560394287109 0.9996490478515625 -1 -1 -1 -1 -1 -1 -1 -1 -1
0.509925127029419 0.5245571136474609 0.9995869994163513 -1 -1 -1 -1 -1 -1 -1 -1 -1
0.5099614858627319 0.5245605707168579 0.999450147151947 -1 -1 -1 -1 -1 -1 -1 -1 -1
0.5100210309028625 0.5245454907417297 0.9994914531707764 -1 -1 -1 -1 -1 -1 -1 -1 -1
0.510319709777832 0.5236613154411316 0.999736487865448 -1 -1 -1 -1 -1 -1 -1 -1 -1
0.5106816291809082 0.5230234861373901 0.9997444748878479 -1 -1 -1 -1 -1 -1 -1 -1 -1
0.5110222101211548 0.5224040150642395 0.9997373223304749 -1 -1 -1 -1 -1 -1 -1 -1 -1
0.511683464050293 0.5185375809669495 0.9992523789405823 -1 -1 -1 -1 -1 -1 -1 -1 -1
0.5127412676811218 0.5157187581062317 0.9997014403343201 -1 -1 -1 -1 -1 -1 -1 -1 -1
0.507426381111145 0.5147828459739685 0.9996732473373413 -1 -1 -1 -1 -1 -1 -1 -1 -1
0.5081139802932739 0.5138500928878784 0.9998273253440857 -1 -1 -1 -1 -1 -1 -1 -1 -1
0.5143518447875977 0.49266940355300903 0.9997949004173279 -1 -1 -1 -1 -1 -1 -1 -1 -1
0.5056438446044922 0.492842435836792 0.9998548030853271 -1 -1 -1 -1 -1 -1 -1 -1 -1
0.498562753200531 0.47963908314704895 0.16623884439468384 -1 -1 -1 -1 -1 -1 -1 -1 -1
0.49047842621803284 0.4899023175239563 0.760286808013916 -1 -1 -1 -1 -1 -1 -1 -1 -1
0.4959312081336975 0.4879146218299866 0.15464170277118683 -1 -1 -1 -1 -1 -1 -1 -1 -1
0.48368915915489197 0.5015850067138672 0.6559280753135681 -1 -1 -1 -1 -1 -1 -1 -1 -1
0.4981306493282318 0.49206268787384033 0.1682898998260498 -1 -1 -1 -1 -1 -1 -1 -1 -1
0.4827207326889038 0.5066283345222473 0.607796311378479 -1 -1 -1 -1 -1 -1 -1 -1 -1
0.4970933496952057 0.494119793176651 0.1552385687828064 -1 -1 -1 -1 -1 -1 -1 -1 -1
0.4849563241004944 0.5063194632530212 0.5801519155502319 -1 -1 -1 -1 -1 -1 -1 -1 -1
0.49607598781585693 0.4928728938102722 0.12467894703149796 -1 -1 -1 -1 -1 -1 -1 -1 -1
0.48533278703689575 0.5042080283164978 0.4992367923259735 -1 -1 -1 -1 -1 -1 -1 -1 -1
0.505074143409729 0.4444850981235504 0.9998408555984497 -1 -1 -1 -1 -1 -1 -1 -1 -1
0.5009577870368958 0.43997904658317566 0.999806821346283 -1 -1 -1 -1 -1 -1 -1 -1 -1
0.49055835604667664 0.4963977634906769 0.10046924650669098 -1 -1 -1 -1 -1 -1 -1 -1 -1
0.48940274119377136 0.5046710968017578 0.5118800401687622 -1 -1 -1 -1 -1 -1 -1 -1 -1
0.4996630549430847 0.5031663179397583 0.08498022705316544 -1 -1 -1 -1 -1 -1 -1 -1 -1
0.5028586387634277 0.5064505338668823 0.12521709501743317 -1 -1 -1 -1 -1 -1 -1 -1 -1
0.5020042061805725 0.5018191933631897 0.1190883219242096 -1 -1 -1 -1 -1 -1 -1 -1 -1
0.5050163269042969 0.5020355582237244 0.22249941527843475 -1 -1 -1 -1 -1 -1 -1 -1 -1
0.5000131726264954 0.5141528844833374 0.11426392942667007 -1 -1 -1 -1 -1 -1 -1 -1 -1
0.5066864490509033 0.5202981233596802 0.14317329227924347 -1 -1 -1 -1 -1 -1 -1 -1 -1
1 
