35
1 
33 
-1 -1 -1 -1 -1 -1 -1 -1 -1 -1
0.5323041081428528 0.2803356349468231 0.9990409016609192 -1 -1 -1 -1 -1 -1 -1 -1 -1
0.5361003875732422 0.2655982971191406 0.9993274211883545 -1 -1 -1 -1 -1 -1 -1 -1 -1
0.5375509262084961 0.2650130093097687 0.9993877410888672 -1 -1 -1 -1 -1 -1 -1 -1 -1
0.5389763116836548 0.26444169878959656 0.9994797110557556 -1 -1 -1 -1 -1 -1 -1 -1 -1
0.5353219509124756 0.26545318961143494 0.9989350438117981 -1 -1 -1 -1 -1 -1 -1 -1 -1
0.5362139940261841 0.2648428678512573 0.9988808035850525 -1 -1 -1 -1 -1 -1 -1 -1 -1
0.5371497273445129 0.264170378446579 0.9990954399108887 -1 -1 -1 -1 -1 -1 -1 -1 -1
0.5519001483917236 0.267914354801178 0.9993194341659546 -1 -1 -1 -1 -1 -1 -1 -1 -1
0.5498285293579102 0.2665197551250458 0.9979185461997986 -1 -1 -1 -1 -1 -1 -1 -1 -1
0.5389621257781982 0.29201939702033997 0.9989851117134094 -1 -1 -1 -1 -1 -1 -1 -1 -1
0.5378431677818298 0.292416512966156 0.9985759258270264 -1 -1 -1 -1 -1 -1 -1 -1 -1
0.5685063004493713 0.35120975971221924 0.999919056892395 -1 -1 -1 -1 -1 -1 -1 -1 -1
0.5759035348892212 0.3406983017921448 0.9982549548149109 -1 -1 -1 -1 -1 -1 -1 -1 -1
0.5649509429931641 0.4681248366832733 0.9887552261352539 -1 -1 -1 -1 -1 -1 -1 -1 -1
0.5723254680633545 0.45389968156814575 0.025295142084360123 -1 -1 -1 -1 -1 -1 -1 -1 -1
0.547270655632019 0.5643362998962402 0.9395082592964172 -1 -1 -1 -1 -1 -1 -1 -1 -1
0.5588817596435547 0.5454825162887573 0.03090137615799904 -1 -1 -1 -1 -1 -1 -1 -1 -1
0.546375036239624 0.5859562158584595 0.8888947367668152 -1 -1 -1 -1 -1 -1 -1 -1 -1
0.5556886792182922 0.5697593688964844 0.044046852737665176 -1 -1 -1 -1 -1 -1 -1 -1 -1
0.5448964238166809 0.5833902955055237 0.8836813569068909 -1 -1 -1 -1 -1 -1 -1 -1 -1
0.5548675060272217 0.5683639645576477 0.04551328346133232 -1 -1 -1 -1 -1 -1 -1 -1 -1
0.5457509160041809 0.5783808827400208 0.8216121196746826 -1 -1 -1 -1 -1 -1 -1 -1 -1
0.5553892850875854 0.5632306337356567 0.048402607440948486 -1 -1 -1 -1 -1 -1 -1 -1 -1
0.5667314529418945 0.5403656363487244 0.996554970741272 -1 -1 -1 -1 -1 -1 -1 -1 -1
0.5715428590774536 0.5317285656929016 0.9912473559379578 -1 -1 -1 -1 -1 -1 -1 -1 -1
0.5818758606910706 0.696803629398346 0.900459349155426 -1 -1 -1 -1 -1 -1 -1 -1 -1
0.5825518369674683 0.6870123147964478 0.2494514137506485 -1 -1 -1 -1 -1 -1 -1 -1 -1
0.5946758389472961 0.8564841151237488 0.9405642747879028 -1 -1 -1 -1 -1 -1 -1 -1 -1
0.5937135219573975 0.8360958099365234 0.3835545480251312 -1 -1 -1 -1 -1 -1 -1 -1 -1
0.6030389070510864 0.8754746913909912 0.9335768222808838 -1 -1 -1 -1 -1 -1 -1 -1 -1
0.6014304757118225 0.8596498966217041 0.4678811728954315 -1 -1 -1 -1 -1 -1 -1 -1 -1
0.5581905245780945 0.894132137298584 0.9311155676841736 -1 -1 -1 -1 -1 -1 -1 -1 -1
0.5608457326889038 0.8738772869110107 0.5684075951576233 -1 -1 -1 -1 -1 -1 -1 -1 -1
1 
33 
-1 -1 -1 -1 -1 -1 -1 -1 -1 -1
0.5325385928153992 0.2814483344554901 0.999584972858429 -1 -1 -1 -1 -1 -1 -1 -1 -1
0.5349591970443726 0.2662360966205597 0.9996786117553711 -1 -1 -1 -1 -1 -1 -1 -1 -1
0.5361179113388062 0.26546141505241394 0.9997245669364929 -1 -1 -1 -1 -1 -1 -1 -1 -1
0.5373295545578003 0.26465946435928345 0.9997548460960388 -1 -1 -1 -1 -1 -1 -1 -1 -1
0.5348859429359436 0.2661225199699402 0.9994210004806519 -1 -1 -1 -1 -1 -1 -1 -1 -1
0.535973072052002 0.2653319239616394 0.9993896484375 -1 -1 -1 -1 -1 -1 -1 -1 -1
0.5371503829956055 0.2644055187702179 0.999459445476532 -1 -1 -1 -1 -1 -1 -1 -1 -1
0.5500480532646179 0.2653578519821167 0.9996887445449829 -1 -1 -1 -1 -1 -1 -1 -1 -1
0.5493288636207581 0.2637915313243866 0.9988197684288025 -1 -1 -1 -1 -1 -1 -1 -1 -1
0.5390973091125488 0.29015305638313293 0.9995742440223694 -1 -1 -1 -1 -1 -1 -1 -1 -1
0.5387507677078247 0.290596604347229 0.9993481040000916 -1 -1 -1 -1 -1 -1 -1 -1 -1
0.5693650841712952 0.34309327602386475 0.9999767541885376 -1 -1 -1 -1 -1 -1 -1 -1 -1
0.5801315903663635 0.33487528562545776 0.9990158081054688 -1 -1 -1 -1 -1 -1 -1 -1 -1
0.5614123344421387 0.4616892635822296 0.9947736859321594 -1 -1 -1 -1 -1 -1 -1 -1 -1
0.5717325210571289 0.44683143496513367 0.038033392280340195 -1 -1 -1 -1 -1 -1 -1 -1 -1
0.5415714383125305 0.5530391931533813 0.9800864458084106 -1 -1 -1 -1 -1 -1 -1 -1 -1
0.5555152893066406 0.5279133915901184 0.05820723623037338 -1 -1 -1 -1 -1 -1 -1 -1 -1
0.5405715703964233 0.5767701864242554 0.9592180252075195 -1 -1 -1 -1 -1 -1 -1 -1 -1
0.5529437065124512 0.5524622797966003 0.07955648750066757 -1 -1 -1 -1 -1 -1 -1 -1 -1
0.5392130613327026 0.5739133358001709 0.9573585391044617 -1 -1 -1 -1 -1 -1 -1 -1 -1
0.550436794757843 0.5522034168243408 0.08296287059783936 -1 -1 -1 -1 -1 -1 -1 -1 -1
0.5401899814605713 0.5678636431694031 0.9272370338439941 -1 -1 -1 -1 -1 -1 -1 -1 -1
0.5511115193367004 0.5468331575393677 0.08364326506853104 -1 -1 -1 -1 -1 -1 -1 -1 -1
0.5658984780311584 0.5382466316223145 0.9980692267417908 -1 -1 -1 -1 -1 -1 -1 -1 -1
0.5725579857826233 0.531888484954834 0.9944275617599487 -1 -1 -1 -1 -1 -1 -1 -1 -1
0.5806927680969238 0.689834475517273 0.9414471983909607 -1 -1 -1 -1 -1 -1 -1 -1 -1
0.5810074806213379 0.6800763607025146 0.44272705912590027 -1 -1 -1 -1 -1 -1 -1 -1 -1
0.5915873050689697 0.8455724716186523 0.9662542939186096 -1 -1 -1 -1 -1 -1 -1 -1 -1
0.5894586443901062 0.8285502195358276 0.56712806224823 -1 -1 -1 -1 -1 -1 -1 -1 -1
0.600731611251831 0.8640105128288269 0.9531868100166321 -1 -1 -1 -1 -1 -1 -1 -1 -1
0.5967661142349243 0.8485617637634277 0.588402509689331 -1 -1 -1 -1 -1 -1 -1 -1 -1
0.5604567527770996 0.8871245980262756 0.9633699059486389 -1 -1 -1 -1 -1 -1 -1 -1 -1
0.5599448084831238 0.8678500652313232 0.734946072101593 -1 -1 -1 -1 -1 -1 -1 -1 -1
1 
33 
-1 -1 -1 -1 -1 -1 -1 -1 -1 -1
0.5329982042312622 0.27605047821998596 0.9995400905609131 -1 -1 -1 -1 -1 -1 -1 -1 -1
0.53604656457901 0.2613828182220459 0.9996453523635864 -1 -1 -1 -1 -1 -1 -1 -1 -1
0.5374012589454651 0.26067879796028137 0.9996917247772217 -1 -1 -1 -1 -1 -1 -1 -1 -1
0.538728654384613 0.25988397002220154 0.99973064661026 -1 -1 -1 -1 -1 -1 -1 -1 -1
0.5352257490158081 0.2615511417388916 0.9994118213653564 -1 -1 -1 -1 -1 -1 -1 -1 -1
0.536017119884491 0.2611028254032135 0.9994307160377502 -1 -1 -1 -1 -1 -1 -1 -1 -1
0.5368028879165649 0.26055046916007996 0.9995294809341431 -1 -1 -1 -1 -1 -1 -1 -1 -1
0.5504608154296875 0.26177978515625 0.9996262788772583 -1 -1 -1 -1 -1 -1 -1 -1 -1
0.54747474193573 0.2621174156665802 0.998881995677948 -1 -1 -1 -1 -1 -1 -1 -1 -1
0.5399608612060547 0.28738588094711304 0.9996377229690552 -1 -1 -1 -1 -1 -1 -1 -1 -1
0.5386421084403992 0.2878369987010956 0.9993517994880676 -1 -1 -1 -1 -1 -1 -1 -1 -1
0.5764943361282349 0.3336741328239441 0.9999834299087524 -1 -1 -1 -1 -1 -1 -1 -1 -1
0.5686609148979187 0.33553165197372437 0.9996292591094971 -1 -1 -1 -1 -1 -1 -1 -1 -1
0.5600961446762085 0.44723740220069885 0.9899335503578186 -1 -1 -1 -1 -1 -1 -1 -1 -1
0.5570186376571655 0.4428578317165375 0.11007048189640045 -1 -1 -1 -1 -1 -1 -1 -1 -1
0.5353015065193176 0.5369789004325867 0.9606648683547974 -1 -1 -1 -1 -1 -1 -1 -1 -1
0.5362992286682129 0.5243235230445862 0.17182889580726624 -1 -1 -1 -1 -1 -1 -1 -1 -1
0.5316975116729736 0.5624216794967651 0.9284431338310242 -1 -1 -1 -1 -1 -1 -1 -1 -1
0.5313794612884521 0.5503051280975342 0.18600980937480927 -1 -1 -1 -1 -1 -1 -1 -1 -1
0.5296893119812012 0.5585341453552246 0.9256372451782227 -1 -1 -1 -1 -1 -1 -1 -1 -1
0.5298367738723755 0.5475096702575684 0.19164231419563293 -1 -1 -1 -1 -1 -1 -1 -1 -1
0.5310477018356323 0.5528383851051331 0.8731043934822083 -1 -1 -1 -1 -1 -1 -1 -1 -1
0.5329194664955139 0.5425803661346436 0.1884521096944809 -1 -1 -1 -1 -1 -1 -1 -1 -1
0.5810030698776245 0.5279281139373779 0.9992761015892029 -1 -1 -1 -1 -1 -1 -1 -1 -1
0.5685411095619202 0.5235631465911865 0.9975528120994568 -1 -1 -1 -1 -1 -1 -1 -1 -1
0.5767218470573425 0.6794816851615906 0.9668632745742798 -1 -1 -1 -1 -1 -1 -1 -1 -1
0.570094108581543 0.6622412204742432 0.43828290700912476 -1 -1 -1 -1 -1 -1 -1 -1 -1
0.5908539295196533 0.8391073942184448 0.9863601922988892 -1 -1 -1 -1 -1 -1 -1 -1 -1
0.5857276320457458 0.8137552738189697 0.6184766888618469 -1 -1 -1 -1 -1 -1 -1 -1 -1
0.600229799747467 0.8574011325836182 0.9691534042358398 -1 -1 -1 -1 -1 -1 -1 -1 -1
0.5941388607025146 0.8345263004302979 0.6395434737205505 -1 -1 -1 -1 -1 -1 -1 -1 -1
0.5600847005844116 0.8890199661254883 0.9860829710960388 -1 -1 -1 -1 -1 -1 -1 -1 -1
0.5566430687904358 0.8611294031143188 0.8105947971343994 -1 -1 -1 -1 -1 -1 -1 -1 -1
1 
33 
-1 -1 -1 -1 -1 -1 -1 -1 -1 -1
0.5314180254936218 0.2789990305900574 0.9973741769790649 -1 -1 -1 -1 -1 -1 -1 -1 -1
0.5337702035903931 0.26518574357032776 0.9976245760917664 -1 -1 -1 -1 -1 -1 -1 -1 -1
0.535036563873291 0.26432451605796814 0.9977741837501526 -1 -1 -1 -1 -1 -1 -1 -1 -1
0.5364736318588257 0.26331138610839844 0.9982559084892273 -1 -1 -1 -1 -1 -1 -1 -1 -1
0.5331011414527893 0.2655690610408783 0.9964832067489624 -1 -1 -1 -1 -1 -1 -1 -1 -1
0.5338126420974731 0.26502349972724915 0.9961320161819458 -1 -1 -1 -1 -1 -1 -1 -1 -1
0.5346449613571167 0.2642894387245178 0.9970024228096008 -1 -1 -1 -1 -1 -1 -1 -1 -1
0.5495004057884216 0.26384612917900085 0.9975013136863708 -1 -1 -1 -1 -1 -1 -1 -1 -1
0.546693742275238 0.2649354040622711 0.9939780235290527 -1 -1 -1 -1 -1 -1 -1 -1 -1
0.5377660989761353 0.28949490189552307 0.9978893399238586 -1 -1 -1 -1 -1 -1 -1 -1 -1
0.5366705060005188 0.29044654965400696 0.9960463643074036 -1 -1 -1 -1 -1 -1 -1 -1 -1
0.573502779006958 0.32754838466644287 0.9999719858169556 -1 -1 -1 -1 -1 -1 -1 -1 -1
0.5672158598899841 0.33846166729927063 0.9992979764938354 -1 -1 -1 -1 -1 -1 -1 -1 -1
0.5504040122032166 0.4219505488872528 0.9915040135383606 -1 -1 -1 -1 -1 -1 -1 -1 -1
0.5520398020744324 0.43055230379104614 0.11066008359193802 -1 -1 -1 -1 -1 -1 -1 -1 -1
0.5214242935180664 0.49732130765914917 0.9734627604484558 -1 -1 -1 -1 -1 -1 -1 -1 -1
0.522537112236023 0.5013620257377625 0.2619708478450775 -1 -1 -1 -1 -1 -1 -1 -1 -1
0.5166839957237244 0.5241575837135315 0.9505038261413574 -1 -1 -1 -1 -1 -1 -1 -1 -1
0.5158059597015381 0.5254302620887756 0.2723158597946167 -1 -1 -1 -1 -1 -1 -1 -1 -1
0.5142512321472168 0.5222219824790955 0.9476670026779175 -1 -1 -1 -1 -1 -1 -1 -1 -1
0.5140520930290222 0.5236395597457886 0.2846314013004303 -1 -1 -1 -1 -1 -1 -1 -1 -1
0.5155940055847168 0.5146279335021973 0.9070536494255066 -1 -1 -1 -1 -1 -1 -1 -1 -1
0.516953706741333 0.5171958804130554 0.2847754955291748 -1 -1 -1 -1 -1 -1 -1 -1 -1
0.5862728357315063 0.5225046873092651 0.9986769556999207 -1 -1 -1 -1 -1 -1 -1 -1 -1
0.5780532956123352 0.5188300013542175 0.99687260389328 -1 -1 -1 -1 -1 -1 -1 -1 -1
0.5711646676063538 0.6873089075088501 0.9537478089332581 -1 -1 -1 -1 -1 -1 -1 -1 -1
0.5697773098945618 0.6742896437644958 0.3765223026275635 -1 -1 -1 -1 -1 -1 -1 -1 -1
0.5879020094871521 0.8438938856124878 0.9767439365386963 -1 -1 -1 -1 -1 -1 -1 -1 -1
0.5844460725784302 0.82230144739151 0.5638845562934875 -1 -1 -1 -1 -1 -1 -1 -1 -1
0.6004935503005981 0.8616361021995544 0.950268566608429 -1 -1 -1 -1 -1 -1 -1 -1 -1
0.5954154133796692 0.8464319705963135 0.6358819603919983 -1 -1 -1 -1 -1 -1 -1 -1 -1
0.5571923851966858 0.895880937576294 0.972694993019104 -1 -1 -1 -1 -1 -1 -1 -1 -1
0.5580541491508484 0.8713265061378479 0.7454115748405457 -1 -1 -1 -1 -1 -1 -1 -1 -1
1 
33 
-1 -1 -1 -1 -1 -1 -1 -1 -1 -1
0.5276012420654297 0.29509299993515015 0.9992789626121521 -1 -1 -1 -1 -1 -1 -1 -1 -1
0.5303158760070801 0.28086942434310913 0.9994401335716248 -1 -1 -1 -1 -1 -1 -1 -1 -1
0.5316866040229797 0.28005698323249817 0.9994742274284363 -1 -1 -1 -1 -1 -1 -1 -1 -1
0.5331014394760132 0.2791331708431244 0.9996069073677063 -1 -1 -1 -1 -1 -1 -1 -1 -1
0.5290188193321228 0.2809002697467804 0.9991868138313293 -1 -1 -1 -1 -1 -1 -1 -1 -1
0.5295225381851196 0.2801198363304138 0.9990044236183167 -1 -1 -1 -1 -1 -1 -1 -1 -1
0.5301258563995361 0.27909591794013977 0.9991231560707092 -1 -1 -1 -1 -1 -1 -1 -1 -1
0.5454055070877075 0.2796698808670044 0.9995593428611755 -1 -1 -1 -1 -1 -1 -1 -1 -1
0.5419001579284668 0.27932992577552795 0.9987916350364685 -1 -1 -1 -1 -1 -1 -1 -1 -1
0.5341593623161316 0.3045700788497925 0.9995539784431458 -1 -1 -1 -1 -1 -1 -1 -1 -1
0.5318892598152161 0.30520784854888916 0.9988835453987122 -1 -1 -1 -1 -1 -1 -1 -1 -1
0.5715885162353516 0.3350732922554016 0.9999905824661255 -1 -1 -1 -1 -1 -1 -1 -1 -1
0.560379683971405 0.34173768758773804 0.9992237091064453 -1 -1 -1 -1 -1 -1 -1 -1 -1
0.5466817021369934 0.4054330587387085 0.9965947270393372 -1 -1 -1 -1 -1 -1 -1 -1 -1
0.5478147864341736 0.4194609820842743 0.07301786541938782 -1 -1 -1 -1 -1 -1 -1 -1 -1
0.5076470375061035 0.45051807165145874 0.9893025755882263 -1 -1 -1 -1 -1 -1 -1 -1 -1
0.5323847532272339 0.47513347864151 0.1166296899318695 -1 -1 -1 -1 -1 -1 -1 -1 -1
0.49906250834465027 0.4703955054283142 0.9800934195518494 -1 -1 -1 -1 -1 -1 -1 -1 -1
0.5294814109802246 0.48804137110710144 0.12884996831417084 -1 -1 -1 -1 -1 -1 -1 -1 -1
0.4938172698020935 0.4659461975097656 0.978383481502533 -1 -1 -1 -1 -1 -1 -1 -1 -1
0.5280961990356445 0.4836006760597229 0.13119325041770935 -1 -1 -1 -1 -1 -1 -1 -1 -1
0.49652600288391113 0.46092718839645386 0.9560859203338623 -1 -1 -1 -1 -1 -1 -1 -1 -1
0.5294901132583618 0.4799116849899292 0.13749928772449493 -1 -1 -1 -1 -1 -1 -1 -1 -1
0.5924126505851746 0.531545102596283 0.9998536109924316 -1 -1 -1 -1 -1 -1 -1 -1 -1
0.5797152519226074 0.5218474864959717 0.9989907145500183 -1 -1 -1 -1 -1 -1 -1 -1 -1
0.5653565526008606 0.6839779019355774 0.9937594532966614 -1 -1 -1 -1 -1 -1 -1 -1 -1
0.5634980797767639 0.6453245282173157 0.7127408981323242 -1 -1 -1 -1 -1 -1 -1 -1 -1
0.5904685854911804 0.8400741815567017 0.9956010580062866 -1 -1 -1 -1 -1 -1 -1 -1 -1
0.5631304979324341 0.7475423812866211 0.7412686347961426 -1 -1 -1 -1 -1 -1 -1 -1 -1
0.6010793447494507 0.861138641834259 0.9840596914291382 -1 -1 -1 -1 -1 -1 -1 -1 -1
0.5717000365257263 0.7689341902732849 0.7643905282020569 -1 -1 -1 -1 -1 -1 -1 -1 -1
0.5588266253471375 0.8782883882522583 0.9922143816947937 -1 -1 -1 -1 -1 -1 -1 -1 -1
0.5348615050315857 0.7808395624160767 0.8604754209518433 -1 -1 -1 -1 -1 -1 -1 -1 -1
1 
33 
-1 -1 -1 -1 -1 -1 -1 -1 -1 -1
0.5288310647010803 0.3195502758026123 0.9995586276054382 -1 -1 -1 -1 -1 -1 -1 -1 -1
0.5298408269882202 0.304559588432312 0.9997814297676086 -1 -1 -1 -1 -1 -1 -1 -1 -1
0.5309817790985107 0.30366456508636475 0.999765932559967 -1 -1 -1 -1 -1 -1 -1 -1 -1
0.5321699380874634 0.30271342396736145 0.9998142123222351 -1 -1 -1 -1 -1 -1 -1 -1 -1
0.5291620492935181 0.3048110008239746 0.999729335308075 -1 -1 -1 -1 -1 -1 -1 -1 -1
0.529828667640686 0.30411264300346375 0.9996306896209717 -1 -1 -1 -1 -1 -1 -1 -1 -1
0.5305490493774414 0.30325883626937866 0.9997090697288513 -1 -1 -1 -1 -1 -1 -1 -1 -1
0.5442286133766174 0.3023615777492523 0.9997145533561707 -1 -1 -1 -1 -1 -1 -1 -1 -1
0.5418468713760376 0.3029960095882416 0.9997462630271912 -1 -1 -1 -1 -1 -1 -1 -1 -1
0.5354884266853333 0.330112099647522 0.9994737505912781 -1 -1 -1 -1 -1 -1 -1 -1 -1
0.534205436706543 0.3322567939758301 0.9991138577461243 -1 -1 -1 -1 -1 -1 -1 -1 -1
0.5702160596847534 0.35020723938941956 0.9998155236244202 -1 -1 -1 -1 -1 -1 -1 -1 -1
0.5537992119789124 0.35746148228645325 0.9985533356666565 -1 -1 -1 -1 -1 -1 -1 -1 -1
0.5403749942779541 0.37048110365867615 0.9918850660324097 -1 -1 -1 -1 -1 -1 -1 -1 -1
0.5372626781463623 0.38068947196006775 0.16750918328762054 -1 -1 -1 -1 -1 -1 -1 -1 -1
0.489846408367157 0.38397008180618286 0.9873940944671631 -1 -1 -1 -1 -1 -1 -1 -1 -1
0.4946979880332947 0.39850103855133057 0.4009955823421478 -1 -1 -1 -1 -1 -1 -1 -1 -1
0.4797748029232025 0.38556167483329773 0.9819083213806152 -1 -1 -1 -1 -1 -1 -1 -1 -1
0.48499739170074463 0.39821332693099976 0.42309293150901794 -1 -1 -1 -1 -1 -1 -1 -1 -1
0.47491833567619324 0.38119208812713623 0.9797772765159607 -1 -1 -1 -1 -1 -1 -1 -1 -1
0.4843789041042328 0.3966459035873413 0.43259504437446594 -1 -1 -1 -1 -1 -1 -1 -1 -1
0.47877487540245056 0.38389331102371216 0.9606075286865234 -1 -1 -1 -1 -1 -1 -1 -1 -1
0.4870587885379791 0.3983394503593445 0.4555746018886566 -1 -1 -1 -1 -1 -1 -1 -1 -1
0.6016244292259216 0.5542935132980347 0.9998072981834412 -1 -1 -1 -1 -1 -1 -1 -1 -1
0.5882748961448669 0.5470186471939087 0.9992049336433411 -1 -1 -1 -1 -1 -1 -1 -1 -1
0.5602526068687439 0.6982765197753906 0.9388376474380493 -1 -1 -1 -1 -1 -1 -1 -1 -1
0.5598816871643066 0.6851387023925781 0.37623685598373413 -1 -1 -1 -1 -1 -1 -1 -1 -1
0.5911310315132141 0.8388428688049316 0.9515655636787415 -1 -1 -1 -1 -1 -1 -1 -1 -1
0.5850663185119629 0.815621018409729 0.4016771614551544 -1 -1 -1 -1 -1 -1 -1 -1 -1
0.603020966053009 0.8592891693115234 0.9577288627624512 -1 -1 -1 -1 -1 -1 -1 -1 -1
0.596014678478241 0.8400111198425293 0.5696242451667786 -1 -1 -1 -1 -1 -1 -1 -1 -1
0.5578476190567017 0.8703979253768921 0.9195630550384521 -1 -1 -1 -1 -1 -1 -1 -1 -1
0.5541087985038757 0.849098801612854 0.4758452773094177 -1 -1 -1 -1 -1 -1 -1 -1 -1
1 
33 
-1 -1 -1 -1 -1 -1 -1 -1 -1 -1
0.5251954793930054 0.34899693727493286 0.9971478581428528 -1 -1 -1 -1 -1 -1 -1 -1 -1
0.5270314812660217 0.338665246963501 0.9980672001838684 -1 -1 -1 -1 -1 -1 -1 -1 -1
0.527855634689331 0.33887654542922974 0.9976930022239685 -1 -1 -1 -1 -1 -1 -1 -1 -1
0.5285640954971313 0.33902281522750854 0.9983755350112915 -1 -1 -1 -1 -1 -1 -1 -1 -1
0.5270203351974487 0.33660513162612915 0.9973737001419067 -1 -1 -1 -1 -1 -1 -1 -1 -1
0.5279202461242676 0.33544206619262695 0.9968492388725281 -1 -1 -1 -1 -1 -1 -1 -1 -1
0.5287291407585144 0.3341922163963318 0.9979742169380188 -1 -1 -1 -1 -1 -1 -1 -1 -1
0.5375701189041138 0.3407400846481323 0.9976174235343933 -1 -1 -1 -1 -1 -1 -1 -1 -1
0.5370919108390808 0.33382439613342285 0.9981451034545898 -1 -1 -1 -1 -1 -1 -1 -1 -1
0.5324129462242126 0.3592953681945801 0.9973625540733337 -1 -1 -1 -1 -1 -1 -1 -1 -1
0.532346785068512 0.3575378656387329 0.9963634610176086 -1 -1 -1 -1 -1 -1 -1 -1 -1
0.5608493685722351 0.4030228555202484 0.998902440071106 -1 -1 -1 -1 -1 -1 -1 -1 -1
0.5599365234375 0.3672250807285309 0.9980236291885376 -1 -1 -1 -1 -1 -1 -1 -1 -1
0.5933476090431213 0.47196143865585327 0.8820179104804993 -1 -1 -1 -1 -1 -1 -1 -1 -1
0.520731508731842 0.35732007026672363 0.4316943287849426 -1 -1 -1 -1 -1 -1 -1 -1 -1
0.6016621589660645 0.5422512888908386 0.5508361458778381 -1 -1 -1 -1 -1 -1 -1 -1 -1
0.46434521675109863 0.35016557574272156 0.515232503414154 -1 -1 -1 -1 -1 -1 -1 -1 -1
0.6072589159011841 0.5544520020484924 0.48965370655059814 -1 -1 -1 -1 -1 -1 -1 -1 -1
0.4547780752182007 0.3566856384277344 0.46411120891571045 -1 -1 -1 -1 -1 -1 -1 -1 -1
0.6033724546432495 0.5552254915237427 0.48000022768974304 -1 -1 -1 -1 -1 -1 -1 -1 -1
0.4552284777164459 0.3541945815086365 0.47831934690475464 -1 -1 -1 -1 -1 -1 -1 -1 -1
0.6002815961837769 0.5519234538078308 0.40544721484184265 -1 -1 -1 -1 -1 -1 -1 -1 -1
0.45742201805114746 0.3525181710720062 0.5243191719055176 -1 -1 -1 -1 -1 -1 -1 -1 -1
0.5989806056022644 0.579369306564331 0.9990703463554382 -1 -1 -1 -1 -1 -1 -1 -1 -1
0.5966817140579224 0.5667411088943481 0.9988076686859131 -1 -1 -1 -1 -1 -1 -1 -1 -1
0.5526593923568726 0.7126950025558472 0.9508599042892456 -1 -1 -1 -1 -1 -1 -1 -1 -1
0.5559449791908264 0.6992573738098145 0.4536382257938385 -1 -1 -1 -1 -1 -1 -1 -1 -1
0.5932904481887817 0.8485555052757263 0.9464277029037476 -1 -1 -1 -1 -1 -1 -1 -1 -1
0.5891676545143127 0.8309308886528015 0.3333965539932251 -1 -1 -1 -1 -1 -1 -1 -1 -1
0.6040405035018921 0.8668411374092102 0.9523782730102539 -1 -1 -1 -1 -1 -1 -1 -1 -1
0.5994764566421509 0.8542817831039429 0.46808022260665894 -1 -1 -1 -1 -1 -1 -1 -1 -1
0.5606725811958313 0.8802249431610107 0.9029074311256409 -1 -1 -1 -1 -1 -1 -1 -1 -1
0.5571385025978088 0.8652843236923218 0.38552266359329224 -1 -1 -1 -1 -1 -1 -1 -1 -1
1 
33 
-1 -1 -1 -1 -1 -1 -1 -1 -1 -1
0.5211561918258667 0.36734068393707275 0.9920833110809326 -1 -1 -1 -1 -1 -1 -1 -1 -1
0.5249139666557312 0.3558753430843353 0.9955917000770569 -1 -1 -1 -1 -1 -1 -1 -1 -1
0.5262740850448608 0.3555549383163452 0.9961951971054077 -1 -1 -1 -1 -1 -1 -1 -1 -1
0.5274772047996521 0.35482197999954224 0.9960910677909851 -1 -1 -1 -1 -1 -1 -1 -1 -1
0.5245106220245361 0.3538592457771301 0.994458794593811 -1 -1 -1 -1 -1 -1 -1 -1 -1
0.5256690382957458 0.3520783483982086 0.9939243197441101 -1 -1 -1 -1 -1 -1 -1 -1 -1
0.526777982711792 0.34985142946243286 0.9956409931182861 -1 -1 -1 -1 -1 -1 -1 -1 -1
0.5387389659881592 0.3590080142021179 0.9951840043067932 -1 -1 -1 -1 -1 -1 -1 -1 -1
0.5385931730270386 0.3519507050514221 0.9975088834762573 -1 -1 -1 -1 -1 -1 -1 -1 -1
0.5270708203315735 0.379680871963501 0.9908191561698914 -1 -1 -1 -1 -1 -1 -1 -1 -1
0.5267528295516968 0.3803328573703766 0.988705575466156 -1 -1 -1 -1 -1 -1 -1 -1 -1
0.5555443167686462 0.4209384322166443 0.9983910322189331 -1 -1 -1 -1 -1 -1 -1 -1 -1
0.554966390132904 0.40990209579467773 0.9946495890617371 -1 -1 -1 -1 -1 -1 -1 -1 -1
0.5749507546424866 0.44046473503112793 0.7924312949180603 -1 -1 -1 -1 -1 -1 -1 -1 -1
0.5243452191352844 0.37459278106689453 0.12091405689716339 -1 -1 -1 -1 -1 -1 -1 -1 -1
0.5797151327133179 0.4553905129432678 0.5232957005500793 -1 -1 -1 -1 -1 -1 -1 -1 -1
0.5006611347198486 0.3365950286388397 0.2596159875392914 -1 -1 -1 -1 -1 -1 -1 -1 -1
0.5846368670463562 0.45782461762428284 0.5225669145584106 -1 -1 -1 -1 -1 -1 -1 -1 -1
0.4962347149848938 0.3232453465461731 0.3002029061317444 -1 -1 -1 -1 -1 -1 -1 -1 -1
0.5814761519432068 0.45569944381713867 0.5111820697784424 -1 -1 -1 -1 -1 -1 -1 -1 -1
0.49685290455818176 0.327819287776947 0.31777721643447876 -1 -1 -1 -1 -1 -1 -1 -1 -1
0.5790794491767883 0.4574514925479889 0.4137030839920044 -1 -1 -1 -1 -1 -1 -1 -1 -1
0.4983590841293335 0.33539077639579773 0.3484918773174286 -1 -1 -1 -1 -1 -1 -1 -1 -1
0.6056839227676392 0.6069332957267761 0.99866783618927 -1 -1 -1 -1 -1 -1 -1 -1 -1
0.6090477108955383 0.5944951176643372 0.9988263249397278 -1 -1 -1 -1 -1 -1 -1 -1 -1
0.5473757386207581 0.7267554998397827 0.9509669542312622 -1 -1 -1 -1 -1 -1 -1 -1 -1
0.555907666683197 0.7132052779197693 0.3983493149280548 -1 -1 -1 -1 -1 -1 -1 -1 -1
0.5903639793395996 0.8566519021987915 0.9236167669296265 -1 -1 -1 -1 -1 -1 -1 -1 -1
0.5901783108711243 0.8483505249023438 0.3220929503440857 -1 -1 -1 -1 -1 -1 -1 -1 -1
0.6044841408729553 0.8753071427345276 0.9382627010345459 -1 -1 -1 -1 -1 -1 -1 -1 -1
0.6032187938690186 0.873149573802948 0.46872133016586304 -1 -1 -1 -1 -1 -1 -1 -1 -1
0.5569959878921509 0.8853622674942017 0.8562319278717041 -1 -1 -1 -1 -1 -1 -1 -1 -1
0.5567200779914856 0.8753237724304199 0.308102548122406 -1 -1 -1 -1 -1 -1 -1 -1 -1
1 
33 
-1 -1 -1 -1 -1 -1 -1 -1 -1 -1
0.5294134616851807 0.42228078842163086 0.9998014569282532 -1 -1 -1 -1 -1 -1 -1 -1 -1
0.5318297743797302 0.4056832790374756 0.9998001456260681 -1 -1 -1 -1 -1 -1 -1 -1 -1
0.5324603319168091 0.40498465299606323 0.9997351765632629 -1 -1 -1 -1 -1 -1 -1 -1 -1
0.5331193208694458 0.4043375253677368 0.9997995495796204 -1 -1 -1 -1 -1 -1 -1 -1 -1
0.5318220853805542 0.40510812401771545 0.9998493194580078 -1 -1 -1 -1 -1 -1 -1 -1 -1
0.5324364304542542 0.4040749967098236 0.9998076558113098 -1 -1 -1 -1 -1 -1 -1 -1 -1
0.5330207347869873 0.40317606925964355 0.9998602867126465 -1 -1 -1 -1 -1 -1 -1 -1 -1
0.5400539040565491 0.4055871367454529 0.999769389629364 -1 -1 -1 -1 -1 -1 -1 -1 -1
0.5387863516807556 0.40530580282211304 0.9998573064804077 -1 -1 -1 -1 -1 -1 -1 -1 -1
0.5346801280975342 0.42916154861450195 0.9992239475250244 -1 -1 -1 -1 -1 -1 -1 -1 -1
0.5346548557281494 0.4291172921657562 0.9992446899414062 -1 -1 -1 -1 -1 -1 -1 -1 -1
0.5604569315910339 0.45451581478118896 0.9993311166763306 -1 -1 -1 -1 -1 -1 -1 -1 -1
0.5586979389190674 0.4522540271282196 0.9978850483894348 -1 -1 -1 -1 -1 -1 -1 -1 -1
0.565587043762207 0.35136574506759644 0.9870359301567078 -1 -1 -1 -1 -1 -1 -1 -1 -1
0.5559698939323425 0.36812371015548706 0.6055980324745178 -1 -1 -1 -1 -1 -1 -1 -1 -1
0.5551372170448303 0.2737967073917389 0.9356756210327148 -1 -1 -1 -1 -1 -1 -1 -1 -1
0.5539169311523438 0.2840873599052429 0.7765544652938843 -1 -1 -1 -1 -1 -1 -1 -1 -1
0.5521030426025391 0.2573051452636719 0.8919916749000549 -1 -1 -1 -1 -1 -1 -1 -1 -1
0.5518012046813965 0.2643871605396271 0.757857084274292 -1 -1 -1 -1 -1 -1 -1 -1 -1
0.5485594272613525 0.25777027010917664 0.877988338470459 -1 -1 -1 -1 -1 -1 -1 -1 -1
0.54759681224823 0.26038652658462524 0.7503841519355774 -1 -1 -1 -1 -1 -1 -1 -1 -1
0.5496459007263184 0.26380065083503723 0.8523100018501282 -1 -1 -1 -1 -1 -1 -1 -1 -1
0.5491194128990173 0.27111873030662537 0.7389773726463318 -1 -1 -1 -1 -1 -1 -1 -1 -1
0.6094246506690979 0.6387180089950562 0.9997496008872986 -1 -1 -1 -1 -1 -1 -1 -1 -1
0.6094016432762146 0.6300488710403442 0.9995589852333069 -1 -1 -1 -1 -1 -1 -1 -1 -1
0.544661283493042 0.7392211556434631 0.9963486194610596 -1 -1 -1 -1 -1 -1 -1 -1 -1
0.5545828342437744 0.7182762026786804 0.7219894528388977 -1 -1 -1 -1 -1 -1 -1 -1 -1
0.5897163152694702 0.853434681892395 0.989744246006012 -1 -1 -1 -1 -1 -1 -1 -1 -1
0.5800431370735168 0.8296359181404114 0.8079041242599487 -1 -1 -1 -1 -1 -1 -1 -1 -1
0.6050068736076355 0.8724886178970337 0.9870158433914185 -1 -1 -1 -1 -1 -1 -1 -1 -1
0.5860157608985901 0.8546551465988159 0.8759639263153076 -1 -1 -1 -1 -1 -1 -1 -1 -1
0.5564558506011963 0.8867918252944946 0.9837946891784668 -1 -1 -1 -1 -1 -1 -1 -1 -1
0.553162157535553 0.8697858452796936 0.8260346055030823 -1 -1 -1 -1 -1 -1 -1 -1 -1
1 
33 
-1 -1 -1 -1 -1 -1 -1 -1 -1 -1
0.5130378007888794 0.45666414499282837 0.9979312419891357 -1 -1 -1 -1 -1 -1 -1 -1 -1
0.5184272527694702 0.4430500864982605 0.9983850717544556 -1 -1 -1 -1 -1 -1 -1 -1 -1
0.5200263261795044 0.44186824560165405 0.9984453320503235 -1 -1 -1 -1 -1 -1 -1 -1 -1
0.5216162204742432 0.44072431325912476 0.9988226294517517 -1 -1 -1 -1 -1 -1 -1 -1 -1
0.5180537700653076 0.44298142194747925 0.9986263513565063 -1 -1 -1 -1 -1 -1 -1 -1 -1
0.5193595886230469 0.44181036949157715 0.9982622265815735 -1 -1 -1 -1 -1 -1 -1 -1 -1
0.520632803440094 0.4406377077102661 0.9987674951553345 -1 -1 -1 -1 -1 -1 -1 -1 -1
0.53333580493927 0.437592089176178 0.9982438087463379 -1 -1 -1 -1 -1 -1 -1 -1 -1
0.5314386487007141 0.43758249282836914 0.9989268183708191 -1 -1 -1 -1 -1 -1 -1 -1 -1
0.5203016400337219 0.4603511691093445 0.9949283599853516 -1 -1 -1 -1 -1 -1 -1 -1 -1
0.5194833278656006 0.4610443115234375 0.9936676621437073 -1 -1 -1 -1 -1 -1 -1 -1 -1
0.5526570081710815 0.4714921712875366 0.9986664056777954 -1 -1 -1 -1 -1 -1 -1 -1 -1
0.5525528192520142 0.47860902547836304 0.9910248517990112 -1 -1 -1 -1 -1 -1 -1 -1 -1
0.5848130583763123 0.429194837808609 0.9607481360435486 -1 -1 -1 -1 -1 -1 -1 -1 -1
0.556850790977478 0.43499481678009033 0.06269597262144089 -1 -1 -1 -1 -1 -1 -1 -1 -1
0.5870831608772278 0.3959506154060364 0.6972625255584717 -1 -1 -1 -1 -1 -1 -1 -1 -1
0.5781779885292053 0.3441801071166992 0.0566338412463665 -1 -1 -1 -1 -1 -1 -1 -1 -1
0.5862575769424438 0.34391167759895325 0.6291081309318542 -1 -1 -1 -1 -1 -1 -1 -1 -1
0.5815856456756592 0.3213112950325012 0.07231337577104568 -1 -1 -1 -1 -1 -1 -1 -1 -1
0.5846899747848511 0.3484652638435364 0.6098689436912537 -1 -1 -1 -1 -1 -1 -1 -1 -1
0.5762677192687988 0.32606372237205505 0.07606562972068787 -1 -1 -1 -1 -1 -1 -1 -1 -1
0.5877988934516907 0.390420138835907 0.5456781983375549 -1 -1 -1 -1 -1 -1 -1 -1 -1
0.5757036209106445 0.32932963967323303 0.07807035744190216 -1 -1 -1 -1 -1 -1 -1 -1 -1
0.6124886274337769 0.653217613697052 0.9989238381385803 -1 -1 -1 -1 -1 -1 -1 -1 -1
0.6113743185997009 0.6487935185432434 0.9980066418647766 -1 -1 -1 -1 -1 -1 -1 -1 -1
0.5375526547431946 0.7471184730529785 0.9827640056610107 -1 -1 -1 -1 -1 -1 -1 -1 -1
0.5422102212905884 0.7314378619194031 0.4114969074726105 -1 -1 -1 -1 -1 -1 -1 -1 -1
0.5905661582946777 0.8585274815559387 0.9572227597236633 -1 -1 -1 -1 -1 -1 -1 -1 -1
0.5861138105392456 0.8407805562019348 0.34025266766548157 -1 -1 -1 -1 -1 -1 -1 -1 -1
0.6056018471717834 0.8755190372467041 0.9656007289886475 -1 -1 -1 -1 -1 -1 -1 -1 -1
0.5985085368156433 0.8589732646942139 0.5333388447761536 -1 -1 -1 -1 -1 -1 -1 -1 -1
0.5585846304893494 0.8903542757034302 0.9342414140701294 -1 -1 -1 -1 -1 -1 -1 -1 -1
0.554178774356842 0.8721103072166443 0.38263601064682007 -1 -1 -1 -1 -1 -1 -1 -1 -1
1 
33 
-1 -1 -1 -1 -1 -1 -1 -1 -1 -1
0.5063107013702393 0.48516663908958435 0.9955024123191833 -1 -1 -1 -1 -1 -1 -1 -1 -1
0.5085833668708801 0.4726940989494324 0.9964067339897156 -1 -1 -1 -1 -1 -1 -1 -1 -1
0.5094251036643982 0.4723358154296875 0.9973184466362 -1 -1 -1 -1 -1 -1 -1 -1 -1
0.5102316737174988 0.47203120589256287 0.9973114728927612 -1 -1 -1 -1 -1 -1 -1 -1 -1
0.5083136558532715 0.47216400504112244 0.996944010257721 -1 -1 -1 -1 -1 -1 -1 -1 -1
0.509020209312439 0.4714202880859375 0.9971544742584229 -1 -1 -1 -1 -1 -1 -1 -1 -1
0.5097153782844543 0.47071805596351624 0.9972453117370605 -1 -1 -1 -1 -1 -1 -1 -1 -1
0.5201999545097351 0.47326916456222534 0.9961405396461487 -1 -1 -1 -1 -1 -1 -1 -1 -1
0.5195119976997375 0.4720957279205322 0.9983323216438293 -1 -1 -1 -1 -1 -1 -1 -1 -1
0.5113040804862976 0.4949384927749634 0.9918524622917175 -1 -1 -1 -1 -1 -1 -1 -1 -1
0.5106700658798218 0.495427668094635 0.9900632500648499 -1 -1 -1 -1 -1 -1 -1 -1 -1
0.5483665466308594 0.5032280683517456 0.9992850422859192 -1 -1 -1 -1 -1 -1 -1 -1 -1
0.5414971113204956 0.5091568231582642 0.9882780909538269 -1 -1 -1 -1 -1 -1 -1 -1 -1
0.5829939842224121 0.43641549348831177 0.9592861533164978 -1 -1 -1 -1 -1 -1 -1 -1 -1
0.5708706974983215 0.44608232378959656 0.06315302103757858 -1 -1 -1 -1 -1 -1 -1 -1 -1
0.6067471504211426 0.36554357409477234 0.8500381112098694 -1 -1 -1 -1 -1 -1 -1 -1 -1
0.60361647605896 0.37184685468673706 0.0742964893579483 -1 -1 -1 -1 -1 -1 -1 -1 -1
0.6168285608291626 0.35277435183525085 0.8142067790031433 -1 -1 -1 -1 -1 -1 -1 -1 -1
0.6144940853118896 0.3514879643917084 0.10537521541118622 -1 -1 -1 -1 -1 -1 -1 -1 -1
0.6168264746665955 0.35074806213378906 0.8125197887420654 -1 -1 -1 -1 -1 -1 -1 -1 -1
0.6123974919319153 0.35439130663871765 0.11539511382579803 -1 -1 -1 -1 -1 -1 -1 -1 -1
0.6125625371932983 0.35771873593330383 0.7647014260292053 -1 -1 -1 -1 -1 -1 -1 -1 -1
0.6075901985168457 0.3630109429359436 0.1126491129398346 -1 -1 -1 -1 -1 -1 -1 -1 -1
0.6163743734359741 0.669632077217102 0.9987962245941162 -1 -1 -1 -1 -1 -1 -1 -1 -1
0.6106966733932495 0.6635505557060242 0.9975348711013794 -1 -1 -1 -1 -1 -1 -1 -1 -1
0.5353292226791382 0.7536466121673584 0.980121374130249 -1 -1 -1 -1 -1 -1 -1 -1 -1
0.5345198512077332 0.744077742099762 0.2979731559753418 -1 -1 -1 -1 -1 -1 -1 -1 -1
0.590410053730011 0.8566438555717468 0.9589550495147705 -1 -1 -1 -1 -1 -1 -1 -1 -1
0.5808064937591553 0.845177412033081 0.3001387417316437 -1 -1 -1 -1 -1 -1 -1 -1 -1
0.6073856949806213 0.871562659740448 0.9664449691772461 -1 -1 -1 -1 -1 -1 -1 -1 -1
0.599206268787384 0.8642570972442627 0.40899768471717834 -1 -1 -1 -1 -1 -1 -1 -1 -1
0.5663207769393921 0.8967872858047485 0.9440501928329468 -1 -1 -1 -1 -1 -1 -1 -1 -1
0.560398280620575 0.8839878439903259 0.4231049716472626 -1 -1 -1 -1 -1 -1 -1 -1 -1
1 
33 
-1 -1 -1 -1 -1 -1 -1 -1 -1 -1
0.49803024530410767 0.48148804903030396 0.9942120909690857 -1 -1 -1 -1 -1 -1 -1 -1 -1
0.5030661821365356 0.4713689386844635 0.9945651292800903 -1 -1 -1 -1 -1 -1 -1 -1 -1
0.5041135549545288 0.4715275168418884 0.9956745505332947 -1 -1 -1 -1 -1 -1 -1 -1 -1
0.5052008032798767 0.4717952311038971 0.9958047270774841 -1 -1 -1 -1 -1 -1 -1 -1 -1
0.5026261806488037 0.4707115888595581 0.9948934316635132 -1 -1 -1 -1 -1 -1 -1 -1 -1
0.503328263759613 0.47024106979370117 0.9955873489379883 -1 -1 -1 -1 -1 -1 -1 -1 -1
0.5040462017059326 0.4697871804237366 0.9959031939506531 -1 -1 -1 -1 -1 -1 -1 -1 -1
0.5155878067016602 0.4786880612373352 0.9947102069854736 -1 -1 -1 -1 -1 -1 -1 -1 -1
0.5138689279556274 0.4776568114757538 0.9977267384529114 -1 -1 -1 -1 -1 -1 -1 -1 -1
0.5012149214744568 0.49388211965560913 0.9943832159042358 -1 -1 -1 -1 -1 -1 -1 -1 -1
0.5002743005752563 0.49345487356185913 0.9923155307769775 -1 -1 -1 -1 -1 -1 -1 -1 -1
0.5438005328178406 0.5223580598831177 0.9997766613960266 -1 -1 -1 -1 -1 -1 -1 -1 -1
0.5353995561599731 0.5281879901885986 0.9962801337242126 -1 -1 -1 -1 -1 -1 -1 -1 -1
0.595574676990509 0.4826202988624573 0.9593494534492493 -1 -1 -1 -1 -1 -1 -1 -1 -1
0.5833480954170227 0.5065528154373169 0.03277187794446945 -1 -1 -1 -1 -1 -1 -1 -1 -1
0.6466946601867676 0.4549245834350586 0.8381818532943726 -1 -1 -1 -1 -1 -1 -1 -1 -1
0.6299322843551636 0.46212852001190186 0.04636238142848015 -1 -1 -1 -1 -1 -1 -1 -1 -1
0.6558095812797546 0.43520399928092957 0.7867781519889832 -1 -1 -1 -1 -1 -1 -1 -1 -1
0.6437197923660278 0.45297762751579285 0.0693119540810585 -1 -1 -1 -1 -1 -1 -1 -1 -1
0.6577745079994202 0.43415194749832153 0.7946590185165405 -1 -1 -1 -1 -1 -1 -1 -1 -1
0.6409636735916138 0.4540836811065674 0.07691071927547455 -1 -1 -1 -1 -1 -1 -1 -1 -1
0.6549028754234314 0.4367223381996155 0.737687885761261 -1 -1 -1 -1 -1 -1 -1 -1 -1
0.6352309584617615 0.45858752727508545 0.07312887161970139 -1 -1 -1 -1 -1 -1 -1 -1 -1
0.6128299832344055 0.6697131991386414 0.9984369874000549 -1 -1 -1 -1 -1 -1 -1 -1 -1
0.6059441566467285 0.6649441719055176 0.9979097247123718 -1 -1 -1 -1 -1 -1 -1 -1 -1
0.5343875885009766 0.7545443773269653 0.9761160016059875 -1 -1 -1 -1 -1 -1 -1 -1 -1
0.53487628698349 0.7464365363121033 0.27880990505218506 -1 -1 -1 -1 -1 -1 -1 -1 -1
0.5914841294288635 0.8554210066795349 0.9298233985900879 -1 -1 -1 -1 -1 -1 -1 -1 -1
0.5826500654220581 0.8456647992134094 0.28731009364128113 -1 -1 -1 -1 -1 -1 -1 -1 -1
0.6085835099220276 0.869816243648529 0.9458819627761841 -1 -1 -1 -1 -1 -1 -1 -1 -1
0.6020234823226929 0.862383246421814 0.37298086285591125 -1 -1 -1 -1 -1 -1 -1 -1 -1
0.5725449919700623 0.8975597023963928 0.9033188223838806 -1 -1 -1 -1 -1 -1 -1 -1 -1
0.5674752593040466 0.8863755464553833 0.38736510276794434 -1 -1 -1 -1 -1 -1 -1 -1 -1
1 
33 
-1 -1 -1 -1 -1 -1 -1 -1 -1 -1
0.4939414858818054 0.48513177037239075 0.9996218681335449 -1 -1 -1 -1 -1 -1 -1 -1 -1
0.49887773394584656 0.47317934036254883 0.999607264995575 -1 -1 -1 -1 -1 -1 -1 -1 -1
0.5000782608985901 0.47297972440719604 0.9996507167816162 -1 -1 -1 -1 -1 -1 -1 -1 -1
0.5013368725776672 0.4728981852531433 0.999670147895813 -1 -1 -1 -1 -1 -1 -1 -1 -1
0.4986220896244049 0.47260546684265137 0.9996515512466431 -1 -1 -1 -1 -1 -1 -1 -1 -1
0.499575138092041 0.4719342589378357 0.9996887445449829 -1 -1 -1 -1 -1 -1 -1 -1 -1
0.5005905032157898 0.47130051255226135 0.9997568726539612 -1 -1 -1 -1 -1 -1 -1 -1 -1
0.5124487280845642 0.47812455892562866 0.9994567036628723 -1 -1 -1 -1 -1 -1 -1 -1 -1
0.5112653970718384 0.47599995136260986 0.9998214840888977 -1 -1 -1 -1 -1 -1 -1 -1 -1
0.49844470620155334 0.49700698256492615 0.9994605183601379 -1 -1 -1 -1 -1 -1 -1 -1 -1
0.49806350469589233 0.4966013729572296 0.9993786811828613 -1 -1 -1 -1 -1 -1 -1 -1 -1
0.5383237600326538 0.5300163626670837 0.9999350309371948 -1 -1 -1 -1 -1 -1 -1 -1 -1
0.5377905964851379 0.5237728953361511 0.9995419979095459 -1 -1 -1 -1 -1 -1 -1 -1 -1
0.5917465686798096 0.5474412441253662 0.9379257559776306 -1 -1 -1 -1 -1 -1 -1 -1 -1
0.5965182185173035 0.5436040163040161 0.04315871372818947 -1 -1 -1 -1 -1 -1 -1 -1 -1
0.636333167552948 0.5754173398017883 0.8501560688018799 -1 -1 -1 -1 -1 -1 -1 -1 -1
0.6229527592658997 0.5502690076828003 0.06067940220236778 -1 -1 -1 -1 -1 -1 -1 -1 -1
0.6481778621673584 0.574556827545166 0.8205658793449402 -1 -1 -1 -1 -1 -1 -1 -1 -1
0.6474649906158447 0.5582176446914673 0.07920140773057938 -1 -1 -1 -1 -1 -1 -1 -1 -1
0.6471060514450073 0.5775724649429321 0.8166307210922241 -1 -1 -1 -1 -1 -1 -1 -1 -1
0.643345296382904 0.5611031651496887 0.08406590670347214 -1 -1 -1 -1 -1 -1 -1 -1 -1
0.6416183710098267 0.5793188214302063 0.7331808805465698 -1 -1 -1 -1 -1 -1 -1 -1 -1
0.6385097503662109 0.5601226687431335 0.07932459563016891 -1 -1 -1 -1 -1 -1 -1 -1 -1
0.6097639203071594 0.6633806824684143 0.9989299178123474 -1 -1 -1 -1 -1 -1 -1 -1 -1
0.6063054800033569 0.6575379967689514 0.9990999698638916 -1 -1 -1 -1 -1 -1 -1 -1 -1
0.5326605439186096 0.7544809579849243 0.9674274325370789 -1 -1 -1 -1 -1 -1 -1 -1 -1
0.5367485880851746 0.747008740901947 0.3136154115200043 -1 -1 -1 -1 -1 -1 -1 -1 -1
0.590977668762207 0.8568276166915894 0.9441558122634888 -1 -1 -1 -1 -1 -1 -1 -1 -1
0.581612229347229 0.8489861488342285 0.3042476773262024 -1 -1 -1 -1 -1 -1 -1 -1 -1
0.6085275411605835 0.871952474117279 0.9467021226882935 -1 -1 -1 -1 -1 -1 -1 -1 -1
0.5971804857254028 0.8634514808654785 0.4234333336353302 -1 -1 -1 -1 -1 -1 -1 -1 -1
0.5660656094551086 0.8975042104721069 0.9225996136665344 -1 -1 -1 -1 -1 -1 -1 -1 -1
0.5594455599784851 0.8892080783843994 0.3948296010494232 -1 -1 -1 -1 -1 -1 -1 -1 -1
1 
33 
-1 -1 -1 -1 -1 -1 -1 -1 -1 -1
0.49902018904685974 0.46009624004364014 0.9943991303443909 -1 -1 -1 -1 -1 -1 -1 -1 -1
0.5032281279563904 0.4496716856956482 0.9955326318740845 -1 -1 -1 -1 -1 -1 -1 -1 -1
0.5042577385902405 0.44968339800834656 0.9960381984710693 -1 -1 -1 -1 -1 -1 -1 -1 -1
0.5053806304931641 0.4497048258781433 0.9966375827789307 -1 -1 -1 -1 -1 -1 -1 -1 -1
0.5031386613845825 0.44896095991134644 0.9953083395957947 -1 -1 -1 -1 -1 -1 -1 -1 -1
0.5040954947471619 0.44853174686431885 0.9959016442298889 -1 -1 -1 -1 -1 -1 -1 -1 -1
0.5051586031913757 0.44808506965637207 0.9968777894973755 -1 -1 -1 -1 -1 -1 -1 -1 -1
0.5167476534843445 0.4553322494029999 0.9928963780403137 -1 -1 -1 -1 -1 -1 -1 -1 -1
0.5162804126739502 0.4537760019302368 0.9975833892822266 -1 -1 -1 -1 -1 -1 -1 -1 -1
0.5027158260345459 0.4716491401195526 0.9928471446037292 -1 -1 -1 -1 -1 -1 -1 -1 -1
0.5023845434188843 0.4709508717060089 0.9905799031257629 -1 -1 -1 -1 -1 -1 -1 -1 -1
0.5404510498046875 0.513416051864624 0.9993333220481873 -1 -1 -1 -1 -1 -1 -1 -1 -1
0.5416069626808167 0.5072582960128784 0.9959132075309753 -1 -1 -1 -1 -1 -1 -1 -1 -1
0.5808098912239075 0.5528677701950073 0.7112348675727844 -1 -1 -1 -1 -1 -1 -1 -1 -1
0.5727629661560059 0.5607886910438538 0.005222044885158539 -1 -1 -1 -1 -1 -1 -1 -1 -1
0.5922974348068237 0.5823048949241638 0.5204516649246216 -1 -1 -1 -1 -1 -1 -1 -1 -1
0.5826994776725769 0.5763741731643677 0.009427874349057674 -1 -1 -1 -1 -1 -1 -1 -1 -1
0.598179817199707 0.5848233103752136 0.564146101474762 -1 -1 -1 -1 -1 -1 -1 -1 -1
0.5882271528244019 0.5766803026199341 0.018716800957918167 -1 -1 -1 -1 -1 -1 -1 -1 -1
0.5954696536064148 0.5817748308181763 0.5604870319366455 -1 -1 -1 -1 -1 -1 -1 -1 -1
0.5837538242340088 0.5783423185348511 0.020208563655614853 -1 -1 -1 -1 -1 -1 -1 -1 -1
0.5924322605133057 0.5825061202049255 0.4532800316810608 -1 -1 -1 -1 -1 -1 -1 -1 -1
0.5810359716415405 0.5785164833068848 0.022864930331707 -1 -1 -1 -1 -1 -1 -1 -1 -1
0.6036213040351868 0.66049724817276 0.9979552030563354 -1 -1 -1 -1 -1 -1 -1 -1 -1
0.6032072305679321 0.6528000831604004 0.9969438910484314 -1 -1 -1 -1 -1 -1 -1 -1 -1
0.5298629403114319 0.750295877456665 0.9650296568870544 -1 -1 -1 -1 -1 -1 -1 -1 -1
0.5353373885154724 0.7378677129745483 0.31737011671066284 -1 -1 -1 -1 -1 -1 -1 -1 -1
0.5868446826934814 0.854914665222168 0.9522388577461243 -1 -1 -1 -1 -1 -1 -1 -1 -1
0.5770590305328369 0.8394810557365417 0.31279614567756653 -1 -1 -1 -1 -1 -1 -1 -1 -1
0.6057414412498474 0.8710839152336121 0.9477982521057129 -1 -1 -1 -1 -1 -1 -1 -1 -1
0.5948331952095032 0.855124831199646 0.4256424903869629 -1 -1 -1 -1 -1 -1 -1 -1 -1
0.5624892115592957 0.8925424218177795 0.9069790244102478 -1 -1 -1 -1 -1 -1 -1 -1 -1
0.5562988519668579 0.8766598701477051 0.34610262513160706 -1 -1 -1 -1 -1 -1 -1 -1 -1
1 
33 
-1 -1 -1 -1 -1 -1 -1 -1 -1 -1
0.5067464113235474 0.4344711899757385 0.9980981945991516 -1 -1 -1 -1 -1 -1 -1 -1 -1
0.5111779570579529 0.4219200611114502 0.9982960820198059 -1 -1 -1 -1 -1 -1 -1 -1 -1
0.5120608806610107 0.4218934178352356 0.9983559250831604 -1 -1 -1 -1 -1 -1 -1 -1 -1
0.5128843188285828 0.42191174626350403 0.9986459612846375 -1 -1 -1 -1 -1 -1 -1 -1 -1
0.5114158391952515 0.42160773277282715 0.9983882904052734 -1 -1 -1 -1 -1 -1 -1 -1 -1
0.5125038027763367 0.42134565114974976 0.9986147880554199 -1 -1 -1 -1 -1 -1 -1 -1 -1
0.5135767459869385 0.42105504870414734 0.9990166425704956 -1 -1 -1 -1 -1 -1 -1 -1 -1
0.5227146148681641 0.42909204959869385 0.9975029826164246 -1 -1 -1 -1 -1 -1 -1 -1 -1
0.5236549377441406 0.42671263217926025 0.9983959794044495 -1 -1 -1 -1 -1 -1 -1 -1 -1
0.5117824673652649 0.4474272131919861 0.995754599571228 -1 -1 -1 -1 -1 -1 -1 -1 -1
0.5118463635444641 0.4471394419670105 0.9950207471847534 -1 -1 -1 -1 -1 -1 -1 -1 -1
0.5468666553497314 0.49876898527145386 0.9977492690086365 -1 -1 -1 -1 -1 -1 -1 -1 -1
0.5514700412750244 0.4893384575843811 0.9971452355384827 -1 -1 -1 -1 -1 -1 -1 -1 -1
0.5454682111740112 0.6115937829017639 0.7405847311019897 -1 -1 -1 -1 -1 -1 -1 -1 -1
0.5568159818649292 0.5861535668373108 0.014390903525054455 -1 -1 -1 -1 -1 -1 -1 -1 -1
0.5304761528968811 0.6382675766944885 0.3326109051704407 -1 -1 -1 -1 -1 -1 -1 -1 -1
0.5385710597038269 0.6305219531059265 0.010890445671975613 -1 -1 -1 -1 -1 -1 -1 -1 -1
0.5265148878097534 0.6437358856201172 0.3010660707950592 -1 -1 -1 -1 -1 -1 -1 -1 -1
0.5340356230735779 0.6375516057014465 0.016606753692030907 -1 -1 -1 -1 -1 -1 -1 -1 -1
0.5270288586616516 0.634755551815033 0.3073848783969879 -1 -1 -1 -1 -1 -1 -1 -1 -1
0.5320566892623901 0.6337095499038696 0.017612678930163383 -1 -1 -1 -1 -1 -1 -1 -1 -1
0.5293822288513184 0.632973849773407 0.2630275785923004 -1 -1 -1 -1 -1 -1 -1 -1 -1
0.5334126353263855 0.6315920948982239 0.020506806671619415 -1 -1 -1 -1 -1 -1 -1 -1 -1
0.6035654544830322 0.6468011736869812 0.997860848903656 -1 -1 -1 -1 -1 -1 -1 -1 -1
0.5994640588760376 0.6423494219779968 0.9989495873451233 -1 -1 -1 -1 -1 -1 -1 -1 -1
0.5364404916763306 0.7406836748123169 0.9609039425849915 -1 -1 -1 -1 -1 -1 -1 -1 -1
0.5407359004020691 0.7323026061058044 0.37732118368148804 -1 -1 -1 -1 -1 -1 -1 -1 -1
0.592321515083313 0.8546266555786133 0.9626069068908691 -1 -1 -1 -1 -1 -1 -1 -1 -1
0.5815470814704895 0.8488093614578247 0.6228917837142944 -1 -1 -1 -1 -1 -1 -1 -1 -1
0.6070842146873474 0.8702005743980408 0.9551243782043457 -1 -1 -1 -1 -1 -1 -1 -1 -1
0.5975340008735657 0.8660925626754761 0.6585636734962463 -1 -1 -1 -1 -1 -1 -1 -1 -1
0.5653403997421265 0.8905563950538635 0.9524835348129272 -1 -1 -1 -1 -1 -1 -1 -1 -1
0.5567434430122375 0.883720338344574 0.6495187282562256 -1 -1 -1 -1 -1 -1 -1 -1 -1
1 
33 
-1 -1 -1 -1 -1 -1 -1 -1 -1 -1
0.5155421495437622 0.41550880670547485 0.9994840621948242 -1 -1 -1 -1 -1 -1 -1 -1 -1
0.5197463035583496 0.40388983488082886 0.9996700286865234 -1 -1 -1 -1 -1 -1 -1 -1 -1
0.5205568075180054 0.4042840600013733 0.9996745586395264 -1 -1 -1 -1 -1 -1 -1 -1 -1
0.5214704275131226 0.4047841429710388 0.999736487865448 -1 -1 -1 -1 -1 -1 -1 -1 -1
0.5199962854385376 0.40328356623649597 0.9996119141578674 -1 -1 -1 -1 -1 -1 -1 -1 -1
0.5209234952926636 0.4032314717769623 0.9996237754821777 -1 -1 -1 -1 -1 -1 -1 -1 -1
0.521976113319397 0.40321385860443115 0.9997566342353821 -1 -1 -1 -1 -1 -1 -1 -1 -1
0.5308947563171387 0.4134219288825989 0.9994285702705383 -1 -1 -1 -1 -1 -1 -1 -1 -1
0.5315852165222168 0.4109441936016083 0.9998348951339722 -1 -1 -1 -1 -1 -1 -1 -1 -1
0.5187112092971802 0.4293128252029419 0.9990946054458618 -1 -1 -1 -1 -1 -1 -1 -1 -1
0.5187375545501709 0.42853641510009766 0.9989724159240723 -1 -1 -1 -1 -1 -1 -1 -1 -1
0.5405476689338684 0.4815506339073181 0.9996681213378906 -1 -1 -1 -1 -1 -1 -1 -1 -1
0.5519174933433533 0.47407346963882446 0.9988672733306885 -1 -1 -1 -1 -1 -1 -1 -1 -1
0.5054856538772583 0.555390477180481 0.8996671438217163 -1 -1 -1 -1 -1 -1 -1 -1 -1
0.5452818274497986 0.5326430201530457 0.039402350783348083 -1 -1 -1 -1 -1 -1 -1 -1 -1
0.4760235846042633 0.5716977715492249 0.8387925028800964 -1 -1 -1 -1 -1 -1 -1 -1 -1
0.5086148381233215 0.5564595460891724 0.07458878308534622 -1 -1 -1 -1 -1 -1 -1 -1 -1
0.4678804278373718 0.5654482245445251 0.8536137938499451 -1 -1 -1 -1 -1 -1 -1 -1 -1
0.5028855204582214 0.5480903387069702 0.11581405252218246 -1 -1 -1 -1 -1 -1 -1 -1 -1
0.4693320691585541 0.5578659772872925 0.8456185460090637 -1 -1 -1 -1 -1 -1 -1 -1 -1
0.4987453818321228 0.5483659505844116 0.12350450456142426 -1 -1 -1 -1 -1 -1 -1 -1 -1
0.4719683825969696 0.563603401184082 0.7864776253700256 -1 -1 -1 -1 -1 -1 -1 -1 -1
0.4992840588092804 0.5538925528526306 0.13826771080493927 -1 -1 -1 -1 -1 -1 -1 -1 -1
0.5993207693099976 0.6381692290306091 0.9997217059135437 -1 -1 -1 -1 -1 -1 -1 -1 -1
0.6024097204208374 0.6298531293869019 0.9993832111358643 -1 -1 -1 -1 -1 -1 -1 -1 -1
0.5409731268882751 0.7438506484031677 0.980266273021698 -1 -1 -1 -1 -1 -1 -1 -1 -1
0.5459752678871155 0.7342436909675598 0.4021250009536743 -1 -1 -1 -1 -1 -1 -1 -1 -1
0.5935596227645874 0.8582465648651123 0.9792409539222717 -1 -1 -1 -1 -1 -1 -1 -1 -1
0.5854965448379517 0.8449548482894897 0.6813332438468933 -1 -1 -1 -1 -1 -1 -1 -1 -1
0.6098771691322327 0.8754185438156128 0.9784395098686218 -1 -1 -1 -1 -1 -1 -1 -1 -1
0.601677417755127 0.8683176636695862 0.7553810477256775 -1 -1 -1 -1 -1 -1 -1 -1 -1
0.5659322142601013 0.8906015753746033 0.9528493881225586 -1 -1 -1 -1 -1 -1 -1 -1 -1
0.5589386224746704 0.8797210454940796 0.7039682865142822 -1 -1 -1 -1 -1 -1 -1 -1 -1
1 
33 
-1 -1 -1 -1 -1 -1 -1 -1 -1 -1
0.517413854598999 0.4075953960418701 0.9998680353164673 -1 -1 -1 -1 -1 -1 -1 -1 -1
0.5225484371185303 0.3937966823577881 0.9999167919158936 -1 -1 -1 -1 -1 -1 -1 -1 -1
0.523482084274292 0.39375096559524536 0.9999144077301025 -1 -1 -1 -1 -1 -1 -1 -1 -1
0.5244777798652649 0.3938663601875305 0.9999309778213501 -1 -1 -1 -1 -1 -1 -1 -1 -1
0.52247554063797 0.39348772168159485 0.9998466968536377 -1 -1 -1 -1 -1 -1 -1 -1 -1
0.5233471393585205 0.39314305782318115 0.9998133778572083 -1 -1 -1 -1 -1 -1 -1 -1 -1
0.5243237018585205 0.39282816648483276 0.9998712539672852 -1 -1 -1 -1 -1 -1 -1 -1 -1
0.5337345004081726 0.4027386009693146 0.9998326301574707 -1 -1 -1 -1 -1 -1 -1 -1 -1
0.5332670211791992 0.4005395174026489 0.9998929500579834 -1 -1 -1 -1 -1 -1 -1 -1 -1
0.5207502841949463 0.4200003147125244 0.9994856119155884 -1 -1 -1 -1 -1 -1 -1 -1 -1
0.5198600888252258 0.4199080467224121 0.9992606043815613 -1 -1 -1 -1 -1 -1 -1 -1 -1
0.546776294708252 0.45503902435302734 0.9992896318435669 -1 -1 -1 -1 -1 -1 -1 -1 -1
0.5539186596870422 0.4597879648208618 0.9969225525856018 -1 -1 -1 -1 -1 -1 -1 -1 -1
0.48703262209892273 0.4413079023361206 0.9779152870178223 -1 -1 -1 -1 -1 -1 -1 -1 -1
0.48977360129356384 0.4461882710456848 0.26480919122695923 -1 -1 -1 -1 -1 -1 -1 -1 -1
0.45395851135253906 0.3984282910823822 0.9728153347969055 -1 -1 -1 -1 -1 -1 -1 -1 -1
0.44858601689338684 0.41850751638412476 0.44605574011802673 -1 -1 -1 -1 -1 -1 -1 -1 -1
0.44519728422164917 0.37483978271484375 0.9700722098350525 -1 -1 -1 -1 -1 -1 -1 -1 -1
0.44096505641937256 0.3981529474258423 0.4679013192653656 -1 -1 -1 -1 -1 -1 -1 -1 -1
0.4501289129257202 0.37284421920776367 0.9667534828186035 -1 -1 -1 -1 -1 -1 -1 -1 -1
0.440723717212677 0.39741650223731995 0.4693591296672821 -1 -1 -1 -1 -1 -1 -1 -1 -1
0.45188063383102417 0.38416701555252075 0.9484081268310547 -1 -1 -1 -1 -1 -1 -1 -1 -1
0.4418119788169861 0.40556180477142334 0.4998021423816681 -1 -1 -1 -1 -1 -1 -1 -1 -1
0.5957172513008118 0.6261637806892395 0.9999432563781738 -1 -1 -1 -1 -1 -1 -1 -1 -1
0.5972875356674194 0.6236362457275391 0.9998815059661865 -1 -1 -1 -1 -1 -1 -1 -1 -1
0.5430004000663757 0.7436222434043884 0.9902327060699463 -1 -1 -1 -1 -1 -1 -1 -1 -1
0.5476229786872864 0.7310925722122192 0.3973503112792969 -1 -1 -1 -1 -1 -1 -1 -1 -1
0.5962573885917664 0.8651254177093506 0.990067720413208 -1 -1 -1 -1 -1 -1 -1 -1 -1
0.5929054617881775 0.8516908884048462 0.5516504049301147 -1 -1 -1 -1 -1 -1 -1 -1 -1
0.6098878383636475 0.8807030320167542 0.9859020709991455 -1 -1 -1 -1 -1 -1 -1 -1 -1
0.6068891882896423 0.872421145439148 0.6456626653671265 -1 -1 -1 -1 -1 -1 -1 -1 -1
0.5644779205322266 0.9013080596923828 0.9752066731452942 -1 -1 -1 -1 -1 -1 -1 -1 -1
0.5646108388900757 0.8864925503730774 0.5489319562911987 -1 -1 -1 -1 -1 -1 -1 -1 -1
1 
33 
-1 -1 -1 -1 -1 -1 -1 -1 -1 -1
0.5792403221130371 0.5675972700119019 0.8733725547790527 -1 -1 -1 -1 -1 -1 -1 -1 -1
0.579545259475708 0.56267249584198 0.8846505880355835 -1 -1 -1 -1 -1 -1 -1 -1 -1
0.5799352526664734 0.5622923970222473 0.8900787830352783 -1 -1 -1 -1 -1 -1 -1 -1 -1
0.5802868604660034 0.5617719292640686 0.8782122731208801 -1 -1 -1 -1 -1 -1 -1 -1 -1
0.5790183544158936 0.5642001628875732 0.8742087483406067 -1 -1 -1 -1 -1 -1 -1 -1 -1
0.5785543918609619 0.5651569962501526 0.8932600617408752 -1 -1 -1 -1 -1 -1 -1 -1 -1
0.578081488609314 0.5662115216255188 0.8747503161430359 -1 -1 -1 -1 -1 -1 -1 -1 -1
0.5805529952049255 0.5684902667999268 0.8471614718437195 -1 -1 -1 -1 -1 -1 -1 -1 -1
0.5804097652435303 0.5693646669387817 0.8022802472114563 -1 -1 -1 -1 -1 -1 -1 -1 -1
0.5787526965141296 0.57171231508255 0.8586098551750183 -1 -1 -1 -1 -1 -1 -1 -1 -1
0.5771322250366211 0.5752457976341248 0.8477175235748291 -1 -1 -1 -1 -1 -1 -1 -1 -1
0.5741676688194275 0.6025204658508301 0.9889023900032043 -1 -1 -1 -1 -1 -1 -1 -1 -1
0.584852397441864 0.5801727175712585 0.9895939826965332 -1 -1 -1 -1 -1 -1 -1 -1 -1
0.5637152791023254 0.5790309906005859 0.07109561562538147 -1 -1 -1 -1 -1 -1 -1 -1 -1
0.5646634697914124 0.6111912727355957 0.11779346317052841 -1 -1 -1 -1 -1 -1 -1 -1 -1
0.5767444372177124 0.574696958065033 0.04837319627404213 -1 -1 -1 -1 -1 -1 -1 -1 -1
0.5835269689559937 0.6676700115203857 0.18626075983047485 -1 -1 -1 -1 -1 -1 -1 -1 -1
0.5816357135772705 0.5619478821754456 0.0662628635764122 -1 -1 -1 -1 -1 -1 -1 -1 -1
0.5898755192756653 0.671695351600647 0.264232337474823 -1 -1 -1 -1 -1 -1 -1 -1 -1
0.5826594829559326 0.5681159496307373 0.07269753515720367 -1 -1 -1 -1 -1 -1 -1 -1 -1
0.592141330242157 0.6755523681640625 0.2800285816192627 -1 -1 -1 -1 -1 -1 -1 -1 -1
0.5809495449066162 0.5764753222465515 0.07533160597085953 -1 -1 -1 -1 -1 -1 -1 -1 -1
0.5901229977607727 0.6789653301239014 0.24545525014400482 -1 -1 -1 -1 -1 -1 -1 -1 -1
0.5371014475822449 0.4728150963783264 0.9999557733535767 -1 -1 -1 -1 -1 -1 -1 -1 -1
0.5537893176078796 0.4648611545562744 0.999919056892395 -1 -1 -1 -1 -1 -1 -1 -1 -1
0.498196542263031 0.48632296919822693 0.8525932431221008 -1 -1 -1 -1 -1 -1 -1 -1 -1
0.58128422498703 0.5353137850761414 0.7439078092575073 -1 -1 -1 -1 -1 -1 -1 -1 -1
0.5076754689216614 0.5017876029014587 0.8434690237045288 -1 -1 -1 -1 -1 -1 -1 -1 -1
0.6056910753250122 0.6766437292098999 0.7368094325065613 -1 -1 -1 -1 -1 -1 -1 -1 -1
0.5095023512840271 0.5066548585891724 0.834212064743042 -1 -1 -1 -1 -1 -1 -1 -1 -1
0.60638427734375 0.6979806423187256 0.6422030925750732 -1 -1 -1 -1 -1 -1 -1 -1 -1
0.5103985667228699 0.5014499425888062 0.7952041029930115 -1 -1 -1 -1 -1 -1 -1 -1 -1
0.6182991862297058 0.7261772751808167 0.662513792514801 -1 -1 -1 -1 -1 -1 -1 -1 -1
1 
33 
-1 -1 -1 -1 -1 -1 -1 -1 -1 -1
0.5195721387863159 0.2321421504020691 0.9492936730384827 -1 -1 -1 -1 -1 -1 -1 -1 -1
0.5232614278793335 0.21961906552314758 0.9591554999351501 -1 -1 -1 -1 -1 -1 -1 -1 -1
0.5234397053718567 0.21983030438423157 0.961402416229248 -1 -1 -1 -1 -1 -1 -1 -1 -1
0.5232827663421631 0.21993273496627808 0.96338951587677 -1 -1 -1 -1 -1 -1 -1 -1 -1
0.5256171822547913 0.21866613626480103 0.9489386081695557 -1 -1 -1 -1 -1 -1 -1 -1 -1
0.5266794562339783 0.21876201033592224 0.9438246488571167 -1 -1 -1 -1 -1 -1 -1 -1 -1
0.5275677442550659 0.21846869587898254 0.9562152624130249 -1 -1 -1 -1 -1 -1 -1 -1 -1
0.5277724862098694 0.22909894585609436 0.960904061794281 -1 -1 -1 -1 -1 -1 -1 -1 -1
0.5326761603355408 0.22501030564308167 0.9666146636009216 -1 -1 -1 -1 -1 -1 -1 -1 -1
0.5219424366950989 0.247176393866539 0.9351313710212708 -1 -1 -1 -1 -1 -1 -1 -1 -1
0.5229189395904541 0.2489987164735794 0.9269928932189941 -1 -1 -1 -1 -1 -1 -1 -1 -1
0.533416748046875 0.2837965786457062 0.9985761642456055 -1 -1 -1 -1 -1 -1 -1 -1 -1
0.5536774396896362 0.28757035732269287 0.9842824339866638 -1 -1 -1 -1 -1 -1 -1 -1 -1
0.5368514060974121 0.2762186527252197 0.9168717265129089 -1 -1 -1 -1 -1 -1 -1 -1 -1
0.5505164265632629 0.24763622879981995 0.14326439797878265 -1 -1 -1 -1 -1 -1 -1 -1 -1
0.5398388504981995 0.2944851815700531 0.5994925498962402 -1 -1 -1 -1 -1 -1 -1 -1 -1
0.5519306063652039 0.2376980185508728 0.12950465083122253 -1 -1 -1 -1 -1 -1 -1 -1 -1
0.5406262874603271 0.2972075641155243 0.5160743594169617 -1 -1 -1 -1 -1 -1 -1 -1 -1
0.5544711351394653 0.233253613114357 0.14658914506435394 -1 -1 -1 -1 -1 -1 -1 -1 -1
0.5421116948127747 0.2988171875476837 0.5134218335151672 -1 -1 -1 -1 -1 -1 -1 -1 -1
0.5539239048957825 0.23556290566921234 0.150666743516922 -1 -1 -1 -1 -1 -1 -1 -1 -1
0.5422708988189697 0.30073171854019165 0.46958282589912415 -1 -1 -1 -1 -1 -1 -1 -1 -1
0.5519298911094666 0.23886531591415405 0.15277966856956482 -1 -1 -1 -1 -1 -1 -1 -1 -1
0.5629115104675293 0.5365495681762695 0.9987402558326721 -1 -1 -1 -1 -1 -1 -1 -1 -1
0.5701781511306763 0.5256685614585876 0.9968286156654358 -1 -1 -1 -1 -1 -1 -1 -1 -1
0.5470919013023376 0.7175143361091614 0.9273065328598022 -1 -1 -1 -1 -1 -1 -1 -1 -1
0.5514103174209595 0.6968610286712646 0.42222732305526733 -1 -1 -1 -1 -1 -1 -1 -1 -1
0.5942620038986206 0.85662841796875 0.9492887258529663 -1 -1 -1 -1 -1 -1 -1 -1 -1
0.5874412059783936 0.8416156768798828 0.4990774691104889 -1 -1 -1 -1 -1 -1 -1 -1 -1
0.6114389300346375 0.874436616897583 0.9517228603363037 -1 -1 -1 -1 -1 -1 -1 -1 -1
0.6034419536590576 0.8625738024711609 0.6121898293495178 -1 -1 -1 -1 -1 -1 -1 -1 -1
0.5627449750900269 0.900343656539917 0.9343087673187256 -1 -1 -1 -1 -1 -1 -1 -1 -1
0.5582313537597656 0.8824166059494019 0.5918037295341492 -1 -1 -1 -1 -1 -1 -1 -1 -1
1 
33 
-1 -1 -1 -1 -1 -1 -1 -1 -1 -1
0.5243716239929199 0.2309742122888565 0.9972895383834839 -1 -1 -1 -1 -1 -1 -1 -1 -1
0.5324284434318542 0.2212248146533966 0.9987564086914062 -1 -1 -1 -1 -1 -1 -1 -1 -1
0.5335693955421448 0.22200438380241394 0.9985138773918152 -1 -1 -1 -1 -1 -1 -1 -1 -1
0.5348135828971863 0.22275644540786743 0.9988705515861511 -1 -1 -1 -1 -1 -1 -1 -1 -1
0.5331149697303772 0.22083565592765808 0.9974537491798401 -1 -1 -1 -1 -1 -1 -1 -1 -1
0.5347349047660828 0.22145873308181763 0.9959534406661987 -1 -1 -1 -1 -1 -1 -1 -1 -1
0.5364956259727478 0.222052663564682 0.997287392616272 -1 -1 -1 -1 -1 -1 -1 -1 -1
0.5436999201774597 0.23887671530246735 0.9985924363136292 -1 -1 -1 -1 -1 -1 -1 -1 -1
0.5454097986221313 0.2380877137184143 0.9945991039276123 -1 -1 -1 -1 -1 -1 -1 -1 -1
0.5275672674179077 0.24749396741390228 0.9936210513114929 -1 -1 -1 -1 -1 -1 -1 -1 -1
0.5278089046478271 0.24747562408447266 0.9919363260269165 -1 -1 -1 -1 -1 -1 -1 -1 -1
0.5405598282814026 0.29129278659820557 0.9989964365959167 -1 -1 -1 -1 -1 -1 -1 -1 -1
0.549088180065155 0.312802791595459 0.9850860834121704 -1 -1 -1 -1 -1 -1 -1 -1 -1
0.5457466244697571 0.18121695518493652 0.9908830523490906 -1 -1 -1 -1 -1 -1 -1 -1 -1
0.5523642301559448 0.24127008020877838 0.052098143845796585 -1 -1 -1 -1 -1 -1 -1 -1 -1
0.5677498579025269 0.12091535329818726 0.9415575265884399 -1 -1 -1 -1 -1 -1 -1 -1 -1
0.5633869171142578 0.14827287197113037 0.12903571128845215 -1 -1 -1 -1 -1 -1 -1 -1 -1
0.5787150859832764 0.09621882438659668 0.9062137007713318 -1 -1 -1 -1 -1 -1 -1 -1 -1
0.5771505832672119 0.12345513701438904 0.1693597435951233 -1 -1 -1 -1 -1 -1 -1 -1 -1
0.5828759074211121 0.10028412938117981 0.8997530937194824 -1 -1 -1 -1 -1 -1 -1 -1 -1
0.5792065858840942 0.12380334734916687 0.17110419273376465 -1 -1 -1 -1 -1 -1 -1 -1 -1
0.5808014869689941 0.10853362083435059 0.8848052024841309 -1 -1 -1 -1 -1 -1 -1 -1 -1
0.5760175585746765 0.1313301920890808 0.1809287667274475 -1 -1 -1 -1 -1 -1 -1 -1 -1
0.5371991991996765 0.5120888948440552 0.9991025924682617 -1 -1 -1 -1 -1 -1 -1 -1 -1
0.5371286273002625 0.5073264241218567 0.9981430768966675 -1 -1 -1 -1 -1 -1 -1 -1 -1
0.5510327816009521 0.6756059527397156 0.9565468430519104 -1 -1 -1 -1 -1 -1 -1 -1 -1
0.5487385392189026 0.6705919504165649 0.30481600761413574 -1 -1 -1 -1 -1 -1 -1 -1 -1
0.5845816731452942 0.8424739837646484 0.9674248695373535 -1 -1 -1 -1 -1 -1 -1 -1 -1
0.580737292766571 0.8437162041664124 0.5583707690238953 -1 -1 -1 -1 -1 -1 -1 -1 -1
0.5966627597808838 0.8509119749069214 0.9701535105705261 -1 -1 -1 -1 -1 -1 -1 -1 -1
0.5910505056381226 0.854640007019043 0.7272312641143799 -1 -1 -1 -1 -1 -1 -1 -1 -1
0.5567877292633057 0.8986951112747192 0.9720697402954102 -1 -1 -1 -1 -1 -1 -1 -1 -1
0.5523938536643982 0.8921570181846619 0.7360348105430603 -1 -1 -1 -1 -1 -1 -1 -1 -1
1 
33 
-1 -1 -1 -1 -1 -1 -1 -1 -1 -1
0.5381713509559631 0.20321208238601685 0.9990081191062927 -1 -1 -1 -1 -1 -1 -1 -1 -1
0.5467677116394043 0.20103409886360168 0.999300479888916 -1 -1 -1 -1 -1 -1 -1 -1 -1
0.5477472543716431 0.2035398781299591 0.9992700219154358 -1 -1 -1 -1 -1 -1 -1 -1 -1
0.548678994178772 0.2062406837940216 0.9993152618408203 -1 -1 -1 -1 -1 -1 -1 -1 -1
0.5466151833534241 0.19964686036109924 0.9984643459320068 -1 -1 -1 -1 -1 -1 -1 -1 -1
0.5474555492401123 0.2009654939174652 0.9980626702308655 -1 -1 -1 -1 -1 -1 -1 -1 -1
0.5482650399208069 0.20227476954460144 0.9985753297805786 -1 -1 -1 -1 -1 -1 -1 -1 -1
0.555336594581604 0.23221226036548615 0.9990025162696838 -1 -1 -1 -1 -1 -1 -1 -1 -1
0.554359495639801 0.22633096575737 0.99791020154953 -1 -1 -1 -1 -1 -1 -1 -1 -1
0.5375396013259888 0.22155962884426117 0.9970380067825317 -1 -1 -1 -1 -1 -1 -1 -1 -1
0.5369790196418762 0.22053173184394836 0.9965701103210449 -1 -1 -1 -1 -1 -1 -1 -1 -1
0.5422258973121643 0.3005947470664978 0.9990044236183167 -1 -1 -1 -1 -1 -1 -1 -1 -1
0.5476738214492798 0.2834444046020508 0.9967249035835266 -1 -1 -1 -1 -1 -1 -1 -1 -1
0.5726571679115295 0.1860114336013794 0.9925639033317566 -1 -1 -1 -1 -1 -1 -1 -1 -1
0.5663257837295532 0.19047445058822632 0.1993720978498459 -1 -1 -1 -1 -1 -1 -1 -1 -1
0.608495831489563 0.12174496054649353 0.9523508548736572 -1 -1 -1 -1 -1 -1 -1 -1 -1
0.6006280779838562 0.1254303753376007 0.3402292728424072 -1 -1 -1 -1 -1 -1 -1 -1 -1
0.6167991757392883 0.11032694578170776 0.9251614212989807 -1 -1 -1 -1 -1 -1 -1 -1 -1
0.6106118559837341 0.11101239919662476 0.37752050161361694 -1 -1 -1 -1 -1 -1 -1 -1 -1
0.6205122470855713 0.11265730857849121 0.9193150401115417 -1 -1 -1 -1 -1 -1 -1 -1 -1
0.6144413352012634 0.10983780026435852 0.38560912013053894 -1 -1 -1 -1 -1 -1 -1 -1 -1
0.6176868081092834 0.11532124876976013 0.904829204082489 -1 -1 -1 -1 -1 -1 -1 -1 -1
0.6122096180915833 0.11234599351882935 0.4035654366016388 -1 -1 -1 -1 -1 -1 -1 -1 -1
0.5211862325668335 0.5060409307479858 0.9989585876464844 -1 -1 -1 -1 -1 -1 -1 -1 -1
0.5206656455993652 0.49697765707969666 0.9986841082572937 -1 -1 -1 -1 -1 -1 -1 -1 -1
0.5359958410263062 0.637347400188446 0.963901162147522 -1 -1 -1 -1 -1 -1 -1 -1 -1
0.5354861617088318 0.6235997676849365 0.5345396995544434 -1 -1 -1 -1 -1 -1 -1 -1 -1
0.5743419528007507 0.8033320903778076 0.9790830016136169 -1 -1 -1 -1 -1 -1 -1 -1 -1
0.5701667666435242 0.7988091111183167 0.6597703099250793 -1 -1 -1 -1 -1 -1 -1 -1 -1
0.5846596956253052 0.802403450012207 0.9810448884963989 -1 -1 -1 -1 -1 -1 -1 -1 -1
0.5814470052719116 0.800190269947052 0.7795237898826599 -1 -1 -1 -1 -1 -1 -1 -1 -1
0.5680180191993713 0.8867650628089905 0.9848787188529968 -1 -1 -1 -1 -1 -1 -1 -1 -1
0.562209963798523 0.8767660856246948 0.8014615774154663 -1 -1 -1 -1 -1 -1 -1 -1 -1
1 
33 
-1 -1 -1 -1 -1 -1 -1 -1 -1 -1
0.544683575630188 0.1936420202255249 0.9987068176269531 -1 -1 -1 -1 -1 -1 -1 -1 -1
0.5537974834442139 0.1918753683567047 0.9990973472595215 -1 -1 -1 -1 -1 -1 -1 -1 -1
0.5546388626098633 0.1936759352684021 0.9990391731262207 -1 -1 -1 -1 -1 -1 -1 -1 -1
0.5553829073905945 0.1955377757549286 0.9991389513015747 -1 -1 -1 -1 -1 -1 -1 -1 -1
0.5536869764328003 0.19161304831504822 0.9983489513397217 -1 -1 -1 -1 -1 -1 -1 -1 -1
0.5545363426208496 0.1931867003440857 0.9979884624481201 -1 -1 -1 -1 -1 -1 -1 -1 -1
0.5552923679351807 0.1946832537651062 0.998612642288208 -1 -1 -1 -1 -1 -1 -1 -1 -1
0.5602080821990967 0.21950659155845642 0.9989914298057556 -1 -1 -1 -1 -1 -1 -1 -1 -1
0.5589497089385986 0.2148618996143341 0.9976850748062134 -1 -1 -1 -1 -1 -1 -1 -1 -1
0.5419565439224243 0.20727550983428955 0.996687114238739 -1 -1 -1 -1 -1 -1 -1 -1 -1
0.5417100191116333 0.2070954144001007 0.9961382746696472 -1 -1 -1 -1 -1 -1 -1 -1 -1
0.5507463812828064 0.2776632308959961 0.9991567134857178 -1 -1 -1 -1 -1 -1 -1 -1 -1
0.5483030080795288 0.26084601879119873 0.9961047172546387 -1 -1 -1 -1 -1 -1 -1 -1 -1
0.5881180763244629 0.1893768608570099 0.9969706535339355 -1 -1 -1 -1 -1 -1 -1 -1 -1
0.5780771374702454 0.17832669615745544 0.30080097913742065 -1 -1 -1 -1 -1 -1 -1 -1 -1
0.6301476955413818 0.13154464960098267 0.9639065861701965 -1 -1 -1 -1 -1 -1 -1 -1 -1
0.6212737560272217 0.1249217689037323 0.4523693025112152 -1 -1 -1 -1 -1 -1 -1 -1 -1
0.6414443850517273 0.11824199557304382 0.9332903623580933 -1 -1 -1 -1 -1 -1 -1 -1 -1
0.633990466594696 0.11101523041725159 0.4716585576534271 -1 -1 -1 -1 -1 -1 -1 -1 -1
0.6438926458358765 0.11993041634559631 0.9269618391990662 -1 -1 -1 -1 -1 -1 -1 -1 -1
0.6371009349822998 0.11290478706359863 0.47484317421913147 -1 -1 -1 -1 -1 -1 -1 -1 -1
0.6394386291503906 0.12437364459037781 0.9169814586639404 -1 -1 -1 -1 -1 -1 -1 -1 -1
0.632793664932251 0.11674141883850098 0.4941771626472473 -1 -1 -1 -1 -1 -1 -1 -1 -1
0.5132884383201599 0.4902615249156952 0.9983081817626953 -1 -1 -1 -1 -1 -1 -1 -1 -1
0.5117680430412292 0.4783688187599182 0.9970224499702454 -1 -1 -1 -1 -1 -1 -1 -1 -1
0.5271098613739014 0.6369326114654541 0.9660277366638184 -1 -1 -1 -1 -1 -1 -1 -1 -1
0.5259955525398254 0.6315433979034424 0.44826921820640564 -1 -1 -1 -1 -1 -1 -1 -1 -1
0.5526248216629028 0.8126242160797119 0.9718940258026123 -1 -1 -1 -1 -1 -1 -1 -1 -1
0.549085795879364 0.7919095158576965 0.5961448550224304 -1 -1 -1 -1 -1 -1 -1 -1 -1
0.5790127515792847 0.8236633539199829 0.9696230888366699 -1 -1 -1 -1 -1 -1 -1 -1 -1
0.5620559453964233 0.8193257451057434 0.7922760248184204 -1 -1 -1 -1 -1 -1 -1 -1 -1
0.5377546548843384 0.8826918005943298 0.9743736982345581 -1 -1 -1 -1 -1 -1 -1 -1 -1
0.5426728129386902 0.8570703268051147 0.7585821747779846 -1 -1 -1 -1 -1 -1 -1 -1 -1
1 
33 
-1 -1 -1 -1 -1 -1 -1 -1 -1 -1
0.5636134147644043 0.19035032391548157 0.9985343217849731 -1 -1 -1 -1 -1 -1 -1 -1 -1
0.5730401277542114 0.18911516666412354 0.999081015586853 -1 -1 -1 -1 -1 -1 -1 -1 -1
0.5734350681304932 0.1909008026123047 0.9988459348678589 -1 -1 -1 -1 -1 -1 -1 -1 -1
0.5739166140556335 0.1928473711013794 0.9990554451942444 -1 -1 -1 -1 -1 -1 -1 -1 -1
0.5735797882080078 0.18755078315734863 0.998434841632843 -1 -1 -1 -1 -1 -1 -1 -1 -1
0.5742738842964172 0.18813806772232056 0.9978554844856262 -1 -1 -1 -1 -1 -1 -1 -1 -1
0.5749497413635254 0.1887660026550293 0.9986482262611389 -1 -1 -1 -1 -1 -1 -1 -1 -1
0.5754422545433044 0.21017591655254364 0.9989033937454224 -1 -1 -1 -1 -1 -1 -1 -1 -1
0.5742758512496948 0.20539718866348267 0.9977007508277893 -1 -1 -1 -1 -1 -1 -1 -1 -1
0.5585414171218872 0.20471125841140747 0.9957085847854614 -1 -1 -1 -1 -1 -1 -1 -1 -1
0.5591201186180115 0.20229727029800415 0.9952787160873413 -1 -1 -1 -1 -1 -1 -1 -1 -1
0.5562976598739624 0.25483429431915283 0.9993139505386353 -1 -1 -1 -1 -1 -1 -1 -1 -1
0.5511336922645569 0.25549519062042236 0.9940049052238464 -1 -1 -1 -1 -1 -1 -1 -1 -1
0.5981507897377014 0.17701184749603271 0.9934120774269104 -1 -1 -1 -1 -1 -1 -1 -1 -1
0.5922804474830627 0.17979711294174194 0.17020459473133087 -1 -1 -1 -1 -1 -1 -1 -1 -1
0.6454744338989258 0.12742948532104492 0.9463711380958557 -1 -1 -1 -1 -1 -1 -1 -1 -1
0.6350136995315552 0.1373910903930664 0.26789072155952454 -1 -1 -1 -1 -1 -1 -1 -1 -1
0.6576382517814636 0.11437016725540161 0.9070186018943787 -1 -1 -1 -1 -1 -1 -1 -1 -1
0.6472535133361816 0.12332135438919067 0.2837941646575928 -1 -1 -1 -1 -1 -1 -1 -1 -1
0.6589359641075134 0.11451229453086853 0.9026291966438293 -1 -1 -1 -1 -1 -1 -1 -1 -1
0.6502398252487183 0.12077751755714417 0.27920734882354736 -1 -1 -1 -1 -1 -1 -1 -1 -1
0.6544230580329895 0.11951521039009094 0.8987906575202942 -1 -1 -1 -1 -1 -1 -1 -1 -1
0.64640873670578 0.12544095516204834 0.2886315882205963 -1 -1 -1 -1 -1 -1 -1 -1 -1
0.49618229269981384 0.46669209003448486 0.9987039566040039 -1 -1 -1 -1 -1 -1 -1 -1 -1
0.4914584457874298 0.4642305374145508 0.9964730143547058 -1 -1 -1 -1 -1 -1 -1 -1 -1
0.5063435435295105 0.6298061013221741 0.9023744463920593 -1 -1 -1 -1 -1 -1 -1 -1 -1
0.5061568021774292 0.6136597394943237 0.21761998534202576 -1 -1 -1 -1 -1 -1 -1 -1 -1
0.519269585609436 0.8064801692962646 0.9015557169914246 -1 -1 -1 -1 -1 -1 -1 -1 -1
0.5154718160629272 0.7752004861831665 0.3745547831058502 -1 -1 -1 -1 -1 -1 -1 -1 -1
0.5363801717758179 0.8303165435791016 0.9339126348495483 -1 -1 -1 -1 -1 -1 -1 -1 -1
0.5238263010978699 0.8011713027954102 0.666509211063385 -1 -1 -1 -1 -1 -1 -1 -1 -1
0.4983940124511719 0.8591649532318115 0.9078947305679321 -1 -1 -1 -1 -1 -1 -1 -1 -1
0.49905839562416077 0.8266749382019043 0.5607051253318787 -1 -1 -1 -1 -1 -1 -1 -1 -1
1 
33 
-1 -1 -1 -1 -1 -1 -1 -1 -1 -1
0.5843711495399475 0.20769107341766357 0.998701810836792 -1 -1 -1 -1 -1 -1 -1 -1 -1
0.5875222086906433 0.20235618948936462 0.9987101554870605 -1 -1 -1 -1 -1 -1 -1 -1 -1
0.5863015055656433 0.20091572403907776 0.9986769556999207 -1 -1 -1 -1 -1 -1 -1 -1 -1
0.5855968594551086 0.19994062185287476 0.9985937476158142 -1 -1 -1 -1 -1 -1 -1 -1 -1
0.5903184413909912 0.2087353616952896 0.9977206587791443 -1 -1 -1 -1 -1 -1 -1 -1 -1
0.5910047888755798 0.21090643107891083 0.9975757002830505 -1 -1 -1 -1 -1 -1 -1 -1 -1
0.5917702317237854 0.21341457962989807 0.9979648590087891 -1 -1 -1 -1 -1 -1 -1 -1 -1
0.5809534788131714 0.20700009167194366 0.9986125230789185 -1 -1 -1 -1 -1 -1 -1 -1 -1
0.5858516097068787 0.22252006828784943 0.9975512623786926 -1 -1 -1 -1 -1 -1 -1 -1 -1
0.578719437122345 0.21318849921226501 0.9970489144325256 -1 -1 -1 -1 -1 -1 -1 -1 -1
0.581504225730896 0.21829251945018768 0.9961417317390442 -1 -1 -1 -1 -1 -1 -1 -1 -1
0.5519389510154724 0.22564686834812164 0.9990803003311157 -1 -1 -1 -1 -1 -1 -1 -1 -1
0.562504231929779 0.25588005781173706 0.99687260389328 -1 -1 -1 -1 -1 -1 -1 -1 -1
0.595299243927002 0.1731748729944229 0.9507965445518494 -1 -1 -1 -1 -1 -1 -1 -1 -1
0.6131848692893982 0.19433864951133728 0.5002002120018005 -1 -1 -1 -1 -1 -1 -1 -1 -1
0.6477758288383484 0.13619276881217957 0.9140631556510925 -1 -1 -1 -1 -1 -1 -1 -1 -1
0.6486223936080933 0.13577979803085327 0.6937885880470276 -1 -1 -1 -1 -1 -1 -1 -1 -1
0.6576993465423584 0.11708945035934448 0.8788567781448364 -1 -1 -1 -1 -1 -1 -1 -1 -1
0.6605687141418457 0.11560952663421631 0.6535296440124512 -1 -1 -1 -1 -1 -1 -1 -1 -1
0.6593344211578369 0.11954441666603088 0.8799322247505188 -1 -1 -1 -1 -1 -1 -1 -1 -1
0.6596911549568176 0.11241111159324646 0.6394902467727661 -1 -1 -1 -1 -1 -1 -1 -1 -1
0.6557865738868713 0.12642529606819153 0.8706519603729248 -1 -1 -1 -1 -1 -1 -1 -1 -1
0.6555349230766296 0.12009838223457336 0.6152158379554749 -1 -1 -1 -1 -1 -1 -1 -1 -1
0.4787326157093048 0.42916738986968994 0.9990537762641907 -1 -1 -1 -1 -1 -1 -1 -1 -1
0.48581382632255554 0.4424629211425781 0.9988081455230713 -1 -1 -1 -1 -1 -1 -1 -1 -1
0.48212167620658875 0.5834071636199951 0.9552863240242004 -1 -1 -1 -1 -1 -1 -1 -1 -1
0.48561224341392517 0.5810660123825073 0.8232552409172058 -1 -1 -1 -1 -1 -1 -1 -1 -1
0.4771804213523865 0.7394886016845703 0.9283134341239929 -1 -1 -1 -1 -1 -1 -1 -1 -1
0.47741928696632385 0.7362455129623413 0.821322500705719 -1 -1 -1 -1 -1 -1 -1 -1 -1
0.48434239625930786 0.7601414918899536 0.9345826506614685 -1 -1 -1 -1 -1 -1 -1 -1 -1
0.4777446389198303 0.7645107507705688 0.8883872628211975 -1 -1 -1 -1 -1 -1 -1 -1 -1
0.44957804679870605 0.7959016561508179 0.8745624423027039 -1 -1 -1 -1 -1 -1 -1 -1 -1
0.46285316348075867 0.7805241346359253 0.7606891989707947 -1 -1 -1 -1 -1 -1 -1 -1 -1
1 
33 
-1 -1 -1 -1 -1 -1 -1 -1 -1 -1
0.5789449214935303 0.19955816864967346 0.997171938419342 -1 -1 -1 -1 -1 -1 -1 -1 -1
0.5813258290290833 0.19142282009124756 0.9973539113998413 -1 -1 -1 -1 -1 -1 -1 -1 -1
0.5797131061553955 0.1895272433757782 0.9967491626739502 -1 -1 -1 -1 -1 -1 -1 -1 -1
0.577545166015625 0.18680216372013092 0.9970539808273315 -1 -1 -1 -1 -1 -1 -1 -1 -1
0.587057888507843 0.199819415807724 0.9961152076721191 -1 -1 -1 -1 -1 -1 -1 -1 -1
0.5889030694961548 0.20293980836868286 0.9951614737510681 -1 -1 -1 -1 -1 -1 -1 -1 -1
0.5914959907531738 0.2077033370733261 0.9963184595108032 -1 -1 -1 -1 -1 -1 -1 -1 -1
0.5750395059585571 0.19488634169101715 0.9975161552429199 -1 -1 -1 -1 -1 -1 -1 -1 -1
0.5886796116828918 0.21811270713806152 0.9951357245445251 -1 -1 -1 -1 -1 -1 -1 -1 -1
0.5713379383087158 0.20331764221191406 0.9952598214149475 -1 -1 -1 -1 -1 -1 -1 -1 -1
0.5774810910224915 0.2127639502286911 0.9942055344581604 -1 -1 -1 -1 -1 -1 -1 -1 -1
0.542834997177124 0.21124689280986786 0.9986447691917419 -1 -1 -1 -1 -1 -1 -1 -1 -1
0.5697002410888672 0.25887322425842285 0.9942291975021362 -1 -1 -1 -1 -1 -1 -1 -1 -1
0.5895735621452332 0.15071703493595123 0.8813888430595398 -1 -1 -1 -1 -1 -1 -1 -1 -1
0.6123703718185425 0.2165190577507019 0.42263472080230713 -1 -1 -1 -1 -1 -1 -1 -1 -1
0.6430102586746216 0.13348068296909332 0.8518322706222534 -1 -1 -1 -1 -1 -1 -1 -1 -1
0.6441094875335693 0.14688970148563385 0.6194981336593628 -1 -1 -1 -1 -1 -1 -1 -1 -1
0.6540504693984985 0.11367645859718323 0.8218473792076111 -1 -1 -1 -1 -1 -1 -1 -1 -1
0.6556685566902161 0.1275193691253662 0.6134377121925354 -1 -1 -1 -1 -1 -1 -1 -1 -1
0.6565079689025879 0.11760303378105164 0.8259627223014832 -1 -1 -1 -1 -1 -1 -1 -1 -1
0.6565026044845581 0.12224525213241577 0.6008020043373108 -1 -1 -1 -1 -1 -1 -1 -1 -1
0.65286785364151 0.12540492415428162 0.8167725801467896 -1 -1 -1 -1 -1 -1 -1 -1 -1
0.6525156497955322 0.12780198454856873 0.5710410475730896 -1 -1 -1 -1 -1 -1 -1 -1 -1
0.4733291566371918 0.3902409076690674 0.999427080154419 -1 -1 -1 -1 -1 -1 -1 -1 -1
0.4874376356601715 0.40116050839424133 0.999032735824585 -1 -1 -1 -1 -1 -1 -1 -1 -1
0.4566984176635742 0.5462279319763184 0.9062199592590332 -1 -1 -1 -1 -1 -1 -1 -1 -1
0.46141183376312256 0.5469982624053955 0.7007269859313965 -1 -1 -1 -1 -1 -1 -1 -1 -1
0.44058170914649963 0.7096198797225952 0.8602656722068787 -1 -1 -1 -1 -1 -1 -1 -1 -1
0.4419470429420471 0.7096028327941895 0.7475609183311462 -1 -1 -1 -1 -1 -1 -1 -1 -1
0.4426937699317932 0.7526298761367798 0.8965721726417542 -1 -1 -1 -1 -1 -1 -1 -1 -1
0.4433445334434509 0.7350913286209106 0.8480544090270996 -1 -1 -1 -1 -1 -1 -1 -1 -1
0.414825975894928 0.7601817846298218 0.7119653820991516 -1 -1 -1 -1 -1 -1 -1 -1 -1
0.4221947193145752 0.7559964656829834 0.5817711353302002 -1 -1 -1 -1 -1 -1 -1 -1 -1
1 
33 
-1 -1 -1 -1 -1 -1 -1 -1 -1 -1
0.5798382759094238 0.20566514134407043 0.9966899156570435 -1 -1 -1 -1 -1 -1 -1 -1 -1
0.5816653370857239 0.1986624300479889 0.9963783621788025 -1 -1 -1 -1 -1 -1 -1 -1 -1
0.5804493427276611 0.1969047635793686 0.9955653548240662 -1 -1 -1 -1 -1 -1 -1 -1 -1
0.5792734622955322 0.19522853195667267 0.9957173466682434 -1 -1 -1 -1 -1 -1 -1 -1 -1
0.5851694345474243 0.2049352377653122 0.9952362179756165 -1 -1 -1 -1 -1 -1 -1 -1 -1
0.5862643122673035 0.20742519199848175 0.9945437908172607 -1 -1 -1 -1 -1 -1 -1 -1 -1
0.5874476432800293 0.21036431193351746 0.9952166080474854 -1 -1 -1 -1 -1 -1 -1 -1 -1
0.5737775564193726 0.19933843612670898 0.9957526922225952 -1 -1 -1 -1 -1 -1 -1 -1 -1
0.5837078094482422 0.22041788697242737 0.9938769936561584 -1 -1 -1 -1 -1 -1 -1 -1 -1
0.5735200643539429 0.21093854308128357 0.9951850771903992 -1 -1 -1 -1 -1 -1 -1 -1 -1
0.5769281983375549 0.21725758910179138 0.9940783977508545 -1 -1 -1 -1 -1 -1 -1 -1 -1
0.545739471912384 0.1978737860918045 0.9967010617256165 -1 -1 -1 -1 -1 -1 -1 -1 -1
0.5692163705825806 0.2649446725845337 0.9953578114509583 -1 -1 -1 -1 -1 -1 -1 -1 -1
0.5854966640472412 0.14489401876926422 0.8627479672431946 -1 -1 -1 -1 -1 -1 -1 -1 -1
0.6150532960891724 0.21187341213226318 0.757651150226593 -1 -1 -1 -1 -1 -1 -1 -1 -1
0.6384884119033813 0.12193435430526733 0.8762805461883545 -1 -1 -1 -1 -1 -1 -1 -1 -1
0.644310712814331 0.13696888089179993 0.8505096435546875 -1 -1 -1 -1 -1 -1 -1 -1 -1
0.6491140723228455 0.10586720705032349 0.8507997393608093 -1 -1 -1 -1 -1 -1 -1 -1 -1
0.6560304164886475 0.12596020102500916 0.8307979702949524 -1 -1 -1 -1 -1 -1 -1 -1 -1
0.6511101126670837 0.10910838842391968 0.8538736701011658 -1 -1 -1 -1 -1 -1 -1 -1 -1
0.6556075215339661 0.11858862638473511 0.819409191608429 -1 -1 -1 -1 -1 -1 -1 -1 -1
0.647209107875824 0.11645200848579407 0.8441289067268372 -1 -1 -1 -1 -1 -1 -1 -1 -1
0.6519696712493896 0.12253862619400024 0.7826769351959229 -1 -1 -1 -1 -1 -1 -1 -1 -1
0.465869277715683 0.37645360827445984 0.9991481304168701 -1 -1 -1 -1 -1 -1 -1 -1 -1
0.4876774847507477 0.39000847935676575 0.9990794658660889 -1 -1 -1 -1 -1 -1 -1 -1 -1
0.4366703927516937 0.5103769302368164 0.9290112257003784 -1 -1 -1 -1 -1 -1 -1 -1 -1
0.44954267144203186 0.5178471207618713 0.8835417628288269 -1 -1 -1 -1 -1 -1 -1 -1 -1
0.4029069244861603 0.6588498950004578 0.8795508742332458 -1 -1 -1 -1 -1 -1 -1 -1 -1
0.4095405638217926 0.6627042293548584 0.8846714496612549 -1 -1 -1 -1 -1 -1 -1 -1 -1
0.40295425057411194 0.677634596824646 0.9167953729629517 -1 -1 -1 -1 -1 -1 -1 -1 -1
0.40922048687934875 0.6782670617103577 0.9246516227722168 -1 -1 -1 -1 -1 -1 -1 -1 -1
0.376836895942688 0.6989586353302002 0.7667009234428406 -1 -1 -1 -1 -1 -1 -1 -1 -1
0.3893730342388153 0.7002103328704834 0.745392382144928 -1 -1 -1 -1 -1 -1 -1 -1 -1
1 
33 
-1 -1 -1 -1 -1 -1 -1 -1 -1 -1
0.5812826156616211 0.22683334350585938 0.9982452392578125 -1 -1 -1 -1 -1 -1 -1 -1 -1
0.5840668082237244 0.21943159401416779 0.9976175427436829 -1 -1 -1 -1 -1 -1 -1 -1 -1
0.5837118625640869 0.21867145597934723 0.9965613484382629 -1 -1 -1 -1 -1 -1 -1 -1 -1
0.5835899114608765 0.21765843033790588 0.9973649382591248 -1 -1 -1 -1 -1 -1 -1 -1 -1
0.5846306681632996 0.21963737905025482 0.9978156089782715 -1 -1 -1 -1 -1 -1 -1 -1 -1
0.5844891667366028 0.21897628903388977 0.9972463846206665 -1 -1 -1 -1 -1 -1 -1 -1 -1
0.5845367908477783 0.21829836070537567 0.9981592297554016 -1 -1 -1 -1 -1 -1 -1 -1 -1
0.577923595905304 0.21699251234531403 0.9959565997123718 -1 -1 -1 -1 -1 -1 -1 -1 -1
0.5790627002716064 0.21907077729701996 0.9973793029785156 -1 -1 -1 -1 -1 -1 -1 -1 -1
0.5755129456520081 0.2331027388572693 0.9968265295028687 -1 -1 -1 -1 -1 -1 -1 -1 -1
0.5760331749916077 0.2309781312942505 0.9972713589668274 -1 -1 -1 -1 -1 -1 -1 -1 -1
0.5503619909286499 0.22743183374404907 0.9958413243293762 -1 -1 -1 -1 -1 -1 -1 -1 -1
0.5523171424865723 0.2435842901468277 0.9984397292137146 -1 -1 -1 -1 -1 -1 -1 -1 -1
0.599299967288971 0.20247194170951843 0.8035693168640137 -1 -1 -1 -1 -1 -1 -1 -1 -1
0.5991725921630859 0.17500755190849304 0.9843502044677734 -1 -1 -1 -1 -1 -1 -1 -1 -1
0.64241623878479 0.15683171153068542 0.8421891331672668 -1 -1 -1 -1 -1 -1 -1 -1 -1
0.6394418478012085 0.13818460702896118 0.9743750095367432 -1 -1 -1 -1 -1 -1 -1 -1 -1
0.6504678726196289 0.1372247040271759 0.7887183427810669 -1 -1 -1 -1 -1 -1 -1 -1 -1
0.651010274887085 0.12949395179748535 0.9484090805053711 -1 -1 -1 -1 -1 -1 -1 -1 -1
0.6500052213668823 0.13957926630973816 0.7805278897285461 -1 -1 -1 -1 -1 -1 -1 -1 -1
0.6502756476402283 0.12898042798042297 0.9409221410751343 -1 -1 -1 -1 -1 -1 -1 -1 -1
0.6459338665008545 0.14629274606704712 0.7851659059524536 -1 -1 -1 -1 -1 -1 -1 -1 -1
0.6462641358375549 0.1329803466796875 0.9289944171905518 -1 -1 -1 -1 -1 -1 -1 -1 -1
0.4629969298839569 0.38820844888687134 0.9987435936927795 -1 -1 -1 -1 -1 -1 -1 -1 -1
0.4727488160133362 0.4023134708404541 0.998492956161499 -1 -1 -1 -1 -1 -1 -1 -1 -1
0.42204543948173523 0.4925163984298706 0.7005546689033508 -1 -1 -1 -1 -1 -1 -1 -1 -1
0.4213961362838745 0.4998375177383423 0.9015558958053589 -1 -1 -1 -1 -1 -1 -1 -1 -1
0.36946290731430054 0.6282858848571777 0.732056200504303 -1 -1 -1 -1 -1 -1 -1 -1 -1
0.37293708324432373 0.6277746558189392 0.9107608199119568 -1 -1 -1 -1 -1 -1 -1 -1 -1
0.36417099833488464 0.6429715156555176 0.6622377634048462 -1 -1 -1 -1 -1 -1 -1 -1 -1
0.36812856793403625 0.6414780020713806 0.9006514549255371 -1 -1 -1 -1 -1 -1 -1 -1 -1
0.3483394384384155 0.6607034206390381 0.7225832939147949 -1 -1 -1 -1 -1 -1 -1 -1 -1
0.35361284017562866 0.6611178517341614 0.8703810572624207 -1 -1 -1 -1 -1 -1 -1 -1 -1
1 
33 
-1 -1 -1 -1 -1 -1 -1 -1 -1 -1
0.5829498767852783 0.24004621803760529 0.989387035369873 -1 -1 -1 -1 -1 -1 -1 -1 -1
0.5853655338287354 0.23007522523403168 0.9865893125534058 -1 -1 -1 -1 -1 -1 -1 -1 -1
0.5844258666038513 0.22742943465709686 0.9826635718345642 -1 -1 -1 -1 -1 -1 -1 -1 -1
0.5836514830589294 0.2243226021528244 0.985109806060791 -1 -1 -1 -1 -1 -1 -1 -1 -1
0.5881752371788025 0.23499585688114166 0.9848632216453552 -1 -1 -1 -1 -1 -1 -1 -1 -1
0.5890445113182068 0.23604716360569 0.9813249707221985 -1 -1 -1 -1 -1 -1 -1 -1 -1
0.5901127457618713 0.23703718185424805 0.9832797050476074 -1 -1 -1 -1 -1 -1 -1 -1 -1
0.5791088342666626 0.22238579392433167 0.9825435280799866 -1 -1 -1 -1 -1 -1 -1 -1 -1
0.5874298810958862 0.24034835398197174 0.9765053987503052 -1 -1 -1 -1 -1 -1 -1 -1 -1
0.5767670273780823 0.24281924962997437 0.9890978336334229 -1 -1 -1 -1 -1 -1 -1 -1 -1
0.5792773962020874 0.24675489962100983 0.9861279726028442 -1 -1 -1 -1 -1 -1 -1 -1 -1
0.5512269139289856 0.2226012796163559 0.9953442215919495 -1 -1 -1 -1 -1 -1 -1 -1 -1
0.5737223625183105 0.29022809863090515 0.9969468712806702 -1 -1 -1 -1 -1 -1 -1 -1 -1
0.5799175500869751 0.1610584408044815 0.5964353680610657 -1 -1 -1 -1 -1 -1 -1 -1 -1
0.6226301193237305 0.25414398312568665 0.9642254114151001 -1 -1 -1 -1 -1 -1 -1 -1 -1
0.6247398257255554 0.14562386274337769 0.7865551114082336 -1 -1 -1 -1 -1 -1 -1 -1 -1
0.6470020413398743 0.1911347210407257 0.964673638343811 -1 -1 -1 -1 -1 -1 -1 -1 -1
0.6336103677749634 0.1337594985961914 0.766014575958252 -1 -1 -1 -1 -1 -1 -1 -1 -1
0.6565916538238525 0.17959971725940704 0.9466421604156494 -1 -1 -1 -1 -1 -1 -1 -1 -1
0.6361321806907654 0.1452389508485794 0.7684302926063538 -1 -1 -1 -1 -1 -1 -1 -1 -1
0.6532022953033447 0.17255735397338867 0.941434919834137 -1 -1 -1 -1 -1 -1 -1 -1 -1
0.6344531774520874 0.15035194158554077 0.7599003314971924 -1 -1 -1 -1 -1 -1 -1 -1 -1
0.6496562957763672 0.17456351220607758 0.9236730337142944 -1 -1 -1 -1 -1 -1 -1 -1 -1
0.45633119344711304 0.3784874975681305 0.9987926483154297 -1 -1 -1 -1 -1 -1 -1 -1 -1
0.4723570644855499 0.4066532552242279 0.998725950717926 -1 -1 -1 -1 -1 -1 -1 -1 -1
0.3960319459438324 0.47647467255592346 0.709522008895874 -1 -1 -1 -1 -1 -1 -1 -1 -1
0.39748314023017883 0.4829806685447693 0.9159104824066162 -1 -1 -1 -1 -1 -1 -1 -1 -1
0.33346670866012573 0.5893634557723999 0.7774180173873901 -1 -1 -1 -1 -1 -1 -1 -1 -1
0.33519506454467773 0.5926655530929565 0.9385787844657898 -1 -1 -1 -1 -1 -1 -1 -1 -1
0.3281539976596832 0.5984753370285034 0.8006092309951782 -1 -1 -1 -1 -1 -1 -1 -1 -1
0.3317124843597412 0.6018909215927124 0.9522800445556641 -1 -1 -1 -1 -1 -1 -1 -1 -1
0.3094440698623657 0.6266346573829651 0.6638751029968262 -1 -1 -1 -1 -1 -1 -1 -1 -1
0.31020477414131165 0.6304251551628113 0.8250494003295898 -1 -1 -1 -1 -1 -1 -1 -1 -1
1 
33 
-1 -1 -1 -1 -1 -1 -1 -1 -1 -1
0.5902374982833862 0.27993518114089966 0.9972783923149109 -1 -1 -1 -1 -1 -1 -1 -1 -1
0.5954916477203369 0.2766566574573517 0.9938640594482422 -1 -1 -1 -1 -1 -1 -1 -1 -1
0.5955942869186401 0.2781454920768738 0.9879155158996582 -1 -1 -1 -1 -1 -1 -1 -1 -1
0.5958430171012878 0.2796398997306824 0.9927461743354797 -1 -1 -1 -1 -1 -1 -1 -1 -1
0.5948381423950195 0.27097195386886597 0.9960379600524902 -1 -1 -1 -1 -1 -1 -1 -1 -1
0.5943348407745361 0.26845473051071167 0.9943228960037231 -1 -1 -1 -1 -1 -1 -1 -1 -1
0.5939525961875916 0.26574432849884033 0.9973152279853821 -1 -1 -1 -1 -1 -1 -1 -1 -1
0.5923216938972473 0.2772042751312256 0.9854888319969177 -1 -1 -1 -1 -1 -1 -1 -1 -1
0.5898763537406921 0.2586657702922821 0.9970370531082153 -1 -1 -1 -1 -1 -1 -1 -1 -1
0.5849320292472839 0.2855777144432068 0.9916027188301086 -1 -1 -1 -1 -1 -1 -1 -1 -1
0.5839731693267822 0.2775847911834717 0.9966458678245544 -1 -1 -1 -1 -1 -1 -1 -1 -1
0.5708215236663818 0.3084741532802582 0.9831601977348328 -1 -1 -1 -1 -1 -1 -1 -1 -1
0.5550719499588013 0.24508638679981232 0.9979103207588196 -1 -1 -1 -1 -1 -1 -1 -1 -1
0.6207566261291504 0.29628878831863403 0.5802827477455139 -1 -1 -1 -1 -1 -1 -1 -1 -1
0.562903642654419 0.16985587775707245 0.9930526614189148 -1 -1 -1 -1 -1 -1 -1 -1 -1
0.6395115256309509 0.24585913121700287 0.4858211576938629 -1 -1 -1 -1 -1 -1 -1 -1 -1
0.6114699244499207 0.1806647777557373 0.8877220749855042 -1 -1 -1 -1 -1 -1 -1 -1 -1
0.648566484451294 0.22567133605480194 0.3795035481452942 -1 -1 -1 -1 -1 -1 -1 -1 -1
0.6146664619445801 0.1777666211128235 0.728407621383667 -1 -1 -1 -1 -1 -1 -1 -1 -1
0.6445415616035461 0.22845704853534698 0.3674168884754181 -1 -1 -1 -1 -1 -1 -1 -1 -1
0.619162917137146 0.18957193195819855 0.6959991455078125 -1 -1 -1 -1 -1 -1 -1 -1 -1
0.6416261196136475 0.23060819506645203 0.3813686668872833 -1 -1 -1 -1 -1 -1 -1 -1 -1
0.6175442934036255 0.1929328739643097 0.6723009347915649 -1 -1 -1 -1 -1 -1 -1 -1 -1
0.47379228472709656 0.410940945148468 0.9867668747901917 -1 -1 -1 -1 -1 -1 -1 -1 -1
0.45904776453971863 0.37693479657173157 0.9922637939453125 -1 -1 -1 -1 -1 -1 -1 -1 -1
0.3990008533000946 0.48434150218963623 0.40508702397346497 -1 -1 -1 -1 -1 -1 -1 -1 -1
0.3797912001609802 0.45892199873924255 0.8052886128425598 -1 -1 -1 -1 -1 -1 -1 -1 -1
0.3338378369808197 0.5387042760848999 0.42102736234664917 -1 -1 -1 -1 -1 -1 -1 -1 -1
0.3129534423351288 0.5381793975830078 0.8869893550872803 -1 -1 -1 -1 -1 -1 -1 -1 -1
0.32302460074424744 0.5392218232154846 0.4106903374195099 -1 -1 -1 -1 -1 -1 -1 -1 -1
0.30421334505081177 0.5379752516746521 0.8020891547203064 -1 -1 -1 -1 -1 -1 -1 -1 -1
0.3192463219165802 0.583553671836853 0.5747324228286743 -1 -1 -1 -1 -1 -1 -1 -1 -1
0.29022958874702454 0.583301305770874 0.8540334105491638 -1 -1 -1 -1 -1 -1 -1 -1 -1
1 
33 
-1 -1 -1 -1 -1 -1 -1 -1 -1 -1
0.5916708707809448 0.3243206739425659 0.9910156726837158 -1 -1 -1 -1 -1 -1 -1 -1 -1
0.5961371064186096 0.31526342034339905 0.9892065525054932 -1 -1 -1 -1 -1 -1 -1 -1 -1
0.5961382389068604 0.31410640478134155 0.9838539361953735 -1 -1 -1 -1 -1 -1 -1 -1 -1
0.596167266368866 0.31262779235839844 0.9884570240974426 -1 -1 -1 -1 -1 -1 -1 -1 -1
0.5958956480026245 0.3137964606285095 0.9946094751358032 -1 -1 -1 -1 -1 -1 -1 -1 -1
0.5956540107727051 0.31150633096694946 0.9935227632522583 -1 -1 -1 -1 -1 -1 -1 -1 -1
0.5953797698020935 0.3086942434310913 0.9949465394020081 -1 -1 -1 -1 -1 -1 -1 -1 -1
0.5907525420188904 0.29914745688438416 0.9891721606254578 -1 -1 -1 -1 -1 -1 -1 -1 -1
0.5885274410247803 0.2935540974140167 0.9943411350250244 -1 -1 -1 -1 -1 -1 -1 -1 -1
0.5862610936164856 0.3228532671928406 0.9834192991256714 -1 -1 -1 -1 -1 -1 -1 -1 -1
0.5859403014183044 0.32044750452041626 0.9893115162849426 -1 -1 -1 -1 -1 -1 -1 -1 -1
0.5633377432823181 0.3081991970539093 0.9698161482810974 -1 -1 -1 -1 -1 -1 -1 -1 -1
0.5529918670654297 0.28593191504478455 0.9922119379043579 -1 -1 -1 -1 -1 -1 -1 -1 -1
0.6032533645629883 0.308002769947052 0.1417330950498581 -1 -1 -1 -1 -1 -1 -1 -1 -1
0.564285397529602 0.243167445063591 0.9516756534576416 -1 -1 -1 -1 -1 -1 -1 -1 -1
0.6295462250709534 0.2859956920146942 0.21394240856170654 -1 -1 -1 -1 -1 -1 -1 -1 -1
0.5788785219192505 0.24370430409908295 0.8224560618400574 -1 -1 -1 -1 -1 -1 -1 -1 -1
0.637249231338501 0.28066250681877136 0.2219618558883667 -1 -1 -1 -1 -1 -1 -1 -1 -1
0.5802024006843567 0.24548564851284027 0.7872381806373596 -1 -1 -1 -1 -1 -1 -1 -1 -1
0.6363241076469421 0.27824729681015015 0.22545313835144043 -1 -1 -1 -1 -1 -1 -1 -1 -1
0.5818374156951904 0.24846822023391724 0.7753125429153442 -1 -1 -1 -1 -1 -1 -1 -1 -1
0.6335979700088501 0.28001323342323303 0.24332542717456818 -1 -1 -1 -1 -1 -1 -1 -1 -1
0.5809606313705444 0.24762307107448578 0.7287070751190186 -1 -1 -1 -1 -1 -1 -1 -1 -1
0.4673967659473419 0.41192400455474854 0.9858322143554688 -1 -1 -1 -1 -1 -1 -1 -1 -1
0.45847636461257935 0.38927483558654785 0.9904066920280457 -1 -1 -1 -1 -1 -1 -1 -1 -1
0.38416945934295654 0.45049384236335754 0.2405923455953598 -1 -1 -1 -1 -1 -1 -1 -1 -1
0.37452399730682373 0.44690877199172974 0.761346697807312 -1 -1 -1 -1 -1 -1 -1 -1 -1
0.3123265504837036 0.49588507413864136 0.2359541803598404 -1 -1 -1 -1 -1 -1 -1 -1 -1
0.2977219223976135 0.5099984407424927 0.8643287420272827 -1 -1 -1 -1 -1 -1 -1 -1 -1
0.3079971671104431 0.4849557876586914 0.4240191876888275 -1 -1 -1 -1 -1 -1 -1 -1 -1
0.28488725423812866 0.5057801604270935 0.9192621111869812 -1 -1 -1 -1 -1 -1 -1 -1 -1
0.30276134610176086 0.542585015296936 0.3276802599430084 -1 -1 -1 -1 -1 -1 -1 -1 -1
0.2727199196815491 0.5552413463592529 0.8232394456863403 -1 -1 -1 -1 -1 -1 -1 -1 -1
1 
33 
-1 -1 -1 -1 -1 -1 -1 -1 -1 -1
0.5895202159881592 0.3780128061771393 0.9716609120368958 -1 -1 -1 -1 -1 -1 -1 -1 -1
0.597946286201477 0.36849746108055115 0.9652395248413086 -1 -1 -1 -1 -1 -1 -1 -1 -1
0.5984193682670593 0.36682799458503723 0.9559639096260071 -1 -1 -1 -1 -1 -1 -1 -1 -1
0.5990200042724609 0.36477378010749817 0.9689676761627197 -1 -1 -1 -1 -1 -1 -1 -1 -1
0.5979066491127014 0.3676867187023163 0.9659892320632935 -1 -1 -1 -1 -1 -1 -1 -1 -1
0.598319411277771 0.365594744682312 0.9559416770935059 -1 -1 -1 -1 -1 -1 -1 -1 -1
0.5988911986351013 0.36320146918296814 0.9614275097846985 -1 -1 -1 -1 -1 -1 -1 -1 -1
0.5984429121017456 0.348388135433197 0.94425368309021 -1 -1 -1 -1 -1 -1 -1 -1 -1
0.5980913639068604 0.3462172746658325 0.9432153105735779 -1 -1 -1 -1 -1 -1 -1 -1 -1
0.5845910906791687 0.3743535578250885 0.9488014578819275 -1 -1 -1 -1 -1 -1 -1 -1 -1
0.5843989253044128 0.37182313203811646 0.9496781826019287 -1 -1 -1 -1 -1 -1 -1 -1 -1
0.5652485489845276 0.35802868008613586 0.9904550909996033 -1 -1 -1 -1 -1 -1 -1 -1 -1
0.5682052969932556 0.3174980580806732 0.9960845708847046 -1 -1 -1 -1 -1 -1 -1 -1 -1
0.5192813277244568 0.37674424052238464 0.053288768976926804 -1 -1 -1 -1 -1 -1 -1 -1 -1
0.529833972454071 0.3036555349826813 0.6488872766494751 -1 -1 -1 -1 -1 -1 -1 -1 -1
0.5095729827880859 0.40032508969306946 0.06748919934034348 -1 -1 -1 -1 -1 -1 -1 -1 -1
0.5331443548202515 0.34266796708106995 0.4758008122444153 -1 -1 -1 -1 -1 -1 -1 -1 -1
0.5029253363609314 0.4050532281398773 0.08699435740709305 -1 -1 -1 -1 -1 -1 -1 -1 -1
0.5306779742240906 0.35041388869285583 0.4985494613647461 -1 -1 -1 -1 -1 -1 -1 -1 -1
0.5115922093391418 0.4084776043891907 0.09462735801935196 -1 -1 -1 -1 -1 -1 -1 -1 -1
0.5373479127883911 0.3529859185218811 0.4855237305164337 -1 -1 -1 -1 -1 -1 -1 -1 -1
0.514145016670227 0.4080023765563965 0.09506476670503616 -1 -1 -1 -1 -1 -1 -1 -1 -1
0.5379947423934937 0.3489777147769928 0.4162152111530304 -1 -1 -1 -1 -1 -1 -1 -1 -1
0.4610198438167572 0.4118868112564087 0.9765951037406921 -1 -1 -1 -1 -1 -1 -1 -1 -1
0.4548431932926178 0.394061803817749 0.9804861545562744 -1 -1 -1 -1 -1 -1 -1 -1 -1
0.3789069354534149 0.43890810012817383 0.20758143067359924 -1 -1 -1 -1 -1 -1 -1 -1 -1
0.3673297166824341 0.4414753019809723 0.7900395393371582 -1 -1 -1 -1 -1 -1 -1 -1 -1
0.2979927957057953 0.48289066553115845 0.2857675850391388 -1 -1 -1 -1 -1 -1 -1 -1 -1
0.2870481312274933 0.49415498971939087 0.8453652858734131 -1 -1 -1 -1 -1 -1 -1 -1 -1
0.28879931569099426 0.47366854548454285 0.4147655665874481 -1 -1 -1 -1 -1 -1 -1 -1 -1
0.276076078414917 0.4865073561668396 0.8135696053504944 -1 -1 -1 -1 -1 -1 -1 -1 -1
0.2763451337814331 0.5172237157821655 0.3915117084980011 -1 -1 -1 -1 -1 -1 -1 -1 -1
0.257887065410614 0.5394705533981323 0.7963520884513855 -1 -1 -1 -1 -1 -1 -1 -1 -1
1 
33 
-1 -1 -1 -1 -1 -1 -1 -1 -1 -1
0.5877490639686584 0.4709332585334778 0.9785489439964294 -1 -1 -1 -1 -1 -1 -1 -1 -1
0.6011542081832886 0.4681219756603241 0.9794584512710571 -1 -1 -1 -1 -1 -1 -1 -1 -1
0.6010830998420715 0.4674255847930908 0.9790259003639221 -1 -1 -1 -1 -1 -1 -1 -1 -1
0.6011388897895813 0.46679970622062683 0.9830638766288757 -1 -1 -1 -1 -1 -1 -1 -1 -1
0.6015827059745789 0.4659893214702606 0.9775610566139221 -1 -1 -1 -1 -1 -1 -1 -1 -1
0.6018043160438538 0.4638039469718933 0.9754831790924072 -1 -1 -1 -1 -1 -1 -1 -1 -1
0.6021566390991211 0.46186742186546326 0.9763339757919312 -1 -1 -1 -1 -1 -1 -1 -1 -1
0.6022511720657349 0.44968554377555847 0.9733115434646606 -1 -1 -1 -1 -1 -1 -1 -1 -1
0.6040986776351929 0.4445302188396454 0.9612002372741699 -1 -1 -1 -1 -1 -1 -1 -1 -1
0.5921292304992676 0.45511817932128906 0.9660565257072449 -1 -1 -1 -1 -1 -1 -1 -1 -1
0.5935660600662231 0.44952717423439026 0.9533452391624451 -1 -1 -1 -1 -1 -1 -1 -1 -1
0.5828124284744263 0.4063805341720581 0.9941350817680359 -1 -1 -1 -1 -1 -1 -1 -1 -1
0.5771705508232117 0.40263834595680237 0.9909665584564209 -1 -1 -1 -1 -1 -1 -1 -1 -1
0.5888455510139465 0.434414267539978 0.1667809933423996 -1 -1 -1 -1 -1 -1 -1 -1 -1
0.5897641777992249 0.4369097650051117 0.20733444392681122 -1 -1 -1 -1 -1 -1 -1 -1 -1
0.609542965888977 0.4348534047603607 0.14949709177017212 -1 -1 -1 -1 -1 -1 -1 -1 -1
0.6199102997779846 0.4356215298175812 0.11924045532941818 -1 -1 -1 -1 -1 -1 -1 -1 -1
0.6142832040786743 0.43143409490585327 0.16217480599880219 -1 -1 -1 -1 -1 -1 -1 -1 -1
0.6255152821540833 0.43894243240356445 0.145283505320549 -1 -1 -1 -1 -1 -1 -1 -1 -1
0.6174293160438538 0.42952096462249756 0.16934579610824585 -1 -1 -1 -1 -1 -1 -1 -1 -1
0.6265947222709656 0.4323595464229584 0.1411198228597641 -1 -1 -1 -1 -1 -1 -1 -1 -1
0.6149561405181885 0.4322897493839264 0.16032914817333221 -1 -1 -1 -1 -1 -1 -1 -1 -1
0.6249388456344604 0.4288141429424286 0.11881611496210098 -1 -1 -1 -1 -1 -1 -1 -1 -1
0.47083842754364014 0.37493792176246643 0.9987214207649231 -1 -1 -1 -1 -1 -1 -1 -1 -1
0.47241339087486267 0.36714741587638855 0.9979318380355835 -1 -1 -1 -1 -1 -1 -1 -1 -1
0.3852754831314087 0.4266265034675598 0.26989927887916565 -1 -1 -1 -1 -1 -1 -1 -1 -1
0.3889038562774658 0.421819806098938 0.7516967058181763 -1 -1 -1 -1 -1 -1 -1 -1 -1
0.2964174151420593 0.47936713695526123 0.40368980169296265 -1 -1 -1 -1 -1 -1 -1 -1 -1
0.2956092953681946 0.4789018929004669 0.7539547085762024 -1 -1 -1 -1 -1 -1 -1 -1 -1
0.2830546498298645 0.44946664571762085 0.5772606730461121 -1 -1 -1 -1 -1 -1 -1 -1 -1
0.29185038805007935 0.4512556791305542 0.7967617511749268 -1 -1 -1 -1 -1 -1 -1 -1 -1
0.26893654465675354 0.5146451592445374 0.43123751878738403 -1 -1 -1 -1 -1 -1 -1 -1 -1
0.26313209533691406 0.5195971131324768 0.6362112164497375 -1 -1 -1 -1 -1 -1 -1 -1 -1
1 
33 
-1 -1 -1 -1 -1 -1 -1 -1 -1 -1
0.45987990498542786 0.4000858962535858 0.9748629331588745 -1 -1 -1 -1 -1 -1 -1 -1 -1
0.4546487331390381 0.39335519075393677 0.9830312728881836 -1 -1 -1 -1 -1 -1 -1 -1 -1
0.45538339018821716 0.39115726947784424 0.9801725745201111 -1 -1 -1 -1 -1 -1 -1 -1 -1
0.4477769136428833 0.3875565230846405 0.9834502339363098 -1 -1 -1 -1 -1 -1 -1 -1 -1
0.45205599069595337 0.3974834978580475 0.9752951264381409 -1 -1 -1 -1 -1 -1 -1 -1 -1
0.451019823551178 0.3980693519115448 0.9696497917175293 -1 -1 -1 -1 -1 -1 -1 -1 -1
0.45001938939094543 0.3985786437988281 0.9775395393371582 -1 -1 -1 -1 -1 -1 -1 -1 -1
0.4563586115837097 0.3779861629009247 0.9702203869819641 -1 -1 -1 -1 -1 -1 -1 -1 -1
0.45019689202308655 0.3937687575817108 0.9565586447715759 -1 -1 -1 -1 -1 -1 -1 -1 -1
0.4612317979335785 0.3808300793170929 0.9613338708877563 -1 -1 -1 -1 -1 -1 -1 -1 -1
0.4571307897567749 0.390455424785614 0.9478216171264648 -1 -1 -1 -1 -1 -1 -1 -1 -1
0.48499414324760437 0.36317145824432373 0.9905893802642822 -1 -1 -1 -1 -1 -1 -1 -1 -1
0.4598120450973511 0.4155595600605011 0.9944268465042114 -1 -1 -1 -1 -1 -1 -1 -1 -1
0.4302982687950134 0.4154430031776428 0.5279982686042786 -1 -1 -1 -1 -1 -1 -1 -1 -1
0.4027022421360016 0.4890396296977997 0.6570213437080383 -1 -1 -1 -1 -1 -1 -1 -1 -1
0.3735657334327698 0.45932289958000183 0.4481830894947052 -1 -1 -1 -1 -1 -1 -1 -1 -1
0.2836124897003174 0.514703094959259 0.8163073658943176 -1 -1 -1 -1 -1 -1 -1 -1 -1
0.3597051501274109 0.4720120429992676 0.41652604937553406 -1 -1 -1 -1 -1 -1 -1 -1 -1
0.2693447470664978 0.5322055816650391 0.7817348837852478 -1 -1 -1 -1 -1 -1 -1 -1 -1
0.35822588205337524 0.4708271324634552 0.4273010194301605 -1 -1 -1 -1 -1 -1 -1 -1 -1
0.26615914702415466 0.533013105392456 0.8009878396987915 -1 -1 -1 -1 -1 -1 -1 -1 -1
0.3636901378631592 0.4672357141971588 0.44234389066696167 -1 -1 -1 -1 -1 -1 -1 -1 -1
0.277037650346756 0.5265120267868042 0.8002849221229553 -1 -1 -1 -1 -1 -1 -1 -1 -1
0.5863268971443176 0.48853254318237305 0.9987321496009827 -1 -1 -1 -1 -1 -1 -1 -1 -1
0.5674503445625305 0.5198231339454651 0.9991531372070312 -1 -1 -1 -1 -1 -1 -1 -1 -1
0.5631716847419739 0.49783745408058167 0.21487481892108917 -1 -1 -1 -1 -1 -1 -1 -1 -1
0.5370137095451355 0.5514550805091858 0.31306278705596924 -1 -1 -1 -1 -1 -1 -1 -1 -1
0.5872614979743958 0.5586539506912231 0.11143162101507187 -1 -1 -1 -1 -1 -1 -1 -1 -1
0.5792470574378967 0.5943226218223572 0.16858385503292084 -1 -1 -1 -1 -1 -1 -1 -1 -1
0.5868269801139832 0.5608648061752319 0.11646915227174759 -1 -1 -1 -1 -1 -1 -1 -1 -1
0.5812586545944214 0.5931239724159241 0.19740580022335052 -1 -1 -1 -1 -1 -1 -1 -1 -1
0.6037992238998413 0.5860676169395447 0.14361871778964996 -1 -1 -1 -1 -1 -1 -1 -1 -1
0.604238748550415 0.6184113025665283 0.2118995040655136 -1 -1 -1 -1 -1 -1 -1 -1 -1
1 
33 
-1 -1 -1 -1 -1 -1 -1 -1 -1 -1
0.4897482097148895 0.43606775999069214 0.9975537657737732 -1 -1 -1 -1 -1 -1 -1 -1 -1
0.4932849109172821 0.4348909258842468 0.9980334639549255 -1 -1 -1 -1 -1 -1 -1 -1 -1
0.494971364736557 0.43506288528442383 0.9975438714027405 -1 -1 -1 -1 -1 -1 -1 -1 -1
0.4966493844985962 0.43531736731529236 0.9981691837310791 -1 -1 -1 -1 -1 -1 -1 -1 -1
0.4882636070251465 0.43278688192367554 0.9962316155433655 -1 -1 -1 -1 -1 -1 -1 -1 -1
0.4865512251853943 0.4316256642341614 0.9948916435241699 -1 -1 -1 -1 -1 -1 -1 -1 -1
0.4848536550998688 0.4305381774902344 0.9958433508872986 -1 -1 -1 -1 -1 -1 -1 -1 -1
0.49835333228111267 0.4300413131713867 0.999049961566925 -1 -1 -1 -1 -1 -1 -1 -1 -1
0.48027798533439636 0.4251856803894043 0.9965009689331055 -1 -1 -1 -1 -1 -1 -1 -1 -1
0.4909585416316986 0.4344717264175415 0.9985051155090332 -1 -1 -1 -1 -1 -1 -1 -1 -1
0.4853818714618683 0.43205928802490234 0.9976758360862732 -1 -1 -1 -1 -1 -1 -1 -1 -1
0.49825724959373474 0.41476935148239136 0.9998916387557983 -1 -1 -1 -1 -1 -1 -1 -1 -1
0.4566226601600647 0.41338634490966797 0.9991307854652405 -1 -1 -1 -1 -1 -1 -1 -1 -1
0.5077073574066162 0.4249039888381958 0.7216740250587463 -1 -1 -1 -1 -1 -1 -1 -1 -1
0.4147733449935913 0.42794814705848694 0.6835578680038452 -1 -1 -1 -1 -1 -1 -1 -1 -1
0.5081855058670044 0.46613359451293945 0.12137164175510406 -1 -1 -1 -1 -1 -1 -1 -1 -1
0.3858237564563751 0.4615706205368042 0.4712761342525482 -1 -1 -1 -1 -1 -1 -1 -1 -1
0.5085826516151428 0.4815887212753296 0.08841042220592499 -1 -1 -1 -1 -1 -1 -1 -1 -1
0.3733147978782654 0.46362045407295227 0.3887186646461487 -1 -1 -1 -1 -1 -1 -1 -1 -1
0.5035407543182373 0.47923246026039124 0.0818827897310257 -1 -1 -1 -1 -1 -1 -1 -1 -1
0.3762112855911255 0.46942317485809326 0.41015371680259705 -1 -1 -1 -1 -1 -1 -1 -1 -1
0.5025144815444946 0.47586849331855774 0.10645611584186554 -1 -1 -1 -1 -1 -1 -1 -1 -1
0.38270825147628784 0.47078707814216614 0.4752907454967499 -1 -1 -1 -1 -1 -1 -1 -1 -1
0.490103155374527 0.4613325595855713 0.9999599456787109 -1 -1 -1 -1 -1 -1 -1 -1 -1
0.4740391969680786 0.45879486203193665 0.9999336004257202 -1 -1 -1 -1 -1 -1 -1 -1 -1
0.49646908044815063 0.5157422423362732 0.5234546065330505 -1 -1 -1 -1 -1 -1 -1 -1 -1
0.5058314800262451 0.5226576924324036 0.3529493510723114 -1 -1 -1 -1 -1 -1 -1 -1 -1
0.4877315163612366 0.577751874923706 0.42725592851638794 -1 -1 -1 -1 -1 -1 -1 -1 -1
0.5132531523704529 0.589526891708374 0.4300640821456909 -1 -1 -1 -1 -1 -1 -1 -1 -1
0.4856741428375244 0.5883737802505493 0.679099977016449 -1 -1 -1 -1 -1 -1 -1 -1 -1
0.5133388638496399 0.5977985858917236 0.41620513796806335 -1 -1 -1 -1 -1 -1 -1 -1 -1
0.4848661720752716 0.593415379524231 0.43757233023643494 -1 -1 -1 -1 -1 -1 -1 -1 -1
0.5200759172439575 0.6087117195129395 0.28465893864631653 -1 -1 -1 -1 -1 -1 -1 -1 -1
1 
33 
-1 -1 -1 -1 -1 -1 -1 -1 -1 -1
0.46562036871910095 0.3360905349254608 0.9885075092315674 -1 -1 -1 -1 -1 -1 -1 -1 -1
0.46375513076782227 0.33073100447654724 0.9903182983398438 -1 -1 -1 -1 -1 -1 -1 -1 -1
0.46393266320228577 0.3315408527851105 0.9871087670326233 -1 -1 -1 -1 -1 -1 -1 -1 -1
0.4641677141189575 0.3324224650859833 0.9867336750030518 -1 -1 -1 -1 -1 -1 -1 -1 -1
0.46338486671447754 0.3298782706260681 0.9958459734916687 -1 -1 -1 -1 -1 -1 -1 -1 -1
0.4631651043891907 0.33017438650131226 0.9961094260215759 -1 -1 -1 -1 -1 -1 -1 -1 -1
0.46290427446365356 0.3304488956928253 0.9971988201141357 -1 -1 -1 -1 -1 -1 -1 -1 -1
0.4652032256126404 0.3394232988357544 0.9922060370445251 -1 -1 -1 -1 -1 -1 -1 -1 -1
0.46239903569221497 0.3367528021335602 0.999049961566925 -1 -1 -1 -1 -1 -1 -1 -1 -1
0.46723851561546326 0.34681588411331177 0.9879943132400513 -1 -1 -1 -1 -1 -1 -1 -1 -1
0.46746012568473816 0.3458084464073181 0.9952078461647034 -1 -1 -1 -1 -1 -1 -1 -1 -1
0.49238818883895874 0.38234084844589233 0.9939735531806946 -1 -1 -1 -1 -1 -1 -1 -1 -1
0.4461478292942047 0.40311452746391296 0.9998533725738525 -1 -1 -1 -1 -1 -1 -1 -1 -1
0.4835163950920105 0.40427684783935547 0.09841802716255188 -1 -1 -1 -1 -1 -1 -1 -1 -1
0.37569478154182434 0.4717773199081421 0.9727789759635925 -1 -1 -1 -1 -1 -1 -1 -1 -1
0.4640231430530548 0.387359619140625 0.07963769137859344 -1 -1 -1 -1 -1 -1 -1 -1 -1
0.3092637062072754 0.5300475358963013 0.9391488432884216 -1 -1 -1 -1 -1 -1 -1 -1 -1
0.45684367418289185 0.38486772775650024 0.07553960382938385 -1 -1 -1 -1 -1 -1 -1 -1 -1
0.2874480187892914 0.5483382344245911 0.8952302932739258 -1 -1 -1 -1 -1 -1 -1 -1 -1
0.4546681046485901 0.38142263889312744 0.0766897052526474 -1 -1 -1 -1 -1 -1 -1 -1 -1
0.2868902385234833 0.5530007481575012 0.9129392504692078 -1 -1 -1 -1 -1 -1 -1 -1 -1
0.4572821855545044 0.38396868109703064 0.08207721263170242 -1 -1 -1 -1 -1 -1 -1 -1 -1
0.29561468958854675 0.5461081266403198 0.9012360572814941 -1 -1 -1 -1 -1 -1 -1 -1 -1
0.5119568705558777 0.6128715872764587 0.9998834133148193 -1 -1 -1 -1 -1 -1 -1 -1 -1
0.4818592369556427 0.6300632357597351 0.9999516010284424 -1 -1 -1 -1 -1 -1 -1 -1 -1
0.5245726704597473 0.6163957118988037 0.5697693824768066 -1 -1 -1 -1 -1 -1 -1 -1 -1
0.4968453645706177 0.656629204750061 0.8556489944458008 -1 -1 -1 -1 -1 -1 -1 -1 -1
0.49136367440223694 0.5992230772972107 0.1972634643316269 -1 -1 -1 -1 -1 -1 -1 -1 -1
0.4736959934234619 0.6163915395736694 0.2371923178434372 -1 -1 -1 -1 -1 -1 -1 -1 -1
0.488211989402771 0.589389979839325 0.2266593724489212 -1 -1 -1 -1 -1 -1 -1 -1 -1
0.4672726094722748 0.6035686135292053 0.258934885263443 -1 -1 -1 -1 -1 -1 -1 -1 -1
0.46956175565719604 0.5916314721107483 0.31686994433403015 -1 -1 -1 -1 -1 -1 -1 -1 -1
0.4698399007320404 0.6025771498680115 0.3360469341278076 -1 -1 -1 -1 -1 -1 -1 -1 -1
1 
