13
1 
33 
-1 -1 -1 -1 -1 -1 -1 -1 -1 -1
0.4613196551799774 0.400483638048172 0.9955020546913147 -1 -1 -1 -1 -1 -1 -1 -1 -1
0.4632498323917389 0.38950467109680176 0.9976217150688171 -1 -1 -1 -1 -1 -1 -1 -1 -1
0.46401533484458923 0.3892539143562317 0.9980164766311646 -1 -1 -1 -1 -1 -1 -1 -1 -1
0.4647451937198639 0.3891093134880066 0.9979026317596436 -1 -1 -1 -1 -1 -1 -1 -1 -1
0.46353891491889954 0.3895336985588074 0.9971297383308411 -1 -1 -1 -1 -1 -1 -1 -1 -1
0.46447470784187317 0.3893525004386902 0.996392548084259 -1 -1 -1 -1 -1 -1 -1 -1 -1
0.46530452370643616 0.38929593563079834 0.9962932467460632 -1 -1 -1 -1 -1 -1 -1 -1 -1
0.4741607904434204 0.3941531479358673 0.9975922107696533 -1 -1 -1 -1 -1 -1 -1 -1 -1
0.4730410873889923 0.3952205777168274 0.9969615340232849 -1 -1 -1 -1 -1 -1 -1 -1 -1
0.4672144651412964 0.4081629514694214 0.9877596497535706 -1 -1 -1 -1 -1 -1 -1 -1 -1
0.46764540672302246 0.40932801365852356 0.9869281649589539 -1 -1 -1 -1 -1 -1 -1 -1 -1
0.4905063807964325 0.43457311391830444 0.9983106851577759 -1 -1 -1 -1 -1 -1 -1 -1 -1
0.4910808503627777 0.4396200180053711 0.9848123788833618 -1 -1 -1 -1 -1 -1 -1 -1 -1
0.4808897376060486 0.3561488687992096 0.9944362640380859 -1 -1 -1 -1 -1 -1 -1 -1 -1
0.4756823182106018 0.3616830110549927 0.11648747324943542 -1 -1 -1 -1 -1 -1 -1 -1 -1
0.492854505777359 0.27797773480415344 0.9691206812858582 -1 -1 -1 -1 -1 -1 -1 -1 -1
0.48926809430122375 0.2908518314361572 0.20209278166294098 -1 -1 -1 -1 -1 -1 -1 -1 -1
0.5004057884216309 0.26439887285232544 0.9507838487625122 -1 -1 -1 -1 -1 -1 -1 -1 -1
0.49890559911727905 0.2719874083995819 0.271738737821579 -1 -1 -1 -1 -1 -1 -1 -1 -1
0.5028098821640015 0.26551657915115356 0.9428511261940002 -1 -1 -1 -1 -1 -1 -1 -1 -1
0.5005980134010315 0.2710895240306854 0.2752160429954529 -1 -1 -1 -1 -1 -1 -1 -1 -1
0.5004341006278992 0.2700537145137787 0.9177237153053284 -1 -1 -1 -1 -1 -1 -1 -1 -1
0.4968186318874359 0.2770325541496277 0.30432724952697754 -1 -1 -1 -1 -1 -1 -1 -1 -1
0.5201525688171387 0.6119998097419739 0.9988549947738647 -1 -1 -1 -1 -1 -1 -1 -1 -1
0.5198543071746826 0.601681113243103 0.9975730776786804 -1 -1 -1 -1 -1 -1 -1 -1 -1
0.4880589544773102 0.7233739495277405 0.9818083643913269 -1 -1 -1 -1 -1 -1 -1 -1 -1
0.4901280403137207 0.712516188621521 0.5344371199607849 -1 -1 -1 -1 -1 -1 -1 -1 -1
0.5169375538825989 0.8325128555297852 0.96190345287323 -1 -1 -1 -1 -1 -1 -1 -1 -1
0.5132856369018555 0.824941098690033 0.38918042182922363 -1 -1 -1 -1 -1 -1 -1 -1 -1
0.5260800719261169 0.8427815437316895 0.981990396976471 -1 -1 -1 -1 -1 -1 -1 -1 -1
0.5220715403556824 0.8408675789833069 0.5405368804931641 -1 -1 -1 -1 -1 -1 -1 -1 -1
0.4949599802494049 0.8587072491645813 0.953963577747345 -1 -1 -1 -1 -1 -1 -1 -1 -1
0.49595552682876587 0.8526098132133484 0.4580119550228119 -1 -1 -1 -1 -1 -1 -1 -1 -1
1 
33 
-1 -1 -1 -1 -1 -1 -1 -1 -1 -1
0.45983919501304626 0.38855233788490295 0.9915424585342407 -1 -1 -1 -1 -1 -1 -1 -1 -1
0.46257758140563965 0.378257691860199 0.9949184060096741 -1 -1 -1 -1 -1 -1 -1 -1 -1
0.46362021565437317 0.3782350420951843 0.9951262474060059 -1 -1 -1 -1 -1 -1 -1 -1 -1
0.46473485231399536 0.3785231113433838 0.9954683780670166 -1 -1 -1 -1 -1 -1 -1 -1 -1
0.46190863847732544 0.37775692343711853 0.993327260017395 -1 -1 -1 -1 -1 -1 -1 -1 -1
0.462467223405838 0.37728336453437805 0.9918796420097351 -1 -1 -1 -1 -1 -1 -1 -1 -1
0.46297967433929443 0.37701183557510376 0.9922974705696106 -1 -1 -1 -1 -1 -1 -1 -1 -1
0.47377774119377136 0.3866037130355835 0.9932328462600708 -1 -1 -1 -1 -1 -1 -1 -1 -1
0.4697716236114502 0.3847561478614807 0.9866189360618591 -1 -1 -1 -1 -1 -1 -1 -1 -1
0.4651297628879547 0.397324800491333 0.9782846570014954 -1 -1 -1 -1 -1 -1 -1 -1 -1
0.4644373655319214 0.39716655015945435 0.9759884476661682 -1 -1 -1 -1 -1 -1 -1 -1 -1
0.4846392273902893 0.42820268869400024 0.9940635561943054 -1 -1 -1 -1 -1 -1 -1 -1 -1
0.4860841631889343 0.4211008846759796 0.9770729541778564 -1 -1 -1 -1 -1 -1 -1 -1 -1
0.46952855587005615 0.34983062744140625 0.9873966574668884 -1 -1 -1 -1 -1 -1 -1 -1 -1
0.47070109844207764 0.34714314341545105 0.1922425478696823 -1 -1 -1 -1 -1 -1 -1 -1 -1
0.46336331963539124 0.2647995054721832 0.9439741969108582 -1 -1 -1 -1 -1 -1 -1 -1 -1
0.4625968039035797 0.2688203752040863 0.3907533586025238 -1 -1 -1 -1 -1 -1 -1 -1 -1
0.46535524725914 0.24374839663505554 0.9149121642112732 -1 -1 -1 -1 -1 -1 -1 -1 -1
0.464437335729599 0.24844759702682495 0.4851265847682953 -1 -1 -1 -1 -1 -1 -1 -1 -1
0.46684497594833374 0.2400314211845398 0.9015972018241882 -1 -1 -1 -1 -1 -1 -1 -1 -1
0.4659642279148102 0.23983174562454224 0.4842865467071533 -1 -1 -1 -1 -1 -1 -1 -1 -1
0.46609294414520264 0.24503052234649658 0.8674278259277344 -1 -1 -1 -1 -1 -1 -1 -1 -1
0.4647616147994995 0.25100183486938477 0.4883401095867157 -1 -1 -1 -1 -1 -1 -1 -1 -1
0.5243499875068665 0.6028558015823364 0.9971070885658264 -1 -1 -1 -1 -1 -1 -1 -1 -1
0.5221524238586426 0.5933881402015686 0.9950546026229858 -1 -1 -1 -1 -1 -1 -1 -1 -1
0.5010805130004883 0.7147114276885986 0.9611119031906128 -1 -1 -1 -1 -1 -1 -1 -1 -1
0.5011417865753174 0.7074311971664429 0.5021620392799377 -1 -1 -1 -1 -1 -1 -1 -1 -1
0.5332358479499817 0.8272923231124878 0.9298863410949707 -1 -1 -1 -1 -1 -1 -1 -1 -1
0.5373724102973938 0.8150562047958374 0.4371817409992218 -1 -1 -1 -1 -1 -1 -1 -1 -1
0.5406416654586792 0.8359514474868774 0.9588501453399658 -1 -1 -1 -1 -1 -1 -1 -1 -1
0.5367707014083862 0.8356532454490662 0.6167623996734619 -1 -1 -1 -1 -1 -1 -1 -1 -1
0.5156813263893127 0.8524277210235596 0.9275915026664734 -1 -1 -1 -1 -1 -1 -1 -1 -1
0.5296545624732971 0.8456248044967651 0.5317378640174866 -1 -1 -1 -1 -1 -1 -1 -1 -1
1 
33 
-1 -1 -1 -1 -1 -1 -1 -1 -1 -1
0.44909223914146423 0.36147499084472656 0.9920536279678345 -1 -1 -1 -1 -1 -1 -1 -1 -1
0.4516196846961975 0.34711217880249023 0.9942455887794495 -1 -1 -1 -1 -1 -1 -1 -1 -1
0.4528335630893707 0.3465235233306885 0.9939150214195251 -1 -1 -1 -1 -1 -1 -1 -1 -1
0.45416051149368286 0.34599828720092773 0.9946938157081604 -1 -1 -1 -1 -1 -1 -1 -1 -1
0.45057475566864014 0.34635215997695923 0.9940363168716431 -1 -1 -1 -1 -1 -1 -1 -1 -1
0.45098620653152466 0.34533631801605225 0.9923484325408936 -1 -1 -1 -1 -1 -1 -1 -1 -1
0.4515065848827362 0.34434080123901367 0.992904007434845 -1 -1 -1 -1 -1 -1 -1 -1 -1
0.46485793590545654 0.3463165760040283 0.9922971129417419 -1 -1 -1 -1 -1 -1 -1 -1 -1
0.4608105719089508 0.3455612063407898 0.9864230751991272 -1 -1 -1 -1 -1 -1 -1 -1 -1
0.4554641544818878 0.3695603013038635 0.9810551404953003 -1 -1 -1 -1 -1 -1 -1 -1 -1
0.454074501991272 0.3689062297344208 0.9811651706695557 -1 -1 -1 -1 -1 -1 -1 -1 -1
0.47737061977386475 0.3814387619495392 0.993556797504425 -1 -1 -1 -1 -1 -1 -1 -1 -1
0.47584429383277893 0.3744434714317322 0.9782920479774475 -1 -1 -1 -1 -1 -1 -1 -1 -1
0.44984492659568787 0.2981615960597992 0.9857339859008789 -1 -1 -1 -1 -1 -1 -1 -1 -1
0.4486767649650574 0.3112364411354065 0.152526393532753 -1 -1 -1 -1 -1 -1 -1 -1 -1
0.432149201631546 0.24355605244636536 0.9088506698608398 -1 -1 -1 -1 -1 -1 -1 -1 -1
0.43185216188430786 0.24688056111335754 0.25428029894828796 -1 -1 -1 -1 -1 -1 -1 -1 -1
0.42546525597572327 0.2229340374469757 0.864900529384613 -1 -1 -1 -1 -1 -1 -1 -1 -1
0.4285590350627899 0.23925921320915222 0.3550046384334564 -1 -1 -1 -1 -1 -1 -1 -1 -1
0.42642849683761597 0.22009673714637756 0.840660810470581 -1 -1 -1 -1 -1 -1 -1 -1 -1
0.42763468623161316 0.226877361536026 0.3565557897090912 -1 -1 -1 -1 -1 -1 -1 -1 -1
0.4298225939273834 0.2331847846508026 0.7927102446556091 -1 -1 -1 -1 -1 -1 -1 -1 -1
0.43104684352874756 0.23689264059066772 0.3710944950580597 -1 -1 -1 -1 -1 -1 -1 -1 -1
0.5185202956199646 0.5466011166572571 0.9957576394081116 -1 -1 -1 -1 -1 -1 -1 -1 -1
0.5184606313705444 0.5412830114364624 0.9908663630485535 -1 -1 -1 -1 -1 -1 -1 -1 -1
0.5170344710350037 0.6775327920913696 0.9124745726585388 -1 -1 -1 -1 -1 -1 -1 -1 -1
0.5165082216262817 0.6735930442810059 0.2483832836151123 -1 -1 -1 -1 -1 -1 -1 -1 -1
0.5428978800773621 0.814058780670166 0.8838845491409302 -1 -1 -1 -1 -1 -1 -1 -1 -1
0.5433213710784912 0.8119637966156006 0.27340251207351685 -1 -1 -1 -1 -1 -1 -1 -1 -1
0.550505518913269 0.8335093259811401 0.9454416632652283 -1 -1 -1 -1 -1 -1 -1 -1 -1
0.5513121485710144 0.8311017751693726 0.4699392318725586 -1 -1 -1 -1 -1 -1 -1 -1 -1
0.523992121219635 0.8497441411018372 0.8816420435905457 -1 -1 -1 -1 -1 -1 -1 -1 -1
0.5316567420959473 0.8357685208320618 0.3841882348060608 -1 -1 -1 -1 -1 -1 -1 -1 -1
1 
33 
-1 -1 -1 -1 -1 -1 -1 -1 -1 -1
0.45026570558547974 0.3343960642814636 0.9950135350227356 -1 -1 -1 -1 -1 -1 -1 -1 -1
0.4488253891468048 0.3220489025115967 0.9966568946838379 -1 -1 -1 -1 -1 -1 -1 -1 -1
0.4495368003845215 0.32097721099853516 0.9962406158447266 -1 -1 -1 -1 -1 -1 -1 -1 -1
0.450031578540802 0.320034921169281 0.9968829154968262 -1 -1 -1 -1 -1 -1 -1 -1 -1
0.44884440302848816 0.32107698917388916 0.9948251247406006 -1 -1 -1 -1 -1 -1 -1 -1 -1
0.4491879343986511 0.31967902183532715 0.9927231669425964 -1 -1 -1 -1 -1 -1 -1 -1 -1
0.44986575841903687 0.31796109676361084 0.9939613938331604 -1 -1 -1 -1 -1 -1 -1 -1 -1
0.4588787853717804 0.31308043003082275 0.996606707572937 -1 -1 -1 -1 -1 -1 -1 -1 -1
0.4566569924354553 0.31245869398117065 0.9911869168281555 -1 -1 -1 -1 -1 -1 -1 -1 -1
0.45557093620300293 0.3376316726207733 0.9932839870452881 -1 -1 -1 -1 -1 -1 -1 -1 -1
0.45551639795303345 0.3374733328819275 0.990637481212616 -1 -1 -1 -1 -1 -1 -1 -1 -1
0.47830700874328613 0.340484619140625 0.9987223744392395 -1 -1 -1 -1 -1 -1 -1 -1 -1
0.4777072072029114 0.3477843403816223 0.9915266633033752 -1 -1 -1 -1 -1 -1 -1 -1 -1
0.4323188066482544 0.29801225662231445 0.9830890893936157 -1 -1 -1 -1 -1 -1 -1 -1 -1
0.44005605578422546 0.298032283782959 0.25448137521743774 -1 -1 -1 -1 -1 -1 -1 -1 -1
0.39707842469215393 0.23407697677612305 0.9351011514663696 -1 -1 -1 -1 -1 -1 -1 -1 -1
0.406302273273468 0.23197132349014282 0.5193987488746643 -1 -1 -1 -1 -1 -1 -1 -1 -1
0.38927704095840454 0.2180873453617096 0.9073867201805115 -1 -1 -1 -1 -1 -1 -1 -1 -1
0.40234553813934326 0.21615025401115417 0.5681074261665344 -1 -1 -1 -1 -1 -1 -1 -1 -1
0.3894510269165039 0.2134273648262024 0.8942404985427856 -1 -1 -1 -1 -1 -1 -1 -1 -1
0.39887577295303345 0.2089577317237854 0.5656925439834595 -1 -1 -1 -1 -1 -1 -1 -1 -1
0.3988214135169983 0.21656471490859985 0.8467963933944702 -1 -1 -1 -1 -1 -1 -1 -1 -1
0.39946967363357544 0.21464145183563232 0.5712494254112244 -1 -1 -1 -1 -1 -1 -1 -1 -1
0.5266355276107788 0.49570953845977783 0.9986398816108704 -1 -1 -1 -1 -1 -1 -1 -1 -1
0.5220615267753601 0.49411311745643616 0.9967888593673706 -1 -1 -1 -1 -1 -1 -1 -1 -1
0.5355050563812256 0.6483768224716187 0.9656032919883728 -1 -1 -1 -1 -1 -1 -1 -1 -1
0.5337595343589783 0.6435396671295166 0.49052372574806213 -1 -1 -1 -1 -1 -1 -1 -1 -1
0.5469737648963928 0.7932247519493103 0.967387855052948 -1 -1 -1 -1 -1 -1 -1 -1 -1
0.5470273494720459 0.7866532802581787 0.6509045958518982 -1 -1 -1 -1 -1 -1 -1 -1 -1
0.5514655113220215 0.8055484294891357 0.9327021241188049 -1 -1 -1 -1 -1 -1 -1 -1 -1
0.5493327379226685 0.7987090945243835 0.6923274993896484 -1 -1 -1 -1 -1 -1 -1 -1 -1
0.5276297330856323 0.848410964012146 0.9531227946281433 -1 -1 -1 -1 -1 -1 -1 -1 -1
0.5278606414794922 0.831355094909668 0.7141447067260742 -1 -1 -1 -1 -1 -1 -1 -1 -1
1 
33 
-1 -1 -1 -1 -1 -1 -1 -1 -1 -1
0.4451872706413269 0.3369619846343994 0.9981817007064819 -1 -1 -1 -1 -1 -1 -1 -1 -1
0.4406464099884033 0.3270268738269806 0.9990542531013489 -1 -1 -1 -1 -1 -1 -1 -1 -1
0.4406707286834717 0.3255670964717865 0.9988214373588562 -1 -1 -1 -1 -1 -1 -1 -1 -1
0.4405863583087921 0.3242046535015106 0.9990779161453247 -1 -1 -1 -1 -1 -1 -1 -1 -1
0.44093558192253113 0.32808271050453186 0.9984801411628723 -1 -1 -1 -1 -1 -1 -1 -1 -1
0.44124653935432434 0.32725924253463745 0.9977904558181763 -1 -1 -1 -1 -1 -1 -1 -1 -1
0.4415099322795868 0.3264310359954834 0.998501181602478 -1 -1 -1 -1 -1 -1 -1 -1 -1
0.44549745321273804 0.3128628730773926 0.9991501569747925 -1 -1 -1 -1 -1 -1 -1 -1 -1
0.44717124104499817 0.3171628713607788 0.9983231425285339 -1 -1 -1 -1 -1 -1 -1 -1 -1
0.45158225297927856 0.3329428434371948 0.9978552460670471 -1 -1 -1 -1 -1 -1 -1 -1 -1
0.4507502615451813 0.33498692512512207 0.9968972206115723 -1 -1 -1 -1 -1 -1 -1 -1 -1
0.4694073796272278 0.31779226660728455 0.9997326731681824 -1 -1 -1 -1 -1 -1 -1 -1 -1
0.46972423791885376 0.3322593569755554 0.9982776641845703 -1 -1 -1 -1 -1 -1 -1 -1 -1
0.4224298298358917 0.2820650041103363 0.9894296526908875 -1 -1 -1 -1 -1 -1 -1 -1 -1
0.4249907433986664 0.2911950647830963 0.3477100729942322 -1 -1 -1 -1 -1 -1 -1 -1 -1
0.3792145252227783 0.2425813376903534 0.9595227837562561 -1 -1 -1 -1 -1 -1 -1 -1 -1
0.38350537419319153 0.2642633318901062 0.6539420485496521 -1 -1 -1 -1 -1 -1 -1 -1 -1
0.36919426918029785 0.23492267727851868 0.9337063431739807 -1 -1 -1 -1 -1 -1 -1 -1 -1
0.3760489225387573 0.25400394201278687 0.6505740284919739 -1 -1 -1 -1 -1 -1 -1 -1 -1
0.36792227625846863 0.23118653893470764 0.925241231918335 -1 -1 -1 -1 -1 -1 -1 -1 -1
0.37235766649246216 0.24789246916770935 0.6425656080245972 -1 -1 -1 -1 -1 -1 -1 -1 -1
0.3715079426765442 0.2351345717906952 0.887248694896698 -1 -1 -1 -1 -1 -1 -1 -1 -1
0.3744661211967468 0.2517439126968384 0.6576747298240662 -1 -1 -1 -1 -1 -1 -1 -1 -1
0.5299383997917175 0.44683974981307983 0.9997062087059021 -1 -1 -1 -1 -1 -1 -1 -1 -1
0.5266562700271606 0.45795494318008423 0.9993939399719238 -1 -1 -1 -1 -1 -1 -1 -1 -1
0.5452927350997925 0.5985260009765625 0.9679183959960938 -1 -1 -1 -1 -1 -1 -1 -1 -1
0.5425839424133301 0.6006308794021606 0.593000054359436 -1 -1 -1 -1 -1 -1 -1 -1 -1
0.5593922734260559 0.7334733009338379 0.9583672881126404 -1 -1 -1 -1 -1 -1 -1 -1 -1
0.5594726800918579 0.7330806851387024 0.6449164748191833 -1 -1 -1 -1 -1 -1 -1 -1 -1
0.5657987594604492 0.7443565130233765 0.9281513690948486 -1 -1 -1 -1 -1 -1 -1 -1 -1
0.5665331482887268 0.7452802062034607 0.6745215058326721 -1 -1 -1 -1 -1 -1 -1 -1 -1
0.553147554397583 0.7938817739486694 0.9275899529457092 -1 -1 -1 -1 -1 -1 -1 -1 -1
0.5519596934318542 0.7906776666641235 0.6540305614471436 -1 -1 -1 -1 -1 -1 -1 -1 -1
1 
33 
-1 -1 -1 -1 -1 -1 -1 -1 -1 -1
0.39942657947540283 0.3697144091129303 0.9991533756256104 -1 -1 -1 -1 -1 -1 -1 -1 -1
0.3947308361530304 0.3614508807659149 0.9983912110328674 -1 -1 -1 -1 -1 -1 -1 -1 -1
0.3948938250541687 0.35816073417663574 0.9974262118339539 -1 -1 -1 -1 -1 -1 -1 -1 -1
0.39509618282318115 0.35492515563964844 0.9977236390113831 -1 -1 -1 -1 -1 -1 -1 -1 -1
0.3942123353481293 0.36959347128868103 0.9990673661231995 -1 -1 -1 -1 -1 -1 -1 -1 -1
0.39411985874176025 0.37170055508613586 0.9985061287879944 -1 -1 -1 -1 -1 -1 -1 -1 -1
0.39400315284729004 0.37379273772239685 0.9987831711769104 -1 -1 -1 -1 -1 -1 -1 -1 -1
0.39886581897735596 0.3452584743499756 0.997634768486023 -1 -1 -1 -1 -1 -1 -1 -1 -1
0.39711862802505493 0.3718254566192627 0.9989485144615173 -1 -1 -1 -1 -1 -1 -1 -1 -1
0.40592971444129944 0.3644255995750427 0.9983514547348022 -1 -1 -1 -1 -1 -1 -1 -1 -1
0.4055463373661041 0.37379252910614014 0.9988369345664978 -1 -1 -1 -1 -1 -1 -1 -1 -1
0.42374810576438904 0.3291124403476715 0.9997038245201111 -1 -1 -1 -1 -1 -1 -1 -1 -1
0.42425432801246643 0.3991815447807312 0.999992847442627 -1 -1 -1 -1 -1 -1 -1 -1 -1
0.4091622829437256 0.31727778911590576 0.636366069316864 -1 -1 -1 -1 -1 -1 -1 -1 -1
0.43697091937065125 0.43193119764328003 0.7743147015571594 -1 -1 -1 -1 -1 -1 -1 -1 -1
0.3924059271812439 0.2761029601097107 0.4606131911277771 -1 -1 -1 -1 -1 -1 -1 -1 -1
0.4593698978424072 0.3443472981452942 0.5592195987701416 -1 -1 -1 -1 -1 -1 -1 -1 -1
0.37809041142463684 0.25550782680511475 0.407884806394577 -1 -1 -1 -1 -1 -1 -1 -1 -1
0.46498438715934753 0.31975290179252625 0.4560663104057312 -1 -1 -1 -1 -1 -1 -1 -1 -1
0.37669801712036133 0.2590465545654297 0.38201501965522766 -1 -1 -1 -1 -1 -1 -1 -1 -1
0.45979392528533936 0.3152048587799072 0.4408157765865326 -1 -1 -1 -1 -1 -1 -1 -1 -1
0.3915350139141083 0.26756802201271057 0.3852784335613251 -1 -1 -1 -1 -1 -1 -1 -1 -1
0.45670458674430847 0.32558324933052063 0.4164375960826874 -1 -1 -1 -1 -1 -1 -1 -1 -1
0.5160692930221558 0.3639753460884094 0.9999294281005859 -1 -1 -1 -1 -1 -1 -1 -1 -1
0.5202682614326477 0.41726163029670715 0.9999954700469971 -1 -1 -1 -1 -1 -1 -1 -1 -1
0.4918522536754608 0.3401944041252136 0.9577873349189758 -1 -1 -1 -1 -1 -1 -1 -1 -1
0.5601835250854492 0.5493327379226685 0.9949524402618408 -1 -1 -1 -1 -1 -1 -1 -1 -1
0.4121348261833191 0.3221990168094635 0.7285317778587341 -1 -1 -1 -1 -1 -1 -1 -1 -1
0.5756786465644836 0.6663323640823364 0.9895597696304321 -1 -1 -1 -1 -1 -1 -1 -1 -1
0.40465861558914185 0.33131471276283264 0.6972883939743042 -1 -1 -1 -1 -1 -1 -1 -1 -1
0.5815379619598389 0.6749653816223145 0.980340838432312 -1 -1 -1 -1 -1 -1 -1 -1 -1
0.3768514394760132 0.28810760378837585 0.8075881004333496 -1 -1 -1 -1 -1 -1 -1 -1 -1
0.5782471299171448 0.7261714935302734 0.9864714741706848 -1 -1 -1 -1 -1 -1 -1 -1 -1
1 
33 
-1 -1 -1 -1 -1 -1 -1 -1 -1 -1
0.4448850452899933 0.31201326847076416 0.9973836541175842 -1 -1 -1 -1 -1 -1 -1 -1 -1
0.43993085622787476 0.3070965111255646 0.9957259893417358 -1 -1 -1 -1 -1 -1 -1 -1 -1
0.4398009777069092 0.30739760398864746 0.9955423474311829 -1 -1 -1 -1 -1 -1 -1 -1 -1
0.43947914242744446 0.30771905183792114 0.9960296154022217 -1 -1 -1 -1 -1 -1 -1 -1 -1
0.44025081396102905 0.30750468373298645 0.9977378845214844 -1 -1 -1 -1 -1 -1 -1 -1 -1
0.44035792350769043 0.30855268239974976 0.9977434873580933 -1 -1 -1 -1 -1 -1 -1 -1 -1
0.44029420614242554 0.30987322330474854 0.9981482028961182 -1 -1 -1 -1 -1 -1 -1 -1 -1
0.44367316365242004 0.30576568841934204 0.9940326809883118 -1 -1 -1 -1 -1 -1 -1 -1 -1
0.4447212219238281 0.3141772150993347 0.9968023300170898 -1 -1 -1 -1 -1 -1 -1 -1 -1
0.45126697421073914 0.3169083595275879 0.9884888529777527 -1 -1 -1 -1 -1 -1 -1 -1 -1
0.4515371322631836 0.31787675619125366 0.9921703934669495 -1 -1 -1 -1 -1 -1 -1 -1 -1
0.4635537266731262 0.3119351267814636 0.9988425970077515 -1 -1 -1 -1 -1 -1 -1 -1 -1
0.4756584167480469 0.3518841862678528 0.9980717301368713 -1 -1 -1 -1 -1 -1 -1 -1 -1
0.4205138087272644 0.3050718903541565 0.9934937357902527 -1 -1 -1 -1 -1 -1 -1 -1 -1
0.48705029487609863 0.4176660478115082 0.56141597032547 -1 -1 -1 -1 -1 -1 -1 -1 -1
0.3763367831707001 0.2889140248298645 0.9860143661499023 -1 -1 -1 -1 -1 -1 -1 -1 -1
0.4868167042732239 0.46187546849250793 0.6823049187660217 -1 -1 -1 -1 -1 -1 -1 -1 -1
0.36583513021469116 0.2850642800331116 0.9685270190238953 -1 -1 -1 -1 -1 -1 -1 -1 -1
0.48274046182632446 0.4735903739929199 0.6528587341308594 -1 -1 -1 -1 -1 -1 -1 -1 -1
0.3647247850894928 0.2840924859046936 0.9616742730140686 -1 -1 -1 -1 -1 -1 -1 -1 -1
0.48138007521629333 0.4711853563785553 0.6713027358055115 -1 -1 -1 -1 -1 -1 -1 -1 -1
0.36843639612197876 0.28685447573661804 0.957265317440033 -1 -1 -1 -1 -1 -1 -1 -1 -1
0.48219650983810425 0.4689495861530304 0.6710635423660278 -1 -1 -1 -1 -1 -1 -1 -1 -1
0.5488853454589844 0.4060969054698944 0.9994837045669556 -1 -1 -1 -1 -1 -1 -1 -1 -1
0.5456932783126831 0.42108073830604553 0.9993901252746582 -1 -1 -1 -1 -1 -1 -1 -1 -1
0.5739322900772095 0.5188484191894531 0.975851833820343 -1 -1 -1 -1 -1 -1 -1 -1 -1
0.5733412504196167 0.5297954082489014 0.6828972697257996 -1 -1 -1 -1 -1 -1 -1 -1 -1
0.5965723991394043 0.6444541215896606 0.9739767909049988 -1 -1 -1 -1 -1 -1 -1 -1 -1
0.5969881415367126 0.648547887802124 0.8216707706451416 -1 -1 -1 -1 -1 -1 -1 -1 -1
0.5995509028434753 0.6572755575180054 0.9461325407028198 -1 -1 -1 -1 -1 -1 -1 -1 -1
0.6007182598114014 0.6621292233467102 0.8051918148994446 -1 -1 -1 -1 -1 -1 -1 -1 -1
0.5931704640388489 0.7015497088432312 0.9695269465446472 -1 -1 -1 -1 -1 -1 -1 -1 -1
0.59330815076828 0.7047334909439087 0.8743715882301331 -1 -1 -1 -1 -1 -1 -1 -1 -1
1 
33 
-1 -1 -1 -1 -1 -1 -1 -1 -1 -1
0.43073493242263794 0.35041478276252747 0.979190468788147 -1 -1 -1 -1 -1 -1 -1 -1 -1
0.4301336407661438 0.3397715389728546 0.9797658324241638 -1 -1 -1 -1 -1 -1 -1 -1 -1
0.4303571879863739 0.3379116952419281 0.9750067591667175 -1 -1 -1 -1 -1 -1 -1 -1 -1
0.43060630559921265 0.3361014127731323 0.9796308279037476 -1 -1 -1 -1 -1 -1 -1 -1 -1
0.43004998564720154 0.339812695980072 0.9840782880783081 -1 -1 -1 -1 -1 -1 -1 -1 -1
0.4301339387893677 0.3384702205657959 0.9802836775779724 -1 -1 -1 -1 -1 -1 -1 -1 -1
0.4302465617656708 0.33715689182281494 0.9852026104927063 -1 -1 -1 -1 -1 -1 -1 -1 -1
0.4346129894256592 0.32202544808387756 0.9487195014953613 -1 -1 -1 -1 -1 -1 -1 -1 -1
0.43396127223968506 0.3221847414970398 0.9800662994384766 -1 -1 -1 -1 -1 -1 -1 -1 -1
0.4364851415157318 0.34777072072029114 0.9731264710426331 -1 -1 -1 -1 -1 -1 -1 -1 -1
0.43608200550079346 0.34792888164520264 0.9718377590179443 -1 -1 -1 -1 -1 -1 -1 -1 -1
0.4560547173023224 0.3109615743160248 0.9979447722434998 -1 -1 -1 -1 -1 -1 -1 -1 -1
0.46682268381118774 0.34001198410987854 0.997442364692688 -1 -1 -1 -1 -1 -1 -1 -1 -1
0.44501861929893494 0.3281804323196411 0.7496002912521362 -1 -1 -1 -1 -1 -1 -1 -1 -1
0.49752646684646606 0.38635849952697754 0.2909504473209381 -1 -1 -1 -1 -1 -1 -1 -1 -1
0.4270329773426056 0.33436667919158936 0.7329024076461792 -1 -1 -1 -1 -1 -1 -1 -1 -1
0.5174271464347839 0.4461994767189026 0.6001673340797424 -1 -1 -1 -1 -1 -1 -1 -1 -1
0.42329829931259155 0.33131110668182373 0.743488609790802 -1 -1 -1 -1 -1 -1 -1 -1 -1
0.520866334438324 0.45989206433296204 0.5591134428977966 -1 -1 -1 -1 -1 -1 -1 -1 -1
0.4218759834766388 0.3337937891483307 0.7171834111213684 -1 -1 -1 -1 -1 -1 -1 -1 -1
0.517119288444519 0.46241292357444763 0.5661302804946899 -1 -1 -1 -1 -1 -1 -1 -1 -1
0.4241679906845093 0.3365898132324219 0.6240275502204895 -1 -1 -1 -1 -1 -1 -1 -1 -1
0.517149806022644 0.45560070872306824 0.5475379824638367 -1 -1 -1 -1 -1 -1 -1 -1 -1
0.5484303832054138 0.3753668963909149 0.9997627139091492 -1 -1 -1 -1 -1 -1 -1 -1 -1
0.5429490804672241 0.37765371799468994 0.998569130897522 -1 -1 -1 -1 -1 -1 -1 -1 -1
0.5797193050384521 0.4819849729537964 0.98057621717453 -1 -1 -1 -1 -1 -1 -1 -1 -1
0.5709157586097717 0.4705262780189514 0.41275009512901306 -1 -1 -1 -1 -1 -1 -1 -1 -1
0.6152913570404053 0.5872998833656311 0.975177526473999 -1 -1 -1 -1 -1 -1 -1 -1 -1
0.5917497277259827 0.5254732370376587 0.35097038745880127 -1 -1 -1 -1 -1 -1 -1 -1 -1
0.6285438537597656 0.6021305322647095 0.9572442770004272 -1 -1 -1 -1 -1 -1 -1 -1 -1
0.5986388325691223 0.5318135023117065 0.48792314529418945 -1 -1 -1 -1 -1 -1 -1 -1 -1
0.6179591417312622 0.6456199884414673 0.9507423639297485 -1 -1 -1 -1 -1 -1 -1 -1 -1
0.5848305225372314 0.5578947067260742 0.4742209315299988 -1 -1 -1 -1 -1 -1 -1 -1 -1
1 
33 
-1 -1 -1 -1 -1 -1 -1 -1 -1 -1
0.4345032274723053 0.3659416139125824 0.9895583391189575 -1 -1 -1 -1 -1 -1 -1 -1 -1
0.43044865131378174 0.3581429719924927 0.9942216277122498 -1 -1 -1 -1 -1 -1 -1 -1 -1
0.43023911118507385 0.3571788966655731 0.993114173412323 -1 -1 -1 -1 -1 -1 -1 -1 -1
0.4298790991306305 0.3562317192554474 0.9960411787033081 -1 -1 -1 -1 -1 -1 -1 -1 -1
0.4309884309768677 0.3580271303653717 0.992628812789917 -1 -1 -1 -1 -1 -1 -1 -1 -1
0.4311869144439697 0.3571981191635132 0.9897854924201965 -1 -1 -1 -1 -1 -1 -1 -1 -1
0.43118903040885925 0.35655829310417175 0.9922229647636414 -1 -1 -1 -1 -1 -1 -1 -1 -1
0.43262094259262085 0.34532439708709717 0.9931199550628662 -1 -1 -1 -1 -1 -1 -1 -1 -1
0.43392255902290344 0.3489300608634949 0.9811278581619263 -1 -1 -1 -1 -1 -1 -1 -1 -1
0.4383256435394287 0.3600603938102722 0.988491415977478 -1 -1 -1 -1 -1 -1 -1 -1 -1
0.43936389684677124 0.35983332991600037 0.9763992428779602 -1 -1 -1 -1 -1 -1 -1 -1 -1
0.45861151814460754 0.3337899148464203 0.9996483325958252 -1 -1 -1 -1 -1 -1 -1 -1 -1
0.46607986092567444 0.35303542017936707 0.9939672946929932 -1 -1 -1 -1 -1 -1 -1 -1 -1
0.46814993023872375 0.3834311366081238 0.638012170791626 -1 -1 -1 -1 -1 -1 -1 -1 -1
0.48437049984931946 0.3922058343887329 0.0880204290151596 -1 -1 -1 -1 -1 -1 -1 -1 -1
0.478918194770813 0.4060361981391907 0.49463650584220886 -1 -1 -1 -1 -1 -1 -1 -1 -1
0.49469050765037537 0.41638320684432983 0.17341138422489166 -1 -1 -1 -1 -1 -1 -1 -1 -1
0.4827141761779785 0.4061136841773987 0.5217472910881042 -1 -1 -1 -1 -1 -1 -1 -1 -1
0.49862125515937805 0.4207172393798828 0.20360621809959412 -1 -1 -1 -1 -1 -1 -1 -1 -1
0.4818062484264374 0.4076615869998932 0.5093300938606262 -1 -1 -1 -1 -1 -1 -1 -1 -1
0.49633103609085083 0.4195502698421478 0.2094806283712387 -1 -1 -1 -1 -1 -1 -1 -1 -1
0.48200953006744385 0.40899792313575745 0.40602388978004456 -1 -1 -1 -1 -1 -1 -1 -1 -1
0.49508148431777954 0.41815832257270813 0.19067977368831635 -1 -1 -1 -1 -1 -1 -1 -1 -1
0.5527974367141724 0.3497723340988159 0.9999403953552246 -1 -1 -1 -1 -1 -1 -1 -1 -1
0.5491462349891663 0.37299856543540955 0.9993916749954224 -1 -1 -1 -1 -1 -1 -1 -1 -1
0.5953266024589539 0.42695391178131104 0.9584453701972961 -1 -1 -1 -1 -1 -1 -1 -1 -1
0.5790942907333374 0.4528188109397888 0.3268125057220459 -1 -1 -1 -1 -1 -1 -1 -1 -1
0.6413589119911194 0.5462802052497864 0.963681697845459 -1 -1 -1 -1 -1 -1 -1 -1 -1
0.615219235420227 0.49186015129089355 0.30981045961380005 -1 -1 -1 -1 -1 -1 -1 -1 -1
0.6502929925918579 0.5447658896446228 0.938323438167572 -1 -1 -1 -1 -1 -1 -1 -1 -1
0.6222324967384338 0.49454641342163086 0.3950132727622986 -1 -1 -1 -1 -1 -1 -1 -1 -1
0.6460742950439453 0.5984071493148804 0.9632587432861328 -1 -1 -1 -1 -1 -1 -1 -1 -1
0.6208342909812927 0.519249677658081 0.4700579047203064 -1 -1 -1 -1 -1 -1 -1 -1 -1
1 
33 
-1 -1 -1 -1 -1 -1 -1 -1 -1 -1
0.4290740489959717 0.38687005639076233 0.9967344403266907 -1 -1 -1 -1 -1 -1 -1 -1 -1
0.42456331849098206 0.37993893027305603 0.9984394907951355 -1 -1 -1 -1 -1 -1 -1 -1 -1
0.424979567527771 0.37932395935058594 0.9979800581932068 -1 -1 -1 -1 -1 -1 -1 -1 -1
0.4253620505332947 0.37869277596473694 0.9987238049507141 -1 -1 -1 -1 -1 -1 -1 -1 -1
0.4241120517253876 0.3791539669036865 0.998217761516571 -1 -1 -1 -1 -1 -1 -1 -1 -1
0.4243156909942627 0.3780119717121124 0.9977707862854004 -1 -1 -1 -1 -1 -1 -1 -1 -1
0.4245034456253052 0.3769906163215637 0.9983831644058228 -1 -1 -1 -1 -1 -1 -1 -1 -1
0.4293557107448578 0.3700859844684601 0.9985835552215576 -1 -1 -1 -1 -1 -1 -1 -1 -1
0.42869216203689575 0.3691744804382324 0.9968509078025818 -1 -1 -1 -1 -1 -1 -1 -1 -1
0.43593159317970276 0.38449159264564514 0.9976603984832764 -1 -1 -1 -1 -1 -1 -1 -1 -1
0.43565812706947327 0.3839222490787506 0.9970034956932068 -1 -1 -1 -1 -1 -1 -1 -1 -1
0.4601726531982422 0.3618611693382263 0.9995675683021545 -1 -1 -1 -1 -1 -1 -1 -1 -1
0.46336305141448975 0.3636309802532196 0.997593104839325 -1 -1 -1 -1 -1 -1 -1 -1 -1
0.47873860597610474 0.41028159856796265 0.7956358194351196 -1 -1 -1 -1 -1 -1 -1 -1 -1
0.48485487699508667 0.4040597975254059 0.040605779737234116 -1 -1 -1 -1 -1 -1 -1 -1 -1
0.4793738126754761 0.43068838119506836 0.68047034740448 -1 -1 -1 -1 -1 -1 -1 -1 -1
0.48111969232559204 0.4208301603794098 0.1260264664888382 -1 -1 -1 -1 -1 -1 -1 -1 -1
0.4802558422088623 0.4319669008255005 0.6803339719772339 -1 -1 -1 -1 -1 -1 -1 -1 -1
0.4817386269569397 0.4247819781303406 0.18418101966381073 -1 -1 -1 -1 -1 -1 -1 -1 -1
0.47768640518188477 0.43146684765815735 0.668603777885437 -1 -1 -1 -1 -1 -1 -1 -1 -1
0.4780164361000061 0.42211246490478516 0.1826012283563614 -1 -1 -1 -1 -1 -1 -1 -1 -1
0.4785171151161194 0.43025583028793335 0.5705561637878418 -1 -1 -1 -1 -1 -1 -1 -1 -1
0.4776475727558136 0.42068782448768616 0.15615999698638916 -1 -1 -1 -1 -1 -1 -1 -1 -1
0.5505403280258179 0.35779720544815063 0.9994252920150757 -1 -1 -1 -1 -1 -1 -1 -1 -1
0.5472531914710999 0.35962897539138794 0.9989093542098999 -1 -1 -1 -1 -1 -1 -1 -1 -1
0.6023029685020447 0.42406368255615234 0.9613646268844604 -1 -1 -1 -1 -1 -1 -1 -1 -1
0.6056969165802002 0.4282273054122925 0.68086838722229 -1 -1 -1 -1 -1 -1 -1 -1 -1
0.6621880531311035 0.5049183368682861 0.9572310447692871 -1 -1 -1 -1 -1 -1 -1 -1 -1
0.6666529774665833 0.5011450052261353 0.7860409021377563 -1 -1 -1 -1 -1 -1 -1 -1 -1
0.6756587028503418 0.5120881795883179 0.8951762318611145 -1 -1 -1 -1 -1 -1 -1 -1 -1
0.6779215335845947 0.5058822631835938 0.7121486663818359 -1 -1 -1 -1 -1 -1 -1 -1 -1
0.6684554815292358 0.546198308467865 0.9363217949867249 -1 -1 -1 -1 -1 -1 -1 -1 -1
0.6725218892097473 0.5420839786529541 0.8206050992012024 -1 -1 -1 -1 -1 -1 -1 -1 -1
1 
33 
-1 -1 -1 -1 -1 -1 -1 -1 -1 -1
0.44666433334350586 0.41360533237457275 0.9070723652839661 -1 -1 -1 -1 -1 -1 -1 -1 -1
0.439116895198822 0.41084012389183044 0.9248141646385193 -1 -1 -1 -1 -1 -1 -1 -1 -1
0.438751220703125 0.4098517894744873 0.9107298851013184 -1 -1 -1 -1 -1 -1 -1 -1 -1
0.4383534789085388 0.4087170958518982 0.940422773361206 -1 -1 -1 -1 -1 -1 -1 -1 -1
0.43896836042404175 0.4100099802017212 0.9270848631858826 -1 -1 -1 -1 -1 -1 -1 -1 -1
0.4384359121322632 0.40847328305244446 0.9168165922164917 -1 -1 -1 -1 -1 -1 -1 -1 -1
0.43784427642822266 0.4067753851413727 0.9359114766120911 -1 -1 -1 -1 -1 -1 -1 -1 -1
0.43767881393432617 0.39577117562294006 0.9057789444923401 -1 -1 -1 -1 -1 -1 -1 -1 -1
0.43735283613204956 0.3939588665962219 0.9115941524505615 -1 -1 -1 -1 -1 -1 -1 -1 -1
0.45069339871406555 0.40592166781425476 0.9109060764312744 -1 -1 -1 -1 -1 -1 -1 -1 -1
0.4510134160518646 0.40529826283454895 0.906775951385498 -1 -1 -1 -1 -1 -1 -1 -1 -1
0.46008729934692383 0.3763432502746582 0.9982869029045105 -1 -1 -1 -1 -1 -1 -1 -1 -1
0.46309220790863037 0.354600191116333 0.9979475140571594 -1 -1 -1 -1 -1 -1 -1 -1 -1
0.4874432682991028 0.3961498737335205 0.3534241318702698 -1 -1 -1 -1 -1 -1 -1 -1 -1
0.4964941740036011 0.36345919966697693 0.020526869222521782 -1 -1 -1 -1 -1 -1 -1 -1 -1
0.50954270362854 0.41935816407203674 0.4254784882068634 -1 -1 -1 -1 -1 -1 -1 -1 -1
0.5188663601875305 0.39746344089508057 0.021842829883098602 -1 -1 -1 -1 -1 -1 -1 -1 -1
0.5182647109031677 0.4308949410915375 0.5174264907836914 -1 -1 -1 -1 -1 -1 -1 -1 -1
0.5250937938690186 0.4012441337108612 0.03568434342741966 -1 -1 -1 -1 -1 -1 -1 -1 -1
0.5116650462150574 0.4341804087162018 0.5109316110610962 -1 -1 -1 -1 -1 -1 -1 -1 -1
0.52236008644104 0.40915563702583313 0.03540206700563431 -1 -1 -1 -1 -1 -1 -1 -1 -1
0.5103198289871216 0.4310184121131897 0.40153253078460693 -1 -1 -1 -1 -1 -1 -1 -1 -1
0.5203626751899719 0.40944814682006836 0.03384461998939514 -1 -1 -1 -1 -1 -1 -1 -1 -1
0.5542961359024048 0.3589160740375519 0.9976246953010559 -1 -1 -1 -1 -1 -1 -1 -1 -1
0.5505288243293762 0.35494306683540344 0.9976226687431335 -1 -1 -1 -1 -1 -1 -1 -1 -1
0.6186933517456055 0.4022214710712433 0.5418592691421509 -1 -1 -1 -1 -1 -1 -1 -1 -1
0.6157546639442444 0.40359383821487427 0.8861537575721741 -1 -1 -1 -1 -1 -1 -1 -1 -1
0.6778922080993652 0.46929582953453064 0.6607547402381897 -1 -1 -1 -1 -1 -1 -1 -1 -1
0.6787225008010864 0.4696759283542633 0.895244836807251 -1 -1 -1 -1 -1 -1 -1 -1 -1
0.6860824823379517 0.48321694135665894 0.5351249575614929 -1 -1 -1 -1 -1 -1 -1 -1 -1
0.6868849992752075 0.4864163398742676 0.7849327921867371 -1 -1 -1 -1 -1 -1 -1 -1 -1
0.6904850602149963 0.4645511209964752 0.6719011068344116 -1 -1 -1 -1 -1 -1 -1 -1 -1
0.6940402388572693 0.4668959379196167 0.878902792930603 -1 -1 -1 -1 -1 -1 -1 -1 -1
1 
33 
-1 -1 -1 -1 -1 -1 -1 -1 -1 -1
0.4417200982570648 0.41073769330978394 0.9922228455543518 -1 -1 -1 -1 -1 -1 -1 -1 -1
0.43810778856277466 0.412983775138855 0.9921658039093018 -1 -1 -1 -1 -1 -1 -1 -1 -1
0.43746665120124817 0.41242730617523193 0.9901196956634521 -1 -1 -1 -1 -1 -1 -1 -1 -1
0.43683913350105286 0.41183120012283325 0.9935384392738342 -1 -1 -1 -1 -1 -1 -1 -1 -1
0.440046101808548 0.41522037982940674 0.993649423122406 -1 -1 -1 -1 -1 -1 -1 -1 -1
0.44075027108192444 0.41641223430633545 0.9913302659988403 -1 -1 -1 -1 -1 -1 -1 -1 -1
0.44143229722976685 0.41756707429885864 0.9949074387550354 -1 -1 -1 -1 -1 -1 -1 -1 -1
0.4373362064361572 0.4133954644203186 0.9885146021842957 -1 -1 -1 -1 -1 -1 -1 -1 -1
0.44399112462997437 0.4214942753314972 0.9942501783370972 -1 -1 -1 -1 -1 -1 -1 -1 -1
0.4443115293979645 0.40860527753829956 0.9878925085067749 -1 -1 -1 -1 -1 -1 -1 -1 -1
0.44633838534355164 0.411660373210907 0.9848213791847229 -1 -1 -1 -1 -1 -1 -1 -1 -1
0.4482084810733795 0.4020214080810547 0.9999641180038452 -1 -1 -1 -1 -1 -1 -1 -1 -1
0.4649616479873657 0.42049339413642883 0.9998134970664978 -1 -1 -1 -1 -1 -1 -1 -1 -1
0.48514604568481445 0.3935256600379944 0.3859207332134247 -1 -1 -1 -1 -1 -1 -1 -1 -1
0.497586190700531 0.4045625925064087 0.6394580006599426 -1 -1 -1 -1 -1 -1 -1 -1 -1
0.5186213254928589 0.38968896865844727 0.43039003014564514 -1 -1 -1 -1 -1 -1 -1 -1 -1
0.5257430672645569 0.40564385056495667 0.7512332201004028 -1 -1 -1 -1 -1 -1 -1 -1 -1
0.5287538766860962 0.3857833445072174 0.46618959307670593 -1 -1 -1 -1 -1 -1 -1 -1 -1
0.533474326133728 0.40606844425201416 0.679060697555542 -1 -1 -1 -1 -1 -1 -1 -1 -1
0.5283433794975281 0.3915894031524658 0.44456616044044495 -1 -1 -1 -1 -1 -1 -1 -1 -1
0.5333896279335022 0.4066469371318817 0.6828513145446777 -1 -1 -1 -1 -1 -1 -1 -1 -1
0.5254290699958801 0.39243194460868835 0.41665464639663696 -1 -1 -1 -1 -1 -1 -1 -1 -1
0.5303522944450378 0.4054171144962311 0.6192641854286194 -1 -1 -1 -1 -1 -1 -1 -1 -1
0.4969691038131714 0.3404436707496643 0.9999535083770752 -1 -1 -1 -1 -1 -1 -1 -1 -1
0.5063508749008179 0.34852924942970276 0.9998718500137329 -1 -1 -1 -1 -1 -1 -1 -1 -1
0.5545734763145447 0.35598835349082947 0.678277850151062 -1 -1 -1 -1 -1 -1 -1 -1 -1
0.5652456283569336 0.36618471145629883 0.7023460865020752 -1 -1 -1 -1 -1 -1 -1 -1 -1
0.6056559681892395 0.3820931911468506 0.6483943462371826 -1 -1 -1 -1 -1 -1 -1 -1 -1
0.613605260848999 0.38140544295310974 0.6029726266860962 -1 -1 -1 -1 -1 -1 -1 -1 -1
0.61374431848526 0.3839426040649414 0.6870060563087463 -1 -1 -1 -1 -1 -1 -1 -1 -1
0.6193419694900513 0.3834891617298126 0.5984035730361938 -1 -1 -1 -1 -1 -1 -1 -1 -1
0.6182993054389954 0.3991937041282654 0.7392897009849548 -1 -1 -1 -1 -1 -1 -1 -1 -1
0.627537190914154 0.38819003105163574 0.6807997226715088 -1 -1 -1 -1 -1 -1 -1 -1 -1
1 
33 
-1 -1 -1 -1 -1 -1 -1 -1 -1 -1
0.43325039744377136 0.4296477138996124 0.9993501305580139 -1 -1 -1 -1 -1 -1 -1 -1 -1
0.42994314432144165 0.4304550886154175 0.9983875751495361 -1 -1 -1 -1 -1 -1 -1 -1 -1
0.42934778332710266 0.42882075905799866 0.9968953132629395 -1 -1 -1 -1 -1 -1 -1 -1 -1
0.4287624955177307 0.4271663427352905 0.9963172674179077 -1 -1 -1 -1 -1 -1 -1 -1 -1
0.43148091435432434 0.43552181124687195 0.9994773268699646 -1 -1 -1 -1 -1 -1 -1 -1 -1
0.4320203363895416 0.43766888976097107 0.9994809031486511 -1 -1 -1 -1 -1 -1 -1 -1 -1
0.4325595200061798 0.4398059844970703 0.9996746778488159 -1 -1 -1 -1 -1 -1 -1 -1 -1
0.4289718568325043 0.42670148611068726 0.9944486618041992 -1 -1 -1 -1 -1 -1 -1 -1 -1
0.43421849608421326 0.4439544975757599 0.9998495578765869 -1 -1 -1 -1 -1 -1 -1 -1 -1
0.43473175168037415 0.42535844445228577 0.9982900023460388 -1 -1 -1 -1 -1 -1 -1 -1 -1
0.4367249011993408 0.43195298314094543 0.999581515789032 -1 -1 -1 -1 -1 -1 -1 -1 -1
0.436130166053772 0.4084433913230896 0.996651828289032 -1 -1 -1 -1 -1 -1 -1 -1 -1
0.45083001255989075 0.44739672541618347 0.9996899366378784 -1 -1 -1 -1 -1 -1 -1 -1 -1
0.4408060908317566 0.37987327575683594 0.6983932256698608 -1 -1 -1 -1 -1 -1 -1 -1 -1
0.4748506546020508 0.44749900698661804 0.939024031162262 -1 -1 -1 -1 -1 -1 -1 -1 -1
0.43807297945022583 0.41677334904670715 0.48023051023483276 -1 -1 -1 -1 -1 -1 -1 -1 -1
0.49342501163482666 0.43979907035827637 0.9303479790687561 -1 -1 -1 -1 -1 -1 -1 -1 -1
0.4380118250846863 0.42794251441955566 0.3182435929775238 -1 -1 -1 -1 -1 -1 -1 -1 -1
0.4991333782672882 0.43993431329727173 0.8736314177513123 -1 -1 -1 -1 -1 -1 -1 -1 -1
0.43669393658638 0.4298463463783264 0.27958405017852783 -1 -1 -1 -1 -1 -1 -1 -1 -1
0.49778103828430176 0.43652594089508057 0.8688805103302002 -1 -1 -1 -1 -1 -1 -1 -1 -1
0.43766191601753235 0.42664119601249695 0.24990199506282806 -1 -1 -1 -1 -1 -1 -1 -1 -1
0.4956873655319214 0.4347279965877533 0.8295202255249023 -1 -1 -1 -1 -1 -1 -1 -1 -1
0.47431743144989014 0.38653677701950073 0.9982253909111023 -1 -1 -1 -1 -1 -1 -1 -1 -1
0.4805728495121002 0.4098007082939148 0.9976096153259277 -1 -1 -1 -1 -1 -1 -1 -1 -1
0.5017228126525879 0.36961281299591064 0.30355268716812134 -1 -1 -1 -1 -1 -1 -1 -1 -1
0.5048233866691589 0.3934025168418884 0.36168336868286133 -1 -1 -1 -1 -1 -1 -1 -1 -1
0.5246109962463379 0.3745425343513489 0.3816724717617035 -1 -1 -1 -1 -1 -1 -1 -1 -1
0.5276411175727844 0.37758350372314453 0.5401045083999634 -1 -1 -1 -1 -1 -1 -1 -1 -1
0.5279562473297119 0.3760439455509186 0.38972169160842896 -1 -1 -1 -1 -1 -1 -1 -1 -1
0.5306693911552429 0.37541091442108154 0.4249929189682007 -1 -1 -1 -1 -1 -1 -1 -1 -1
0.5318808555603027 0.367658793926239 0.42213061451911926 -1 -1 -1 -1 -1 -1 -1 -1 -1
0.5373318791389465 0.36720433831214905 0.5398209691047668 -1 -1 -1 -1 -1 -1 -1 -1 -1
1 
