15
1 
33 
-1 -1 -1 -1 -1 -1 -1 -1 -1 -1
0.4470690190792084 0.3997393250465393 0.9968407154083252 -1 -1 -1 -1 -1 -1 -1 -1 -1
0.4535466134548187 0.39152637124061584 0.9975101947784424 -1 -1 -1 -1 -1 -1 -1 -1 -1
0.454729825258255 0.3918713927268982 0.9980539083480835 -1 -1 -1 -1 -1 -1 -1 -1 -1
0.45594120025634766 0.39239612221717834 0.9979302883148193 -1 -1 -1 -1 -1 -1 -1 -1 -1
0.4530210793018341 0.39035341143608093 0.9973215460777283 -1 -1 -1 -1 -1 -1 -1 -1 -1
0.4538895785808563 0.38978660106658936 0.9973180890083313 -1 -1 -1 -1 -1 -1 -1 -1 -1
0.45468664169311523 0.3893953561782837 0.9970920085906982 -1 -1 -1 -1 -1 -1 -1 -1 -1
0.46428003907203674 0.4007827043533325 0.9977176189422607 -1 -1 -1 -1 -1 -1 -1 -1 -1
0.4615435004234314 0.3987489342689514 0.9962981343269348 -1 -1 -1 -1 -1 -1 -1 -1 -1
0.44830456376075745 0.4071544408798218 0.9908378720283508 -1 -1 -1 -1 -1 -1 -1 -1 -1
0.4477684199810028 0.40665534138679504 0.990082323551178 -1 -1 -1 -1 -1 -1 -1 -1 -1
0.466506689786911 0.4380340576171875 0.9992642998695374 -1 -1 -1 -1 -1 -1 -1 -1 -1
0.46754878759384155 0.4350563585758209 0.9873490333557129 -1 -1 -1 -1 -1 -1 -1 -1 -1
0.4416235387325287 0.3471049964427948 0.9964512586593628 -1 -1 -1 -1 -1 -1 -1 -1 -1
0.44404858350753784 0.345407098531723 0.33297815918922424 -1 -1 -1 -1 -1 -1 -1 -1 -1
0.4405396282672882 0.2629026770591736 0.973483681678772 -1 -1 -1 -1 -1 -1 -1 -1 -1
0.44353559613227844 0.270279198884964 0.4387916922569275 -1 -1 -1 -1 -1 -1 -1 -1 -1
0.4442470073699951 0.24319273233413696 0.9472775459289551 -1 -1 -1 -1 -1 -1 -1 -1 -1
0.4486865699291229 0.2514916658401489 0.5037139654159546 -1 -1 -1 -1 -1 -1 -1 -1 -1
0.4474702477455139 0.24091842770576477 0.9353865385055542 -1 -1 -1 -1 -1 -1 -1 -1 -1
0.4504445791244507 0.246855229139328 0.5044635534286499 -1 -1 -1 -1 -1 -1 -1 -1 -1
0.4473849833011627 0.24890342354774475 0.9094973802566528 -1 -1 -1 -1 -1 -1 -1 -1 -1
0.44932639598846436 0.25370484590530396 0.5216637253761292 -1 -1 -1 -1 -1 -1 -1 -1 -1
0.5192943215370178 0.595465362071991 0.9978602528572083 -1 -1 -1 -1 -1 -1 -1 -1 -1
0.5200705528259277 0.595613956451416 0.9957287907600403 -1 -1 -1 -1 -1 -1 -1 -1 -1
0.4854922890663147 0.7068448066711426 0.9893568158149719 -1 -1 -1 -1 -1 -1 -1 -1 -1
0.49047672748565674 0.7005574107170105 0.42268142104148865 -1 -1 -1 -1 -1 -1 -1 -1 -1
0.516328752040863 0.8178219795227051 0.9665030837059021 -1 -1 -1 -1 -1 -1 -1 -1 -1
0.5193691849708557 0.8190755248069763 0.4241648316383362 -1 -1 -1 -1 -1 -1 -1 -1 -1
0.5245147347450256 0.8339059948921204 0.9761791229248047 -1 -1 -1 -1 -1 -1 -1 -1 -1
0.5260710716247559 0.8326442241668701 0.648654580116272 -1 -1 -1 -1 -1 -1 -1 -1 -1
0.4887990653514862 0.8404654264450073 0.9600057601928711 -1 -1 -1 -1 -1 -1 -1 -1 -1
0.4916723370552063 0.8379678726196289 0.5505207180976868 -1 -1 -1 -1 -1 -1 -1 -1 -1
1 
33 
-1 -1 -1 -1 -1 -1 -1 -1 -1 -1
0.4364194869995117 0.41505831480026245 0.9966152310371399 -1 -1 -1 -1 -1 -1 -1 -1 -1
0.4385922849178314 0.40457987785339355 0.9978762865066528 -1 -1 -1 -1 -1 -1 -1 -1 -1
0.43942469358444214 0.4041280746459961 0.9980167150497437 -1 -1 -1 -1 -1 -1 -1 -1 -1
0.4403091371059418 0.40366268157958984 0.9982686042785645 -1 -1 -1 -1 -1 -1 -1 -1 -1
0.4386090636253357 0.4041597843170166 0.9975292086601257 -1 -1 -1 -1 -1 -1 -1 -1 -1
0.439473032951355 0.4035271406173706 0.9969924688339233 -1 -1 -1 -1 -1 -1 -1 -1 -1
0.44040119647979736 0.40281277894973755 0.9969819188117981 -1 -1 -1 -1 -1 -1 -1 -1 -1
0.44949254393577576 0.40383729338645935 0.9979022741317749 -1 -1 -1 -1 -1 -1 -1 -1 -1
0.4489169716835022 0.40231725573539734 0.9971286654472351 -1 -1 -1 -1 -1 -1 -1 -1 -1
0.44119417667388916 0.42004454135894775 0.9920452833175659 -1 -1 -1 -1 -1 -1 -1 -1 -1
0.44106483459472656 0.4203619956970215 0.9900996088981628 -1 -1 -1 -1 -1 -1 -1 -1 -1
0.46424153447151184 0.4392373561859131 0.9981755018234253 -1 -1 -1 -1 -1 -1 -1 -1 -1
0.46966758370399475 0.4376569390296936 0.9758352637290955 -1 -1 -1 -1 -1 -1 -1 -1 -1
0.42904189229011536 0.3717343211174011 0.9938814640045166 -1 -1 -1 -1 -1 -1 -1 -1 -1
0.4334019124507904 0.37427717447280884 0.09729761630296707 -1 -1 -1 -1 -1 -1 -1 -1 -1
0.40000247955322266 0.30321982502937317 0.9590374827384949 -1 -1 -1 -1 -1 -1 -1 -1 -1
0.40185338258743286 0.3077412545681 0.25620341300964355 -1 -1 -1 -1 -1 -1 -1 -1 -1
0.39677369594573975 0.29390472173690796 0.9336605072021484 -1 -1 -1 -1 -1 -1 -1 -1 -1
0.3998112678527832 0.2979848384857178 0.37023305892944336 -1 -1 -1 -1 -1 -1 -1 -1 -1
0.39646419882774353 0.28712978959083557 0.918781578540802 -1 -1 -1 -1 -1 -1 -1 -1 -1
0.39926260709762573 0.29411497712135315 0.3730123043060303 -1 -1 -1 -1 -1 -1 -1 -1 -1
0.39968106150627136 0.2946087718009949 0.8850935101509094 -1 -1 -1 -1 -1 -1 -1 -1 -1
0.39974504709243774 0.29727813601493835 0.4006810188293457 -1 -1 -1 -1 -1 -1 -1 -1 -1
0.5265273451805115 0.5784564018249512 0.9993880987167358 -1 -1 -1 -1 -1 -1 -1 -1 -1
0.5259495973587036 0.5722218751907349 0.9981799125671387 -1 -1 -1 -1 -1 -1 -1 -1 -1
0.49350932240486145 0.7001396417617798 0.9800822138786316 -1 -1 -1 -1 -1 -1 -1 -1 -1
0.4951781928539276 0.6837738752365112 0.45557594299316406 -1 -1 -1 -1 -1 -1 -1 -1 -1
0.5368238091468811 0.8154383897781372 0.9533913135528564 -1 -1 -1 -1 -1 -1 -1 -1 -1
0.5315452814102173 0.8000253438949585 0.3299776315689087 -1 -1 -1 -1 -1 -1 -1 -1 -1
0.5477227568626404 0.8302034735679626 0.9606990814208984 -1 -1 -1 -1 -1 -1 -1 -1 -1
0.5420858263969421 0.8171203136444092 0.5326436758041382 -1 -1 -1 -1 -1 -1 -1 -1 -1
0.5058704018592834 0.8359977006912231 0.9132111668586731 -1 -1 -1 -1 -1 -1 -1 -1 -1
0.504700779914856 0.822214663028717 0.3419036269187927 -1 -1 -1 -1 -1 -1 -1 -1 -1
1 
33 
-1 -1 -1 -1 -1 -1 -1 -1 -1 -1
0.430513858795166 0.4106345474720001 0.9968374967575073 -1 -1 -1 -1 -1 -1 -1 -1 -1
0.42914360761642456 0.39785298705101013 0.9977599382400513 -1 -1 -1 -1 -1 -1 -1 -1 -1
0.4296734929084778 0.3965832591056824 0.997728168964386 -1 -1 -1 -1 -1 -1 -1 -1 -1
0.43027961254119873 0.39535045623779297 0.9981631636619568 -1 -1 -1 -1 -1 -1 -1 -1 -1
0.4289897084236145 0.3987206220626831 0.9967390894889832 -1 -1 -1 -1 -1 -1 -1 -1 -1
0.42933982610702515 0.3980458676815033 0.9957137107849121 -1 -1 -1 -1 -1 -1 -1 -1 -1
0.42975637316703796 0.3973289430141449 0.9966192245483398 -1 -1 -1 -1 -1 -1 -1 -1 -1
0.43883785605430603 0.39111268520355225 0.99644535779953 -1 -1 -1 -1 -1 -1 -1 -1 -1
0.4384823441505432 0.39144474267959595 0.9946359992027283 -1 -1 -1 -1 -1 -1 -1 -1 -1
0.43603095412254333 0.4126057028770447 0.9936516284942627 -1 -1 -1 -1 -1 -1 -1 -1 -1
0.4358883500099182 0.4143330454826355 0.9906526803970337 -1 -1 -1 -1 -1 -1 -1 -1 -1
0.4594610333442688 0.4144741892814636 0.9988448619842529 -1 -1 -1 -1 -1 -1 -1 -1 -1
0.4733651876449585 0.4169577360153198 0.9909684062004089 -1 -1 -1 -1 -1 -1 -1 -1 -1
0.41175827383995056 0.388916552066803 0.9931507110595703 -1 -1 -1 -1 -1 -1 -1 -1 -1
0.421872615814209 0.40755242109298706 0.1999124139547348 -1 -1 -1 -1 -1 -1 -1 -1 -1
0.3602181375026703 0.36720597743988037 0.9615112543106079 -1 -1 -1 -1 -1 -1 -1 -1 -1
0.37871378660202026 0.39614003896713257 0.22855938971042633 -1 -1 -1 -1 -1 -1 -1 -1 -1
0.35287052392959595 0.36902493238449097 0.9324823021888733 -1 -1 -1 -1 -1 -1 -1 -1 -1
0.37100815773010254 0.3833218216896057 0.23346973955631256 -1 -1 -1 -1 -1 -1 -1 -1 -1
0.3578628897666931 0.3644670248031616 0.9259300827980042 -1 -1 -1 -1 -1 -1 -1 -1 -1
0.3684558570384979 0.38318395614624023 0.23794591426849365 -1 -1 -1 -1 -1 -1 -1 -1 -1
0.36452245712280273 0.36063122749328613 0.883242130279541 -1 -1 -1 -1 -1 -1 -1 -1 -1
0.370064914226532 0.38904523849487305 0.2703514099121094 -1 -1 -1 -1 -1 -1 -1 -1 -1
0.5244677066802979 0.5460922122001648 0.9985456466674805 -1 -1 -1 -1 -1 -1 -1 -1 -1
0.5294159650802612 0.5401495695114136 0.995995044708252 -1 -1 -1 -1 -1 -1 -1 -1 -1
0.5201482772827148 0.6785890460014343 0.9624742269515991 -1 -1 -1 -1 -1 -1 -1 -1 -1
0.5221055746078491 0.6667768359184265 0.3486498296260834 -1 -1 -1 -1 -1 -1 -1 -1 -1
0.5513242483139038 0.7954885363578796 0.9658694267272949 -1 -1 -1 -1 -1 -1 -1 -1 -1
0.5491318106651306 0.7845162749290466 0.5247616767883301 -1 -1 -1 -1 -1 -1 -1 -1 -1
0.5630662441253662 0.815122127532959 0.9694468379020691 -1 -1 -1 -1 -1 -1 -1 -1 -1
0.5603542923927307 0.8065546154975891 0.6913418173789978 -1 -1 -1 -1 -1 -1 -1 -1 -1
0.5238469839096069 0.8290843963623047 0.9498790502548218 -1 -1 -1 -1 -1 -1 -1 -1 -1
0.5259824991226196 0.8192560076713562 0.6239143013954163 -1 -1 -1 -1 -1 -1 -1 -1 -1
1 
33 
-1 -1 -1 -1 -1 -1 -1 -1 -1 -1
0.4140535891056061 0.4072165787220001 0.878288745880127 -1 -1 -1 -1 -1 -1 -1 -1 -1
0.41512036323547363 0.3949390649795532 0.9198916554450989 -1 -1 -1 -1 -1 -1 -1 -1 -1
0.4157193601131439 0.39374852180480957 0.9250906109809875 -1 -1 -1 -1 -1 -1 -1 -1 -1
0.41631019115448 0.3901083767414093 0.9399645328521729 -1 -1 -1 -1 -1 -1 -1 -1 -1
0.41487574577331543 0.395455539226532 0.9060665369033813 -1 -1 -1 -1 -1 -1 -1 -1 -1
0.41531792283058167 0.3946986794471741 0.8965832591056824 -1 -1 -1 -1 -1 -1 -1 -1 -1
0.4155522584915161 0.39401814341545105 0.9096424579620361 -1 -1 -1 -1 -1 -1 -1 -1 -1
0.4228511154651642 0.38719770312309265 0.9209924936294556 -1 -1 -1 -1 -1 -1 -1 -1 -1
0.42076876759529114 0.3873557150363922 0.8853307366371155 -1 -1 -1 -1 -1 -1 -1 -1 -1
0.41640251874923706 0.4107707142829895 0.8581947088241577 -1 -1 -1 -1 -1 -1 -1 -1 -1
0.41621169447898865 0.4153687655925751 0.8463353514671326 -1 -1 -1 -1 -1 -1 -1 -1 -1
0.4343213438987732 0.41007259488105774 0.9938384890556335 -1 -1 -1 -1 -1 -1 -1 -1 -1
0.43006911873817444 0.4120447337627411 0.9828216433525085 -1 -1 -1 -1 -1 -1 -1 -1 -1
0.4047243893146515 0.45715755224227905 0.9592511057853699 -1 -1 -1 -1 -1 -1 -1 -1 -1
0.39441028237342834 0.4698932468891144 0.10761184245347977 -1 -1 -1 -1 -1 -1 -1 -1 -1
0.37759339809417725 0.4622025787830353 0.7697052359580994 -1 -1 -1 -1 -1 -1 -1 -1 -1
0.37379831075668335 0.4830334782600403 0.177493616938591 -1 -1 -1 -1 -1 -1 -1 -1 -1
0.3716256618499756 0.45919057726860046 0.7048873901367188 -1 -1 -1 -1 -1 -1 -1 -1 -1
0.37034815549850464 0.48261505365371704 0.2133813500404358 -1 -1 -1 -1 -1 -1 -1 -1 -1
0.37304067611694336 0.45546025037765503 0.6843121647834778 -1 -1 -1 -1 -1 -1 -1 -1 -1
0.3705475926399231 0.4792221784591675 0.22890599071979523 -1 -1 -1 -1 -1 -1 -1 -1 -1
0.37589654326438904 0.4587137699127197 0.6006578803062439 -1 -1 -1 -1 -1 -1 -1 -1 -1
0.3716846704483032 0.48101747035980225 0.2321651577949524 -1 -1 -1 -1 -1 -1 -1 -1 -1
0.5408104062080383 0.4729742407798767 0.9977073669433594 -1 -1 -1 -1 -1 -1 -1 -1 -1
0.5320780873298645 0.4760242998600006 0.9972353577613831 -1 -1 -1 -1 -1 -1 -1 -1 -1
0.5504996180534363 0.6295157670974731 0.9194914698600769 -1 -1 -1 -1 -1 -1 -1 -1 -1
0.5483818650245667 0.6226722002029419 0.26079344749450684 -1 -1 -1 -1 -1 -1 -1 -1 -1
0.5605009198188782 0.7715054154396057 0.9426368474960327 -1 -1 -1 -1 -1 -1 -1 -1 -1
0.5591654777526855 0.7700554132461548 0.2797759473323822 -1 -1 -1 -1 -1 -1 -1 -1 -1
0.5658828020095825 0.7942324876785278 0.9249536395072937 -1 -1 -1 -1 -1 -1 -1 -1 -1
0.5652150511741638 0.788466215133667 0.34320706129074097 -1 -1 -1 -1 -1 -1 -1 -1 -1
0.5366897583007812 0.830491304397583 0.9204151034355164 -1 -1 -1 -1 -1 -1 -1 -1 -1
0.5377774238586426 0.8254872560501099 0.3533938527107239 -1 -1 -1 -1 -1 -1 -1 -1 -1
1 
33 
-1 -1 -1 -1 -1 -1 -1 -1 -1 -1
0.4240684509277344 0.4372803270816803 0.9998666048049927 -1 -1 -1 -1 -1 -1 -1 -1 -1
0.41983476281166077 0.43235060572624207 0.9997990727424622 -1 -1 -1 -1 -1 -1 -1 -1 -1
0.41896599531173706 0.4312123656272888 0.9998130202293396 -1 -1 -1 -1 -1 -1 -1 -1 -1
0.4181317687034607 0.43002647161483765 0.999790370464325 -1 -1 -1 -1 -1 -1 -1 -1 -1
0.4222813844680786 0.4336783289909363 0.9998058676719666 -1 -1 -1 -1 -1 -1 -1 -1 -1
0.423013836145401 0.43349921703338623 0.9998065829277039 -1 -1 -1 -1 -1 -1 -1 -1 -1
0.4237315058708191 0.43323081731796265 0.9998213648796082 -1 -1 -1 -1 -1 -1 -1 -1 -1
0.41808563470840454 0.4242335259914398 0.9997976422309875 -1 -1 -1 -1 -1 -1 -1 -1 -1
0.42571842670440674 0.42863771319389343 0.9998883008956909 -1 -1 -1 -1 -1 -1 -1 -1 -1
0.42633500695228577 0.4360159933567047 0.9997922778129578 -1 -1 -1 -1 -1 -1 -1 -1 -1
0.4284883737564087 0.43778419494628906 0.9997640252113342 -1 -1 -1 -1 -1 -1 -1 -1 -1
0.4247901141643524 0.43005409836769104 0.9999945163726807 -1 -1 -1 -1 -1 -1 -1 -1 -1
0.4497547149658203 0.4321724474430084 0.999880313873291 -1 -1 -1 -1 -1 -1 -1 -1 -1
0.4431587755680084 0.46830931305885315 0.9653100371360779 -1 -1 -1 -1 -1 -1 -1 -1 -1
0.4822874367237091 0.44486910104751587 0.11089232563972473 -1 -1 -1 -1 -1 -1 -1 -1 -1
0.43682774901390076 0.5193077325820923 0.8528990149497986 -1 -1 -1 -1 -1 -1 -1 -1 -1
0.49826300144195557 0.4793493151664734 0.1438310742378235 -1 -1 -1 -1 -1 -1 -1 -1 -1
0.43639516830444336 0.5334811806678772 0.8335191011428833 -1 -1 -1 -1 -1 -1 -1 -1 -1
0.5048041939735413 0.48480698466300964 0.13428987562656403 -1 -1 -1 -1 -1 -1 -1 -1 -1
0.4345947802066803 0.5348669290542603 0.7918769121170044 -1 -1 -1 -1 -1 -1 -1 -1 -1
0.5031156539916992 0.49081748723983765 0.12506839632987976 -1 -1 -1 -1 -1 -1 -1 -1 -1
0.43558385968208313 0.5299176573753357 0.751044511795044 -1 -1 -1 -1 -1 -1 -1 -1 -1
0.5000220537185669 0.48938217759132385 0.1204080581665039 -1 -1 -1 -1 -1 -1 -1 -1 -1
0.48977938294410706 0.4186529815196991 0.9999713897705078 -1 -1 -1 -1 -1 -1 -1 -1 -1
0.5023812651634216 0.4150743782520294 0.9999496936798096 -1 -1 -1 -1 -1 -1 -1 -1 -1
0.5181902647018433 0.5403718948364258 0.9658189415931702 -1 -1 -1 -1 -1 -1 -1 -1 -1
0.5374801158905029 0.5169504284858704 0.7110698223114014 -1 -1 -1 -1 -1 -1 -1 -1 -1
0.5262377262115479 0.6300858855247498 0.9646632075309753 -1 -1 -1 -1 -1 -1 -1 -1 -1
0.5610557794570923 0.6101396679878235 0.48555874824523926 -1 -1 -1 -1 -1 -1 -1 -1 -1
0.532967209815979 0.638961136341095 0.9578241109848022 -1 -1 -1 -1 -1 -1 -1 -1 -1
0.5679514408111572 0.6185892820358276 0.5880112051963806 -1 -1 -1 -1 -1 -1 -1 -1 -1
0.510506808757782 0.6650345921516418 0.9659021496772766 -1 -1 -1 -1 -1 -1 -1 -1 -1
0.5533835291862488 0.6435482501983643 0.6336483955383301 -1 -1 -1 -1 -1 -1 -1 -1 -1
1 
33 
-1 -1 -1 -1 -1 -1 -1 -1 -1 -1
0.42516976594924927 0.48457226157188416 0.9816632270812988 -1 -1 -1 -1 -1 -1 -1 -1 -1
0.4199073314666748 0.4814622104167938 0.984476625919342 -1 -1 -1 -1 -1 -1 -1 -1 -1
0.41965681314468384 0.48009172081947327 0.9828096032142639 -1 -1 -1 -1 -1 -1 -1 -1 -1
0.4194011688232422 0.4785180389881134 0.9860879778862 -1 -1 -1 -1 -1 -1 -1 -1 -1
0.41975027322769165 0.4817969799041748 0.9844077229499817 -1 -1 -1 -1 -1 -1 -1 -1 -1
0.4194542169570923 0.4807473123073578 0.9841273427009583 -1 -1 -1 -1 -1 -1 -1 -1 -1
0.4191620349884033 0.4794665277004242 0.9889334440231323 -1 -1 -1 -1 -1 -1 -1 -1 -1
0.4207236170768738 0.46599534153938293 0.9763887524604797 -1 -1 -1 -1 -1 -1 -1 -1 -1
0.42070022225379944 0.46654075384140015 0.982613205909729 -1 -1 -1 -1 -1 -1 -1 -1 -1
0.4301764667034149 0.4793374240398407 0.9702978134155273 -1 -1 -1 -1 -1 -1 -1 -1 -1
0.43010205030441284 0.4799947440624237 0.9670583009719849 -1 -1 -1 -1 -1 -1 -1 -1 -1
0.44050320982933044 0.4577343761920929 0.9961888194084167 -1 -1 -1 -1 -1 -1 -1 -1 -1
0.44524380564689636 0.4508872330188751 0.9946951270103455 -1 -1 -1 -1 -1 -1 -1 -1 -1
0.4539579153060913 0.5430176854133606 0.9105712175369263 -1 -1 -1 -1 -1 -1 -1 -1 -1
0.4552501440048218 0.5345755219459534 0.19658035039901733 -1 -1 -1 -1 -1 -1 -1 -1 -1
0.4643237292766571 0.6091067790985107 0.7728605270385742 -1 -1 -1 -1 -1 -1 -1 -1 -1
0.4665226638317108 0.6112516522407532 0.2960337698459625 -1 -1 -1 -1 -1 -1 -1 -1 -1
0.46541082859039307 0.621429443359375 0.7189556360244751 -1 -1 -1 -1 -1 -1 -1 -1 -1
0.46378153562545776 0.6296333074569702 0.28864586353302 -1 -1 -1 -1 -1 -1 -1 -1 -1
0.46422839164733887 0.6237726807594299 0.6959642171859741 -1 -1 -1 -1 -1 -1 -1 -1 -1
0.46160435676574707 0.6309559345245361 0.30369821190834045 -1 -1 -1 -1 -1 -1 -1 -1 -1
0.4640476107597351 0.6163914799690247 0.6356054544448853 -1 -1 -1 -1 -1 -1 -1 -1 -1
0.463012158870697 0.6270381212234497 0.33624765276908875 -1 -1 -1 -1 -1 -1 -1 -1 -1
0.535709023475647 0.4120210111141205 0.9940630793571472 -1 -1 -1 -1 -1 -1 -1 -1 -1
0.5336369872093201 0.41125786304473877 0.9957607388496399 -1 -1 -1 -1 -1 -1 -1 -1 -1
0.5611286163330078 0.5359647870063782 0.9265233278274536 -1 -1 -1 -1 -1 -1 -1 -1 -1
0.5594587326049805 0.5241807699203491 0.15967530012130737 -1 -1 -1 -1 -1 -1 -1 -1 -1
0.5885672569274902 0.6429427862167358 0.9297602772712708 -1 -1 -1 -1 -1 -1 -1 -1 -1
0.5869426727294922 0.638659656047821 0.21371400356292725 -1 -1 -1 -1 -1 -1 -1 -1 -1
0.5965418815612793 0.6467040777206421 0.8866315484046936 -1 -1 -1 -1 -1 -1 -1 -1 -1
0.6101519465446472 0.644181489944458 0.31237518787384033 -1 -1 -1 -1 -1 -1 -1 -1 -1
0.5929546356201172 0.6990638971328735 0.9036974906921387 -1 -1 -1 -1 -1 -1 -1 -1 -1
0.5924152135848999 0.68831467628479 0.31603771448135376 -1 -1 -1 -1 -1 -1 -1 -1 -1
1 
33 
-1 -1 -1 -1 -1 -1 -1 -1 -1 -1
0.5391939282417297 0.4380783140659332 0.9868649840354919 -1 -1 -1 -1 -1 -1 -1 -1 -1
0.5411682724952698 0.43713903427124023 0.9846971035003662 -1 -1 -1 -1 -1 -1 -1 -1 -1
0.5412114858627319 0.4371315538883209 0.9820594191551208 -1 -1 -1 -1 -1 -1 -1 -1 -1
0.5412521958351135 0.4371351897716522 0.9831901788711548 -1 -1 -1 -1 -1 -1 -1 -1 -1
0.5409554243087769 0.43696504831314087 0.9815407991409302 -1 -1 -1 -1 -1 -1 -1 -1 -1
0.5408713221549988 0.43658196926116943 0.9777745008468628 -1 -1 -1 -1 -1 -1 -1 -1 -1
0.5407865047454834 0.43621477484703064 0.9814960360527039 -1 -1 -1 -1 -1 -1 -1 -1 -1
0.5398536324501038 0.43499845266342163 0.9820619225502014 -1 -1 -1 -1 -1 -1 -1 -1 -1
0.5391437411308289 0.4344063699245453 0.959748387336731 -1 -1 -1 -1 -1 -1 -1 -1 -1
0.5370779633522034 0.4381048083305359 0.9642319679260254 -1 -1 -1 -1 -1 -1 -1 -1 -1
0.5369067192077637 0.43709859251976013 0.9554589986801147 -1 -1 -1 -1 -1 -1 -1 -1 -1
0.5317692160606384 0.43152493238449097 0.9963106513023376 -1 -1 -1 -1 -1 -1 -1 -1 -1
0.5306701064109802 0.43534061312675476 0.9943835735321045 -1 -1 -1 -1 -1 -1 -1 -1 -1
0.5333144664764404 0.4180870056152344 0.9021507501602173 -1 -1 -1 -1 -1 -1 -1 -1 -1
0.5403468012809753 0.44747549295425415 0.6751166582107544 -1 -1 -1 -1 -1 -1 -1 -1 -1
0.5395645499229431 0.39967602491378784 0.8677660822868347 -1 -1 -1 -1 -1 -1 -1 -1 -1
0.5521522164344788 0.45395204424858093 0.7321591973304749 -1 -1 -1 -1 -1 -1 -1 -1 -1
0.540280818939209 0.39194607734680176 0.8326008915901184 -1 -1 -1 -1 -1 -1 -1 -1 -1
0.5546408891677856 0.4569157063961029 0.7000537514686584 -1 -1 -1 -1 -1 -1 -1 -1 -1
0.542185366153717 0.39321088790893555 0.8406941890716553 -1 -1 -1 -1 -1 -1 -1 -1 -1
0.5557590126991272 0.45483699440956116 0.6858136653900146 -1 -1 -1 -1 -1 -1 -1 -1 -1
0.541495680809021 0.3967459797859192 0.7653182148933411 -1 -1 -1 -1 -1 -1 -1 -1 -1
0.5545597076416016 0.45378944277763367 0.6116496920585632 -1 -1 -1 -1 -1 -1 -1 -1 -1
0.5039296746253967 0.43374398350715637 0.9991196990013123 -1 -1 -1 -1 -1 -1 -1 -1 -1
0.5019241571426392 0.4306291341781616 0.9997021555900574 -1 -1 -1 -1 -1 -1 -1 -1 -1
0.5014064311981201 0.4519393742084503 0.04565498232841492 -1 -1 -1 -1 -1 -1 -1 -1 -1
0.49809807538986206 0.43462520837783813 0.5361082553863525 -1 -1 -1 -1 -1 -1 -1 -1 -1
0.48924729228019714 0.457248717546463 0.10466916114091873 -1 -1 -1 -1 -1 -1 -1 -1 -1
0.48538899421691895 0.4415957033634186 0.5702506899833679 -1 -1 -1 -1 -1 -1 -1 -1 -1
0.48783671855926514 0.45621469616889954 0.17136211693286896 -1 -1 -1 -1 -1 -1 -1 -1 -1
0.4842495620250702 0.4403972923755646 0.5915648341178894 -1 -1 -1 -1 -1 -1 -1 -1 -1
0.48416104912757874 0.4660281836986542 0.1865873634815216 -1 -1 -1 -1 -1 -1 -1 -1 -1
0.4800817668437958 0.4487973749637604 0.5118943452835083 -1 -1 -1 -1 -1 -1 -1 -1 -1
1 
33 
-1 -1 -1 -1 -1 -1 -1 -1 -1 -1
0.48250657320022583 0.5864963531494141 0.9919481873512268 -1 -1 -1 -1 -1 -1 -1 -1 -1
0.4779722988605499 0.5947551727294922 0.9887944459915161 -1 -1 -1 -1 -1 -1 -1 -1 -1
0.47718095779418945 0.5943537950515747 0.9889765381813049 -1 -1 -1 -1 -1 -1 -1 -1 -1
0.4761956036090851 0.5940531492233276 0.9910888671875 -1 -1 -1 -1 -1 -1 -1 -1 -1
0.4778904318809509 0.5943502187728882 0.9895567297935486 -1 -1 -1 -1 -1 -1 -1 -1 -1
0.4768453538417816 0.5936167240142822 0.9897593259811401 -1 -1 -1 -1 -1 -1 -1 -1 -1
0.4758588373661041 0.5929590463638306 0.9910513162612915 -1 -1 -1 -1 -1 -1 -1 -1 -1
0.467520147562027 0.5827203989028931 0.9930874705314636 -1 -1 -1 -1 -1 -1 -1 -1 -1
0.46688270568847656 0.582253634929657 0.9912920594215393 -1 -1 -1 -1 -1 -1 -1 -1 -1
0.4811595678329468 0.5744057297706604 0.9976915121078491 -1 -1 -1 -1 -1 -1 -1 -1 -1
0.4810255765914917 0.5735946893692017 0.9972227811813354 -1 -1 -1 -1 -1 -1 -1 -1 -1
0.47565776109695435 0.5322397947311401 0.9999206066131592 -1 -1 -1 -1 -1 -1 -1 -1 -1
0.46707838773727417 0.5159288644790649 0.9995213747024536 -1 -1 -1 -1 -1 -1 -1 -1 -1
0.5262347459793091 0.5021746754646301 0.9309547543525696 -1 -1 -1 -1 -1 -1 -1 -1 -1
0.5176326632499695 0.494756817817688 0.03537820279598236 -1 -1 -1 -1 -1 -1 -1 -1 -1
0.5744091272354126 0.48695558309555054 0.843363881111145 -1 -1 -1 -1 -1 -1 -1 -1 -1
0.5637097954750061 0.4804706573486328 0.04134126007556915 -1 -1 -1 -1 -1 -1 -1 -1 -1
0.584370493888855 0.48276573419570923 0.8003358244895935 -1 -1 -1 -1 -1 -1 -1 -1 -1
0.5744585394859314 0.48204904794692993 0.052989427000284195 -1 -1 -1 -1 -1 -1 -1 -1 -1
0.5866268873214722 0.48756518959999084 0.7944017648696899 -1 -1 -1 -1 -1 -1 -1 -1 -1
0.5756024122238159 0.4806308448314667 0.05402534455060959 -1 -1 -1 -1 -1 -1 -1 -1 -1
0.5833252668380737 0.487873911857605 0.7131348848342896 -1 -1 -1 -1 -1 -1 -1 -1 -1
0.5716237425804138 0.4787180423736572 0.0590035542845726 -1 -1 -1 -1 -1 -1 -1 -1 -1
0.5013518929481506 0.3809393346309662 0.9911975264549255 -1 -1 -1 -1 -1 -1 -1 -1 -1
0.49695461988449097 0.3813837766647339 0.9866243600845337 -1 -1 -1 -1 -1 -1 -1 -1 -1
0.5396047830581665 0.4881571829319 0.8751538395881653 -1 -1 -1 -1 -1 -1 -1 -1 -1
0.5324569940567017 0.4926545023918152 0.060000237077474594 -1 -1 -1 -1 -1 -1 -1 -1 -1
0.5988836884498596 0.49860796332359314 0.8575974106788635 -1 -1 -1 -1 -1 -1 -1 -1 -1
0.5961742401123047 0.5009624361991882 0.13230736553668976 -1 -1 -1 -1 -1 -1 -1 -1 -1
0.6075189113616943 0.48686710000038147 0.785886824131012 -1 -1 -1 -1 -1 -1 -1 -1 -1
0.6066405177116394 0.49046778678894043 0.20310793817043304 -1 -1 -1 -1 -1 -1 -1 -1 -1
0.6098932027816772 0.5467681884765625 0.861556887626648 -1 -1 -1 -1 -1 -1 -1 -1 -1
0.6087913513183594 0.5447808504104614 0.20598870515823364 -1 -1 -1 -1 -1 -1 -1 -1 -1
1 
33 
-1 -1 -1 -1 -1 -1 -1 -1 -1 -1
0.5287938117980957 0.48342055082321167 0.9949797987937927 -1 -1 -1 -1 -1 -1 -1 -1 -1
0.5299065113067627 0.48505139350891113 0.993732750415802 -1 -1 -1 -1 -1 -1 -1 -1 -1
0.5297742486000061 0.48556962609291077 0.9915257096290588 -1 -1 -1 -1 -1 -1 -1 -1 -1
0.5296352505683899 0.48608043789863586 0.9935552477836609 -1 -1 -1 -1 -1 -1 -1 -1 -1
0.5301963090896606 0.4836880564689636 0.9922856092453003 -1 -1 -1 -1 -1 -1 -1 -1 -1
0.5303069353103638 0.4831247627735138 0.9886916875839233 -1 -1 -1 -1 -1 -1 -1 -1 -1
0.5304168462753296 0.4825651943683624 0.9924135804176331 -1 -1 -1 -1 -1 -1 -1 -1 -1
0.5285612940788269 0.4855557978153229 0.995051920413971 -1 -1 -1 -1 -1 -1 -1 -1 -1
0.5295807123184204 0.48082393407821655 0.9930132031440735 -1 -1 -1 -1 -1 -1 -1 -1 -1
0.5269899368286133 0.48287197947502136 0.9935805797576904 -1 -1 -1 -1 -1 -1 -1 -1 -1
0.527413547039032 0.4809459149837494 0.9909370541572571 -1 -1 -1 -1 -1 -1 -1 -1 -1
0.5207631587982178 0.48246973752975464 0.9989317059516907 -1 -1 -1 -1 -1 -1 -1 -1 -1
0.5229628682136536 0.4709695875644684 0.9971402883529663 -1 -1 -1 -1 -1 -1 -1 -1 -1
0.5226567983627319 0.48046842217445374 0.7286747097969055 -1 -1 -1 -1 -1 -1 -1 -1 -1
0.5185348987579346 0.46509525179862976 0.33634454011917114 -1 -1 -1 -1 -1 -1 -1 -1 -1
0.528409481048584 0.47638869285583496 0.45968905091285706 -1 -1 -1 -1 -1 -1 -1 -1 -1
0.5199236273765564 0.46580570936203003 0.23810811340808868 -1 -1 -1 -1 -1 -1 -1 -1 -1
0.5298600792884827 0.4753321409225464 0.38793855905532837 -1 -1 -1 -1 -1 -1 -1 -1 -1
0.5195623636245728 0.4662744104862213 0.2520439922809601 -1 -1 -1 -1 -1 -1 -1 -1 -1
0.5300028324127197 0.4761603772640228 0.3880746066570282 -1 -1 -1 -1 -1 -1 -1 -1 -1
0.521027147769928 0.4665479362010956 0.257517546415329 -1 -1 -1 -1 -1 -1 -1 -1 -1
0.529302179813385 0.4764135181903839 0.39855116605758667 -1 -1 -1 -1 -1 -1 -1 -1 -1
0.5210815072059631 0.46615031361579895 0.25351783633232117 -1 -1 -1 -1 -1 -1 -1 -1 -1
0.4983913004398346 0.45747965574264526 0.9987862706184387 -1 -1 -1 -1 -1 -1 -1 -1 -1
0.5007385015487671 0.44928714632987976 0.9985400438308716 -1 -1 -1 -1 -1 -1 -1 -1 -1
0.47919049859046936 0.44005417823791504 0.3845730125904083 -1 -1 -1 -1 -1 -1 -1 -1 -1
0.4811303913593292 0.4351837933063507 0.3522530496120453 -1 -1 -1 -1 -1 -1 -1 -1 -1
0.46332037448883057 0.42689839005470276 0.5170020461082458 -1 -1 -1 -1 -1 -1 -1 -1 -1
0.4636951684951782 0.42316731810569763 0.501376211643219 -1 -1 -1 -1 -1 -1 -1 -1 -1
0.4615243375301361 0.4249004125595093 0.5301164984703064 -1 -1 -1 -1 -1 -1 -1 -1 -1
0.46142327785491943 0.4232954978942871 0.418390691280365 -1 -1 -1 -1 -1 -1 -1 -1 -1
0.4576514959335327 0.4244370460510254 0.5547960996627808 -1 -1 -1 -1 -1 -1 -1 -1 -1
0.45850053429603577 0.4151651859283447 0.5189533829689026 -1 -1 -1 -1 -1 -1 -1 -1 -1
1 
33 
-1 -1 -1 -1 -1 -1 -1 -1 -1 -1
0.5587387681007385 0.5180436372756958 0.9964274764060974 -1 -1 -1 -1 -1 -1 -1 -1 -1
0.558217465877533 0.5300222039222717 0.9968640804290771 -1 -1 -1 -1 -1 -1 -1 -1 -1
0.5573554039001465 0.5314832925796509 0.9971743822097778 -1 -1 -1 -1 -1 -1 -1 -1 -1
0.5564252734184265 0.5331366062164307 0.9971387386322021 -1 -1 -1 -1 -1 -1 -1 -1 -1
0.5588152408599854 0.529341995716095 0.9955465793609619 -1 -1 -1 -1 -1 -1 -1 -1 -1
0.55839604139328 0.5302050709724426 0.9962557554244995 -1 -1 -1 -1 -1 -1 -1 -1 -1
0.5579571723937988 0.5313487648963928 0.9958449006080627 -1 -1 -1 -1 -1 -1 -1 -1 -1
0.5473546981811523 0.5394662022590637 0.9975798726081848 -1 -1 -1 -1 -1 -1 -1 -1 -1
0.5491533875465393 0.5378378629684448 0.9937157034873962 -1 -1 -1 -1 -1 -1 -1 -1 -1
0.5524397492408752 0.513727068901062 0.9972580671310425 -1 -1 -1 -1 -1 -1 -1 -1 -1
0.5533749461174011 0.5122646689414978 0.9961018562316895 -1 -1 -1 -1 -1 -1 -1 -1 -1
0.5214822888374329 0.5006747841835022 0.9995648264884949 -1 -1 -1 -1 -1 -1 -1 -1 -1
0.5236236453056335 0.5010781288146973 0.9989117383956909 -1 -1 -1 -1 -1 -1 -1 -1 -1
0.5129261612892151 0.4144885540008545 0.8994044065475464 -1 -1 -1 -1 -1 -1 -1 -1 -1
0.5145529508590698 0.4292670786380768 0.07975737005472183 -1 -1 -1 -1 -1 -1 -1 -1 -1
0.529026448726654 0.3604593873023987 0.8062517642974854 -1 -1 -1 -1 -1 -1 -1 -1 -1
0.5281951427459717 0.3661043047904968 0.10673962533473969 -1 -1 -1 -1 -1 -1 -1 -1 -1
0.530460000038147 0.34552037715911865 0.7597231268882751 -1 -1 -1 -1 -1 -1 -1 -1 -1
0.5329315066337585 0.355499804019928 0.10227027535438538 -1 -1 -1 -1 -1 -1 -1 -1 -1
0.535976231098175 0.34779101610183716 0.7504199147224426 -1 -1 -1 -1 -1 -1 -1 -1 -1
0.5352349281311035 0.35320597887039185 0.1056661382317543 -1 -1 -1 -1 -1 -1 -1 -1 -1
0.5354348421096802 0.3538472354412079 0.6812325716018677 -1 -1 -1 -1 -1 -1 -1 -1 -1
0.5343112349510193 0.3570314347743988 0.11933555454015732 -1 -1 -1 -1 -1 -1 -1 -1 -1
0.4569799602031708 0.4421690106391907 0.9958620071411133 -1 -1 -1 -1 -1 -1 -1 -1 -1
0.46077704429626465 0.44532209634780884 0.9943386912345886 -1 -1 -1 -1 -1 -1 -1 -1 -1
0.5260379910469055 0.40642452239990234 0.8821604251861572 -1 -1 -1 -1 -1 -1 -1 -1 -1
0.5338916778564453 0.4226687252521515 0.08194539695978165 -1 -1 -1 -1 -1 -1 -1 -1 -1
0.5976592302322388 0.360632985830307 0.9254164695739746 -1 -1 -1 -1 -1 -1 -1 -1 -1
0.5996667146682739 0.3678351938724518 0.17337769269943237 -1 -1 -1 -1 -1 -1 -1 -1 -1
0.6029765605926514 0.341358482837677 0.9064833521842957 -1 -1 -1 -1 -1 -1 -1 -1 -1
0.6019333600997925 0.3480369448661804 0.22419506311416626 -1 -1 -1 -1 -1 -1 -1 -1 -1
0.6069680452346802 0.35754480957984924 0.922065019607544 -1 -1 -1 -1 -1 -1 -1 -1 -1
0.609654426574707 0.36846715211868286 0.21922077238559723 -1 -1 -1 -1 -1 -1 -1 -1 -1
1 
33 
-1 -1 -1 -1 -1 -1 -1 -1 -1 -1
0.5545556545257568 0.4485255777835846 0.9920220375061035 -1 -1 -1 -1 -1 -1 -1 -1 -1
0.5591458082199097 0.45873120427131653 0.9973726272583008 -1 -1 -1 -1 -1 -1 -1 -1 -1
0.5587857365608215 0.4612756073474884 0.9969563484191895 -1 -1 -1 -1 -1 -1 -1 -1 -1
0.5583022236824036 0.46409928798675537 0.9980746507644653 -1 -1 -1 -1 -1 -1 -1 -1 -1
0.5598139762878418 0.4570547640323639 0.9954083561897278 -1 -1 -1 -1 -1 -1 -1 -1 -1
0.5599006414413452 0.45816677808761597 0.9944950938224792 -1 -1 -1 -1 -1 -1 -1 -1 -1
0.5600292682647705 0.45950406789779663 0.9955154061317444 -1 -1 -1 -1 -1 -1 -1 -1 -1
0.5535563230514526 0.4816843569278717 0.9980185031890869 -1 -1 -1 -1 -1 -1 -1 -1 -1
0.555668830871582 0.4767744839191437 0.9871691465377808 -1 -1 -1 -1 -1 -1 -1 -1 -1
0.5483892560005188 0.45255470275878906 0.9947372078895569 -1 -1 -1 -1 -1 -1 -1 -1 -1
0.5491401553153992 0.45004802942276 0.9933870434761047 -1 -1 -1 -1 -1 -1 -1 -1 -1
0.517651379108429 0.48457151651382446 0.9991593360900879 -1 -1 -1 -1 -1 -1 -1 -1 -1
0.5293040871620178 0.4735001027584076 0.9989873766899109 -1 -1 -1 -1 -1 -1 -1 -1 -1
0.48489123582839966 0.4267592132091522 0.8463557958602905 -1 -1 -1 -1 -1 -1 -1 -1 -1
0.5064740777015686 0.4340578615665436 0.034806735813617706 -1 -1 -1 -1 -1 -1 -1 -1 -1
0.5010488033294678 0.3818258047103882 0.7472549676895142 -1 -1 -1 -1 -1 -1 -1 -1 -1
0.5105294585227966 0.3888004422187805 0.05739410221576691 -1 -1 -1 -1 -1 -1 -1 -1 -1
0.5076320171356201 0.3700832426548004 0.6465328335762024 -1 -1 -1 -1 -1 -1 -1 -1 -1
0.5144104957580566 0.37850770354270935 0.05198736861348152 -1 -1 -1 -1 -1 -1 -1 -1 -1
0.5129645466804504 0.3686484694480896 0.6360717415809631 -1 -1 -1 -1 -1 -1 -1 -1 -1
0.5158708691596985 0.3756382167339325 0.05222074314951897 -1 -1 -1 -1 -1 -1 -1 -1 -1
0.5123306512832642 0.38092824816703796 0.5506577491760254 -1 -1 -1 -1 -1 -1 -1 -1 -1
0.5141540169715881 0.3791220784187317 0.060317087918519974 -1 -1 -1 -1 -1 -1 -1 -1 -1
0.44247499108314514 0.49799495935440063 0.9982938170433044 -1 -1 -1 -1 -1 -1 -1 -1 -1
0.45514753460884094 0.4889222979545593 0.9981922507286072 -1 -1 -1 -1 -1 -1 -1 -1 -1
0.5076906085014343 0.4114682674407959 0.6769028306007385 -1 -1 -1 -1 -1 -1 -1 -1 -1
0.5197793841362 0.42362311482429504 0.10571806132793427 -1 -1 -1 -1 -1 -1 -1 -1 -1
0.5403684377670288 0.30167144536972046 0.799892008304596 -1 -1 -1 -1 -1 -1 -1 -1 -1
0.5486759543418884 0.3025783896446228 0.25113803148269653 -1 -1 -1 -1 -1 -1 -1 -1 -1
0.5417044758796692 0.2810337543487549 0.7869732975959778 -1 -1 -1 -1 -1 -1 -1 -1 -1
0.5453997254371643 0.2773372530937195 0.2987196445465088 -1 -1 -1 -1 -1 -1 -1 -1 -1
0.5686448812484741 0.28892233967781067 0.8504637479782104 -1 -1 -1 -1 -1 -1 -1 -1 -1
0.5818291902542114 0.2866694927215576 0.413850873708725 -1 -1 -1 -1 -1 -1 -1 -1 -1
1 
33 
-1 -1 -1 -1 -1 -1 -1 -1 -1 -1
0.5366524457931519 0.3805989623069763 0.9896804690361023 -1 -1 -1 -1 -1 -1 -1 -1 -1
0.5426557660102844 0.38153591752052307 0.9935802221298218 -1 -1 -1 -1 -1 -1 -1 -1 -1
0.5433750152587891 0.38871636986732483 0.9945236444473267 -1 -1 -1 -1 -1 -1 -1 -1 -1
0.5443454384803772 0.39130425453186035 0.9934045672416687 -1 -1 -1 -1 -1 -1 -1 -1 -1
0.5423191785812378 0.38109296560287476 0.9896243214607239 -1 -1 -1 -1 -1 -1 -1 -1 -1
0.5427983999252319 0.3824152946472168 0.9895378351211548 -1 -1 -1 -1 -1 -1 -1 -1 -1
0.543414294719696 0.3838018774986267 0.9873158931732178 -1 -1 -1 -1 -1 -1 -1 -1 -1
0.5479221343994141 0.41558945178985596 0.9956403970718384 -1 -1 -1 -1 -1 -1 -1 -1 -1
0.5466598868370056 0.4105246663093567 0.9787515997886658 -1 -1 -1 -1 -1 -1 -1 -1 -1
0.534449577331543 0.4033766984939575 0.9889004230499268 -1 -1 -1 -1 -1 -1 -1 -1 -1
0.5342010855674744 0.39662182331085205 0.9889078736305237 -1 -1 -1 -1 -1 -1 -1 -1 -1
0.5241381525993347 0.43714624643325806 0.9976947903633118 -1 -1 -1 -1 -1 -1 -1 -1 -1
0.5212465524673462 0.4411153495311737 0.9892920255661011 -1 -1 -1 -1 -1 -1 -1 -1 -1
0.4909018576145172 0.41487643122673035 0.8718682527542114 -1 -1 -1 -1 -1 -1 -1 -1 -1
0.4900137186050415 0.42338526248931885 0.023948591202497482 -1 -1 -1 -1 -1 -1 -1 -1 -1
0.48481667041778564 0.35657328367233276 0.7774088382720947 -1 -1 -1 -1 -1 -1 -1 -1 -1
0.48500093817710876 0.3751038610935211 0.0391959510743618 -1 -1 -1 -1 -1 -1 -1 -1 -1
0.48284274339675903 0.34409841895103455 0.7403059601783752 -1 -1 -1 -1 -1 -1 -1 -1 -1
0.48657912015914917 0.36713865399360657 0.05352645739912987 -1 -1 -1 -1 -1 -1 -1 -1 -1
0.48772919178009033 0.34331241250038147 0.7374579310417175 -1 -1 -1 -1 -1 -1 -1 -1 -1
0.4855925440788269 0.35989105701446533 0.057523660361766815 -1 -1 -1 -1 -1 -1 -1 -1 -1
0.4881332516670227 0.3472529649734497 0.6616340279579163 -1 -1 -1 -1 -1 -1 -1 -1 -1
0.4846264719963074 0.36133873462677 0.06963002681732178 -1 -1 -1 -1 -1 -1 -1 -1 -1
0.48336759209632874 0.5656803846359253 0.9972653388977051 -1 -1 -1 -1 -1 -1 -1 -1 -1
0.48387807607650757 0.5667442679405212 0.9959169030189514 -1 -1 -1 -1 -1 -1 -1 -1 -1
0.5024282932281494 0.43638676404953003 0.7866931557655334 -1 -1 -1 -1 -1 -1 -1 -1 -1
0.4934946894645691 0.4504895508289337 0.1281667798757553 -1 -1 -1 -1 -1 -1 -1 -1 -1
0.48489218950271606 0.33590346574783325 0.811875581741333 -1 -1 -1 -1 -1 -1 -1 -1 -1
0.48890817165374756 0.3454037308692932 0.21699373424053192 -1 -1 -1 -1 -1 -1 -1 -1 -1
0.47737249732017517 0.320826917886734 0.816764235496521 -1 -1 -1 -1 -1 -1 -1 -1 -1
0.48199015855789185 0.3304048180580139 0.3020692467689514 -1 -1 -1 -1 -1 -1 -1 -1 -1
0.5024974942207336 0.3039085268974304 0.8040894865989685 -1 -1 -1 -1 -1 -1 -1 -1 -1
0.5078892707824707 0.30838149785995483 0.2767849266529083 -1 -1 -1 -1 -1 -1 -1 -1 -1
1 
33 
-1 -1 -1 -1 -1 -1 -1 -1 -1 -1
0.49898746609687805 0.378744900226593 0.9987093210220337 -1 -1 -1 -1 -1 -1 -1 -1 -1
0.503036379814148 0.3683583736419678 0.9992659687995911 -1 -1 -1 -1 -1 -1 -1 -1 -1
0.5044156908988953 0.3684968054294586 0.9993246793746948 -1 -1 -1 -1 -1 -1 -1 -1 -1
0.5057881474494934 0.36870697140693665 0.9992930889129639 -1 -1 -1 -1 -1 -1 -1 -1 -1
0.5024631023406982 0.3681231141090393 0.9986692667007446 -1 -1 -1 -1 -1 -1 -1 -1 -1
0.5033851861953735 0.3680539131164551 0.9986419081687927 -1 -1 -1 -1 -1 -1 -1 -1 -1
0.5043685436248779 0.36730778217315674 0.9986050724983215 -1 -1 -1 -1 -1 -1 -1 -1 -1
0.5138377547264099 0.377299964427948 0.9996695518493652 -1 -1 -1 -1 -1 -1 -1 -1 -1
0.5126659274101257 0.37487030029296875 0.9971079230308533 -1 -1 -1 -1 -1 -1 -1 -1 -1
0.5022744536399841 0.38949745893478394 0.9988596439361572 -1 -1 -1 -1 -1 -1 -1 -1 -1
0.5014769434928894 0.38896721601486206 0.9985707998275757 -1 -1 -1 -1 -1 -1 -1 -1 -1
0.5076802968978882 0.422950804233551 0.9998000264167786 -1 -1 -1 -1 -1 -1 -1 -1 -1
0.5135796666145325 0.4253941774368286 0.9995495676994324 -1 -1 -1 -1 -1 -1 -1 -1 -1
0.4636453688144684 0.4641389548778534 0.7479799389839172 -1 -1 -1 -1 -1 -1 -1 -1 -1
0.4763232469558716 0.4587295949459076 0.03493475914001465 -1 -1 -1 -1 -1 -1 -1 -1 -1
0.4640844464302063 0.4333498775959015 0.4129170775413513 -1 -1 -1 -1 -1 -1 -1 -1 -1
0.45812034606933594 0.422451376914978 0.04023195058107376 -1 -1 -1 -1 -1 -1 -1 -1 -1
0.4626072943210602 0.4269932508468628 0.37215983867645264 -1 -1 -1 -1 -1 -1 -1 -1 -1
0.4547632038593292 0.41383814811706543 0.06406101584434509 -1 -1 -1 -1 -1 -1 -1 -1 -1
0.46668797731399536 0.4251224994659424 0.3729897737503052 -1 -1 -1 -1 -1 -1 -1 -1 -1
0.4549908936023712 0.40675294399261475 0.06779766082763672 -1 -1 -1 -1 -1 -1 -1 -1 -1
0.4671176075935364 0.4269022047519684 0.3683089017868042 -1 -1 -1 -1 -1 -1 -1 -1 -1
0.4560881555080414 0.4090976119041443 0.08067385852336884 -1 -1 -1 -1 -1 -1 -1 -1 -1
0.4971739649772644 0.5575807094573975 0.9960559606552124 -1 -1 -1 -1 -1 -1 -1 -1 -1
0.5017614364624023 0.5565199851989746 0.9967987537384033 -1 -1 -1 -1 -1 -1 -1 -1 -1
0.47885364294052124 0.4473251402378082 0.7466118931770325 -1 -1 -1 -1 -1 -1 -1 -1 -1
0.48288342356681824 0.4440099000930786 0.08778662234544754 -1 -1 -1 -1 -1 -1 -1 -1 -1
0.4671950936317444 0.37480688095092773 0.7074955701828003 -1 -1 -1 -1 -1 -1 -1 -1 -1
0.46691519021987915 0.3840619921684265 0.19966943562030792 -1 -1 -1 -1 -1 -1 -1 -1 -1
0.46309900283813477 0.36916184425354004 0.7481708526611328 -1 -1 -1 -1 -1 -1 -1 -1 -1
0.45931166410446167 0.38008660078048706 0.2767100930213928 -1 -1 -1 -1 -1 -1 -1 -1 -1
0.4764191210269928 0.3379167914390564 0.7824181914329529 -1 -1 -1 -1 -1 -1 -1 -1 -1
0.4729468524456024 0.3460502624511719 0.3349819481372833 -1 -1 -1 -1 -1 -1 -1 -1 -1
1 
33 
-1 -1 -1 -1 -1 -1 -1 -1 -1 -1
0.4630317687988281 0.3893984854221344 0.9920165538787842 -1 -1 -1 -1 -1 -1 -1 -1 -1
0.46098363399505615 0.37813788652420044 0.996071457862854 -1 -1 -1 -1 -1 -1 -1 -1 -1
0.4612850546836853 0.37799978256225586 0.9958445429801941 -1 -1 -1 -1 -1 -1 -1 -1 -1
0.46235141158103943 0.3768302798271179 0.9960885047912598 -1 -1 -1 -1 -1 -1 -1 -1 -1
0.4613032937049866 0.3775225281715393 0.9935619831085205 -1 -1 -1 -1 -1 -1 -1 -1 -1
0.4626518189907074 0.375775545835495 0.9932847023010254 -1 -1 -1 -1 -1 -1 -1 -1 -1
0.46321508288383484 0.3751387298107147 0.9934309124946594 -1 -1 -1 -1 -1 -1 -1 -1 -1
0.47045010328292847 0.37691137194633484 0.9979117512702942 -1 -1 -1 -1 -1 -1 -1 -1 -1
0.4717486500740051 0.3712206184864044 0.9868685007095337 -1 -1 -1 -1 -1 -1 -1 -1 -1
0.4678654074668884 0.3947069048881531 0.9941632151603699 -1 -1 -1 -1 -1 -1 -1 -1 -1
0.46557050943374634 0.4020097851753235 0.9934188723564148 -1 -1 -1 -1 -1 -1 -1 -1 -1
0.48777398467063904 0.4148426353931427 0.9994682669639587 -1 -1 -1 -1 -1 -1 -1 -1 -1
0.4933382570743561 0.4046366810798645 0.9990586638450623 -1 -1 -1 -1 -1 -1 -1 -1 -1
0.46521446108818054 0.4766812324523926 0.7518656849861145 -1 -1 -1 -1 -1 -1 -1 -1 -1
0.4748857915401459 0.45899897813796997 0.034019097685813904 -1 -1 -1 -1 -1 -1 -1 -1 -1
0.45247671008110046 0.46339330077171326 0.4711313247680664 -1 -1 -1 -1 -1 -1 -1 -1 -1
0.45550888776779175 0.4543532729148865 0.04324616864323616 -1 -1 -1 -1 -1 -1 -1 -1 -1
0.45014822483062744 0.46226584911346436 0.42121607065200806 -1 -1 -1 -1 -1 -1 -1 -1 -1
0.45202556252479553 0.45344632863998413 0.0562051385641098 -1 -1 -1 -1 -1 -1 -1 -1 -1
0.45200860500335693 0.4534470736980438 0.42716169357299805 -1 -1 -1 -1 -1 -1 -1 -1 -1
0.44965142011642456 0.4464039206504822 0.05769777297973633 -1 -1 -1 -1 -1 -1 -1 -1 -1
0.45281267166137695 0.4526680111885071 0.39745616912841797 -1 -1 -1 -1 -1 -1 -1 -1 -1
0.4505464434623718 0.4460339844226837 0.06540899723768234 -1 -1 -1 -1 -1 -1 -1 -1 -1
0.5173535346984863 0.5451396703720093 0.996013879776001 -1 -1 -1 -1 -1 -1 -1 -1 -1
0.5202841758728027 0.5296726226806641 0.995474636554718 -1 -1 -1 -1 -1 -1 -1 -1 -1
0.4589047133922577 0.4565789997577667 0.8670250773429871 -1 -1 -1 -1 -1 -1 -1 -1 -1
0.4727480709552765 0.45312151312828064 0.11916220188140869 -1 -1 -1 -1 -1 -1 -1 -1 -1
0.3957798480987549 0.4053143858909607 0.8287776708602905 -1 -1 -1 -1 -1 -1 -1 -1 -1
0.4091002345085144 0.4166262745857239 0.23209109902381897 -1 -1 -1 -1 -1 -1 -1 -1 -1
0.39244866371154785 0.43038809299468994 0.8234774470329285 -1 -1 -1 -1 -1 -1 -1 -1 -1
0.3976576030254364 0.4235449433326721 0.3518865406513214 -1 -1 -1 -1 -1 -1 -1 -1 -1
0.3924696743488312 0.3876997232437134 0.8536850214004517 -1 -1 -1 -1 -1 -1 -1 -1 -1
0.39781612157821655 0.36467093229293823 0.32362568378448486 -1 -1 -1 -1 -1 -1 -1 -1 -1
1 
33 
-1 -1 -1 -1 -1 -1 -1 -1 -1 -1
0.4923137426376343 0.4821847975254059 1.0 -1 -1 -1 -1 -1 -1 -1 -1 -1
0.5005553364753723 0.48493242263793945 1.0 -1 -1 -1 -1 -1 -1 -1 -1 -1
0.5031120777130127 0.48298364877700806 1.0 -1 -1 -1 -1 -1 -1 -1 -1 -1
0.5059062242507935 0.4816780984401703 1.0 -1 -1 -1 -1 -1 -1 -1 -1 -1
0.49513545632362366 0.48559609055519104 1.0 -1 -1 -1 -1 -1 -1 -1 -1 -1
0.4932580888271332 0.48549556732177734 1.0 -1 -1 -1 -1 -1 -1 -1 -1 -1
0.49179238080978394 0.4849843680858612 1.0 -1 -1 -1 -1 -1 -1 -1 -1 -1
0.5146474838256836 0.46952304244041443 1.0 -1 -1 -1 -1 -1 -1 -1 -1 -1
0.4937310218811035 0.4742908775806427 1.0 -1 -1 -1 -1 -1 -1 -1 -1 -1
0.4897308945655823 0.4706254005432129 1.0 -1 -1 -1 -1 -1 -1 -1 -1 -1
0.48642948269844055 0.4702121317386627 1.0 -1 -1 -1 -1 -1 -1 -1 -1 -1
0.5149632692337036 0.42945554852485657 1.0 -1 -1 -1 -1 -1 -1 -1 -1 -1
0.4716968238353729 0.45326629281044006 1.0 -1 -1 -1 -1 -1 -1 -1 -1 -1
0.5031360387802124 0.4415161609649658 0.9999940395355225 -1 -1 -1 -1 -1 -1 -1 -1 -1
0.47226881980895996 0.514512300491333 0.9939581155776978 -1 -1 -1 -1 -1 -1 -1 -1 -1
0.4995701014995575 0.4493396282196045 0.9999637603759766 -1 -1 -1 -1 -1 -1 -1 -1 -1
0.46814364194869995 0.5196662545204163 0.39037981629371643 -1 -1 -1 -1 -1 -1 -1 -1 -1
0.5074098706245422 0.4682615101337433 0.9999779462814331 -1 -1 -1 -1 -1 -1 -1 -1 -1
0.47136181592941284 0.5422976016998291 0.14258547127246857 -1 -1 -1 -1 -1 -1 -1 -1 -1
0.5076611638069153 0.4716438949108124 0.9999732971191406 -1 -1 -1 -1 -1 -1 -1 -1 -1
0.47113797068595886 0.529420793056488 0.2676098942756653 -1 -1 -1 -1 -1 -1 -1 -1 -1
0.501045286655426 0.4653055965900421 0.9999312162399292 -1 -1 -1 -1 -1 -1 -1 -1 -1
0.47154995799064636 0.5166974067687988 0.2602755129337311 -1 -1 -1 -1 -1 -1 -1 -1 -1
0.4954947531223297 0.48470962047576904 0.9983175992965698 -1 -1 -1 -1 -1 -1 -1 -1 -1
0.4687652885913849 0.48351913690567017 0.9859931468963623 -1 -1 -1 -1 -1 -1 -1 -1 -1
0.49029961228370667 0.5191802978515625 0.8502205014228821 -1 -1 -1 -1 -1 -1 -1 -1 -1
0.4905540645122528 0.5061567425727844 0.9987602233886719 -1 -1 -1 -1 -1 -1 -1 -1 -1
0.4921577572822571 0.5578959584236145 0.9834915995597839 -1 -1 -1 -1 -1 -1 -1 -1 -1
0.47487419843673706 0.556999146938324 0.8904221057891846 -1 -1 -1 -1 -1 -1 -1 -1 -1
0.48538562655448914 0.5696175694465637 0.7374751567840576 -1 -1 -1 -1 -1 -1 -1 -1 -1
0.46905213594436646 0.5737364888191223 0.7855034470558167 -1 -1 -1 -1 -1 -1 -1 -1 -1
0.49673351645469666 0.5596344470977783 0.9728851914405823 -1 -1 -1 -1 -1 -1 -1 -1 -1
0.47665199637413025 0.5594720840454102 0.6995947360992432 -1 -1 -1 -1 -1 -1 -1 -1 -1
1 
