22
1 
33 
-1 -1 -1 -1 -1 -1 -1 -1 -1 -1
0.47945454716682434 0.5669854283332825 0.9917808175086975 -1 -1 -1 -1 -1 -1 -1 -1 -1
0.47984012961387634 0.5550026893615723 0.9947916269302368 -1 -1 -1 -1 -1 -1 -1 -1 -1
0.4806784391403198 0.5540379881858826 0.9958742260932922 -1 -1 -1 -1 -1 -1 -1 -1 -1
0.4815221130847931 0.5532065033912659 0.9967034459114075 -1 -1 -1 -1 -1 -1 -1 -1 -1
0.4797186851501465 0.5551766157150269 0.9954388737678528 -1 -1 -1 -1 -1 -1 -1 -1 -1
0.4803920388221741 0.5544717311859131 0.995496392250061 -1 -1 -1 -1 -1 -1 -1 -1 -1
0.4811924993991852 0.5534742474555969 0.9954203963279724 -1 -1 -1 -1 -1 -1 -1 -1 -1
0.49089735746383667 0.5503344535827637 0.9958764314651489 -1 -1 -1 -1 -1 -1 -1 -1 -1
0.49024635553359985 0.5507168769836426 0.9952051639556885 -1 -1 -1 -1 -1 -1 -1 -1 -1
0.48591989278793335 0.5732886791229248 0.989903450012207 -1 -1 -1 -1 -1 -1 -1 -1 -1
0.48588454723358154 0.5740677118301392 0.9874886870384216 -1 -1 -1 -1 -1 -1 -1 -1 -1
0.5236764550209045 0.5646712779998779 0.9990480542182922 -1 -1 -1 -1 -1 -1 -1 -1 -1
0.5275576710700989 0.572148859500885 0.9661051630973816 -1 -1 -1 -1 -1 -1 -1 -1 -1
0.5494363903999329 0.46842724084854126 0.9551458954811096 -1 -1 -1 -1 -1 -1 -1 -1 -1
0.5355783700942993 0.5181283354759216 0.027191832661628723 -1 -1 -1 -1 -1 -1 -1 -1 -1
0.5434175729751587 0.3766586482524872 0.8464751243591309 -1 -1 -1 -1 -1 -1 -1 -1 -1
0.5283896923065186 0.41850900650024414 0.04548481106758118 -1 -1 -1 -1 -1 -1 -1 -1 -1
0.5492593050003052 0.3489554524421692 0.7957982420921326 -1 -1 -1 -1 -1 -1 -1 -1 -1
0.5271610021591187 0.38949039578437805 0.07153048366308212 -1 -1 -1 -1 -1 -1 -1 -1 -1
0.5487142205238342 0.34417784214019775 0.7924224734306335 -1 -1 -1 -1 -1 -1 -1 -1 -1
0.5257017612457275 0.39376217126846313 0.07447348535060883 -1 -1 -1 -1 -1 -1 -1 -1 -1
0.5476341247558594 0.3587665259838104 0.7403286695480347 -1 -1 -1 -1 -1 -1 -1 -1 -1
0.5252739191055298 0.4031311869621277 0.07416967302560806 -1 -1 -1 -1 -1 -1 -1 -1 -1
0.616546094417572 0.6661732792854309 0.9961137771606445 -1 -1 -1 -1 -1 -1 -1 -1 -1
0.6146095395088196 0.6648451089859009 0.990689754486084 -1 -1 -1 -1 -1 -1 -1 -1 -1
0.5344709157943726 0.7100513577461243 0.9704887866973877 -1 -1 -1 -1 -1 -1 -1 -1 -1
0.5403231382369995 0.7107926607131958 0.0754496306180954 -1 -1 -1 -1 -1 -1 -1 -1 -1
0.5731900930404663 0.8305060863494873 0.9227200746536255 -1 -1 -1 -1 -1 -1 -1 -1 -1
0.5686514973640442 0.8206507563591003 0.13827039301395416 -1 -1 -1 -1 -1 -1 -1 -1 -1
0.586304247379303 0.8478941321372986 0.9018906950950623 -1 -1 -1 -1 -1 -1 -1 -1 -1
0.5800749063491821 0.8408893346786499 0.28090700507164 -1 -1 -1 -1 -1 -1 -1 -1 -1
0.5395305752754211 0.8630826473236084 0.8704485893249512 -1 -1 -1 -1 -1 -1 -1 -1 -1
0.535952091217041 0.8608294129371643 0.2528097629547119 -1 -1 -1 -1 -1 -1 -1 -1 -1
1 
33 
-1 -1 -1 -1 -1 -1 -1 -1 -1 -1
0.46796977519989014 0.5712428092956543 0.9964814186096191 -1 -1 -1 -1 -1 -1 -1 -1 -1
0.46879902482032776 0.5575823187828064 0.9982774257659912 -1 -1 -1 -1 -1 -1 -1 -1 -1
0.46977463364601135 0.5569577813148499 0.998538613319397 -1 -1 -1 -1 -1 -1 -1 -1 -1
0.47091323137283325 0.5562227368354797 0.9986714124679565 -1 -1 -1 -1 -1 -1 -1 -1 -1
0.46888893842697144 0.5571584701538086 0.9984355568885803 -1 -1 -1 -1 -1 -1 -1 -1 -1
0.4698485732078552 0.5561711192131042 0.9984580278396606 -1 -1 -1 -1 -1 -1 -1 -1 -1
0.470905601978302 0.5549559593200684 0.9982783794403076 -1 -1 -1 -1 -1 -1 -1 -1 -1
0.4833148121833801 0.5543642044067383 0.9985287189483643 -1 -1 -1 -1 -1 -1 -1 -1 -1
0.4825177788734436 0.5528867244720459 0.9987952709197998 -1 -1 -1 -1 -1 -1 -1 -1 -1
0.47423291206359863 0.5777866840362549 0.9977954626083374 -1 -1 -1 -1 -1 -1 -1 -1 -1
0.47422224283218384 0.5779814124107361 0.997291624546051 -1 -1 -1 -1 -1 -1 -1 -1 -1
0.5157806277275085 0.5810056924819946 0.999832272529602 -1 -1 -1 -1 -1 -1 -1 -1 -1
0.5207991003990173 0.5789424777030945 0.996619701385498 -1 -1 -1 -1 -1 -1 -1 -1 -1
0.5538171529769897 0.523728609085083 0.7734987735748291 -1 -1 -1 -1 -1 -1 -1 -1 -1
0.5552144050598145 0.5712195634841919 0.009218789637088776 -1 -1 -1 -1 -1 -1 -1 -1 -1
0.5756264925003052 0.48055246472358704 0.6178537607192993 -1 -1 -1 -1 -1 -1 -1 -1 -1
0.5703690648078918 0.5179949402809143 0.01726704277098179 -1 -1 -1 -1 -1 -1 -1 -1 -1
0.5832014083862305 0.46402469277381897 0.6240025162696838 -1 -1 -1 -1 -1 -1 -1 -1 -1
0.5728186964988708 0.49338123202323914 0.02997324988245964 -1 -1 -1 -1 -1 -1 -1 -1 -1
0.5833297371864319 0.4627005159854889 0.6232905983924866 -1 -1 -1 -1 -1 -1 -1 -1 -1
0.5696792006492615 0.49110326170921326 0.032198164612054825 -1 -1 -1 -1 -1 -1 -1 -1 -1
0.585608959197998 0.47283077239990234 0.5233327746391296 -1 -1 -1 -1 -1 -1 -1 -1 -1
0.5695114731788635 0.5107976198196411 0.03166954219341278 -1 -1 -1 -1 -1 -1 -1 -1 -1
0.6096122860908508 0.6667962670326233 0.9967474937438965 -1 -1 -1 -1 -1 -1 -1 -1 -1
0.60769122838974 0.6591302156448364 0.9950822591781616 -1 -1 -1 -1 -1 -1 -1 -1 -1
0.5304301381111145 0.7109239101409912 0.9373909831047058 -1 -1 -1 -1 -1 -1 -1 -1 -1
0.534639835357666 0.7029026746749878 0.1406860202550888 -1 -1 -1 -1 -1 -1 -1 -1 -1
0.5750082731246948 0.8284471035003662 0.8985661864280701 -1 -1 -1 -1 -1 -1 -1 -1 -1
0.5694654583930969 0.8195703029632568 0.1966119259595871 -1 -1 -1 -1 -1 -1 -1 -1 -1
0.5866302251815796 0.8448713421821594 0.8699818849563599 -1 -1 -1 -1 -1 -1 -1 -1 -1
0.5811606049537659 0.8352155089378357 0.3370044529438019 -1 -1 -1 -1 -1 -1 -1 -1 -1
0.5399283170700073 0.859498918056488 0.8297850489616394 -1 -1 -1 -1 -1 -1 -1 -1 -1
0.5401543378829956 0.8555405139923096 0.31751203536987305 -1 -1 -1 -1 -1 -1 -1 -1 -1
1 
33 
-1 -1 -1 -1 -1 -1 -1 -1 -1 -1
0.46081215143203735 0.5506762266159058 0.9999154806137085 -1 -1 -1 -1 -1 -1 -1 -1 -1
0.46251583099365234 0.5389924645423889 0.9999257326126099 -1 -1 -1 -1 -1 -1 -1 -1 -1
0.4634871482849121 0.5390027761459351 0.9999392032623291 -1 -1 -1 -1 -1 -1 -1 -1 -1
0.4647444486618042 0.5389893651008606 0.9999366998672485 -1 -1 -1 -1 -1 -1 -1 -1 -1
0.46283242106437683 0.5384701490402222 0.9999197721481323 -1 -1 -1 -1 -1 -1 -1 -1 -1
0.46377691626548767 0.5382031798362732 0.9999208450317383 -1 -1 -1 -1 -1 -1 -1 -1 -1
0.46484190225601196 0.5378736853599548 0.9998905658721924 -1 -1 -1 -1 -1 -1 -1 -1 -1
0.4765174090862274 0.5404021143913269 0.9999562501907349 -1 -1 -1 -1 -1 -1 -1 -1 -1
0.4756789207458496 0.5387730598449707 0.9998797178268433 -1 -1 -1 -1 -1 -1 -1 -1 -1
0.46797624230384827 0.5630837678909302 0.9999334812164307 -1 -1 -1 -1 -1 -1 -1 -1 -1
0.46802818775177 0.562383770942688 0.9998961687088013 -1 -1 -1 -1 -1 -1 -1 -1 -1
0.5089324116706848 0.5745236873626709 0.9999958276748657 -1 -1 -1 -1 -1 -1 -1 -1 -1
0.5134182572364807 0.5730140209197998 0.999434769153595 -1 -1 -1 -1 -1 -1 -1 -1 -1
0.5650350451469421 0.5416901111602783 0.9804758429527283 -1 -1 -1 -1 -1 -1 -1 -1 -1
0.5654195547103882 0.5530478358268738 0.009424276649951935 -1 -1 -1 -1 -1 -1 -1 -1 -1
0.6115865707397461 0.5083230137825012 0.9693940877914429 -1 -1 -1 -1 -1 -1 -1 -1 -1
0.611100971698761 0.5346984267234802 0.034634724259376526 -1 -1 -1 -1 -1 -1 -1 -1 -1
0.6248605847358704 0.4999467134475708 0.9498513340950012 -1 -1 -1 -1 -1 -1 -1 -1 -1
0.6172046661376953 0.5214019417762756 0.051553234457969666 -1 -1 -1 -1 -1 -1 -1 -1 -1
0.6264063715934753 0.502483606338501 0.9468993544578552 -1 -1 -1 -1 -1 -1 -1 -1 -1
0.622841477394104 0.5296489596366882 0.05230744555592537 -1 -1 -1 -1 -1 -1 -1 -1 -1
0.6226567029953003 0.5056454539299011 0.9171851873397827 -1 -1 -1 -1 -1 -1 -1 -1 -1
0.6172048449516296 0.531570315361023 0.050179947167634964 -1 -1 -1 -1 -1 -1 -1 -1 -1
0.6095362305641174 0.6510798335075378 0.9986710548400879 -1 -1 -1 -1 -1 -1 -1 -1 -1
0.6074210405349731 0.645058274269104 0.9979037046432495 -1 -1 -1 -1 -1 -1 -1 -1 -1
0.5281216502189636 0.7154953479766846 0.9537504315376282 -1 -1 -1 -1 -1 -1 -1 -1 -1
0.5338197946548462 0.712346076965332 0.10153227299451828 -1 -1 -1 -1 -1 -1 -1 -1 -1
0.574034571647644 0.8327257037162781 0.9685069918632507 -1 -1 -1 -1 -1 -1 -1 -1 -1
0.5711241364479065 0.827196478843689 0.21933966875076294 -1 -1 -1 -1 -1 -1 -1 -1 -1
0.5865641236305237 0.8495720624923706 0.9567539095878601 -1 -1 -1 -1 -1 -1 -1 -1 -1
0.5839086771011353 0.8438270092010498 0.34436672925949097 -1 -1 -1 -1 -1 -1 -1 -1 -1
0.5445386171340942 0.8843878507614136 0.945619523525238 -1 -1 -1 -1 -1 -1 -1 -1 -1
0.5371376276016235 0.8683716058731079 0.3156507611274719 -1 -1 -1 -1 -1 -1 -1 -1 -1
1 
33 
-1 -1 -1 -1 -1 -1 -1 -1 -1 -1
0.47271618247032166 0.5292980074882507 0.9868195056915283 -1 -1 -1 -1 -1 -1 -1 -1 -1
0.47129958868026733 0.5161321759223938 0.9923301339149475 -1 -1 -1 -1 -1 -1 -1 -1 -1
0.4722801446914673 0.5156254172325134 0.9937870502471924 -1 -1 -1 -1 -1 -1 -1 -1 -1
0.4734955132007599 0.5148496627807617 0.9933475852012634 -1 -1 -1 -1 -1 -1 -1 -1 -1
0.47104841470718384 0.5165144205093384 0.9909806847572327 -1 -1 -1 -1 -1 -1 -1 -1 -1
0.4716945290565491 0.5162577629089355 0.9922202229499817 -1 -1 -1 -1 -1 -1 -1 -1 -1
0.47250545024871826 0.5157797932624817 0.9909023642539978 -1 -1 -1 -1 -1 -1 -1 -1 -1
0.4837782382965088 0.512417733669281 0.9935785531997681 -1 -1 -1 -1 -1 -1 -1 -1 -1
0.4820643961429596 0.514198899269104 0.990298867225647 -1 -1 -1 -1 -1 -1 -1 -1 -1
0.481819748878479 0.5367914438247681 0.9903222918510437 -1 -1 -1 -1 -1 -1 -1 -1 -1
0.48099225759506226 0.5360504984855652 0.9877070784568787 -1 -1 -1 -1 -1 -1 -1 -1 -1
0.5167757272720337 0.5479706525802612 0.9995417594909668 -1 -1 -1 -1 -1 -1 -1 -1 -1
0.5147038698196411 0.5464721918106079 0.9935471415519714 -1 -1 -1 -1 -1 -1 -1 -1 -1
0.5547974705696106 0.5548213124275208 0.696999728679657 -1 -1 -1 -1 -1 -1 -1 -1 -1
0.5200307369232178 0.5701834559440613 0.009093085303902626 -1 -1 -1 -1 -1 -1 -1 -1 -1
0.5671131014823914 0.552151083946228 0.6107054948806763 -1 -1 -1 -1 -1 -1 -1 -1 -1
0.5059330463409424 0.5441552400588989 0.02648630551993847 -1 -1 -1 -1 -1 -1 -1 -1 -1
0.5726996660232544 0.5455403327941895 0.625365138053894 -1 -1 -1 -1 -1 -1 -1 -1 -1
0.5059218406677246 0.5304620265960693 0.05168428272008896 -1 -1 -1 -1 -1 -1 -1 -1 -1
0.5695425868034363 0.5415210127830505 0.6106671094894409 -1 -1 -1 -1 -1 -1 -1 -1 -1
0.49991363286972046 0.5326586961746216 0.0533558651804924 -1 -1 -1 -1 -1 -1 -1 -1 -1
0.5665529370307922 0.5458329916000366 0.5206736922264099 -1 -1 -1 -1 -1 -1 -1 -1 -1
0.49912452697753906 0.5393998026847839 0.05467206612229347 -1 -1 -1 -1 -1 -1 -1 -1 -1
0.6121760606765747 0.6258812546730042 0.9958932399749756 -1 -1 -1 -1 -1 -1 -1 -1 -1
0.6101430654525757 0.6211317777633667 0.9936428070068359 -1 -1 -1 -1 -1 -1 -1 -1 -1
0.5289917588233948 0.7102088332176208 0.9606788158416748 -1 -1 -1 -1 -1 -1 -1 -1 -1
0.5350338816642761 0.6963390111923218 0.24271716177463531 -1 -1 -1 -1 -1 -1 -1 -1 -1
0.5749167203903198 0.8289308547973633 0.9669871926307678 -1 -1 -1 -1 -1 -1 -1 -1 -1
0.5710625648498535 0.8198895454406738 0.43480539321899414 -1 -1 -1 -1 -1 -1 -1 -1 -1
0.5869589447975159 0.8420636653900146 0.9591808319091797 -1 -1 -1 -1 -1 -1 -1 -1 -1
0.5835742950439453 0.8389379382133484 0.5863882899284363 -1 -1 -1 -1 -1 -1 -1 -1 -1
0.5468769669532776 0.8918403387069702 0.9350792169570923 -1 -1 -1 -1 -1 -1 -1 -1 -1
0.5488520860671997 0.8861786723136902 0.5292954444885254 -1 -1 -1 -1 -1 -1 -1 -1 -1
1 
33 
-1 -1 -1 -1 -1 -1 -1 -1 -1 -1
0.469329833984375 0.46617406606674194 0.9996726512908936 -1 -1 -1 -1 -1 -1 -1 -1 -1
0.4724547266960144 0.45607486367225647 0.99964439868927 -1 -1 -1 -1 -1 -1 -1 -1 -1
0.4737752377986908 0.45594489574432373 0.9996471405029297 -1 -1 -1 -1 -1 -1 -1 -1 -1
0.4752644896507263 0.45582258701324463 0.9997344613075256 -1 -1 -1 -1 -1 -1 -1 -1 -1
0.4721564054489136 0.45572352409362793 0.9996803998947144 -1 -1 -1 -1 -1 -1 -1 -1 -1
0.47315526008605957 0.4553745985031128 0.9996823072433472 -1 -1 -1 -1 -1 -1 -1 -1 -1
0.47424158453941345 0.455025851726532 0.9997572302818298 -1 -1 -1 -1 -1 -1 -1 -1 -1
0.4885352849960327 0.4567257761955261 0.9995535016059875 -1 -1 -1 -1 -1 -1 -1 -1 -1
0.4865565299987793 0.45628711581230164 0.99962317943573 -1 -1 -1 -1 -1 -1 -1 -1 -1
0.47483569383621216 0.47541382908821106 0.9996041655540466 -1 -1 -1 -1 -1 -1 -1 -1 -1
0.4744434654712677 0.47541043162345886 0.9995049238204956 -1 -1 -1 -1 -1 -1 -1 -1 -1
0.5245273113250732 0.5049622058868408 0.9997591376304626 -1 -1 -1 -1 -1 -1 -1 -1 -1
0.5213986039161682 0.5033256411552429 0.9987789988517761 -1 -1 -1 -1 -1 -1 -1 -1 -1
0.5594469308853149 0.5934780836105347 0.8877213597297668 -1 -1 -1 -1 -1 -1 -1 -1 -1
0.5619538426399231 0.5822031497955322 0.016148660331964493 -1 -1 -1 -1 -1 -1 -1 -1 -1
0.5687627196311951 0.6706828474998474 0.7187654376029968 -1 -1 -1 -1 -1 -1 -1 -1 -1
0.5773534178733826 0.6435213088989258 0.014144333079457283 -1 -1 -1 -1 -1 -1 -1 -1 -1
0.5716878175735474 0.6826009750366211 0.6612542271614075 -1 -1 -1 -1 -1 -1 -1 -1 -1
0.5816239714622498 0.6529237627983093 0.01996213011443615 -1 -1 -1 -1 -1 -1 -1 -1 -1
0.5680610537528992 0.6810736656188965 0.6604112982749939 -1 -1 -1 -1 -1 -1 -1 -1 -1
0.5790585875511169 0.6545969843864441 0.02012878656387329 -1 -1 -1 -1 -1 -1 -1 -1 -1
0.5668596029281616 0.6766244173049927 0.5821889638900757 -1 -1 -1 -1 -1 -1 -1 -1 -1
0.5774117112159729 0.6509840488433838 0.020549055188894272 -1 -1 -1 -1 -1 -1 -1 -1 -1
0.6014284491539001 0.6176750063896179 0.9992566704750061 -1 -1 -1 -1 -1 -1 -1 -1 -1
0.5954176783561707 0.6164957284927368 0.999273955821991 -1 -1 -1 -1 -1 -1 -1 -1 -1
0.5225448608398438 0.7070492506027222 0.942658543586731 -1 -1 -1 -1 -1 -1 -1 -1 -1
0.526470422744751 0.7041403651237488 0.3506332039833069 -1 -1 -1 -1 -1 -1 -1 -1 -1
0.5674173831939697 0.8066220283508301 0.9213588833808899 -1 -1 -1 -1 -1 -1 -1 -1 -1
0.5698769092559814 0.8155139088630676 0.5205174088478088 -1 -1 -1 -1 -1 -1 -1 -1 -1
0.5824316740036011 0.8255067467689514 0.8882948756217957 -1 -1 -1 -1 -1 -1 -1 -1 -1
0.5830376148223877 0.8326234817504883 0.5501077175140381 -1 -1 -1 -1 -1 -1 -1 -1 -1
0.5425065755844116 0.8559234142303467 0.893642246723175 -1 -1 -1 -1 -1 -1 -1 -1 -1
0.5438639521598816 0.8608360290527344 0.6129408478736877 -1 -1 -1 -1 -1 -1 -1 -1 -1
1 
33 
-1 -1 -1 -1 -1 -1 -1 -1 -1 -1
0.4877467751502991 0.41732433438301086 0.9987253546714783 -1 -1 -1 -1 -1 -1 -1 -1 -1
0.49275892972946167 0.4060768783092499 0.9993498921394348 -1 -1 -1 -1 -1 -1 -1 -1 -1
0.4938075840473175 0.40649181604385376 0.9994051456451416 -1 -1 -1 -1 -1 -1 -1 -1 -1
0.4949658513069153 0.40701067447662354 0.99955815076828 -1 -1 -1 -1 -1 -1 -1 -1 -1
0.4931144714355469 0.4051743447780609 0.9991245865821838 -1 -1 -1 -1 -1 -1 -1 -1 -1
0.49424174427986145 0.4051140546798706 0.9991570711135864 -1 -1 -1 -1 -1 -1 -1 -1 -1
0.4955790042877197 0.40509742498397827 0.9994076490402222 -1 -1 -1 -1 -1 -1 -1 -1 -1
0.5059906840324402 0.4141855835914612 0.9992647767066956 -1 -1 -1 -1 -1 -1 -1 -1 -1
0.5074025392532349 0.4122461676597595 0.9989699125289917 -1 -1 -1 -1 -1 -1 -1 -1 -1
0.4919629395008087 0.42966368794441223 0.9987465143203735 -1 -1 -1 -1 -1 -1 -1 -1 -1
0.49209654331207275 0.42892396450042725 0.9984614849090576 -1 -1 -1 -1 -1 -1 -1 -1 -1
0.5260393619537354 0.4800800681114197 0.9996071457862854 -1 -1 -1 -1 -1 -1 -1 -1 -1
0.5358216762542725 0.4812529981136322 0.9955266118049622 -1 -1 -1 -1 -1 -1 -1 -1 -1
0.5157637596130371 0.5942432880401611 0.8886990547180176 -1 -1 -1 -1 -1 -1 -1 -1 -1
0.5338772535324097 0.5695483684539795 0.01147532369941473 -1 -1 -1 -1 -1 -1 -1 -1 -1
0.5144718885421753 0.6078216433525085 0.6199960708618164 -1 -1 -1 -1 -1 -1 -1 -1 -1
0.5209073424339294 0.5985643267631531 0.010881676338613033 -1 -1 -1 -1 -1 -1 -1 -1 -1
0.5124637484550476 0.6086769104003906 0.5692911148071289 -1 -1 -1 -1 -1 -1 -1 -1 -1
0.5193111300468445 0.6025035381317139 0.020128285512328148 -1 -1 -1 -1 -1 -1 -1 -1 -1
0.5110621452331543 0.5840418934822083 0.5716382265090942 -1 -1 -1 -1 -1 -1 -1 -1 -1
0.5164744257926941 0.5957249402999878 0.02206415869295597 -1 -1 -1 -1 -1 -1 -1 -1 -1
0.511753261089325 0.5825281143188477 0.5298095941543579 -1 -1 -1 -1 -1 -1 -1 -1 -1
0.5163617134094238 0.5948183536529541 0.02412489242851734 -1 -1 -1 -1 -1 -1 -1 -1 -1
0.5977605581283569 0.6175927519798279 0.9985540509223938 -1 -1 -1 -1 -1 -1 -1 -1 -1
0.5986372828483582 0.6077850461006165 0.9986661672592163 -1 -1 -1 -1 -1 -1 -1 -1 -1
0.5227428078651428 0.7042544484138489 0.9723411798477173 -1 -1 -1 -1 -1 -1 -1 -1 -1
0.524104118347168 0.6893880367279053 0.3409405052661896 -1 -1 -1 -1 -1 -1 -1 -1 -1
0.5732245445251465 0.8186668753623962 0.9721208810806274 -1 -1 -1 -1 -1 -1 -1 -1 -1
0.5662305355072021 0.8095923662185669 0.6287615299224854 -1 -1 -1 -1 -1 -1 -1 -1 -1
0.5888732075691223 0.8287034034729004 0.962373673915863 -1 -1 -1 -1 -1 -1 -1 -1 -1
0.5836741924285889 0.822606086730957 0.6484502553939819 -1 -1 -1 -1 -1 -1 -1 -1 -1
0.5470454692840576 0.8663654327392578 0.9649125337600708 -1 -1 -1 -1 -1 -1 -1 -1 -1
0.5438521504402161 0.8604909181594849 0.7172443866729736 -1 -1 -1 -1 -1 -1 -1 -1 -1
1 
33 
-1 -1 -1 -1 -1 -1 -1 -1 -1 -1
0.5028232336044312 0.3845186233520508 0.998777449131012 -1 -1 -1 -1 -1 -1 -1 -1 -1
0.508542537689209 0.3756747841835022 0.998890221118927 -1 -1 -1 -1 -1 -1 -1 -1 -1
0.5097249746322632 0.3763333559036255 0.9989588260650635 -1 -1 -1 -1 -1 -1 -1 -1 -1
0.5111351013183594 0.37691444158554077 0.9990403056144714 -1 -1 -1 -1 -1 -1 -1 -1 -1
0.5083355903625488 0.37475836277008057 0.9983763694763184 -1 -1 -1 -1 -1 -1 -1 -1 -1
0.5092209577560425 0.37474682927131653 0.9984784722328186 -1 -1 -1 -1 -1 -1 -1 -1 -1
0.5103434920310974 0.37464088201522827 0.9990825653076172 -1 -1 -1 -1 -1 -1 -1 -1 -1
0.5206179618835449 0.38806846737861633 0.9973905682563782 -1 -1 -1 -1 -1 -1 -1 -1 -1
0.5198049545288086 0.3865398168563843 0.9989790916442871 -1 -1 -1 -1 -1 -1 -1 -1 -1
0.5041422247886658 0.3990418314933777 0.9959821701049805 -1 -1 -1 -1 -1 -1 -1 -1 -1
0.5036721229553223 0.3986063599586487 0.9963131546974182 -1 -1 -1 -1 -1 -1 -1 -1 -1
0.5249084830284119 0.4560146927833557 0.99739670753479 -1 -1 -1 -1 -1 -1 -1 -1 -1
0.5222122669219971 0.4612599015235901 0.9894563555717468 -1 -1 -1 -1 -1 -1 -1 -1 -1
0.48345738649368286 0.5123436450958252 0.9670653343200684 -1 -1 -1 -1 -1 -1 -1 -1 -1
0.48236581683158875 0.503258228302002 0.14367476105690002 -1 -1 -1 -1 -1 -1 -1 -1 -1
0.4406041204929352 0.5152734518051147 0.9118171334266663 -1 -1 -1 -1 -1 -1 -1 -1 -1
0.4371389150619507 0.5150708556175232 0.17450642585754395 -1 -1 -1 -1 -1 -1 -1 -1 -1
0.42922186851501465 0.5072904229164124 0.8784463405609131 -1 -1 -1 -1 -1 -1 -1 -1 -1
0.4274216294288635 0.5049615502357483 0.205868661403656 -1 -1 -1 -1 -1 -1 -1 -1 -1
0.4332149028778076 0.4981827735900879 0.8715356588363647 -1 -1 -1 -1 -1 -1 -1 -1 -1
0.4261011481285095 0.5028262138366699 0.2253359854221344 -1 -1 -1 -1 -1 -1 -1 -1 -1
0.4362989068031311 0.503649890422821 0.83817458152771 -1 -1 -1 -1 -1 -1 -1 -1 -1
0.4284423589706421 0.5080920457839966 0.2551915645599365 -1 -1 -1 -1 -1 -1 -1 -1 -1
0.5918713808059692 0.607900857925415 0.9974995255470276 -1 -1 -1 -1 -1 -1 -1 -1 -1
0.5875635743141174 0.6026948094367981 0.9970888495445251 -1 -1 -1 -1 -1 -1 -1 -1 -1
0.5185830593109131 0.7122098803520203 0.9668615460395813 -1 -1 -1 -1 -1 -1 -1 -1 -1
0.5209735035896301 0.7003453373908997 0.2538478374481201 -1 -1 -1 -1 -1 -1 -1 -1 -1
0.5745406150817871 0.8221646547317505 0.9584146738052368 -1 -1 -1 -1 -1 -1 -1 -1 -1
0.5680075287818909 0.8133258819580078 0.39744147658348083 -1 -1 -1 -1 -1 -1 -1 -1 -1
0.5898687839508057 0.8309766054153442 0.952046811580658 -1 -1 -1 -1 -1 -1 -1 -1 -1
0.5860497355461121 0.8238363265991211 0.49296674132347107 -1 -1 -1 -1 -1 -1 -1 -1 -1
0.5510687828063965 0.8674170970916748 0.9277921915054321 -1 -1 -1 -1 -1 -1 -1 -1 -1
0.5468617081642151 0.8605833053588867 0.48153746128082275 -1 -1 -1 -1 -1 -1 -1 -1 -1
1 
33 
-1 -1 -1 -1 -1 -1 -1 -1 -1 -1
0.5146226286888123 0.36964917182922363 0.9996730089187622 -1 -1 -1 -1 -1 -1 -1 -1 -1
0.5227468609809875 0.3637625575065613 0.9996696710586548 -1 -1 -1 -1 -1 -1 -1 -1 -1
0.5239123106002808 0.36525917053222656 0.9996682405471802 -1 -1 -1 -1 -1 -1 -1 -1 -1
0.5252065062522888 0.36661988496780396 0.9997184872627258 -1 -1 -1 -1 -1 -1 -1 -1 -1
0.5225968360900879 0.3627338111400604 0.9994825124740601 -1 -1 -1 -1 -1 -1 -1 -1 -1
0.5235570073127747 0.363622784614563 0.999390721321106 -1 -1 -1 -1 -1 -1 -1 -1 -1
0.5246780514717102 0.36451399326324463 0.9996143579483032 -1 -1 -1 -1 -1 -1 -1 -1 -1
0.5329144597053528 0.3824942708015442 0.9992409944534302 -1 -1 -1 -1 -1 -1 -1 -1 -1
0.5324600338935852 0.37871497869491577 0.9996576309204102 -1 -1 -1 -1 -1 -1 -1 -1 -1
0.5142984390258789 0.3848416805267334 0.9982389211654663 -1 -1 -1 -1 -1 -1 -1 -1 -1
0.5139114856719971 0.3848268687725067 0.9984257221221924 -1 -1 -1 -1 -1 -1 -1 -1 -1
0.5278283357620239 0.43000859022140503 0.9986259937286377 -1 -1 -1 -1 -1 -1 -1 -1 -1
0.5274842977523804 0.4241757094860077 0.9950017333030701 -1 -1 -1 -1 -1 -1 -1 -1 -1
0.46803969144821167 0.4118632674217224 0.990916907787323 -1 -1 -1 -1 -1 -1 -1 -1 -1
0.47103258967399597 0.4107893407344818 0.48205170035362244 -1 -1 -1 -1 -1 -1 -1 -1 -1
0.43322181701660156 0.3770453929901123 0.9779052138328552 -1 -1 -1 -1 -1 -1 -1 -1 -1
0.43013185262680054 0.3865290582180023 0.6151553392410278 -1 -1 -1 -1 -1 -1 -1 -1 -1
0.4232958257198334 0.3549656271934509 0.9639971852302551 -1 -1 -1 -1 -1 -1 -1 -1 -1
0.4219275414943695 0.36634302139282227 0.5987220406532288 -1 -1 -1 -1 -1 -1 -1 -1 -1
0.4286307990550995 0.3512158691883087 0.9596356749534607 -1 -1 -1 -1 -1 -1 -1 -1 -1
0.422018438577652 0.3641553521156311 0.6179805994033813 -1 -1 -1 -1 -1 -1 -1 -1 -1
0.43082085251808167 0.36226940155029297 0.9391920566558838 -1 -1 -1 -1 -1 -1 -1 -1 -1
0.42355912923812866 0.3721333146095276 0.6486222147941589 -1 -1 -1 -1 -1 -1 -1 -1 -1
0.5829058885574341 0.6144514083862305 0.9994404911994934 -1 -1 -1 -1 -1 -1 -1 -1 -1
0.5763506889343262 0.6019276976585388 0.9993686079978943 -1 -1 -1 -1 -1 -1 -1 -1 -1
0.51973557472229 0.7174100875854492 0.9769152402877808 -1 -1 -1 -1 -1 -1 -1 -1 -1
0.5190368890762329 0.7085713744163513 0.44595861434936523 -1 -1 -1 -1 -1 -1 -1 -1 -1
0.5735138654708862 0.8312113881111145 0.9633947014808655 -1 -1 -1 -1 -1 -1 -1 -1 -1
0.5678390860557556 0.8201004266738892 0.5005161166191101 -1 -1 -1 -1 -1 -1 -1 -1 -1
0.5894045233726501 0.8442824482917786 0.9705457091331482 -1 -1 -1 -1 -1 -1 -1 -1 -1
0.5844796299934387 0.8365124464035034 0.6074560284614563 -1 -1 -1 -1 -1 -1 -1 -1 -1
0.5493901371955872 0.8737165927886963 0.9317537546157837 -1 -1 -1 -1 -1 -1 -1 -1 -1
0.5447502136230469 0.8643321990966797 0.5017815232276917 -1 -1 -1 -1 -1 -1 -1 -1 -1
1 
33 
-1 -1 -1 -1 -1 -1 -1 -1 -1 -1
0.5270501375198364 0.31581228971481323 0.9983190894126892 -1 -1 -1 -1 -1 -1 -1 -1 -1
0.5351486206054688 0.3125070333480835 0.9985774755477905 -1 -1 -1 -1 -1 -1 -1 -1 -1
0.5362008810043335 0.3134382963180542 0.9987088441848755 -1 -1 -1 -1 -1 -1 -1 -1 -1
0.5373496413230896 0.3143262267112732 0.9987881779670715 -1 -1 -1 -1 -1 -1 -1 -1 -1
0.5348018407821655 0.31251060962677 0.9979312419891357 -1 -1 -1 -1 -1 -1 -1 -1 -1
0.5354450941085815 0.31343933939933777 0.9974907636642456 -1 -1 -1 -1 -1 -1 -1 -1 -1
0.5362317562103271 0.31426024436950684 0.9979438185691833 -1 -1 -1 -1 -1 -1 -1 -1 -1
0.5431150197982788 0.331332266330719 0.998245120048523 -1 -1 -1 -1 -1 -1 -1 -1 -1
0.541579008102417 0.3293054699897766 0.9987342953681946 -1 -1 -1 -1 -1 -1 -1 -1 -1
0.5257699489593506 0.32710587978363037 0.9915189146995544 -1 -1 -1 -1 -1 -1 -1 -1 -1
0.5243901014328003 0.32829156517982483 0.9927965998649597 -1 -1 -1 -1 -1 -1 -1 -1 -1
0.5355690717697144 0.37134528160095215 0.9987213015556335 -1 -1 -1 -1 -1 -1 -1 -1 -1
0.5281073451042175 0.3702164590358734 0.9887107014656067 -1 -1 -1 -1 -1 -1 -1 -1 -1
0.49199968576431274 0.31634920835494995 0.9942581653594971 -1 -1 -1 -1 -1 -1 -1 -1 -1
0.48372673988342285 0.3098399043083191 0.4198741614818573 -1 -1 -1 -1 -1 -1 -1 -1 -1
0.4864879548549652 0.22507965564727783 0.9505390524864197 -1 -1 -1 -1 -1 -1 -1 -1 -1
0.4814247488975525 0.2279355227947235 0.47001585364341736 -1 -1 -1 -1 -1 -1 -1 -1 -1
0.48593732714653015 0.20835161209106445 0.913432240486145 -1 -1 -1 -1 -1 -1 -1 -1 -1
0.48551100492477417 0.21060138940811157 0.4890032410621643 -1 -1 -1 -1 -1 -1 -1 -1 -1
0.4935390055179596 0.2030348777770996 0.9014065265655518 -1 -1 -1 -1 -1 -1 -1 -1 -1
0.48978951573371887 0.20352670550346375 0.4950934648513794 -1 -1 -1 -1 -1 -1 -1 -1 -1
0.49140268564224243 0.21444550156593323 0.8756726980209351 -1 -1 -1 -1 -1 -1 -1 -1 -1
0.4872146546840668 0.21128737926483154 0.5170859694480896 -1 -1 -1 -1 -1 -1 -1 -1 -1
0.564823567867279 0.5886049270629883 0.9985425472259521 -1 -1 -1 -1 -1 -1 -1 -1 -1
0.5566045641899109 0.5843726992607117 0.9977610111236572 -1 -1 -1 -1 -1 -1 -1 -1 -1
0.514763593673706 0.7260533571243286 0.9423174858093262 -1 -1 -1 -1 -1 -1 -1 -1 -1
0.5156580209732056 0.698833703994751 0.29153120517730713 -1 -1 -1 -1 -1 -1 -1 -1 -1
0.575388491153717 0.8257526755332947 0.8590548634529114 -1 -1 -1 -1 -1 -1 -1 -1 -1
0.559195876121521 0.8006551861763 0.15565252304077148 -1 -1 -1 -1 -1 -1 -1 -1 -1
0.5913875102996826 0.8387011885643005 0.9039129614830017 -1 -1 -1 -1 -1 -1 -1 -1 -1
0.5777193307876587 0.8164823055267334 0.3502865731716156 -1 -1 -1 -1 -1 -1 -1 -1 -1
0.5536208152770996 0.8729064464569092 0.8173021674156189 -1 -1 -1 -1 -1 -1 -1 -1 -1
0.5462663769721985 0.860132098197937 0.19859229028224945 -1 -1 -1 -1 -1 -1 -1 -1 -1
1 
33 
-1 -1 -1 -1 -1 -1 -1 -1 -1 -1
0.5375014543533325 0.27730032801628113 0.9995331764221191 -1 -1 -1 -1 -1 -1 -1 -1 -1
0.5435667037963867 0.2730134427547455 0.9996527433395386 -1 -1 -1 -1 -1 -1 -1 -1 -1
0.54449462890625 0.27369266748428345 0.9995837807655334 -1 -1 -1 -1 -1 -1 -1 -1 -1
0.5455222725868225 0.27432116866111755 0.9996788501739502 -1 -1 -1 -1 -1 -1 -1 -1 -1
0.5430277585983276 0.2730110287666321 0.9994294047355652 -1 -1 -1 -1 -1 -1 -1 -1 -1
0.5435796976089478 0.2737549841403961 0.9990059733390808 -1 -1 -1 -1 -1 -1 -1 -1 -1
0.544331431388855 0.27437523007392883 0.999432384967804 -1 -1 -1 -1 -1 -1 -1 -1 -1
0.5490973591804504 0.2885854244232178 0.9996957778930664 -1 -1 -1 -1 -1 -1 -1 -1 -1
0.5490570664405823 0.286989688873291 0.9995367527008057 -1 -1 -1 -1 -1 -1 -1 -1 -1
0.5372183322906494 0.28950345516204834 0.9985306262969971 -1 -1 -1 -1 -1 -1 -1 -1 -1
0.5361968874931335 0.2902805805206299 0.9989103078842163 -1 -1 -1 -1 -1 -1 -1 -1 -1
0.5426239967346191 0.3456329107284546 0.9995390176773071 -1 -1 -1 -1 -1 -1 -1 -1 -1
0.5444743037223816 0.3452988564968109 0.9984186887741089 -1 -1 -1 -1 -1 -1 -1 -1 -1
0.5192764401435852 0.25833237171173096 0.9987647533416748 -1 -1 -1 -1 -1 -1 -1 -1 -1
0.5217397212982178 0.26300039887428284 0.4013083577156067 -1 -1 -1 -1 -1 -1 -1 -1 -1
0.5414844155311584 0.20264282822608948 0.9744629859924316 -1 -1 -1 -1 -1 -1 -1 -1 -1
0.5416960120201111 0.20749330520629883 0.399936318397522 -1 -1 -1 -1 -1 -1 -1 -1 -1
0.5488343238830566 0.18073973059654236 0.9450021386146545 -1 -1 -1 -1 -1 -1 -1 -1 -1
0.5499163269996643 0.19166883826255798 0.3687755763530731 -1 -1 -1 -1 -1 -1 -1 -1 -1
0.5539140701293945 0.18437731266021729 0.9391034245491028 -1 -1 -1 -1 -1 -1 -1 -1 -1
0.554362416267395 0.19097241759300232 0.36795735359191895 -1 -1 -1 -1 -1 -1 -1 -1 -1
0.5514021515846252 0.190568208694458 0.9331532120704651 -1 -1 -1 -1 -1 -1 -1 -1 -1
0.5519475340843201 0.19733858108520508 0.3925037086009979 -1 -1 -1 -1 -1 -1 -1 -1 -1
0.5305286645889282 0.5701813697814941 0.999447762966156 -1 -1 -1 -1 -1 -1 -1 -1 -1
0.5345922708511353 0.5689469575881958 0.9992380142211914 -1 -1 -1 -1 -1 -1 -1 -1 -1
0.5042853355407715 0.7281421422958374 0.9610888957977295 -1 -1 -1 -1 -1 -1 -1 -1 -1
0.5136704444885254 0.7221492528915405 0.20985116064548492 -1 -1 -1 -1 -1 -1 -1 -1 -1
0.5619508624076843 0.8288965225219727 0.932586669921875 -1 -1 -1 -1 -1 -1 -1 -1 -1
0.5556706190109253 0.8391895294189453 0.46035364270210266 -1 -1 -1 -1 -1 -1 -1 -1 -1
0.5779645442962646 0.8303146362304688 0.9681047201156616 -1 -1 -1 -1 -1 -1 -1 -1 -1
0.5723552107810974 0.8451858758926392 0.6657289266586304 -1 -1 -1 -1 -1 -1 -1 -1 -1
0.5501538515090942 0.896733283996582 0.9278109669685364 -1 -1 -1 -1 -1 -1 -1 -1 -1
0.5367035269737244 0.9062463045120239 0.5537786483764648 -1 -1 -1 -1 -1 -1 -1 -1 -1
1 
33 
-1 -1 -1 -1 -1 -1 -1 -1 -1 -1
0.5462584495544434 0.26052701473236084 0.999625563621521 -1 -1 -1 -1 -1 -1 -1 -1 -1
0.554508626461029 0.2572905719280243 0.9997995495796204 -1 -1 -1 -1 -1 -1 -1 -1 -1
0.5553523898124695 0.2590188682079315 0.9997697472572327 -1 -1 -1 -1 -1 -1 -1 -1 -1
0.5562502145767212 0.2608056664466858 0.9997934699058533 -1 -1 -1 -1 -1 -1 -1 -1 -1
0.5543321967124939 0.2565040588378906 0.9995909333229065 -1 -1 -1 -1 -1 -1 -1 -1 -1
0.5550403594970703 0.25766727328300476 0.9993442893028259 -1 -1 -1 -1 -1 -1 -1 -1 -1
0.5558598041534424 0.25878438353538513 0.9995612502098083 -1 -1 -1 -1 -1 -1 -1 -1 -1
0.5621054768562317 0.28297173976898193 0.9997822642326355 -1 -1 -1 -1 -1 -1 -1 -1 -1
0.5615836977958679 0.27839499711990356 0.9996170997619629 -1 -1 -1 -1 -1 -1 -1 -1 -1
0.5455945134162903 0.2738722860813141 0.9991273283958435 -1 -1 -1 -1 -1 -1 -1 -1 -1
0.5447692275047302 0.27314186096191406 0.998939573764801 -1 -1 -1 -1 -1 -1 -1 -1 -1
0.5525900721549988 0.351115882396698 0.999160647392273 -1 -1 -1 -1 -1 -1 -1 -1 -1
0.5555553436279297 0.34385597705841064 0.9980149269104004 -1 -1 -1 -1 -1 -1 -1 -1 -1
0.5668124556541443 0.27045154571533203 0.9915989637374878 -1 -1 -1 -1 -1 -1 -1 -1 -1
0.5649392008781433 0.25782841444015503 0.1279546171426773 -1 -1 -1 -1 -1 -1 -1 -1 -1
0.5795919895172119 0.2183564305305481 0.9460740685462952 -1 -1 -1 -1 -1 -1 -1 -1 -1
0.5792595148086548 0.20994749665260315 0.22730959951877594 -1 -1 -1 -1 -1 -1 -1 -1 -1
0.589580237865448 0.20803913474082947 0.9236499071121216 -1 -1 -1 -1 -1 -1 -1 -1 -1
0.5895982384681702 0.19946038722991943 0.27556896209716797 -1 -1 -1 -1 -1 -1 -1 -1 -1
0.5904130935668945 0.21023905277252197 0.9184659719467163 -1 -1 -1 -1 -1 -1 -1 -1 -1
0.5916551351547241 0.20033809542655945 0.2793405055999756 -1 -1 -1 -1 -1 -1 -1 -1 -1
0.5851771831512451 0.21841517090797424 0.901451051235199 -1 -1 -1 -1 -1 -1 -1 -1 -1
0.5873943567276001 0.20279431343078613 0.29990822076797485 -1 -1 -1 -1 -1 -1 -1 -1 -1
0.5057218670845032 0.554226815700531 0.9993394017219543 -1 -1 -1 -1 -1 -1 -1 -1 -1
0.5080100893974304 0.547935962677002 0.9990757703781128 -1 -1 -1 -1 -1 -1 -1 -1 -1
0.4922744333744049 0.7164633274078369 0.844756543636322 -1 -1 -1 -1 -1 -1 -1 -1 -1
0.4966752827167511 0.706015408039093 0.1646699756383896 -1 -1 -1 -1 -1 -1 -1 -1 -1
0.5509244203567505 0.8468713760375977 0.9254056811332703 -1 -1 -1 -1 -1 -1 -1 -1 -1
0.5397000908851624 0.8488994836807251 0.31080862879753113 -1 -1 -1 -1 -1 -1 -1 -1 -1
0.5672690868377686 0.8328880071640015 0.9668256640434265 -1 -1 -1 -1 -1 -1 -1 -1 -1
0.5579162836074829 0.8412015438079834 0.6244739890098572 -1 -1 -1 -1 -1 -1 -1 -1 -1
0.5374142527580261 0.9223153591156006 0.9360622763633728 -1 -1 -1 -1 -1 -1 -1 -1 -1
0.5291300415992737 0.917472243309021 0.46506085991859436 -1 -1 -1 -1 -1 -1 -1 -1 -1
1 
33 
-1 -1 -1 -1 -1 -1 -1 -1 -1 -1
0.5472257137298584 0.2755431830883026 0.9946873188018799 -1 -1 -1 -1 -1 -1 -1 -1 -1
0.5565755367279053 0.271092027425766 0.9980620741844177 -1 -1 -1 -1 -1 -1 -1 -1 -1
0.5581459999084473 0.27281588315963745 0.9979821443557739 -1 -1 -1 -1 -1 -1 -1 -1 -1
0.5596287846565247 0.27455204725265503 0.9980571866035461 -1 -1 -1 -1 -1 -1 -1 -1 -1
0.5551726818084717 0.2691705524921417 0.9955280423164368 -1 -1 -1 -1 -1 -1 -1 -1 -1
0.5560005307197571 0.2697433829307556 0.9932189583778381 -1 -1 -1 -1 -1 -1 -1 -1 -1
0.556984007358551 0.27043431997299194 0.9952585101127625 -1 -1 -1 -1 -1 -1 -1 -1 -1
0.5679062008857727 0.29211780428886414 0.9976836442947388 -1 -1 -1 -1 -1 -1 -1 -1 -1
0.5663771033287048 0.28754720091819763 0.9966064691543579 -1 -1 -1 -1 -1 -1 -1 -1 -1
0.5502162575721741 0.29324644804000854 0.9932013154029846 -1 -1 -1 -1 -1 -1 -1 -1 -1
0.5485826730728149 0.29099735617637634 0.9904012084007263 -1 -1 -1 -1 -1 -1 -1 -1 -1
0.5569148063659668 0.36039090156555176 0.9973301887512207 -1 -1 -1 -1 -1 -1 -1 -1 -1
0.5642575025558472 0.3486899733543396 0.9922492504119873 -1 -1 -1 -1 -1 -1 -1 -1 -1
0.5851739048957825 0.3301692605018616 0.9479034543037415 -1 -1 -1 -1 -1 -1 -1 -1 -1
0.5891536474227905 0.2777271568775177 0.03359295055270195 -1 -1 -1 -1 -1 -1 -1 -1 -1
0.6017459630966187 0.2955441176891327 0.6507858633995056 -1 -1 -1 -1 -1 -1 -1 -1 -1
0.6056948304176331 0.24979770183563232 0.03669021651148796 -1 -1 -1 -1 -1 -1 -1 -1 -1
0.6090763807296753 0.2810789942741394 0.6128048896789551 -1 -1 -1 -1 -1 -1 -1 -1 -1
0.6148450374603271 0.2439994215965271 0.05904489383101463 -1 -1 -1 -1 -1 -1 -1 -1 -1
0.6080511808395386 0.2812028229236603 0.6077202558517456 -1 -1 -1 -1 -1 -1 -1 -1 -1
0.6096433401107788 0.26306742429733276 0.06105058267712593 -1 -1 -1 -1 -1 -1 -1 -1 -1
0.6041039228439331 0.29200097918510437 0.5555518269538879 -1 -1 -1 -1 -1 -1 -1 -1 -1
0.6076650023460388 0.26569318771362305 0.0673166960477829 -1 -1 -1 -1 -1 -1 -1 -1 -1
0.4885188639163971 0.5423723459243774 0.9978920817375183 -1 -1 -1 -1 -1 -1 -1 -1 -1
0.4978245794773102 0.5333563089370728 0.9964183568954468 -1 -1 -1 -1 -1 -1 -1 -1 -1
0.4644634425640106 0.6724679470062256 0.749669075012207 -1 -1 -1 -1 -1 -1 -1 -1 -1
0.47932669520378113 0.6617289185523987 0.17948658764362335 -1 -1 -1 -1 -1 -1 -1 -1 -1
0.5217807292938232 0.7938681244850159 0.882997453212738 -1 -1 -1 -1 -1 -1 -1 -1 -1
0.5205901861190796 0.7768073081970215 0.20568355917930603 -1 -1 -1 -1 -1 -1 -1 -1 -1
0.5347462892532349 0.7961089015007019 0.9650084376335144 -1 -1 -1 -1 -1 -1 -1 -1 -1
0.5332106947898865 0.7794826030731201 0.5825525522232056 -1 -1 -1 -1 -1 -1 -1 -1 -1
0.508908212184906 0.8834481835365295 0.893050491809845 -1 -1 -1 -1 -1 -1 -1 -1 -1
0.5076694488525391 0.8443036079406738 0.35379958152770996 -1 -1 -1 -1 -1 -1 -1 -1 -1
1 
33 
-1 -1 -1 -1 -1 -1 -1 -1 -1 -1
0.5498649477958679 0.2705236077308655 0.9998138546943665 -1 -1 -1 -1 -1 -1 -1 -1 -1
0.5582742094993591 0.2638300657272339 0.9999508857727051 -1 -1 -1 -1 -1 -1 -1 -1 -1
0.5597403049468994 0.2649898827075958 0.9999761581420898 -1 -1 -1 -1 -1 -1 -1 -1 -1
0.5613177418708801 0.26618802547454834 0.9999599456787109 -1 -1 -1 -1 -1 -1 -1 -1 -1
0.5570306777954102 0.26241534948349 0.9997830986976624 -1 -1 -1 -1 -1 -1 -1 -1 -1
0.5576299428939819 0.2625952363014221 0.9998257756233215 -1 -1 -1 -1 -1 -1 -1 -1 -1
0.5583299398422241 0.2627614438533783 0.9998170733451843 -1 -1 -1 -1 -1 -1 -1 -1 -1
0.570003092288971 0.28167062997817993 0.9999709129333496 -1 -1 -1 -1 -1 -1 -1 -1 -1
0.5658223628997803 0.2771607041358948 0.9999431371688843 -1 -1 -1 -1 -1 -1 -1 -1 -1
0.5509419441223145 0.2874983251094818 0.9997978806495667 -1 -1 -1 -1 -1 -1 -1 -1 -1
0.5492317080497742 0.285284161567688 0.9994322657585144 -1 -1 -1 -1 -1 -1 -1 -1 -1
0.5673483610153198 0.3649030029773712 0.9998973608016968 -1 -1 -1 -1 -1 -1 -1 -1 -1
0.5505443215370178 0.348202109336853 0.9940294027328491 -1 -1 -1 -1 -1 -1 -1 -1 -1
0.5791730880737305 0.3708178997039795 0.9973119497299194 -1 -1 -1 -1 -1 -1 -1 -1 -1
0.5448629856109619 0.31875675916671753 0.0320923738181591 -1 -1 -1 -1 -1 -1 -1 -1 -1
0.6099802255630493 0.3212577998638153 0.9939842820167542 -1 -1 -1 -1 -1 -1 -1 -1 -1
0.5594770312309265 0.27983155846595764 0.19061481952667236 -1 -1 -1 -1 -1 -1 -1 -1 -1
0.6211093664169312 0.31381624937057495 0.9900968074798584 -1 -1 -1 -1 -1 -1 -1 -1 -1
0.5630966424942017 0.2719078063964844 0.26164206862449646 -1 -1 -1 -1 -1 -1 -1 -1 -1
0.6222150325775146 0.31026506423950195 0.989547610282898 -1 -1 -1 -1 -1 -1 -1 -1 -1
0.5647847652435303 0.2710638642311096 0.2799546420574188 -1 -1 -1 -1 -1 -1 -1 -1 -1
0.6152664422988892 0.31311333179473877 0.9815187454223633 -1 -1 -1 -1 -1 -1 -1 -1 -1
0.5630844235420227 0.27236807346343994 0.2962905466556549 -1 -1 -1 -1 -1 -1 -1 -1 -1
0.4930703043937683 0.5246056914329529 0.9999644756317139 -1 -1 -1 -1 -1 -1 -1 -1 -1
0.4836442470550537 0.5149695873260498 0.9999243021011353 -1 -1 -1 -1 -1 -1 -1 -1 -1
0.4267793893814087 0.6068317294120789 0.9826290607452393 -1 -1 -1 -1 -1 -1 -1 -1 -1
0.4254400432109833 0.5861839652061462 0.5222870707511902 -1 -1 -1 -1 -1 -1 -1 -1 -1
0.4762471914291382 0.7107459902763367 0.9641904234886169 -1 -1 -1 -1 -1 -1 -1 -1 -1
0.47161805629730225 0.6997524499893188 0.47310468554496765 -1 -1 -1 -1 -1 -1 -1 -1 -1
0.4910542666912079 0.7079686522483826 0.9608909487724304 -1 -1 -1 -1 -1 -1 -1 -1 -1
0.4909067153930664 0.7019041180610657 0.5782893896102905 -1 -1 -1 -1 -1 -1 -1 -1 -1
0.48378118872642517 0.7906148433685303 0.9393611550331116 -1 -1 -1 -1 -1 -1 -1 -1 -1
0.4834563732147217 0.7819778323173523 0.43003809452056885 -1 -1 -1 -1 -1 -1 -1 -1 -1
1 
33 
-1 -1 -1 -1 -1 -1 -1 -1 -1 -1
0.553333044052124 0.2809114456176758 0.9996893405914307 -1 -1 -1 -1 -1 -1 -1 -1 -1
0.5603416562080383 0.2753642797470093 0.9998664855957031 -1 -1 -1 -1 -1 -1 -1 -1 -1
0.5616451501846313 0.27632421255111694 0.9998918771743774 -1 -1 -1 -1 -1 -1 -1 -1 -1
0.5630197525024414 0.2773658037185669 0.9998948574066162 -1 -1 -1 -1 -1 -1 -1 -1 -1
0.5594208836555481 0.2742851674556732 0.9996950626373291 -1 -1 -1 -1 -1 -1 -1 -1 -1
0.5601134896278381 0.2744586169719696 0.9996943473815918 -1 -1 -1 -1 -1 -1 -1 -1 -1
0.5609608292579651 0.27470505237579346 0.9997833371162415 -1 -1 -1 -1 -1 -1 -1 -1 -1
0.5715867280960083 0.2937319576740265 0.9998584985733032 -1 -1 -1 -1 -1 -1 -1 -1 -1
0.5688428282737732 0.28990304470062256 0.9998840093612671 -1 -1 -1 -1 -1 -1 -1 -1 -1
0.5543742179870605 0.29845643043518066 0.9996199607849121 -1 -1 -1 -1 -1 -1 -1 -1 -1
0.5531376600265503 0.29584163427352905 0.9990543723106384 -1 -1 -1 -1 -1 -1 -1 -1 -1
0.5674124360084534 0.3753127455711365 0.9998524188995361 -1 -1 -1 -1 -1 -1 -1 -1 -1
0.557968020439148 0.3600754141807556 0.9990560412406921 -1 -1 -1 -1 -1 -1 -1 -1 -1
0.5587763786315918 0.43232932686805725 0.9586669206619263 -1 -1 -1 -1 -1 -1 -1 -1 -1
0.5401465892791748 0.41537630558013916 0.014180729165673256 -1 -1 -1 -1 -1 -1 -1 -1 -1
0.5341924428939819 0.4375379681587219 0.8835429549217224 -1 -1 -1 -1 -1 -1 -1 -1 -1
0.5325014591217041 0.4358884394168854 0.017172209918498993 -1 -1 -1 -1 -1 -1 -1 -1 -1
0.5290876030921936 0.4460221230983734 0.8930977582931519 -1 -1 -1 -1 -1 -1 -1 -1 -1
0.5316417813301086 0.4462233781814575 0.03167001157999039 -1 -1 -1 -1 -1 -1 -1 -1 -1
0.5275163650512695 0.4379960596561432 0.8903417587280273 -1 -1 -1 -1 -1 -1 -1 -1 -1
0.5308884382247925 0.4414944350719452 0.03457260504364967 -1 -1 -1 -1 -1 -1 -1 -1 -1
0.5287460684776306 0.43465059995651245 0.8269098997116089 -1 -1 -1 -1 -1 -1 -1 -1 -1
0.5307115316390991 0.4357588291168213 0.04081392288208008 -1 -1 -1 -1 -1 -1 -1 -1 -1
0.5010157227516174 0.5175523161888123 0.9999728202819824 -1 -1 -1 -1 -1 -1 -1 -1 -1
0.49503129720687866 0.5075587034225464 0.99996018409729 -1 -1 -1 -1 -1 -1 -1 -1 -1
0.4100816547870636 0.5250771045684814 0.9792097806930542 -1 -1 -1 -1 -1 -1 -1 -1 -1
0.4113667905330658 0.5203439593315125 0.5283679366111755 -1 -1 -1 -1 -1 -1 -1 -1 -1
0.4354962110519409 0.6557561755180359 0.9449779391288757 -1 -1 -1 -1 -1 -1 -1 -1 -1
0.4329161047935486 0.6471513509750366 0.32059335708618164 -1 -1 -1 -1 -1 -1 -1 -1 -1
0.44709426164627075 0.6595459580421448 0.9493328332901001 -1 -1 -1 -1 -1 -1 -1 -1 -1
0.445465087890625 0.653412401676178 0.35408470034599304 -1 -1 -1 -1 -1 -1 -1 -1 -1
0.43464547395706177 0.7206157445907593 0.9426323771476746 -1 -1 -1 -1 -1 -1 -1 -1 -1
0.43765902519226074 0.7220759987831116 0.3346344232559204 -1 -1 -1 -1 -1 -1 -1 -1 -1
1 
33 
-1 -1 -1 -1 -1 -1 -1 -1 -1 -1
0.5535755157470703 0.3155555725097656 0.9975929856300354 -1 -1 -1 -1 -1 -1 -1 -1 -1
0.5605449676513672 0.3104475438594818 0.9985964894294739 -1 -1 -1 -1 -1 -1 -1 -1 -1
0.5619184374809265 0.31153571605682373 0.998860239982605 -1 -1 -1 -1 -1 -1 -1 -1 -1
0.5634295344352722 0.31269603967666626 0.9989468455314636 -1 -1 -1 -1 -1 -1 -1 -1 -1
0.5592508316040039 0.3091803193092346 0.9977624416351318 -1 -1 -1 -1 -1 -1 -1 -1 -1
0.5597206950187683 0.30932044982910156 0.9975175857543945 -1 -1 -1 -1 -1 -1 -1 -1 -1
0.5603466033935547 0.3094487190246582 0.9979991316795349 -1 -1 -1 -1 -1 -1 -1 -1 -1
0.5724488496780396 0.3271949291229248 0.998501181602478 -1 -1 -1 -1 -1 -1 -1 -1 -1
0.5689800977706909 0.3236294984817505 0.9990732669830322 -1 -1 -1 -1 -1 -1 -1 -1 -1
0.5548414587974548 0.3321228623390198 0.9979032278060913 -1 -1 -1 -1 -1 -1 -1 -1 -1
0.5529966354370117 0.3294110894203186 0.9958586096763611 -1 -1 -1 -1 -1 -1 -1 -1 -1
0.5663579106330872 0.399091511964798 0.9995662569999695 -1 -1 -1 -1 -1 -1 -1 -1 -1
0.5511776804924011 0.37935492396354675 0.996968686580658 -1 -1 -1 -1 -1 -1 -1 -1 -1
0.5543180704116821 0.463453471660614 0.8478369116783142 -1 -1 -1 -1 -1 -1 -1 -1 -1
0.5293311476707458 0.43740710616111755 0.029569169506430626 -1 -1 -1 -1 -1 -1 -1 -1 -1
0.5324525237083435 0.45324257016181946 0.7373464107513428 -1 -1 -1 -1 -1 -1 -1 -1 -1
0.5152067542076111 0.4555310606956482 0.031130194664001465 -1 -1 -1 -1 -1 -1 -1 -1 -1
0.5282328724861145 0.4580734968185425 0.791843831539154 -1 -1 -1 -1 -1 -1 -1 -1 -1
0.5110322833061218 0.46616822481155396 0.05195849388837814 -1 -1 -1 -1 -1 -1 -1 -1 -1
0.5271638631820679 0.44714972376823425 0.8027074337005615 -1 -1 -1 -1 -1 -1 -1 -1 -1
0.5114879012107849 0.4600566625595093 0.05449986085295677 -1 -1 -1 -1 -1 -1 -1 -1 -1
0.527971088886261 0.44506749510765076 0.7272970676422119 -1 -1 -1 -1 -1 -1 -1 -1 -1
0.5126248002052307 0.455296128988266 0.060546666383743286 -1 -1 -1 -1 -1 -1 -1 -1 -1
0.4916638731956482 0.5234830975532532 0.9995738863945007 -1 -1 -1 -1 -1 -1 -1 -1 -1
0.48764804005622864 0.5077588558197021 0.9993712306022644 -1 -1 -1 -1 -1 -1 -1 -1 -1
0.4135337471961975 0.4445306956768036 0.9132818579673767 -1 -1 -1 -1 -1 -1 -1 -1 -1
0.4167626202106476 0.4333784878253937 0.2992711365222931 -1 -1 -1 -1 -1 -1 -1 -1 -1
0.39827629923820496 0.5813440084457397 0.9237087965011597 -1 -1 -1 -1 -1 -1 -1 -1 -1
0.39723291993141174 0.5765780210494995 0.1724119782447815 -1 -1 -1 -1 -1 -1 -1 -1 -1
0.4085371494293213 0.5996008515357971 0.9562709927558899 -1 -1 -1 -1 -1 -1 -1 -1 -1
0.40389931201934814 0.5998725891113281 0.3581424057483673 -1 -1 -1 -1 -1 -1 -1 -1 -1
0.3674517869949341 0.6315691471099854 0.923409640789032 -1 -1 -1 -1 -1 -1 -1 -1 -1
0.36991143226623535 0.6198399066925049 0.18943674862384796 -1 -1 -1 -1 -1 -1 -1 -1 -1
1 
33 
-1 -1 -1 -1 -1 -1 -1 -1 -1 -1
0.5598325729370117 0.3500256836414337 0.9990178346633911 -1 -1 -1 -1 -1 -1 -1 -1 -1
0.5678251385688782 0.34628576040267944 0.9997360110282898 -1 -1 -1 -1 -1 -1 -1 -1 -1
0.5685857534408569 0.3475337028503418 0.9997624754905701 -1 -1 -1 -1 -1 -1 -1 -1 -1
0.5693712830543518 0.34881824254989624 0.9997337460517883 -1 -1 -1 -1 -1 -1 -1 -1 -1
0.5675758719444275 0.3454072177410126 0.9995077848434448 -1 -1 -1 -1 -1 -1 -1 -1 -1
0.5682063698768616 0.3463160991668701 0.9994945526123047 -1 -1 -1 -1 -1 -1 -1 -1 -1
0.5690986514091492 0.34791335463523865 0.9995953440666199 -1 -1 -1 -1 -1 -1 -1 -1 -1
0.5747956037521362 0.3654366731643677 0.9998588562011719 -1 -1 -1 -1 -1 -1 -1 -1 -1
0.5750553607940674 0.36358270049095154 0.9996726512908936 -1 -1 -1 -1 -1 -1 -1 -1 -1
0.5572575330734253 0.3639741837978363 0.9992948770523071 -1 -1 -1 -1 -1 -1 -1 -1 -1
0.5569314956665039 0.3636307418346405 0.9984228610992432 -1 -1 -1 -1 -1 -1 -1 -1 -1
0.5622885823249817 0.4222269654273987 0.9998680353164673 -1 -1 -1 -1 -1 -1 -1 -1 -1
0.5550620555877686 0.4004107117652893 0.9984835982322693 -1 -1 -1 -1 -1 -1 -1 -1 -1
0.5163683891296387 0.39995914697647095 0.8887370824813843 -1 -1 -1 -1 -1 -1 -1 -1 -1
0.5134051442146301 0.36610153317451477 0.057275161147117615 -1 -1 -1 -1 -1 -1 -1 -1 -1
0.5157589912414551 0.3582596778869629 0.6588543057441711 -1 -1 -1 -1 -1 -1 -1 -1 -1
0.5105708837509155 0.35029181838035583 0.06276823580265045 -1 -1 -1 -1 -1 -1 -1 -1 -1
0.513445258140564 0.3508732318878174 0.628169596195221 -1 -1 -1 -1 -1 -1 -1 -1 -1
0.5099243521690369 0.3481774628162384 0.1030978262424469 -1 -1 -1 -1 -1 -1 -1 -1 -1
0.517481803894043 0.3508932590484619 0.6442258358001709 -1 -1 -1 -1 -1 -1 -1 -1 -1
0.5154834985733032 0.3508431911468506 0.09615600854158401 -1 -1 -1 -1 -1 -1 -1 -1 -1
0.5179508328437805 0.3549736738204956 0.6086174845695496 -1 -1 -1 -1 -1 -1 -1 -1 -1
0.5156198143959045 0.35403549671173096 0.09998169541358948 -1 -1 -1 -1 -1 -1 -1 -1 -1
0.48157814145088196 0.5080918669700623 0.9998457431793213 -1 -1 -1 -1 -1 -1 -1 -1 -1
0.47622621059417725 0.4879060983657837 0.9997978806495667 -1 -1 -1 -1 -1 -1 -1 -1 -1
0.4400542974472046 0.3755846619606018 0.9403634667396545 -1 -1 -1 -1 -1 -1 -1 -1 -1
0.4401162266731262 0.3576078712940216 0.05760170519351959 -1 -1 -1 -1 -1 -1 -1 -1 -1
0.3832513391971588 0.47180870175361633 0.9327423572540283 -1 -1 -1 -1 -1 -1 -1 -1 -1
0.4058079123497009 0.4584158658981323 0.08298139274120331 -1 -1 -1 -1 -1 -1 -1 -1 -1
0.3808698058128357 0.4953082203865051 0.9458187222480774 -1 -1 -1 -1 -1 -1 -1 -1 -1
0.4071805775165558 0.48444002866744995 0.22345340251922607 -1 -1 -1 -1 -1 -1 -1 -1 -1
0.34991705417633057 0.46550288796424866 0.9312105178833008 -1 -1 -1 -1 -1 -1 -1 -1 -1
0.3789621889591217 0.45911017060279846 0.15841840207576752 -1 -1 -1 -1 -1 -1 -1 -1 -1
1 
33 
-1 -1 -1 -1 -1 -1 -1 -1 -1 -1
0.49622395634651184 0.2999146580696106 0.9999828338623047 -1 -1 -1 -1 -1 -1 -1 -1 -1
0.5011102557182312 0.2856980562210083 0.9999692440032959 -1 -1 -1 -1 -1 -1 -1 -1 -1
0.5020814538002014 0.28695183992385864 0.999971866607666 -1 -1 -1 -1 -1 -1 -1 -1 -1
0.5030040144920349 0.2883312702178955 0.9999738931655884 -1 -1 -1 -1 -1 -1 -1 -1 -1
0.4979785680770874 0.28478533029556274 0.9999630451202393 -1 -1 -1 -1 -1 -1 -1 -1 -1
0.497304767370224 0.2857833504676819 0.9999542236328125 -1 -1 -1 -1 -1 -1 -1 -1 -1
0.4967159926891327 0.28677088022232056 0.9999439716339111 -1 -1 -1 -1 -1 -1 -1 -1 -1
0.5024042725563049 0.3005062937736511 0.9999651908874512 -1 -1 -1 -1 -1 -1 -1 -1 -1
0.49410948157310486 0.2959008812904358 0.9999821186065674 -1 -1 -1 -1 -1 -1 -1 -1 -1
0.4984561502933502 0.31422120332717896 0.9999946355819702 -1 -1 -1 -1 -1 -1 -1 -1 -1
0.49570274353027344 0.3107559084892273 0.999995231628418 -1 -1 -1 -1 -1 -1 -1 -1 -1
0.5206542015075684 0.37612634897232056 0.9999853372573853 -1 -1 -1 -1 -1 -1 -1 -1 -1
0.46808260679244995 0.35456153750419617 0.9999967813491821 -1 -1 -1 -1 -1 -1 -1 -1 -1
0.5413544178009033 0.4458518624305725 0.7426549792289734 -1 -1 -1 -1 -1 -1 -1 -1 -1
0.4178312122821808 0.3695644736289978 0.9705860018730164 -1 -1 -1 -1 -1 -1 -1 -1 -1
0.5465326905250549 0.4401264786720276 0.605567216873169 -1 -1 -1 -1 -1 -1 -1 -1 -1
0.37335145473480225 0.38350823521614075 0.9346080422401428 -1 -1 -1 -1 -1 -1 -1 -1 -1
0.5484850406646729 0.44000044465065 0.5529522895812988 -1 -1 -1 -1 -1 -1 -1 -1 -1
0.3603615164756775 0.38454121351242065 0.8516443967819214 -1 -1 -1 -1 -1 -1 -1 -1 -1
0.5464581251144409 0.43132156133651733 0.574314534664154 -1 -1 -1 -1 -1 -1 -1 -1 -1
0.3595745861530304 0.38756901025772095 0.865726888179779 -1 -1 -1 -1 -1 -1 -1 -1 -1
0.545110285282135 0.43477052450180054 0.5462172031402588 -1 -1 -1 -1 -1 -1 -1 -1 -1
0.3648673892021179 0.39142969250679016 0.8643423318862915 -1 -1 -1 -1 -1 -1 -1 -1 -1
0.4819965362548828 0.48851364850997925 0.9998555183410645 -1 -1 -1 -1 -1 -1 -1 -1 -1
0.4539235830307007 0.47275790572166443 0.9999431371688843 -1 -1 -1 -1 -1 -1 -1 -1 -1
0.548435628414154 0.4439201056957245 0.8819527626037598 -1 -1 -1 -1 -1 -1 -1 -1 -1
0.47072818875312805 0.4214510917663574 0.9452971816062927 -1 -1 -1 -1 -1 -1 -1 -1 -1
0.5264657139778137 0.46301570534706116 0.6513686776161194 -1 -1 -1 -1 -1 -1 -1 -1 -1
0.416986346244812 0.4165261387825012 0.9241876006126404 -1 -1 -1 -1 -1 -1 -1 -1 -1
0.5213575959205627 0.4724684953689575 0.6711544394493103 -1 -1 -1 -1 -1 -1 -1 -1 -1
0.4092879295349121 0.4299207925796509 0.9263436794281006 -1 -1 -1 -1 -1 -1 -1 -1 -1
0.5322158336639404 0.4423774778842926 0.6850219964981079 -1 -1 -1 -1 -1 -1 -1 -1 -1
0.40950849652290344 0.3688906133174896 0.9707263112068176 -1 -1 -1 -1 -1 -1 -1 -1 -1
1 
33 
-1 -1 -1 -1 -1 -1 -1 -1 -1 -1
0.5449556708335876 0.46466943621635437 0.9927369356155396 -1 -1 -1 -1 -1 -1 -1 -1 -1
0.5479589104652405 0.47067639231681824 0.9933398365974426 -1 -1 -1 -1 -1 -1 -1 -1 -1
0.5478159785270691 0.4721674621105194 0.99294513463974 -1 -1 -1 -1 -1 -1 -1 -1 -1
0.5476557612419128 0.47365230321884155 0.9946107864379883 -1 -1 -1 -1 -1 -1 -1 -1 -1
0.5481529235839844 0.4696102738380432 0.9941368103027344 -1 -1 -1 -1 -1 -1 -1 -1 -1
0.5480836629867554 0.47012996673583984 0.993361234664917 -1 -1 -1 -1 -1 -1 -1 -1 -1
0.54802006483078 0.47069472074508667 0.9946475625038147 -1 -1 -1 -1 -1 -1 -1 -1 -1
0.5449677109718323 0.4828844368457794 0.9954687356948853 -1 -1 -1 -1 -1 -1 -1 -1 -1
0.5455889105796814 0.4790375530719757 0.9940876960754395 -1 -1 -1 -1 -1 -1 -1 -1 -1
0.5405780673027039 0.46774163842201233 0.9981471300125122 -1 -1 -1 -1 -1 -1 -1 -1 -1
0.5407918095588684 0.4661540687084198 0.9979544878005981 -1 -1 -1 -1 -1 -1 -1 -1 -1
0.5262008905410767 0.48336467146873474 0.9997401833534241 -1 -1 -1 -1 -1 -1 -1 -1 -1
0.5246214866638184 0.48022744059562683 0.9989374279975891 -1 -1 -1 -1 -1 -1 -1 -1 -1
0.506899893283844 0.4490726590156555 0.8766365647315979 -1 -1 -1 -1 -1 -1 -1 -1 -1
0.5020685791969299 0.45463070273399353 0.031169191002845764 -1 -1 -1 -1 -1 -1 -1 -1 -1
0.4985663592815399 0.40187615156173706 0.8423270583152771 -1 -1 -1 -1 -1 -1 -1 -1 -1
0.4857497811317444 0.41641756892204285 0.05495778098702431 -1 -1 -1 -1 -1 -1 -1 -1 -1
0.49688395857810974 0.39156436920166016 0.8464049696922302 -1 -1 -1 -1 -1 -1 -1 -1 -1
0.4839937388896942 0.4090721309185028 0.08160798251628876 -1 -1 -1 -1 -1 -1 -1 -1 -1
0.5004540681838989 0.38947242498397827 0.8327676057815552 -1 -1 -1 -1 -1 -1 -1 -1 -1
0.48409926891326904 0.40677228569984436 0.08361578732728958 -1 -1 -1 -1 -1 -1 -1 -1 -1
0.5005487203598022 0.3931877315044403 0.7649693489074707 -1 -1 -1 -1 -1 -1 -1 -1 -1
0.4846106767654419 0.40968382358551025 0.08487769961357117 -1 -1 -1 -1 -1 -1 -1 -1 -1
0.47846102714538574 0.5000390410423279 0.9979263544082642 -1 -1 -1 -1 -1 -1 -1 -1 -1
0.47896572947502136 0.49720674753189087 0.9954741597175598 -1 -1 -1 -1 -1 -1 -1 -1 -1
0.5041861534118652 0.44298896193504333 0.8908377289772034 -1 -1 -1 -1 -1 -1 -1 -1 -1
0.4972248375415802 0.436626136302948 0.07971733808517456 -1 -1 -1 -1 -1 -1 -1 -1 -1
0.4809716045856476 0.3996915817260742 0.8509318828582764 -1 -1 -1 -1 -1 -1 -1 -1 -1
0.47423383593559265 0.3963433802127838 0.06213608384132385 -1 -1 -1 -1 -1 -1 -1 -1 -1
0.4744671583175659 0.3975796103477478 0.8268041014671326 -1 -1 -1 -1 -1 -1 -1 -1 -1
0.46862703561782837 0.3946353793144226 0.12033490836620331 -1 -1 -1 -1 -1 -1 -1 -1 -1
0.4883248507976532 0.37928831577301025 0.8169224262237549 -1 -1 -1 -1 -1 -1 -1 -1 -1
0.47810834646224976 0.3754749298095703 0.09823130071163177 -1 -1 -1 -1 -1 -1 -1 -1 -1
1 
33 
-1 -1 -1 -1 -1 -1 -1 -1 -1 -1
0.5425735116004944 0.5639730095863342 0.9808309674263 -1 -1 -1 -1 -1 -1 -1 -1 -1
0.5417928695678711 0.5655001401901245 0.988132655620575 -1 -1 -1 -1 -1 -1 -1 -1 -1
0.5415992140769958 0.5654052495956421 0.989313542842865 -1 -1 -1 -1 -1 -1 -1 -1 -1
0.5414021015167236 0.5653105974197388 0.9911400675773621 -1 -1 -1 -1 -1 -1 -1 -1 -1
0.5420616865158081 0.5654031038284302 0.9769443869590759 -1 -1 -1 -1 -1 -1 -1 -1 -1
0.5420807600021362 0.5652433633804321 0.9676377177238464 -1 -1 -1 -1 -1 -1 -1 -1 -1
0.5420950055122375 0.5650743842124939 0.9689049124717712 -1 -1 -1 -1 -1 -1 -1 -1 -1
0.5426180958747864 0.566810667514801 0.9969649910926819 -1 -1 -1 -1 -1 -1 -1 -1 -1
0.5424988269805908 0.5666170120239258 0.9788757562637329 -1 -1 -1 -1 -1 -1 -1 -1 -1
0.5421715974807739 0.5609196424484253 0.9903689026832581 -1 -1 -1 -1 -1 -1 -1 -1 -1
0.5426297187805176 0.5607884526252747 0.9787253737449646 -1 -1 -1 -1 -1 -1 -1 -1 -1
0.5391197800636292 0.5494281649589539 0.9958928823471069 -1 -1 -1 -1 -1 -1 -1 -1 -1
0.540749192237854 0.5455719232559204 0.9320023059844971 -1 -1 -1 -1 -1 -1 -1 -1 -1
0.5477176904678345 0.5520141124725342 0.9121307134628296 -1 -1 -1 -1 -1 -1 -1 -1 -1
0.5407099723815918 0.5519813299179077 0.0656009390950203 -1 -1 -1 -1 -1 -1 -1 -1 -1
0.5525766611099243 0.5547648072242737 0.47820544242858887 -1 -1 -1 -1 -1 -1 -1 -1 -1
0.5407463312149048 0.5670256614685059 0.03297968953847885 -1 -1 -1 -1 -1 -1 -1 -1 -1
0.5539833307266235 0.5545552372932434 0.3337602913379669 -1 -1 -1 -1 -1 -1 -1 -1 -1
0.539733350276947 0.5707347393035889 0.03780210763216019 -1 -1 -1 -1 -1 -1 -1 -1 -1
0.5527159571647644 0.5544533133506775 0.3349049985408783 -1 -1 -1 -1 -1 -1 -1 -1 -1
0.5407268404960632 0.5699283480644226 0.040122225880622864 -1 -1 -1 -1 -1 -1 -1 -1 -1
0.551770806312561 0.5541662573814392 0.2967110276222229 -1 -1 -1 -1 -1 -1 -1 -1 -1
0.5411770343780518 0.5686148405075073 0.0402170829474926 -1 -1 -1 -1 -1 -1 -1 -1 -1
0.5282778739929199 0.5106598734855652 0.9988176226615906 -1 -1 -1 -1 -1 -1 -1 -1 -1
0.5333042144775391 0.5058159828186035 0.9987969398498535 -1 -1 -1 -1 -1 -1 -1 -1 -1
0.5126467943191528 0.48807066679000854 0.9130517244338989 -1 -1 -1 -1 -1 -1 -1 -1 -1
0.5251312851905823 0.4813816249370575 0.842483401298523 -1 -1 -1 -1 -1 -1 -1 -1 -1
0.5086526870727539 0.4702642560005188 0.6451950073242188 -1 -1 -1 -1 -1 -1 -1 -1 -1
0.5216422080993652 0.4664657711982727 0.8024957776069641 -1 -1 -1 -1 -1 -1 -1 -1 -1
0.509372353553772 0.46853354573249817 0.5037540793418884 -1 -1 -1 -1 -1 -1 -1 -1 -1
0.5211431980133057 0.46538740396499634 0.6386638283729553 -1 -1 -1 -1 -1 -1 -1 -1 -1
0.5044951438903809 0.4615664482116699 0.5632007122039795 -1 -1 -1 -1 -1 -1 -1 -1 -1
0.5206204056739807 0.458057165145874 0.6729267835617065 -1 -1 -1 -1 -1 -1 -1 -1 -1
1 
33 
-1 -1 -1 -1 -1 -1 -1 -1 -1 -1
0.4690774977207184 0.40560710430145264 0.9877240657806396 -1 -1 -1 -1 -1 -1 -1 -1 -1
0.4667418301105499 0.40279799699783325 0.99428790807724 -1 -1 -1 -1 -1 -1 -1 -1 -1
0.46554404497146606 0.403939813375473 0.992743730545044 -1 -1 -1 -1 -1 -1 -1 -1 -1
0.4643385708332062 0.40506240725517273 0.9922698736190796 -1 -1 -1 -1 -1 -1 -1 -1 -1
0.46951764822006226 0.39988774061203003 0.9919982552528381 -1 -1 -1 -1 -1 -1 -1 -1 -1
0.47050538659095764 0.3989409804344177 0.9898881316184998 -1 -1 -1 -1 -1 -1 -1 -1 -1
0.4715271294116974 0.3979830741882324 0.990723192691803 -1 -1 -1 -1 -1 -1 -1 -1 -1
0.4619113802909851 0.4064466655254364 0.9949129819869995 -1 -1 -1 -1 -1 -1 -1 -1 -1
0.46949294209480286 0.40251195430755615 0.9895591735839844 -1 -1 -1 -1 -1 -1 -1 -1 -1
0.4677159786224365 0.41313880681991577 0.9869094491004944 -1 -1 -1 -1 -1 -1 -1 -1 -1
0.470556378364563 0.40992724895477295 0.9786696434020996 -1 -1 -1 -1 -1 -1 -1 -1 -1
0.4491509199142456 0.43369725346565247 0.9995965361595154 -1 -1 -1 -1 -1 -1 -1 -1 -1
0.48362043499946594 0.4235181212425232 0.9995330572128296 -1 -1 -1 -1 -1 -1 -1 -1 -1
0.46718648076057434 0.47823381423950195 0.04818284884095192 -1 -1 -1 -1 -1 -1 -1 -1 -1
0.5036988258361816 0.43750643730163574 0.23320668935775757 -1 -1 -1 -1 -1 -1 -1 -1 -1
0.48427191376686096 0.47911661863327026 0.18852968513965607 -1 -1 -1 -1 -1 -1 -1 -1 -1
0.5085870623588562 0.43777236342430115 0.3830108642578125 -1 -1 -1 -1 -1 -1 -1 -1 -1
0.48518702387809753 0.4806097149848938 0.21732261776924133 -1 -1 -1 -1 -1 -1 -1 -1 -1
0.5111917853355408 0.43572333455085754 0.4164453148841858 -1 -1 -1 -1 -1 -1 -1 -1 -1
0.4886498749256134 0.47497883439064026 0.21674790978431702 -1 -1 -1 -1 -1 -1 -1 -1 -1
0.5072646141052246 0.4330912232398987 0.4278484880924225 -1 -1 -1 -1 -1 -1 -1 -1 -1
0.48953256011009216 0.4735677242279053 0.20673756301403046 -1 -1 -1 -1 -1 -1 -1 -1 -1
0.5055314898490906 0.4338403344154358 0.40930452942848206 -1 -1 -1 -1 -1 -1 -1 -1 -1
0.4715605676174164 0.5375173091888428 0.9999947547912598 -1 -1 -1 -1 -1 -1 -1 -1 -1
0.4862841069698334 0.508851170539856 0.9999773502349854 -1 -1 -1 -1 -1 -1 -1 -1 -1
0.4889253079891205 0.5695739388465881 0.8971226215362549 -1 -1 -1 -1 -1 -1 -1 -1 -1
0.5037819743156433 0.4959404170513153 0.6472465395927429 -1 -1 -1 -1 -1 -1 -1 -1 -1
0.5132180452346802 0.6021378636360168 0.8499011993408203 -1 -1 -1 -1 -1 -1 -1 -1 -1
0.5204727053642273 0.47755908966064453 0.7711251378059387 -1 -1 -1 -1 -1 -1 -1 -1 -1
0.5159839987754822 0.6054885387420654 0.897342324256897 -1 -1 -1 -1 -1 -1 -1 -1 -1
0.5237501859664917 0.47821855545043945 0.7180358171463013 -1 -1 -1 -1 -1 -1 -1 -1 -1
0.5200331211090088 0.6150935888290405 0.8050928711891174 -1 -1 -1 -1 -1 -1 -1 -1 -1
0.5253416895866394 0.46443507075309753 0.6880037188529968 -1 -1 -1 -1 -1 -1 -1 -1 -1
1 
33 
-1 -1 -1 -1 -1 -1 -1 -1 -1 -1
0.47594279050827026 0.5793830752372742 0.9869764447212219 -1 -1 -1 -1 -1 -1 -1 -1 -1
0.47189977765083313 0.5857511758804321 0.9944493770599365 -1 -1 -1 -1 -1 -1 -1 -1 -1
0.4707372784614563 0.5852652192115784 0.9937357306480408 -1 -1 -1 -1 -1 -1 -1 -1 -1
0.4695802330970764 0.5847449898719788 0.9957095384597778 -1 -1 -1 -1 -1 -1 -1 -1 -1
0.4728078842163086 0.5864747762680054 0.9925240874290466 -1 -1 -1 -1 -1 -1 -1 -1 -1
0.4726220667362213 0.5866299271583557 0.9899834394454956 -1 -1 -1 -1 -1 -1 -1 -1 -1
0.4724379777908325 0.5867794156074524 0.9934275150299072 -1 -1 -1 -1 -1 -1 -1 -1 -1
0.4629978537559509 0.580023467540741 0.9903213381767273 -1 -1 -1 -1 -1 -1 -1 -1 -1
0.4666069746017456 0.5827003121376038 0.98850017786026 -1 -1 -1 -1 -1 -1 -1 -1 -1
0.47349119186401367 0.5702368021011353 0.9921724796295166 -1 -1 -1 -1 -1 -1 -1 -1 -1
0.47512727975845337 0.5709080696105957 0.9867655038833618 -1 -1 -1 -1 -1 -1 -1 -1 -1
0.45525097846984863 0.5347918272018433 0.9996944665908813 -1 -1 -1 -1 -1 -1 -1 -1 -1
0.470967561006546 0.5503966212272644 0.998308539390564 -1 -1 -1 -1 -1 -1 -1 -1 -1
0.4816186726093292 0.48380205035209656 0.8027284145355225 -1 -1 -1 -1 -1 -1 -1 -1 -1
0.49584245681762695 0.5079721212387085 0.09018778800964355 -1 -1 -1 -1 -1 -1 -1 -1 -1
0.5056554675102234 0.47478678822517395 0.7906097173690796 -1 -1 -1 -1 -1 -1 -1 -1 -1
0.50994873046875 0.48410823941230774 0.1106582060456276 -1 -1 -1 -1 -1 -1 -1 -1 -1
0.5101847052574158 0.469375342130661 0.7388630509376526 -1 -1 -1 -1 -1 -1 -1 -1 -1
0.5132540464401245 0.4779147505760193 0.1272740364074707 -1 -1 -1 -1 -1 -1 -1 -1 -1
0.5107599496841431 0.47678959369659424 0.7366495132446289 -1 -1 -1 -1 -1 -1 -1 -1 -1
0.5121696591377258 0.4815848469734192 0.13284288346767426 -1 -1 -1 -1 -1 -1 -1 -1 -1
0.509519636631012 0.4786028265953064 0.6726983189582825 -1 -1 -1 -1 -1 -1 -1 -1 -1
0.5108891725540161 0.4827897250652313 0.1456880122423172 -1 -1 -1 -1 -1 -1 -1 -1 -1
0.47951558232307434 0.4390130043029785 0.9971415400505066 -1 -1 -1 -1 -1 -1 -1 -1 -1
0.4902285635471344 0.44984111189842224 0.9974948167800903 -1 -1 -1 -1 -1 -1 -1 -1 -1
0.5004814863204956 0.5246554613113403 0.7466267943382263 -1 -1 -1 -1 -1 -1 -1 -1 -1
0.5248034000396729 0.5162481665611267 0.27269870042800903 -1 -1 -1 -1 -1 -1 -1 -1 -1
0.5282905697822571 0.4189888536930084 0.7961620688438416 -1 -1 -1 -1 -1 -1 -1 -1 -1
0.5301120281219482 0.4187236428260803 0.25077325105667114 -1 -1 -1 -1 -1 -1 -1 -1 -1
0.5271713733673096 0.3970784842967987 0.7821812033653259 -1 -1 -1 -1 -1 -1 -1 -1 -1
0.5250047445297241 0.40062397718429565 0.3930016756057739 -1 -1 -1 -1 -1 -1 -1 -1 -1
0.5502673983573914 0.40653181076049805 0.8163513541221619 -1 -1 -1 -1 -1 -1 -1 -1 -1
0.5479233264923096 0.40406909584999084 0.3926738500595093 -1 -1 -1 -1 -1 -1 -1 -1 -1
1 
33 
-1 -1 -1 -1 -1 -1 -1 -1 -1 -1
0.4919503927230835 0.5389461517333984 0.9852971434593201 -1 -1 -1 -1 -1 -1 -1 -1 -1
0.49229130148887634 0.5412194728851318 0.986609160900116 -1 -1 -1 -1 -1 -1 -1 -1 -1
0.49248751997947693 0.5412033200263977 0.9865764379501343 -1 -1 -1 -1 -1 -1 -1 -1 -1
0.4926910996437073 0.5411790609359741 0.9899083375930786 -1 -1 -1 -1 -1 -1 -1 -1 -1
0.49228352308273315 0.5414270758628845 0.9885770082473755 -1 -1 -1 -1 -1 -1 -1 -1 -1
0.4924926161766052 0.5416083335876465 0.9857487082481384 -1 -1 -1 -1 -1 -1 -1 -1 -1
0.49269619584083557 0.5417841672897339 0.9865341186523438 -1 -1 -1 -1 -1 -1 -1 -1 -1
0.49497994780540466 0.5408218502998352 0.9871515035629272 -1 -1 -1 -1 -1 -1 -1 -1 -1
0.4948892891407013 0.5412240624427795 0.9775480031967163 -1 -1 -1 -1 -1 -1 -1 -1 -1
0.4931529760360718 0.5366913080215454 0.9779847264289856 -1 -1 -1 -1 -1 -1 -1 -1 -1
0.49311938881874084 0.5369691252708435 0.9701235890388489 -1 -1 -1 -1 -1 -1 -1 -1 -1
0.4996921718120575 0.5295963883399963 0.9638733267784119 -1 -1 -1 -1 -1 -1 -1 -1 -1
0.49900197982788086 0.5316416025161743 0.9734906554222107 -1 -1 -1 -1 -1 -1 -1 -1 -1
0.49285897612571716 0.5172569155693054 0.1273517608642578 -1 -1 -1 -1 -1 -1 -1 -1 -1
0.49099019169807434 0.5189585089683533 0.540596067905426 -1 -1 -1 -1 -1 -1 -1 -1 -1
0.47933462262153625 0.5108453035354614 0.2952790856361389 -1 -1 -1 -1 -1 -1 -1 -1 -1
0.4786511957645416 0.515352725982666 0.6100828051567078 -1 -1 -1 -1 -1 -1 -1 -1 -1
0.4762783944606781 0.511127233505249 0.33875271677970886 -1 -1 -1 -1 -1 -1 -1 -1 -1
0.4760577380657196 0.5138524770736694 0.5959372520446777 -1 -1 -1 -1 -1 -1 -1 -1 -1
0.4754151999950409 0.5105296969413757 0.34860143065452576 -1 -1 -1 -1 -1 -1 -1 -1 -1
0.47603094577789307 0.5157232284545898 0.5709207057952881 -1 -1 -1 -1 -1 -1 -1 -1 -1
0.4763326644897461 0.5100107192993164 0.3628771901130676 -1 -1 -1 -1 -1 -1 -1 -1 -1
0.47702983021736145 0.5162818431854248 0.48435667157173157 -1 -1 -1 -1 -1 -1 -1 -1 -1
0.5191440582275391 0.5032354593276978 0.9887176752090454 -1 -1 -1 -1 -1 -1 -1 -1 -1
0.5185713768005371 0.5022894144058228 0.9884372353553772 -1 -1 -1 -1 -1 -1 -1 -1 -1
0.5172716379165649 0.4791957437992096 0.5954734683036804 -1 -1 -1 -1 -1 -1 -1 -1 -1
0.5130544900894165 0.4775239825248718 0.47510555386543274 -1 -1 -1 -1 -1 -1 -1 -1 -1
0.5022927522659302 0.4697364568710327 0.4471399188041687 -1 -1 -1 -1 -1 -1 -1 -1 -1
0.5082626342773438 0.4705614447593689 0.5393231511116028 -1 -1 -1 -1 -1 -1 -1 -1 -1
0.5010092854499817 0.469074010848999 0.44484132528305054 -1 -1 -1 -1 -1 -1 -1 -1 -1
0.5082103610038757 0.4703008234500885 0.39383402466773987 -1 -1 -1 -1 -1 -1 -1 -1 -1
0.49725717306137085 0.47016164660453796 0.40811315178871155 -1 -1 -1 -1 -1 -1 -1 -1 -1
0.5055281519889832 0.47239065170288086 0.5345200896263123 -1 -1 -1 -1 -1 -1 -1 -1 -1
1 
