32
1 
33 
-1 -1 -1 -1 -1 -1 -1 -1 -1 -1
0.4978623390197754 0.3105359971523285 0.9997139573097229 -1 -1 -1 -1 -1 -1 -1 -1 -1
0.49550673365592957 0.297257661819458 0.9996036887168884 -1 -1 -1 -1 -1 -1 -1 -1 -1
0.4950729012489319 0.29704365134239197 0.9994627833366394 -1 -1 -1 -1 -1 -1 -1 -1 -1
0.4945017695426941 0.2967429459095001 0.9996581077575684 -1 -1 -1 -1 -1 -1 -1 -1 -1
0.4935705363750458 0.2965916097164154 0.9998175501823425 -1 -1 -1 -1 -1 -1 -1 -1 -1
0.49175113439559937 0.2960416376590729 0.9997978806495667 -1 -1 -1 -1 -1 -1 -1 -1 -1
0.4897942543029785 0.2954469621181488 0.9998538494110107 -1 -1 -1 -1 -1 -1 -1 -1 -1
0.4842706620693207 0.29777753353118896 0.9997245669364929 -1 -1 -1 -1 -1 -1 -1 -1 -1
0.4789324402809143 0.29730311036109924 0.9998189806938171 -1 -1 -1 -1 -1 -1 -1 -1 -1
0.4939507842063904 0.32150107622146606 0.9989960789680481 -1 -1 -1 -1 -1 -1 -1 -1 -1
0.4912099838256836 0.31948745250701904 0.9993409514427185 -1 -1 -1 -1 -1 -1 -1 -1 -1
0.4712577164173126 0.35241520404815674 0.9980417490005493 -1 -1 -1 -1 -1 -1 -1 -1 -1
0.454078733921051 0.34060803055763245 0.9997840523719788 -1 -1 -1 -1 -1 -1 -1 -1 -1
0.4701956808567047 0.30244892835617065 0.13650532066822052 -1 -1 -1 -1 -1 -1 -1 -1 -1
0.4450623095035553 0.2953921854496002 0.9472874999046326 -1 -1 -1 -1 -1 -1 -1 -1 -1
0.4602315127849579 0.3041733503341675 0.0741908997297287 -1 -1 -1 -1 -1 -1 -1 -1 -1
0.44943445920944214 0.2951768636703491 0.862056314945221 -1 -1 -1 -1 -1 -1 -1 -1 -1
0.4643194079399109 0.2941147983074188 0.08488070219755173 -1 -1 -1 -1 -1 -1 -1 -1 -1
0.4474639892578125 0.29202917218208313 0.8545063138008118 -1 -1 -1 -1 -1 -1 -1 -1 -1
0.46563076972961426 0.3005712330341339 0.08800052851438522 -1 -1 -1 -1 -1 -1 -1 -1 -1
0.44874897599220276 0.29627466201782227 0.8548464179039001 -1 -1 -1 -1 -1 -1 -1 -1 -1
0.46734902262687683 0.3029312491416931 0.09669896215200424 -1 -1 -1 -1 -1 -1 -1 -1 -1
0.44973862171173096 0.29867541790008545 0.8249589204788208 -1 -1 -1 -1 -1 -1 -1 -1 -1
0.46401742100715637 0.5480949282646179 0.9994262456893921 -1 -1 -1 -1 -1 -1 -1 -1 -1
0.45104730129241943 0.5466721653938293 0.9997431635856628 -1 -1 -1 -1 -1 -1 -1 -1 -1
0.49200937151908875 0.654084324836731 0.5744064450263977 -1 -1 -1 -1 -1 -1 -1 -1 -1
0.490056574344635 0.6582281589508057 0.9711872935295105 -1 -1 -1 -1 -1 -1 -1 -1 -1
0.43772411346435547 0.6488288044929504 0.5628112554550171 -1 -1 -1 -1 -1 -1 -1 -1 -1
0.4370691776275635 0.6457847356796265 0.8700447082519531 -1 -1 -1 -1 -1 -1 -1 -1 -1
0.43016552925109863 0.6393439769744873 0.578186571598053 -1 -1 -1 -1 -1 -1 -1 -1 -1
0.4286125898361206 0.6267943382263184 0.9134307503700256 -1 -1 -1 -1 -1 -1 -1 -1 -1
0.42701345682144165 0.6673669219017029 0.6082140207290649 -1 -1 -1 -1 -1 -1 -1 -1 -1
0.4318336844444275 0.6665027737617493 0.8743277192115784 -1 -1 -1 -1 -1 -1 -1 -1 -1
1 
33 
-1 -1 -1 -1 -1 -1 -1 -1 -1 -1
0.5020357966423035 0.3045167624950409 0.9999207258224487 -1 -1 -1 -1 -1 -1 -1 -1 -1
0.49910202622413635 0.29121822118759155 0.9999037981033325 -1 -1 -1 -1 -1 -1 -1 -1 -1
0.49861642718315125 0.29108065366744995 0.999825656414032 -1 -1 -1 -1 -1 -1 -1 -1 -1
0.4981054961681366 0.2908843755722046 0.9999059438705444 -1 -1 -1 -1 -1 -1 -1 -1 -1
0.4974008798599243 0.2906671464443207 0.9999589920043945 -1 -1 -1 -1 -1 -1 -1 -1 -1
0.4956878125667572 0.2904079258441925 0.9999521970748901 -1 -1 -1 -1 -1 -1 -1 -1 -1
0.4938132166862488 0.29025161266326904 0.9999698400497437 -1 -1 -1 -1 -1 -1 -1 -1 -1
0.4885595440864563 0.2928972840309143 0.9998975992202759 -1 -1 -1 -1 -1 -1 -1 -1 -1
0.4833063781261444 0.29262545704841614 0.999954342842102 -1 -1 -1 -1 -1 -1 -1 -1 -1
0.4981992244720459 0.3166247010231018 0.9997093081474304 -1 -1 -1 -1 -1 -1 -1 -1 -1
0.4958340525627136 0.3157547116279602 0.9998142123222351 -1 -1 -1 -1 -1 -1 -1 -1 -1
0.4746127426624298 0.3474774658679962 0.9993743300437927 -1 -1 -1 -1 -1 -1 -1 -1 -1
0.46381229162216187 0.32828354835510254 0.9999446868896484 -1 -1 -1 -1 -1 -1 -1 -1 -1
0.48042580485343933 0.36262232065200806 0.052759937942028046 -1 -1 -1 -1 -1 -1 -1 -1 -1
0.4541698396205902 0.2805791199207306 0.9230591058731079 -1 -1 -1 -1 -1 -1 -1 -1 -1
0.48010683059692383 0.36442098021507263 0.2660277187824249 -1 -1 -1 -1 -1 -1 -1 -1 -1
0.4456512928009033 0.24663281440734863 0.971529483795166 -1 -1 -1 -1 -1 -1 -1 -1 -1
0.47708815336227417 0.37353551387786865 0.3284528851509094 -1 -1 -1 -1 -1 -1 -1 -1 -1
0.44033998250961304 0.23964044451713562 0.969546914100647 -1 -1 -1 -1 -1 -1 -1 -1 -1
0.47682884335517883 0.3659399449825287 0.3256312310695648 -1 -1 -1 -1 -1 -1 -1 -1 -1
0.44129660725593567 0.23836994171142578 0.9673020839691162 -1 -1 -1 -1 -1 -1 -1 -1 -1
0.4792664051055908 0.36228013038635254 0.3308609426021576 -1 -1 -1 -1 -1 -1 -1 -1 -1
0.4436059594154358 0.24252024292945862 0.9531663060188293 -1 -1 -1 -1 -1 -1 -1 -1 -1
0.4688911437988281 0.5419877767562866 0.9999644756317139 -1 -1 -1 -1 -1 -1 -1 -1 -1
0.4660254418849945 0.5258364677429199 0.9999591112136841 -1 -1 -1 -1 -1 -1 -1 -1 -1
0.4770107865333557 0.6672170758247375 0.42585718631744385 -1 -1 -1 -1 -1 -1 -1 -1 -1
0.5088090896606445 0.5974963307380676 0.7823046445846558 -1 -1 -1 -1 -1 -1 -1 -1 -1
0.4332360327243805 0.6841684579849243 0.8404448628425598 -1 -1 -1 -1 -1 -1 -1 -1 -1
0.4565436840057373 0.6043170094490051 0.9009298086166382 -1 -1 -1 -1 -1 -1 -1 -1 -1
0.427179217338562 0.6774795651435852 0.9026401042938232 -1 -1 -1 -1 -1 -1 -1 -1 -1
0.43551507592201233 0.617184042930603 0.9360485672950745 -1 -1 -1 -1 -1 -1 -1 -1 -1
0.430550754070282 0.7232521176338196 0.8757275938987732 -1 -1 -1 -1 -1 -1 -1 -1 -1
0.4462534785270691 0.6572954654693604 0.9164428114891052 -1 -1 -1 -1 -1 -1 -1 -1 -1
1 
33 
-1 -1 -1 -1 -1 -1 -1 -1 -1 -1
0.5018439888954163 0.29162657260894775 0.9999568462371826 -1 -1 -1 -1 -1 -1 -1 -1 -1
0.5015590786933899 0.27953261137008667 0.9999459981918335 -1 -1 -1 -1 -1 -1 -1 -1 -1
0.5016489624977112 0.2792571485042572 0.9998953342437744 -1 -1 -1 -1 -1 -1 -1 -1 -1
0.5017629265785217 0.2788636088371277 0.9999464750289917 -1 -1 -1 -1 -1 -1 -1 -1 -1
0.499103307723999 0.2783213257789612 0.9999762773513794 -1 -1 -1 -1 -1 -1 -1 -1 -1
0.4972965121269226 0.27731502056121826 0.9999712705612183 -1 -1 -1 -1 -1 -1 -1 -1 -1
0.49544018507003784 0.27620023488998413 0.9999788999557495 -1 -1 -1 -1 -1 -1 -1 -1 -1
0.49415475130081177 0.2772044241428375 0.9999475479125977 -1 -1 -1 -1 -1 -1 -1 -1 -1
0.4853462278842926 0.2740994691848755 0.999974250793457 -1 -1 -1 -1 -1 -1 -1 -1 -1
0.4986269772052765 0.3010833263397217 0.9998409748077393 -1 -1 -1 -1 -1 -1 -1 -1 -1
0.4953213632106781 0.29935258626937866 0.9999028444290161 -1 -1 -1 -1 -1 -1 -1 -1 -1
0.48063263297080994 0.332823246717453 0.9993674159049988 -1 -1 -1 -1 -1 -1 -1 -1 -1
0.46158549189567566 0.3075646460056305 0.9998612403869629 -1 -1 -1 -1 -1 -1 -1 -1 -1
0.4878651797771454 0.28983786702156067 0.09047107398509979 -1 -1 -1 -1 -1 -1 -1 -1 -1
0.4558351933956146 0.2573922574520111 0.9634254574775696 -1 -1 -1 -1 -1 -1 -1 -1 -1
0.48297616839408875 0.23688575625419617 0.2704631984233856 -1 -1 -1 -1 -1 -1 -1 -1 -1
0.4525585174560547 0.20357397198677063 0.9308276772499084 -1 -1 -1 -1 -1 -1 -1 -1 -1
0.4806387424468994 0.22429504990577698 0.3103836178779602 -1 -1 -1 -1 -1 -1 -1 -1 -1
0.44768092036247253 0.18258848786354065 0.9167647957801819 -1 -1 -1 -1 -1 -1 -1 -1 -1
0.48015034198760986 0.22201624512672424 0.3087601065635681 -1 -1 -1 -1 -1 -1 -1 -1 -1
0.4488421678543091 0.18314886093139648 0.9134060740470886 -1 -1 -1 -1 -1 -1 -1 -1 -1
0.481638640165329 0.22723323106765747 0.32436221837997437 -1 -1 -1 -1 -1 -1 -1 -1 -1
0.4503309428691864 0.19447088241577148 0.8947418332099915 -1 -1 -1 -1 -1 -1 -1 -1 -1
0.4728824496269226 0.521501362323761 0.9999836683273315 -1 -1 -1 -1 -1 -1 -1 -1 -1
0.4696059823036194 0.5105593204498291 0.9999724626541138 -1 -1 -1 -1 -1 -1 -1 -1 -1
0.4540703594684601 0.6536459922790527 0.9234794974327087 -1 -1 -1 -1 -1 -1 -1 -1 -1
0.5247321128845215 0.5355042815208435 0.9789825677871704 -1 -1 -1 -1 -1 -1 -1 -1 -1
0.39701491594314575 0.7316477298736572 0.9495421051979065 -1 -1 -1 -1 -1 -1 -1 -1 -1
0.4677402973175049 0.6262193322181702 0.9862253665924072 -1 -1 -1 -1 -1 -1 -1 -1 -1
0.38531339168548584 0.729884147644043 0.9603076577186584 -1 -1 -1 -1 -1 -1 -1 -1 -1
0.45248398184776306 0.6263817548751831 0.9852640628814697 -1 -1 -1 -1 -1 -1 -1 -1 -1
0.3940070867538452 0.7843425273895264 0.8998597860336304 -1 -1 -1 -1 -1 -1 -1 -1 -1
0.4604835510253906 0.6932188272476196 0.9723461270332336 -1 -1 -1 -1 -1 -1 -1 -1 -1
1 
33 
-1 -1 -1 -1 -1 -1 -1 -1 -1 -1
0.5071641802787781 0.2738233804702759 0.999990701675415 -1 -1 -1 -1 -1 -1 -1 -1 -1
0.50505530834198 0.26136064529418945 0.999990701675415 -1 -1 -1 -1 -1 -1 -1 -1 -1
0.5050008893013 0.26109978556632996 0.999980092048645 -1 -1 -1 -1 -1 -1 -1 -1 -1
0.5049593448638916 0.26081717014312744 0.9999892711639404 -1 -1 -1 -1 -1 -1 -1 -1 -1
0.502815842628479 0.26057085394859314 0.9999947547912598 -1 -1 -1 -1 -1 -1 -1 -1 -1
0.501093327999115 0.2598652243614197 0.9999936819076538 -1 -1 -1 -1 -1 -1 -1 -1 -1
0.49930453300476074 0.25917840003967285 0.9999960660934448 -1 -1 -1 -1 -1 -1 -1 -1 -1
0.49726250767707825 0.25949227809906006 0.9999897480010986 -1 -1 -1 -1 -1 -1 -1 -1 -1
0.4899556338787079 0.2582950294017792 0.9999946355819702 -1 -1 -1 -1 -1 -1 -1 -1 -1
0.5045933127403259 0.2828565537929535 0.9999715089797974 -1 -1 -1 -1 -1 -1 -1 -1 -1
0.5017427206039429 0.2807844877243042 0.9999740123748779 -1 -1 -1 -1 -1 -1 -1 -1 -1
0.48503369092941284 0.320676326751709 0.9998457431793213 -1 -1 -1 -1 -1 -1 -1 -1 -1
0.4709201157093048 0.30029916763305664 0.9999432563781738 -1 -1 -1 -1 -1 -1 -1 -1 -1
0.4794314205646515 0.24904540181159973 0.2026369720697403 -1 -1 -1 -1 -1 -1 -1 -1 -1
0.465838760137558 0.22850483655929565 0.9812014102935791 -1 -1 -1 -1 -1 -1 -1 -1 -1
0.47743967175483704 0.1942461133003235 0.6696922779083252 -1 -1 -1 -1 -1 -1 -1 -1 -1
0.4614972174167633 0.16163963079452515 0.9842952489852905 -1 -1 -1 -1 -1 -1 -1 -1 -1
0.4735592007637024 0.1823805272579193 0.6932711601257324 -1 -1 -1 -1 -1 -1 -1 -1 -1
0.45913711190223694 0.14531627297401428 0.9786550402641296 -1 -1 -1 -1 -1 -1 -1 -1 -1
0.48868635296821594 0.20970022678375244 0.6897397637367249 -1 -1 -1 -1 -1 -1 -1 -1 -1
0.4614350497722626 0.14044660329818726 0.9771973490715027 -1 -1 -1 -1 -1 -1 -1 -1 -1
0.47404125332832336 0.18077829480171204 0.685769259929657 -1 -1 -1 -1 -1 -1 -1 -1 -1
0.46311965584754944 0.14807170629501343 0.969150722026825 -1 -1 -1 -1 -1 -1 -1 -1 -1
0.4764707088470459 0.5102651119232178 0.9999899864196777 -1 -1 -1 -1 -1 -1 -1 -1 -1
0.4766785204410553 0.4988551139831543 0.9999793767929077 -1 -1 -1 -1 -1 -1 -1 -1 -1
0.4536552429199219 0.6461671590805054 0.9634479284286499 -1 -1 -1 -1 -1 -1 -1 -1 -1
0.5308185815811157 0.5486176609992981 0.9939833283424377 -1 -1 -1 -1 -1 -1 -1 -1 -1
0.3882581293582916 0.7304276823997498 0.9818776845932007 -1 -1 -1 -1 -1 -1 -1 -1 -1
0.47641241550445557 0.6352701783180237 0.994424045085907 -1 -1 -1 -1 -1 -1 -1 -1 -1
0.3781098425388336 0.7283897399902344 0.9818872213363647 -1 -1 -1 -1 -1 -1 -1 -1 -1
0.46368223428726196 0.6403087377548218 0.9905774593353271 -1 -1 -1 -1 -1 -1 -1 -1 -1
0.38356509804725647 0.7868057489395142 0.9620025157928467 -1 -1 -1 -1 -1 -1 -1 -1 -1
0.47630879282951355 0.6933379173278809 0.9877183437347412 -1 -1 -1 -1 -1 -1 -1 -1 -1
1 
33 
-1 -1 -1 -1 -1 -1 -1 -1 -1 -1
0.506058394908905 0.26063108444213867 0.9998682737350464 -1 -1 -1 -1 -1 -1 -1 -1 -1
0.5057088732719421 0.24889728426933289 0.9998218417167664 -1 -1 -1 -1 -1 -1 -1 -1 -1
0.5055772066116333 0.24897772073745728 0.999657392501831 -1 -1 -1 -1 -1 -1 -1 -1 -1
0.5054004192352295 0.24910277128219604 0.9998262524604797 -1 -1 -1 -1 -1 -1 -1 -1 -1
0.5039007067680359 0.2477661371231079 0.9998782873153687 -1 -1 -1 -1 -1 -1 -1 -1 -1
0.5024147033691406 0.24697867035865784 0.9998601675033569 -1 -1 -1 -1 -1 -1 -1 -1 -1
0.5006930232048035 0.2461271584033966 0.9999006986618042 -1 -1 -1 -1 -1 -1 -1 -1 -1
0.49772509932518005 0.2499912977218628 0.9997298121452332 -1 -1 -1 -1 -1 -1 -1 -1 -1
0.4921295940876007 0.24521026015281677 0.9998070597648621 -1 -1 -1 -1 -1 -1 -1 -1 -1
0.5026325583457947 0.27017226815223694 0.999214768409729 -1 -1 -1 -1 -1 -1 -1 -1 -1
0.5001614689826965 0.26828843355178833 0.9993919134140015 -1 -1 -1 -1 -1 -1 -1 -1 -1
0.48367512226104736 0.30728021264076233 0.9994608759880066 -1 -1 -1 -1 -1 -1 -1 -1 -1
0.4686991572380066 0.2786995768547058 0.9999222755432129 -1 -1 -1 -1 -1 -1 -1 -1 -1
0.5015132427215576 0.36635518074035645 0.08933549374341965 -1 -1 -1 -1 -1 -1 -1 -1 -1
0.47201937437057495 0.20507243275642395 0.9960378408432007 -1 -1 -1 -1 -1 -1 -1 -1 -1
0.513681948184967 0.4004479646682739 0.24256721138954163 -1 -1 -1 -1 -1 -1 -1 -1 -1
0.47020161151885986 0.13582277297973633 0.9958147406578064 -1 -1 -1 -1 -1 -1 -1 -1 -1
0.5166156888008118 0.4115893542766571 0.2730076313018799 -1 -1 -1 -1 -1 -1 -1 -1 -1
0.4692140221595764 0.11544913053512573 0.9894534349441528 -1 -1 -1 -1 -1 -1 -1 -1 -1
0.5174442529678345 0.4065372347831726 0.29014962911605835 -1 -1 -1 -1 -1 -1 -1 -1 -1
0.4698317348957062 0.11210742592811584 0.9882552623748779 -1 -1 -1 -1 -1 -1 -1 -1 -1
0.5162729620933533 0.4022867977619171 0.3063760995864868 -1 -1 -1 -1 -1 -1 -1 -1 -1
0.47040581703186035 0.11884835362434387 0.9843282699584961 -1 -1 -1 -1 -1 -1 -1 -1 -1
0.4835779070854187 0.48517289757728577 0.9999276399612427 -1 -1 -1 -1 -1 -1 -1 -1 -1
0.4762185215950012 0.47935765981674194 0.9999382495880127 -1 -1 -1 -1 -1 -1 -1 -1 -1
0.5217500329017639 0.5904419422149658 0.6191717982292175 -1 -1 -1 -1 -1 -1 -1 -1 -1
0.524168848991394 0.5502554178237915 0.9885022640228271 -1 -1 -1 -1 -1 -1 -1 -1 -1
0.4554481506347656 0.654909610748291 0.8559820652008057 -1 -1 -1 -1 -1 -1 -1 -1 -1
0.46821489930152893 0.6483838558197021 0.9944905042648315 -1 -1 -1 -1 -1 -1 -1 -1 -1
0.44717666506767273 0.6531491279602051 0.849831759929657 -1 -1 -1 -1 -1 -1 -1 -1 -1
0.4560880661010742 0.6480139493942261 0.9815188646316528 -1 -1 -1 -1 -1 -1 -1 -1 -1
0.4517529308795929 0.7007978558540344 0.9101740121841431 -1 -1 -1 -1 -1 -1 -1 -1 -1
0.4815697968006134 0.7026328444480896 0.9924824833869934 -1 -1 -1 -1 -1 -1 -1 -1 -1
1 
33 
-1 -1 -1 -1 -1 -1 -1 -1 -1 -1
0.5093743205070496 0.258278489112854 0.9998620748519897 -1 -1 -1 -1 -1 -1 -1 -1 -1
0.508010983467102 0.24656958878040314 0.9998210072517395 -1 -1 -1 -1 -1 -1 -1 -1 -1
0.5075728297233582 0.24645453691482544 0.9996998310089111 -1 -1 -1 -1 -1 -1 -1 -1 -1
0.5070276260375977 0.24633461236953735 0.9998445510864258 -1 -1 -1 -1 -1 -1 -1 -1 -1
0.5062881708145142 0.2447221577167511 0.9998441934585571 -1 -1 -1 -1 -1 -1 -1 -1 -1
0.5047945976257324 0.24348202347755432 0.999817430973053 -1 -1 -1 -1 -1 -1 -1 -1 -1
0.5032520890235901 0.24224591255187988 0.9998551607131958 -1 -1 -1 -1 -1 -1 -1 -1 -1
0.49758180975914 0.24707624316215515 0.9995759129524231 -1 -1 -1 -1 -1 -1 -1 -1 -1
0.49376291036605835 0.24195978045463562 0.9997963309288025 -1 -1 -1 -1 -1 -1 -1 -1 -1
0.5047965049743652 0.26675018668174744 0.9988304972648621 -1 -1 -1 -1 -1 -1 -1 -1 -1
0.5026134848594666 0.26440131664276123 0.9990267753601074 -1 -1 -1 -1 -1 -1 -1 -1 -1
0.4848943054676056 0.305656373500824 0.9995729327201843 -1 -1 -1 -1 -1 -1 -1 -1 -1
0.4662148356437683 0.2714688777923584 0.9999481439590454 -1 -1 -1 -1 -1 -1 -1 -1 -1
0.4839319586753845 0.39126840233802795 0.14052851498126984 -1 -1 -1 -1 -1 -1 -1 -1 -1
0.47998562455177307 0.19507497549057007 0.9995033740997314 -1 -1 -1 -1 -1 -1 -1 -1 -1
0.5144896507263184 0.44801148772239685 0.37407994270324707 -1 -1 -1 -1 -1 -1 -1 -1 -1
0.4849216341972351 0.11221858859062195 0.9991287589073181 -1 -1 -1 -1 -1 -1 -1 -1 -1
0.5177758932113647 0.4597243070602417 0.3681475520133972 -1 -1 -1 -1 -1 -1 -1 -1 -1
0.4871375858783722 0.09494921565055847 0.9962081909179688 -1 -1 -1 -1 -1 -1 -1 -1 -1
0.5208504796028137 0.45814600586891174 0.38863885402679443 -1 -1 -1 -1 -1 -1 -1 -1 -1
0.48742836713790894 0.09055116772651672 0.995400607585907 -1 -1 -1 -1 -1 -1 -1 -1 -1
0.5184838175773621 0.4580078721046448 0.4064734876155853 -1 -1 -1 -1 -1 -1 -1 -1 -1
0.48680099844932556 0.09530064463615417 0.9934269189834595 -1 -1 -1 -1 -1 -1 -1 -1 -1
0.4855007827281952 0.4793047606945038 0.9998524188995361 -1 -1 -1 -1 -1 -1 -1 -1 -1
0.4776853024959564 0.4730643033981323 0.9998805522918701 -1 -1 -1 -1 -1 -1 -1 -1 -1
0.5103911757469177 0.5641418695449829 0.6351954340934753 -1 -1 -1 -1 -1 -1 -1 -1 -1
0.5149903893470764 0.5562949776649475 0.9919958114624023 -1 -1 -1 -1 -1 -1 -1 -1 -1
0.46214163303375244 0.6693305969238281 0.8454520106315613 -1 -1 -1 -1 -1 -1 -1 -1 -1
0.44842684268951416 0.6658929586410522 0.9949306845664978 -1 -1 -1 -1 -1 -1 -1 -1 -1
0.4481082260608673 0.6736180782318115 0.8155877590179443 -1 -1 -1 -1 -1 -1 -1 -1 -1
0.4390751123428345 0.6664530038833618 0.9819973111152649 -1 -1 -1 -1 -1 -1 -1 -1 -1
0.4713244140148163 0.7199524641036987 0.9275055527687073 -1 -1 -1 -1 -1 -1 -1 -1 -1
0.4528883397579193 0.724501371383667 0.9951802492141724 -1 -1 -1 -1 -1 -1 -1 -1 -1
1 
33 
-1 -1 -1 -1 -1 -1 -1 -1 -1 -1
0.5120002031326294 0.25077685713768005 0.9909017086029053 -1 -1 -1 -1 -1 -1 -1 -1 -1
0.5110200047492981 0.24004119634628296 0.9825569987297058 -1 -1 -1 -1 -1 -1 -1 -1 -1
0.5106164216995239 0.23969051241874695 0.9760704636573792 -1 -1 -1 -1 -1 -1 -1 -1 -1
0.5101291537284851 0.2393188178539276 0.9830484390258789 -1 -1 -1 -1 -1 -1 -1 -1 -1
0.5094292163848877 0.2389279305934906 0.9857518076896667 -1 -1 -1 -1 -1 -1 -1 -1 -1
0.5080960988998413 0.23778146505355835 0.9850786924362183 -1 -1 -1 -1 -1 -1 -1 -1 -1
0.5068214535713196 0.23680350184440613 0.9872313141822815 -1 -1 -1 -1 -1 -1 -1 -1 -1
0.5008363127708435 0.24020496010780334 0.9745254516601562 -1 -1 -1 -1 -1 -1 -1 -1 -1
0.49859800934791565 0.2386731207370758 0.9797257781028748 -1 -1 -1 -1 -1 -1 -1 -1 -1
0.5077928304672241 0.2590307295322418 0.9607317447662354 -1 -1 -1 -1 -1 -1 -1 -1 -1
0.5057823657989502 0.25793707370758057 0.9645779132843018 -1 -1 -1 -1 -1 -1 -1 -1 -1
0.4823654294013977 0.28170067071914673 0.9925259351730347 -1 -1 -1 -1 -1 -1 -1 -1 -1
0.47313159704208374 0.2716020345687866 0.998813271522522 -1 -1 -1 -1 -1 -1 -1 -1 -1
0.503624439239502 0.2908641993999481 0.04954810440540314 -1 -1 -1 -1 -1 -1 -1 -1 -1
0.48714545369148254 0.18239763379096985 0.9958454966545105 -1 -1 -1 -1 -1 -1 -1 -1 -1
0.5179760456085205 0.28359752893447876 0.11498115956783295 -1 -1 -1 -1 -1 -1 -1 -1 -1
0.4983740746974945 0.09031480550765991 0.9926482439041138 -1 -1 -1 -1 -1 -1 -1 -1 -1
0.5215230584144592 0.2849885821342468 0.1425541341304779 -1 -1 -1 -1 -1 -1 -1 -1 -1
0.5013779997825623 0.073140949010849 0.9831021428108215 -1 -1 -1 -1 -1 -1 -1 -1 -1
0.5220674872398376 0.27903878688812256 0.1528242528438568 -1 -1 -1 -1 -1 -1 -1 -1 -1
0.5016939640045166 0.07043719291687012 0.9798550009727478 -1 -1 -1 -1 -1 -1 -1 -1 -1
0.5208171606063843 0.27916985750198364 0.17543551325798035 -1 -1 -1 -1 -1 -1 -1 -1 -1
0.5006471276283264 0.07600384950637817 0.972217321395874 -1 -1 -1 -1 -1 -1 -1 -1 -1
0.4835188388824463 0.4768925905227661 0.9968658089637756 -1 -1 -1 -1 -1 -1 -1 -1 -1
0.4780973196029663 0.4818708598613739 0.9980972409248352 -1 -1 -1 -1 -1 -1 -1 -1 -1
0.5036261677742004 0.5620720982551575 0.35121145844459534 -1 -1 -1 -1 -1 -1 -1 -1 -1
0.5161827802658081 0.5679513812065125 0.9879059791564941 -1 -1 -1 -1 -1 -1 -1 -1 -1
0.4632090926170349 0.6757872104644775 0.6459943056106567 -1 -1 -1 -1 -1 -1 -1 -1 -1
0.46866369247436523 0.6861903667449951 0.987433135509491 -1 -1 -1 -1 -1 -1 -1 -1 -1
0.4489186108112335 0.690247654914856 0.6722897887229919 -1 -1 -1 -1 -1 -1 -1 -1 -1
0.4525874853134155 0.6970113515853882 0.9760310053825378 -1 -1 -1 -1 -1 -1 -1 -1 -1
0.487744003534317 0.7341931462287903 0.7494406700134277 -1 -1 -1 -1 -1 -1 -1 -1 -1
0.48268625140190125 0.7432278394699097 0.9801314473152161 -1 -1 -1 -1 -1 -1 -1 -1 -1
1 
33 
-1 -1 -1 -1 -1 -1 -1 -1 -1 -1
0.5151774287223816 0.25550413131713867 0.9982393980026245 -1 -1 -1 -1 -1 -1 -1 -1 -1
0.5158781409263611 0.24468731880187988 0.99693763256073 -1 -1 -1 -1 -1 -1 -1 -1 -1
0.5158138871192932 0.24460658431053162 0.9957159161567688 -1 -1 -1 -1 -1 -1 -1 -1 -1
0.5156586170196533 0.24452343583106995 0.9967359900474548 -1 -1 -1 -1 -1 -1 -1 -1 -1
0.5139672160148621 0.24267739057540894 0.9975743889808655 -1 -1 -1 -1 -1 -1 -1 -1 -1
0.5126878023147583 0.24111667275428772 0.9975515007972717 -1 -1 -1 -1 -1 -1 -1 -1 -1
0.5113514065742493 0.2395491600036621 0.9979860782623291 -1 -1 -1 -1 -1 -1 -1 -1 -1
0.5078690052032471 0.2441495656967163 0.9949795603752136 -1 -1 -1 -1 -1 -1 -1 -1 -1
0.5032004714012146 0.23952677845954895 0.9974073767662048 -1 -1 -1 -1 -1 -1 -1 -1 -1
0.511250376701355 0.2627694010734558 0.9937752485275269 -1 -1 -1 -1 -1 -1 -1 -1 -1
0.5087167024612427 0.26079702377319336 0.9954833984375 -1 -1 -1 -1 -1 -1 -1 -1 -1
0.4881533682346344 0.2814781665802002 0.9947085380554199 -1 -1 -1 -1 -1 -1 -1 -1 -1
0.47548121213912964 0.2636108994483948 0.9994788765907288 -1 -1 -1 -1 -1 -1 -1 -1 -1
0.5013866424560547 0.1998024880886078 0.1802540123462677 -1 -1 -1 -1 -1 -1 -1 -1 -1
0.49290385842323303 0.1810312569141388 0.9950190782546997 -1 -1 -1 -1 -1 -1 -1 -1 -1
0.5114222168922424 0.11342728137969971 0.3779776692390442 -1 -1 -1 -1 -1 -1 -1 -1 -1
0.5061841607093811 0.08853363990783691 0.9923040270805359 -1 -1 -1 -1 -1 -1 -1 -1 -1
0.5140438079833984 0.09579384326934814 0.4158259332180023 -1 -1 -1 -1 -1 -1 -1 -1 -1
0.5099518895149231 0.07146057486534119 0.9867318272590637 -1 -1 -1 -1 -1 -1 -1 -1 -1
0.5151488184928894 0.08963057398796082 0.4168238341808319 -1 -1 -1 -1 -1 -1 -1 -1 -1
0.5117154121398926 0.06783944368362427 0.9834355711936951 -1 -1 -1 -1 -1 -1 -1 -1 -1
0.5142671465873718 0.0946601927280426 0.4415930211544037 -1 -1 -1 -1 -1 -1 -1 -1 -1
0.510943591594696 0.07233259081840515 0.9744880199432373 -1 -1 -1 -1 -1 -1 -1 -1 -1
0.47965139150619507 0.4721020758152008 0.9981186985969543 -1 -1 -1 -1 -1 -1 -1 -1 -1
0.4751646816730499 0.4716041386127472 0.9987112283706665 -1 -1 -1 -1 -1 -1 -1 -1 -1
0.5064086318016052 0.5730286836624146 0.2144652158021927 -1 -1 -1 -1 -1 -1 -1 -1 -1
0.5169425010681152 0.574816107749939 0.9856758117675781 -1 -1 -1 -1 -1 -1 -1 -1 -1
0.4823504388332367 0.7039462924003601 0.41441047191619873 -1 -1 -1 -1 -1 -1 -1 -1 -1
0.486701101064682 0.7131469249725342 0.974753201007843 -1 -1 -1 -1 -1 -1 -1 -1 -1
0.4653462767601013 0.7193525433540344 0.5524721145629883 -1 -1 -1 -1 -1 -1 -1 -1 -1
0.4687460958957672 0.7278841137886047 0.9641473293304443 -1 -1 -1 -1 -1 -1 -1 -1 -1
0.5120725631713867 0.7459046840667725 0.5659260153770447 -1 -1 -1 -1 -1 -1 -1 -1 -1
0.51524817943573 0.7546725273132324 0.9541094899177551 -1 -1 -1 -1 -1 -1 -1 -1 -1
1 
33 
-1 -1 -1 -1 -1 -1 -1 -1 -1 -1
0.5168850421905518 0.27240243554115295 0.9947039484977722 -1 -1 -1 -1 -1 -1 -1 -1 -1
0.5168055891990662 0.2598809599876404 0.9914242625236511 -1 -1 -1 -1 -1 -1 -1 -1 -1
0.5166007280349731 0.25920137763023376 0.988041877746582 -1 -1 -1 -1 -1 -1 -1 -1 -1
0.5162919759750366 0.25856804847717285 0.9909508228302002 -1 -1 -1 -1 -1 -1 -1 -1 -1
0.5151024460792542 0.2584702670574188 0.994186282157898 -1 -1 -1 -1 -1 -1 -1 -1 -1
0.5136834979057312 0.25684356689453125 0.9939216375350952 -1 -1 -1 -1 -1 -1 -1 -1 -1
0.5120835900306702 0.25521647930145264 0.9947922825813293 -1 -1 -1 -1 -1 -1 -1 -1 -1
0.5073975324630737 0.25562113523483276 0.9829264879226685 -1 -1 -1 -1 -1 -1 -1 -1 -1
0.5038159489631653 0.25286608934402466 0.9928770661354065 -1 -1 -1 -1 -1 -1 -1 -1 -1
0.5126228332519531 0.27833425998687744 0.9870794415473938 -1 -1 -1 -1 -1 -1 -1 -1 -1
0.5106968283653259 0.2768365740776062 0.9913712739944458 -1 -1 -1 -1 -1 -1 -1 -1 -1
0.48975884914398193 0.28832197189331055 0.987136721611023 -1 -1 -1 -1 -1 -1 -1 -1 -1
0.4767758548259735 0.27573269605636597 0.9989526271820068 -1 -1 -1 -1 -1 -1 -1 -1 -1
0.5024858713150024 0.20778682827949524 0.1312553435564041 -1 -1 -1 -1 -1 -1 -1 -1 -1
0.49511921405792236 0.19533777236938477 0.9941965341567993 -1 -1 -1 -1 -1 -1 -1 -1 -1
0.5176718831062317 0.13069668412208557 0.33796486258506775 -1 -1 -1 -1 -1 -1 -1 -1 -1
0.5124465823173523 0.11030799150466919 0.9908366203308105 -1 -1 -1 -1 -1 -1 -1 -1 -1
0.5212981700897217 0.11314967274665833 0.38777223229408264 -1 -1 -1 -1 -1 -1 -1 -1 -1
0.5159452557563782 0.08817702531814575 0.9842802286148071 -1 -1 -1 -1 -1 -1 -1 -1 -1
0.5212070345878601 0.10577550530433655 0.38934966921806335 -1 -1 -1 -1 -1 -1 -1 -1 -1
0.516528308391571 0.08191817998886108 0.9799948334693909 -1 -1 -1 -1 -1 -1 -1 -1 -1
0.5198348164558411 0.11115515232086182 0.4127298891544342 -1 -1 -1 -1 -1 -1 -1 -1 -1
0.516048014163971 0.0868372917175293 0.9659309387207031 -1 -1 -1 -1 -1 -1 -1 -1 -1
0.4859571158885956 0.47712963819503784 0.9970707893371582 -1 -1 -1 -1 -1 -1 -1 -1 -1
0.4769069254398346 0.478076696395874 0.9980732202529907 -1 -1 -1 -1 -1 -1 -1 -1 -1
0.514924168586731 0.5860726237297058 0.23554465174674988 -1 -1 -1 -1 -1 -1 -1 -1 -1
0.5149781107902527 0.5838192105293274 0.9837109446525574 -1 -1 -1 -1 -1 -1 -1 -1 -1
0.5032914876937866 0.7168936729431152 0.409020334482193 -1 -1 -1 -1 -1 -1 -1 -1 -1
0.5032219886779785 0.725436270236969 0.9838942885398865 -1 -1 -1 -1 -1 -1 -1 -1 -1
0.49431291222572327 0.7431488633155823 0.5597455501556396 -1 -1 -1 -1 -1 -1 -1 -1 -1
0.4937220513820648 0.7516811490058899 0.978281557559967 -1 -1 -1 -1 -1 -1 -1 -1 -1
0.5349442958831787 0.737491250038147 0.5706586241722107 -1 -1 -1 -1 -1 -1 -1 -1 -1
0.5345675945281982 0.7500914335250854 0.9673019647598267 -1 -1 -1 -1 -1 -1 -1 -1 -1
1 
33 
-1 -1 -1 -1 -1 -1 -1 -1 -1 -1
0.5252232551574707 0.29186931252479553 0.994442880153656 -1 -1 -1 -1 -1 -1 -1 -1 -1
0.5243733525276184 0.2783529758453369 0.9897191524505615 -1 -1 -1 -1 -1 -1 -1 -1 -1
0.5240928530693054 0.27741310000419617 0.9860126376152039 -1 -1 -1 -1 -1 -1 -1 -1 -1
0.5236772298812866 0.2765287160873413 0.9893089532852173 -1 -1 -1 -1 -1 -1 -1 -1 -1
0.5223436951637268 0.27701401710510254 0.9916444420814514 -1 -1 -1 -1 -1 -1 -1 -1 -1
0.520679235458374 0.2751826047897339 0.991134524345398 -1 -1 -1 -1 -1 -1 -1 -1 -1
0.5188557505607605 0.27338552474975586 0.9922114610671997 -1 -1 -1 -1 -1 -1 -1 -1 -1
0.5136594176292419 0.27151864767074585 0.9793878793716431 -1 -1 -1 -1 -1 -1 -1 -1 -1
0.50892573595047 0.26771795749664307 0.9901913404464722 -1 -1 -1 -1 -1 -1 -1 -1 -1
0.5200498104095459 0.29785388708114624 0.9823250770568848 -1 -1 -1 -1 -1 -1 -1 -1 -1
0.517573356628418 0.29528582096099854 0.9874764084815979 -1 -1 -1 -1 -1 -1 -1 -1 -1
0.49353089928627014 0.3049340844154358 0.9900004863739014 -1 -1 -1 -1 -1 -1 -1 -1 -1
0.4816598892211914 0.2917391061782837 0.9989483952522278 -1 -1 -1 -1 -1 -1 -1 -1 -1
0.5000300407409668 0.2272176742553711 0.11411344259977341 -1 -1 -1 -1 -1 -1 -1 -1 -1
0.4950813353061676 0.21245437860488892 0.995552122592926 -1 -1 -1 -1 -1 -1 -1 -1 -1
0.5147724151611328 0.15082040429115295 0.31778502464294434 -1 -1 -1 -1 -1 -1 -1 -1 -1
0.5100573301315308 0.13176816701889038 0.9915008544921875 -1 -1 -1 -1 -1 -1 -1 -1 -1
0.5184038877487183 0.13750293850898743 0.35598209500312805 -1 -1 -1 -1 -1 -1 -1 -1 -1
0.5141359567642212 0.11418300867080688 0.985019326210022 -1 -1 -1 -1 -1 -1 -1 -1 -1
0.5187374949455261 0.13341206312179565 0.3600180745124817 -1 -1 -1 -1 -1 -1 -1 -1 -1
0.5144363641738892 0.11003878712654114 0.9810512065887451 -1 -1 -1 -1 -1 -1 -1 -1 -1
0.5175943374633789 0.13738936185836792 0.39357179403305054 -1 -1 -1 -1 -1 -1 -1 -1 -1
0.5137920379638672 0.11420810222625732 0.9682583808898926 -1 -1 -1 -1 -1 -1 -1 -1 -1
0.4934762716293335 0.49577856063842773 0.9979469180107117 -1 -1 -1 -1 -1 -1 -1 -1 -1
0.47916972637176514 0.49774011969566345 0.9984094500541687 -1 -1 -1 -1 -1 -1 -1 -1 -1
0.5262355208396912 0.6066296696662903 0.34292757511138916 -1 -1 -1 -1 -1 -1 -1 -1 -1
0.5176215171813965 0.6075664758682251 0.986493706703186 -1 -1 -1 -1 -1 -1 -1 -1 -1
0.5177782773971558 0.746647834777832 0.4906117916107178 -1 -1 -1 -1 -1 -1 -1 -1 -1
0.5109285116195679 0.7557905316352844 0.9843893647193909 -1 -1 -1 -1 -1 -1 -1 -1 -1
0.5081501007080078 0.7682204246520996 0.582420825958252 -1 -1 -1 -1 -1 -1 -1 -1 -1
0.500750720500946 0.7773308753967285 0.972143292427063 -1 -1 -1 -1 -1 -1 -1 -1 -1
0.5468464493751526 0.7709288001060486 0.653469443321228 -1 -1 -1 -1 -1 -1 -1 -1 -1
0.5411983132362366 0.7861258387565613 0.9714750051498413 -1 -1 -1 -1 -1 -1 -1 -1 -1
1 
33 
-1 -1 -1 -1 -1 -1 -1 -1 -1 -1
0.5289357900619507 0.3167203962802887 0.9940506815910339 -1 -1 -1 -1 -1 -1 -1 -1 -1
0.5281230807304382 0.3015066981315613 0.9892183542251587 -1 -1 -1 -1 -1 -1 -1 -1 -1
0.5277142524719238 0.30046433210372925 0.9857514500617981 -1 -1 -1 -1 -1 -1 -1 -1 -1
0.5271915197372437 0.2994537949562073 0.9896571040153503 -1 -1 -1 -1 -1 -1 -1 -1 -1
0.5264864563941956 0.30019450187683105 0.9902895092964172 -1 -1 -1 -1 -1 -1 -1 -1 -1
0.5249671339988708 0.2983779311180115 0.9900180697441101 -1 -1 -1 -1 -1 -1 -1 -1 -1
0.5230987071990967 0.29651087522506714 0.9916610717773438 -1 -1 -1 -1 -1 -1 -1 -1 -1
0.5163988471031189 0.2949399948120117 0.9826292991638184 -1 -1 -1 -1 -1 -1 -1 -1 -1
0.5123928785324097 0.2917839288711548 0.9891589283943176 -1 -1 -1 -1 -1 -1 -1 -1 -1
0.5236760377883911 0.3240431547164917 0.9779415130615234 -1 -1 -1 -1 -1 -1 -1 -1 -1
0.5213690400123596 0.3223797082901001 0.9835678339004517 -1 -1 -1 -1 -1 -1 -1 -1 -1
0.4973854720592499 0.33416417241096497 0.9883009791374207 -1 -1 -1 -1 -1 -1 -1 -1 -1
0.4857349395751953 0.31707510352134705 0.9988051652908325 -1 -1 -1 -1 -1 -1 -1 -1 -1
0.5027199387550354 0.26159942150115967 0.08580996096134186 -1 -1 -1 -1 -1 -1 -1 -1 -1
0.498283714056015 0.23952344059944153 0.9929227828979492 -1 -1 -1 -1 -1 -1 -1 -1 -1
0.5079460740089417 0.1865403950214386 0.17573143541812897 -1 -1 -1 -1 -1 -1 -1 -1 -1
0.5033412575721741 0.16386619210243225 0.9844197630882263 -1 -1 -1 -1 -1 -1 -1 -1 -1
0.5069142580032349 0.1714162826538086 0.20740705728530884 -1 -1 -1 -1 -1 -1 -1 -1 -1
0.5036265850067139 0.15213438868522644 0.9748244285583496 -1 -1 -1 -1 -1 -1 -1 -1 -1
0.5060766339302063 0.1695634424686432 0.2086254060268402 -1 -1 -1 -1 -1 -1 -1 -1 -1
0.5031101107597351 0.14924296736717224 0.9688186049461365 -1 -1 -1 -1 -1 -1 -1 -1 -1
0.5059912800788879 0.17399907112121582 0.2416934072971344 -1 -1 -1 -1 -1 -1 -1 -1 -1
0.5027713179588318 0.15293261408805847 0.9525309801101685 -1 -1 -1 -1 -1 -1 -1 -1 -1
0.4945732355117798 0.5151442885398865 0.996264636516571 -1 -1 -1 -1 -1 -1 -1 -1 -1
0.48250749707221985 0.5168247818946838 0.997161865234375 -1 -1 -1 -1 -1 -1 -1 -1 -1
0.5244649648666382 0.6262984871864319 0.16853591799736023 -1 -1 -1 -1 -1 -1 -1 -1 -1
0.52251136302948 0.6250694394111633 0.9650424122810364 -1 -1 -1 -1 -1 -1 -1 -1 -1
0.5103719830513 0.759835958480835 0.22469696402549744 -1 -1 -1 -1 -1 -1 -1 -1 -1
0.5069539546966553 0.7699447870254517 0.9378119707107544 -1 -1 -1 -1 -1 -1 -1 -1 -1
0.4992237687110901 0.7812531590461731 0.33818984031677246 -1 -1 -1 -1 -1 -1 -1 -1 -1
0.49549975991249084 0.7898610830307007 0.923011064529419 -1 -1 -1 -1 -1 -1 -1 -1 -1
0.5462634563446045 0.775481641292572 0.37255123257637024 -1 -1 -1 -1 -1 -1 -1 -1 -1
0.5408547520637512 0.8021447062492371 0.8985514640808105 -1 -1 -1 -1 -1 -1 -1 -1 -1
1 
33 
-1 -1 -1 -1 -1 -1 -1 -1 -1 -1
0.529293417930603 0.33026498556137085 0.9996614456176758 -1 -1 -1 -1 -1 -1 -1 -1 -1
0.5290693044662476 0.31774187088012695 0.9993495345115662 -1 -1 -1 -1 -1 -1 -1 -1 -1
0.5286263823509216 0.3173208236694336 0.9990406632423401 -1 -1 -1 -1 -1 -1 -1 -1 -1
0.5280206203460693 0.3167169690132141 0.999419093132019 -1 -1 -1 -1 -1 -1 -1 -1 -1
0.5276066660881042 0.31572604179382324 0.9992988109588623 -1 -1 -1 -1 -1 -1 -1 -1 -1
0.5262445211410522 0.3141651451587677 0.9992402791976929 -1 -1 -1 -1 -1 -1 -1 -1 -1
0.524651288986206 0.312583327293396 0.9993877410888672 -1 -1 -1 -1 -1 -1 -1 -1 -1
0.5172834396362305 0.3138187527656555 0.9989057779312134 -1 -1 -1 -1 -1 -1 -1 -1 -1
0.5139153003692627 0.31080085039138794 0.999483585357666 -1 -1 -1 -1 -1 -1 -1 -1 -1
0.5243740081787109 0.33926159143447876 0.9986302852630615 -1 -1 -1 -1 -1 -1 -1 -1 -1
0.5222542881965637 0.33665141463279724 0.9984762072563171 -1 -1 -1 -1 -1 -1 -1 -1 -1
0.49897149205207825 0.3546086549758911 0.9993054866790771 -1 -1 -1 -1 -1 -1 -1 -1 -1
0.48912718892097473 0.3386061191558838 0.9998223185539246 -1 -1 -1 -1 -1 -1 -1 -1 -1
0.5138005018234253 0.2785837948322296 0.15797099471092224 -1 -1 -1 -1 -1 -1 -1 -1 -1
0.5110790729522705 0.26381587982177734 0.9952148199081421 -1 -1 -1 -1 -1 -1 -1 -1 -1
0.5130192041397095 0.2059507966041565 0.2020060420036316 -1 -1 -1 -1 -1 -1 -1 -1 -1
0.5083856582641602 0.1842992603778839 0.9877996444702148 -1 -1 -1 -1 -1 -1 -1 -1 -1
0.5089941024780273 0.19876781105995178 0.1961781084537506 -1 -1 -1 -1 -1 -1 -1 -1 -1
0.503221869468689 0.17284390330314636 0.982357382774353 -1 -1 -1 -1 -1 -1 -1 -1 -1
0.5061526298522949 0.1950187385082245 0.196673184633255 -1 -1 -1 -1 -1 -1 -1 -1 -1
0.5004124045372009 0.17196035385131836 0.978259801864624 -1 -1 -1 -1 -1 -1 -1 -1 -1
0.5070345997810364 0.1971638798713684 0.23302589356899261 -1 -1 -1 -1 -1 -1 -1 -1 -1
0.5020212531089783 0.17743563652038574 0.9677215218544006 -1 -1 -1 -1 -1 -1 -1 -1 -1
0.4920206367969513 0.5322493314743042 0.9995980858802795 -1 -1 -1 -1 -1 -1 -1 -1 -1
0.4848901629447937 0.5334449410438538 0.9993366599082947 -1 -1 -1 -1 -1 -1 -1 -1 -1
0.5151371359825134 0.6589619517326355 0.3179016411304474 -1 -1 -1 -1 -1 -1 -1 -1 -1
0.5211530327796936 0.6418958902359009 0.9772167205810547 -1 -1 -1 -1 -1 -1 -1 -1 -1
0.5336664319038391 0.8006212711334229 0.4826028645038605 -1 -1 -1 -1 -1 -1 -1 -1 -1
0.48922133445739746 0.7692750692367554 0.9181843996047974 -1 -1 -1 -1 -1 -1 -1 -1 -1
0.5266793966293335 0.8257664442062378 0.48829004168510437 -1 -1 -1 -1 -1 -1 -1 -1 -1
0.47599032521247864 0.7832614183425903 0.884559154510498 -1 -1 -1 -1 -1 -1 -1 -1 -1
0.5690281987190247 0.8299073576927185 0.6316621899604797 -1 -1 -1 -1 -1 -1 -1 -1 -1
0.5124167203903198 0.8310650587081909 0.8935478925704956 -1 -1 -1 -1 -1 -1 -1 -1 -1
1 
33 
-1 -1 -1 -1 -1 -1 -1 -1 -1 -1
0.5333042144775391 0.33003878593444824 0.9892812967300415 -1 -1 -1 -1 -1 -1 -1 -1 -1
0.5331685543060303 0.31790655851364136 0.983738899230957 -1 -1 -1 -1 -1 -1 -1 -1 -1
0.5326206088066101 0.3172541558742523 0.9760702252388 -1 -1 -1 -1 -1 -1 -1 -1 -1
0.5318591594696045 0.31629377603530884 0.9852412343025208 -1 -1 -1 -1 -1 -1 -1 -1 -1
0.532158374786377 0.3163590431213379 0.986672043800354 -1 -1 -1 -1 -1 -1 -1 -1 -1
0.5310223698616028 0.31488969922065735 0.9844397306442261 -1 -1 -1 -1 -1 -1 -1 -1 -1
0.5296231508255005 0.3133159279823303 0.9873360991477966 -1 -1 -1 -1 -1 -1 -1 -1 -1
0.5212311744689941 0.31048500537872314 0.9665796160697937 -1 -1 -1 -1 -1 -1 -1 -1 -1
0.5193070769309998 0.3086159825325012 0.982255220413208 -1 -1 -1 -1 -1 -1 -1 -1 -1
0.5285134315490723 0.33628273010253906 0.9725655913352966 -1 -1 -1 -1 -1 -1 -1 -1 -1
0.5272514224052429 0.3350713551044464 0.9731666445732117 -1 -1 -1 -1 -1 -1 -1 -1 -1
0.501919150352478 0.33815908432006836 0.9876212477684021 -1 -1 -1 -1 -1 -1 -1 -1 -1
0.49878618121147156 0.3280046582221985 0.9978929162025452 -1 -1 -1 -1 -1 -1 -1 -1 -1
0.5290377736091614 0.2672639787197113 0.07600406557321548 -1 -1 -1 -1 -1 -1 -1 -1 -1
0.5292733907699585 0.25870609283447266 0.9866934418678284 -1 -1 -1 -1 -1 -1 -1 -1 -1
0.546551525592804 0.19729045033454895 0.20109179615974426 -1 -1 -1 -1 -1 -1 -1 -1 -1
0.5460996031761169 0.18175974488258362 0.9769614338874817 -1 -1 -1 -1 -1 -1 -1 -1 -1
0.5460625290870667 0.18331173062324524 0.253249853849411 -1 -1 -1 -1 -1 -1 -1 -1 -1
0.5469100475311279 0.16581344604492188 0.9680440425872803 -1 -1 -1 -1 -1 -1 -1 -1 -1
0.5442456007003784 0.18070533871650696 0.25510793924331665 -1 -1 -1 -1 -1 -1 -1 -1 -1
0.5452216863632202 0.16439726948738098 0.9607428312301636 -1 -1 -1 -1 -1 -1 -1 -1 -1
0.5445417761802673 0.1845504641532898 0.29067668318748474 -1 -1 -1 -1 -1 -1 -1 -1 -1
0.5450794100761414 0.1706313192844391 0.9380170702934265 -1 -1 -1 -1 -1 -1 -1 -1 -1
0.48478612303733826 0.5254401564598083 0.997031569480896 -1 -1 -1 -1 -1 -1 -1 -1 -1
0.48276835680007935 0.5280782580375671 0.9969616532325745 -1 -1 -1 -1 -1 -1 -1 -1 -1
0.4996298849582672 0.6548423171043396 0.10216647386550903 -1 -1 -1 -1 -1 -1 -1 -1 -1
0.500780463218689 0.6498144865036011 0.9366052746772766 -1 -1 -1 -1 -1 -1 -1 -1 -1
0.47519853711128235 0.7591585516929626 0.1619548201560974 -1 -1 -1 -1 -1 -1 -1 -1 -1
0.47220349311828613 0.7722412347793579 0.9200264811515808 -1 -1 -1 -1 -1 -1 -1 -1 -1
0.4645421504974365 0.7816222906112671 0.28151774406433105 -1 -1 -1 -1 -1 -1 -1 -1 -1
0.4596000611782074 0.7853411436080933 0.925505518913269 -1 -1 -1 -1 -1 -1 -1 -1 -1
0.5156332850456238 0.8168370723724365 0.2756236791610718 -1 -1 -1 -1 -1 -1 -1 -1 -1
0.49844956398010254 0.8324481248855591 0.8743702173233032 -1 -1 -1 -1 -1 -1 -1 -1 -1
1 
33 
-1 -1 -1 -1 -1 -1 -1 -1 -1 -1
0.5381496548652649 0.3095606863498688 0.9971062541007996 -1 -1 -1 -1 -1 -1 -1 -1 -1
0.5386859774589539 0.29457080364227295 0.9959119558334351 -1 -1 -1 -1 -1 -1 -1 -1 -1
0.5381218194961548 0.29360008239746094 0.9939525723457336 -1 -1 -1 -1 -1 -1 -1 -1 -1
0.5375018119812012 0.29270902276039124 0.9962859153747559 -1 -1 -1 -1 -1 -1 -1 -1 -1
0.5383105278015137 0.29410988092422485 0.9975317716598511 -1 -1 -1 -1 -1 -1 -1 -1 -1
0.5375409126281738 0.2928078770637512 0.9968756437301636 -1 -1 -1 -1 -1 -1 -1 -1 -1
0.536663293838501 0.29139041900634766 0.9976063966751099 -1 -1 -1 -1 -1 -1 -1 -1 -1
0.5286738276481628 0.2883404493331909 0.9909058809280396 -1 -1 -1 -1 -1 -1 -1 -1 -1
0.5285148620605469 0.2868058979511261 0.9963372945785522 -1 -1 -1 -1 -1 -1 -1 -1 -1
0.5330472588539124 0.31574511528015137 0.9942383766174316 -1 -1 -1 -1 -1 -1 -1 -1 -1
0.532630980014801 0.3148212432861328 0.9951696991920471 -1 -1 -1 -1 -1 -1 -1 -1 -1
0.5066628456115723 0.31629446148872375 0.9932895302772522 -1 -1 -1 -1 -1 -1 -1 -1 -1
0.5079814195632935 0.3051169514656067 0.9991121888160706 -1 -1 -1 -1 -1 -1 -1 -1 -1
0.5473251938819885 0.2799452543258667 0.18299546837806702 -1 -1 -1 -1 -1 -1 -1 -1 -1
0.5520844459533691 0.26595449447631836 0.996436595916748 -1 -1 -1 -1 -1 -1 -1 -1 -1
0.5912177562713623 0.23012056946754456 0.41358911991119385 -1 -1 -1 -1 -1 -1 -1 -1 -1
0.5964487195014954 0.21855399012565613 0.9860684871673584 -1 -1 -1 -1 -1 -1 -1 -1 -1
0.6010779142379761 0.21999791264533997 0.4558335840702057 -1 -1 -1 -1 -1 -1 -1 -1 -1
0.6071559190750122 0.211686909198761 0.9742026925086975 -1 -1 -1 -1 -1 -1 -1 -1 -1
0.6012657284736633 0.21363598108291626 0.4716082513332367 -1 -1 -1 -1 -1 -1 -1 -1 -1
0.6076929569244385 0.2038821578025818 0.9687016010284424 -1 -1 -1 -1 -1 -1 -1 -1 -1
0.5983151197433472 0.21671706438064575 0.5024611949920654 -1 -1 -1 -1 -1 -1 -1 -1 -1
0.6039655208587646 0.20634415745735168 0.9419863820075989 -1 -1 -1 -1 -1 -1 -1 -1 -1
0.46600767970085144 0.49594083428382874 0.9982699155807495 -1 -1 -1 -1 -1 -1 -1 -1 -1
0.467693030834198 0.4969649910926819 0.998213529586792 -1 -1 -1 -1 -1 -1 -1 -1 -1
0.4669055938720703 0.6269199848175049 0.17715497314929962 -1 -1 -1 -1 -1 -1 -1 -1 -1
0.4730173349380493 0.6205529570579529 0.9733828902244568 -1 -1 -1 -1 -1 -1 -1 -1 -1
0.45552319288253784 0.7476902008056641 0.31289568543434143 -1 -1 -1 -1 -1 -1 -1 -1 -1
0.45703527331352234 0.7579339742660522 0.9836946725845337 -1 -1 -1 -1 -1 -1 -1 -1 -1
0.44701409339904785 0.7687082290649414 0.4734703004360199 -1 -1 -1 -1 -1 -1 -1 -1 -1
0.4487564265727997 0.7767249345779419 0.980838418006897 -1 -1 -1 -1 -1 -1 -1 -1 -1
0.4807269275188446 0.7883983850479126 0.5026137828826904 -1 -1 -1 -1 -1 -1 -1 -1 -1
0.4827606976032257 0.801544189453125 0.9723187685012817 -1 -1 -1 -1 -1 -1 -1 -1 -1
1 
33 
-1 -1 -1 -1 -1 -1 -1 -1 -1 -1
0.5398897528648376 0.3155381679534912 0.9852278232574463 -1 -1 -1 -1 -1 -1 -1 -1 -1
0.5430442094802856 0.3050476610660553 0.9791831374168396 -1 -1 -1 -1 -1 -1 -1 -1 -1
0.5426485538482666 0.30392584204673767 0.9732016324996948 -1 -1 -1 -1 -1 -1 -1 -1 -1
0.5421640872955322 0.3027687072753906 0.9828885793685913 -1 -1 -1 -1 -1 -1 -1 -1 -1
0.542698323726654 0.3041839301586151 0.9866116046905518 -1 -1 -1 -1 -1 -1 -1 -1 -1
0.5421497821807861 0.3025328516960144 0.9831538796424866 -1 -1 -1 -1 -1 -1 -1 -1 -1
0.5415101051330566 0.30072349309921265 0.9864187836647034 -1 -1 -1 -1 -1 -1 -1 -1 -1
0.5356420278549194 0.2950736880302429 0.9563688635826111 -1 -1 -1 -1 -1 -1 -1 -1 -1
0.5343359708786011 0.29175683856010437 0.9785251021385193 -1 -1 -1 -1 -1 -1 -1 -1 -1
0.5344246029853821 0.31631845235824585 0.9765946269035339 -1 -1 -1 -1 -1 -1 -1 -1 -1
0.5343765020370483 0.3146621286869049 0.9772221446037292 -1 -1 -1 -1 -1 -1 -1 -1 -1
0.5149142146110535 0.30817341804504395 0.9902764558792114 -1 -1 -1 -1 -1 -1 -1 -1 -1
0.5092203617095947 0.2985905408859253 0.9971603155136108 -1 -1 -1 -1 -1 -1 -1 -1 -1
0.5677119493484497 0.3135257363319397 0.3999430239200592 -1 -1 -1 -1 -1 -1 -1 -1 -1
0.5634069442749023 0.3008649945259094 0.9823760390281677 -1 -1 -1 -1 -1 -1 -1 -1 -1
0.6168477535247803 0.32614219188690186 0.43259021639823914 -1 -1 -1 -1 -1 -1 -1 -1 -1
0.6153240203857422 0.31924915313720703 0.9189413785934448 -1 -1 -1 -1 -1 -1 -1 -1 -1
0.6274481415748596 0.33338025212287903 0.4002750515937805 -1 -1 -1 -1 -1 -1 -1 -1 -1
0.6263492703437805 0.3323879539966583 0.8626781105995178 -1 -1 -1 -1 -1 -1 -1 -1 -1
0.6283915638923645 0.328227698802948 0.43215540051460266 -1 -1 -1 -1 -1 -1 -1 -1 -1
0.6278713941574097 0.32671546936035156 0.8458775877952576 -1 -1 -1 -1 -1 -1 -1 -1 -1
0.6248149871826172 0.3273342251777649 0.4672892689704895 -1 -1 -1 -1 -1 -1 -1 -1 -1
0.6235986351966858 0.32386720180511475 0.7472023963928223 -1 -1 -1 -1 -1 -1 -1 -1 -1
0.4542222023010254 0.45471009612083435 0.9961218237876892 -1 -1 -1 -1 -1 -1 -1 -1 -1
0.44671469926834106 0.45545509457588196 0.9952259063720703 -1 -1 -1 -1 -1 -1 -1 -1 -1
0.4447063207626343 0.5913518071174622 0.17596061527729034 -1 -1 -1 -1 -1 -1 -1 -1 -1
0.4443298876285553 0.5953899621963501 0.9730736613273621 -1 -1 -1 -1 -1 -1 -1 -1 -1
0.45236605405807495 0.7159337997436523 0.27333712577819824 -1 -1 -1 -1 -1 -1 -1 -1 -1
0.4630037546157837 0.7464946508407593 0.9853781461715698 -1 -1 -1 -1 -1 -1 -1 -1 -1
0.44435447454452515 0.7292673587799072 0.37106674909591675 -1 -1 -1 -1 -1 -1 -1 -1 -1
0.45775023102760315 0.7692475318908691 0.9762102365493774 -1 -1 -1 -1 -1 -1 -1 -1 -1
0.4756782650947571 0.757286787033081 0.4580298662185669 -1 -1 -1 -1 -1 -1 -1 -1 -1
0.49112409353256226 0.7745851278305054 0.9759719967842102 -1 -1 -1 -1 -1 -1 -1 -1 -1
1 
33 
-1 -1 -1 -1 -1 -1 -1 -1 -1 -1
0.5471125245094299 0.34684664011001587 0.8000423312187195 -1 -1 -1 -1 -1 -1 -1 -1 -1
0.5519517660140991 0.3384571671485901 0.771172821521759 -1 -1 -1 -1 -1 -1 -1 -1 -1
0.5518093109130859 0.33654433488845825 0.7495083808898926 -1 -1 -1 -1 -1 -1 -1 -1 -1
0.5516523718833923 0.3342740535736084 0.814952552318573 -1 -1 -1 -1 -1 -1 -1 -1 -1
0.5518104434013367 0.33838629722595215 0.7967590689659119 -1 -1 -1 -1 -1 -1 -1 -1 -1
0.5515940189361572 0.33670780062675476 0.7734929919242859 -1 -1 -1 -1 -1 -1 -1 -1 -1
0.5513830780982971 0.33463335037231445 0.8208919763565063 -1 -1 -1 -1 -1 -1 -1 -1 -1
0.5466946959495544 0.31894582509994507 0.6646614074707031 -1 -1 -1 -1 -1 -1 -1 -1 -1
0.5463045835494995 0.3172200322151184 0.7545165419578552 -1 -1 -1 -1 -1 -1 -1 -1 -1
0.5414079427719116 0.34282198548316956 0.7925562262535095 -1 -1 -1 -1 -1 -1 -1 -1 -1
0.5416948795318604 0.34238380193710327 0.7880042791366577 -1 -1 -1 -1 -1 -1 -1 -1 -1
0.5205048322677612 0.30542129278182983 0.9732803702354431 -1 -1 -1 -1 -1 -1 -1 -1 -1
0.5217668414115906 0.30408811569213867 0.9946045279502869 -1 -1 -1 -1 -1 -1 -1 -1 -1
0.553577721118927 0.3792969286441803 0.1384051889181137 -1 -1 -1 -1 -1 -1 -1 -1 -1
0.5572732090950012 0.3849315047264099 0.9540668725967407 -1 -1 -1 -1 -1 -1 -1 -1 -1
0.5852711200714111 0.45814990997314453 0.19484837353229523 -1 -1 -1 -1 -1 -1 -1 -1 -1
0.589484691619873 0.4490164518356323 0.8971318602561951 -1 -1 -1 -1 -1 -1 -1 -1 -1
0.5951104760169983 0.4606158137321472 0.19933174550533295 -1 -1 -1 -1 -1 -1 -1 -1 -1
0.5953577160835266 0.4654276669025421 0.8633179664611816 -1 -1 -1 -1 -1 -1 -1 -1 -1
0.5960995554924011 0.4588458240032196 0.2138376533985138 -1 -1 -1 -1 -1 -1 -1 -1 -1
0.5966461896896362 0.4616495668888092 0.8521583080291748 -1 -1 -1 -1 -1 -1 -1 -1 -1
0.5922402143478394 0.4572218358516693 0.234918475151062 -1 -1 -1 -1 -1 -1 -1 -1 -1
0.5932754278182983 0.4561282992362976 0.7684075236320496 -1 -1 -1 -1 -1 -1 -1 -1 -1
0.4405355155467987 0.3987385034561157 0.9814964532852173 -1 -1 -1 -1 -1 -1 -1 -1 -1
0.43160176277160645 0.3942766487598419 0.9841461777687073 -1 -1 -1 -1 -1 -1 -1 -1 -1
0.4537771940231323 0.5109285712242126 0.05241507664322853 -1 -1 -1 -1 -1 -1 -1 -1 -1
0.4293826222419739 0.5325818657875061 0.8099604249000549 -1 -1 -1 -1 -1 -1 -1 -1 -1
0.4499109983444214 0.6329163908958435 0.10173502564430237 -1 -1 -1 -1 -1 -1 -1 -1 -1
0.43057534098625183 0.6673580408096313 0.8550843000411987 -1 -1 -1 -1 -1 -1 -1 -1 -1
0.44357115030288696 0.6513273119926453 0.18240056931972504 -1 -1 -1 -1 -1 -1 -1 -1 -1
0.42476704716682434 0.6868786215782166 0.8668696880340576 -1 -1 -1 -1 -1 -1 -1 -1 -1
0.47192656993865967 0.659279465675354 0.20050983130931854 -1 -1 -1 -1 -1 -1 -1 -1 -1
0.45594415068626404 0.7004573345184326 0.8230818510055542 -1 -1 -1 -1 -1 -1 -1 -1 -1
1 
33 
-1 -1 -1 -1 -1 -1 -1 -1 -1 -1
0.4649912714958191 0.34392884373664856 0.9975019097328186 -1 -1 -1 -1 -1 -1 -1 -1 -1
0.46257543563842773 0.3422902822494507 0.9981094598770142 -1 -1 -1 -1 -1 -1 -1 -1 -1
0.4607997238636017 0.34204959869384766 0.9963437914848328 -1 -1 -1 -1 -1 -1 -1 -1 -1
0.4590737819671631 0.3417972922325134 0.9966061115264893 -1 -1 -1 -1 -1 -1 -1 -1 -1
0.46791863441467285 0.34202712774276733 0.9985498785972595 -1 -1 -1 -1 -1 -1 -1 -1 -1
0.4699571132659912 0.34158939123153687 0.9975693821907043 -1 -1 -1 -1 -1 -1 -1 -1 -1
0.4719959497451782 0.3411581516265869 0.9977763295173645 -1 -1 -1 -1 -1 -1 -1 -1 -1
0.45486578345298767 0.3379580080509186 0.9982138872146606 -1 -1 -1 -1 -1 -1 -1 -1 -1
0.47326692938804626 0.3374626040458679 0.9984525442123413 -1 -1 -1 -1 -1 -1 -1 -1 -1
0.4607374966144562 0.34367263317108154 0.9989959597587585 -1 -1 -1 -1 -1 -1 -1 -1 -1
0.46794819831848145 0.3426438570022583 0.9986635446548462 -1 -1 -1 -1 -1 -1 -1 -1 -1
0.43904364109039307 0.3338170647621155 0.9997597336769104 -1 -1 -1 -1 -1 -1 -1 -1 -1
0.47911810874938965 0.3461115062236786 0.9976721405982971 -1 -1 -1 -1 -1 -1 -1 -1 -1
0.46323296427726746 0.42317965626716614 0.9373648166656494 -1 -1 -1 -1 -1 -1 -1 -1 -1
0.48952603340148926 0.4434776306152344 0.8892537355422974 -1 -1 -1 -1 -1 -1 -1 -1 -1
0.4722585678100586 0.5216942429542542 0.9834079146385193 -1 -1 -1 -1 -1 -1 -1 -1 -1
0.4812769889831543 0.5262147784233093 0.9824144244194031 -1 -1 -1 -1 -1 -1 -1 -1 -1
0.4752398133277893 0.5411398410797119 0.9412309527397156 -1 -1 -1 -1 -1 -1 -1 -1 -1
0.4782257676124573 0.5448086857795715 0.9465369582176208 -1 -1 -1 -1 -1 -1 -1 -1 -1
0.47252538800239563 0.540927529335022 0.9439239501953125 -1 -1 -1 -1 -1 -1 -1 -1 -1
0.47787725925445557 0.5416675209999084 0.9470417499542236 -1 -1 -1 -1 -1 -1 -1 -1 -1
0.47360146045684814 0.5348135232925415 0.9217178821563721 -1 -1 -1 -1 -1 -1 -1 -1 -1
0.47761020064353943 0.5355208516120911 0.9190171957015991 -1 -1 -1 -1 -1 -1 -1 -1 -1
0.45266467332839966 0.372927725315094 0.9999598264694214 -1 -1 -1 -1 -1 -1 -1 -1 -1
0.47166767716407776 0.37981030344963074 0.999893069267273 -1 -1 -1 -1 -1 -1 -1 -1 -1
0.4556582570075989 0.42112740874290466 0.7466471195220947 -1 -1 -1 -1 -1 -1 -1 -1 -1
0.5016632080078125 0.39076218008995056 0.31068792939186096 -1 -1 -1 -1 -1 -1 -1 -1 -1
0.45093247294425964 0.5078165531158447 0.8718624711036682 -1 -1 -1 -1 -1 -1 -1 -1 -1
0.5130115747451782 0.4722230136394501 0.40880075097084045 -1 -1 -1 -1 -1 -1 -1 -1 -1
0.4504091739654541 0.5231678485870361 0.7616143226623535 -1 -1 -1 -1 -1 -1 -1 -1 -1
0.5129752159118652 0.4902161955833435 0.17914538085460663 -1 -1 -1 -1 -1 -1 -1 -1 -1
0.4515649676322937 0.5196290016174316 0.6009635925292969 -1 -1 -1 -1 -1 -1 -1 -1 -1
0.523388147354126 0.4745709002017975 0.19620981812477112 -1 -1 -1 -1 -1 -1 -1 -1 -1
1 
33 
-1 -1 -1 -1 -1 -1 -1 -1 -1 -1
0.47374677658081055 0.36641746759414673 0.9999974966049194 -1 -1 -1 -1 -1 -1 -1 -1 -1
0.4739930331707001 0.36676210165023804 0.9999997615814209 -1 -1 -1 -1 -1 -1 -1 -1 -1
0.47396665811538696 0.36677688360214233 0.9999997615814209 -1 -1 -1 -1 -1 -1 -1 -1 -1
0.4739469885826111 0.3667925298213959 0.9999996423721313 -1 -1 -1 -1 -1 -1 -1 -1 -1
0.47410473227500916 0.3667844235897064 0.9999996423721313 -1 -1 -1 -1 -1 -1 -1 -1 -1
0.4741474986076355 0.3668111264705658 0.9999996423721313 -1 -1 -1 -1 -1 -1 -1 -1 -1
0.47418469190597534 0.3668220639228821 0.9999997615814209 -1 -1 -1 -1 -1 -1 -1 -1 -1
0.47402626276016235 0.3668370842933655 1.0 -1 -1 -1 -1 -1 -1 -1 -1 -1
0.4743517339229584 0.3668230473995209 1.0 -1 -1 -1 -1 -1 -1 -1 -1 -1
0.4735414385795593 0.3662606179714203 0.9999998807907104 -1 -1 -1 -1 -1 -1 -1 -1 -1
0.4736681878566742 0.36621809005737305 0.9999997615814209 -1 -1 -1 -1 -1 -1 -1 -1 -1
0.47291088104248047 0.3670448064804077 0.9998452663421631 -1 -1 -1 -1 -1 -1 -1 -1 -1
0.4741409420967102 0.3650818169116974 0.9999513626098633 -1 -1 -1 -1 -1 -1 -1 -1 -1
0.47320395708084106 0.3675227761268616 0.8311038017272949 -1 -1 -1 -1 -1 -1 -1 -1 -1
0.47461795806884766 0.3630776107311249 0.9699999690055847 -1 -1 -1 -1 -1 -1 -1 -1 -1
0.47573065757751465 0.36552488803863525 0.515251874923706 -1 -1 -1 -1 -1 -1 -1 -1 -1
0.47467952966690063 0.36229193210601807 0.3981824219226837 -1 -1 -1 -1 -1 -1 -1 -1 -1
0.4763338565826416 0.3651154935359955 0.31399956345558167 -1 -1 -1 -1 -1 -1 -1 -1 -1
0.4747963845729828 0.3622741401195526 0.3396226763725281 -1 -1 -1 -1 -1 -1 -1 -1 -1
0.4767022132873535 0.3651145398616791 0.42124393582344055 -1 -1 -1 -1 -1 -1 -1 -1 -1
0.4747699499130249 0.36265626549720764 0.49865666031837463 -1 -1 -1 -1 -1 -1 -1 -1 -1
0.4763519763946533 0.365288645029068 0.3623166084289551 -1 -1 -1 -1 -1 -1 -1 -1 -1
0.4747360348701477 0.36264604330062866 0.41897037625312805 -1 -1 -1 -1 -1 -1 -1 -1 -1
0.4714517891407013 0.36356401443481445 0.0612068697810173 -1 -1 -1 -1 -1 -1 -1 -1 -1
0.47253915667533875 0.36179211735725403 0.04740528017282486 -1 -1 -1 -1 -1 -1 -1 -1 -1
0.46840187907218933 0.36134427785873413 2.359267818974331e-05 -1 -1 -1 -1 -1 -1 -1 -1 -1
0.4709406793117523 0.3581218719482422 0.00010632793419063091 -1 -1 -1 -1 -1 -1 -1 -1 -1
0.4694887697696686 0.35804665088653564 3.341029878356494e-05 -1 -1 -1 -1 -1 -1 -1 -1 -1
0.46980229020118713 0.3548780381679535 2.4160533939721063e-05 -1 -1 -1 -1 -1 -1 -1 -1 -1
0.46966496109962463 0.35876649618148804 0.0005871086032129824 -1 -1 -1 -1 -1 -1 -1 -1 -1
0.46978169679641724 0.3543434739112854 0.006184236146509647 -1 -1 -1 -1 -1 -1 -1 -1 -1
0.4699725806713104 0.3549080789089203 9.504007175564766e-05 -1 -1 -1 -1 -1 -1 -1 -1 -1
0.4690246284008026 0.35421255230903625 3.8184480217751116e-05 -1 -1 -1 -1 -1 -1 -1 -1 -1
1 
33 
-1 -1 -1 -1 -1 -1 -1 -1 -1 -1
0.43688514828681946 0.2570226192474365 0.9837818145751953 -1 -1 -1 -1 -1 -1 -1 -1 -1
0.4411279559135437 0.25288742780685425 0.9744120240211487 -1 -1 -1 -1 -1 -1 -1 -1 -1
0.4417123794555664 0.25298112630844116 0.977148175239563 -1 -1 -1 -1 -1 -1 -1 -1 -1
0.44230735301971436 0.25314998626708984 0.9748101830482483 -1 -1 -1 -1 -1 -1 -1 -1 -1
0.4406673312187195 0.24968941509723663 0.9728519916534424 -1 -1 -1 -1 -1 -1 -1 -1 -1
0.4412407875061035 0.24741941690444946 0.9816780686378479 -1 -1 -1 -1 -1 -1 -1 -1 -1
0.4418213963508606 0.24513746798038483 0.9811094999313354 -1 -1 -1 -1 -1 -1 -1 -1 -1
0.4473669230937958 0.24388673901557922 0.9829459190368652 -1 -1 -1 -1 -1 -1 -1 -1 -1
0.44546958804130554 0.2347797155380249 0.9726393818855286 -1 -1 -1 -1 -1 -1 -1 -1 -1
0.4368758201599121 0.2603631019592285 0.9949039220809937 -1 -1 -1 -1 -1 -1 -1 -1 -1
0.43754905462265015 0.2556852698326111 0.996429979801178 -1 -1 -1 -1 -1 -1 -1 -1 -1
0.45331940054893494 0.26184970140457153 0.9997469782829285 -1 -1 -1 -1 -1 -1 -1 -1 -1
0.4349905848503113 0.25897642970085144 0.9999436140060425 -1 -1 -1 -1 -1 -1 -1 -1 -1
0.4262038767337799 0.3509299159049988 0.8347122669219971 -1 -1 -1 -1 -1 -1 -1 -1 -1
0.41096702218055725 0.34322383999824524 0.36738553643226624 -1 -1 -1 -1 -1 -1 -1 -1 -1
0.3999083340167999 0.39376121759414673 0.42563411593437195 -1 -1 -1 -1 -1 -1 -1 -1 -1
0.3770148754119873 0.3845680356025696 0.3177741765975952 -1 -1 -1 -1 -1 -1 -1 -1 -1
0.39500924944877625 0.41120803356170654 0.3954958915710449 -1 -1 -1 -1 -1 -1 -1 -1 -1
0.3711317479610443 0.39487844705581665 0.267361581325531 -1 -1 -1 -1 -1 -1 -1 -1 -1
0.39345473051071167 0.40304845571517944 0.39039042592048645 -1 -1 -1 -1 -1 -1 -1 -1 -1
0.3668116629123688 0.3969046175479889 0.2911318242549896 -1 -1 -1 -1 -1 -1 -1 -1 -1
0.39487507939338684 0.3970276117324829 0.32236871123313904 -1 -1 -1 -1 -1 -1 -1 -1 -1
0.36899876594543457 0.3946618437767029 0.23443815112113953 -1 -1 -1 -1 -1 -1 -1 -1 -1
0.48294636607170105 0.3931815028190613 0.999991774559021 -1 -1 -1 -1 -1 -1 -1 -1 -1
0.4678785800933838 0.39171457290649414 0.9999982118606567 -1 -1 -1 -1 -1 -1 -1 -1 -1
0.42670056223869324 0.38411566615104675 0.9692220091819763 -1 -1 -1 -1 -1 -1 -1 -1 -1
0.4174114465713501 0.3598467707633972 0.8258204460144043 -1 -1 -1 -1 -1 -1 -1 -1 -1
0.36798593401908875 0.44218891859054565 0.8829401731491089 -1 -1 -1 -1 -1 -1 -1 -1 -1
0.36926040053367615 0.45722419023513794 0.8865465521812439 -1 -1 -1 -1 -1 -1 -1 -1 -1
0.3616110384464264 0.4512505829334259 0.778637707233429 -1 -1 -1 -1 -1 -1 -1 -1 -1
0.36353713274002075 0.48504048585891724 0.8466792106628418 -1 -1 -1 -1 -1 -1 -1 -1 -1
0.34339526295661926 0.44191303849220276 0.9399840235710144 -1 -1 -1 -1 -1 -1 -1 -1 -1
0.35413849353790283 0.43573036789894104 0.9536993503570557 -1 -1 -1 -1 -1 -1 -1 -1 -1
1 
33 
-1 -1 -1 -1 -1 -1 -1 -1 -1 -1
0.35269641876220703 0.3154471814632416 0.885344922542572 -1 -1 -1 -1 -1 -1 -1 -1 -1
0.3517693281173706 0.306323766708374 0.8546999096870422 -1 -1 -1 -1 -1 -1 -1 -1 -1
0.3518902063369751 0.30574890971183777 0.8702883720397949 -1 -1 -1 -1 -1 -1 -1 -1 -1
0.3572162389755249 0.3006695508956909 0.8544889092445374 -1 -1 -1 -1 -1 -1 -1 -1 -1
0.35217881202697754 0.3073340058326721 0.7982747554779053 -1 -1 -1 -1 -1 -1 -1 -1 -1
0.35258007049560547 0.3072473108768463 0.7960202693939209 -1 -1 -1 -1 -1 -1 -1 -1 -1
0.3563457131385803 0.3008773624897003 0.8090100288391113 -1 -1 -1 -1 -1 -1 -1 -1 -1
0.3648885488510132 0.29392683506011963 0.9216102361679077 -1 -1 -1 -1 -1 -1 -1 -1 -1
0.36361807584762573 0.2934234142303467 0.8819730281829834 -1 -1 -1 -1 -1 -1 -1 -1 -1
0.36290907859802246 0.31780076026916504 0.946742594242096 -1 -1 -1 -1 -1 -1 -1 -1 -1
0.3625672459602356 0.31765854358673096 0.9484913945198059 -1 -1 -1 -1 -1 -1 -1 -1 -1
0.38360801339149475 0.3192088305950165 0.9998992681503296 -1 -1 -1 -1 -1 -1 -1 -1 -1
0.3886559009552002 0.30661362409591675 0.9992665648460388 -1 -1 -1 -1 -1 -1 -1 -1 -1
0.41252461075782776 0.36086708307266235 0.851144015789032 -1 -1 -1 -1 -1 -1 -1 -1 -1
0.41753289103507996 0.35475650429725647 0.03805810958147049 -1 -1 -1 -1 -1 -1 -1 -1 -1
0.43557438254356384 0.40909650921821594 0.8768125176429749 -1 -1 -1 -1 -1 -1 -1 -1 -1
0.43477293848991394 0.38995322585105896 0.09505736827850342 -1 -1 -1 -1 -1 -1 -1 -1 -1
0.4431106150150299 0.41452687978744507 0.8452417850494385 -1 -1 -1 -1 -1 -1 -1 -1 -1
0.4390731453895569 0.39399808645248413 0.11544524133205414 -1 -1 -1 -1 -1 -1 -1 -1 -1
0.4393961429595947 0.42087501287460327 0.8451756238937378 -1 -1 -1 -1 -1 -1 -1 -1 -1
0.4383632242679596 0.39541372656822205 0.11959510296583176 -1 -1 -1 -1 -1 -1 -1 -1 -1
0.4378989040851593 0.4187628924846649 0.7810595631599426 -1 -1 -1 -1 -1 -1 -1 -1 -1
0.4373384714126587 0.3941037952899933 0.11942501366138458 -1 -1 -1 -1 -1 -1 -1 -1 -1
0.47623440623283386 0.32274073362350464 0.9996398687362671 -1 -1 -1 -1 -1 -1 -1 -1 -1
0.4767245650291443 0.31555938720703125 0.999821126461029 -1 -1 -1 -1 -1 -1 -1 -1 -1
0.41981762647628784 0.40428614616394043 0.8475531339645386 -1 -1 -1 -1 -1 -1 -1 -1 -1
0.4388635754585266 0.37341684103012085 0.3697046637535095 -1 -1 -1 -1 -1 -1 -1 -1 -1
0.40895983576774597 0.3574601709842682 0.12655559182167053 -1 -1 -1 -1 -1 -1 -1 -1 -1
0.4244375228881836 0.3579305112361908 0.2592724561691284 -1 -1 -1 -1 -1 -1 -1 -1 -1
0.4068807363510132 0.34874406456947327 0.18847805261611938 -1 -1 -1 -1 -1 -1 -1 -1 -1
0.4217163324356079 0.3582006096839905 0.26081040501594543 -1 -1 -1 -1 -1 -1 -1 -1 -1
0.4030224680900574 0.3435322940349579 0.15351088345050812 -1 -1 -1 -1 -1 -1 -1 -1 -1
0.4154480993747711 0.3482378423213959 0.37393736839294434 -1 -1 -1 -1 -1 -1 -1 -1 -1
1 
33 
-1 -1 -1 -1 -1 -1 -1 -1 -1 -1
0.4205755591392517 0.3538755774497986 0.994899570941925 -1 -1 -1 -1 -1 -1 -1 -1 -1
0.4211539030075073 0.36598706245422363 0.9961800575256348 -1 -1 -1 -1 -1 -1 -1 -1 -1
0.4198727011680603 0.3674358129501343 0.9949623346328735 -1 -1 -1 -1 -1 -1 -1 -1 -1
0.4186111092567444 0.36899685859680176 0.9954839944839478 -1 -1 -1 -1 -1 -1 -1 -1 -1
0.42539453506469727 0.3620060086250305 0.9948061108589172 -1 -1 -1 -1 -1 -1 -1 -1 -1
0.42720282077789307 0.36027875542640686 0.9931159615516663 -1 -1 -1 -1 -1 -1 -1 -1 -1
0.42901453375816345 0.35849729180336 0.9941009879112244 -1 -1 -1 -1 -1 -1 -1 -1 -1
0.41926607489585876 0.3683723211288452 0.9915400147438049 -1 -1 -1 -1 -1 -1 -1 -1 -1
0.43390265107154846 0.35389167070388794 0.9914980530738831 -1 -1 -1 -1 -1 -1 -1 -1 -1
0.4189797341823578 0.3482407331466675 0.9984834790229797 -1 -1 -1 -1 -1 -1 -1 -1 -1
0.4244716167449951 0.34163257479667664 0.9980582594871521 -1 -1 -1 -1 -1 -1 -1 -1 -1
0.41223347187042236 0.3435976803302765 0.9996182918548584 -1 -1 -1 -1 -1 -1 -1 -1 -1
0.4416084587574005 0.31024566292762756 0.999751627445221 -1 -1 -1 -1 -1 -1 -1 -1 -1
0.39550721645355225 0.3070189952850342 0.3138332664966583 -1 -1 -1 -1 -1 -1 -1 -1 -1
0.42051029205322266 0.2764665186405182 0.7661041021347046 -1 -1 -1 -1 -1 -1 -1 -1 -1
0.3921143114566803 0.28776443004608154 0.5243991613388062 -1 -1 -1 -1 -1 -1 -1 -1 -1
0.3999450206756592 0.2714715898036957 0.9261924028396606 -1 -1 -1 -1 -1 -1 -1 -1 -1
0.38824546337127686 0.2848702073097229 0.553307294845581 -1 -1 -1 -1 -1 -1 -1 -1 -1
0.3953476846218109 0.269248366355896 0.9133193492889404 -1 -1 -1 -1 -1 -1 -1 -1 -1
0.3908328413963318 0.2866208553314209 0.5624043345451355 -1 -1 -1 -1 -1 -1 -1 -1 -1
0.39394867420196533 0.2753497362136841 0.9014219045639038 -1 -1 -1 -1 -1 -1 -1 -1 -1
0.39361196756362915 0.2861848473548889 0.502151370048523 -1 -1 -1 -1 -1 -1 -1 -1 -1
0.39482927322387695 0.27697545289993286 0.8770087361335754 -1 -1 -1 -1 -1 -1 -1 -1 -1
0.45203009247779846 0.3849300444126129 0.9998018145561218 -1 -1 -1 -1 -1 -1 -1 -1 -1
0.4684391915798187 0.3652646839618683 0.9998248219490051 -1 -1 -1 -1 -1 -1 -1 -1 -1
0.39328333735466003 0.3306865096092224 0.0348857045173645 -1 -1 -1 -1 -1 -1 -1 -1 -1
0.4130769371986389 0.31273216009140015 0.5806745290756226 -1 -1 -1 -1 -1 -1 -1 -1 -1
0.37216582894325256 0.25034159421920776 0.14392973482608795 -1 -1 -1 -1 -1 -1 -1 -1 -1
0.3770458996295929 0.2524029016494751 0.3469935357570648 -1 -1 -1 -1 -1 -1 -1 -1 -1
0.3775501549243927 0.24129506945610046 0.1517927497625351 -1 -1 -1 -1 -1 -1 -1 -1 -1
0.37936437129974365 0.2508264183998108 0.32308000326156616 -1 -1 -1 -1 -1 -1 -1 -1 -1
0.3453181982040405 0.21291062235832214 0.24355332553386688 -1 -1 -1 -1 -1 -1 -1 -1 -1
0.3487415611743927 0.21894696354866028 0.5429236888885498 -1 -1 -1 -1 -1 -1 -1 -1 -1
1 
33 
-1 -1 -1 -1 -1 -1 -1 -1 -1 -1
0.3942861258983612 0.3150450587272644 0.9951695799827576 -1 -1 -1 -1 -1 -1 -1 -1 -1
0.3872847557067871 0.31565287709236145 0.9952119588851929 -1 -1 -1 -1 -1 -1 -1 -1 -1
0.38685205578804016 0.3166906237602234 0.9944469928741455 -1 -1 -1 -1 -1 -1 -1 -1 -1
0.38639259338378906 0.317902535200119 0.9952387809753418 -1 -1 -1 -1 -1 -1 -1 -1 -1
0.3869267404079437 0.3167549669742584 0.9960861206054688 -1 -1 -1 -1 -1 -1 -1 -1 -1
0.3862996995449066 0.3184303939342499 0.9952402114868164 -1 -1 -1 -1 -1 -1 -1 -1 -1
0.3856421709060669 0.32028621435165405 0.9956651329994202 -1 -1 -1 -1 -1 -1 -1 -1 -1
0.3842269480228424 0.3331036865711212 0.9871153831481934 -1 -1 -1 -1 -1 -1 -1 -1 -1
0.3840905725955963 0.3344922959804535 0.9950220584869385 -1 -1 -1 -1 -1 -1 -1 -1 -1
0.3980017304420471 0.3236066997051239 0.9850050210952759 -1 -1 -1 -1 -1 -1 -1 -1 -1
0.39757612347602844 0.32489508390426636 0.9848101735115051 -1 -1 -1 -1 -1 -1 -1 -1 -1
0.40801477432250977 0.36773747205734253 0.9928383231163025 -1 -1 -1 -1 -1 -1 -1 -1 -1
0.40300410985946655 0.35516536235809326 0.9959940910339355 -1 -1 -1 -1 -1 -1 -1 -1 -1
0.42876046895980835 0.30645838379859924 0.024668995290994644 -1 -1 -1 -1 -1 -1 -1 -1 -1
0.43184149265289307 0.29181888699531555 0.6966602802276611 -1 -1 -1 -1 -1 -1 -1 -1 -1
0.42754271626472473 0.25550347566604614 0.0333281047642231 -1 -1 -1 -1 -1 -1 -1 -1 -1
0.4156624674797058 0.24104337394237518 0.5144684314727783 -1 -1 -1 -1 -1 -1 -1 -1 -1
0.4266516864299774 0.24443340301513672 0.03900153934955597 -1 -1 -1 -1 -1 -1 -1 -1 -1
0.4139212369918823 0.22883324325084686 0.44422197341918945 -1 -1 -1 -1 -1 -1 -1 -1 -1
0.4237637221813202 0.2432919591665268 0.04095202311873436 -1 -1 -1 -1 -1 -1 -1 -1 -1
0.40899986028671265 0.23353944718837738 0.4333711564540863 -1 -1 -1 -1 -1 -1 -1 -1 -1
0.4244675040245056 0.2457522302865982 0.048186589032411575 -1 -1 -1 -1 -1 -1 -1 -1 -1
0.40961211919784546 0.23864825069904327 0.3889411389827728 -1 -1 -1 -1 -1 -1 -1 -1 -1
0.48249486088752747 0.3803873360157013 0.992161214351654 -1 -1 -1 -1 -1 -1 -1 -1 -1
0.4827568531036377 0.3676145076751709 0.9850161075592041 -1 -1 -1 -1 -1 -1 -1 -1 -1
0.43191057443618774 0.29207950830459595 0.07427596300840378 -1 -1 -1 -1 -1 -1 -1 -1 -1
0.43619781732559204 0.27904197573661804 0.7590617537498474 -1 -1 -1 -1 -1 -1 -1 -1 -1
0.39284613728523254 0.17898531258106232 0.2161514312028885 -1 -1 -1 -1 -1 -1 -1 -1 -1
0.38887113332748413 0.16362139582633972 0.8167600631713867 -1 -1 -1 -1 -1 -1 -1 -1 -1
0.39366614818573 0.15360714495182037 0.22953705489635468 -1 -1 -1 -1 -1 -1 -1 -1 -1
0.38999953866004944 0.14460448920726776 0.7751262784004211 -1 -1 -1 -1 -1 -1 -1 -1 -1
0.3615785241127014 0.17667332291603088 0.23998147249221802 -1 -1 -1 -1 -1 -1 -1 -1 -1
0.3614637553691864 0.1752324402332306 0.7989814281463623 -1 -1 -1 -1 -1 -1 -1 -1 -1
1 
33 
-1 -1 -1 -1 -1 -1 -1 -1 -1 -1
0.4327906668186188 0.286271333694458 0.9972348809242249 -1 -1 -1 -1 -1 -1 -1 -1 -1
0.4317440390586853 0.2838967442512512 0.9969025254249573 -1 -1 -1 -1 -1 -1 -1 -1 -1
0.43210309743881226 0.2838152050971985 0.9957925081253052 -1 -1 -1 -1 -1 -1 -1 -1 -1
0.4324706494808197 0.2837429642677307 0.9971537590026855 -1 -1 -1 -1 -1 -1 -1 -1 -1
0.43076464533805847 0.28464505076408386 0.9974302649497986 -1 -1 -1 -1 -1 -1 -1 -1 -1
0.43027567863464355 0.28514721989631653 0.9967769980430603 -1 -1 -1 -1 -1 -1 -1 -1 -1
0.42978617548942566 0.2856597304344177 0.9971234202384949 -1 -1 -1 -1 -1 -1 -1 -1 -1
0.4328889846801758 0.28727561235427856 0.996093213558197 -1 -1 -1 -1 -1 -1 -1 -1 -1
0.42944443225860596 0.2898988127708435 0.995978593826294 -1 -1 -1 -1 -1 -1 -1 -1 -1
0.4347948729991913 0.29000815749168396 0.9961523413658142 -1 -1 -1 -1 -1 -1 -1 -1 -1
0.4333324730396271 0.29108572006225586 0.996934175491333 -1 -1 -1 -1 -1 -1 -1 -1 -1
0.4417877793312073 0.30480775237083435 0.9984844326972961 -1 -1 -1 -1 -1 -1 -1 -1 -1
0.43162357807159424 0.309555321931839 0.9977503418922424 -1 -1 -1 -1 -1 -1 -1 -1 -1
0.4465932250022888 0.322123646736145 0.532769501209259 -1 -1 -1 -1 -1 -1 -1 -1 -1
0.4315510094165802 0.32489174604415894 0.7858358025550842 -1 -1 -1 -1 -1 -1 -1 -1 -1
0.43946024775505066 0.3132510483264923 0.7056692838668823 -1 -1 -1 -1 -1 -1 -1 -1 -1
0.43462181091308594 0.3228195011615753 0.7071123719215393 -1 -1 -1 -1 -1 -1 -1 -1 -1
0.4374291002750397 0.31284040212631226 0.6760676503181458 -1 -1 -1 -1 -1 -1 -1 -1 -1
0.43531134724617004 0.3243931829929352 0.6528370976448059 -1 -1 -1 -1 -1 -1 -1 -1 -1
0.4367898106575012 0.3084668517112732 0.6741136312484741 -1 -1 -1 -1 -1 -1 -1 -1 -1
0.43482324481010437 0.3215079605579376 0.6528134346008301 -1 -1 -1 -1 -1 -1 -1 -1 -1
0.43744131922721863 0.3088400959968567 0.6341214179992676 -1 -1 -1 -1 -1 -1 -1 -1 -1
0.43444761633872986 0.3215978145599365 0.6105132102966309 -1 -1 -1 -1 -1 -1 -1 -1 -1
0.45168015360832214 0.36536934971809387 0.9995762705802917 -1 -1 -1 -1 -1 -1 -1 -1 -1
0.44554850459098816 0.36920082569122314 0.9990730285644531 -1 -1 -1 -1 -1 -1 -1 -1 -1
0.4704635441303253 0.39484748244285583 0.4344894587993622 -1 -1 -1 -1 -1 -1 -1 -1 -1
0.4665164351463318 0.3900119662284851 0.7406893968582153 -1 -1 -1 -1 -1 -1 -1 -1 -1
0.4646337926387787 0.41860663890838623 0.23385418951511383 -1 -1 -1 -1 -1 -1 -1 -1 -1
0.46371275186538696 0.413474440574646 0.5461581945419312 -1 -1 -1 -1 -1 -1 -1 -1 -1
0.46199876070022583 0.42074501514434814 0.3081832528114319 -1 -1 -1 -1 -1 -1 -1 -1 -1
0.46046653389930725 0.41730713844299316 0.5580031871795654 -1 -1 -1 -1 -1 -1 -1 -1 -1
0.46888408064842224 0.42789268493652344 0.32518327236175537 -1 -1 -1 -1 -1 -1 -1 -1 -1
0.46928688883781433 0.4204648733139038 0.5921562910079956 -1 -1 -1 -1 -1 -1 -1 -1 -1
1 
33 
-1 -1 -1 -1 -1 -1 -1 -1 -1 -1
0.47528696060180664 0.27363425493240356 0.9916945099830627 -1 -1 -1 -1 -1 -1 -1 -1 -1
0.4804302453994751 0.26477155089378357 0.9936906099319458 -1 -1 -1 -1 -1 -1 -1 -1 -1
0.4818201959133148 0.26546764373779297 0.9923795461654663 -1 -1 -1 -1 -1 -1 -1 -1 -1
0.4831544756889343 0.266166090965271 0.9937320351600647 -1 -1 -1 -1 -1 -1 -1 -1 -1
0.4754563570022583 0.25984930992126465 0.9939039349555969 -1 -1 -1 -1 -1 -1 -1 -1 -1
0.47350025177001953 0.25736185908317566 0.9933727979660034 -1 -1 -1 -1 -1 -1 -1 -1 -1
0.4716058075428009 0.254902720451355 0.9947172999382019 -1 -1 -1 -1 -1 -1 -1 -1 -1
0.4813860356807709 0.2619331181049347 0.9895265102386475 -1 -1 -1 -1 -1 -1 -1 -1 -1
0.4643220901489258 0.24533861875534058 0.9895642995834351 -1 -1 -1 -1 -1 -1 -1 -1 -1
0.47246962785720825 0.2802312970161438 0.9811331629753113 -1 -1 -1 -1 -1 -1 -1 -1 -1
0.46736085414886475 0.2748175263404846 0.9774789214134216 -1 -1 -1 -1 -1 -1 -1 -1 -1
0.47044357657432556 0.2911383807659149 0.9955920577049255 -1 -1 -1 -1 -1 -1 -1 -1 -1
0.4392926096916199 0.2638395428657532 0.9980738162994385 -1 -1 -1 -1 -1 -1 -1 -1 -1
0.47493860125541687 0.3478885889053345 0.1025560200214386 -1 -1 -1 -1 -1 -1 -1 -1 -1
0.4467833936214447 0.31121617555618286 0.3295651972293854 -1 -1 -1 -1 -1 -1 -1 -1 -1
0.4745253324508667 0.3035205006599426 0.05198629945516586 -1 -1 -1 -1 -1 -1 -1 -1 -1
0.47147536277770996 0.285785436630249 0.12997892498970032 -1 -1 -1 -1 -1 -1 -1 -1 -1
0.4746377468109131 0.293424516916275 0.060557786375284195 -1 -1 -1 -1 -1 -1 -1 -1 -1
0.4765135645866394 0.2807893753051758 0.12394890189170837 -1 -1 -1 -1 -1 -1 -1 -1 -1
0.47414812445640564 0.2879159450531006 0.06033198907971382 -1 -1 -1 -1 -1 -1 -1 -1 -1
0.47414690256118774 0.27193015813827515 0.117526113986969 -1 -1 -1 -1 -1 -1 -1 -1 -1
0.4736325144767761 0.289975643157959 0.061098434031009674 -1 -1 -1 -1 -1 -1 -1 -1 -1
0.4738478660583496 0.2741743326187134 0.11019480973482132 -1 -1 -1 -1 -1 -1 -1 -1 -1
0.3988346457481384 0.4433553218841553 0.9978204965591431 -1 -1 -1 -1 -1 -1 -1 -1 -1
0.3906668424606323 0.4270741939544678 0.9970415234565735 -1 -1 -1 -1 -1 -1 -1 -1 -1
0.43697071075439453 0.35038524866104126 0.12897564470767975 -1 -1 -1 -1 -1 -1 -1 -1 -1
0.4387778341770172 0.3466886878013611 0.29002082347869873 -1 -1 -1 -1 -1 -1 -1 -1 -1
0.4771043062210083 0.2825263738632202 0.1777724325656891 -1 -1 -1 -1 -1 -1 -1 -1 -1
0.4903116226196289 0.2747722268104553 0.17364680767059326 -1 -1 -1 -1 -1 -1 -1 -1 -1
0.478815495967865 0.2875680923461914 0.23479406535625458 -1 -1 -1 -1 -1 -1 -1 -1 -1
0.49084925651550293 0.2718374729156494 0.19958804547786713 -1 -1 -1 -1 -1 -1 -1 -1 -1
0.5020648837089539 0.20909789204597473 0.28481099009513855 -1 -1 -1 -1 -1 -1 -1 -1 -1
0.523912787437439 0.2239483892917633 0.27906399965286255 -1 -1 -1 -1 -1 -1 -1 -1 -1
1 
33 
-1 -1 -1 -1 -1 -1 -1 -1 -1 -1
0.4810138940811157 0.2784784436225891 0.9960659146308899 -1 -1 -1 -1 -1 -1 -1 -1 -1
0.47811445593833923 0.2666846811771393 0.9981048107147217 -1 -1 -1 -1 -1 -1 -1 -1 -1
0.47704237699508667 0.2659037113189697 0.9978067278862 -1 -1 -1 -1 -1 -1 -1 -1 -1
0.47623753547668457 0.2649504542350769 0.9981322884559631 -1 -1 -1 -1 -1 -1 -1 -1 -1
0.48004356026649475 0.26823586225509644 0.9974390268325806 -1 -1 -1 -1 -1 -1 -1 -1 -1
0.4779624044895172 0.27217167615890503 0.9966080188751221 -1 -1 -1 -1 -1 -1 -1 -1 -1
0.47775620222091675 0.27293962240219116 0.9976341724395752 -1 -1 -1 -1 -1 -1 -1 -1 -1
0.46762439608573914 0.26402777433395386 0.9975536465644836 -1 -1 -1 -1 -1 -1 -1 -1 -1
0.46859467029571533 0.2703411281108856 0.9972781538963318 -1 -1 -1 -1 -1 -1 -1 -1 -1
0.4728855490684509 0.2882435917854309 0.997829258441925 -1 -1 -1 -1 -1 -1 -1 -1 -1
0.47402316331863403 0.28967952728271484 0.9965751767158508 -1 -1 -1 -1 -1 -1 -1 -1 -1
0.4462011456489563 0.3025258779525757 0.998175859451294 -1 -1 -1 -1 -1 -1 -1 -1 -1
0.4511171877384186 0.3234211802482605 0.9994039535522461 -1 -1 -1 -1 -1 -1 -1 -1 -1
0.4719427525997162 0.3501911759376526 0.25252673029899597 -1 -1 -1 -1 -1 -1 -1 -1 -1
0.487785279750824 0.36662304401397705 0.8532932996749878 -1 -1 -1 -1 -1 -1 -1 -1 -1
0.5385172963142395 0.3096001148223877 0.552108108997345 -1 -1 -1 -1 -1 -1 -1 -1 -1
0.5312539339065552 0.3273243010044098 0.7555834054946899 -1 -1 -1 -1 -1 -1 -1 -1 -1
0.5357450842857361 0.30357420444488525 0.6036685705184937 -1 -1 -1 -1 -1 -1 -1 -1 -1
0.5544490814208984 0.31001830101013184 0.7294611930847168 -1 -1 -1 -1 -1 -1 -1 -1 -1
0.5373451113700867 0.30113884806632996 0.5992004871368408 -1 -1 -1 -1 -1 -1 -1 -1 -1
0.5496361255645752 0.3036026358604431 0.7084649801254272 -1 -1 -1 -1 -1 -1 -1 -1 -1
0.5318732857704163 0.30885714292526245 0.5565305948257446 -1 -1 -1 -1 -1 -1 -1 -1 -1
0.5391029119491577 0.31365281343460083 0.647479772567749 -1 -1 -1 -1 -1 -1 -1 -1 -1
0.35055339336395264 0.4515029788017273 0.999409556388855 -1 -1 -1 -1 -1 -1 -1 -1 -1
0.3572207987308502 0.47328999638557434 0.999606192111969 -1 -1 -1 -1 -1 -1 -1 -1 -1
0.3431897759437561 0.503520667552948 0.3793925642967224 -1 -1 -1 -1 -1 -1 -1 -1 -1
0.32083725929260254 0.5965152382850647 0.8333829045295715 -1 -1 -1 -1 -1 -1 -1 -1 -1
0.34760916233062744 0.5815104246139526 0.5879260897636414 -1 -1 -1 -1 -1 -1 -1 -1 -1
0.32051882147789 0.7318258881568909 0.9366362690925598 -1 -1 -1 -1 -1 -1 -1 -1 -1
0.34672150015830994 0.5893387794494629 0.8189644813537598 -1 -1 -1 -1 -1 -1 -1 -1 -1
0.3233224153518677 0.729324221611023 0.9239479899406433 -1 -1 -1 -1 -1 -1 -1 -1 -1
0.35320574045181274 0.6144830584526062 0.8056232929229736 -1 -1 -1 -1 -1 -1 -1 -1 -1
0.31339430809020996 0.8102821707725525 0.9424656629562378 -1 -1 -1 -1 -1 -1 -1 -1 -1
1 
33 
-1 -1 -1 -1 -1 -1 -1 -1 -1 -1
0.4916422367095947 0.33149340748786926 0.9991028308868408 -1 -1 -1 -1 -1 -1 -1 -1 -1
0.4965658187866211 0.3232126235961914 0.9994446635246277 -1 -1 -1 -1 -1 -1 -1 -1 -1
0.4960973262786865 0.3225289285182953 0.9992986917495728 -1 -1 -1 -1 -1 -1 -1 -1 -1
0.4949326515197754 0.3186214864253998 0.9992392063140869 -1 -1 -1 -1 -1 -1 -1 -1 -1
0.4961257576942444 0.3182127773761749 0.9994322657585144 -1 -1 -1 -1 -1 -1 -1 -1 -1
0.4958401322364807 0.3158179521560669 0.9993128776550293 -1 -1 -1 -1 -1 -1 -1 -1 -1
0.4956205487251282 0.3129405975341797 0.9994317889213562 -1 -1 -1 -1 -1 -1 -1 -1 -1
0.48359036445617676 0.3103988766670227 0.998516857624054 -1 -1 -1 -1 -1 -1 -1 -1 -1
0.484810471534729 0.30224716663360596 0.9991312623023987 -1 -1 -1 -1 -1 -1 -1 -1 -1
0.4819895923137665 0.3333113193511963 0.9973888993263245 -1 -1 -1 -1 -1 -1 -1 -1 -1
0.4805496037006378 0.3270602226257324 0.9980965256690979 -1 -1 -1 -1 -1 -1 -1 -1 -1
0.448283851146698 0.33150798082351685 0.9994021654129028 -1 -1 -1 -1 -1 -1 -1 -1 -1
0.45631974935531616 0.31093060970306396 0.9996360540390015 -1 -1 -1 -1 -1 -1 -1 -1 -1
0.44383350014686584 0.41473159193992615 0.027346666902303696 -1 -1 -1 -1 -1 -1 -1 -1 -1
0.47690147161483765 0.3782555162906647 0.19842463731765747 -1 -1 -1 -1 -1 -1 -1 -1 -1
0.45336616039276123 0.4821464419364929 0.03140607103705406 -1 -1 -1 -1 -1 -1 -1 -1 -1
0.5203291773796082 0.39636197686195374 0.19307498633861542 -1 -1 -1 -1 -1 -1 -1 -1 -1
0.4559580981731415 0.4962817430496216 0.0487859882414341 -1 -1 -1 -1 -1 -1 -1 -1 -1
0.5311533212661743 0.40490445494651794 0.2373223453760147 -1 -1 -1 -1 -1 -1 -1 -1 -1
0.4562961459159851 0.49361053109169006 0.04923097416758537 -1 -1 -1 -1 -1 -1 -1 -1 -1
0.5329453945159912 0.39391082525253296 0.23353299498558044 -1 -1 -1 -1 -1 -1 -1 -1 -1
0.4551844298839569 0.49031922221183777 0.05030110478401184 -1 -1 -1 -1 -1 -1 -1 -1 -1
0.527662992477417 0.3922381103038788 0.19601821899414062 -1 -1 -1 -1 -1 -1 -1 -1 -1
0.328235387802124 0.4573672115802765 0.9997043013572693 -1 -1 -1 -1 -1 -1 -1 -1 -1
0.3299708366394043 0.44581055641174316 0.9998562335968018 -1 -1 -1 -1 -1 -1 -1 -1 -1
0.37609606981277466 0.4927207827568054 0.2785119116306305 -1 -1 -1 -1 -1 -1 -1 -1 -1
0.40896520018577576 0.4298848509788513 0.6422030925750732 -1 -1 -1 -1 -1 -1 -1 -1 -1
0.4157741367816925 0.5620861053466797 0.48147013783454895 -1 -1 -1 -1 -1 -1 -1 -1 -1
0.49713847041130066 0.44080615043640137 0.6930964589118958 -1 -1 -1 -1 -1 -1 -1 -1 -1
0.41328752040863037 0.575455904006958 0.5930817127227783 -1 -1 -1 -1 -1 -1 -1 -1 -1
0.5026907920837402 0.45175471901893616 0.63187175989151 -1 -1 -1 -1 -1 -1 -1 -1 -1
0.44781363010406494 0.5576844215393066 0.528617262840271 -1 -1 -1 -1 -1 -1 -1 -1 -1
0.5433536767959595 0.4047425389289856 0.729561984539032 -1 -1 -1 -1 -1 -1 -1 -1 -1
1 
33 
-1 -1 -1 -1 -1 -1 -1 -1 -1 -1
0.49733835458755493 0.4223985970020294 0.9797015190124512 -1 -1 -1 -1 -1 -1 -1 -1 -1
0.5042123198509216 0.4144340753555298 0.9874129295349121 -1 -1 -1 -1 -1 -1 -1 -1 -1
0.5042546391487122 0.41554442048072815 0.9845959544181824 -1 -1 -1 -1 -1 -1 -1 -1 -1
0.504252552986145 0.41666728258132935 0.9888895750045776 -1 -1 -1 -1 -1 -1 -1 -1 -1
0.5047879815101624 0.4063204824924469 0.9871489405632019 -1 -1 -1 -1 -1 -1 -1 -1 -1
0.5049719214439392 0.4009867012500763 0.9860526323318481 -1 -1 -1 -1 -1 -1 -1 -1 -1
0.5051647424697876 0.3957068920135498 0.9903116226196289 -1 -1 -1 -1 -1 -1 -1 -1 -1
0.501919150352478 0.3979851305484772 0.9878325462341309 -1 -1 -1 -1 -1 -1 -1 -1 -1
0.5026907324790955 0.3689429759979248 0.9880727529525757 -1 -1 -1 -1 -1 -1 -1 -1 -1
0.4890305995941162 0.4195776879787445 0.9706098437309265 -1 -1 -1 -1 -1 -1 -1 -1 -1
0.4892931580543518 0.4101388156414032 0.9576767683029175 -1 -1 -1 -1 -1 -1 -1 -1 -1
0.46080318093299866 0.40692538022994995 0.9991093277931213 -1 -1 -1 -1 -1 -1 -1 -1 -1
0.47074317932128906 0.33335399627685547 0.9996211528778076 -1 -1 -1 -1 -1 -1 -1 -1 -1
0.41244053840637207 0.47031494975090027 0.020368101075291634 -1 -1 -1 -1 -1 -1 -1 -1 -1
0.4625881314277649 0.4191845655441284 0.6903277635574341 -1 -1 -1 -1 -1 -1 -1 -1 -1
0.37848585844039917 0.5350065231323242 0.02598363347351551 -1 -1 -1 -1 -1 -1 -1 -1 -1
0.4993150234222412 0.4832780361175537 0.5172542929649353 -1 -1 -1 -1 -1 -1 -1 -1 -1
0.3693701922893524 0.5503729581832886 0.03506867215037346 -1 -1 -1 -1 -1 -1 -1 -1 -1
0.5073987245559692 0.5131849646568298 0.5550609230995178 -1 -1 -1 -1 -1 -1 -1 -1 -1
0.37147340178489685 0.5481138229370117 0.033162910491228104 -1 -1 -1 -1 -1 -1 -1 -1 -1
0.510535478591919 0.5068853497505188 0.5104061365127563 -1 -1 -1 -1 -1 -1 -1 -1 -1
0.3738470673561096 0.5410650372505188 0.03489125147461891 -1 -1 -1 -1 -1 -1 -1 -1 -1
0.5055561661720276 0.5028839111328125 0.40524980425834656 -1 -1 -1 -1 -1 -1 -1 -1 -1
0.3409634828567505 0.46068719029426575 0.9997796416282654 -1 -1 -1 -1 -1 -1 -1 -1 -1
0.346655935049057 0.4100343883037567 0.999722421169281 -1 -1 -1 -1 -1 -1 -1 -1 -1
0.28381478786468506 0.5969706773757935 0.254999041557312 -1 -1 -1 -1 -1 -1 -1 -1 -1
0.28441402316093445 0.539491593837738 0.16404375433921814 -1 -1 -1 -1 -1 -1 -1 -1 -1
0.29421478509902954 0.6437679529190063 0.12224684655666351 -1 -1 -1 -1 -1 -1 -1 -1 -1
0.2877058982849121 0.5992946624755859 0.10635244846343994 -1 -1 -1 -1 -1 -1 -1 -1 -1
0.2939209043979645 0.6339775323867798 0.3590911030769348 -1 -1 -1 -1 -1 -1 -1 -1 -1
0.2884067893028259 0.5900471806526184 0.21463406085968018 -1 -1 -1 -1 -1 -1 -1 -1 -1
0.2964235544204712 0.6930642127990723 0.2416871190071106 -1 -1 -1 -1 -1 -1 -1 -1 -1
0.28330424427986145 0.661651611328125 0.21338088810443878 -1 -1 -1 -1 -1 -1 -1 -1 -1
1 
33 
-1 -1 -1 -1 -1 -1 -1 -1 -1 -1
0.49003517627716064 0.436482697725296 0.9967755675315857 -1 -1 -1 -1 -1 -1 -1 -1 -1
0.49620410799980164 0.4460408687591553 0.9969272017478943 -1 -1 -1 -1 -1 -1 -1 -1 -1
0.4974144995212555 0.4460965394973755 0.996728777885437 -1 -1 -1 -1 -1 -1 -1 -1 -1
0.4987555742263794 0.44609150290489197 0.9965631365776062 -1 -1 -1 -1 -1 -1 -1 -1 -1
0.4961107075214386 0.4458908140659332 0.9972746968269348 -1 -1 -1 -1 -1 -1 -1 -1 -1
0.49706166982650757 0.4458042085170746 0.9969911575317383 -1 -1 -1 -1 -1 -1 -1 -1 -1
0.4980785548686981 0.4457206130027771 0.9972780346870422 -1 -1 -1 -1 -1 -1 -1 -1 -1
0.5073556303977966 0.43873149156570435 0.9933818578720093 -1 -1 -1 -1 -1 -1 -1 -1 -1
0.5053171515464783 0.43750685453414917 0.9973605275154114 -1 -1 -1 -1 -1 -1 -1 -1 -1
0.49124088883399963 0.42706406116485596 0.995502769947052 -1 -1 -1 -1 -1 -1 -1 -1 -1
0.49060797691345215 0.4263089597225189 0.9952183365821838 -1 -1 -1 -1 -1 -1 -1 -1 -1
0.5062040090560913 0.3907119631767273 0.9988216757774353 -1 -1 -1 -1 -1 -1 -1 -1 -1
0.5012969970703125 0.3994567096233368 0.9996029734611511 -1 -1 -1 -1 -1 -1 -1 -1 -1
0.4648241698741913 0.41434717178344727 0.05826648324728012 -1 -1 -1 -1 -1 -1 -1 -1 -1
0.4523782730102539 0.43557116389274597 0.7139633893966675 -1 -1 -1 -1 -1 -1 -1 -1 -1
0.4497317671775818 0.4535573720932007 0.04547928273677826 -1 -1 -1 -1 -1 -1 -1 -1 -1
0.45107144117355347 0.4688524603843689 0.3132052719593048 -1 -1 -1 -1 -1 -1 -1 -1 -1
0.45140060782432556 0.46095582842826843 0.05084456503391266 -1 -1 -1 -1 -1 -1 -1 -1 -1
0.4514116644859314 0.47024524211883545 0.2711305618286133 -1 -1 -1 -1 -1 -1 -1 -1 -1
0.4478636085987091 0.46447792649269104 0.05359571427106857 -1 -1 -1 -1 -1 -1 -1 -1 -1
0.4561002254486084 0.4724256992340088 0.2710925340652466 -1 -1 -1 -1 -1 -1 -1 -1 -1
0.44879379868507385 0.46190381050109863 0.06100308895111084 -1 -1 -1 -1 -1 -1 -1 -1 -1
0.45628249645233154 0.46872034668922424 0.2727603018283844 -1 -1 -1 -1 -1 -1 -1 -1 -1
0.4410924017429352 0.299306720495224 0.9928721785545349 -1 -1 -1 -1 -1 -1 -1 -1 -1
0.4310319423675537 0.3056751489639282 0.9883914589881897 -1 -1 -1 -1 -1 -1 -1 -1 -1
0.46744686365127563 0.44451677799224854 0.10405991971492767 -1 -1 -1 -1 -1 -1 -1 -1 -1
0.46250423789024353 0.4516010284423828 0.7163336277008057 -1 -1 -1 -1 -1 -1 -1 -1 -1
0.4755060076713562 0.5798938870429993 0.2877885401248932 -1 -1 -1 -1 -1 -1 -1 -1 -1
0.4723244905471802 0.5812991857528687 0.7567784786224365 -1 -1 -1 -1 -1 -1 -1 -1 -1
0.4686678946018219 0.5967142581939697 0.3149107098579407 -1 -1 -1 -1 -1 -1 -1 -1 -1
0.45912593603134155 0.6005456447601318 0.7045286297798157 -1 -1 -1 -1 -1 -1 -1 -1 -1
0.5060890913009644 0.6142358183860779 0.4002372622489929 -1 -1 -1 -1 -1 -1 -1 -1 -1
0.49216926097869873 0.6251830458641052 0.7684897184371948 -1 -1 -1 -1 -1 -1 -1 -1 -1
1 
33 
-1 -1 -1 -1 -1 -1 -1 -1 -1 -1
0.51972895860672 0.38732683658599854 0.9390701055526733 -1 -1 -1 -1 -1 -1 -1 -1 -1
0.5234096050262451 0.38931748270988464 0.9719523787498474 -1 -1 -1 -1 -1 -1 -1 -1 -1
0.5234203338623047 0.3897929787635803 0.9677203893661499 -1 -1 -1 -1 -1 -1 -1 -1 -1
0.5234279036521912 0.3902566730976105 0.978540301322937 -1 -1 -1 -1 -1 -1 -1 -1 -1
0.5238136649131775 0.38814765214920044 0.961098849773407 -1 -1 -1 -1 -1 -1 -1 -1 -1
0.5241295099258423 0.38749414682388306 0.944693386554718 -1 -1 -1 -1 -1 -1 -1 -1 -1
0.5244255661964417 0.3868975341320038 0.9484641551971436 -1 -1 -1 -1 -1 -1 -1 -1 -1
0.523456871509552 0.3869423568248749 0.9848595261573792 -1 -1 -1 -1 -1 -1 -1 -1 -1
0.5246517062187195 0.3831152021884918 0.9541879892349243 -1 -1 -1 -1 -1 -1 -1 -1 -1
0.5166587829589844 0.385320246219635 0.9763454794883728 -1 -1 -1 -1 -1 -1 -1 -1 -1
0.5173138380050659 0.38310667872428894 0.9705744385719299 -1 -1 -1 -1 -1 -1 -1 -1 -1
0.5113252997398376 0.37335604429244995 0.9993675351142883 -1 -1 -1 -1 -1 -1 -1 -1 -1
0.5102595090866089 0.37181299924850464 0.9969948530197144 -1 -1 -1 -1 -1 -1 -1 -1 -1
0.4797512888908386 0.39635005593299866 0.3164638876914978 -1 -1 -1 -1 -1 -1 -1 -1 -1
0.48174598813056946 0.378999263048172 0.24428510665893555 -1 -1 -1 -1 -1 -1 -1 -1 -1
0.46468421816825867 0.39739328622817993 0.1857391595840454 -1 -1 -1 -1 -1 -1 -1 -1 -1
0.46947959065437317 0.4039781093597412 0.1948392391204834 -1 -1 -1 -1 -1 -1 -1 -1 -1
0.4599508047103882 0.39470139145851135 0.1579737812280655 -1 -1 -1 -1 -1 -1 -1 -1 -1
0.4650005102157593 0.41076481342315674 0.1890718638896942 -1 -1 -1 -1 -1 -1 -1 -1 -1
0.4632021486759186 0.39370864629745483 0.1527080535888672 -1 -1 -1 -1 -1 -1 -1 -1 -1
0.46834588050842285 0.4130270481109619 0.1810818612575531 -1 -1 -1 -1 -1 -1 -1 -1 -1
0.4646987318992615 0.39512255787849426 0.11258246749639511 -1 -1 -1 -1 -1 -1 -1 -1 -1
0.4698648452758789 0.4092656075954437 0.1461174488067627 -1 -1 -1 -1 -1 -1 -1 -1 -1
0.46847623586654663 0.383167564868927 0.9998098015785217 -1 -1 -1 -1 -1 -1 -1 -1 -1
0.46332862973213196 0.37436428666114807 0.9995520710945129 -1 -1 -1 -1 -1 -1 -1 -1 -1
0.45599550008773804 0.43449729681015015 0.22420810163021088 -1 -1 -1 -1 -1 -1 -1 -1 -1
0.45165202021598816 0.41674748063087463 0.10417039692401886 -1 -1 -1 -1 -1 -1 -1 -1 -1
0.43140697479248047 0.4612807631492615 0.46887364983558655 -1 -1 -1 -1 -1 -1 -1 -1 -1
0.4285389184951782 0.43725451827049255 0.24014359712600708 -1 -1 -1 -1 -1 -1 -1 -1 -1
0.4264795184135437 0.4633702039718628 0.36729660630226135 -1 -1 -1 -1 -1 -1 -1 -1 -1
0.42442619800567627 0.43936973810195923 0.13921688497066498 -1 -1 -1 -1 -1 -1 -1 -1 -1
0.4254593253135681 0.47123637795448303 0.40453922748565674 -1 -1 -1 -1 -1 -1 -1 -1 -1
0.4220280945301056 0.45378199219703674 0.22048991918563843 -1 -1 -1 -1 -1 -1 -1 -1 -1
1 
33 
-1 -1 -1 -1 -1 -1 -1 -1 -1 -1
0.445272296667099 0.44622179865837097 0.9998736381530762 -1 -1 -1 -1 -1 -1 -1 -1 -1
0.4454491138458252 0.4478263258934021 0.9998966455459595 -1 -1 -1 -1 -1 -1 -1 -1 -1
0.44583871960639954 0.4484655261039734 0.9998602867126465 -1 -1 -1 -1 -1 -1 -1 -1 -1
0.44623246788978577 0.44910573959350586 0.9998511075973511 -1 -1 -1 -1 -1 -1 -1 -1 -1
0.4446996748447418 0.44584426283836365 0.9999350309371948 -1 -1 -1 -1 -1 -1 -1 -1 -1
0.4446280300617218 0.44529059529304504 0.9999421834945679 -1 -1 -1 -1 -1 -1 -1 -1 -1
0.44454821944236755 0.4447212815284729 0.9999486207962036 -1 -1 -1 -1 -1 -1 -1 -1 -1
0.449807345867157 0.44991371035575867 0.9998741149902344 -1 -1 -1 -1 -1 -1 -1 -1 -1
0.44700491428375244 0.44234728813171387 0.9999356269836426 -1 -1 -1 -1 -1 -1 -1 -1 -1
0.44768473505973816 0.44607609510421753 0.999667763710022 -1 -1 -1 -1 -1 -1 -1 -1 -1
0.44707149267196655 0.4446733593940735 0.9997674822807312 -1 -1 -1 -1 -1 -1 -1 -1 -1
0.46270933747291565 0.4536638557910919 0.9978979825973511 -1 -1 -1 -1 -1 -1 -1 -1 -1
0.45091772079467773 0.42805027961730957 0.999230146408081 -1 -1 -1 -1 -1 -1 -1 -1 -1
0.4675676226615906 0.45084089040756226 0.1308010369539261 -1 -1 -1 -1 -1 -1 -1 -1 -1
0.4425017833709717 0.4213941693305969 0.8952541351318359 -1 -1 -1 -1 -1 -1 -1 -1 -1
0.4680030047893524 0.4461215138435364 0.08043379336595535 -1 -1 -1 -1 -1 -1 -1 -1 -1
0.4316909909248352 0.41968202590942383 0.8651618957519531 -1 -1 -1 -1 -1 -1 -1 -1 -1
0.4699018895626068 0.44671642780303955 0.10043145716190338 -1 -1 -1 -1 -1 -1 -1 -1 -1
0.42912763357162476 0.41539931297302246 0.8719822764396667 -1 -1 -1 -1 -1 -1 -1 -1 -1
0.4691501557826996 0.4437066614627838 0.09926105290651321 -1 -1 -1 -1 -1 -1 -1 -1 -1
0.42935410141944885 0.4180167019367218 0.868818461894989 -1 -1 -1 -1 -1 -1 -1 -1 -1
0.46823492646217346 0.4424563944339752 0.09762317687273026 -1 -1 -1 -1 -1 -1 -1 -1 -1
0.43098077178001404 0.4200875163078308 0.7894043326377869 -1 -1 -1 -1 -1 -1 -1 -1 -1
0.4770018458366394 0.4186912477016449 0.9998167157173157 -1 -1 -1 -1 -1 -1 -1 -1 -1
0.4726262092590332 0.4094580411911011 0.9998445510864258 -1 -1 -1 -1 -1 -1 -1 -1 -1
0.47935715317726135 0.4151146411895752 0.1956767737865448 -1 -1 -1 -1 -1 -1 -1 -1 -1
0.47506362199783325 0.40453147888183594 0.1369341015815735 -1 -1 -1 -1 -1 -1 -1 -1 -1
0.4888240694999695 0.41547611355781555 0.33437609672546387 -1 -1 -1 -1 -1 -1 -1 -1 -1
0.4805667996406555 0.4104515016078949 0.3221763074398041 -1 -1 -1 -1 -1 -1 -1 -1 -1
0.49020087718963623 0.4145977199077606 0.3607529401779175 -1 -1 -1 -1 -1 -1 -1 -1 -1
0.4816686809062958 0.41146788001060486 0.4271456003189087 -1 -1 -1 -1 -1 -1 -1 -1 -1
0.4895622134208679 0.4158647358417511 0.22977128624916077 -1 -1 -1 -1 -1 -1 -1 -1 -1
0.4823552370071411 0.4104986786842346 0.20142343640327454 -1 -1 -1 -1 -1 -1 -1 -1 -1
1 
33 
-1 -1 -1 -1 -1 -1 -1 -1 -1 -1
0.529534637928009 0.39742788672447205 0.6657862067222595 -1 -1 -1 -1 -1 -1 -1 -1 -1
0.5318410396575928 0.3969212770462036 0.7162244319915771 -1 -1 -1 -1 -1 -1 -1 -1 -1
0.5316601395606995 0.3972751796245575 0.731728732585907 -1 -1 -1 -1 -1 -1 -1 -1 -1
0.5314620733261108 0.39761632680892944 0.7402474284172058 -1 -1 -1 -1 -1 -1 -1 -1 -1
0.5324757099151611 0.3973047137260437 0.6571731567382812 -1 -1 -1 -1 -1 -1 -1 -1 -1
0.5327509045600891 0.39781174063682556 0.6759236454963684 -1 -1 -1 -1 -1 -1 -1 -1 -1
0.5330229997634888 0.39835822582244873 0.6583132743835449 -1 -1 -1 -1 -1 -1 -1 -1 -1
0.530389666557312 0.40324607491493225 0.8445362448692322 -1 -1 -1 -1 -1 -1 -1 -1 -1
0.532601535320282 0.40404635667800903 0.6933759450912476 -1 -1 -1 -1 -1 -1 -1 -1 -1
0.5261329412460327 0.40180036425590515 0.7877097129821777 -1 -1 -1 -1 -1 -1 -1 -1 -1
0.5268396735191345 0.4020765423774719 0.7268499135971069 -1 -1 -1 -1 -1 -1 -1 -1 -1
0.5111823081970215 0.41954511404037476 0.999803364276886 -1 -1 -1 -1 -1 -1 -1 -1 -1
0.5180878639221191 0.4244984984397888 0.999483585357666 -1 -1 -1 -1 -1 -1 -1 -1 -1
0.4716903865337372 0.44013264775276184 0.4328885078430176 -1 -1 -1 -1 -1 -1 -1 -1 -1
0.477348655462265 0.4452294707298279 0.3663150668144226 -1 -1 -1 -1 -1 -1 -1 -1 -1
0.4624364972114563 0.46402162313461304 0.6763781309127808 -1 -1 -1 -1 -1 -1 -1 -1 -1
0.4608229994773865 0.4627475440502167 0.3849477767944336 -1 -1 -1 -1 -1 -1 -1 -1 -1
0.4612676799297333 0.466494619846344 0.6834896206855774 -1 -1 -1 -1 -1 -1 -1 -1 -1
0.45777469873428345 0.46616682410240173 0.3895530104637146 -1 -1 -1 -1 -1 -1 -1 -1 -1
0.4648433029651642 0.4715622663497925 0.6876327991485596 -1 -1 -1 -1 -1 -1 -1 -1 -1
0.4606453776359558 0.46516773104667664 0.37048423290252686 -1 -1 -1 -1 -1 -1 -1 -1 -1
0.4654540419578552 0.4704979360103607 0.5966784358024597 -1 -1 -1 -1 -1 -1 -1 -1 -1
0.46222200989723206 0.46446627378463745 0.33677491545677185 -1 -1 -1 -1 -1 -1 -1 -1 -1
0.4476797878742218 0.36308327317237854 0.9999507665634155 -1 -1 -1 -1 -1 -1 -1 -1 -1
0.4520864188671112 0.37246575951576233 0.9998236298561096 -1 -1 -1 -1 -1 -1 -1 -1 -1
0.40422534942626953 0.36164918541908264 0.16515712440013885 -1 -1 -1 -1 -1 -1 -1 -1 -1
0.4082828164100647 0.39698439836502075 0.08731192350387573 -1 -1 -1 -1 -1 -1 -1 -1 -1
0.36413219571113586 0.36283883452415466 0.2425190508365631 -1 -1 -1 -1 -1 -1 -1 -1 -1
0.3636380136013031 0.3616214692592621 0.21625113487243652 -1 -1 -1 -1 -1 -1 -1 -1 -1
0.36130380630493164 0.36386072635650635 0.37410321831703186 -1 -1 -1 -1 -1 -1 -1 -1 -1
0.35995975136756897 0.3531327247619629 0.299157053232193 -1 -1 -1 -1 -1 -1 -1 -1 -1
0.3444581627845764 0.3659486472606659 0.3481297492980957 -1 -1 -1 -1 -1 -1 -1 -1 -1
0.3434775769710541 0.35881951451301575 0.2829377055168152 -1 -1 -1 -1 -1 -1 -1 -1 -1
1 
33 
-1 -1 -1 -1 -1 -1 -1 -1 -1 -1
0.45206528902053833 0.40114885568618774 0.9980615973472595 -1 -1 -1 -1 -1 -1 -1 -1 -1
0.44640016555786133 0.4053196310997009 0.9974068999290466 -1 -1 -1 -1 -1 -1 -1 -1 -1
0.4460824429988861 0.4057599902153015 0.996924102306366 -1 -1 -1 -1 -1 -1 -1 -1 -1
0.4457465410232544 0.40608763694763184 0.9968143105506897 -1 -1 -1 -1 -1 -1 -1 -1 -1
0.4459186792373657 0.40764740109443665 0.9984400868415833 -1 -1 -1 -1 -1 -1 -1 -1 -1
0.44534412026405334 0.40983182191848755 0.9983260035514832 -1 -1 -1 -1 -1 -1 -1 -1 -1
0.4445767104625702 0.41195976734161377 0.9984365105628967 -1 -1 -1 -1 -1 -1 -1 -1 -1
0.44524896144866943 0.4180602729320526 0.9904888868331909 -1 -1 -1 -1 -1 -1 -1 -1 -1
0.4445244073867798 0.4254792332649231 0.9973272085189819 -1 -1 -1 -1 -1 -1 -1 -1 -1
0.4553666114807129 0.40563955903053284 0.991675615310669 -1 -1 -1 -1 -1 -1 -1 -1 -1
0.454555481672287 0.40830010175704956 0.991229772567749 -1 -1 -1 -1 -1 -1 -1 -1 -1
0.4679465889930725 0.4430461823940277 0.9945031404495239 -1 -1 -1 -1 -1 -1 -1 -1 -1
0.46014276146888733 0.44810327887535095 0.9990121126174927 -1 -1 -1 -1 -1 -1 -1 -1 -1
0.4870743155479431 0.3832886815071106 0.07001694291830063 -1 -1 -1 -1 -1 -1 -1 -1 -1
0.48996737599372864 0.36894071102142334 0.8332042694091797 -1 -1 -1 -1 -1 -1 -1 -1 -1
0.4830748438835144 0.3370685577392578 0.06078248843550682 -1 -1 -1 -1 -1 -1 -1 -1 -1
0.4783926010131836 0.33426856994628906 0.42390385270118713 -1 -1 -1 -1 -1 -1 -1 -1 -1
0.4800283908843994 0.32683295011520386 0.06229374185204506 -1 -1 -1 -1 -1 -1 -1 -1 -1
0.4740743339061737 0.3133608102798462 0.33528420329093933 -1 -1 -1 -1 -1 -1 -1 -1 -1
0.47984758019447327 0.3297211527824402 0.06659292429685593 -1 -1 -1 -1 -1 -1 -1 -1 -1
0.4743438959121704 0.32822713255882263 0.3322852551937103 -1 -1 -1 -1 -1 -1 -1 -1 -1
0.47938674688339233 0.32976990938186646 0.0755639374256134 -1 -1 -1 -1 -1 -1 -1 -1 -1
0.47397705912590027 0.3308790326118469 0.2956013083457947 -1 -1 -1 -1 -1 -1 -1 -1 -1
0.5495060682296753 0.46529123187065125 0.9863986372947693 -1 -1 -1 -1 -1 -1 -1 -1 -1
0.5434914231300354 0.4550468325614929 0.9874200224876404 -1 -1 -1 -1 -1 -1 -1 -1 -1
0.4844878613948822 0.3789784014225006 0.0770486444234848 -1 -1 -1 -1 -1 -1 -1 -1 -1
0.48274025321006775 0.3713252544403076 0.7177078127861023 -1 -1 -1 -1 -1 -1 -1 -1 -1
0.42879363894462585 0.2779655456542969 0.2996416985988617 -1 -1 -1 -1 -1 -1 -1 -1 -1
0.42694923281669617 0.27145975828170776 0.8297043442726135 -1 -1 -1 -1 -1 -1 -1 -1 -1
0.4308440685272217 0.27044135332107544 0.3068617284297943 -1 -1 -1 -1 -1 -1 -1 -1 -1
0.43237876892089844 0.2623651623725891 0.7623167037963867 -1 -1 -1 -1 -1 -1 -1 -1 -1
0.3961936831474304 0.29741647839546204 0.3895208239555359 -1 -1 -1 -1 -1 -1 -1 -1 -1
0.398734450340271 0.27123403549194336 0.8030205965042114 -1 -1 -1 -1 -1 -1 -1 -1 -1
1 
