25
1 
33 
-1 -1 -1 -1 -1 -1 -1 -1 -1 -1
0.46221038699150085 0.30672046542167664 0.992499053478241 -1 -1 -1 -1 -1 -1 -1 -1 -1
0.4645101726055145 0.2980624735355377 0.9955173134803772 -1 -1 -1 -1 -1 -1 -1 -1 -1
0.4653540849685669 0.29827746748924255 0.9960022568702698 -1 -1 -1 -1 -1 -1 -1 -1 -1
0.4662751853466034 0.2983933687210083 0.9962523579597473 -1 -1 -1 -1 -1 -1 -1 -1 -1
0.4643321633338928 0.29803407192230225 0.9943939447402954 -1 -1 -1 -1 -1 -1 -1 -1 -1
0.46500614285469055 0.29837626218795776 0.992394208908081 -1 -1 -1 -1 -1 -1 -1 -1 -1
0.46572673320770264 0.2986578643321991 0.992720365524292 -1 -1 -1 -1 -1 -1 -1 -1 -1
0.4751195013523102 0.303886353969574 0.9966617822647095 -1 -1 -1 -1 -1 -1 -1 -1 -1
0.47406333684921265 0.30505648255348206 0.9841820597648621 -1 -1 -1 -1 -1 -1 -1 -1 -1
0.46585583686828613 0.3155939280986786 0.983174741268158 -1 -1 -1 -1 -1 -1 -1 -1 -1
0.46556153893470764 0.31630221009254456 0.9778337478637695 -1 -1 -1 -1 -1 -1 -1 -1 -1
0.4866473376750946 0.3339254558086395 0.9982331991195679 -1 -1 -1 -1 -1 -1 -1 -1 -1
0.4864354431629181 0.34217479825019836 0.9622507095336914 -1 -1 -1 -1 -1 -1 -1 -1 -1
0.4807027578353882 0.26327773928642273 0.9980484247207642 -1 -1 -1 -1 -1 -1 -1 -1 -1
0.47779586911201477 0.2734226584434509 0.057901959866285324 -1 -1 -1 -1 -1 -1 -1 -1 -1
0.4821249842643738 0.1947532594203949 0.9783360958099365 -1 -1 -1 -1 -1 -1 -1 -1 -1
0.47974511981010437 0.2147652506828308 0.15776732563972473 -1 -1 -1 -1 -1 -1 -1 -1 -1
0.4814699590206146 0.1770595908164978 0.9593485593795776 -1 -1 -1 -1 -1 -1 -1 -1 -1
0.47990384697914124 0.19642996788024902 0.2421017289161682 -1 -1 -1 -1 -1 -1 -1 -1 -1
0.4836077094078064 0.1764552891254425 0.9516100287437439 -1 -1 -1 -1 -1 -1 -1 -1 -1
0.4809369146823883 0.19178685545921326 0.24520587921142578 -1 -1 -1 -1 -1 -1 -1 -1 -1
0.4834866225719452 0.18002763390541077 0.9306422472000122 -1 -1 -1 -1 -1 -1 -1 -1 -1
0.4808700680732727 0.19592925906181335 0.2647605538368225 -1 -1 -1 -1 -1 -1 -1 -1 -1
0.4886728823184967 0.494047075510025 0.9987271428108215 -1 -1 -1 -1 -1 -1 -1 -1 -1
0.4877139627933502 0.499205082654953 0.9951674938201904 -1 -1 -1 -1 -1 -1 -1 -1 -1
0.49759209156036377 0.6034325957298279 0.9779722690582275 -1 -1 -1 -1 -1 -1 -1 -1 -1
0.49334824085235596 0.6027928590774536 0.3411826193332672 -1 -1 -1 -1 -1 -1 -1 -1 -1
0.5081167817115784 0.7241894602775574 0.9778279662132263 -1 -1 -1 -1 -1 -1 -1 -1 -1
0.5030466318130493 0.7225919961929321 0.5021896958351135 -1 -1 -1 -1 -1 -1 -1 -1 -1
0.5176977515220642 0.7374379634857178 0.968949556350708 -1 -1 -1 -1 -1 -1 -1 -1 -1
0.5112744569778442 0.7410914897918701 0.6128445863723755 -1 -1 -1 -1 -1 -1 -1 -1 -1
0.4909555912017822 0.7776528596878052 0.9742794036865234 -1 -1 -1 -1 -1 -1 -1 -1 -1
0.4911925196647644 0.7645193934440613 0.6394696235656738 -1 -1 -1 -1 -1 -1 -1 -1 -1
1 
33 
-1 -1 -1 -1 -1 -1 -1 -1 -1 -1
0.4636307954788208 0.30436453223228455 0.9935821890830994 -1 -1 -1 -1 -1 -1 -1 -1 -1
0.4662179946899414 0.29723143577575684 0.9957697987556458 -1 -1 -1 -1 -1 -1 -1 -1 -1
0.4671330451965332 0.2975143790245056 0.9960892200469971 -1 -1 -1 -1 -1 -1 -1 -1 -1
0.4680946469306946 0.29784876108169556 0.9962531328201294 -1 -1 -1 -1 -1 -1 -1 -1 -1
0.4659419655799866 0.29693305492401123 0.9948574304580688 -1 -1 -1 -1 -1 -1 -1 -1 -1
0.4665880799293518 0.29698801040649414 0.9935837388038635 -1 -1 -1 -1 -1 -1 -1 -1 -1
0.46723952889442444 0.2970920205116272 0.9936331510543823 -1 -1 -1 -1 -1 -1 -1 -1 -1
0.4764581322669983 0.30375877022743225 0.9960849285125732 -1 -1 -1 -1 -1 -1 -1 -1 -1
0.4740433096885681 0.30418017506599426 0.9857162833213806 -1 -1 -1 -1 -1 -1 -1 -1 -1
0.46822065114974976 0.3129149079322815 0.9860868453979492 -1 -1 -1 -1 -1 -1 -1 -1 -1
0.4678528904914856 0.3127063512802124 0.9823529124259949 -1 -1 -1 -1 -1 -1 -1 -1 -1
0.4848845899105072 0.33692142367362976 0.9982571005821228 -1 -1 -1 -1 -1 -1 -1 -1 -1
0.4842216372489929 0.3410586714744568 0.9796987771987915 -1 -1 -1 -1 -1 -1 -1 -1 -1
0.48048150539398193 0.2692956328392029 0.9958410859107971 -1 -1 -1 -1 -1 -1 -1 -1 -1
0.4751949906349182 0.27042943239212036 0.1723872572183609 -1 -1 -1 -1 -1 -1 -1 -1 -1
0.48288965225219727 0.19964063167572021 0.9731845855712891 -1 -1 -1 -1 -1 -1 -1 -1 -1
0.47831618785858154 0.2149556279182434 0.36734628677368164 -1 -1 -1 -1 -1 -1 -1 -1 -1
0.48270124197006226 0.18157967925071716 0.9547548890113831 -1 -1 -1 -1 -1 -1 -1 -1 -1
0.47863879799842834 0.19558390974998474 0.4490816295146942 -1 -1 -1 -1 -1 -1 -1 -1 -1
0.48374268412590027 0.17945119738578796 0.9465315937995911 -1 -1 -1 -1 -1 -1 -1 -1 -1
0.47872471809387207 0.1902514100074768 0.4496229887008667 -1 -1 -1 -1 -1 -1 -1 -1 -1
0.483638733625412 0.1847539246082306 0.9222246408462524 -1 -1 -1 -1 -1 -1 -1 -1 -1
0.47865238785743713 0.1950400471687317 0.46549394726753235 -1 -1 -1 -1 -1 -1 -1 -1 -1
0.48821672797203064 0.4956243634223938 0.9987742304801941 -1 -1 -1 -1 -1 -1 -1 -1 -1
0.48717209696769714 0.5002453327178955 0.996557354927063 -1 -1 -1 -1 -1 -1 -1 -1 -1
0.49728721380233765 0.6047952175140381 0.9808380007743835 -1 -1 -1 -1 -1 -1 -1 -1 -1
0.49281957745552063 0.6038230061531067 0.44336819648742676 -1 -1 -1 -1 -1 -1 -1 -1 -1
0.5076464414596558 0.7246625423431396 0.9799474477767944 -1 -1 -1 -1 -1 -1 -1 -1 -1
0.5027468204498291 0.7207546830177307 0.5898796916007996 -1 -1 -1 -1 -1 -1 -1 -1 -1
0.5184791684150696 0.7364670038223267 0.9692513942718506 -1 -1 -1 -1 -1 -1 -1 -1 -1
0.5119415521621704 0.7377701997756958 0.672435998916626 -1 -1 -1 -1 -1 -1 -1 -1 -1
0.4908856451511383 0.778082013130188 0.9797500371932983 -1 -1 -1 -1 -1 -1 -1 -1 -1
0.4894159734249115 0.7657276391983032 0.7364469170570374 -1 -1 -1 -1 -1 -1 -1 -1 -1
1 
33 
-1 -1 -1 -1 -1 -1 -1 -1 -1 -1
0.46079903841018677 0.28778305649757385 0.9941191673278809 -1 -1 -1 -1 -1 -1 -1 -1 -1
0.46513649821281433 0.2787012755870819 0.9954792261123657 -1 -1 -1 -1 -1 -1 -1 -1 -1
0.4662160575389862 0.27879607677459717 0.9961528182029724 -1 -1 -1 -1 -1 -1 -1 -1 -1
0.46753111481666565 0.27896398305892944 0.995380163192749 -1 -1 -1 -1 -1 -1 -1 -1 -1
0.4654046893119812 0.2793627679347992 0.9941965341567993 -1 -1 -1 -1 -1 -1 -1 -1 -1
0.4664135277271271 0.279973566532135 0.9938485026359558 -1 -1 -1 -1 -1 -1 -1 -1 -1
0.4675578474998474 0.28057634830474854 0.9926421046257019 -1 -1 -1 -1 -1 -1 -1 -1 -1
0.4774947166442871 0.2872038185596466 0.9952247142791748 -1 -1 -1 -1 -1 -1 -1 -1 -1
0.4748014211654663 0.2861363887786865 0.9877157807350159 -1 -1 -1 -1 -1 -1 -1 -1 -1
0.46568021178245544 0.29871422052383423 0.9787437319755554 -1 -1 -1 -1 -1 -1 -1 -1 -1
0.4652703106403351 0.30019044876098633 0.9769827127456665 -1 -1 -1 -1 -1 -1 -1 -1 -1
0.48453837633132935 0.3350376784801483 0.9966362714767456 -1 -1 -1 -1 -1 -1 -1 -1 -1
0.4818706810474396 0.3286627531051636 0.9816334843635559 -1 -1 -1 -1 -1 -1 -1 -1 -1
0.47820279002189636 0.27463769912719727 0.9867841005325317 -1 -1 -1 -1 -1 -1 -1 -1 -1
0.4727990925312042 0.2673909068107605 0.273245632648468 -1 -1 -1 -1 -1 -1 -1 -1 -1
0.4825361967086792 0.18219634890556335 0.952242374420166 -1 -1 -1 -1 -1 -1 -1 -1 -1
0.47743910551071167 0.1913483440876007 0.4895247220993042 -1 -1 -1 -1 -1 -1 -1 -1 -1
0.48106375336647034 0.1605221927165985 0.923662006855011 -1 -1 -1 -1 -1 -1 -1 -1 -1
0.47748395800590515 0.17077502608299255 0.561732292175293 -1 -1 -1 -1 -1 -1 -1 -1 -1
0.4826489984989166 0.1579432487487793 0.913284420967102 -1 -1 -1 -1 -1 -1 -1 -1 -1
0.4777989983558655 0.1687275469303131 0.5558052659034729 -1 -1 -1 -1 -1 -1 -1 -1 -1
0.4831179082393646 0.16566088795661926 0.8899388313293457 -1 -1 -1 -1 -1 -1 -1 -1 -1
0.4778648018836975 0.17315450310707092 0.550345242023468 -1 -1 -1 -1 -1 -1 -1 -1 -1
0.49109262228012085 0.5061825513839722 0.9985339641571045 -1 -1 -1 -1 -1 -1 -1 -1 -1
0.4864005148410797 0.5142889022827148 0.9980140924453735 -1 -1 -1 -1 -1 -1 -1 -1 -1
0.4885842204093933 0.5834808349609375 0.9862868189811707 -1 -1 -1 -1 -1 -1 -1 -1 -1
0.4962191879749298 0.5923324823379517 0.695634126663208 -1 -1 -1 -1 -1 -1 -1 -1 -1
0.5045455694198608 0.6981122493743896 0.9719316363334656 -1 -1 -1 -1 -1 -1 -1 -1 -1
0.49871644377708435 0.7099289894104004 0.7666919231414795 -1 -1 -1 -1 -1 -1 -1 -1 -1
0.5149160623550415 0.710023045539856 0.9801279306411743 -1 -1 -1 -1 -1 -1 -1 -1 -1
0.5037631988525391 0.74250328540802 0.8004977703094482 -1 -1 -1 -1 -1 -1 -1 -1 -1
0.48843351006507874 0.7578524947166443 0.9772741794586182 -1 -1 -1 -1 -1 -1 -1 -1 -1
0.48740828037261963 0.769987940788269 0.8426417112350464 -1 -1 -1 -1 -1 -1 -1 -1 -1
1 
33 
-1 -1 -1 -1 -1 -1 -1 -1 -1 -1
0.46316707134246826 0.28659993410110474 0.9949593544006348 -1 -1 -1 -1 -1 -1 -1 -1 -1
0.4658726751804352 0.2786944508552551 0.9972718358039856 -1 -1 -1 -1 -1 -1 -1 -1 -1
0.4668309688568115 0.2789396643638611 0.997512698173523 -1 -1 -1 -1 -1 -1 -1 -1 -1
0.4678947627544403 0.27937835454940796 0.9973868727684021 -1 -1 -1 -1 -1 -1 -1 -1 -1
0.4657752513885498 0.27822551131248474 0.9966344237327576 -1 -1 -1 -1 -1 -1 -1 -1 -1
0.4665279984474182 0.2781153917312622 0.9957625269889832 -1 -1 -1 -1 -1 -1 -1 -1 -1
0.4673198461532593 0.27820760011672974 0.995457649230957 -1 -1 -1 -1 -1 -1 -1 -1 -1
0.47703108191490173 0.2849409580230713 0.9968530535697937 -1 -1 -1 -1 -1 -1 -1 -1 -1
0.47495144605636597 0.28496304154396057 0.9903891682624817 -1 -1 -1 -1 -1 -1 -1 -1 -1
0.4672873616218567 0.2943466901779175 0.9888494610786438 -1 -1 -1 -1 -1 -1 -1 -1 -1
0.46693819761276245 0.29417338967323303 0.9871976971626282 -1 -1 -1 -1 -1 -1 -1 -1 -1
0.4849037528038025 0.31724387407302856 0.9979537725448608 -1 -1 -1 -1 -1 -1 -1 -1 -1
0.4863269031047821 0.3202393352985382 0.977340579032898 -1 -1 -1 -1 -1 -1 -1 -1 -1
0.4808353781700134 0.24732433259487152 0.9968245029449463 -1 -1 -1 -1 -1 -1 -1 -1 -1
0.47509750723838806 0.24442259967327118 0.12311043590307236 -1 -1 -1 -1 -1 -1 -1 -1 -1
0.48385122418403625 0.17375239729881287 0.9806248545646667 -1 -1 -1 -1 -1 -1 -1 -1 -1
0.4815217852592468 0.18619924783706665 0.3173556625843048 -1 -1 -1 -1 -1 -1 -1 -1 -1
0.48372766375541687 0.15704765915870667 0.9661698341369629 -1 -1 -1 -1 -1 -1 -1 -1 -1
0.4817240834236145 0.16617611050605774 0.4268222749233246 -1 -1 -1 -1 -1 -1 -1 -1 -1
0.4845975637435913 0.15695416927337646 0.9595263004302979 -1 -1 -1 -1 -1 -1 -1 -1 -1
0.48157280683517456 0.1643185019493103 0.4293891489505768 -1 -1 -1 -1 -1 -1 -1 -1 -1
0.48433125019073486 0.16120418906211853 0.9369067549705505 -1 -1 -1 -1 -1 -1 -1 -1 -1
0.48138323426246643 0.16821134090423584 0.4389863610267639 -1 -1 -1 -1 -1 -1 -1 -1 -1
0.48914971947669983 0.48839062452316284 0.9983797073364258 -1 -1 -1 -1 -1 -1 -1 -1 -1
0.48911380767822266 0.48972535133361816 0.9949512481689453 -1 -1 -1 -1 -1 -1 -1 -1 -1
0.4953751564025879 0.5961518287658691 0.9779307842254639 -1 -1 -1 -1 -1 -1 -1 -1 -1
0.4925709068775177 0.5920953750610352 0.3909800350666046 -1 -1 -1 -1 -1 -1 -1 -1 -1
0.5028437972068787 0.7060924172401428 0.9770693182945251 -1 -1 -1 -1 -1 -1 -1 -1 -1
0.49982649087905884 0.7024836540222168 0.5143044590950012 -1 -1 -1 -1 -1 -1 -1 -1 -1
0.5126991868019104 0.7230676412582397 0.9849659204483032 -1 -1 -1 -1 -1 -1 -1 -1 -1
0.50909823179245 0.7235410213470459 0.6567615866661072 -1 -1 -1 -1 -1 -1 -1 -1 -1
0.48507407307624817 0.7507745027542114 0.9774619936943054 -1 -1 -1 -1 -1 -1 -1 -1 -1
0.4869655668735504 0.7420490980148315 0.6737528443336487 -1 -1 -1 -1 -1 -1 -1 -1 -1
1 
33 
-1 -1 -1 -1 -1 -1 -1 -1 -1 -1
0.4636322557926178 0.28124547004699707 0.9904847145080566 -1 -1 -1 -1 -1 -1 -1 -1 -1
0.466836541891098 0.2717379927635193 0.9937593936920166 -1 -1 -1 -1 -1 -1 -1 -1 -1
0.46777158975601196 0.2716918885707855 0.9940856695175171 -1 -1 -1 -1 -1 -1 -1 -1 -1
0.46887174248695374 0.27172842621803284 0.9944837689399719 -1 -1 -1 -1 -1 -1 -1 -1 -1
0.46673980355262756 0.27161484956741333 0.9932371973991394 -1 -1 -1 -1 -1 -1 -1 -1 -1
0.46749037504196167 0.27150487899780273 0.9911653399467468 -1 -1 -1 -1 -1 -1 -1 -1 -1
0.4682462215423584 0.27147260308265686 0.9914135932922363 -1 -1 -1 -1 -1 -1 -1 -1 -1
0.477392315864563 0.27636122703552246 0.9938733577728271 -1 -1 -1 -1 -1 -1 -1 -1 -1
0.47585374116897583 0.277222216129303 0.9798231720924377 -1 -1 -1 -1 -1 -1 -1 -1 -1
0.46746107935905457 0.28838568925857544 0.9756263494491577 -1 -1 -1 -1 -1 -1 -1 -1 -1
0.4672863185405731 0.2885082960128784 0.9745401740074158 -1 -1 -1 -1 -1 -1 -1 -1 -1
0.4853394031524658 0.3064730167388916 0.996553897857666 -1 -1 -1 -1 -1 -1 -1 -1 -1
0.4852374494075775 0.3175373375415802 0.9646996855735779 -1 -1 -1 -1 -1 -1 -1 -1 -1
0.4814494848251343 0.23569998145103455 0.995621383190155 -1 -1 -1 -1 -1 -1 -1 -1 -1
0.474729061126709 0.24799922108650208 0.08696524053812027 -1 -1 -1 -1 -1 -1 -1 -1 -1
0.484535276889801 0.16256579756736755 0.9717302322387695 -1 -1 -1 -1 -1 -1 -1 -1 -1
0.47411781549453735 0.18839621543884277 0.2131899893283844 -1 -1 -1 -1 -1 -1 -1 -1 -1
0.484930157661438 0.14383387565612793 0.9468400478363037 -1 -1 -1 -1 -1 -1 -1 -1 -1
0.47815030813217163 0.17378780245780945 0.3008728623390198 -1 -1 -1 -1 -1 -1 -1 -1 -1
0.48658737540245056 0.14233964681625366 0.9365845918655396 -1 -1 -1 -1 -1 -1 -1 -1 -1
0.47732046246528625 0.16994547843933105 0.30021706223487854 -1 -1 -1 -1 -1 -1 -1 -1 -1
0.4860677719116211 0.14849886298179626 0.910192608833313 -1 -1 -1 -1 -1 -1 -1 -1 -1
0.4746205508708954 0.17374861240386963 0.3134172856807709 -1 -1 -1 -1 -1 -1 -1 -1 -1
0.4900907874107361 0.4739609360694885 0.9980002045631409 -1 -1 -1 -1 -1 -1 -1 -1 -1
0.48878806829452515 0.4815066158771515 0.9950264096260071 -1 -1 -1 -1 -1 -1 -1 -1 -1
0.4925518333911896 0.5758930444717407 0.9730254411697388 -1 -1 -1 -1 -1 -1 -1 -1 -1
0.4906561076641083 0.5844588279724121 0.4571961760520935 -1 -1 -1 -1 -1 -1 -1 -1 -1
0.4958822727203369 0.6862435936927795 0.967298150062561 -1 -1 -1 -1 -1 -1 -1 -1 -1
0.4948972463607788 0.6930221319198608 0.6035539507865906 -1 -1 -1 -1 -1 -1 -1 -1 -1
0.5016491413116455 0.7028573155403137 0.977048933506012 -1 -1 -1 -1 -1 -1 -1 -1 -1
0.5011327862739563 0.7066724896430969 0.717312216758728 -1 -1 -1 -1 -1 -1 -1 -1 -1
0.4890912175178528 0.7214527130126953 0.9658247232437134 -1 -1 -1 -1 -1 -1 -1 -1 -1
0.49039679765701294 0.7240145802497864 0.6981395483016968 -1 -1 -1 -1 -1 -1 -1 -1 -1
1 
33 
-1 -1 -1 -1 -1 -1 -1 -1 -1 -1
0.5043866038322449 0.5700356364250183 0.9975084066390991 -1 -1 -1 -1 -1 -1 -1 -1 -1
0.5014039278030396 0.5840204358100891 0.9981136322021484 -1 -1 -1 -1 -1 -1 -1 -1 -1
0.5001879930496216 0.5846426486968994 0.997268557548523 -1 -1 -1 -1 -1 -1 -1 -1 -1
0.4996815323829651 0.5851495265960693 0.9980397820472717 -1 -1 -1 -1 -1 -1 -1 -1 -1
0.5018925666809082 0.5840893983840942 0.9979777932167053 -1 -1 -1 -1 -1 -1 -1 -1 -1
0.5016745924949646 0.5845881104469299 0.9968039989471436 -1 -1 -1 -1 -1 -1 -1 -1 -1
0.501724898815155 0.5848461389541626 0.9978457689285278 -1 -1 -1 -1 -1 -1 -1 -1 -1
0.4950350821018219 0.5857629179954529 0.9980249404907227 -1 -1 -1 -1 -1 -1 -1 -1 -1
0.49791964888572693 0.5830075740814209 0.9967777132987976 -1 -1 -1 -1 -1 -1 -1 -1 -1
0.5005053281784058 0.5642147064208984 0.9967159032821655 -1 -1 -1 -1 -1 -1 -1 -1 -1
0.5017347931861877 0.564257800579071 0.9964315891265869 -1 -1 -1 -1 -1 -1 -1 -1 -1
0.4849069118499756 0.5463641285896301 0.9996126294136047 -1 -1 -1 -1 -1 -1 -1 -1 -1
0.4879579544067383 0.5405027866363525 0.9967778325080872 -1 -1 -1 -1 -1 -1 -1 -1 -1
0.49601489305496216 0.6202965378761292 0.987913191318512 -1 -1 -1 -1 -1 -1 -1 -1 -1
0.4885818064212799 0.5292982459068298 0.13089370727539062 -1 -1 -1 -1 -1 -1 -1 -1 -1
0.49088460206985474 0.6913193464279175 0.984762966632843 -1 -1 -1 -1 -1 -1 -1 -1 -1
0.4890933334827423 0.5369526147842407 0.1445196270942688 -1 -1 -1 -1 -1 -1 -1 -1 -1
0.4916859269142151 0.7125332355499268 0.9731197953224182 -1 -1 -1 -1 -1 -1 -1 -1 -1
0.4885350465774536 0.5373175144195557 0.17904868721961975 -1 -1 -1 -1 -1 -1 -1 -1 -1
0.49070248007774353 0.7141649723052979 0.9694967865943909 -1 -1 -1 -1 -1 -1 -1 -1 -1
0.4884534478187561 0.5413605570793152 0.1840498000383377 -1 -1 -1 -1 -1 -1 -1 -1 -1
0.4904954135417938 0.7086106538772583 0.9593254923820496 -1 -1 -1 -1 -1 -1 -1 -1 -1
0.48911646008491516 0.5408501625061035 0.2002793848514557 -1 -1 -1 -1 -1 -1 -1 -1 -1
0.4816673994064331 0.39448392391204834 0.9998183846473694 -1 -1 -1 -1 -1 -1 -1 -1 -1
0.48411914706230164 0.3958948254585266 0.9989801049232483 -1 -1 -1 -1 -1 -1 -1 -1 -1
0.4842515289783478 0.2781486511230469 0.9733028411865234 -1 -1 -1 -1 -1 -1 -1 -1 -1
0.4864507019519806 0.2955763339996338 0.5203365087509155 -1 -1 -1 -1 -1 -1 -1 -1 -1
0.48168137669563293 0.16324681043624878 0.9712844491004944 -1 -1 -1 -1 -1 -1 -1 -1 -1
0.46780166029930115 0.22463209927082062 0.5678333044052124 -1 -1 -1 -1 -1 -1 -1 -1 -1
0.4766119122505188 0.15221759676933289 0.9575430750846863 -1 -1 -1 -1 -1 -1 -1 -1 -1
0.4625795781612396 0.21631526947021484 0.7018721699714661 -1 -1 -1 -1 -1 -1 -1 -1 -1
0.4902006983757019 0.12786391377449036 0.9615663886070251 -1 -1 -1 -1 -1 -1 -1 -1 -1
0.4714452922344208 0.19534191489219666 0.6688445210456848 -1 -1 -1 -1 -1 -1 -1 -1 -1
1 
33 
-1 -1 -1 -1 -1 -1 -1 -1 -1 -1
0.4596177041530609 0.2706855535507202 0.9945790767669678 -1 -1 -1 -1 -1 -1 -1 -1 -1
0.46246495842933655 0.2614762783050537 0.9966957569122314 -1 -1 -1 -1 -1 -1 -1 -1 -1
0.46330955624580383 0.2614681124687195 0.9970490336418152 -1 -1 -1 -1 -1 -1 -1 -1 -1
0.4644445776939392 0.26149982213974 0.997174859046936 -1 -1 -1 -1 -1 -1 -1 -1 -1
0.4625481367111206 0.26167482137680054 0.9963846206665039 -1 -1 -1 -1 -1 -1 -1 -1 -1
0.46331626176834106 0.26184093952178955 0.9955343008041382 -1 -1 -1 -1 -1 -1 -1 -1 -1
0.46430444717407227 0.26206251978874207 0.9953455328941345 -1 -1 -1 -1 -1 -1 -1 -1 -1
0.47480085492134094 0.2679581046104431 0.9963745474815369 -1 -1 -1 -1 -1 -1 -1 -1 -1
0.4729577600955963 0.26905882358551025 0.990222692489624 -1 -1 -1 -1 -1 -1 -1 -1 -1
0.46406102180480957 0.27876490354537964 0.9839639067649841 -1 -1 -1 -1 -1 -1 -1 -1 -1
0.4638448655605316 0.2793843746185303 0.9820623993873596 -1 -1 -1 -1 -1 -1 -1 -1 -1
0.4858064353466034 0.29687413573265076 0.9976354837417603 -1 -1 -1 -1 -1 -1 -1 -1 -1
0.4843091368675232 0.30955037474632263 0.9825907349586487 -1 -1 -1 -1 -1 -1 -1 -1 -1
0.4815039038658142 0.23647023737430573 0.9951942563056946 -1 -1 -1 -1 -1 -1 -1 -1 -1
0.47060540318489075 0.23810631036758423 0.11992240697145462 -1 -1 -1 -1 -1 -1 -1 -1 -1
0.4885653853416443 0.15814438462257385 0.9678566455841064 -1 -1 -1 -1 -1 -1 -1 -1 -1
0.48461273312568665 0.17448416352272034 0.2516762316226959 -1 -1 -1 -1 -1 -1 -1 -1 -1
0.4893154501914978 0.14139124751091003 0.94368577003479 -1 -1 -1 -1 -1 -1 -1 -1 -1
0.48418551683425903 0.15506508946418762 0.34106117486953735 -1 -1 -1 -1 -1 -1 -1 -1 -1
0.49220868945121765 0.1402493417263031 0.9336583018302917 -1 -1 -1 -1 -1 -1 -1 -1 -1
0.4834175407886505 0.15003260970115662 0.3371679484844208 -1 -1 -1 -1 -1 -1 -1 -1 -1
0.491802841424942 0.14512524008750916 0.9072811603546143 -1 -1 -1 -1 -1 -1 -1 -1 -1
0.48736003041267395 0.15533339977264404 0.3449612855911255 -1 -1 -1 -1 -1 -1 -1 -1 -1
0.4892129898071289 0.46730202436447144 0.9984272718429565 -1 -1 -1 -1 -1 -1 -1 -1 -1
0.48714736104011536 0.47767916321754456 0.9965716600418091 -1 -1 -1 -1 -1 -1 -1 -1 -1
0.4859984815120697 0.5678203701972961 0.971232533454895 -1 -1 -1 -1 -1 -1 -1 -1 -1
0.4826750159263611 0.5784310102462769 0.462935209274292 -1 -1 -1 -1 -1 -1 -1 -1 -1
0.4916192293167114 0.6872522830963135 0.9594441056251526 -1 -1 -1 -1 -1 -1 -1 -1 -1
0.4889145791530609 0.6955418586730957 0.5345072150230408 -1 -1 -1 -1 -1 -1 -1 -1 -1
0.4972808361053467 0.7057904005050659 0.978678286075592 -1 -1 -1 -1 -1 -1 -1 -1 -1
0.4943740963935852 0.7299702167510986 0.657818078994751 -1 -1 -1 -1 -1 -1 -1 -1 -1
0.48052600026130676 0.7195854187011719 0.9636408090591431 -1 -1 -1 -1 -1 -1 -1 -1 -1
0.4832799434661865 0.7362653017044067 0.6500635147094727 -1 -1 -1 -1 -1 -1 -1 -1 -1
1 
33 
-1 -1 -1 -1 -1 -1 -1 -1 -1 -1
0.45948827266693115 0.2692255675792694 0.9965793490409851 -1 -1 -1 -1 -1 -1 -1 -1 -1
0.46282267570495605 0.25999587774276733 0.9981210827827454 -1 -1 -1 -1 -1 -1 -1 -1 -1
0.4638095200061798 0.2599360942840576 0.9983684420585632 -1 -1 -1 -1 -1 -1 -1 -1 -1
0.464899480342865 0.26007241010665894 0.9984062314033508 -1 -1 -1 -1 -1 -1 -1 -1 -1
0.46287718415260315 0.26010239124298096 0.9978348612785339 -1 -1 -1 -1 -1 -1 -1 -1 -1
0.46378496289253235 0.260061651468277 0.9972600936889648 -1 -1 -1 -1 -1 -1 -1 -1 -1
0.4647376239299774 0.26017314195632935 0.9970670342445374 -1 -1 -1 -1 -1 -1 -1 -1 -1
0.4758656322956085 0.26710402965545654 0.9981885552406311 -1 -1 -1 -1 -1 -1 -1 -1 -1
0.47371312975883484 0.26806867122650146 0.9928126931190491 -1 -1 -1 -1 -1 -1 -1 -1 -1
0.46389737725257874 0.2769584059715271 0.9897777438163757 -1 -1 -1 -1 -1 -1 -1 -1 -1
0.4636695384979248 0.27730703353881836 0.9866148829460144 -1 -1 -1 -1 -1 -1 -1 -1 -1
0.4863390028476715 0.3000841736793518 0.9985535740852356 -1 -1 -1 -1 -1 -1 -1 -1 -1
0.4848635494709015 0.3109208047389984 0.9728301167488098 -1 -1 -1 -1 -1 -1 -1 -1 -1
0.48359543085098267 0.22947147488594055 0.9980085492134094 -1 -1 -1 -1 -1 -1 -1 -1 -1
0.4756675660610199 0.23019856214523315 0.10295286774635315 -1 -1 -1 -1 -1 -1 -1 -1 -1
0.493461936712265 0.15986281633377075 0.9793328642845154 -1 -1 -1 -1 -1 -1 -1 -1 -1
0.4905977249145508 0.17255845665931702 0.24268631637096405 -1 -1 -1 -1 -1 -1 -1 -1 -1
0.4962022304534912 0.1444101631641388 0.957705020904541 -1 -1 -1 -1 -1 -1 -1 -1 -1
0.4943526089191437 0.15332290530204773 0.3159538507461548 -1 -1 -1 -1 -1 -1 -1 -1 -1
0.4994461238384247 0.14426973462104797 0.9496086239814758 -1 -1 -1 -1 -1 -1 -1 -1 -1
0.4952445924282074 0.15081697702407837 0.3136063814163208 -1 -1 -1 -1 -1 -1 -1 -1 -1
0.4983229339122772 0.14942049980163574 0.929491400718689 -1 -1 -1 -1 -1 -1 -1 -1 -1
0.493648886680603 0.15577569603919983 0.32837027311325073 -1 -1 -1 -1 -1 -1 -1 -1 -1
0.4894261956214905 0.4783320426940918 0.9980630278587341 -1 -1 -1 -1 -1 -1 -1 -1 -1
0.4877018332481384 0.4822859466075897 0.9940973520278931 -1 -1 -1 -1 -1 -1 -1 -1 -1
0.48760750889778137 0.5807540416717529 0.9820677638053894 -1 -1 -1 -1 -1 -1 -1 -1 -1
0.48477303981781006 0.5853736996650696 0.371027410030365 -1 -1 -1 -1 -1 -1 -1 -1 -1
0.4915561079978943 0.6932187080383301 0.9683559536933899 -1 -1 -1 -1 -1 -1 -1 -1 -1
0.4898969829082489 0.6948878765106201 0.4907490909099579 -1 -1 -1 -1 -1 -1 -1 -1 -1
0.5009327530860901 0.7100681066513062 0.9760826826095581 -1 -1 -1 -1 -1 -1 -1 -1 -1
0.5003867149353027 0.7149455547332764 0.6325591802597046 -1 -1 -1 -1 -1 -1 -1 -1 -1
0.4684767425060272 0.7300958633422852 0.9723859429359436 -1 -1 -1 -1 -1 -1 -1 -1 -1
0.46851611137390137 0.7271109819412231 0.6759236454963684 -1 -1 -1 -1 -1 -1 -1 -1 -1
1 
33 
-1 -1 -1 -1 -1 -1 -1 -1 -1 -1
0.4603455364704132 0.26747095584869385 0.9981947541236877 -1 -1 -1 -1 -1 -1 -1 -1 -1
0.46434271335601807 0.2588144838809967 0.9990113973617554 -1 -1 -1 -1 -1 -1 -1 -1 -1
0.4652840793132782 0.25856736302375793 0.9990328550338745 -1 -1 -1 -1 -1 -1 -1 -1 -1
0.46635639667510986 0.2584511637687683 0.9991400241851807 -1 -1 -1 -1 -1 -1 -1 -1 -1
0.4645572304725647 0.25920480489730835 0.998831570148468 -1 -1 -1 -1 -1 -1 -1 -1 -1
0.46550554037094116 0.25918033719062805 0.9986086487770081 -1 -1 -1 -1 -1 -1 -1 -1 -1
0.46650230884552 0.2592328190803528 0.9988019466400146 -1 -1 -1 -1 -1 -1 -1 -1 -1
0.47701382637023926 0.2645938992500305 0.9989238381385803 -1 -1 -1 -1 -1 -1 -1 -1 -1
0.47478795051574707 0.265929251909256 0.9967240691184998 -1 -1 -1 -1 -1 -1 -1 -1 -1
0.4640212059020996 0.27346038818359375 0.9929012060165405 -1 -1 -1 -1 -1 -1 -1 -1 -1
0.4637658894062042 0.2742823362350464 0.9903857707977295 -1 -1 -1 -1 -1 -1 -1 -1 -1
0.4856013357639313 0.2913278639316559 0.9990473389625549 -1 -1 -1 -1 -1 -1 -1 -1 -1
0.4819251000881195 0.3062945604324341 0.9852408766746521 -1 -1 -1 -1 -1 -1 -1 -1 -1
0.4876300096511841 0.22493427991867065 0.9939987659454346 -1 -1 -1 -1 -1 -1 -1 -1 -1
0.4776937961578369 0.23056715726852417 0.13536526262760162 -1 -1 -1 -1 -1 -1 -1 -1 -1
0.5012410879135132 0.1569957435131073 0.9284675717353821 -1 -1 -1 -1 -1 -1 -1 -1 -1
0.4960484206676483 0.17336168885231018 0.2246178239583969 -1 -1 -1 -1 -1 -1 -1 -1 -1
0.502498984336853 0.1427725851535797 0.8766809701919556 -1 -1 -1 -1 -1 -1 -1 -1 -1
0.4997253119945526 0.1537332832813263 0.2777850031852722 -1 -1 -1 -1 -1 -1 -1 -1 -1
0.505267322063446 0.14225873351097107 0.8623263239860535 -1 -1 -1 -1 -1 -1 -1 -1 -1
0.5008773803710938 0.15099576115608215 0.275942862033844 -1 -1 -1 -1 -1 -1 -1 -1 -1
0.504717230796814 0.14745545387268066 0.8388970494270325 -1 -1 -1 -1 -1 -1 -1 -1 -1
0.49915921688079834 0.1554003357887268 0.2818072736263275 -1 -1 -1 -1 -1 -1 -1 -1 -1
0.489916056394577 0.46972575783729553 0.9996490478515625 -1 -1 -1 -1 -1 -1 -1 -1 -1
0.48662763833999634 0.47729185223579407 0.9989724159240723 -1 -1 -1 -1 -1 -1 -1 -1 -1
0.486061155796051 0.5747897028923035 0.9913856983184814 -1 -1 -1 -1 -1 -1 -1 -1 -1
0.4798661172389984 0.5801138877868652 0.4266650974750519 -1 -1 -1 -1 -1 -1 -1 -1 -1
0.493295818567276 0.7045764327049255 0.9856621623039246 -1 -1 -1 -1 -1 -1 -1 -1 -1
0.4890509843826294 0.6999368667602539 0.5917348861694336 -1 -1 -1 -1 -1 -1 -1 -1 -1
0.5036850571632385 0.7160000801086426 0.9843079447746277 -1 -1 -1 -1 -1 -1 -1 -1 -1
0.4997347295284271 0.7144945859909058 0.6668381690979004 -1 -1 -1 -1 -1 -1 -1 -1 -1
0.47468945384025574 0.7590920329093933 0.9868594408035278 -1 -1 -1 -1 -1 -1 -1 -1 -1
0.4773866832256317 0.7480504512786865 0.7504522204399109 -1 -1 -1 -1 -1 -1 -1 -1 -1
1 
33 
-1 -1 -1 -1 -1 -1 -1 -1 -1 -1
0.49330979585647583 0.5964310765266418 0.9910071492195129 -1 -1 -1 -1 -1 -1 -1 -1 -1
0.48915335536003113 0.6035035252571106 0.994635283946991 -1 -1 -1 -1 -1 -1 -1 -1 -1
0.48798272013664246 0.6031131148338318 0.9950056672096252 -1 -1 -1 -1 -1 -1 -1 -1 -1
0.4868010878562927 0.6026304364204407 0.9949615001678467 -1 -1 -1 -1 -1 -1 -1 -1 -1
0.49064937233924866 0.6041765213012695 0.9899969100952148 -1 -1 -1 -1 -1 -1 -1 -1 -1
0.4906797707080841 0.604248046875 0.987054705619812 -1 -1 -1 -1 -1 -1 -1 -1 -1
0.4906930923461914 0.6043100357055664 0.9871870279312134 -1 -1 -1 -1 -1 -1 -1 -1 -1
0.4821026027202606 0.5971177220344543 0.994914174079895 -1 -1 -1 -1 -1 -1 -1 -1 -1
0.4869729280471802 0.5993407368659973 0.9839799404144287 -1 -1 -1 -1 -1 -1 -1 -1 -1
0.4954448640346527 0.5846186876296997 0.9858675599098206 -1 -1 -1 -1 -1 -1 -1 -1 -1
0.49590227007865906 0.582955002784729 0.9817450642585754 -1 -1 -1 -1 -1 -1 -1 -1 -1
0.4826451241970062 0.571652352809906 0.9989272952079773 -1 -1 -1 -1 -1 -1 -1 -1 -1
0.48705047369003296 0.5698738694190979 0.9832474589347839 -1 -1 -1 -1 -1 -1 -1 -1 -1
0.49926596879959106 0.6519162654876709 0.9939321875572205 -1 -1 -1 -1 -1 -1 -1 -1 -1
0.5005900859832764 0.6541150808334351 0.2067238688468933 -1 -1 -1 -1 -1 -1 -1 -1 -1
0.4924546182155609 0.7266664505004883 0.9611135721206665 -1 -1 -1 -1 -1 -1 -1 -1 -1
0.497276246547699 0.7253227233886719 0.5342849493026733 -1 -1 -1 -1 -1 -1 -1 -1 -1
0.48952603340148926 0.7445780038833618 0.9257078170776367 -1 -1 -1 -1 -1 -1 -1 -1 -1
0.49310731887817383 0.739155650138855 0.559050440788269 -1 -1 -1 -1 -1 -1 -1 -1 -1
0.49031805992126465 0.7406941652297974 0.9152396321296692 -1 -1 -1 -1 -1 -1 -1 -1 -1
0.4900461733341217 0.7380246520042419 0.5542892813682556 -1 -1 -1 -1 -1 -1 -1 -1 -1
0.48815661668777466 0.7361814975738525 0.8863181471824646 -1 -1 -1 -1 -1 -1 -1 -1 -1
0.49465471506118774 0.7388603091239929 0.5545902848243713 -1 -1 -1 -1 -1 -1 -1 -1 -1
0.48599502444267273 0.4259043335914612 0.9995705485343933 -1 -1 -1 -1 -1 -1 -1 -1 -1
0.48557931184768677 0.42668426036834717 0.9988111257553101 -1 -1 -1 -1 -1 -1 -1 -1 -1
0.48573485016822815 0.32126811146736145 0.9742881059646606 -1 -1 -1 -1 -1 -1 -1 -1 -1
0.48685309290885925 0.32615983486175537 0.5462568402290344 -1 -1 -1 -1 -1 -1 -1 -1 -1
0.49397560954093933 0.22576525807380676 0.9541342258453369 -1 -1 -1 -1 -1 -1 -1 -1 -1
0.48803481459617615 0.23594719171524048 0.6902931332588196 -1 -1 -1 -1 -1 -1 -1 -1 -1
0.48777300119400024 0.21210892498493195 0.9384425282478333 -1 -1 -1 -1 -1 -1 -1 -1 -1
0.48490941524505615 0.22185595333576202 0.6994787454605103 -1 -1 -1 -1 -1 -1 -1 -1 -1
0.5098403096199036 0.1987571120262146 0.9440479278564453 -1 -1 -1 -1 -1 -1 -1 -1 -1
0.49713605642318726 0.2123509794473648 0.7787403464317322 -1 -1 -1 -1 -1 -1 -1 -1 -1
1 
33 
-1 -1 -1 -1 -1 -1 -1 -1 -1 -1
0.4582175016403198 0.3070718050003052 0.9906730055809021 -1 -1 -1 -1 -1 -1 -1 -1 -1
0.4607906937599182 0.30039459466934204 0.9947825074195862 -1 -1 -1 -1 -1 -1 -1 -1 -1
0.461550235748291 0.30041447281837463 0.9938920736312866 -1 -1 -1 -1 -1 -1 -1 -1 -1
0.4623042047023773 0.3004656434059143 0.9938637018203735 -1 -1 -1 -1 -1 -1 -1 -1 -1
0.4608277976512909 0.2996423542499542 0.9929131865501404 -1 -1 -1 -1 -1 -1 -1 -1 -1
0.46160009503364563 0.2992836833000183 0.9903659820556641 -1 -1 -1 -1 -1 -1 -1 -1 -1
0.4628230035305023 0.2990458905696869 0.9929875731468201 -1 -1 -1 -1 -1 -1 -1 -1 -1
0.4704432487487793 0.305131196975708 0.9897899031639099 -1 -1 -1 -1 -1 -1 -1 -1 -1
0.47079887986183167 0.3043064475059509 0.990861177444458 -1 -1 -1 -1 -1 -1 -1 -1 -1
0.4634726941585541 0.3140091896057129 0.9851250648498535 -1 -1 -1 -1 -1 -1 -1 -1 -1
0.4632728695869446 0.3132789731025696 0.9880014061927795 -1 -1 -1 -1 -1 -1 -1 -1 -1
0.480948269367218 0.3351590037345886 0.9980344176292419 -1 -1 -1 -1 -1 -1 -1 -1 -1
0.4829859733581543 0.33128368854522705 0.9949977397918701 -1 -1 -1 -1 -1 -1 -1 -1 -1
0.47690075635910034 0.2941177487373352 0.9496023654937744 -1 -1 -1 -1 -1 -1 -1 -1 -1
0.4815906882286072 0.27914959192276 0.13591690361499786 -1 -1 -1 -1 -1 -1 -1 -1 -1
0.4914955496788025 0.2512581944465637 0.9054595232009888 -1 -1 -1 -1 -1 -1 -1 -1 -1
0.49471843242645264 0.240401953458786 0.2023831456899643 -1 -1 -1 -1 -1 -1 -1 -1 -1
0.5020909309387207 0.23261770606040955 0.8903749585151672 -1 -1 -1 -1 -1 -1 -1 -1 -1
0.5003395080566406 0.23061463236808777 0.25462648272514343 -1 -1 -1 -1 -1 -1 -1 -1 -1
0.503484845161438 0.23365053534507751 0.8836715817451477 -1 -1 -1 -1 -1 -1 -1 -1 -1
0.5003195405006409 0.23452019691467285 0.2552306056022644 -1 -1 -1 -1 -1 -1 -1 -1 -1
0.5011783838272095 0.23961833119392395 0.828344464302063 -1 -1 -1 -1 -1 -1 -1 -1 -1
0.4972788095474243 0.2437124252319336 0.26805150508880615 -1 -1 -1 -1 -1 -1 -1 -1 -1
0.4820745587348938 0.4970666170120239 0.9995505213737488 -1 -1 -1 -1 -1 -1 -1 -1 -1
0.48475930094718933 0.4945882260799408 0.9995061159133911 -1 -1 -1 -1 -1 -1 -1 -1 -1
0.47692546248435974 0.6124922633171082 0.9743748307228088 -1 -1 -1 -1 -1 -1 -1 -1 -1
0.4757091701030731 0.6103809475898743 0.6586747765541077 -1 -1 -1 -1 -1 -1 -1 -1 -1
0.49805670976638794 0.7144789695739746 0.98044753074646 -1 -1 -1 -1 -1 -1 -1 -1 -1
0.4938051104545593 0.7126607894897461 0.7784587144851685 -1 -1 -1 -1 -1 -1 -1 -1 -1
0.5080912113189697 0.7154589295387268 0.9879492521286011 -1 -1 -1 -1 -1 -1 -1 -1 -1
0.5043723583221436 0.7200136184692383 0.8182279467582703 -1 -1 -1 -1 -1 -1 -1 -1 -1
0.4917161166667938 0.7656862735748291 0.9824773669242859 -1 -1 -1 -1 -1 -1 -1 -1 -1
0.4897167384624481 0.7756677865982056 0.8143610954284668 -1 -1 -1 -1 -1 -1 -1 -1 -1
1 
33 
-1 -1 -1 -1 -1 -1 -1 -1 -1 -1
0.5124898552894592 0.6252248287200928 0.9434484839439392 -1 -1 -1 -1 -1 -1 -1 -1 -1
0.5108765363693237 0.6330251693725586 0.9688680768013 -1 -1 -1 -1 -1 -1 -1 -1 -1
0.5100928544998169 0.6330670118331909 0.9640007019042969 -1 -1 -1 -1 -1 -1 -1 -1 -1
0.5092791318893433 0.633012056350708 0.9674518704414368 -1 -1 -1 -1 -1 -1 -1 -1 -1
0.5112581253051758 0.6337320804595947 0.9527066946029663 -1 -1 -1 -1 -1 -1 -1 -1 -1
0.5108996629714966 0.6340625882148743 0.9460817575454712 -1 -1 -1 -1 -1 -1 -1 -1 -1
0.5105134844779968 0.634407639503479 0.9564378261566162 -1 -1 -1 -1 -1 -1 -1 -1 -1
0.5050113797187805 0.6298468708992004 0.9450834393501282 -1 -1 -1 -1 -1 -1 -1 -1 -1
0.5067264437675476 0.6308785676956177 0.9298431873321533 -1 -1 -1 -1 -1 -1 -1 -1 -1
0.5103393197059631 0.6184982657432556 0.952526867389679 -1 -1 -1 -1 -1 -1 -1 -1 -1
0.5112617015838623 0.6192269325256348 0.9437401294708252 -1 -1 -1 -1 -1 -1 -1 -1 -1
0.49829185009002686 0.6171588897705078 0.9975219368934631 -1 -1 -1 -1 -1 -1 -1 -1 -1
0.5022293329238892 0.6175081133842468 0.9881678223609924 -1 -1 -1 -1 -1 -1 -1 -1 -1
0.5059559345245361 0.704093337059021 0.9141039848327637 -1 -1 -1 -1 -1 -1 -1 -1 -1
0.5050048828125 0.7006343603134155 0.11437463015317917 -1 -1 -1 -1 -1 -1 -1 -1 -1
0.5026193261146545 0.7677580118179321 0.7974652051925659 -1 -1 -1 -1 -1 -1 -1 -1 -1
0.5053713321685791 0.7611560225486755 0.1569933295249939 -1 -1 -1 -1 -1 -1 -1 -1 -1
0.4960753619670868 0.7733980417251587 0.7409480810165405 -1 -1 -1 -1 -1 -1 -1 -1 -1
0.5026071071624756 0.7725957632064819 0.17928974330425262 -1 -1 -1 -1 -1 -1 -1 -1 -1
0.49388936161994934 0.7725418210029602 0.7232481837272644 -1 -1 -1 -1 -1 -1 -1 -1 -1
0.49366581439971924 0.7634070515632629 0.17487269639968872 -1 -1 -1 -1 -1 -1 -1 -1 -1
0.5002264976501465 0.7731049060821533 0.6454863548278809 -1 -1 -1 -1 -1 -1 -1 -1 -1
0.4941469430923462 0.760023832321167 0.18876659870147705 -1 -1 -1 -1 -1 -1 -1 -1 -1
0.47891587018966675 0.4646557569503784 0.9997773766517639 -1 -1 -1 -1 -1 -1 -1 -1 -1
0.48338884115219116 0.48445260524749756 0.9995949864387512 -1 -1 -1 -1 -1 -1 -1 -1 -1
0.48261895775794983 0.35939064621925354 0.952516496181488 -1 -1 -1 -1 -1 -1 -1 -1 -1
0.4816184341907501 0.466299444437027 0.21907344460487366 -1 -1 -1 -1 -1 -1 -1 -1 -1
0.4772530794143677 0.29619869589805603 0.9645142555236816 -1 -1 -1 -1 -1 -1 -1 -1 -1
0.49676159024238586 0.4832161068916321 0.6064708232879639 -1 -1 -1 -1 -1 -1 -1 -1 -1
0.4844284951686859 0.30872052907943726 0.9539510011672974 -1 -1 -1 -1 -1 -1 -1 -1 -1
0.4989255666732788 0.4850718677043915 0.7082366347312927 -1 -1 -1 -1 -1 -1 -1 -1 -1
0.49743330478668213 0.25176751613616943 0.932334303855896 -1 -1 -1 -1 -1 -1 -1 -1 -1
0.500582218170166 0.4854603707790375 0.6325133442878723 -1 -1 -1 -1 -1 -1 -1 -1 -1
1 
33 
-1 -1 -1 -1 -1 -1 -1 -1 -1 -1
0.5053844451904297 0.5826860666275024 0.9918996095657349 -1 -1 -1 -1 -1 -1 -1 -1 -1
0.5036510825157166 0.5897787809371948 0.9905484318733215 -1 -1 -1 -1 -1 -1 -1 -1 -1
0.5024951100349426 0.5914849638938904 0.9917622804641724 -1 -1 -1 -1 -1 -1 -1 -1 -1
0.5013085603713989 0.5930553078651428 0.9898466467857361 -1 -1 -1 -1 -1 -1 -1 -1 -1
0.5067850351333618 0.585780680179596 0.9900879263877869 -1 -1 -1 -1 -1 -1 -1 -1 -1
0.5075847506523132 0.5846845507621765 0.9856424927711487 -1 -1 -1 -1 -1 -1 -1 -1 -1
0.5083536505699158 0.5836374759674072 0.9825993776321411 -1 -1 -1 -1 -1 -1 -1 -1 -1
0.4986518621444702 0.5969265699386597 0.9948710203170776 -1 -1 -1 -1 -1 -1 -1 -1 -1
0.5096060037612915 0.5826277732849121 0.9894730448722839 -1 -1 -1 -1 -1 -1 -1 -1 -1
0.5035160183906555 0.5825505256652832 0.991530179977417 -1 -1 -1 -1 -1 -1 -1 -1 -1
0.5067644715309143 0.5783606171607971 0.9868301749229431 -1 -1 -1 -1 -1 -1 -1 -1 -1
0.49731501936912537 0.6028140783309937 0.9991282820701599 -1 -1 -1 -1 -1 -1 -1 -1 -1
0.5162286162376404 0.5704591274261475 0.9993430972099304 -1 -1 -1 -1 -1 -1 -1 -1 -1
0.5109798908233643 0.6834738254547119 0.8061333298683167 -1 -1 -1 -1 -1 -1 -1 -1 -1
0.5342293381690979 0.6311131119728088 0.15082204341888428 -1 -1 -1 -1 -1 -1 -1 -1 -1
0.5101732611656189 0.7452014684677124 0.7769655585289001 -1 -1 -1 -1 -1 -1 -1 -1 -1
0.5463144183158875 0.6958509683609009 0.23054078221321106 -1 -1 -1 -1 -1 -1 -1 -1 -1
0.5072919130325317 0.757025957107544 0.7115102410316467 -1 -1 -1 -1 -1 -1 -1 -1 -1
0.5472084879875183 0.7057257890701294 0.26106369495391846 -1 -1 -1 -1 -1 -1 -1 -1 -1
0.509681761264801 0.7543367147445679 0.7087895274162292 -1 -1 -1 -1 -1 -1 -1 -1 -1
0.5447843074798584 0.7058291435241699 0.2547989785671234 -1 -1 -1 -1 -1 -1 -1 -1 -1
0.5110918879508972 0.7507864236831665 0.6812748908996582 -1 -1 -1 -1 -1 -1 -1 -1 -1
0.5454285740852356 0.7056393623352051 0.2687978446483612 -1 -1 -1 -1 -1 -1 -1 -1 -1
0.47949323058128357 0.49773627519607544 0.9999899864196777 -1 -1 -1 -1 -1 -1 -1 -1 -1
0.48607224225997925 0.46557727456092834 0.9999985694885254 -1 -1 -1 -1 -1 -1 -1 -1 -1
0.4634871184825897 0.5629286766052246 0.9862806797027588 -1 -1 -1 -1 -1 -1 -1 -1 -1
0.47523611783981323 0.38479554653167725 0.9934923052787781 -1 -1 -1 -1 -1 -1 -1 -1 -1
0.49432873725891113 0.7058082818984985 0.9811950325965881 -1 -1 -1 -1 -1 -1 -1 -1 -1
0.45962774753570557 0.28600406646728516 0.9973638653755188 -1 -1 -1 -1 -1 -1 -1 -1 -1
0.501704752445221 0.7186229228973389 0.9790828824043274 -1 -1 -1 -1 -1 -1 -1 -1 -1
0.454504132270813 0.27844494581222534 0.9938229322433472 -1 -1 -1 -1 -1 -1 -1 -1 -1
0.4926671087741852 0.7622227668762207 0.9896107912063599 -1 -1 -1 -1 -1 -1 -1 -1 -1
0.4590042531490326 0.23824134469032288 0.9960622191429138 -1 -1 -1 -1 -1 -1 -1 -1 -1
1 
33 
-1 -1 -1 -1 -1 -1 -1 -1 -1 -1
0.5161981582641602 0.5893458724021912 0.9969189167022705 -1 -1 -1 -1 -1 -1 -1 -1 -1
0.5113950967788696 0.6024854183197021 0.9987013339996338 -1 -1 -1 -1 -1 -1 -1 -1 -1
0.510903537273407 0.60258948802948 0.9984256029129028 -1 -1 -1 -1 -1 -1 -1 -1 -1
0.5106603503227234 0.6029066443443298 0.9985740184783936 -1 -1 -1 -1 -1 -1 -1 -1 -1
0.5109361410140991 0.603165864944458 0.9948864579200745 -1 -1 -1 -1 -1 -1 -1 -1 -1
0.5101279020309448 0.6036646366119385 0.9912028312683105 -1 -1 -1 -1 -1 -1 -1 -1 -1
0.5096926689147949 0.6043148040771484 0.9931528568267822 -1 -1 -1 -1 -1 -1 -1 -1 -1
0.5030369758605957 0.5969027876853943 0.9982017278671265 -1 -1 -1 -1 -1 -1 -1 -1 -1
0.5026621222496033 0.5958541631698608 0.989066481590271 -1 -1 -1 -1 -1 -1 -1 -1 -1
0.5115479826927185 0.5829430818557739 0.9973630309104919 -1 -1 -1 -1 -1 -1 -1 -1 -1
0.5111126899719238 0.583092212677002 0.9955665469169617 -1 -1 -1 -1 -1 -1 -1 -1 -1
0.4909886419773102 0.5788761377334595 0.9991242289543152 -1 -1 -1 -1 -1 -1 -1 -1 -1
0.49181243777275085 0.577392041683197 0.9960493445396423 -1 -1 -1 -1 -1 -1 -1 -1 -1
0.4984775185585022 0.6413476467132568 0.991773784160614 -1 -1 -1 -1 -1 -1 -1 -1 -1
0.49433186650276184 0.6385644674301147 0.08237482607364655 -1 -1 -1 -1 -1 -1 -1 -1 -1
0.5008158087730408 0.721095085144043 0.9694122076034546 -1 -1 -1 -1 -1 -1 -1 -1 -1
0.4968579113483429 0.7096550464630127 0.32915621995925903 -1 -1 -1 -1 -1 -1 -1 -1 -1
0.4963202178478241 0.7413899898529053 0.9497648477554321 -1 -1 -1 -1 -1 -1 -1 -1 -1
0.48970454931259155 0.7306647300720215 0.41615724563598633 -1 -1 -1 -1 -1 -1 -1 -1 -1
0.4922007918357849 0.7414255142211914 0.9430651664733887 -1 -1 -1 -1 -1 -1 -1 -1 -1
0.4876655638217926 0.7313644289970398 0.41425156593322754 -1 -1 -1 -1 -1 -1 -1 -1 -1
0.49453043937683105 0.7339129447937012 0.9156895279884338 -1 -1 -1 -1 -1 -1 -1 -1 -1
0.4908299744129181 0.7260894775390625 0.4163532257080078 -1 -1 -1 -1 -1 -1 -1 -1 -1
0.5030556917190552 0.4350937604904175 0.9986003041267395 -1 -1 -1 -1 -1 -1 -1 -1 -1
0.500855565071106 0.43093571066856384 0.9969151020050049 -1 -1 -1 -1 -1 -1 -1 -1 -1
0.48062899708747864 0.3618834912776947 0.8061419129371643 -1 -1 -1 -1 -1 -1 -1 -1 -1
0.47333645820617676 0.34839192032814026 0.5616140365600586 -1 -1 -1 -1 -1 -1 -1 -1 -1
0.4326469898223877 0.36742082238197327 0.9408963918685913 -1 -1 -1 -1 -1 -1 -1 -1 -1
0.43119320273399353 0.29939791560173035 0.7621744871139526 -1 -1 -1 -1 -1 -1 -1 -1 -1
0.4275801181793213 0.3738296926021576 0.9758664965629578 -1 -1 -1 -1 -1 -1 -1 -1 -1
0.4124051034450531 0.3162955641746521 0.8750998377799988 -1 -1 -1 -1 -1 -1 -1 -1 -1
0.414875328540802 0.3328016996383667 0.9350531697273254 -1 -1 -1 -1 -1 -1 -1 -1 -1
0.40669381618499756 0.28263312578201294 0.7234699130058289 -1 -1 -1 -1 -1 -1 -1 -1 -1
1 
33 
-1 -1 -1 -1 -1 -1 -1 -1 -1 -1
0.521029531955719 0.612823486328125 0.9753002524375916 -1 -1 -1 -1 -1 -1 -1 -1 -1
0.5150120258331299 0.6180598139762878 0.9887799024581909 -1 -1 -1 -1 -1 -1 -1 -1 -1
0.5141127705574036 0.6172423362731934 0.988987386226654 -1 -1 -1 -1 -1 -1 -1 -1 -1
0.5131346583366394 0.6162452697753906 0.9907994866371155 -1 -1 -1 -1 -1 -1 -1 -1 -1
0.5146737098693848 0.6186093688011169 0.9611535668373108 -1 -1 -1 -1 -1 -1 -1 -1 -1
0.513736367225647 0.6180576086044312 0.9459906220436096 -1 -1 -1 -1 -1 -1 -1 -1 -1
0.5127227306365967 0.6173461675643921 0.9603770971298218 -1 -1 -1 -1 -1 -1 -1 -1 -1
0.5070076584815979 0.6024302840232849 0.9809555411338806 -1 -1 -1 -1 -1 -1 -1 -1 -1
0.5080526471138 0.6045314073562622 0.9105706810951233 -1 -1 -1 -1 -1 -1 -1 -1 -1
0.5198222398757935 0.6024488806724548 0.9675710797309875 -1 -1 -1 -1 -1 -1 -1 -1 -1
0.519465446472168 0.602031409740448 0.948225736618042 -1 -1 -1 -1 -1 -1 -1 -1 -1
0.508665144443512 0.564378023147583 0.9953226447105408 -1 -1 -1 -1 -1 -1 -1 -1 -1
0.5061731338500977 0.5564602613449097 0.9567948579788208 -1 -1 -1 -1 -1 -1 -1 -1 -1
0.5121232271194458 0.6545848846435547 0.970011830329895 -1 -1 -1 -1 -1 -1 -1 -1 -1
0.5073768496513367 0.6303160190582275 0.02190839871764183 -1 -1 -1 -1 -1 -1 -1 -1 -1
0.49034565687179565 0.7180231213569641 0.9127786159515381 -1 -1 -1 -1 -1 -1 -1 -1 -1
0.48752978444099426 0.707200288772583 0.08098849654197693 -1 -1 -1 -1 -1 -1 -1 -1 -1
0.48672837018966675 0.7334487438201904 0.8809480667114258 -1 -1 -1 -1 -1 -1 -1 -1 -1
0.48410335183143616 0.722885251045227 0.13354948163032532 -1 -1 -1 -1 -1 -1 -1 -1 -1
0.4834609627723694 0.7326077222824097 0.864391565322876 -1 -1 -1 -1 -1 -1 -1 -1 -1
0.48197242617607117 0.7232057452201843 0.13646000623703003 -1 -1 -1 -1 -1 -1 -1 -1 -1
0.48476630449295044 0.7266806364059448 0.8131827712059021 -1 -1 -1 -1 -1 -1 -1 -1 -1
0.4841654300689697 0.7192893028259277 0.14454902708530426 -1 -1 -1 -1 -1 -1 -1 -1 -1
0.5082392692565918 0.4254033863544464 0.9915822148323059 -1 -1 -1 -1 -1 -1 -1 -1 -1
0.5107935667037964 0.408890962600708 0.9815711379051208 -1 -1 -1 -1 -1 -1 -1 -1 -1
0.46252119541168213 0.3833436667919159 0.8609367609024048 -1 -1 -1 -1 -1 -1 -1 -1 -1
0.47763392329216003 0.3438434898853302 0.27735573053359985 -1 -1 -1 -1 -1 -1 -1 -1 -1
0.40965384244918823 0.34438368678092957 0.9591134786605835 -1 -1 -1 -1 -1 -1 -1 -1 -1
0.412214070558548 0.33992886543273926 0.4805895686149597 -1 -1 -1 -1 -1 -1 -1 -1 -1
0.41130301356315613 0.3574661612510681 0.9717373251914978 -1 -1 -1 -1 -1 -1 -1 -1 -1
0.40539437532424927 0.3455488085746765 0.6550949811935425 -1 -1 -1 -1 -1 -1 -1 -1 -1
0.3983660042285919 0.3171793818473816 0.9569101333618164 -1 -1 -1 -1 -1 -1 -1 -1 -1
0.39029043912887573 0.310610294342041 0.5690856575965881 -1 -1 -1 -1 -1 -1 -1 -1 -1
1 
33 
-1 -1 -1 -1 -1 -1 -1 -1 -1 -1
0.3819412589073181 0.5336334705352783 0.9957169890403748 -1 -1 -1 -1 -1 -1 -1 -1 -1
0.3739856481552124 0.5336458683013916 0.9970390796661377 -1 -1 -1 -1 -1 -1 -1 -1 -1
0.37358731031417847 0.5317076444625854 0.9973695278167725 -1 -1 -1 -1 -1 -1 -1 -1 -1
0.37321043014526367 0.529797375202179 0.9978814721107483 -1 -1 -1 -1 -1 -1 -1 -1 -1
0.3732187747955322 0.5333586931228638 0.9948780536651611 -1 -1 -1 -1 -1 -1 -1 -1 -1
0.3724815249443054 0.5313788056373596 0.9942302703857422 -1 -1 -1 -1 -1 -1 -1 -1 -1
0.3717164397239685 0.5293768644332886 0.9931890964508057 -1 -1 -1 -1 -1 -1 -1 -1 -1
0.37125247716903687 0.5105514526367188 0.9986888766288757 -1 -1 -1 -1 -1 -1 -1 -1 -1
0.3692096471786499 0.5052670240402222 0.9923606514930725 -1 -1 -1 -1 -1 -1 -1 -1 -1
0.38684719800949097 0.5182232856750488 0.9985328912734985 -1 -1 -1 -1 -1 -1 -1 -1 -1
0.3867834806442261 0.5185948014259338 0.9951252341270447 -1 -1 -1 -1 -1 -1 -1 -1 -1
0.4022631049156189 0.4571903347969055 0.9999711513519287 -1 -1 -1 -1 -1 -1 -1 -1 -1
0.39685389399528503 0.45680859684944153 0.9977810978889465 -1 -1 -1 -1 -1 -1 -1 -1 -1
0.45085322856903076 0.38882213830947876 0.9843648076057434 -1 -1 -1 -1 -1 -1 -1 -1 -1
0.4285925030708313 0.42694899439811707 0.0995853841304779 -1 -1 -1 -1 -1 -1 -1 -1 -1
0.5153176188468933 0.4231099784374237 0.9760662317276001 -1 -1 -1 -1 -1 -1 -1 -1 -1
0.45886194705963135 0.4643658399581909 0.09665592759847641 -1 -1 -1 -1 -1 -1 -1 -1 -1
0.5264890193939209 0.42376768589019775 0.948047935962677 -1 -1 -1 -1 -1 -1 -1 -1 -1
0.4643401503562927 0.4732504189014435 0.09853567183017731 -1 -1 -1 -1 -1 -1 -1 -1 -1
0.522325336933136 0.4398224353790283 0.9473875761032104 -1 -1 -1 -1 -1 -1 -1 -1 -1
0.4667300581932068 0.4823378324508667 0.10418045520782471 -1 -1 -1 -1 -1 -1 -1 -1 -1
0.5197227597236633 0.4392729103565216 0.9207446575164795 -1 -1 -1 -1 -1 -1 -1 -1 -1
0.4656961262226105 0.4803089499473572 0.11551389843225479 -1 -1 -1 -1 -1 -1 -1 -1 -1
0.5117896795272827 0.42299965023994446 0.9975760579109192 -1 -1 -1 -1 -1 -1 -1 -1 -1
0.5035440325737 0.4210565984249115 0.9919527173042297 -1 -1 -1 -1 -1 -1 -1 -1 -1
0.4953918159008026 0.5730611681938171 0.8361518979072571 -1 -1 -1 -1 -1 -1 -1 -1 -1
0.5093541741371155 0.5674453377723694 0.20346470177173615 -1 -1 -1 -1 -1 -1 -1 -1 -1
0.5073976516723633 0.7022702097892761 0.9070050716400146 -1 -1 -1 -1 -1 -1 -1 -1 -1
0.5045750737190247 0.6752446889877319 0.30932480096817017 -1 -1 -1 -1 -1 -1 -1 -1 -1
0.5195223093032837 0.7212966680526733 0.8929880857467651 -1 -1 -1 -1 -1 -1 -1 -1 -1
0.5118192434310913 0.6888123154640198 0.370701402425766 -1 -1 -1 -1 -1 -1 -1 -1 -1
0.4745601415634155 0.7629530429840088 0.8944152593612671 -1 -1 -1 -1 -1 -1 -1 -1 -1
0.4769745469093323 0.7231049537658691 0.41982412338256836 -1 -1 -1 -1 -1 -1 -1 -1 -1
1 
33 
-1 -1 -1 -1 -1 -1 -1 -1 -1 -1
0.49201515316963196 0.4985359311103821 0.9953615069389343 -1 -1 -1 -1 -1 -1 -1 -1 -1
0.49179327487945557 0.5001354217529297 0.9959033131599426 -1 -1 -1 -1 -1 -1 -1 -1 -1
0.4919527471065521 0.5007474422454834 0.9959458708763123 -1 -1 -1 -1 -1 -1 -1 -1 -1
0.4921494126319885 0.5012779235839844 0.9968252182006836 -1 -1 -1 -1 -1 -1 -1 -1 -1
0.49188128113746643 0.49763932824134827 0.9961114525794983 -1 -1 -1 -1 -1 -1 -1 -1 -1
0.4920014441013336 0.49638301134109497 0.9960289001464844 -1 -1 -1 -1 -1 -1 -1 -1 -1
0.4920918941497803 0.4951544404029846 0.996523916721344 -1 -1 -1 -1 -1 -1 -1 -1 -1
0.49295830726623535 0.5001222491264343 0.9980475902557373 -1 -1 -1 -1 -1 -1 -1 -1 -1
0.49329668283462524 0.49157971143722534 0.9955651164054871 -1 -1 -1 -1 -1 -1 -1 -1 -1
0.4935213327407837 0.4970977306365967 0.997759222984314 -1 -1 -1 -1 -1 -1 -1 -1 -1
0.4922019839286804 0.49411141872406006 0.997420072555542 -1 -1 -1 -1 -1 -1 -1 -1 -1
0.5005558133125305 0.5013580918312073 0.9997060894966125 -1 -1 -1 -1 -1 -1 -1 -1 -1
0.4928744435310364 0.47966980934143066 0.9994897842407227 -1 -1 -1 -1 -1 -1 -1 -1 -1
0.5059055089950562 0.4564986824989319 0.2258032262325287 -1 -1 -1 -1 -1 -1 -1 -1 -1
0.5071576833724976 0.44578656554222107 0.3461243808269501 -1 -1 -1 -1 -1 -1 -1 -1 -1
0.5109637975692749 0.4139435887336731 0.1382928192615509 -1 -1 -1 -1 -1 -1 -1 -1 -1
0.5119931697845459 0.44122833013534546 0.19255618751049042 -1 -1 -1 -1 -1 -1 -1 -1 -1
0.5114380121231079 0.4004044532775879 0.12984289228916168 -1 -1 -1 -1 -1 -1 -1 -1 -1
0.5144504904747009 0.4352106750011444 0.1915569305419922 -1 -1 -1 -1 -1 -1 -1 -1 -1
0.5121335387229919 0.39823591709136963 0.12214305251836777 -1 -1 -1 -1 -1 -1 -1 -1 -1
0.5170436501502991 0.4389437139034271 0.18237394094467163 -1 -1 -1 -1 -1 -1 -1 -1 -1
0.5109853744506836 0.4035528600215912 0.11488744616508484 -1 -1 -1 -1 -1 -1 -1 -1 -1
0.5157317519187927 0.44338420033454895 0.19718103110790253 -1 -1 -1 -1 -1 -1 -1 -1 -1
0.5293423533439636 0.3809177279472351 0.9999486207962036 -1 -1 -1 -1 -1 -1 -1 -1 -1
0.511448860168457 0.3765724003314972 0.9999632835388184 -1 -1 -1 -1 -1 -1 -1 -1 -1
0.5345573425292969 0.43252187967300415 0.43525949120521545 -1 -1 -1 -1 -1 -1 -1 -1 -1
0.47897663712501526 0.3957541584968567 0.6818090677261353 -1 -1 -1 -1 -1 -1 -1 -1 -1
0.522546112537384 0.5975120663642883 0.6276997923851013 -1 -1 -1 -1 -1 -1 -1 -1 -1
0.4678158462047577 0.5360330939292908 0.4325709640979767 -1 -1 -1 -1 -1 -1 -1 -1 -1
0.5225383639335632 0.5962085723876953 0.66899573802948 -1 -1 -1 -1 -1 -1 -1 -1 -1
0.47007206082344055 0.5572660565376282 0.5827036499977112 -1 -1 -1 -1 -1 -1 -1 -1 -1
0.5167389512062073 0.6582671403884888 0.682482898235321 -1 -1 -1 -1 -1 -1 -1 -1 -1
0.45794692635536194 0.5800884366035461 0.5806165337562561 -1 -1 -1 -1 -1 -1 -1 -1 -1
1 
33 
-1 -1 -1 -1 -1 -1 -1 -1 -1 -1
0.49502092599868774 0.5178571939468384 0.9994888305664062 -1 -1 -1 -1 -1 -1 -1 -1 -1
0.4936538636684418 0.5178340673446655 0.9993690848350525 -1 -1 -1 -1 -1 -1 -1 -1 -1
0.49434712529182434 0.51766037940979 0.9992873072624207 -1 -1 -1 -1 -1 -1 -1 -1 -1
0.4950474798679352 0.5174409747123718 0.9994623064994812 -1 -1 -1 -1 -1 -1 -1 -1 -1
0.4921649098396301 0.5180066823959351 0.999596893787384 -1 -1 -1 -1 -1 -1 -1 -1 -1
0.4915435016155243 0.5180834531784058 0.9995564818382263 -1 -1 -1 -1 -1 -1 -1 -1 -1
0.4908945560455322 0.5181819796562195 0.999550998210907 -1 -1 -1 -1 -1 -1 -1 -1 -1
0.4967579245567322 0.5177558660507202 0.9996535778045654 -1 -1 -1 -1 -1 -1 -1 -1 -1
0.4915463626384735 0.5184489488601685 0.9995438456535339 -1 -1 -1 -1 -1 -1 -1 -1 -1
0.49895620346069336 0.5156301856040955 0.999727189540863 -1 -1 -1 -1 -1 -1 -1 -1 -1
0.4959741234779358 0.5169848203659058 0.9998231530189514 -1 -1 -1 -1 -1 -1 -1 -1 -1
0.5139437317848206 0.5108452439308167 0.9999502897262573 -1 -1 -1 -1 -1 -1 -1 -1 -1
0.49477604031562805 0.5121161341667175 0.9999599456787109 -1 -1 -1 -1 -1 -1 -1 -1 -1
0.5184717178344727 0.46555349230766296 0.5617978572845459 -1 -1 -1 -1 -1 -1 -1 -1 -1
0.505706787109375 0.46821096539497375 0.6836116313934326 -1 -1 -1 -1 -1 -1 -1 -1 -1
0.5076882839202881 0.41682830452919006 0.38633957505226135 -1 -1 -1 -1 -1 -1 -1 -1 -1
0.4959465563297272 0.44454115629196167 0.5777626037597656 -1 -1 -1 -1 -1 -1 -1 -1 -1
0.5042506456375122 0.40328487753868103 0.3400682210922241 -1 -1 -1 -1 -1 -1 -1 -1 -1
0.49248653650283813 0.4326726496219635 0.5127606391906738 -1 -1 -1 -1 -1 -1 -1 -1 -1
0.502856969833374 0.40092524886131287 0.32991155982017517 -1 -1 -1 -1 -1 -1 -1 -1 -1
0.4933944344520569 0.4351198375225067 0.48948124051094055 -1 -1 -1 -1 -1 -1 -1 -1 -1
0.5037925243377686 0.4073887765407562 0.26783323287963867 -1 -1 -1 -1 -1 -1 -1 -1 -1
0.4951777160167694 0.44183671474456787 0.45309680700302124 -1 -1 -1 -1 -1 -1 -1 -1 -1
0.5067888498306274 0.4052260220050812 0.9999948740005493 -1 -1 -1 -1 -1 -1 -1 -1 -1
0.49110546708106995 0.41204598546028137 0.999996542930603 -1 -1 -1 -1 -1 -1 -1 -1 -1
0.5057169198989868 0.41821470856666565 0.8514434099197388 -1 -1 -1 -1 -1 -1 -1 -1 -1
0.4603990912437439 0.4190865457057953 0.7738706469535828 -1 -1 -1 -1 -1 -1 -1 -1 -1
0.5370369553565979 0.47439879179000854 0.8672271966934204 -1 -1 -1 -1 -1 -1 -1 -1 -1
0.5207719802856445 0.4728776812553406 0.678802490234375 -1 -1 -1 -1 -1 -1 -1 -1 -1
0.5411380529403687 0.47902747988700867 0.8131995797157288 -1 -1 -1 -1 -1 -1 -1 -1 -1
0.5296024680137634 0.4809367060661316 0.7438040971755981 -1 -1 -1 -1 -1 -1 -1 -1 -1
0.5467833280563354 0.5151227116584778 0.8422127962112427 -1 -1 -1 -1 -1 -1 -1 -1 -1
0.5367851853370667 0.4935682415962219 0.7111254334449768 -1 -1 -1 -1 -1 -1 -1 -1 -1
1 
33 
-1 -1 -1 -1 -1 -1 -1 -1 -1 -1
0.48613977432250977 0.41662561893463135 0.9991911053657532 -1 -1 -1 -1 -1 -1 -1 -1 -1
0.4840327203273773 0.4146980345249176 0.9987815022468567 -1 -1 -1 -1 -1 -1 -1 -1 -1
0.4838934540748596 0.41410401463508606 0.9968482851982117 -1 -1 -1 -1 -1 -1 -1 -1 -1
0.4837576746940613 0.4134978652000427 0.9983214735984802 -1 -1 -1 -1 -1 -1 -1 -1 -1
0.48395824432373047 0.41779249906539917 0.9993614554405212 -1 -1 -1 -1 -1 -1 -1 -1 -1
0.4837495684623718 0.41916424036026 0.9985632300376892 -1 -1 -1 -1 -1 -1 -1 -1 -1
0.4835556149482727 0.4205240309238434 0.9993120431900024 -1 -1 -1 -1 -1 -1 -1 -1 -1
0.48218774795532227 0.41793686151504517 0.9935479760169983 -1 -1 -1 -1 -1 -1 -1 -1 -1
0.4819275438785553 0.42817357182502747 0.9979877471923828 -1 -1 -1 -1 -1 -1 -1 -1 -1
0.48769262433052063 0.42026594281196594 0.9992688298225403 -1 -1 -1 -1 -1 -1 -1 -1 -1
0.48745012283325195 0.42286521196365356 0.9995868802070618 -1 -1 -1 -1 -1 -1 -1 -1 -1
0.48836997151374817 0.42211392521858215 0.9985571503639221 -1 -1 -1 -1 -1 -1 -1 -1 -1
0.48986172676086426 0.46001124382019043 0.9997480511665344 -1 -1 -1 -1 -1 -1 -1 -1 -1
0.5163365006446838 0.4119759202003479 0.5791705846786499 -1 -1 -1 -1 -1 -1 -1 -1 -1
0.5221253037452698 0.4719301760196686 0.9445188045501709 -1 -1 -1 -1 -1 -1 -1 -1 -1
0.5415434241294861 0.38975274562835693 0.7790675163269043 -1 -1 -1 -1 -1 -1 -1 -1 -1
0.5608238577842712 0.4721735715866089 0.9696958661079407 -1 -1 -1 -1 -1 -1 -1 -1 -1
0.5458627939224243 0.38138890266418457 0.7229535579681396 -1 -1 -1 -1 -1 -1 -1 -1 -1
0.5695841312408447 0.4791056513786316 0.9499651193618774 -1 -1 -1 -1 -1 -1 -1 -1 -1
0.5465553402900696 0.38331419229507446 0.7580505609512329 -1 -1 -1 -1 -1 -1 -1 -1 -1
0.5714267492294312 0.46604788303375244 0.9482011198997498 -1 -1 -1 -1 -1 -1 -1 -1 -1
0.5457842350006104 0.38815921545028687 0.6900089383125305 -1 -1 -1 -1 -1 -1 -1 -1 -1
0.5681760907173157 0.4621802568435669 0.9235495328903198 -1 -1 -1 -1 -1 -1 -1 -1 -1
0.5180738568305969 0.44638437032699585 0.999054491519928 -1 -1 -1 -1 -1 -1 -1 -1 -1
0.5217067003250122 0.4715084433555603 0.9992812275886536 -1 -1 -1 -1 -1 -1 -1 -1 -1
0.5326007008552551 0.41359055042266846 0.4426405131816864 -1 -1 -1 -1 -1 -1 -1 -1 -1
0.5324257612228394 0.4767429232597351 0.19029313325881958 -1 -1 -1 -1 -1 -1 -1 -1 -1
0.5488942265510559 0.37263330817222595 0.5588407516479492 -1 -1 -1 -1 -1 -1 -1 -1 -1
0.5409989953041077 0.4631434977054596 0.20792542397975922 -1 -1 -1 -1 -1 -1 -1 -1 -1
0.5515807271003723 0.3714672327041626 0.5581667423248291 -1 -1 -1 -1 -1 -1 -1 -1 -1
0.5418583750724792 0.45927655696868896 0.09025926142930984 -1 -1 -1 -1 -1 -1 -1 -1 -1
0.557092010974884 0.3464498817920685 0.6074032187461853 -1 -1 -1 -1 -1 -1 -1 -1 -1
0.5462514758110046 0.459308922290802 0.25286802649497986 -1 -1 -1 -1 -1 -1 -1 -1 -1
1 
33 
-1 -1 -1 -1 -1 -1 -1 -1 -1 -1
0.4819815158843994 0.39529192447662354 0.7829646468162537 -1 -1 -1 -1 -1 -1 -1 -1 -1
0.4838706851005554 0.3964395821094513 0.6491061449050903 -1 -1 -1 -1 -1 -1 -1 -1 -1
0.4833347797393799 0.3980898857116699 0.6378324031829834 -1 -1 -1 -1 -1 -1 -1 -1 -1
0.482822060585022 0.3997822403907776 0.6962378621101379 -1 -1 -1 -1 -1 -1 -1 -1 -1
0.4850851595401764 0.3943687677383423 0.7914656400680542 -1 -1 -1 -1 -1 -1 -1 -1 -1
0.4852863550186157 0.39371126890182495 0.7963557839393616 -1 -1 -1 -1 -1 -1 -1 -1 -1
0.4854879379272461 0.3929573595523834 0.8445518016815186 -1 -1 -1 -1 -1 -1 -1 -1 -1
0.4804348647594452 0.4034857153892517 0.6130319833755493 -1 -1 -1 -1 -1 -1 -1 -1 -1
0.48393791913986206 0.3977246582508087 0.8148208856582642 -1 -1 -1 -1 -1 -1 -1 -1 -1
0.47991296648979187 0.4003365635871887 0.8020749092102051 -1 -1 -1 -1 -1 -1 -1 -1 -1
0.48080599308013916 0.3962790369987488 0.8388559222221375 -1 -1 -1 -1 -1 -1 -1 -1 -1
0.4751061499118805 0.4121841788291931 0.9945958256721497 -1 -1 -1 -1 -1 -1 -1 -1 -1
0.4871499836444855 0.41512084007263184 0.9998055100440979 -1 -1 -1 -1 -1 -1 -1 -1 -1
0.49455201625823975 0.4409276247024536 0.05239904671907425 -1 -1 -1 -1 -1 -1 -1 -1 -1
0.5237337350845337 0.44605115056037903 0.4340285062789917 -1 -1 -1 -1 -1 -1 -1 -1 -1
0.5031228065490723 0.46603962779045105 0.06620088219642639 -1 -1 -1 -1 -1 -1 -1 -1 -1
0.5521417260169983 0.4338712692260742 0.6172793507575989 -1 -1 -1 -1 -1 -1 -1 -1 -1
0.5056836605072021 0.47641101479530334 0.0853375643491745 -1 -1 -1 -1 -1 -1 -1 -1 -1
0.5601877570152283 0.43208321928977966 0.5863209962844849 -1 -1 -1 -1 -1 -1 -1 -1 -1
0.505426287651062 0.47385373711586 0.09338598698377609 -1 -1 -1 -1 -1 -1 -1 -1 -1
0.5598567128181458 0.4294833242893219 0.5876423120498657 -1 -1 -1 -1 -1 -1 -1 -1 -1
0.504654049873352 0.4698730409145355 0.0949971005320549 -1 -1 -1 -1 -1 -1 -1 -1 -1
0.5557420253753662 0.42892614006996155 0.5285877585411072 -1 -1 -1 -1 -1 -1 -1 -1 -1
0.535628080368042 0.4190770089626312 0.9999735355377197 -1 -1 -1 -1 -1 -1 -1 -1 -1
0.5387616753578186 0.42267563939094543 0.9999849796295166 -1 -1 -1 -1 -1 -1 -1 -1 -1
0.5232888460159302 0.4148685038089752 0.035798121243715286 -1 -1 -1 -1 -1 -1 -1 -1 -1
0.5443673133850098 0.41498851776123047 0.08227689564228058 -1 -1 -1 -1 -1 -1 -1 -1 -1
0.5456244349479675 0.4322499930858612 0.06746281683444977 -1 -1 -1 -1 -1 -1 -1 -1 -1
0.5443402528762817 0.4309808611869812 0.0664367601275444 -1 -1 -1 -1 -1 -1 -1 -1 -1
0.5463655591011047 0.43632951378822327 0.08265143632888794 -1 -1 -1 -1 -1 -1 -1 -1 -1
0.5411374568939209 0.4350840747356415 0.08939492702484131 -1 -1 -1 -1 -1 -1 -1 -1 -1
0.5546973943710327 0.4332919120788574 0.11707177013158798 -1 -1 -1 -1 -1 -1 -1 -1 -1
0.5512399077415466 0.43212389945983887 0.1404898762702942 -1 -1 -1 -1 -1 -1 -1 -1 -1
1 
33 
-1 -1 -1 -1 -1 -1 -1 -1 -1 -1
0.5344725251197815 0.48376232385635376 0.9975377321243286 -1 -1 -1 -1 -1 -1 -1 -1 -1
0.5329139828681946 0.4954838752746582 0.998717188835144 -1 -1 -1 -1 -1 -1 -1 -1 -1
0.531898558139801 0.4964441657066345 0.9985484480857849 -1 -1 -1 -1 -1 -1 -1 -1 -1
0.5307047367095947 0.49748021364212036 0.998746395111084 -1 -1 -1 -1 -1 -1 -1 -1 -1
0.5338026881217957 0.49488377571105957 0.9982567429542542 -1 -1 -1 -1 -1 -1 -1 -1 -1
0.5334627628326416 0.49542707204818726 0.9981051683425903 -1 -1 -1 -1 -1 -1 -1 -1 -1
0.5329935550689697 0.49608495831489563 0.9983622431755066 -1 -1 -1 -1 -1 -1 -1 -1 -1
0.519872784614563 0.5022474527359009 0.9984258413314819 -1 -1 -1 -1 -1 -1 -1 -1 -1
0.5228147506713867 0.5004807114601135 0.9967448711395264 -1 -1 -1 -1 -1 -1 -1 -1 -1
0.5299552083015442 0.4760265648365021 0.9977530837059021 -1 -1 -1 -1 -1 -1 -1 -1 -1
0.5311055779457092 0.4747123718261719 0.997488260269165 -1 -1 -1 -1 -1 -1 -1 -1 -1
0.502139687538147 0.46050941944122314 0.9995927214622498 -1 -1 -1 -1 -1 -1 -1 -1 -1
0.5121985077857971 0.4681074023246765 0.999325156211853 -1 -1 -1 -1 -1 -1 -1 -1 -1
0.5213355422019958 0.400818794965744 0.48061057925224304 -1 -1 -1 -1 -1 -1 -1 -1 -1
0.523838460445404 0.40925079584121704 0.0332634262740612 -1 -1 -1 -1 -1 -1 -1 -1 -1
0.5344641804695129 0.38448643684387207 0.1984775811433792 -1 -1 -1 -1 -1 -1 -1 -1 -1
0.5308405756950378 0.38672277331352234 0.026849495247006416 -1 -1 -1 -1 -1 -1 -1 -1 -1
0.5369321703910828 0.37920212745666504 0.1801723688840866 -1 -1 -1 -1 -1 -1 -1 -1 -1
0.533479630947113 0.3785271942615509 0.03727489337325096 -1 -1 -1 -1 -1 -1 -1 -1 -1
0.5362880825996399 0.3841136395931244 0.1872529536485672 -1 -1 -1 -1 -1 -1 -1 -1 -1
0.5327956676483154 0.38355499505996704 0.039300572127103806 -1 -1 -1 -1 -1 -1 -1 -1 -1
0.5351733565330505 0.3863685131072998 0.1574724167585373 -1 -1 -1 -1 -1 -1 -1 -1 -1
0.5316571593284607 0.38721147179603577 0.04327472671866417 -1 -1 -1 -1 -1 -1 -1 -1 -1
0.49999046325683594 0.3519485890865326 0.9987419247627258 -1 -1 -1 -1 -1 -1 -1 -1 -1
0.5055853724479675 0.35211509466171265 0.9989516735076904 -1 -1 -1 -1 -1 -1 -1 -1 -1
0.5324920415878296 0.42958498001098633 0.8437145352363586 -1 -1 -1 -1 -1 -1 -1 -1 -1
0.5369555950164795 0.4384191930294037 0.18714739382266998 -1 -1 -1 -1 -1 -1 -1 -1 -1
0.5380849838256836 0.3478088676929474 0.562150239944458 -1 -1 -1 -1 -1 -1 -1 -1 -1
0.5397669672966003 0.3386944830417633 0.2333730161190033 -1 -1 -1 -1 -1 -1 -1 -1 -1
0.5337421894073486 0.3387730121612549 0.514115571975708 -1 -1 -1 -1 -1 -1 -1 -1 -1
0.5348951816558838 0.32470473647117615 0.2664104700088501 -1 -1 -1 -1 -1 -1 -1 -1 -1
0.5516492128372192 0.32143136858940125 0.5821841955184937 -1 -1 -1 -1 -1 -1 -1 -1 -1
0.5551495552062988 0.3114945888519287 0.29562875628471375 -1 -1 -1 -1 -1 -1 -1 -1 -1
1 
33 
-1 -1 -1 -1 -1 -1 -1 -1 -1 -1
0.5231941938400269 0.37134504318237305 0.9977880716323853 -1 -1 -1 -1 -1 -1 -1 -1 -1
0.5269860625267029 0.3690655827522278 0.9985596537590027 -1 -1 -1 -1 -1 -1 -1 -1 -1
0.5279953479766846 0.370379239320755 0.9982712268829346 -1 -1 -1 -1 -1 -1 -1 -1 -1
0.5289859175682068 0.37170228362083435 0.9985828399658203 -1 -1 -1 -1 -1 -1 -1 -1 -1
0.5245423913002014 0.3657068908214569 0.9976900815963745 -1 -1 -1 -1 -1 -1 -1 -1 -1
0.5238012075424194 0.36458146572113037 0.9965431094169617 -1 -1 -1 -1 -1 -1 -1 -1 -1
0.5230599045753479 0.36346325278282166 0.9969248175621033 -1 -1 -1 -1 -1 -1 -1 -1 -1
0.5310620665550232 0.37599584460258484 0.9977458119392395 -1 -1 -1 -1 -1 -1 -1 -1 -1
0.5229361057281494 0.36464452743530273 0.9929865002632141 -1 -1 -1 -1 -1 -1 -1 -1 -1
0.5235546231269836 0.3782901167869568 0.9973310232162476 -1 -1 -1 -1 -1 -1 -1 -1 -1
0.5206130146980286 0.3742544651031494 0.9969808459281921 -1 -1 -1 -1 -1 -1 -1 -1 -1
0.5299487709999084 0.4005569815635681 0.9962936043739319 -1 -1 -1 -1 -1 -1 -1 -1 -1
0.5121676921844482 0.37809842824935913 0.9972461462020874 -1 -1 -1 -1 -1 -1 -1 -1 -1
0.5166299939155579 0.4067031145095825 0.9571304321289062 -1 -1 -1 -1 -1 -1 -1 -1 -1
0.4989321231842041 0.38519763946533203 0.6188930869102478 -1 -1 -1 -1 -1 -1 -1 -1 -1
0.5083927512168884 0.356010764837265 0.9604480266571045 -1 -1 -1 -1 -1 -1 -1 -1 -1
0.4990907907485962 0.36962172389030457 0.754047691822052 -1 -1 -1 -1 -1 -1 -1 -1 -1
0.5060903429985046 0.34475231170654297 0.9428389668464661 -1 -1 -1 -1 -1 -1 -1 -1 -1
0.49871087074279785 0.3654608726501465 0.7308026552200317 -1 -1 -1 -1 -1 -1 -1 -1 -1
0.5076304078102112 0.340969443321228 0.9388816356658936 -1 -1 -1 -1 -1 -1 -1 -1 -1
0.4988781213760376 0.3629665970802307 0.7436607480049133 -1 -1 -1 -1 -1 -1 -1 -1 -1
0.5083144903182983 0.3448830544948578 0.9077900052070618 -1 -1 -1 -1 -1 -1 -1 -1 -1
0.4989238381385803 0.36512207984924316 0.7180653810501099 -1 -1 -1 -1 -1 -1 -1 -1 -1
0.5124921798706055 0.4619441628456116 0.999701201915741 -1 -1 -1 -1 -1 -1 -1 -1 -1
0.49911296367645264 0.45103514194488525 0.9995412826538086 -1 -1 -1 -1 -1 -1 -1 -1 -1
0.5357707738876343 0.45499908924102783 0.8601502180099487 -1 -1 -1 -1 -1 -1 -1 -1 -1
0.493324875831604 0.4368923306465149 0.7575898170471191 -1 -1 -1 -1 -1 -1 -1 -1 -1
0.5143024325370789 0.4657028019428253 0.5955510139465332 -1 -1 -1 -1 -1 -1 -1 -1 -1
0.5015057921409607 0.45225054025650024 0.3917129337787628 -1 -1 -1 -1 -1 -1 -1 -1 -1
0.5110543966293335 0.46613141894340515 0.5443801283836365 -1 -1 -1 -1 -1 -1 -1 -1 -1
0.502812385559082 0.45691677927970886 0.4318641126155853 -1 -1 -1 -1 -1 -1 -1 -1 -1
0.5089662671089172 0.4686814248561859 0.6464965343475342 -1 -1 -1 -1 -1 -1 -1 -1 -1
0.5025517344474792 0.4488140642642975 0.47813674807548523 -1 -1 -1 -1 -1 -1 -1 -1 -1
1 
33 
-1 -1 -1 -1 -1 -1 -1 -1 -1 -1
0.5251842141151428 0.366335391998291 0.9977203011512756 -1 -1 -1 -1 -1 -1 -1 -1 -1
0.5294400453567505 0.3643660843372345 0.9974666833877563 -1 -1 -1 -1 -1 -1 -1 -1 -1
0.5304027795791626 0.3651488423347473 0.9971466660499573 -1 -1 -1 -1 -1 -1 -1 -1 -1
0.5313475131988525 0.3659376800060272 0.9972744584083557 -1 -1 -1 -1 -1 -1 -1 -1 -1
0.526628315448761 0.36087566614151 0.9959486722946167 -1 -1 -1 -1 -1 -1 -1 -1 -1
0.5258117318153381 0.35924282670021057 0.9938972592353821 -1 -1 -1 -1 -1 -1 -1 -1 -1
0.5250042080879211 0.35763126611709595 0.9949053525924683 -1 -1 -1 -1 -1 -1 -1 -1 -1
0.5334106087684631 0.3619815707206726 0.9978092312812805 -1 -1 -1 -1 -1 -1 -1 -1 -1
0.5234974026679993 0.3497491776943207 0.9966076612472534 -1 -1 -1 -1 -1 -1 -1 -1 -1
0.5246137380599976 0.3677777647972107 0.9988817572593689 -1 -1 -1 -1 -1 -1 -1 -1 -1
0.5220274329185486 0.3637518584728241 0.9991264939308167 -1 -1 -1 -1 -1 -1 -1 -1 -1
0.5297216773033142 0.36544930934906006 0.9984357953071594 -1 -1 -1 -1 -1 -1 -1 -1 -1
0.5055964589118958 0.32859790325164795 0.9996854066848755 -1 -1 -1 -1 -1 -1 -1 -1 -1
0.5220167636871338 0.3768795132637024 0.807317316532135 -1 -1 -1 -1 -1 -1 -1 -1 -1
0.49455785751342773 0.32605770230293274 0.7796331644058228 -1 -1 -1 -1 -1 -1 -1 -1 -1
0.5107530355453491 0.3355686068534851 0.8037020564079285 -1 -1 -1 -1 -1 -1 -1 -1 -1
0.4973890781402588 0.33569520711898804 0.6023898124694824 -1 -1 -1 -1 -1 -1 -1 -1 -1
0.5085346698760986 0.32611367106437683 0.7490897178649902 -1 -1 -1 -1 -1 -1 -1 -1 -1
0.49655264616012573 0.3374168872833252 0.5696524381637573 -1 -1 -1 -1 -1 -1 -1 -1 -1
0.5072040557861328 0.32251662015914917 0.7404629588127136 -1 -1 -1 -1 -1 -1 -1 -1 -1
0.49886634945869446 0.33904212713241577 0.5635527968406677 -1 -1 -1 -1 -1 -1 -1 -1 -1
0.5075810551643372 0.32631540298461914 0.6500579118728638 -1 -1 -1 -1 -1 -1 -1 -1 -1
0.49857714772224426 0.339024156332016 0.5029656887054443 -1 -1 -1 -1 -1 -1 -1 -1 -1
0.5014055371284485 0.44157594442367554 0.9989417195320129 -1 -1 -1 -1 -1 -1 -1 -1 -1
0.48535412549972534 0.4379711151123047 0.9991719722747803 -1 -1 -1 -1 -1 -1 -1 -1 -1
0.5403621792793274 0.4080730080604553 0.5856636762619019 -1 -1 -1 -1 -1 -1 -1 -1 -1
0.5083144903182983 0.41674545407295227 0.9309692978858948 -1 -1 -1 -1 -1 -1 -1 -1 -1
0.5432252883911133 0.41829514503479004 0.31095439195632935 -1 -1 -1 -1 -1 -1 -1 -1 -1
0.5422926545143127 0.4275791645050049 0.5068973898887634 -1 -1 -1 -1 -1 -1 -1 -1 -1
0.5407057404518127 0.4252042770385742 0.383029043674469 -1 -1 -1 -1 -1 -1 -1 -1 -1
0.5447576642036438 0.4340730905532837 0.37612637877464294 -1 -1 -1 -1 -1 -1 -1 -1 -1
0.5498427152633667 0.4042699635028839 0.4598749279975891 -1 -1 -1 -1 -1 -1 -1 -1 -1
0.5616388916969299 0.41301876306533813 0.5980039238929749 -1 -1 -1 -1 -1 -1 -1 -1 -1
1 
33 
-1 -1 -1 -1 -1 -1 -1 -1 -1 -1
0.48365768790245056 0.4382668137550354 0.8690655827522278 -1 -1 -1 -1 -1 -1 -1 -1 -1
0.48265165090560913 0.438462495803833 0.8351306915283203 -1 -1 -1 -1 -1 -1 -1 -1 -1
0.4824909269809723 0.43831583857536316 0.8264855742454529 -1 -1 -1 -1 -1 -1 -1 -1 -1
0.48234033584594727 0.4381590783596039 0.826500415802002 -1 -1 -1 -1 -1 -1 -1 -1 -1
0.4827975034713745 0.4385828673839569 0.8376840353012085 -1 -1 -1 -1 -1 -1 -1 -1 -1
0.482772558927536 0.43863415718078613 0.8434308171272278 -1 -1 -1 -1 -1 -1 -1 -1 -1
0.4827370345592499 0.4386729598045349 0.8722220659255981 -1 -1 -1 -1 -1 -1 -1 -1 -1
0.48175063729286194 0.43720412254333496 0.8514314889907837 -1 -1 -1 -1 -1 -1 -1 -1 -1
0.4824172258377075 0.43815428018569946 0.9079223871231079 -1 -1 -1 -1 -1 -1 -1 -1 -1
0.48412904143333435 0.4372810423374176 0.8275167942047119 -1 -1 -1 -1 -1 -1 -1 -1 -1
0.4843418300151825 0.4377311170101166 0.8455658555030823 -1 -1 -1 -1 -1 -1 -1 -1 -1
0.4848119914531708 0.43121787905693054 0.9984717965126038 -1 -1 -1 -1 -1 -1 -1 -1 -1
0.4858871102333069 0.43091636896133423 0.9961106181144714 -1 -1 -1 -1 -1 -1 -1 -1 -1
0.4966219365596771 0.4226415157318115 0.48232755064964294 -1 -1 -1 -1 -1 -1 -1 -1 -1
0.4975852072238922 0.4227314591407776 0.026485495269298553 -1 -1 -1 -1 -1 -1 -1 -1 -1
0.4965372681617737 0.43314921855926514 0.21317879855632782 -1 -1 -1 -1 -1 -1 -1 -1 -1
0.5019514560699463 0.4212702810764313 0.018476245924830437 -1 -1 -1 -1 -1 -1 -1 -1 -1
0.49677783250808716 0.4368939697742462 0.21332964301109314 -1 -1 -1 -1 -1 -1 -1 -1 -1
0.5031245350837708 0.41963398456573486 0.027918575331568718 -1 -1 -1 -1 -1 -1 -1 -1 -1
0.4948720633983612 0.4362969398498535 0.2105877548456192 -1 -1 -1 -1 -1 -1 -1 -1 -1
0.5028609037399292 0.4225201904773712 0.02703448012471199 -1 -1 -1 -1 -1 -1 -1 -1 -1
0.49469345808029175 0.4351181387901306 0.20732925832271576 -1 -1 -1 -1 -1 -1 -1 -1 -1
0.5021939277648926 0.42351776361465454 0.03209521621465683 -1 -1 -1 -1 -1 -1 -1 -1 -1
0.5053014755249023 0.41738808155059814 0.9994900226593018 -1 -1 -1 -1 -1 -1 -1 -1 -1
0.5054634213447571 0.4158051908016205 0.998579740524292 -1 -1 -1 -1 -1 -1 -1 -1 -1
0.5243837833404541 0.4125613272190094 0.6444342136383057 -1 -1 -1 -1 -1 -1 -1 -1 -1
0.5236954092979431 0.40978914499282837 0.14011816680431366 -1 -1 -1 -1 -1 -1 -1 -1 -1
0.5424370169639587 0.3994659185409546 0.568840503692627 -1 -1 -1 -1 -1 -1 -1 -1 -1
0.5411430597305298 0.3993568420410156 0.18834112584590912 -1 -1 -1 -1 -1 -1 -1 -1 -1
0.5447996854782104 0.39474841952323914 0.7154771089553833 -1 -1 -1 -1 -1 -1 -1 -1 -1
0.5434481501579285 0.39547228813171387 0.3658025860786438 -1 -1 -1 -1 -1 -1 -1 -1 -1
0.5478804111480713 0.4019414186477661 0.5302038788795471 -1 -1 -1 -1 -1 -1 -1 -1 -1
0.5473127365112305 0.4036652743816376 0.23520629107952118 -1 -1 -1 -1 -1 -1 -1 -1 -1
1 
33 
-1 -1 -1 -1 -1 -1 -1 -1 -1 -1
0.506333589553833 0.36416950821876526 0.9974883794784546 -1 -1 -1 -1 -1 -1 -1 -1 -1
0.5070230960845947 0.36013999581336975 0.9974324107170105 -1 -1 -1 -1 -1 -1 -1 -1 -1
0.5068278312683105 0.36024343967437744 0.9973686933517456 -1 -1 -1 -1 -1 -1 -1 -1 -1
0.5066371560096741 0.36036166548728943 0.9976800084114075 -1 -1 -1 -1 -1 -1 -1 -1 -1
0.5079241991043091 0.3601798713207245 0.9974933862686157 -1 -1 -1 -1 -1 -1 -1 -1 -1
0.5082584619522095 0.36027753353118896 0.9974417686462402 -1 -1 -1 -1 -1 -1 -1 -1 -1
0.5086036324501038 0.3603630065917969 0.9975213408470154 -1 -1 -1 -1 -1 -1 -1 -1 -1
0.506774365901947 0.3629361093044281 0.9977770447731018 -1 -1 -1 -1 -1 -1 -1 -1 -1
0.509612500667572 0.3632020950317383 0.9965207576751709 -1 -1 -1 -1 -1 -1 -1 -1 -1
0.505328893661499 0.36896979808807373 0.9979038238525391 -1 -1 -1 -1 -1 -1 -1 -1 -1
0.5061959624290466 0.3690042495727539 0.9971100687980652 -1 -1 -1 -1 -1 -1 -1 -1 -1
0.5033186674118042 0.3861614763736725 0.9995423555374146 -1 -1 -1 -1 -1 -1 -1 -1 -1
0.5093574523925781 0.3806873559951782 0.9988334774971008 -1 -1 -1 -1 -1 -1 -1 -1 -1
0.49392545223236084 0.40654006600379944 0.8403571248054504 -1 -1 -1 -1 -1 -1 -1 -1 -1
0.5039494633674622 0.391934871673584 0.37490302324295044 -1 -1 -1 -1 -1 -1 -1 -1 -1
0.49126672744750977 0.3920128047466278 0.8047565221786499 -1 -1 -1 -1 -1 -1 -1 -1 -1
0.5021880865097046 0.3880213499069214 0.6074280142784119 -1 -1 -1 -1 -1 -1 -1 -1 -1
0.4900350570678711 0.3886301815509796 0.7508925199508667 -1 -1 -1 -1 -1 -1 -1 -1 -1
0.5016810894012451 0.38883423805236816 0.6302907466888428 -1 -1 -1 -1 -1 -1 -1 -1 -1
0.4915417432785034 0.38505396246910095 0.7530964612960815 -1 -1 -1 -1 -1 -1 -1 -1 -1
0.5017666816711426 0.3858695328235626 0.6345402598381042 -1 -1 -1 -1 -1 -1 -1 -1 -1
0.4920405149459839 0.38704603910446167 0.72359299659729 -1 -1 -1 -1 -1 -1 -1 -1 -1
0.5013924241065979 0.38648533821105957 0.5957580208778381 -1 -1 -1 -1 -1 -1 -1 -1 -1
0.4999719262123108 0.4577355682849884 0.9991946816444397 -1 -1 -1 -1 -1 -1 -1 -1 -1
0.5012721419334412 0.45472046732902527 0.9990401864051819 -1 -1 -1 -1 -1 -1 -1 -1 -1
0.4912835359573364 0.43657949566841125 0.9275587797164917 -1 -1 -1 -1 -1 -1 -1 -1 -1
0.4920596182346344 0.4446685314178467 0.5567359328269958 -1 -1 -1 -1 -1 -1 -1 -1 -1
0.46684548258781433 0.4691440761089325 0.9319322109222412 -1 -1 -1 -1 -1 -1 -1 -1 -1
0.48141855001449585 0.4730031490325928 0.6264092922210693 -1 -1 -1 -1 -1 -1 -1 -1 -1
0.4647580683231354 0.47716429829597473 0.8957104682922363 -1 -1 -1 -1 -1 -1 -1 -1 -1
0.48086944222450256 0.47844523191452026 0.6756221652030945 -1 -1 -1 -1 -1 -1 -1 -1 -1
0.4559814929962158 0.4659169912338257 0.9162583351135254 -1 -1 -1 -1 -1 -1 -1 -1 -1
0.4728764593601227 0.4758540987968445 0.6625455021858215 -1 -1 -1 -1 -1 -1 -1 -1 -1
1 
