6
1 
33 
-1 -1 -1 -1 -1 -1 -1 -1 -1 -1
0.508597731590271 0.444105863571167 0.9906685948371887 -1 -1 -1 -1 -1 -1 -1 -1 -1
0.509080708026886 0.43458089232444763 0.9930776357650757 -1 -1 -1 -1 -1 -1 -1 -1 -1
0.5098186135292053 0.4337521195411682 0.9945712685585022 -1 -1 -1 -1 -1 -1 -1 -1 -1
0.510574221611023 0.43288320302963257 0.9951925277709961 -1 -1 -1 -1 -1 -1 -1 -1 -1
0.5086172223091125 0.43492403626441956 0.9870581030845642 -1 -1 -1 -1 -1 -1 -1 -1 -1
0.5090257525444031 0.4344072937965393 0.985886812210083 -1 -1 -1 -1 -1 -1 -1 -1 -1
0.5094985365867615 0.43382149934768677 0.9874427914619446 -1 -1 -1 -1 -1 -1 -1 -1 -1
0.5177751779556274 0.4300398826599121 0.9931890964508057 -1 -1 -1 -1 -1 -1 -1 -1 -1
0.516063392162323 0.43158137798309326 0.982501745223999 -1 -1 -1 -1 -1 -1 -1 -1 -1
0.5131810307502747 0.4480001926422119 0.9919686913490295 -1 -1 -1 -1 -1 -1 -1 -1 -1
0.5125789046287537 0.44845050573349 0.9795860648155212 -1 -1 -1 -1 -1 -1 -1 -1 -1
0.5338643789291382 0.4529415965080261 0.9999362230300903 -1 -1 -1 -1 -1 -1 -1 -1 -1
0.5267102122306824 0.45537054538726807 0.9974209070205688 -1 -1 -1 -1 -1 -1 -1 -1 -1
0.5353966355323792 0.4805939793586731 0.980442225933075 -1 -1 -1 -1 -1 -1 -1 -1 -1
0.5167974233627319 0.47618672251701355 0.23363935947418213 -1 -1 -1 -1 -1 -1 -1 -1 -1
0.5215180516242981 0.5156235098838806 0.9805027842521667 -1 -1 -1 -1 -1 -1 -1 -1 -1
0.4975174367427826 0.49267029762268066 0.6312708854675293 -1 -1 -1 -1 -1 -1 -1 -1 -1
0.520697832107544 0.5254528522491455 0.9692291021347046 -1 -1 -1 -1 -1 -1 -1 -1 -1
0.4923306703567505 0.4976547956466675 0.6493971347808838 -1 -1 -1 -1 -1 -1 -1 -1 -1
0.5186378359794617 0.5233319997787476 0.9664985537528992 -1 -1 -1 -1 -1 -1 -1 -1 -1
0.4926488995552063 0.49718642234802246 0.6636959314346313 -1 -1 -1 -1 -1 -1 -1 -1 -1
0.5184148550033569 0.5205379128456116 0.9326391816139221 -1 -1 -1 -1 -1 -1 -1 -1 -1
0.4944467544555664 0.4963715970516205 0.6577642560005188 -1 -1 -1 -1 -1 -1 -1 -1 -1
0.5605469942092896 0.5609905123710632 0.9995383024215698 -1 -1 -1 -1 -1 -1 -1 -1 -1
0.5539059638977051 0.5624698400497437 0.9985235333442688 -1 -1 -1 -1 -1 -1 -1 -1 -1
0.5393928289413452 0.6280204653739929 0.9875211715698242 -1 -1 -1 -1 -1 -1 -1 -1 -1
0.5376821756362915 0.6297839283943176 0.6631385684013367 -1 -1 -1 -1 -1 -1 -1 -1 -1
0.5519339442253113 0.7078619599342346 0.9868947267532349 -1 -1 -1 -1 -1 -1 -1 -1 -1
0.5473194718360901 0.7049588561058044 0.7490339279174805 -1 -1 -1 -1 -1 -1 -1 -1 -1
0.5582295060157776 0.7169196605682373 0.9786818623542786 -1 -1 -1 -1 -1 -1 -1 -1 -1
0.5540804266929626 0.7167448997497559 0.6969839334487915 -1 -1 -1 -1 -1 -1 -1 -1 -1
0.5347377061843872 0.7314368486404419 0.982544481754303 -1 -1 -1 -1 -1 -1 -1 -1 -1
0.5317065119743347 0.7294039130210876 0.7898933291435242 -1 -1 -1 -1 -1 -1 -1 -1 -1
1 
33 
-1 -1 -1 -1 -1 -1 -1 -1 -1 -1
0.5137638449668884 0.48086780309677124 0.9968902468681335 -1 -1 -1 -1 -1 -1 -1 -1 -1
0.5139594674110413 0.4705405533313751 0.9984097480773926 -1 -1 -1 -1 -1 -1 -1 -1 -1
0.5148438811302185 0.4689396023750305 0.9982024431228638 -1 -1 -1 -1 -1 -1 -1 -1 -1
0.5157026052474976 0.46740806102752686 0.9984452128410339 -1 -1 -1 -1 -1 -1 -1 -1 -1
0.512752890586853 0.4725176692008972 0.9981046915054321 -1 -1 -1 -1 -1 -1 -1 -1 -1
0.5131450295448303 0.4719013273715973 0.9973024129867554 -1 -1 -1 -1 -1 -1 -1 -1 -1
0.5132565498352051 0.47139304876327515 0.9980093836784363 -1 -1 -1 -1 -1 -1 -1 -1 -1
0.5228489637374878 0.4638156592845917 0.997138500213623 -1 -1 -1 -1 -1 -1 -1 -1 -1
0.5191535353660583 0.46640774607658386 0.9980480670928955 -1 -1 -1 -1 -1 -1 -1 -1 -1
0.5186333656311035 0.4819296896457672 0.995022177696228 -1 -1 -1 -1 -1 -1 -1 -1 -1
0.5173660516738892 0.4839751720428467 0.9945664405822754 -1 -1 -1 -1 -1 -1 -1 -1 -1
0.5355072617530823 0.4832301139831543 0.9982896447181702 -1 -1 -1 -1 -1 -1 -1 -1 -1
0.5281903147697449 0.4825425148010254 0.9957507848739624 -1 -1 -1 -1 -1 -1 -1 -1 -1
0.5291814804077148 0.492023766040802 0.935732901096344 -1 -1 -1 -1 -1 -1 -1 -1 -1
0.5128647089004517 0.4757397174835205 0.1132122352719307 -1 -1 -1 -1 -1 -1 -1 -1 -1
0.5082789063453674 0.4813547730445862 0.8341927528381348 -1 -1 -1 -1 -1 -1 -1 -1 -1
0.49479174613952637 0.47041597962379456 0.25705865025520325 -1 -1 -1 -1 -1 -1 -1 -1 -1
0.5033371448516846 0.47797709703445435 0.819632887840271 -1 -1 -1 -1 -1 -1 -1 -1 -1
0.49083027243614197 0.46824461221694946 0.3320073187351227 -1 -1 -1 -1 -1 -1 -1 -1 -1
0.5029062032699585 0.4748048186302185 0.8069239854812622 -1 -1 -1 -1 -1 -1 -1 -1 -1
0.4915330410003662 0.4672624170780182 0.3526492714881897 -1 -1 -1 -1 -1 -1 -1 -1 -1
0.504300594329834 0.4776155352592468 0.6898374557495117 -1 -1 -1 -1 -1 -1 -1 -1 -1
0.4927584230899811 0.4687407612800598 0.3693380653858185 -1 -1 -1 -1 -1 -1 -1 -1 -1
0.56524658203125 0.574282705783844 0.9992809891700745 -1 -1 -1 -1 -1 -1 -1 -1 -1
0.5597048997879028 0.5724959969520569 0.9987826943397522 -1 -1 -1 -1 -1 -1 -1 -1 -1
0.5357598066329956 0.6367737650871277 0.9568676352500916 -1 -1 -1 -1 -1 -1 -1 -1 -1
0.5368508696556091 0.635657548904419 0.5163830518722534 -1 -1 -1 -1 -1 -1 -1 -1 -1
0.5513678193092346 0.7130527496337891 0.9619032144546509 -1 -1 -1 -1 -1 -1 -1 -1 -1
0.5498693585395813 0.7080562114715576 0.5330708026885986 -1 -1 -1 -1 -1 -1 -1 -1 -1
0.5577191710472107 0.7244486212730408 0.9707381129264832 -1 -1 -1 -1 -1 -1 -1 -1 -1
0.5560506582260132 0.7195601463317871 0.6592116355895996 -1 -1 -1 -1 -1 -1 -1 -1 -1
0.5339346528053284 0.7360408306121826 0.945707380771637 -1 -1 -1 -1 -1 -1 -1 -1 -1
0.5331389904022217 0.7316209077835083 0.5721903443336487 -1 -1 -1 -1 -1 -1 -1 -1 -1
1 
33 
-1 -1 -1 -1 -1 -1 -1 -1 -1 -1
0.49713611602783203 0.4769977927207947 0.9848899245262146 -1 -1 -1 -1 -1 -1 -1 -1 -1
0.5006555318832397 0.4694365859031677 0.9909420609474182 -1 -1 -1 -1 -1 -1 -1 -1 -1
0.5016826391220093 0.46936798095703125 0.9925030469894409 -1 -1 -1 -1 -1 -1 -1 -1 -1
0.5026483535766602 0.4693068861961365 0.9922236204147339 -1 -1 -1 -1 -1 -1 -1 -1 -1
0.49978262186050415 0.46844804286956787 0.9862392544746399 -1 -1 -1 -1 -1 -1 -1 -1 -1
0.5002814531326294 0.46773502230644226 0.986106276512146 -1 -1 -1 -1 -1 -1 -1 -1 -1
0.5007254481315613 0.4669908881187439 0.9860966801643372 -1 -1 -1 -1 -1 -1 -1 -1 -1
0.5112148523330688 0.4698992669582367 0.9875049591064453 -1 -1 -1 -1 -1 -1 -1 -1 -1
0.5081819295883179 0.46695730090141296 0.986218273639679 -1 -1 -1 -1 -1 -1 -1 -1 -1
0.5018411874771118 0.4829108417034149 0.9816527962684631 -1 -1 -1 -1 -1 -1 -1 -1 -1
0.5008447766304016 0.48225319385528564 0.9681106209754944 -1 -1 -1 -1 -1 -1 -1 -1 -1
0.5293077230453491 0.49358484148979187 0.9980237483978271 -1 -1 -1 -1 -1 -1 -1 -1 -1
0.5209510922431946 0.4799179434776306 0.9840609431266785 -1 -1 -1 -1 -1 -1 -1 -1 -1
0.5456753373146057 0.5033236145973206 0.916885256767273 -1 -1 -1 -1 -1 -1 -1 -1 -1
0.5155318379402161 0.45207810401916504 0.045122213661670685 -1 -1 -1 -1 -1 -1 -1 -1 -1
0.5273829102516174 0.493353933095932 0.8573786616325378 -1 -1 -1 -1 -1 -1 -1 -1 -1
0.5055720210075378 0.4273737072944641 0.14670529961585999 -1 -1 -1 -1 -1 -1 -1 -1 -1
0.5245550274848938 0.48995649814605713 0.8243240118026733 -1 -1 -1 -1 -1 -1 -1 -1 -1
0.50396329164505 0.4184280335903168 0.22444310784339905 -1 -1 -1 -1 -1 -1 -1 -1 -1
0.5217238664627075 0.4861334264278412 0.813463032245636 -1 -1 -1 -1 -1 -1 -1 -1 -1
0.5049082040786743 0.4209054708480835 0.2381896823644638 -1 -1 -1 -1 -1 -1 -1 -1 -1
0.5226138830184937 0.48847731947898865 0.6949838995933533 -1 -1 -1 -1 -1 -1 -1 -1 -1
0.5047675371170044 0.425864577293396 0.2485102266073227 -1 -1 -1 -1 -1 -1 -1 -1 -1
0.5673653483390808 0.5910482406616211 0.9987257122993469 -1 -1 -1 -1 -1 -1 -1 -1 -1
0.5600176453590393 0.5859723091125488 0.9967606663703918 -1 -1 -1 -1 -1 -1 -1 -1 -1
0.5345044136047363 0.6432572603225708 0.9377181529998779 -1 -1 -1 -1 -1 -1 -1 -1 -1
0.5341557860374451 0.6379907131195068 0.342848539352417 -1 -1 -1 -1 -1 -1 -1 -1 -1
0.5515831112861633 0.7221155762672424 0.9337146282196045 -1 -1 -1 -1 -1 -1 -1 -1 -1
0.5431619882583618 0.7143779993057251 0.4012312591075897 -1 -1 -1 -1 -1 -1 -1 -1 -1
0.5560347437858582 0.7323343753814697 0.9426448941230774 -1 -1 -1 -1 -1 -1 -1 -1 -1
0.5507473349571228 0.7243850231170654 0.5304812788963318 -1 -1 -1 -1 -1 -1 -1 -1 -1
0.5301053524017334 0.7370570302009583 0.9176691174507141 -1 -1 -1 -1 -1 -1 -1 -1 -1
0.5252096056938171 0.7287770509719849 0.526366651058197 -1 -1 -1 -1 -1 -1 -1 -1 -1
1 
33 
-1 -1 -1 -1 -1 -1 -1 -1 -1 -1
0.5162721276283264 0.4942789673805237 0.9648558497428894 -1 -1 -1 -1 -1 -1 -1 -1 -1
0.5168365240097046 0.4875345230102539 0.9716872572898865 -1 -1 -1 -1 -1 -1 -1 -1 -1
0.517461359500885 0.487098753452301 0.9707117080688477 -1 -1 -1 -1 -1 -1 -1 -1 -1
0.5180919766426086 0.4867090582847595 0.9750363230705261 -1 -1 -1 -1 -1 -1 -1 -1 -1
0.5161306858062744 0.4881337285041809 0.9640761613845825 -1 -1 -1 -1 -1 -1 -1 -1 -1
0.5161432027816772 0.4881700873374939 0.9602346420288086 -1 -1 -1 -1 -1 -1 -1 -1 -1
0.5161650776863098 0.488197386264801 0.9686785340309143 -1 -1 -1 -1 -1 -1 -1 -1 -1
0.5220322608947754 0.4864591956138611 0.962955892086029 -1 -1 -1 -1 -1 -1 -1 -1 -1
0.5191053748130798 0.4884851574897766 0.9547819495201111 -1 -1 -1 -1 -1 -1 -1 -1 -1
0.5188718438148499 0.49872249364852905 0.9460146427154541 -1 -1 -1 -1 -1 -1 -1 -1 -1
0.5179014205932617 0.49956101179122925 0.915228545665741 -1 -1 -1 -1 -1 -1 -1 -1 -1
0.5364183187484741 0.49633777141571045 0.995578944683075 -1 -1 -1 -1 -1 -1 -1 -1 -1
0.5216321349143982 0.5088845491409302 0.9872298836708069 -1 -1 -1 -1 -1 -1 -1 -1 -1
0.5285568833351135 0.47270429134368896 0.7020351886749268 -1 -1 -1 -1 -1 -1 -1 -1 -1
0.5119935870170593 0.46820396184921265 0.3247928321361542 -1 -1 -1 -1 -1 -1 -1 -1 -1
0.5215834975242615 0.45314133167266846 0.4392921030521393 -1 -1 -1 -1 -1 -1 -1 -1 -1
0.5159229040145874 0.4347274601459503 0.46948933601379395 -1 -1 -1 -1 -1 -1 -1 -1 -1
0.5210224390029907 0.4494714140892029 0.45499470829963684 -1 -1 -1 -1 -1 -1 -1 -1 -1
0.5177351832389832 0.4279029369354248 0.4868232309818268 -1 -1 -1 -1 -1 -1 -1 -1 -1
0.5214365124702454 0.4487765431404114 0.45108792185783386 -1 -1 -1 -1 -1 -1 -1 -1 -1
0.51929771900177 0.4284179210662842 0.500957727432251 -1 -1 -1 -1 -1 -1 -1 -1 -1
0.5209641456604004 0.4511585831642151 0.39728328585624695 -1 -1 -1 -1 -1 -1 -1 -1 -1
0.5193241238594055 0.42965054512023926 0.4782713055610657 -1 -1 -1 -1 -1 -1 -1 -1 -1
0.5662243366241455 0.6071333885192871 0.9995883107185364 -1 -1 -1 -1 -1 -1 -1 -1 -1
0.558750331401825 0.6113398671150208 0.9991550445556641 -1 -1 -1 -1 -1 -1 -1 -1 -1
0.5335786938667297 0.6435271501541138 0.9552890658378601 -1 -1 -1 -1 -1 -1 -1 -1 -1
0.5300625562667847 0.6449112296104431 0.4475899040699005 -1 -1 -1 -1 -1 -1 -1 -1 -1
0.5496184229850769 0.7169383764266968 0.8820465207099915 -1 -1 -1 -1 -1 -1 -1 -1 -1
0.5458080172538757 0.7120840549468994 0.4802588224411011 -1 -1 -1 -1 -1 -1 -1 -1 -1
0.5577494502067566 0.724599301815033 0.880620002746582 -1 -1 -1 -1 -1 -1 -1 -1 -1
0.5519243478775024 0.7181128859519958 0.5408446788787842 -1 -1 -1 -1 -1 -1 -1 -1 -1
0.5344367027282715 0.7363687753677368 0.8953973650932312 -1 -1 -1 -1 -1 -1 -1 -1 -1
0.5297454595565796 0.7300923466682434 0.5831206440925598 -1 -1 -1 -1 -1 -1 -1 -1 -1
1 
33 
-1 -1 -1 -1 -1 -1 -1 -1 -1 -1
0.503058910369873 0.5467150211334229 0.9229703545570374 -1 -1 -1 -1 -1 -1 -1 -1 -1
0.5013384819030762 0.5400316715240479 0.9589208364486694 -1 -1 -1 -1 -1 -1 -1 -1 -1
0.5026811957359314 0.5380358099937439 0.9596513509750366 -1 -1 -1 -1 -1 -1 -1 -1 -1
0.5033646821975708 0.5369800329208374 0.9662479162216187 -1 -1 -1 -1 -1 -1 -1 -1 -1
0.5010210275650024 0.5401672124862671 0.9495141506195068 -1 -1 -1 -1 -1 -1 -1 -1 -1
0.5022009015083313 0.5381550788879395 0.9388805031776428 -1 -1 -1 -1 -1 -1 -1 -1 -1
0.5027140378952026 0.5370049476623535 0.9511916637420654 -1 -1 -1 -1 -1 -1 -1 -1 -1
0.5114215612411499 0.5203788876533508 0.9482701420783997 -1 -1 -1 -1 -1 -1 -1 -1 -1
0.5115811824798584 0.5228225588798523 0.9522630572319031 -1 -1 -1 -1 -1 -1 -1 -1 -1
0.5087763071060181 0.5441250801086426 0.922248899936676 -1 -1 -1 -1 -1 -1 -1 -1 -1
0.508543848991394 0.5447931885719299 0.8818441033363342 -1 -1 -1 -1 -1 -1 -1 -1 -1
0.5298061370849609 0.5114639401435852 0.9991967082023621 -1 -1 -1 -1 -1 -1 -1 -1 -1
0.5279436111450195 0.5184308886528015 0.9903417825698853 -1 -1 -1 -1 -1 -1 -1 -1 -1
0.5308665037155151 0.4796624779701233 0.8775862455368042 -1 -1 -1 -1 -1 -1 -1 -1 -1
0.530056357383728 0.4905945658683777 0.045673321932554245 -1 -1 -1 -1 -1 -1 -1 -1 -1
0.532639741897583 0.47636663913726807 0.7247014045715332 -1 -1 -1 -1 -1 -1 -1 -1 -1
0.5296554565429688 0.47790005803108215 0.15033602714538574 -1 -1 -1 -1 -1 -1 -1 -1 -1
0.5341594219207764 0.4744008183479309 0.7052474021911621 -1 -1 -1 -1 -1 -1 -1 -1 -1
0.5304380059242249 0.47479379177093506 0.2176923155784607 -1 -1 -1 -1 -1 -1 -1 -1 -1
0.533138632774353 0.47717878222465515 0.7022870182991028 -1 -1 -1 -1 -1 -1 -1 -1 -1
0.5305036306381226 0.4752197265625 0.23672042787075043 -1 -1 -1 -1 -1 -1 -1 -1 -1
0.5324404239654541 0.47900447249412537 0.6046341061592102 -1 -1 -1 -1 -1 -1 -1 -1 -1
0.5297825336456299 0.47714486718177795 0.23467710614204407 -1 -1 -1 -1 -1 -1 -1 -1 -1
0.5692268013954163 0.6195559501647949 0.9995206594467163 -1 -1 -1 -1 -1 -1 -1 -1 -1
0.5655606389045715 0.6207252144813538 0.9984610080718994 -1 -1 -1 -1 -1 -1 -1 -1 -1
0.5273382663726807 0.6490365862846375 0.9631651639938354 -1 -1 -1 -1 -1 -1 -1 -1 -1
0.5273392200469971 0.6498017311096191 0.33629536628723145 -1 -1 -1 -1 -1 -1 -1 -1 -1
0.5515180826187134 0.7166895866394043 0.9059134125709534 -1 -1 -1 -1 -1 -1 -1 -1 -1
0.5473079681396484 0.7102420926094055 0.36068078875541687 -1 -1 -1 -1 -1 -1 -1 -1 -1
0.5576356053352356 0.7235865592956543 0.9153633117675781 -1 -1 -1 -1 -1 -1 -1 -1 -1
0.5522273778915405 0.7196740508079529 0.5010480284690857 -1 -1 -1 -1 -1 -1 -1 -1 -1
0.534947395324707 0.7352238297462463 0.9039769768714905 -1 -1 -1 -1 -1 -1 -1 -1 -1
0.530326247215271 0.7289746403694153 0.4879601001739502 -1 -1 -1 -1 -1 -1 -1 -1 -1
1 
33 
-1 -1 -1 -1 -1 -1 -1 -1 -1 -1
0.4965539574623108 0.5796828866004944 0.9955034852027893 -1 -1 -1 -1 -1 -1 -1 -1 -1
0.496341735124588 0.5715739727020264 0.9955561757087708 -1 -1 -1 -1 -1 -1 -1 -1 -1
0.49686965346336365 0.5702218413352966 0.9972986578941345 -1 -1 -1 -1 -1 -1 -1 -1 -1
0.49733322858810425 0.568902313709259 0.9970619082450867 -1 -1 -1 -1 -1 -1 -1 -1 -1
0.49586132168769836 0.572666585445404 0.9940178394317627 -1 -1 -1 -1 -1 -1 -1 -1 -1
0.4960564374923706 0.5720702409744263 0.994986891746521 -1 -1 -1 -1 -1 -1 -1 -1 -1
0.4962100386619568 0.5715414881706238 0.9919298887252808 -1 -1 -1 -1 -1 -1 -1 -1 -1
0.5025257468223572 0.5600616931915283 0.998913049697876 -1 -1 -1 -1 -1 -1 -1 -1 -1
0.5008949041366577 0.5641551613807678 0.9967331886291504 -1 -1 -1 -1 -1 -1 -1 -1 -1
0.4998789429664612 0.579984188079834 0.9991028308868408 -1 -1 -1 -1 -1 -1 -1 -1 -1
0.4991570711135864 0.5816726088523865 0.9984286427497864 -1 -1 -1 -1 -1 -1 -1 -1 -1
0.5222866535186768 0.5677709579467773 0.9999653100967407 -1 -1 -1 -1 -1 -1 -1 -1 -1
0.5180557370185852 0.5862876176834106 0.9942917823791504 -1 -1 -1 -1 -1 -1 -1 -1 -1
0.5450332760810852 0.5292344689369202 0.9821233153343201 -1 -1 -1 -1 -1 -1 -1 -1 -1
0.5359593033790588 0.5773152709007263 0.050973955541849136 -1 -1 -1 -1 -1 -1 -1 -1 -1
0.5587765574455261 0.48915237188339233 0.9698413610458374 -1 -1 -1 -1 -1 -1 -1 -1 -1
0.5414623618125916 0.5424380302429199 0.12065098434686661 -1 -1 -1 -1 -1 -1 -1 -1 -1
0.5615479350090027 0.4740258455276489 0.9426183700561523 -1 -1 -1 -1 -1 -1 -1 -1 -1
0.5447126626968384 0.532200276851654 0.1594037115573883 -1 -1 -1 -1 -1 -1 -1 -1 -1
0.5593479871749878 0.47104179859161377 0.9437554478645325 -1 -1 -1 -1 -1 -1 -1 -1 -1
0.5427392721176147 0.5308542847633362 0.16400772333145142 -1 -1 -1 -1 -1 -1 -1 -1 -1
0.5612391829490662 0.47940826416015625 0.9164025783538818 -1 -1 -1 -1 -1 -1 -1 -1 -1
0.5410282611846924 0.5350286364555359 0.16276979446411133 -1 -1 -1 -1 -1 -1 -1 -1 -1
0.5725035667419434 0.6256987452507019 0.9969186782836914 -1 -1 -1 -1 -1 -1 -1 -1 -1
0.5705573558807373 0.6280544400215149 0.9932703375816345 -1 -1 -1 -1 -1 -1 -1 -1 -1
0.5265742540359497 0.6546550989151001 0.9771416783332825 -1 -1 -1 -1 -1 -1 -1 -1 -1
0.525381863117218 0.6537614464759827 0.2938438057899475 -1 -1 -1 -1 -1 -1 -1 -1 -1
0.5514377951622009 0.7190197110176086 0.9561582803726196 -1 -1 -1 -1 -1 -1 -1 -1 -1
0.5502976179122925 0.7183928489685059 0.4377260208129883 -1 -1 -1 -1 -1 -1 -1 -1 -1
0.5586140155792236 0.72809237241745 0.9379785656929016 -1 -1 -1 -1 -1 -1 -1 -1 -1
0.5576513409614563 0.7272140383720398 0.5212874412536621 -1 -1 -1 -1 -1 -1 -1 -1 -1
0.5361462831497192 0.7402881979942322 0.9234198331832886 -1 -1 -1 -1 -1 -1 -1 -1 -1
0.5368362665176392 0.7410977482795715 0.5525703430175781 -1 -1 -1 -1 -1 -1 -1 -1 -1
1 
