25
1 
33 
-1 -1 -1 -1 -1 -1 -1 -1 -1 -1
0.5048977732658386 0.3765580654144287 0.9376698136329651 -1 -1 -1 -1 -1 -1 -1 -1 -1
0.5079569220542908 0.36673271656036377 0.9534114599227905 -1 -1 -1 -1 -1 -1 -1 -1 -1
0.5090377330780029 0.3657236695289612 0.958219051361084 -1 -1 -1 -1 -1 -1 -1 -1 -1
0.5101219415664673 0.3645729124546051 0.9652477502822876 -1 -1 -1 -1 -1 -1 -1 -1 -1
0.5075331330299377 0.3670347034931183 0.9380683898925781 -1 -1 -1 -1 -1 -1 -1 -1 -1
0.5082828402519226 0.3663204312324524 0.9324832558631897 -1 -1 -1 -1 -1 -1 -1 -1 -1
0.5090470910072327 0.3654308021068573 0.944293737411499 -1 -1 -1 -1 -1 -1 -1 -1 -1
0.5193957686424255 0.3635128438472748 0.9513396620750427 -1 -1 -1 -1 -1 -1 -1 -1 -1
0.5176224708557129 0.3643185496330261 0.8717216849327087 -1 -1 -1 -1 -1 -1 -1 -1 -1
0.5102273225784302 0.38233089447021484 0.9136144518852234 -1 -1 -1 -1 -1 -1 -1 -1 -1
0.5097654461860657 0.3831522762775421 0.8786296248435974 -1 -1 -1 -1 -1 -1 -1 -1 -1
0.5307930707931519 0.401114821434021 0.9966885447502136 -1 -1 -1 -1 -1 -1 -1 -1 -1
0.530756950378418 0.40228158235549927 0.9608139395713806 -1 -1 -1 -1 -1 -1 -1 -1 -1
0.5346951484680176 0.466427743434906 0.8840654492378235 -1 -1 -1 -1 -1 -1 -1 -1 -1
0.5318616628646851 0.47099658846855164 0.0035102488473057747 -1 -1 -1 -1 -1 -1 -1 -1 -1
0.5359745621681213 0.5263746380805969 0.555856466293335 -1 -1 -1 -1 -1 -1 -1 -1 -1
0.5273538827896118 0.5094408392906189 0.003230050206184387 -1 -1 -1 -1 -1 -1 -1 -1 -1
0.5375935435295105 0.5373393297195435 0.525665819644928 -1 -1 -1 -1 -1 -1 -1 -1 -1
0.5280165672302246 0.5161530375480652 0.006203023251146078 -1 -1 -1 -1 -1 -1 -1 -1 -1
0.5349960923194885 0.5349236726760864 0.514306366443634 -1 -1 -1 -1 -1 -1 -1 -1 -1
0.5235501527786255 0.5144342184066772 0.006400066427886486 -1 -1 -1 -1 -1 -1 -1 -1 -1
0.5344950556755066 0.5306311249732971 0.41377952694892883 -1 -1 -1 -1 -1 -1 -1 -1 -1
0.5234211087226868 0.5118409395217896 0.007284528110176325 -1 -1 -1 -1 -1 -1 -1 -1 -1
0.5319143533706665 0.5203072428703308 0.9839622974395752 -1 -1 -1 -1 -1 -1 -1 -1 -1
0.5332825779914856 0.5208929181098938 0.9657089114189148 -1 -1 -1 -1 -1 -1 -1 -1 -1
0.5335014462471008 0.6178716421127319 0.894332766532898 -1 -1 -1 -1 -1 -1 -1 -1 -1
0.5332881212234497 0.6162802577018738 0.28212207555770874 -1 -1 -1 -1 -1 -1 -1 -1 -1
0.5405354499816895 0.7132675647735596 0.9404211044311523 -1 -1 -1 -1 -1 -1 -1 -1 -1
0.5392848253250122 0.7077187299728394 0.41168805956840515 -1 -1 -1 -1 -1 -1 -1 -1 -1
0.5468565225601196 0.7242307662963867 0.9507339596748352 -1 -1 -1 -1 -1 -1 -1 -1 -1
0.5459488034248352 0.7196551561355591 0.5016242265701294 -1 -1 -1 -1 -1 -1 -1 -1 -1
0.5210468173027039 0.7485289573669434 0.9238801002502441 -1 -1 -1 -1 -1 -1 -1 -1 -1
0.5214671492576599 0.7373062372207642 0.4953557550907135 -1 -1 -1 -1 -1 -1 -1 -1 -1
1 
33 
-1 -1 -1 -1 -1 -1 -1 -1 -1 -1
0.5053811073303223 0.37299370765686035 0.9842562079429626 -1 -1 -1 -1 -1 -1 -1 -1 -1
0.5078734755516052 0.36267614364624023 0.9918308854103088 -1 -1 -1 -1 -1 -1 -1 -1 -1
0.5088874101638794 0.36201775074005127 0.9913216233253479 -1 -1 -1 -1 -1 -1 -1 -1 -1
0.5099167227745056 0.3612635135650635 0.9938329458236694 -1 -1 -1 -1 -1 -1 -1 -1 -1
0.5074047446250916 0.36264878511428833 0.9870275259017944 -1 -1 -1 -1 -1 -1 -1 -1 -1
0.5080957412719727 0.36204227805137634 0.9836022853851318 -1 -1 -1 -1 -1 -1 -1 -1 -1
0.5088059902191162 0.3613184094429016 0.9873850345611572 -1 -1 -1 -1 -1 -1 -1 -1 -1
0.5188983082771301 0.36016204953193665 0.9928227066993713 -1 -1 -1 -1 -1 -1 -1 -1 -1
0.5171714425086975 0.36013901233673096 0.9761767387390137 -1 -1 -1 -1 -1 -1 -1 -1 -1
0.5106576085090637 0.37945592403411865 0.9814878702163696 -1 -1 -1 -1 -1 -1 -1 -1 -1
0.5099958181381226 0.3792116641998291 0.967245876789093 -1 -1 -1 -1 -1 -1 -1 -1 -1
0.5301457643508911 0.4010651111602783 0.9983363747596741 -1 -1 -1 -1 -1 -1 -1 -1 -1
0.529845654964447 0.39742037653923035 0.9782243967056274 -1 -1 -1 -1 -1 -1 -1 -1 -1
0.5316696166992188 0.46574926376342773 0.9224292039871216 -1 -1 -1 -1 -1 -1 -1 -1 -1
0.524225115776062 0.44208618998527527 0.00854127760976553 -1 -1 -1 -1 -1 -1 -1 -1 -1
0.5303604006767273 0.5028654336929321 0.6174224615097046 -1 -1 -1 -1 -1 -1 -1 -1 -1
0.513288140296936 0.4405079483985901 0.006497746799141169 -1 -1 -1 -1 -1 -1 -1 -1 -1
0.5304888486862183 0.5099803805351257 0.5727976560592651 -1 -1 -1 -1 -1 -1 -1 -1 -1
0.5120036602020264 0.43713808059692383 0.01055004633963108 -1 -1 -1 -1 -1 -1 -1 -1 -1
0.5286424160003662 0.5059409737586975 0.5698269009590149 -1 -1 -1 -1 -1 -1 -1 -1 -1
0.508618950843811 0.4320095181465149 0.011224189773201942 -1 -1 -1 -1 -1 -1 -1 -1 -1
0.5287958979606628 0.5034744143486023 0.47895941138267517 -1 -1 -1 -1 -1 -1 -1 -1 -1
0.5084349513053894 0.4336627125740051 0.01336691528558731 -1 -1 -1 -1 -1 -1 -1 -1 -1
0.5312908291816711 0.5193047523498535 0.9903130531311035 -1 -1 -1 -1 -1 -1 -1 -1 -1
0.5326153635978699 0.5189489126205444 0.9779924750328064 -1 -1 -1 -1 -1 -1 -1 -1 -1
0.5337388515472412 0.6159495115280151 0.9299340844154358 -1 -1 -1 -1 -1 -1 -1 -1 -1
0.5351387858390808 0.6165317893028259 0.4347662627696991 -1 -1 -1 -1 -1 -1 -1 -1 -1
0.5364388823509216 0.7088638544082642 0.9505824446678162 -1 -1 -1 -1 -1 -1 -1 -1 -1
0.5377281904220581 0.7130830883979797 0.5073051452636719 -1 -1 -1 -1 -1 -1 -1 -1 -1
0.5443295836448669 0.7177634239196777 0.9500362277030945 -1 -1 -1 -1 -1 -1 -1 -1 -1
0.5431962609291077 0.7151368260383606 0.5465043783187866 -1 -1 -1 -1 -1 -1 -1 -1 -1
0.5182315111160278 0.7468493580818176 0.9409257173538208 -1 -1 -1 -1 -1 -1 -1 -1 -1
0.5184566974639893 0.7399731278419495 0.6139354705810547 -1 -1 -1 -1 -1 -1 -1 -1 -1
1 
33 
-1 -1 -1 -1 -1 -1 -1 -1 -1 -1
0.5036851763725281 0.3735615015029907 0.9909273386001587 -1 -1 -1 -1 -1 -1 -1 -1 -1
0.5058477520942688 0.36289334297180176 0.9940837025642395 -1 -1 -1 -1 -1 -1 -1 -1 -1
0.5068734288215637 0.36216121912002563 0.9942073822021484 -1 -1 -1 -1 -1 -1 -1 -1 -1
0.5078941583633423 0.36138027906417847 0.9954873919487 -1 -1 -1 -1 -1 -1 -1 -1 -1
0.5053325295448303 0.36266034841537476 0.990772008895874 -1 -1 -1 -1 -1 -1 -1 -1 -1
0.5060139298439026 0.3618832230567932 0.9881330132484436 -1 -1 -1 -1 -1 -1 -1 -1 -1
0.506709098815918 0.36101844906806946 0.990227222442627 -1 -1 -1 -1 -1 -1 -1 -1 -1
0.5168904662132263 0.35853391885757446 0.9942069053649902 -1 -1 -1 -1 -1 -1 -1 -1 -1
0.5154303312301636 0.3583347797393799 0.9787490963935852 -1 -1 -1 -1 -1 -1 -1 -1 -1
0.509464681148529 0.37907350063323975 0.9855278134346008 -1 -1 -1 -1 -1 -1 -1 -1 -1
0.5088374018669128 0.3785369396209717 0.9751858115196228 -1 -1 -1 -1 -1 -1 -1 -1 -1
0.5282714366912842 0.3953712582588196 0.9994334578514099 -1 -1 -1 -1 -1 -1 -1 -1 -1
0.529920756816864 0.3937065601348877 0.9848991632461548 -1 -1 -1 -1 -1 -1 -1 -1 -1
0.5313752293586731 0.4666486382484436 0.9576476216316223 -1 -1 -1 -1 -1 -1 -1 -1 -1
0.5265357494354248 0.4518429934978485 0.010717200115323067 -1 -1 -1 -1 -1 -1 -1 -1 -1
0.5328760743141174 0.510964572429657 0.7982894778251648 -1 -1 -1 -1 -1 -1 -1 -1 -1
0.5200984477996826 0.47393354773521423 0.008333023637533188 -1 -1 -1 -1 -1 -1 -1 -1 -1
0.5338984727859497 0.5175605416297913 0.7410631775856018 -1 -1 -1 -1 -1 -1 -1 -1 -1
0.5202478170394897 0.47647523880004883 0.01297882478684187 -1 -1 -1 -1 -1 -1 -1 -1 -1
0.5317605137825012 0.5146037936210632 0.7335919737815857 -1 -1 -1 -1 -1 -1 -1 -1 -1
0.5160707235336304 0.4730165898799896 0.013442817144095898 -1 -1 -1 -1 -1 -1 -1 -1 -1
0.5312985777854919 0.511164128780365 0.6474409103393555 -1 -1 -1 -1 -1 -1 -1 -1 -1
0.5157265067100525 0.4721892774105072 0.015319433063268661 -1 -1 -1 -1 -1 -1 -1 -1 -1
0.5334416031837463 0.5127228498458862 0.9932557344436646 -1 -1 -1 -1 -1 -1 -1 -1 -1
0.53449946641922 0.5130276083946228 0.9803199768066406 -1 -1 -1 -1 -1 -1 -1 -1 -1
0.535706102848053 0.6114036440849304 0.9219439029693604 -1 -1 -1 -1 -1 -1 -1 -1 -1
0.5359345078468323 0.6124042868614197 0.3129238784313202 -1 -1 -1 -1 -1 -1 -1 -1 -1
0.5376938581466675 0.7094792127609253 0.9369924068450928 -1 -1 -1 -1 -1 -1 -1 -1 -1
0.5357319712638855 0.7056001424789429 0.3848951458930969 -1 -1 -1 -1 -1 -1 -1 -1 -1
0.5457155704498291 0.721412181854248 0.9465226531028748 -1 -1 -1 -1 -1 -1 -1 -1 -1
0.5431408882141113 0.7186791896820068 0.4775197207927704 -1 -1 -1 -1 -1 -1 -1 -1 -1
0.5161954164505005 0.7432334423065186 0.9291257262229919 -1 -1 -1 -1 -1 -1 -1 -1 -1
0.5152893662452698 0.7349835634231567 0.4977841079235077 -1 -1 -1 -1 -1 -1 -1 -1 -1
1 
33 
-1 -1 -1 -1 -1 -1 -1 -1 -1 -1
0.5054333806037903 0.37471795082092285 0.9892358183860779 -1 -1 -1 -1 -1 -1 -1 -1 -1
0.5074504017829895 0.3646783232688904 0.9918630123138428 -1 -1 -1 -1 -1 -1 -1 -1 -1
0.5083731412887573 0.36385905742645264 0.991455614566803 -1 -1 -1 -1 -1 -1 -1 -1 -1
0.5093070864677429 0.3629566431045532 0.9929324388504028 -1 -1 -1 -1 -1 -1 -1 -1 -1
0.5070796012878418 0.3647829294204712 0.9889574646949768 -1 -1 -1 -1 -1 -1 -1 -1 -1
0.5077286958694458 0.3641008734703064 0.9870439171791077 -1 -1 -1 -1 -1 -1 -1 -1 -1
0.5083805322647095 0.3633139133453369 0.9906784892082214 -1 -1 -1 -1 -1 -1 -1 -1 -1
0.5178496837615967 0.3608669638633728 0.9875931143760681 -1 -1 -1 -1 -1 -1 -1 -1 -1
0.5165170431137085 0.3614611029624939 0.9737352132797241 -1 -1 -1 -1 -1 -1 -1 -1 -1
0.5106195211410522 0.3808068037033081 0.9775707721710205 -1 -1 -1 -1 -1 -1 -1 -1 -1
0.5101619362831116 0.3807046413421631 0.9723016023635864 -1 -1 -1 -1 -1 -1 -1 -1 -1
0.5284884572029114 0.39897286891937256 0.998967170715332 -1 -1 -1 -1 -1 -1 -1 -1 -1
0.5345061421394348 0.4005868434906006 0.9914186000823975 -1 -1 -1 -1 -1 -1 -1 -1 -1
0.5254008173942566 0.46980932354927063 0.9481621980667114 -1 -1 -1 -1 -1 -1 -1 -1 -1
0.5269854664802551 0.46274906396865845 0.017092013731598854 -1 -1 -1 -1 -1 -1 -1 -1 -1
0.5152863264083862 0.5136306285858154 0.7543836236000061 -1 -1 -1 -1 -1 -1 -1 -1 -1
0.5130840539932251 0.5070473551750183 0.017182257026433945 -1 -1 -1 -1 -1 -1 -1 -1 -1
0.5116161108016968 0.5221707820892334 0.6815291047096252 -1 -1 -1 -1 -1 -1 -1 -1 -1
0.5107601881027222 0.5157505869865417 0.02519655041396618 -1 -1 -1 -1 -1 -1 -1 -1 -1
0.510116696357727 0.5192216038703918 0.6736845374107361 -1 -1 -1 -1 -1 -1 -1 -1 -1
0.5079012513160706 0.5139303803443909 0.025926217436790466 -1 -1 -1 -1 -1 -1 -1 -1 -1
0.5107265710830688 0.5151796936988831 0.590624988079071 -1 -1 -1 -1 -1 -1 -1 -1 -1
0.5091639757156372 0.5104061961174011 0.02878948114812374 -1 -1 -1 -1 -1 -1 -1 -1 -1
0.5328858494758606 0.5125465393066406 0.9913132786750793 -1 -1 -1 -1 -1 -1 -1 -1 -1
0.5368223786354065 0.5137040615081787 0.982492208480835 -1 -1 -1 -1 -1 -1 -1 -1 -1
0.5317040681838989 0.6086821556091309 0.9176567792892456 -1 -1 -1 -1 -1 -1 -1 -1 -1
0.5353105068206787 0.6112257838249207 0.2781440019607544 -1 -1 -1 -1 -1 -1 -1 -1 -1
0.5375205874443054 0.7052593231201172 0.9437105059623718 -1 -1 -1 -1 -1 -1 -1 -1 -1
0.5368990302085876 0.7036912441253662 0.4327089786529541 -1 -1 -1 -1 -1 -1 -1 -1 -1
0.5452876091003418 0.7181174755096436 0.952502965927124 -1 -1 -1 -1 -1 -1 -1 -1 -1
0.5440607070922852 0.717079222202301 0.5125616788864136 -1 -1 -1 -1 -1 -1 -1 -1 -1
0.5162652730941772 0.7353823781013489 0.9341084957122803 -1 -1 -1 -1 -1 -1 -1 -1 -1
0.5171279311180115 0.7311540842056274 0.5356775522232056 -1 -1 -1 -1 -1 -1 -1 -1 -1
1 
33 
-1 -1 -1 -1 -1 -1 -1 -1 -1 -1
0.5028789639472961 0.3824393153190613 0.9934479594230652 -1 -1 -1 -1 -1 -1 -1 -1 -1
0.5047767758369446 0.3713122606277466 0.993893027305603 -1 -1 -1 -1 -1 -1 -1 -1 -1
0.505731463432312 0.3704599440097809 0.9937088489532471 -1 -1 -1 -1 -1 -1 -1 -1 -1
0.5067686438560486 0.3693818747997284 0.9949439167976379 -1 -1 -1 -1 -1 -1 -1 -1 -1
0.5041601657867432 0.3715701103210449 0.9917207956314087 -1 -1 -1 -1 -1 -1 -1 -1 -1
0.5046389698982239 0.37098363041877747 0.9899595975875854 -1 -1 -1 -1 -1 -1 -1 -1 -1
0.505185067653656 0.37020143866539 0.9923096895217896 -1 -1 -1 -1 -1 -1 -1 -1 -1
0.5146719217300415 0.36710137128829956 0.9914647936820984 -1 -1 -1 -1 -1 -1 -1 -1 -1
0.5124919414520264 0.3682461380958557 0.9791313409805298 -1 -1 -1 -1 -1 -1 -1 -1 -1
0.5080803632736206 0.3889850974082947 0.9879967570304871 -1 -1 -1 -1 -1 -1 -1 -1 -1
0.5071420669555664 0.3895231783390045 0.9809624552726746 -1 -1 -1 -1 -1 -1 -1 -1 -1
0.5290922522544861 0.40295204520225525 0.9996786117553711 -1 -1 -1 -1 -1 -1 -1 -1 -1
0.5263285636901855 0.406821608543396 0.9955129027366638 -1 -1 -1 -1 -1 -1 -1 -1 -1
0.5269481539726257 0.4641581177711487 0.9678056240081787 -1 -1 -1 -1 -1 -1 -1 -1 -1
0.5250377655029297 0.4635441303253174 0.03642549365758896 -1 -1 -1 -1 -1 -1 -1 -1 -1
0.5224538445472717 0.5107988119125366 0.925694465637207 -1 -1 -1 -1 -1 -1 -1 -1 -1
0.5165605545043945 0.5125235319137573 0.059662509709596634 -1 -1 -1 -1 -1 -1 -1 -1 -1
0.5217515826225281 0.5280686020851135 0.8943334221839905 -1 -1 -1 -1 -1 -1 -1 -1 -1
0.5139662623405457 0.5235310792922974 0.07891075313091278 -1 -1 -1 -1 -1 -1 -1 -1 -1
0.5192134380340576 0.5235551595687866 0.8876960873603821 -1 -1 -1 -1 -1 -1 -1 -1 -1
0.5146440863609314 0.5201785564422607 0.08146075904369354 -1 -1 -1 -1 -1 -1 -1 -1 -1
0.5204013586044312 0.5185360908508301 0.8307702541351318 -1 -1 -1 -1 -1 -1 -1 -1 -1
0.5170902609825134 0.5166189074516296 0.0867433100938797 -1 -1 -1 -1 -1 -1 -1 -1 -1
0.5368661880493164 0.5186765193939209 0.9958666563034058 -1 -1 -1 -1 -1 -1 -1 -1 -1
0.532412052154541 0.5192568302154541 0.9897441267967224 -1 -1 -1 -1 -1 -1 -1 -1 -1
0.5337333679199219 0.6092439889907837 0.9372913837432861 -1 -1 -1 -1 -1 -1 -1 -1 -1
0.530536413192749 0.6146080493927002 0.3809540271759033 -1 -1 -1 -1 -1 -1 -1 -1 -1
0.540094256401062 0.707383930683136 0.9533111453056335 -1 -1 -1 -1 -1 -1 -1 -1 -1
0.5384688377380371 0.7050573229789734 0.4807720184326172 -1 -1 -1 -1 -1 -1 -1 -1 -1
0.5472169518470764 0.7212573289871216 0.9466524124145508 -1 -1 -1 -1 -1 -1 -1 -1 -1
0.5462613105773926 0.7206569910049438 0.5286521315574646 -1 -1 -1 -1 -1 -1 -1 -1 -1
0.5167362093925476 0.729644775390625 0.9501214623451233 -1 -1 -1 -1 -1 -1 -1 -1 -1
0.516054093837738 0.7288131713867188 0.5983775854110718 -1 -1 -1 -1 -1 -1 -1 -1 -1
1 
33 
-1 -1 -1 -1 -1 -1 -1 -1 -1 -1
0.5013094544410706 0.3897782564163208 0.976554274559021 -1 -1 -1 -1 -1 -1 -1 -1 -1
0.5029284954071045 0.37973782420158386 0.97975093126297 -1 -1 -1 -1 -1 -1 -1 -1 -1
0.5039224624633789 0.3790018856525421 0.9802877902984619 -1 -1 -1 -1 -1 -1 -1 -1 -1
0.5049366354942322 0.3780834376811981 0.9838654398918152 -1 -1 -1 -1 -1 -1 -1 -1 -1
0.5024047493934631 0.37971508502960205 0.9765235781669617 -1 -1 -1 -1 -1 -1 -1 -1 -1
0.5029507875442505 0.37904876470565796 0.9734525680541992 -1 -1 -1 -1 -1 -1 -1 -1 -1
0.5035746693611145 0.3781720697879791 0.978546679019928 -1 -1 -1 -1 -1 -1 -1 -1 -1
0.5131931900978088 0.37650737166404724 0.9759209752082825 -1 -1 -1 -1 -1 -1 -1 -1 -1
0.511227011680603 0.3775823712348938 0.9528201818466187 -1 -1 -1 -1 -1 -1 -1 -1 -1
0.5069340467453003 0.3976730406284332 0.9635168313980103 -1 -1 -1 -1 -1 -1 -1 -1 -1
0.5061681866645813 0.3979855179786682 0.9437031149864197 -1 -1 -1 -1 -1 -1 -1 -1 -1
0.5309932827949524 0.41174444556236267 0.9991382360458374 -1 -1 -1 -1 -1 -1 -1 -1 -1
0.527937650680542 0.41357356309890747 0.9948132038116455 -1 -1 -1 -1 -1 -1 -1 -1 -1
0.5266225934028625 0.4588204622268677 0.9482587575912476 -1 -1 -1 -1 -1 -1 -1 -1 -1
0.5225883722305298 0.46437329053878784 0.06397148221731186 -1 -1 -1 -1 -1 -1 -1 -1 -1
0.5166679620742798 0.4959616959095001 0.8590900301933289 -1 -1 -1 -1 -1 -1 -1 -1 -1
0.5101630687713623 0.4968949556350708 0.09792226552963257 -1 -1 -1 -1 -1 -1 -1 -1 -1
0.5147148966789246 0.506077766418457 0.8210989236831665 -1 -1 -1 -1 -1 -1 -1 -1 -1
0.5030986666679382 0.512201726436615 0.11759494245052338 -1 -1 -1 -1 -1 -1 -1 -1 -1
0.513222873210907 0.5013353228569031 0.8098495602607727 -1 -1 -1 -1 -1 -1 -1 -1 -1
0.5013396739959717 0.5100986957550049 0.12406696379184723 -1 -1 -1 -1 -1 -1 -1 -1 -1
0.5141201019287109 0.4998660981655121 0.7244284152984619 -1 -1 -1 -1 -1 -1 -1 -1 -1
0.5073584318161011 0.5023297667503357 0.128339946269989 -1 -1 -1 -1 -1 -1 -1 -1 -1
0.5412418246269226 0.5312930345535278 0.9889048337936401 -1 -1 -1 -1 -1 -1 -1 -1 -1
0.5379019975662231 0.5330685973167419 0.9807655215263367 -1 -1 -1 -1 -1 -1 -1 -1 -1
0.5304804444313049 0.6156482696533203 0.9449470639228821 -1 -1 -1 -1 -1 -1 -1 -1 -1
0.5288497805595398 0.6175298690795898 0.5590857863426208 -1 -1 -1 -1 -1 -1 -1 -1 -1
0.5411478281021118 0.7124327421188354 0.9448778033256531 -1 -1 -1 -1 -1 -1 -1 -1 -1
0.5385376214981079 0.7096892595291138 0.6202573180198669 -1 -1 -1 -1 -1 -1 -1 -1 -1
0.5477637648582458 0.726659893989563 0.9393179416656494 -1 -1 -1 -1 -1 -1 -1 -1 -1
0.5463942289352417 0.7257512807846069 0.6395696997642517 -1 -1 -1 -1 -1 -1 -1 -1 -1
0.5177826881408691 0.7327914834022522 0.9340581297874451 -1 -1 -1 -1 -1 -1 -1 -1 -1
0.5167757272720337 0.7298580408096313 0.6877195239067078 -1 -1 -1 -1 -1 -1 -1 -1 -1
1 
33 
-1 -1 -1 -1 -1 -1 -1 -1 -1 -1
0.49829986691474915 0.4157869219779968 0.9972999691963196 -1 -1 -1 -1 -1 -1 -1 -1 -1
0.4992288649082184 0.4049277603626251 0.9986575841903687 -1 -1 -1 -1 -1 -1 -1 -1 -1
0.49990031123161316 0.40415745973587036 0.9988056421279907 -1 -1 -1 -1 -1 -1 -1 -1 -1
0.5006794929504395 0.4032922685146332 0.9988864064216614 -1 -1 -1 -1 -1 -1 -1 -1 -1
0.49909132719039917 0.4049147367477417 0.9983658194541931 -1 -1 -1 -1 -1 -1 -1 -1 -1
0.49962329864501953 0.404156893491745 0.9980833530426025 -1 -1 -1 -1 -1 -1 -1 -1 -1
0.5002608895301819 0.4032289981842041 0.998314619064331 -1 -1 -1 -1 -1 -1 -1 -1 -1
0.508865475654602 0.4015384316444397 0.9985045194625854 -1 -1 -1 -1 -1 -1 -1 -1 -1
0.5076863169670105 0.4013870358467102 0.9985344409942627 -1 -1 -1 -1 -1 -1 -1 -1 -1
0.502600371837616 0.42190831899642944 0.996549129486084 -1 -1 -1 -1 -1 -1 -1 -1 -1
0.5021492838859558 0.4216458201408386 0.9944679737091064 -1 -1 -1 -1 -1 -1 -1 -1 -1
0.5271194577217102 0.4314579665660858 0.9996033310890198 -1 -1 -1 -1 -1 -1 -1 -1 -1
0.525139331817627 0.4332447052001953 0.9972460269927979 -1 -1 -1 -1 -1 -1 -1 -1 -1
0.52113276720047 0.46585363149642944 0.9288944602012634 -1 -1 -1 -1 -1 -1 -1 -1 -1
0.5177678465843201 0.46747010946273804 0.048245299607515335 -1 -1 -1 -1 -1 -1 -1 -1 -1
0.5060654878616333 0.466123104095459 0.9064127802848816 -1 -1 -1 -1 -1 -1 -1 -1 -1
0.5067954063415527 0.46266481280326843 0.09735320508480072 -1 -1 -1 -1 -1 -1 -1 -1 -1
0.5014830231666565 0.46506208181381226 0.9065729379653931 -1 -1 -1 -1 -1 -1 -1 -1 -1
0.5040717124938965 0.4594317078590393 0.1254626363515854 -1 -1 -1 -1 -1 -1 -1 -1 -1
0.5028213262557983 0.46279674768447876 0.8983572125434875 -1 -1 -1 -1 -1 -1 -1 -1 -1
0.5030092597007751 0.45752596855163574 0.1272999793291092 -1 -1 -1 -1 -1 -1 -1 -1 -1
0.5055301189422607 0.46262913942337036 0.8081960678100586 -1 -1 -1 -1 -1 -1 -1 -1 -1
0.5033718943595886 0.45901039242744446 0.13670596480369568 -1 -1 -1 -1 -1 -1 -1 -1 -1
0.5471883416175842 0.5507731437683105 0.9990050196647644 -1 -1 -1 -1 -1 -1 -1 -1 -1
0.5457029342651367 0.5484609603881836 0.9978216886520386 -1 -1 -1 -1 -1 -1 -1 -1 -1
0.5252898931503296 0.6263482570648193 0.9356542229652405 -1 -1 -1 -1 -1 -1 -1 -1 -1
0.5287004709243774 0.6234113574028015 0.4745780825614929 -1 -1 -1 -1 -1 -1 -1 -1 -1
0.5385746955871582 0.7191002368927002 0.9603261351585388 -1 -1 -1 -1 -1 -1 -1 -1 -1
0.5392500162124634 0.7092905044555664 0.5364868640899658 -1 -1 -1 -1 -1 -1 -1 -1 -1
0.543917715549469 0.734014093875885 0.9613268375396729 -1 -1 -1 -1 -1 -1 -1 -1 -1
0.5452061891555786 0.727826714515686 0.625222384929657 -1 -1 -1 -1 -1 -1 -1 -1 -1
0.5156260132789612 0.7333953976631165 0.9415138959884644 -1 -1 -1 -1 -1 -1 -1 -1 -1
0.5175656676292419 0.7257757186889648 0.5915535688400269 -1 -1 -1 -1 -1 -1 -1 -1 -1
1 
33 
-1 -1 -1 -1 -1 -1 -1 -1 -1 -1
0.4959920644760132 0.44281813502311707 0.9912243485450745 -1 -1 -1 -1 -1 -1 -1 -1 -1
0.4970226585865021 0.4327744245529175 0.9967370629310608 -1 -1 -1 -1 -1 -1 -1 -1 -1
0.4976406991481781 0.4318077564239502 0.9972988963127136 -1 -1 -1 -1 -1 -1 -1 -1 -1
0.49827301502227783 0.4308187961578369 0.9973830580711365 -1 -1 -1 -1 -1 -1 -1 -1 -1
0.49702832102775574 0.4330255091190338 0.9955744743347168 -1 -1 -1 -1 -1 -1 -1 -1 -1
0.4976491630077362 0.4322723150253296 0.9952131509780884 -1 -1 -1 -1 -1 -1 -1 -1 -1
0.49831485748291016 0.4312871992588043 0.9958927631378174 -1 -1 -1 -1 -1 -1 -1 -1 -1
0.5059569478034973 0.4282033443450928 0.9959585070610046 -1 -1 -1 -1 -1 -1 -1 -1 -1
0.505142867565155 0.42834895849227905 0.997704803943634 -1 -1 -1 -1 -1 -1 -1 -1 -1
0.5012609958648682 0.44732367992401123 0.9886503219604492 -1 -1 -1 -1 -1 -1 -1 -1 -1
0.5012352466583252 0.447737455368042 0.9831991791725159 -1 -1 -1 -1 -1 -1 -1 -1 -1
0.5258461236953735 0.4544256329536438 0.998744010925293 -1 -1 -1 -1 -1 -1 -1 -1 -1
0.524594783782959 0.45709216594696045 0.9905073642730713 -1 -1 -1 -1 -1 -1 -1 -1 -1
0.5277733206748962 0.4639965295791626 0.8290566802024841 -1 -1 -1 -1 -1 -1 -1 -1 -1
0.5214447379112244 0.4807804226875305 0.010690196417272091 -1 -1 -1 -1 -1 -1 -1 -1 -1
0.5132250785827637 0.44740939140319824 0.788663923740387 -1 -1 -1 -1 -1 -1 -1 -1 -1
0.515396237373352 0.4729757010936737 0.02773900143802166 -1 -1 -1 -1 -1 -1 -1 -1 -1
0.5108993649482727 0.4388843774795532 0.8171843886375427 -1 -1 -1 -1 -1 -1 -1 -1 -1
0.5156397223472595 0.46900129318237305 0.047887351363897324 -1 -1 -1 -1 -1 -1 -1 -1 -1
0.5101462006568909 0.43912437558174133 0.8048247694969177 -1 -1 -1 -1 -1 -1 -1 -1 -1
0.5143461227416992 0.46828821301460266 0.04918667674064636 -1 -1 -1 -1 -1 -1 -1 -1 -1
0.5102689266204834 0.4441574811935425 0.6629176139831543 -1 -1 -1 -1 -1 -1 -1 -1 -1
0.5134583711624146 0.47027453780174255 0.05540326237678528 -1 -1 -1 -1 -1 -1 -1 -1 -1
0.5544621348381042 0.56817626953125 0.9994702935218811 -1 -1 -1 -1 -1 -1 -1 -1 -1
0.5511459708213806 0.5694389343261719 0.9985252022743225 -1 -1 -1 -1 -1 -1 -1 -1 -1
0.5229523777961731 0.6316876411437988 0.9503573775291443 -1 -1 -1 -1 -1 -1 -1 -1 -1
0.5221490263938904 0.6295449733734131 0.4157603085041046 -1 -1 -1 -1 -1 -1 -1 -1 -1
0.5403919816017151 0.7200480699539185 0.9711464643478394 -1 -1 -1 -1 -1 -1 -1 -1 -1
0.5381419658660889 0.7123859524726868 0.5043359398841858 -1 -1 -1 -1 -1 -1 -1 -1 -1
0.5474342107772827 0.7324528694152832 0.9761286973953247 -1 -1 -1 -1 -1 -1 -1 -1 -1
0.5454899072647095 0.7266823053359985 0.660528838634491 -1 -1 -1 -1 -1 -1 -1 -1 -1
0.519176721572876 0.735761284828186 0.9606881737709045 -1 -1 -1 -1 -1 -1 -1 -1 -1
0.5183334350585938 0.7303628325462341 0.5812670588493347 -1 -1 -1 -1 -1 -1 -1 -1 -1
1 
33 
-1 -1 -1 -1 -1 -1 -1 -1 -1 -1
0.5030558109283447 0.42555975914001465 0.9940767288208008 -1 -1 -1 -1 -1 -1 -1 -1 -1
0.5076363682746887 0.4152291715145111 0.9970113039016724 -1 -1 -1 -1 -1 -1 -1 -1 -1
0.5083985924720764 0.4162694811820984 0.9980154037475586 -1 -1 -1 -1 -1 -1 -1 -1 -1
0.509041428565979 0.41721856594085693 0.99781334400177 -1 -1 -1 -1 -1 -1 -1 -1 -1
0.5059168338775635 0.4149971604347229 0.9930082559585571 -1 -1 -1 -1 -1 -1 -1 -1 -1
0.506094217300415 0.41529372334480286 0.9932317733764648 -1 -1 -1 -1 -1 -1 -1 -1 -1
0.5060524940490723 0.41570931673049927 0.9928905963897705 -1 -1 -1 -1 -1 -1 -1 -1 -1
0.5146862268447876 0.42800724506378174 0.9969992637634277 -1 -1 -1 -1 -1 -1 -1 -1 -1
0.5106433033943176 0.4244314730167389 0.9950952529907227 -1 -1 -1 -1 -1 -1 -1 -1 -1
0.5050792694091797 0.43820810317993164 0.996606707572937 -1 -1 -1 -1 -1 -1 -1 -1 -1
0.5041520595550537 0.4371281564235687 0.9921694397926331 -1 -1 -1 -1 -1 -1 -1 -1 -1
0.5282835364341736 0.4655628800392151 0.9995273351669312 -1 -1 -1 -1 -1 -1 -1 -1 -1
0.5128716230392456 0.4709012806415558 0.9919723272323608 -1 -1 -1 -1 -1 -1 -1 -1 -1
0.521811842918396 0.4682689905166626 0.921371579170227 -1 -1 -1 -1 -1 -1 -1 -1 -1
0.4994259476661682 0.4637432098388672 0.07211006432771683 -1 -1 -1 -1 -1 -1 -1 -1 -1
0.5095615983009338 0.4443260729312897 0.9241312146186829 -1 -1 -1 -1 -1 -1 -1 -1 -1
0.49657249450683594 0.4489032030105591 0.17351719737052917 -1 -1 -1 -1 -1 -1 -1 -1 -1
0.5086184740066528 0.43820592761039734 0.9276807308197021 -1 -1 -1 -1 -1 -1 -1 -1 -1
0.4969199299812317 0.44695788621902466 0.2297181934118271 -1 -1 -1 -1 -1 -1 -1 -1 -1
0.5080127716064453 0.4369872808456421 0.9260859489440918 -1 -1 -1 -1 -1 -1 -1 -1 -1
0.49802449345588684 0.4468972086906433 0.2534763813018799 -1 -1 -1 -1 -1 -1 -1 -1 -1
0.5075526833534241 0.4410678744316101 0.8525345325469971 -1 -1 -1 -1 -1 -1 -1 -1 -1
0.49788615107536316 0.4480549097061157 0.2721259295940399 -1 -1 -1 -1 -1 -1 -1 -1 -1
0.5618783831596375 0.5854945182800293 0.9998984336853027 -1 -1 -1 -1 -1 -1 -1 -1 -1
0.5498671531677246 0.5865907073020935 0.9996005892753601 -1 -1 -1 -1 -1 -1 -1 -1 -1
0.5245376825332642 0.632236123085022 0.9822485446929932 -1 -1 -1 -1 -1 -1 -1 -1 -1
0.5168208479881287 0.6302135586738586 0.6236253380775452 -1 -1 -1 -1 -1 -1 -1 -1 -1
0.5421469211578369 0.7214173078536987 0.9757493734359741 -1 -1 -1 -1 -1 -1 -1 -1 -1
0.5349544882774353 0.7126646041870117 0.7258360981941223 -1 -1 -1 -1 -1 -1 -1 -1 -1
0.5492607355117798 0.7362174987792969 0.9589043855667114 -1 -1 -1 -1 -1 -1 -1 -1 -1
0.5425705313682556 0.7287442088127136 0.7173202633857727 -1 -1 -1 -1 -1 -1 -1 -1 -1
0.5206098556518555 0.7390413284301758 0.9728560447692871 -1 -1 -1 -1 -1 -1 -1 -1 -1
0.516443133354187 0.7323583364486694 0.8033749461174011 -1 -1 -1 -1 -1 -1 -1 -1 -1
1 
33 
-1 -1 -1 -1 -1 -1 -1 -1 -1 -1
0.5105804800987244 0.4621461033821106 0.9867932200431824 -1 -1 -1 -1 -1 -1 -1 -1 -1
0.512458086013794 0.4545232653617859 0.9921088814735413 -1 -1 -1 -1 -1 -1 -1 -1 -1
0.5132666826248169 0.4540709853172302 0.9925615191459656 -1 -1 -1 -1 -1 -1 -1 -1 -1
0.514079749584198 0.45366084575653076 0.9928609728813171 -1 -1 -1 -1 -1 -1 -1 -1 -1
0.5121111869812012 0.4554973840713501 0.9856910109519958 -1 -1 -1 -1 -1 -1 -1 -1 -1
0.5124335289001465 0.4556947946548462 0.979835033416748 -1 -1 -1 -1 -1 -1 -1 -1 -1
0.5127695202827454 0.45590275526046753 0.9821397662162781 -1 -1 -1 -1 -1 -1 -1 -1 -1
0.5203551054000854 0.45541301369667053 0.9918346405029297 -1 -1 -1 -1 -1 -1 -1 -1 -1
0.5186631083488464 0.45798519253730774 0.9797878861427307 -1 -1 -1 -1 -1 -1 -1 -1 -1
0.5137218832969666 0.46827253699302673 0.9765057563781738 -1 -1 -1 -1 -1 -1 -1 -1 -1
0.5129702687263489 0.46960359811782837 0.9578237533569336 -1 -1 -1 -1 -1 -1 -1 -1 -1
0.5354816913604736 0.48457127809524536 0.9972139000892639 -1 -1 -1 -1 -1 -1 -1 -1 -1
0.524283230304718 0.48812633752822876 0.9875882267951965 -1 -1 -1 -1 -1 -1 -1 -1 -1
0.5270875096321106 0.49278900027275085 0.6359552145004272 -1 -1 -1 -1 -1 -1 -1 -1 -1
0.5164433717727661 0.48603108525276184 0.11712758243083954 -1 -1 -1 -1 -1 -1 -1 -1 -1
0.5252400040626526 0.45301079750061035 0.5969419479370117 -1 -1 -1 -1 -1 -1 -1 -1 -1
0.5142576098442078 0.45910584926605225 0.21028369665145874 -1 -1 -1 -1 -1 -1 -1 -1 -1
0.525276243686676 0.4425828158855438 0.6206642985343933 -1 -1 -1 -1 -1 -1 -1 -1 -1
0.5142856240272522 0.4533824920654297 0.23789002001285553 -1 -1 -1 -1 -1 -1 -1 -1 -1
0.5273394584655762 0.43924587965011597 0.6155200600624084 -1 -1 -1 -1 -1 -1 -1 -1 -1
0.514766275882721 0.45008623600006104 0.2448304146528244 -1 -1 -1 -1 -1 -1 -1 -1 -1
0.5267583131790161 0.4443542957305908 0.5042451620101929 -1 -1 -1 -1 -1 -1 -1 -1 -1
0.5145291686058044 0.45256510376930237 0.24745073914527893 -1 -1 -1 -1 -1 -1 -1 -1 -1
0.5443572998046875 0.5973577499389648 0.999873161315918 -1 -1 -1 -1 -1 -1 -1 -1 -1
0.5335248112678528 0.6004116535186768 0.9997463822364807 -1 -1 -1 -1 -1 -1 -1 -1 -1
0.5189622640609741 0.6376069784164429 0.9267764687538147 -1 -1 -1 -1 -1 -1 -1 -1 -1
0.5196847319602966 0.6423028111457825 0.39275988936424255 -1 -1 -1 -1 -1 -1 -1 -1 -1
0.5370917320251465 0.7163274884223938 0.9025546312332153 -1 -1 -1 -1 -1 -1 -1 -1 -1
0.5363460779190063 0.7184276580810547 0.5610342025756836 -1 -1 -1 -1 -1 -1 -1 -1 -1
0.5429317951202393 0.7257452011108398 0.938591480255127 -1 -1 -1 -1 -1 -1 -1 -1 -1
0.5424317121505737 0.731559693813324 0.699873685836792 -1 -1 -1 -1 -1 -1 -1 -1 -1
0.5196645855903625 0.7355736494064331 0.931000828742981 -1 -1 -1 -1 -1 -1 -1 -1 -1
0.5183167457580566 0.738004207611084 0.6416739821434021 -1 -1 -1 -1 -1 -1 -1 -1 -1
1 
33 
-1 -1 -1 -1 -1 -1 -1 -1 -1 -1
0.5294589400291443 0.6816602945327759 0.9643710851669312 -1 -1 -1 -1 -1 -1 -1 -1 -1
0.52798992395401 0.6843219995498657 0.9512501358985901 -1 -1 -1 -1 -1 -1 -1 -1 -1
0.5277088284492493 0.6840454339981079 0.9221644401550293 -1 -1 -1 -1 -1 -1 -1 -1 -1
0.5274370908737183 0.6837468147277832 0.9421824216842651 -1 -1 -1 -1 -1 -1 -1 -1 -1
0.5281796455383301 0.6846832036972046 0.9348883032798767 -1 -1 -1 -1 -1 -1 -1 -1 -1
0.528146505355835 0.6846919655799866 0.892862856388092 -1 -1 -1 -1 -1 -1 -1 -1 -1
0.5281246304512024 0.6847023963928223 0.9193835258483887 -1 -1 -1 -1 -1 -1 -1 -1 -1
0.5260199308395386 0.6801355481147766 0.942538857460022 -1 -1 -1 -1 -1 -1 -1 -1 -1
0.5270042419433594 0.6815158128738403 0.8438008427619934 -1 -1 -1 -1 -1 -1 -1 -1 -1
0.5293310880661011 0.6765567660331726 0.9755374789237976 -1 -1 -1 -1 -1 -1 -1 -1 -1
0.52964848279953 0.6770519018173218 0.9637682437896729 -1 -1 -1 -1 -1 -1 -1 -1 -1
0.5237683653831482 0.6532977819442749 0.9855390787124634 -1 -1 -1 -1 -1 -1 -1 -1 -1
0.5339177250862122 0.6637991666793823 0.9967297315597534 -1 -1 -1 -1 -1 -1 -1 -1 -1
0.5271904468536377 0.6257154941558838 0.33197879791259766 -1 -1 -1 -1 -1 -1 -1 -1 -1
0.5395538210868835 0.6605640649795532 0.2609027624130249 -1 -1 -1 -1 -1 -1 -1 -1 -1
0.536473274230957 0.6391375064849854 0.2842971682548523 -1 -1 -1 -1 -1 -1 -1 -1 -1
0.5459588170051575 0.678862988948822 0.3656718134880066 -1 -1 -1 -1 -1 -1 -1 -1 -1
0.5396687388420105 0.6389180421829224 0.22389259934425354 -1 -1 -1 -1 -1 -1 -1 -1 -1
0.5484198927879333 0.6816047430038452 0.41212937235832214 -1 -1 -1 -1 -1 -1 -1 -1 -1
0.5393041968345642 0.6430090069770813 0.21485811471939087 -1 -1 -1 -1 -1 -1 -1 -1 -1
0.5489101409912109 0.6822432279586792 0.4113941788673401 -1 -1 -1 -1 -1 -1 -1 -1 -1
0.5385646224021912 0.6434797048568726 0.19442081451416016 -1 -1 -1 -1 -1 -1 -1 -1 -1
0.5480831861495972 0.6810680627822876 0.391862690448761 -1 -1 -1 -1 -1 -1 -1 -1 -1
0.5317161083221436 0.5843910574913025 0.9961440563201904 -1 -1 -1 -1 -1 -1 -1 -1 -1
0.5418947339057922 0.5815805792808533 0.9993641972541809 -1 -1 -1 -1 -1 -1 -1 -1 -1
0.5050491094589233 0.5707578063011169 0.668141782283783 -1 -1 -1 -1 -1 -1 -1 -1 -1
0.5452829599380493 0.5144493579864502 0.9372990131378174 -1 -1 -1 -1 -1 -1 -1 -1 -1
0.5064188838005066 0.5666509866714478 0.4716047942638397 -1 -1 -1 -1 -1 -1 -1 -1 -1
0.5530732274055481 0.4525378942489624 0.9701458811759949 -1 -1 -1 -1 -1 -1 -1 -1 -1
0.5093715190887451 0.5675959587097168 0.5602867603302002 -1 -1 -1 -1 -1 -1 -1 -1 -1
0.5525544285774231 0.44317683577537537 0.9095607995986938 -1 -1 -1 -1 -1 -1 -1 -1 -1
0.500200629234314 0.5560809373855591 0.5874989032745361 -1 -1 -1 -1 -1 -1 -1 -1 -1
0.5604575276374817 0.4313071072101593 0.939384937286377 -1 -1 -1 -1 -1 -1 -1 -1 -1
1 
33 
-1 -1 -1 -1 -1 -1 -1 -1 -1 -1
0.5039369463920593 0.6674041748046875 0.993263840675354 -1 -1 -1 -1 -1 -1 -1 -1 -1
0.50474613904953 0.6697467565536499 0.9904553294181824 -1 -1 -1 -1 -1 -1 -1 -1 -1
0.505689263343811 0.6707653999328613 0.9911311268806458 -1 -1 -1 -1 -1 -1 -1 -1 -1
0.5066421031951904 0.6717722415924072 0.9887126684188843 -1 -1 -1 -1 -1 -1 -1 -1 -1
0.5038905739784241 0.6671904921531677 0.9887384176254272 -1 -1 -1 -1 -1 -1 -1 -1 -1
0.504241406917572 0.666481077671051 0.9887190461158752 -1 -1 -1 -1 -1 -1 -1 -1 -1
0.5045866370201111 0.6657466292381287 0.9876647591590881 -1 -1 -1 -1 -1 -1 -1 -1 -1
0.5139100551605225 0.67307049036026 0.9808579087257385 -1 -1 -1 -1 -1 -1 -1 -1 -1
0.5111377239227295 0.6644145846366882 0.9777665138244629 -1 -1 -1 -1 -1 -1 -1 -1 -1
0.5086246132850647 0.6682133674621582 0.9867861866950989 -1 -1 -1 -1 -1 -1 -1 -1 -1
0.5075078010559082 0.6657288670539856 0.987761378288269 -1 -1 -1 -1 -1 -1 -1 -1 -1
0.5295576453208923 0.6709347367286682 0.996379554271698 -1 -1 -1 -1 -1 -1 -1 -1 -1
0.5293729901313782 0.6610294580459595 0.9937670230865479 -1 -1 -1 -1 -1 -1 -1 -1 -1
0.5350723266601562 0.7004263401031494 0.3203864097595215 -1 -1 -1 -1 -1 -1 -1 -1 -1
0.5280969142913818 0.6897532939910889 0.6611970067024231 -1 -1 -1 -1 -1 -1 -1 -1 -1
0.5345526933670044 0.7198700308799744 0.17317582666873932 -1 -1 -1 -1 -1 -1 -1 -1 -1
0.5352551341056824 0.725096583366394 0.7248066067695618 -1 -1 -1 -1 -1 -1 -1 -1 -1
0.5361323356628418 0.7229877710342407 0.2529912292957306 -1 -1 -1 -1 -1 -1 -1 -1 -1
0.5375831127166748 0.7308827638626099 0.6869187355041504 -1 -1 -1 -1 -1 -1 -1 -1 -1
0.5355607271194458 0.7207510471343994 0.2592601478099823 -1 -1 -1 -1 -1 -1 -1 -1 -1
0.5386886596679688 0.7301392555236816 0.6598309278488159 -1 -1 -1 -1 -1 -1 -1 -1 -1
0.5342553853988647 0.7194281816482544 0.25958046317100525 -1 -1 -1 -1 -1 -1 -1 -1 -1
0.539814829826355 0.7289378643035889 0.5973851084709167 -1 -1 -1 -1 -1 -1 -1 -1 -1
0.5532131195068359 0.5804712176322937 0.9999048709869385 -1 -1 -1 -1 -1 -1 -1 -1 -1
0.550503134727478 0.5795289278030396 0.9998213648796082 -1 -1 -1 -1 -1 -1 -1 -1 -1
0.5170455574989319 0.5796543955802917 0.4479745328426361 -1 -1 -1 -1 -1 -1 -1 -1 -1
0.505590558052063 0.5961679220199585 0.8634669184684753 -1 -1 -1 -1 -1 -1 -1 -1 -1
0.5092187523841858 0.5670204162597656 0.5508197546005249 -1 -1 -1 -1 -1 -1 -1 -1 -1
0.48372575640678406 0.610910177230835 0.8798936009407043 -1 -1 -1 -1 -1 -1 -1 -1 -1
0.5082719326019287 0.5665336847305298 0.5353748202323914 -1 -1 -1 -1 -1 -1 -1 -1 -1
0.4807617962360382 0.6105871200561523 0.8734357357025146 -1 -1 -1 -1 -1 -1 -1 -1 -1
0.5059277415275574 0.5688468217849731 0.7024683356285095 -1 -1 -1 -1 -1 -1 -1 -1 -1
0.47635844349861145 0.628684937953949 0.8948522210121155 -1 -1 -1 -1 -1 -1 -1 -1 -1
1 
33 
-1 -1 -1 -1 -1 -1 -1 -1 -1 -1
0.5115135908126831 0.6853195428848267 0.9990772008895874 -1 -1 -1 -1 -1 -1 -1 -1 -1
0.5079189538955688 0.6831163763999939 0.9996199607849121 -1 -1 -1 -1 -1 -1 -1 -1 -1
0.507768452167511 0.6822896003723145 0.999546468257904 -1 -1 -1 -1 -1 -1 -1 -1 -1
0.5076469779014587 0.6815036535263062 0.9996300935745239 -1 -1 -1 -1 -1 -1 -1 -1 -1
0.5077918767929077 0.683137834072113 0.9992305040359497 -1 -1 -1 -1 -1 -1 -1 -1 -1
0.5075313448905945 0.6822715401649475 0.9988376498222351 -1 -1 -1 -1 -1 -1 -1 -1 -1
0.5072682499885559 0.6813786029815674 0.9992701411247253 -1 -1 -1 -1 -1 -1 -1 -1 -1
0.5077430009841919 0.6721498370170593 0.9995044469833374 -1 -1 -1 -1 -1 -1 -1 -1 -1
0.5068867802619934 0.6716570258140564 0.9982286095619202 -1 -1 -1 -1 -1 -1 -1 -1 -1
0.5118662118911743 0.673525333404541 0.9981176853179932 -1 -1 -1 -1 -1 -1 -1 -1 -1
0.5137261152267456 0.6806907057762146 0.998866081237793 -1 -1 -1 -1 -1 -1 -1 -1 -1
0.5188215970993042 0.6632568836212158 0.9997255206108093 -1 -1 -1 -1 -1 -1 -1 -1 -1
0.5204965472221375 0.6534751653671265 0.9998261332511902 -1 -1 -1 -1 -1 -1 -1 -1 -1
0.5412309765815735 0.7089125514030457 0.9028085470199585 -1 -1 -1 -1 -1 -1 -1 -1 -1
0.5377921462059021 0.6890116930007935 0.0576745867729187 -1 -1 -1 -1 -1 -1 -1 -1 -1
0.5268108248710632 0.7269809246063232 0.7825158834457397 -1 -1 -1 -1 -1 -1 -1 -1 -1
0.5335894227027893 0.7160314917564392 0.13843531906604767 -1 -1 -1 -1 -1 -1 -1 -1 -1
0.52367103099823 0.7326911687850952 0.70747309923172 -1 -1 -1 -1 -1 -1 -1 -1 -1
0.5322272181510925 0.7208912372589111 0.1508428007364273 -1 -1 -1 -1 -1 -1 -1 -1 -1
0.521989107131958 0.7269219160079956 0.6825972199440002 -1 -1 -1 -1 -1 -1 -1 -1 -1
0.5311449766159058 0.723107635974884 0.15894393622875214 -1 -1 -1 -1 -1 -1 -1 -1 -1
0.5230607390403748 0.7247626185417175 0.6324020028114319 -1 -1 -1 -1 -1 -1 -1 -1 -1
0.5316081643104553 0.7220056056976318 0.1768827736377716 -1 -1 -1 -1 -1 -1 -1 -1 -1
0.5582083463668823 0.5922544002532959 0.9999183416366577 -1 -1 -1 -1 -1 -1 -1 -1 -1
0.5563510060310364 0.5872403979301453 0.9999630451202393 -1 -1 -1 -1 -1 -1 -1 -1 -1
0.5261856317520142 0.541254997253418 0.4958023130893707 -1 -1 -1 -1 -1 -1 -1 -1 -1
0.5220947861671448 0.5423017144203186 0.25143012404441833 -1 -1 -1 -1 -1 -1 -1 -1 -1
0.4862620234489441 0.5305159091949463 0.6860924363136292 -1 -1 -1 -1 -1 -1 -1 -1 -1
0.4915772080421448 0.5336662530899048 0.6197330951690674 -1 -1 -1 -1 -1 -1 -1 -1 -1
0.4819696843624115 0.5430378913879395 0.7231511473655701 -1 -1 -1 -1 -1 -1 -1 -1 -1
0.4887767732143402 0.5307109951972961 0.5884107947349548 -1 -1 -1 -1 -1 -1 -1 -1 -1
0.4708646535873413 0.5298009514808655 0.7601110339164734 -1 -1 -1 -1 -1 -1 -1 -1 -1
0.4779108762741089 0.5338464379310608 0.6865493059158325 -1 -1 -1 -1 -1 -1 -1 -1 -1
1 
33 
-1 -1 -1 -1 -1 -1 -1 -1 -1 -1
0.5274693965911865 0.7055802941322327 0.9986470341682434 -1 -1 -1 -1 -1 -1 -1 -1 -1
0.5297844409942627 0.7115345001220703 0.9991658926010132 -1 -1 -1 -1 -1 -1 -1 -1 -1
0.5316680073738098 0.7125498056411743 0.9986585378646851 -1 -1 -1 -1 -1 -1 -1 -1 -1
0.5316866636276245 0.712390661239624 0.9986677169799805 -1 -1 -1 -1 -1 -1 -1 -1 -1
0.5294671058654785 0.7086212635040283 0.9994218349456787 -1 -1 -1 -1 -1 -1 -1 -1 -1
0.5296398401260376 0.7084415555000305 0.9993810653686523 -1 -1 -1 -1 -1 -1 -1 -1 -1
0.5297974944114685 0.7082467079162598 0.9992496371269226 -1 -1 -1 -1 -1 -1 -1 -1 -1
0.5348590612411499 0.7056684494018555 0.999461829662323 -1 -1 -1 -1 -1 -1 -1 -1 -1
0.5328871011734009 0.7030819654464722 0.9994860887527466 -1 -1 -1 -1 -1 -1 -1 -1 -1
0.5280941128730774 0.6998056173324585 0.9990109205245972 -1 -1 -1 -1 -1 -1 -1 -1 -1
0.5274099707603455 0.7001265287399292 0.9993626475334167 -1 -1 -1 -1 -1 -1 -1 -1 -1
0.5346129536628723 0.6738145351409912 0.9985910058021545 -1 -1 -1 -1 -1 -1 -1 -1 -1
0.5320518612861633 0.6844555735588074 0.9990443587303162 -1 -1 -1 -1 -1 -1 -1 -1 -1
0.5292876362800598 0.6635039448738098 0.04897281154990196 -1 -1 -1 -1 -1 -1 -1 -1 -1
0.5272384881973267 0.707625687122345 0.6982623934745789 -1 -1 -1 -1 -1 -1 -1 -1 -1
0.5268891453742981 0.6823286414146423 0.07244079560041428 -1 -1 -1 -1 -1 -1 -1 -1 -1
0.5312584042549133 0.7245491743087769 0.643526554107666 -1 -1 -1 -1 -1 -1 -1 -1 -1
0.5276415348052979 0.6863234043121338 0.08856132626533508 -1 -1 -1 -1 -1 -1 -1 -1 -1
0.5335127711296082 0.7272964119911194 0.6249459981918335 -1 -1 -1 -1 -1 -1 -1 -1 -1
0.52732914686203 0.6875900626182556 0.09000726789236069 -1 -1 -1 -1 -1 -1 -1 -1 -1
0.5339144468307495 0.7231672406196594 0.606758177280426 -1 -1 -1 -1 -1 -1 -1 -1 -1
0.5268330574035645 0.6869291067123413 0.0916408970952034 -1 -1 -1 -1 -1 -1 -1 -1 -1
0.5332241654396057 0.7223076820373535 0.552661657333374 -1 -1 -1 -1 -1 -1 -1 -1 -1
0.5434300899505615 0.591189444065094 0.9999983310699463 -1 -1 -1 -1 -1 -1 -1 -1 -1
0.5424234867095947 0.6013684868812561 0.9999852180480957 -1 -1 -1 -1 -1 -1 -1 -1 -1
0.5301920175552368 0.5443524718284607 0.9794464111328125 -1 -1 -1 -1 -1 -1 -1 -1 -1
0.5245340466499329 0.6401028633117676 0.9055910110473633 -1 -1 -1 -1 -1 -1 -1 -1 -1
0.5256150960922241 0.5376654863357544 0.794576108455658 -1 -1 -1 -1 -1 -1 -1 -1 -1
0.5132041573524475 0.6787075996398926 0.6912567615509033 -1 -1 -1 -1 -1 -1 -1 -1 -1
0.5272006988525391 0.5408188104629517 0.8005831837654114 -1 -1 -1 -1 -1 -1 -1 -1 -1
0.5129629969596863 0.6817821264266968 0.6671858429908752 -1 -1 -1 -1 -1 -1 -1 -1 -1
0.5217143297195435 0.5310474038124084 0.7557232975959778 -1 -1 -1 -1 -1 -1 -1 -1 -1
0.50774085521698 0.7000307440757751 0.715269148349762 -1 -1 -1 -1 -1 -1 -1 -1 -1
1 
33 
-1 -1 -1 -1 -1 -1 -1 -1 -1 -1
0.4878401756286621 0.4870818853378296 0.9846935272216797 -1 -1 -1 -1 -1 -1 -1 -1 -1
0.48818057775497437 0.47859376668930054 0.9901934266090393 -1 -1 -1 -1 -1 -1 -1 -1 -1
0.4887256920337677 0.4779030680656433 0.9899758696556091 -1 -1 -1 -1 -1 -1 -1 -1 -1
0.48922213912010193 0.4772847294807434 0.9932922124862671 -1 -1 -1 -1 -1 -1 -1 -1 -1
0.4884459674358368 0.4785371422767639 0.9859170317649841 -1 -1 -1 -1 -1 -1 -1 -1 -1
0.48904889822006226 0.4778831899166107 0.9784588813781738 -1 -1 -1 -1 -1 -1 -1 -1 -1
0.48973608016967773 0.47715574502944946 0.9828057885169983 -1 -1 -1 -1 -1 -1 -1 -1 -1
0.4965451657772064 0.4755486845970154 0.987212598323822 -1 -1 -1 -1 -1 -1 -1 -1 -1
0.4975779354572296 0.4739009439945221 0.9604780673980713 -1 -1 -1 -1 -1 -1 -1 -1 -1
0.491987019777298 0.49203330278396606 0.9672707319259644 -1 -1 -1 -1 -1 -1 -1 -1 -1
0.4922632575035095 0.49214544892311096 0.9439713358879089 -1 -1 -1 -1 -1 -1 -1 -1 -1
0.5135826468467712 0.5043681859970093 0.9998487234115601 -1 -1 -1 -1 -1 -1 -1 -1 -1
0.5227375030517578 0.5061338543891907 0.9943079352378845 -1 -1 -1 -1 -1 -1 -1 -1 -1
0.5011453032493591 0.5695360898971558 0.7430015206336975 -1 -1 -1 -1 -1 -1 -1 -1 -1
0.5315079689025879 0.5511626601219177 0.021117866039276123 -1 -1 -1 -1 -1 -1 -1 -1 -1
0.4901852011680603 0.6055604815483093 0.4075847566127777 -1 -1 -1 -1 -1 -1 -1 -1 -1
0.5310192704200745 0.58693927526474 0.009065834805369377 -1 -1 -1 -1 -1 -1 -1 -1 -1
0.4878186583518982 0.6158827543258667 0.39003413915634155 -1 -1 -1 -1 -1 -1 -1 -1 -1
0.5317895412445068 0.5958153009414673 0.011813576333224773 -1 -1 -1 -1 -1 -1 -1 -1 -1
0.48796242475509644 0.6118872165679932 0.3983980119228363 -1 -1 -1 -1 -1 -1 -1 -1 -1
0.5290487408638 0.5942232608795166 0.011891001835465431 -1 -1 -1 -1 -1 -1 -1 -1 -1
0.4898267388343811 0.6083009243011475 0.28739750385284424 -1 -1 -1 -1 -1 -1 -1 -1 -1
0.5287259221076965 0.5909550189971924 0.01278794277459383 -1 -1 -1 -1 -1 -1 -1 -1 -1
0.5425418615341187 0.5979344248771667 0.9996198415756226 -1 -1 -1 -1 -1 -1 -1 -1 -1
0.5435335636138916 0.5965974926948547 0.9988589286804199 -1 -1 -1 -1 -1 -1 -1 -1 -1
0.5128052830696106 0.6414809226989746 0.8663594126701355 -1 -1 -1 -1 -1 -1 -1 -1 -1
0.5208678245544434 0.6548493504524231 0.1131347194314003 -1 -1 -1 -1 -1 -1 -1 -1 -1
0.5381807684898376 0.721805989742279 0.8940103054046631 -1 -1 -1 -1 -1 -1 -1 -1 -1
0.5395711064338684 0.715556263923645 0.23638522624969482 -1 -1 -1 -1 -1 -1 -1 -1 -1
0.546037495136261 0.7329610586166382 0.8602221012115479 -1 -1 -1 -1 -1 -1 -1 -1 -1
0.5475504994392395 0.7279731631278992 0.3535742163658142 -1 -1 -1 -1 -1 -1 -1 -1 -1
0.5171997547149658 0.7415878772735596 0.9238300919532776 -1 -1 -1 -1 -1 -1 -1 -1 -1
0.5234020352363586 0.7372255921363831 0.29280832409858704 -1 -1 -1 -1 -1 -1 -1 -1 -1
1 
33 
-1 -1 -1 -1 -1 -1 -1 -1 -1 -1
0.5289395451545715 0.7224109172821045 0.9901323318481445 -1 -1 -1 -1 -1 -1 -1 -1 -1
0.5346145629882812 0.7225856184959412 0.9955636262893677 -1 -1 -1 -1 -1 -1 -1 -1 -1
0.5347961187362671 0.7221115827560425 0.9944843649864197 -1 -1 -1 -1 -1 -1 -1 -1 -1
0.534910261631012 0.7216006517410278 0.9937843084335327 -1 -1 -1 -1 -1 -1 -1 -1 -1
0.5333020091056824 0.7233965396881104 0.9938685297966003 -1 -1 -1 -1 -1 -1 -1 -1 -1
0.5348629951477051 0.7227504253387451 0.9953393936157227 -1 -1 -1 -1 -1 -1 -1 -1 -1
0.5311322212219238 0.7097227573394775 0.9938978552818298 -1 -1 -1 -1 -1 -1 -1 -1 -1
0.5347819924354553 0.7044506669044495 0.9979362487792969 -1 -1 -1 -1 -1 -1 -1 -1 -1
0.534235954284668 0.7028975486755371 0.9941439032554626 -1 -1 -1 -1 -1 -1 -1 -1 -1
0.5272058248519897 0.7032981514930725 0.9935570359230042 -1 -1 -1 -1 -1 -1 -1 -1 -1
0.5268294215202332 0.7028989791870117 0.9929927587509155 -1 -1 -1 -1 -1 -1 -1 -1 -1
0.5292302370071411 0.6740557551383972 0.9985848665237427 -1 -1 -1 -1 -1 -1 -1 -1 -1
0.5306043028831482 0.6807678937911987 0.9937272071838379 -1 -1 -1 -1 -1 -1 -1 -1 -1
0.5280689597129822 0.6375439763069153 0.013402360491454601 -1 -1 -1 -1 -1 -1 -1 -1 -1
0.523382842540741 0.6887137293815613 0.5140206813812256 -1 -1 -1 -1 -1 -1 -1 -1 -1
0.5234618186950684 0.6242551207542419 0.026642760261893272 -1 -1 -1 -1 -1 -1 -1 -1 -1
0.5191394686698914 0.718805193901062 0.5858076810836792 -1 -1 -1 -1 -1 -1 -1 -1 -1
0.5229387879371643 0.6189071536064148 0.04382907971739769 -1 -1 -1 -1 -1 -1 -1 -1 -1
0.5187735557556152 0.7240048050880432 0.630609929561615 -1 -1 -1 -1 -1 -1 -1 -1 -1
0.5224777460098267 0.6208271980285645 0.04597662389278412 -1 -1 -1 -1 -1 -1 -1 -1 -1
0.5189319849014282 0.7244340181350708 0.5900994539260864 -1 -1 -1 -1 -1 -1 -1 -1 -1
0.5226765871047974 0.6239690184593201 0.04258926957845688 -1 -1 -1 -1 -1 -1 -1 -1 -1
0.5189864039421082 0.7228187322616577 0.4957742989063263 -1 -1 -1 -1 -1 -1 -1 -1 -1
0.5266534686088562 0.587751567363739 0.9999957084655762 -1 -1 -1 -1 -1 -1 -1 -1 -1
0.5317563414573669 0.598145604133606 0.9998849630355835 -1 -1 -1 -1 -1 -1 -1 -1 -1
0.5163657069206238 0.538239598274231 0.978934109210968 -1 -1 -1 -1 -1 -1 -1 -1 -1
0.5482508540153503 0.6379105448722839 0.6206054091453552 -1 -1 -1 -1 -1 -1 -1 -1 -1
0.5123879313468933 0.507226824760437 0.8051870465278625 -1 -1 -1 -1 -1 -1 -1 -1 -1
0.5420845746994019 0.7003113031387329 0.4583754539489746 -1 -1 -1 -1 -1 -1 -1 -1 -1
0.514029860496521 0.5093314051628113 0.8244390487670898 -1 -1 -1 -1 -1 -1 -1 -1 -1
0.5421171188354492 0.7068709135055542 0.6506991386413574 -1 -1 -1 -1 -1 -1 -1 -1 -1
0.5085862874984741 0.4898737072944641 0.8660535216331482 -1 -1 -1 -1 -1 -1 -1 -1 -1
0.540066123008728 0.7292506694793701 0.7753708958625793 -1 -1 -1 -1 -1 -1 -1 -1 -1
1 
33 
-1 -1 -1 -1 -1 -1 -1 -1 -1 -1
0.4908986985683441 0.4534647464752197 0.9994134902954102 -1 -1 -1 -1 -1 -1 -1 -1 -1
0.4935721457004547 0.4437101483345032 0.9996036887168884 -1 -1 -1 -1 -1 -1 -1 -1 -1
0.49424171447753906 0.4434722363948822 0.9996551275253296 -1 -1 -1 -1 -1 -1 -1 -1 -1
0.49495747685432434 0.4431633949279785 0.9996817111968994 -1 -1 -1 -1 -1 -1 -1 -1 -1
0.4933631718158722 0.44361168146133423 0.9993360638618469 -1 -1 -1 -1 -1 -1 -1 -1 -1
0.4938420355319977 0.44333505630493164 0.9991843104362488 -1 -1 -1 -1 -1 -1 -1 -1 -1
0.494327187538147 0.4428987205028534 0.9992725253105164 -1 -1 -1 -1 -1 -1 -1 -1 -1
0.5010106563568115 0.44492506980895996 0.999285876750946 -1 -1 -1 -1 -1 -1 -1 -1 -1
0.4998137354850769 0.443406343460083 0.9993496537208557 -1 -1 -1 -1 -1 -1 -1 -1 -1
0.4933392405509949 0.45984476804733276 0.9983239769935608 -1 -1 -1 -1 -1 -1 -1 -1 -1
0.4927828311920166 0.45959943532943726 0.9975506663322449 -1 -1 -1 -1 -1 -1 -1 -1 -1
0.51151442527771 0.47656357288360596 0.9990202188491821 -1 -1 -1 -1 -1 -1 -1 -1 -1
0.5089089274406433 0.475879967212677 0.9905603528022766 -1 -1 -1 -1 -1 -1 -1 -1 -1
0.4837544560432434 0.4740378260612488 0.9830350875854492 -1 -1 -1 -1 -1 -1 -1 -1 -1
0.4768664538860321 0.47085535526275635 0.2082250416278839 -1 -1 -1 -1 -1 -1 -1 -1 -1
0.4613901972770691 0.4372463524341583 0.9725983142852783 -1 -1 -1 -1 -1 -1 -1 -1 -1
0.45342275500297546 0.4416404664516449 0.5009256601333618 -1 -1 -1 -1 -1 -1 -1 -1 -1
0.45649126172065735 0.4236663579940796 0.9652515053749084 -1 -1 -1 -1 -1 -1 -1 -1 -1
0.44984591007232666 0.4306751787662506 0.5631930828094482 -1 -1 -1 -1 -1 -1 -1 -1 -1
0.45865923166275024 0.4203997254371643 0.9615996479988098 -1 -1 -1 -1 -1 -1 -1 -1 -1
0.4497799277305603 0.4265339970588684 0.5716029405593872 -1 -1 -1 -1 -1 -1 -1 -1 -1
0.4601335823535919 0.4264861047267914 0.9387280344963074 -1 -1 -1 -1 -1 -1 -1 -1 -1
0.45023810863494873 0.4310164749622345 0.5813211798667908 -1 -1 -1 -1 -1 -1 -1 -1 -1
0.5432490706443787 0.5770882368087769 0.9995031356811523 -1 -1 -1 -1 -1 -1 -1 -1 -1
0.5423210263252258 0.5757421851158142 0.9988071918487549 -1 -1 -1 -1 -1 -1 -1 -1 -1
0.5084450840950012 0.6396521329879761 0.9758093953132629 -1 -1 -1 -1 -1 -1 -1 -1 -1
0.5136969089508057 0.6335628032684326 0.5346562266349792 -1 -1 -1 -1 -1 -1 -1 -1 -1
0.5372315049171448 0.7111446857452393 0.9767895340919495 -1 -1 -1 -1 -1 -1 -1 -1 -1
0.5354527831077576 0.7043778300285339 0.5720926523208618 -1 -1 -1 -1 -1 -1 -1 -1 -1
0.5454038381576538 0.7231627702713013 0.9769653081893921 -1 -1 -1 -1 -1 -1 -1 -1 -1
0.542984127998352 0.7187325358390808 0.6863702535629272 -1 -1 -1 -1 -1 -1 -1 -1 -1
0.519767165184021 0.7361992597579956 0.9462186694145203 -1 -1 -1 -1 -1 -1 -1 -1 -1
0.518304705619812 0.731142520904541 0.5875301361083984 -1 -1 -1 -1 -1 -1 -1 -1 -1
1 
33 
-1 -1 -1 -1 -1 -1 -1 -1 -1 -1
0.5334346294403076 0.6804162263870239 0.9949287176132202 -1 -1 -1 -1 -1 -1 -1 -1 -1
0.5303925275802612 0.6898809671401978 0.9977613687515259 -1 -1 -1 -1 -1 -1 -1 -1 -1
0.5296322107315063 0.6904186010360718 0.998149037361145 -1 -1 -1 -1 -1 -1 -1 -1 -1
0.5289216637611389 0.6910446882247925 0.9978457689285278 -1 -1 -1 -1 -1 -1 -1 -1 -1
0.5306422710418701 0.689445972442627 0.9926356673240662 -1 -1 -1 -1 -1 -1 -1 -1 -1
0.5299674868583679 0.6897176504135132 0.9908280372619629 -1 -1 -1 -1 -1 -1 -1 -1 -1
0.5292996168136597 0.6902027130126953 0.9906022548675537 -1 -1 -1 -1 -1 -1 -1 -1 -1
0.5191462635993958 0.6872113943099976 0.9974203109741211 -1 -1 -1 -1 -1 -1 -1 -1 -1
0.5191970467567444 0.688841700553894 0.9903115034103394 -1 -1 -1 -1 -1 -1 -1 -1 -1
0.5291421413421631 0.6732001304626465 0.9940156936645508 -1 -1 -1 -1 -1 -1 -1 -1 -1
0.5295606255531311 0.6719987392425537 0.9905449151992798 -1 -1 -1 -1 -1 -1 -1 -1 -1
0.5083972215652466 0.654018223285675 0.9997013211250305 -1 -1 -1 -1 -1 -1 -1 -1 -1
0.5094141364097595 0.6659348011016846 0.9975729584693909 -1 -1 -1 -1 -1 -1 -1 -1 -1
0.5348042845726013 0.6604977250099182 0.9680446982383728 -1 -1 -1 -1 -1 -1 -1 -1 -1
0.5232742428779602 0.6932978630065918 0.03299928829073906 -1 -1 -1 -1 -1 -1 -1 -1 -1
0.5326163172721863 0.7179338932037354 0.9572249054908752 -1 -1 -1 -1 -1 -1 -1 -1 -1
0.5322369337081909 0.7242678999900818 0.16820038855075836 -1 -1 -1 -1 -1 -1 -1 -1 -1
0.5331855416297913 0.7294076681137085 0.954445481300354 -1 -1 -1 -1 -1 -1 -1 -1 -1
0.5324153900146484 0.7327180504798889 0.27852028608322144 -1 -1 -1 -1 -1 -1 -1 -1 -1
0.530158281326294 0.7318923473358154 0.9556257724761963 -1 -1 -1 -1 -1 -1 -1 -1 -1
0.5302262902259827 0.7325863242149353 0.2828264534473419 -1 -1 -1 -1 -1 -1 -1 -1 -1
0.5294359922409058 0.7274071574211121 0.9242713451385498 -1 -1 -1 -1 -1 -1 -1 -1 -1
0.5300530195236206 0.7300100326538086 0.2898141145706177 -1 -1 -1 -1 -1 -1 -1 -1 -1
0.5234726071357727 0.5237771272659302 0.9997434020042419 -1 -1 -1 -1 -1 -1 -1 -1 -1
0.5256326794624329 0.5311353206634521 0.9993807077407837 -1 -1 -1 -1 -1 -1 -1 -1 -1
0.5052542090415955 0.4324904978275299 0.9874188303947449 -1 -1 -1 -1 -1 -1 -1 -1 -1
0.5132160186767578 0.45521602034568787 0.8130413889884949 -1 -1 -1 -1 -1 -1 -1 -1 -1
0.4754815697669983 0.36406856775283813 0.9940802454948425 -1 -1 -1 -1 -1 -1 -1 -1 -1
0.4854227602481842 0.3880125880241394 0.8377207517623901 -1 -1 -1 -1 -1 -1 -1 -1 -1
0.46541351079940796 0.3591505289077759 0.9919180274009705 -1 -1 -1 -1 -1 -1 -1 -1 -1
0.47786232829093933 0.38150307536125183 0.9041007161140442 -1 -1 -1 -1 -1 -1 -1 -1 -1
0.488210529088974 0.32042068243026733 0.984992504119873 -1 -1 -1 -1 -1 -1 -1 -1 -1
0.49057015776634216 0.3549796938896179 0.8378295302391052 -1 -1 -1 -1 -1 -1 -1 -1 -1
1 
33 
-1 -1 -1 -1 -1 -1 -1 -1 -1 -1
0.5282300710678101 0.6656876802444458 0.9994798302650452 -1 -1 -1 -1 -1 -1 -1 -1 -1
0.5255553126335144 0.6780024766921997 0.9997037053108215 -1 -1 -1 -1 -1 -1 -1 -1 -1
0.5247116088867188 0.6785617470741272 0.9997528195381165 -1 -1 -1 -1 -1 -1 -1 -1 -1
0.5233271718025208 0.6791965961456299 0.9997310042381287 -1 -1 -1 -1 -1 -1 -1 -1 -1
0.5259240865707397 0.6782108545303345 0.9994852542877197 -1 -1 -1 -1 -1 -1 -1 -1 -1
0.5252998471260071 0.6787487268447876 0.9993165731430054 -1 -1 -1 -1 -1 -1 -1 -1 -1
0.5248072147369385 0.6794599890708923 0.9993033409118652 -1 -1 -1 -1 -1 -1 -1 -1 -1
0.51755291223526 0.6769253015518188 0.9996792078018188 -1 -1 -1 -1 -1 -1 -1 -1 -1
0.5193569660186768 0.6795147061347961 0.9992485642433167 -1 -1 -1 -1 -1 -1 -1 -1 -1
0.523639440536499 0.6575323343276978 0.9988270401954651 -1 -1 -1 -1 -1 -1 -1 -1 -1
0.5247207283973694 0.6612040996551514 0.9986237287521362 -1 -1 -1 -1 -1 -1 -1 -1 -1
0.5060346126556396 0.6351637244224548 0.9994533658027649 -1 -1 -1 -1 -1 -1 -1 -1 -1
0.5102171301841736 0.6470786929130554 0.9968581199645996 -1 -1 -1 -1 -1 -1 -1 -1 -1
0.5333457589149475 0.6662330627441406 0.9915555119514465 -1 -1 -1 -1 -1 -1 -1 -1 -1
0.5278260111808777 0.6930485963821411 0.12216392904520035 -1 -1 -1 -1 -1 -1 -1 -1 -1
0.5305165648460388 0.7178707122802734 0.9476546049118042 -1 -1 -1 -1 -1 -1 -1 -1 -1
0.5319482088088989 0.7248870730400085 0.28537517786026 -1 -1 -1 -1 -1 -1 -1 -1 -1
0.5304878354072571 0.731765627861023 0.9224646687507629 -1 -1 -1 -1 -1 -1 -1 -1 -1
0.5312274694442749 0.7335308790206909 0.3394513428211212 -1 -1 -1 -1 -1 -1 -1 -1 -1
0.5278961062431335 0.7330965399742126 0.9195281267166138 -1 -1 -1 -1 -1 -1 -1 -1 -1
0.5277993083000183 0.7351508140563965 0.3440968692302704 -1 -1 -1 -1 -1 -1 -1 -1 -1
0.5276380181312561 0.7282578349113464 0.8955110311508179 -1 -1 -1 -1 -1 -1 -1 -1 -1
0.5293843746185303 0.7311305999755859 0.35523197054862976 -1 -1 -1 -1 -1 -1 -1 -1 -1
0.5148828029632568 0.4884616732597351 0.9996886253356934 -1 -1 -1 -1 -1 -1 -1 -1 -1
0.5172036290168762 0.4973083734512329 0.9994914531707764 -1 -1 -1 -1 -1 -1 -1 -1 -1
0.5061580538749695 0.4015922546386719 0.9838532209396362 -1 -1 -1 -1 -1 -1 -1 -1 -1
0.5084044933319092 0.409108430147171 0.7962735891342163 -1 -1 -1 -1 -1 -1 -1 -1 -1
0.5066276788711548 0.31406354904174805 0.9828049540519714 -1 -1 -1 -1 -1 -1 -1 -1 -1
0.5041095614433289 0.32829970121383667 0.8596615791320801 -1 -1 -1 -1 -1 -1 -1 -1 -1
0.4996390640735626 0.3075084984302521 0.9818885922431946 -1 -1 -1 -1 -1 -1 -1 -1 -1
0.4964599907398224 0.32015547156333923 0.8587998747825623 -1 -1 -1 -1 -1 -1 -1 -1 -1
0.52630615234375 0.28328514099121094 0.9734314680099487 -1 -1 -1 -1 -1 -1 -1 -1 -1
0.5228583812713623 0.2938989996910095 0.8686579465866089 -1 -1 -1 -1 -1 -1 -1 -1 -1
1 
33 
-1 -1 -1 -1 -1 -1 -1 -1 -1 -1
0.5043719410896301 0.3546842336654663 0.9946963787078857 -1 -1 -1 -1 -1 -1 -1 -1 -1
0.5101357102394104 0.3502424955368042 0.9968612194061279 -1 -1 -1 -1 -1 -1 -1 -1 -1
0.5108888745307922 0.350870817899704 0.9963000416755676 -1 -1 -1 -1 -1 -1 -1 -1 -1
0.5115890502929688 0.3513501286506653 0.9968000650405884 -1 -1 -1 -1 -1 -1 -1 -1 -1
0.5095911622047424 0.349540650844574 0.9947142004966736 -1 -1 -1 -1 -1 -1 -1 -1 -1
0.5100361108779907 0.34973573684692383 0.9929460883140564 -1 -1 -1 -1 -1 -1 -1 -1 -1
0.5104384422302246 0.3498128652572632 0.9950472116470337 -1 -1 -1 -1 -1 -1 -1 -1 -1
0.5161866545677185 0.36070001125335693 0.9945902824401855 -1 -1 -1 -1 -1 -1 -1 -1 -1
0.5144550204277039 0.35862505435943604 0.9926096796989441 -1 -1 -1 -1 -1 -1 -1 -1 -1
0.5044568777084351 0.3659406304359436 0.9891272187232971 -1 -1 -1 -1 -1 -1 -1 -1 -1
0.5035301446914673 0.36579567193984985 0.9884769916534424 -1 -1 -1 -1 -1 -1 -1 -1 -1
0.5108381509780884 0.39251619577407837 0.996748685836792 -1 -1 -1 -1 -1 -1 -1 -1 -1
0.5108852982521057 0.38929301500320435 0.9902672171592712 -1 -1 -1 -1 -1 -1 -1 -1 -1
0.5205234885215759 0.3314990997314453 0.9505429267883301 -1 -1 -1 -1 -1 -1 -1 -1 -1
0.5150434970855713 0.33339613676071167 0.19010955095291138 -1 -1 -1 -1 -1 -1 -1 -1 -1
0.5329704284667969 0.28321629762649536 0.9251706004142761 -1 -1 -1 -1 -1 -1 -1 -1 -1
0.530036211013794 0.2898363471031189 0.3141244053840637 -1 -1 -1 -1 -1 -1 -1 -1 -1
0.5399355888366699 0.26956066489219666 0.8944342136383057 -1 -1 -1 -1 -1 -1 -1 -1 -1
0.5401359796524048 0.2770233452320099 0.32726457715034485 -1 -1 -1 -1 -1 -1 -1 -1 -1
0.542259931564331 0.2682137191295624 0.8884517550468445 -1 -1 -1 -1 -1 -1 -1 -1 -1
0.540382444858551 0.2739974558353424 0.3248049318790436 -1 -1 -1 -1 -1 -1 -1 -1 -1
0.5396596789360046 0.27485963702201843 0.8509213328361511 -1 -1 -1 -1 -1 -1 -1 -1 -1
0.5368173718452454 0.2815365493297577 0.33656176924705505 -1 -1 -1 -1 -1 -1 -1 -1 -1
0.49464088678359985 0.5382319688796997 0.9984336495399475 -1 -1 -1 -1 -1 -1 -1 -1 -1
0.49522849917411804 0.5418013334274292 0.997957706451416 -1 -1 -1 -1 -1 -1 -1 -1 -1
0.5042781233787537 0.6229099631309509 0.8970184326171875 -1 -1 -1 -1 -1 -1 -1 -1 -1
0.4955739974975586 0.6139782667160034 0.4900200366973877 -1 -1 -1 -1 -1 -1 -1 -1 -1
0.5200285911560059 0.7034313082695007 0.8429585695266724 -1 -1 -1 -1 -1 -1 -1 -1 -1
0.5202502012252808 0.6987340450286865 0.4642609655857086 -1 -1 -1 -1 -1 -1 -1 -1 -1
0.5240201354026794 0.7010643482208252 0.9252915382385254 -1 -1 -1 -1 -1 -1 -1 -1 -1
0.5243092775344849 0.7039228677749634 0.6731106638908386 -1 -1 -1 -1 -1 -1 -1 -1 -1
0.5232754349708557 0.736232340335846 0.8117859363555908 -1 -1 -1 -1 -1 -1 -1 -1 -1
0.5248318910598755 0.7364652156829834 0.464944064617157 -1 -1 -1 -1 -1 -1 -1 -1 -1
1 
33 
-1 -1 -1 -1 -1 -1 -1 -1 -1 -1
0.500977635383606 0.33858218789100647 0.9973701238632202 -1 -1 -1 -1 -1 -1 -1 -1 -1
0.5066304802894592 0.3315375745296478 0.9988723397254944 -1 -1 -1 -1 -1 -1 -1 -1 -1
0.5074903964996338 0.3318471312522888 0.9986095428466797 -1 -1 -1 -1 -1 -1 -1 -1 -1
0.5083651542663574 0.33219480514526367 0.9988238215446472 -1 -1 -1 -1 -1 -1 -1 -1 -1
0.5063603520393372 0.3311609625816345 0.9974274039268494 -1 -1 -1 -1 -1 -1 -1 -1 -1
0.5070480108261108 0.33116796612739563 0.9958133101463318 -1 -1 -1 -1 -1 -1 -1 -1 -1
0.5078219771385193 0.331108033657074 0.9970563650131226 -1 -1 -1 -1 -1 -1 -1 -1 -1
0.5152752995491028 0.33949291706085205 0.9984375834465027 -1 -1 -1 -1 -1 -1 -1 -1 -1
0.5140738487243652 0.3372010588645935 0.9959554672241211 -1 -1 -1 -1 -1 -1 -1 -1 -1
0.5022874474525452 0.34728652238845825 0.9973087310791016 -1 -1 -1 -1 -1 -1 -1 -1 -1
0.5015567541122437 0.34685957431793213 0.9960722923278809 -1 -1 -1 -1 -1 -1 -1 -1 -1
0.5178844332695007 0.37512969970703125 0.9988873600959778 -1 -1 -1 -1 -1 -1 -1 -1 -1
0.512546956539154 0.3715675473213196 0.9954389929771423 -1 -1 -1 -1 -1 -1 -1 -1 -1
0.52915358543396 0.3163583278656006 0.9892565011978149 -1 -1 -1 -1 -1 -1 -1 -1 -1
0.5242481827735901 0.32419905066490173 0.07896639406681061 -1 -1 -1 -1 -1 -1 -1 -1 -1
0.5528324842453003 0.26515069603919983 0.9738754034042358 -1 -1 -1 -1 -1 -1 -1 -1 -1
0.5380748510360718 0.28174108266830444 0.27240654826164246 -1 -1 -1 -1 -1 -1 -1 -1 -1
0.5576648712158203 0.25459370017051697 0.9617618322372437 -1 -1 -1 -1 -1 -1 -1 -1 -1
0.542885422706604 0.27416154742240906 0.35698437690734863 -1 -1 -1 -1 -1 -1 -1 -1 -1
0.5589219927787781 0.25352197885513306 0.9587005972862244 -1 -1 -1 -1 -1 -1 -1 -1 -1
0.5436729192733765 0.2737308442592621 0.3521181046962738 -1 -1 -1 -1 -1 -1 -1 -1 -1
0.5570324063301086 0.2574847340583801 0.9432998299598694 -1 -1 -1 -1 -1 -1 -1 -1 -1
0.5432928800582886 0.2745680510997772 0.3735820949077606 -1 -1 -1 -1 -1 -1 -1 -1 -1
0.48634541034698486 0.5026541948318481 0.9989410042762756 -1 -1 -1 -1 -1 -1 -1 -1 -1
0.48463475704193115 0.4976767897605896 0.9977725148200989 -1 -1 -1 -1 -1 -1 -1 -1 -1
0.47123515605926514 0.5884913802146912 0.8904750347137451 -1 -1 -1 -1 -1 -1 -1 -1 -1
0.47501376271247864 0.5813142657279968 0.3557732403278351 -1 -1 -1 -1 -1 -1 -1 -1 -1
0.5093881487846375 0.6619181036949158 0.9498798251152039 -1 -1 -1 -1 -1 -1 -1 -1 -1
0.5031507611274719 0.6442221999168396 0.5003518462181091 -1 -1 -1 -1 -1 -1 -1 -1 -1
0.5167351365089417 0.6612144708633423 0.9776743054389954 -1 -1 -1 -1 -1 -1 -1 -1 -1
0.515848696231842 0.6558454632759094 0.7535930871963501 -1 -1 -1 -1 -1 -1 -1 -1 -1
0.512285590171814 0.7072649598121643 0.9560826420783997 -1 -1 -1 -1 -1 -1 -1 -1 -1
0.5081165432929993 0.6923443675041199 0.6281599402427673 -1 -1 -1 -1 -1 -1 -1 -1 -1
1 
33 
-1 -1 -1 -1 -1 -1 -1 -1 -1 -1
0.5040158033370972 0.3311922252178192 0.9990658164024353 -1 -1 -1 -1 -1 -1 -1 -1 -1
0.5097771286964417 0.32624614238739014 0.9995530247688293 -1 -1 -1 -1 -1 -1 -1 -1 -1
0.5106782913208008 0.3269166946411133 0.9995172023773193 -1 -1 -1 -1 -1 -1 -1 -1 -1
0.5116113424301147 0.3276241421699524 0.9995554089546204 -1 -1 -1 -1 -1 -1 -1 -1 -1
0.509461522102356 0.3256099820137024 0.9988906979560852 -1 -1 -1 -1 -1 -1 -1 -1 -1
0.5101813673973083 0.3257816433906555 0.9983018636703491 -1 -1 -1 -1 -1 -1 -1 -1 -1
0.510973334312439 0.32589244842529297 0.9985700845718384 -1 -1 -1 -1 -1 -1 -1 -1 -1
0.518415629863739 0.3361552357673645 0.999434769153595 -1 -1 -1 -1 -1 -1 -1 -1 -1
0.5165982842445374 0.3330846130847931 0.9983184337615967 -1 -1 -1 -1 -1 -1 -1 -1 -1
0.5053107142448425 0.34132564067840576 0.9981175661087036 -1 -1 -1 -1 -1 -1 -1 -1 -1
0.5047016143798828 0.34088197350502014 0.9973971843719482 -1 -1 -1 -1 -1 -1 -1 -1 -1
0.5193158984184265 0.37516263127326965 0.9990729093551636 -1 -1 -1 -1 -1 -1 -1 -1 -1
0.5161246657371521 0.36128950119018555 0.9955514073371887 -1 -1 -1 -1 -1 -1 -1 -1 -1
0.5292935967445374 0.3162279427051544 0.9950201511383057 -1 -1 -1 -1 -1 -1 -1 -1 -1
0.5236084461212158 0.3090987801551819 0.09505704045295715 -1 -1 -1 -1 -1 -1 -1 -1 -1
0.5513683557510376 0.2594435214996338 0.9799001812934875 -1 -1 -1 -1 -1 -1 -1 -1 -1
0.5378736853599548 0.27040815353393555 0.3071069121360779 -1 -1 -1 -1 -1 -1 -1 -1 -1
0.556449294090271 0.24243704974651337 0.9728408455848694 -1 -1 -1 -1 -1 -1 -1 -1 -1
0.5428078770637512 0.25628480315208435 0.41314586997032166 -1 -1 -1 -1 -1 -1 -1 -1 -1
0.5572105050086975 0.24089570343494415 0.9694011211395264 -1 -1 -1 -1 -1 -1 -1 -1 -1
0.544894278049469 0.25621891021728516 0.4111998975276947 -1 -1 -1 -1 -1 -1 -1 -1 -1
0.5552749037742615 0.24747160077095032 0.9530653953552246 -1 -1 -1 -1 -1 -1 -1 -1 -1
0.5444010496139526 0.2588682174682617 0.4255823493003845 -1 -1 -1 -1 -1 -1 -1 -1 -1
0.4879501163959503 0.4875516891479492 0.9997530579566956 -1 -1 -1 -1 -1 -1 -1 -1 -1
0.48736587166786194 0.48274415731430054 0.9993300437927246 -1 -1 -1 -1 -1 -1 -1 -1 -1
0.44566047191619873 0.5428248643875122 0.9675604701042175 -1 -1 -1 -1 -1 -1 -1 -1 -1
0.4582589268684387 0.5332772135734558 0.29977497458457947 -1 -1 -1 -1 -1 -1 -1 -1 -1
0.4860638678073883 0.6147185564041138 0.9372864961624146 -1 -1 -1 -1 -1 -1 -1 -1 -1
0.4960975646972656 0.6102752685546875 0.23149797320365906 -1 -1 -1 -1 -1 -1 -1 -1 -1
0.4945468306541443 0.6056291460990906 0.9647851586341858 -1 -1 -1 -1 -1 -1 -1 -1 -1
0.5028590559959412 0.6098268032073975 0.48036885261535645 -1 -1 -1 -1 -1 -1 -1 -1 -1
0.49329882860183716 0.6643544435501099 0.9343428015708923 -1 -1 -1 -1 -1 -1 -1 -1 -1
0.49878254532814026 0.6519062519073486 0.2882106602191925 -1 -1 -1 -1 -1 -1 -1 -1 -1
1 
33 
-1 -1 -1 -1 -1 -1 -1 -1 -1 -1
0.5082593560218811 0.3353334665298462 0.9994519352912903 -1 -1 -1 -1 -1 -1 -1 -1 -1
0.5124741196632385 0.33067113161087036 0.9996509552001953 -1 -1 -1 -1 -1 -1 -1 -1 -1
0.5132746696472168 0.3313426375389099 0.9996484518051147 -1 -1 -1 -1 -1 -1 -1 -1 -1
0.5140722393989563 0.33199289441108704 0.9996891021728516 -1 -1 -1 -1 -1 -1 -1 -1 -1
0.5118187069892883 0.32988208532333374 0.9991605281829834 -1 -1 -1 -1 -1 -1 -1 -1 -1
0.5122116804122925 0.33002734184265137 0.9987998008728027 -1 -1 -1 -1 -1 -1 -1 -1 -1
0.5126419067382812 0.3300713002681732 0.9989446997642517 -1 -1 -1 -1 -1 -1 -1 -1 -1
0.520138144493103 0.33861708641052246 0.9995922446250916 -1 -1 -1 -1 -1 -1 -1 -1 -1
0.5173344016075134 0.335359126329422 0.9986770749092102 -1 -1 -1 -1 -1 -1 -1 -1 -1
0.509753406047821 0.3444752097129822 0.9984523057937622 -1 -1 -1 -1 -1 -1 -1 -1 -1
0.5088860988616943 0.34387487173080444 0.9972670078277588 -1 -1 -1 -1 -1 -1 -1 -1 -1
0.5177789926528931 0.37567567825317383 0.998768150806427 -1 -1 -1 -1 -1 -1 -1 -1 -1
0.5175861120223999 0.36200204491615295 0.9914707541465759 -1 -1 -1 -1 -1 -1 -1 -1 -1
0.5248430967330933 0.31391283869743347 0.9972453117370605 -1 -1 -1 -1 -1 -1 -1 -1 -1
0.5207587480545044 0.309312641620636 0.14998000860214233 -1 -1 -1 -1 -1 -1 -1 -1 -1
0.5403472185134888 0.2500738203525543 0.9815436601638794 -1 -1 -1 -1 -1 -1 -1 -1 -1
0.5302892327308655 0.2621910572052002 0.40360334515571594 -1 -1 -1 -1 -1 -1 -1 -1 -1
0.5426302552223206 0.23553769290447235 0.9718843698501587 -1 -1 -1 -1 -1 -1 -1 -1 -1
0.5319227576255798 0.24561943113803864 0.4900738596916199 -1 -1 -1 -1 -1 -1 -1 -1 -1
0.5428414940834045 0.23394675552845 0.9683154821395874 -1 -1 -1 -1 -1 -1 -1 -1 -1
0.5363916158676147 0.2437969297170639 0.4894178807735443 -1 -1 -1 -1 -1 -1 -1 -1 -1
0.5419625639915466 0.23934458196163177 0.9512077569961548 -1 -1 -1 -1 -1 -1 -1 -1 -1
0.5344389081001282 0.2510354518890381 0.4914100766181946 -1 -1 -1 -1 -1 -1 -1 -1 -1
0.4886678457260132 0.47885364294052124 0.999847412109375 -1 -1 -1 -1 -1 -1 -1 -1 -1
0.4866022765636444 0.475521057844162 0.9995254278182983 -1 -1 -1 -1 -1 -1 -1 -1 -1
0.4315408170223236 0.4963613748550415 0.9875588417053223 -1 -1 -1 -1 -1 -1 -1 -1 -1
0.43774911761283875 0.4782291650772095 0.4059215784072876 -1 -1 -1 -1 -1 -1 -1 -1 -1
0.4638294577598572 0.568377673625946 0.9625147581100464 -1 -1 -1 -1 -1 -1 -1 -1 -1
0.46049264073371887 0.5554558634757996 0.35223695635795593 -1 -1 -1 -1 -1 -1 -1 -1 -1
0.47216084599494934 0.5593621730804443 0.9674991965293884 -1 -1 -1 -1 -1 -1 -1 -1 -1
0.4738137423992157 0.548379123210907 0.4611300826072693 -1 -1 -1 -1 -1 -1 -1 -1 -1
0.46958833932876587 0.6081713438034058 0.9509902596473694 -1 -1 -1 -1 -1 -1 -1 -1 -1
0.4714083969593048 0.5911774635314941 0.3621399402618408 -1 -1 -1 -1 -1 -1 -1 -1 -1
1 
33 
-1 -1 -1 -1 -1 -1 -1 -1 -1 -1
0.507229745388031 0.3422938287258148 0.992428719997406 -1 -1 -1 -1 -1 -1 -1 -1 -1
0.5119093656539917 0.338812917470932 0.993889570236206 -1 -1 -1 -1 -1 -1 -1 -1 -1
0.5126685500144958 0.3388194143772125 0.992944061756134 -1 -1 -1 -1 -1 -1 -1 -1 -1
0.5132453441619873 0.33867788314819336 0.993476927280426 -1 -1 -1 -1 -1 -1 -1 -1 -1
0.5117508172988892 0.338802695274353 0.9862469434738159 -1 -1 -1 -1 -1 -1 -1 -1 -1
0.5124229788780212 0.33696413040161133 0.9859737157821655 -1 -1 -1 -1 -1 -1 -1 -1 -1
0.5128378868103027 0.33650532364845276 0.9915847778320312 -1 -1 -1 -1 -1 -1 -1 -1 -1
0.5148621201515198 0.3378342390060425 0.9873769879341125 -1 -1 -1 -1 -1 -1 -1 -1 -1
0.5184825658798218 0.3396611511707306 0.9909635782241821 -1 -1 -1 -1 -1 -1 -1 -1 -1
0.5106022357940674 0.35031554102897644 0.9795451164245605 -1 -1 -1 -1 -1 -1 -1 -1 -1
0.5089747309684753 0.3494659662246704 0.958930492401123 -1 -1 -1 -1 -1 -1 -1 -1 -1
0.5160079002380371 0.36279773712158203 0.9938686490058899 -1 -1 -1 -1 -1 -1 -1 -1 -1
0.5172758102416992 0.35098493099212646 0.9954373240470886 -1 -1 -1 -1 -1 -1 -1 -1 -1
0.5079861283302307 0.3862530589103699 0.549107551574707 -1 -1 -1 -1 -1 -1 -1 -1 -1
0.5139496326446533 0.3198027014732361 0.37752285599708557 -1 -1 -1 -1 -1 -1 -1 -1 -1
0.5085688829421997 0.3904015123844147 0.20876581966876984 -1 -1 -1 -1 -1 -1 -1 -1 -1
0.512869119644165 0.2687912583351135 0.54756098985672 -1 -1 -1 -1 -1 -1 -1 -1 -1
0.50909423828125 0.395737886428833 0.21189218759536743 -1 -1 -1 -1 -1 -1 -1 -1 -1
0.5130794048309326 0.25887084007263184 0.5409094095230103 -1 -1 -1 -1 -1 -1 -1 -1 -1
0.5103705525398254 0.39184626936912537 0.22921539843082428 -1 -1 -1 -1 -1 -1 -1 -1 -1
0.5126721262931824 0.2559622526168823 0.54422926902771 -1 -1 -1 -1 -1 -1 -1 -1 -1
0.5098081231117249 0.3895956873893738 0.21832670271396637 -1 -1 -1 -1 -1 -1 -1 -1 -1
0.5120658278465271 0.25906699895858765 0.5248004794120789 -1 -1 -1 -1 -1 -1 -1 -1 -1
0.4939349591732025 0.4722447693347931 0.9977747797966003 -1 -1 -1 -1 -1 -1 -1 -1 -1
0.49291321635246277 0.4708244204521179 0.9987140893936157 -1 -1 -1 -1 -1 -1 -1 -1 -1
0.44242650270462036 0.42253029346466064 0.9409447312355042 -1 -1 -1 -1 -1 -1 -1 -1 -1
0.42692410945892334 0.43252086639404297 0.6425679326057434 -1 -1 -1 -1 -1 -1 -1 -1 -1
0.43992331624031067 0.5159502625465393 0.9724925756454468 -1 -1 -1 -1 -1 -1 -1 -1 -1
0.4362459182739258 0.5228712558746338 0.6607542634010315 -1 -1 -1 -1 -1 -1 -1 -1 -1
0.4520794153213501 0.5109618306159973 0.9660307168960571 -1 -1 -1 -1 -1 -1 -1 -1 -1
0.44596993923187256 0.519112229347229 0.7450161576271057 -1 -1 -1 -1 -1 -1 -1 -1 -1
0.43804219365119934 0.545140266418457 0.9610318541526794 -1 -1 -1 -1 -1 -1 -1 -1 -1
0.42781713604927063 0.5507365465164185 0.643644392490387 -1 -1 -1 -1 -1 -1 -1 -1 -1
1 
33 
-1 -1 -1 -1 -1 -1 -1 -1 -1 -1
0.506464421749115 0.36075207591056824 0.9913598895072937 -1 -1 -1 -1 -1 -1 -1 -1 -1
0.5093045234680176 0.35421139001846313 0.9918338060379028 -1 -1 -1 -1 -1 -1 -1 -1 -1
0.5099793672561646 0.3543781638145447 0.991967499256134 -1 -1 -1 -1 -1 -1 -1 -1 -1
0.5107848048210144 0.35454463958740234 0.9919290542602539 -1 -1 -1 -1 -1 -1 -1 -1 -1
0.5089320540428162 0.3539049029350281 0.9848971366882324 -1 -1 -1 -1 -1 -1 -1 -1 -1
0.5092923641204834 0.353847473859787 0.9843167066574097 -1 -1 -1 -1 -1 -1 -1 -1 -1
0.5097755193710327 0.3538130521774292 0.9908382296562195 -1 -1 -1 -1 -1 -1 -1 -1 -1
0.5168635845184326 0.359188050031662 0.982218325138092 -1 -1 -1 -1 -1 -1 -1 -1 -1
0.5163800716400146 0.3589007258415222 0.986362636089325 -1 -1 -1 -1 -1 -1 -1 -1 -1
0.5078473687171936 0.36755669116973877 0.9785431623458862 -1 -1 -1 -1 -1 -1 -1 -1 -1
0.5073486566543579 0.3671500086784363 0.97095787525177 -1 -1 -1 -1 -1 -1 -1 -1 -1
0.5178138017654419 0.3893235921859741 0.9975082874298096 -1 -1 -1 -1 -1 -1 -1 -1 -1
0.5181148648262024 0.3855587840080261 0.9946452379226685 -1 -1 -1 -1 -1 -1 -1 -1 -1
0.5006568431854248 0.332488089799881 0.9827044606208801 -1 -1 -1 -1 -1 -1 -1 -1 -1
0.5017682909965515 0.3270184099674225 0.17529763281345367 -1 -1 -1 -1 -1 -1 -1 -1 -1
0.4902123510837555 0.27472734451293945 0.9283797144889832 -1 -1 -1 -1 -1 -1 -1 -1 -1
0.4918307662010193 0.27471333742141724 0.18433751165866852 -1 -1 -1 -1 -1 -1 -1 -1 -1
0.4862750470638275 0.2595427334308624 0.9117516279220581 -1 -1 -1 -1 -1 -1 -1 -1 -1
0.49288082122802734 0.26114559173583984 0.23892119526863098 -1 -1 -1 -1 -1 -1 -1 -1 -1
0.4885615408420563 0.2568175196647644 0.9112718105316162 -1 -1 -1 -1 -1 -1 -1 -1 -1
0.4935378432273865 0.26144808530807495 0.25320377945899963 -1 -1 -1 -1 -1 -1 -1 -1 -1
0.49003130197525024 0.2625865340232849 0.8674539923667908 -1 -1 -1 -1 -1 -1 -1 -1 -1
0.493549108505249 0.2675662040710449 0.2774716019630432 -1 -1 -1 -1 -1 -1 -1 -1 -1
0.46758419275283813 0.4614127278327942 0.9978405237197876 -1 -1 -1 -1 -1 -1 -1 -1 -1
0.46885162591934204 0.45331141352653503 0.9959571957588196 -1 -1 -1 -1 -1 -1 -1 -1 -1
0.43381068110466003 0.3865087330341339 0.9696635603904724 -1 -1 -1 -1 -1 -1 -1 -1 -1
0.4367755949497223 0.3765835464000702 0.23777072131633759 -1 -1 -1 -1 -1 -1 -1 -1 -1
0.41001489758491516 0.46485137939453125 0.985065758228302 -1 -1 -1 -1 -1 -1 -1 -1 -1
0.4113709032535553 0.44580450654029846 0.39725786447525024 -1 -1 -1 -1 -1 -1 -1 -1 -1
0.4119957983493805 0.47929078340530396 0.9778342247009277 -1 -1 -1 -1 -1 -1 -1 -1 -1
0.4144672453403473 0.4548337459564209 0.558791995048523 -1 -1 -1 -1 -1 -1 -1 -1 -1
0.38388267159461975 0.4835916757583618 0.9768370985984802 -1 -1 -1 -1 -1 -1 -1 -1 -1
0.39234182238578796 0.4502244293689728 0.43442294001579285 -1 -1 -1 -1 -1 -1 -1 -1 -1
1 
