30
1 
33 
-1 -1 -1 -1 -1 -1 -1 -1 -1 -1
0.5198951959609985 0.5483829379081726 0.762352466583252 -1 -1 -1 -1 -1 -1 -1 -1 -1
0.5200369358062744 0.5590633153915405 0.7211232781410217 -1 -1 -1 -1 -1 -1 -1 -1 -1
0.5203289985656738 0.5596098303794861 0.7452663779258728 -1 -1 -1 -1 -1 -1 -1 -1 -1
0.520668625831604 0.5602884888648987 0.7217743396759033 -1 -1 -1 -1 -1 -1 -1 -1 -1
0.5194138884544373 0.5579487085342407 0.7019802927970886 -1 -1 -1 -1 -1 -1 -1 -1 -1
0.5193118453025818 0.5525238513946533 0.7348920702934265 -1 -1 -1 -1 -1 -1 -1 -1 -1
0.5193628072738647 0.552734911441803 0.6897375583648682 -1 -1 -1 -1 -1 -1 -1 -1 -1
0.5229290127754211 0.5544973015785217 0.6819360256195068 -1 -1 -1 -1 -1 -1 -1 -1 -1
0.518641471862793 0.5489183068275452 0.5780283808708191 -1 -1 -1 -1 -1 -1 -1 -1 -1
0.5202546715736389 0.5441825985908508 0.6125133633613586 -1 -1 -1 -1 -1 -1 -1 -1 -1
0.5196571946144104 0.5432318449020386 0.4540559947490692 -1 -1 -1 -1 -1 -1 -1 -1 -1
0.5240761041641235 0.5292944312095642 0.9759938716888428 -1 -1 -1 -1 -1 -1 -1 -1 -1
0.5181208252906799 0.5434972047805786 0.9942046999931335 -1 -1 -1 -1 -1 -1 -1 -1 -1
0.5197929739952087 0.518547773361206 0.14569620788097382 -1 -1 -1 -1 -1 -1 -1 -1 -1
0.5115962624549866 0.6228934526443481 0.9507328867912292 -1 -1 -1 -1 -1 -1 -1 -1 -1
0.5105931758880615 0.5104028582572937 0.24969665706157684 -1 -1 -1 -1 -1 -1 -1 -1 -1
0.503917396068573 0.7067445516586304 0.9701962471008301 -1 -1 -1 -1 -1 -1 -1 -1 -1
0.5105373859405518 0.5066481232643127 0.2670775353908539 -1 -1 -1 -1 -1 -1 -1 -1 -1
0.5076040625572205 0.7220970392227173 0.9529742002487183 -1 -1 -1 -1 -1 -1 -1 -1 -1
0.5089638233184814 0.5107917785644531 0.28095442056655884 -1 -1 -1 -1 -1 -1 -1 -1 -1
0.5094892382621765 0.7248906493186951 0.946954071521759 -1 -1 -1 -1 -1 -1 -1 -1 -1
0.5079537034034729 0.5116426944732666 0.2876841425895691 -1 -1 -1 -1 -1 -1 -1 -1 -1
0.508415699005127 0.7194130420684814 0.9259487986564636 -1 -1 -1 -1 -1 -1 -1 -1 -1
0.5247728228569031 0.4617103040218353 0.9984949827194214 -1 -1 -1 -1 -1 -1 -1 -1 -1
0.5180835723876953 0.4518097937107086 0.9996436834335327 -1 -1 -1 -1 -1 -1 -1 -1 -1
0.5205031633377075 0.42649000883102417 0.6995225548744202 -1 -1 -1 -1 -1 -1 -1 -1 -1
0.5196961164474487 0.3677390515804291 0.9809104800224304 -1 -1 -1 -1 -1 -1 -1 -1 -1
0.5232259035110474 0.3953426778316498 0.7052963376045227 -1 -1 -1 -1 -1 -1 -1 -1 -1
0.5201841592788696 0.26735883951187134 0.9863199591636658 -1 -1 -1 -1 -1 -1 -1 -1 -1
0.524190366268158 0.391400545835495 0.8412341475486755 -1 -1 -1 -1 -1 -1 -1 -1 -1
0.5198675990104675 0.2563478350639343 0.9877694249153137 -1 -1 -1 -1 -1 -1 -1 -1 -1
0.5240062475204468 0.3834829032421112 0.6592943668365479 -1 -1 -1 -1 -1 -1 -1 -1 -1
0.5209137201309204 0.23444467782974243 0.9584778547286987 -1 -1 -1 -1 -1 -1 -1 -1 -1
1 
33 
-1 -1 -1 -1 -1 -1 -1 -1 -1 -1
0.5229364037513733 0.5412352085113525 0.9705408811569214 -1 -1 -1 -1 -1 -1 -1 -1 -1
0.5229747295379639 0.5460359454154968 0.9552316069602966 -1 -1 -1 -1 -1 -1 -1 -1 -1
0.522986650466919 0.5516500473022461 0.9519367814064026 -1 -1 -1 -1 -1 -1 -1 -1 -1
0.5231122374534607 0.5523883700370789 0.9505266547203064 -1 -1 -1 -1 -1 -1 -1 -1 -1
0.5223841071128845 0.5457979440689087 0.9540640115737915 -1 -1 -1 -1 -1 -1 -1 -1 -1
0.5221406817436218 0.5462951064109802 0.9486251473426819 -1 -1 -1 -1 -1 -1 -1 -1 -1
0.5219981670379639 0.5468214154243469 0.9365772604942322 -1 -1 -1 -1 -1 -1 -1 -1 -1
0.5180266499519348 0.5419949889183044 0.942531406879425 -1 -1 -1 -1 -1 -1 -1 -1 -1
0.5187134146690369 0.538638710975647 0.8974846005439758 -1 -1 -1 -1 -1 -1 -1 -1 -1
0.5223721861839294 0.5333192348480225 0.9639385938644409 -1 -1 -1 -1 -1 -1 -1 -1 -1
0.5217845439910889 0.5330843329429626 0.9268674254417419 -1 -1 -1 -1 -1 -1 -1 -1 -1
0.5231019258499146 0.5091934204101562 0.9903997778892517 -1 -1 -1 -1 -1 -1 -1 -1 -1
0.5184108018875122 0.5280481576919556 0.9978688955307007 -1 -1 -1 -1 -1 -1 -1 -1 -1
0.51976078748703 0.46702057123184204 0.19027258455753326 -1 -1 -1 -1 -1 -1 -1 -1 -1
0.5106912851333618 0.6076691150665283 0.9461907148361206 -1 -1 -1 -1 -1 -1 -1 -1 -1
0.5090888142585754 0.4350321888923645 0.22303593158721924 -1 -1 -1 -1 -1 -1 -1 -1 -1
0.5046022534370422 0.7071312665939331 0.9345632791519165 -1 -1 -1 -1 -1 -1 -1 -1 -1
0.507763147354126 0.4290009140968323 0.23862388730049133 -1 -1 -1 -1 -1 -1 -1 -1 -1
0.5075541734695435 0.722981333732605 0.8822173476219177 -1 -1 -1 -1 -1 -1 -1 -1 -1
0.5067337155342102 0.43146419525146484 0.25288406014442444 -1 -1 -1 -1 -1 -1 -1 -1 -1
0.508414626121521 0.7257392406463623 0.863133430480957 -1 -1 -1 -1 -1 -1 -1 -1 -1
0.5067334175109863 0.43364599347114563 0.24931493401527405 -1 -1 -1 -1 -1 -1 -1 -1 -1
0.5083791613578796 0.7193711996078491 0.8226953148841858 -1 -1 -1 -1 -1 -1 -1 -1 -1
0.5210338234901428 0.4470405876636505 0.999841570854187 -1 -1 -1 -1 -1 -1 -1 -1 -1
0.5169702768325806 0.4354342222213745 0.9999617338180542 -1 -1 -1 -1 -1 -1 -1 -1 -1
0.5174893736839294 0.45537716150283813 0.6959130167961121 -1 -1 -1 -1 -1 -1 -1 -1 -1
0.5200521945953369 0.3690340518951416 0.9807644486427307 -1 -1 -1 -1 -1 -1 -1 -1 -1
0.5201088190078735 0.5175224542617798 0.7317475080490112 -1 -1 -1 -1 -1 -1 -1 -1 -1
0.5198328495025635 0.27304017543792725 0.9892988204956055 -1 -1 -1 -1 -1 -1 -1 -1 -1
0.5202251672744751 0.5253846049308777 0.8666605949401855 -1 -1 -1 -1 -1 -1 -1 -1 -1
0.5194956064224243 0.2655828595161438 0.991898775100708 -1 -1 -1 -1 -1 -1 -1 -1 -1
0.5251479744911194 0.537491500377655 0.7953819036483765 -1 -1 -1 -1 -1 -1 -1 -1 -1
0.5221287608146667 0.23651306331157684 0.9748438000679016 -1 -1 -1 -1 -1 -1 -1 -1 -1
1 
33 
-1 -1 -1 -1 -1 -1 -1 -1 -1 -1
0.5176660418510437 0.5496175289154053 0.9227216243743896 -1 -1 -1 -1 -1 -1 -1 -1 -1
0.5189869403839111 0.5549424290657043 0.8841246962547302 -1 -1 -1 -1 -1 -1 -1 -1 -1
0.5191112160682678 0.5556509494781494 0.8870557546615601 -1 -1 -1 -1 -1 -1 -1 -1 -1
0.5193145871162415 0.5562930703163147 0.8648545145988464 -1 -1 -1 -1 -1 -1 -1 -1 -1
0.5186923146247864 0.5540128350257874 0.9000620245933533 -1 -1 -1 -1 -1 -1 -1 -1 -1
0.5186749696731567 0.5543242692947388 0.9022592902183533 -1 -1 -1 -1 -1 -1 -1 -1 -1
0.5188088417053223 0.5547633767127991 0.8842065334320068 -1 -1 -1 -1 -1 -1 -1 -1 -1
0.5202634930610657 0.5583274960517883 0.830553412437439 -1 -1 -1 -1 -1 -1 -1 -1 -1
0.5168156623840332 0.5506129860877991 0.7953725457191467 -1 -1 -1 -1 -1 -1 -1 -1 -1
0.5181892514228821 0.545897364616394 0.7986299991607666 -1 -1 -1 -1 -1 -1 -1 -1 -1
0.5181275010108948 0.5403431057929993 0.6816456317901611 -1 -1 -1 -1 -1 -1 -1 -1 -1
0.5218997001647949 0.5384252667427063 0.9798370003700256 -1 -1 -1 -1 -1 -1 -1 -1 -1
0.5190215706825256 0.5426734089851379 0.9927720427513123 -1 -1 -1 -1 -1 -1 -1 -1 -1
0.5147039890289307 0.6123016476631165 0.20829835534095764 -1 -1 -1 -1 -1 -1 -1 -1 -1
0.5108300447463989 0.6240396499633789 0.8857743144035339 -1 -1 -1 -1 -1 -1 -1 -1 -1
0.5017462968826294 0.6327762007713318 0.4515775144100189 -1 -1 -1 -1 -1 -1 -1 -1 -1
0.5044913291931152 0.7049689292907715 0.9084994792938232 -1 -1 -1 -1 -1 -1 -1 -1 -1
0.5009447932243347 0.6392524242401123 0.45172950625419617 -1 -1 -1 -1 -1 -1 -1 -1 -1
0.5071764588356018 0.721575140953064 0.8822045922279358 -1 -1 -1 -1 -1 -1 -1 -1 -1
0.500952422618866 0.6451904773712158 0.45619773864746094 -1 -1 -1 -1 -1 -1 -1 -1 -1
0.5094217658042908 0.7245258092880249 0.8676063418388367 -1 -1 -1 -1 -1 -1 -1 -1 -1
0.5003751516342163 0.6427701115608215 0.4543582797050476 -1 -1 -1 -1 -1 -1 -1 -1 -1
0.5089244246482849 0.718284010887146 0.8314046263694763 -1 -1 -1 -1 -1 -1 -1 -1 -1
0.5221083760261536 0.45677557587623596 0.9983533620834351 -1 -1 -1 -1 -1 -1 -1 -1 -1
0.518482506275177 0.4434566795825958 0.9995166063308716 -1 -1 -1 -1 -1 -1 -1 -1 -1
0.5197045207023621 0.4662644863128662 0.26321664452552795 -1 -1 -1 -1 -1 -1 -1 -1 -1
0.5199399590492249 0.368207722902298 0.9214609265327454 -1 -1 -1 -1 -1 -1 -1 -1 -1
0.5162599682807922 0.4503587484359741 0.3387221693992615 -1 -1 -1 -1 -1 -1 -1 -1 -1
0.519843578338623 0.27215754985809326 0.95912766456604 -1 -1 -1 -1 -1 -1 -1 -1 -1
0.5169950127601624 0.4453284740447998 0.595369279384613 -1 -1 -1 -1 -1 -1 -1 -1 -1
0.5200101137161255 0.256245493888855 0.9744426012039185 -1 -1 -1 -1 -1 -1 -1 -1 -1
0.5132908225059509 0.44748160243034363 0.5474164485931396 -1 -1 -1 -1 -1 -1 -1 -1 -1
0.5218814015388489 0.2353384792804718 0.9363318085670471 -1 -1 -1 -1 -1 -1 -1 -1 -1
1 
33 
-1 -1 -1 -1 -1 -1 -1 -1 -1 -1
0.5173394083976746 0.5460419058799744 0.8795544505119324 -1 -1 -1 -1 -1 -1 -1 -1 -1
0.5178660750389099 0.5488466620445251 0.8216782808303833 -1 -1 -1 -1 -1 -1 -1 -1 -1
0.5180131196975708 0.5494648218154907 0.8191406726837158 -1 -1 -1 -1 -1 -1 -1 -1 -1
0.518117368221283 0.5500356554985046 0.7903372645378113 -1 -1 -1 -1 -1 -1 -1 -1 -1
0.5176625847816467 0.5476686954498291 0.8250135183334351 -1 -1 -1 -1 -1 -1 -1 -1 -1
0.5177302956581116 0.5477386116981506 0.8364481329917908 -1 -1 -1 -1 -1 -1 -1 -1 -1
0.5178022384643555 0.5480170845985413 0.8072107434272766 -1 -1 -1 -1 -1 -1 -1 -1 -1
0.5139892101287842 0.5522791147232056 0.7198689579963684 -1 -1 -1 -1 -1 -1 -1 -1 -1
0.515217661857605 0.5456737279891968 0.7083485126495361 -1 -1 -1 -1 -1 -1 -1 -1 -1
0.5180628895759583 0.5370659232139587 0.7504227161407471 -1 -1 -1 -1 -1 -1 -1 -1 -1
0.5179173350334167 0.535904049873352 0.6549010872840881 -1 -1 -1 -1 -1 -1 -1 -1 -1
0.5220032334327698 0.5356049537658691 0.9767550826072693 -1 -1 -1 -1 -1 -1 -1 -1 -1
0.520412027835846 0.5433738231658936 0.9959371089935303 -1 -1 -1 -1 -1 -1 -1 -1 -1
0.5211643576622009 0.5103760957717896 0.12651899456977844 -1 -1 -1 -1 -1 -1 -1 -1 -1
0.5101868510246277 0.6213566064834595 0.9761189222335815 -1 -1 -1 -1 -1 -1 -1 -1 -1
0.5150321125984192 0.49006274342536926 0.21039317548274994 -1 -1 -1 -1 -1 -1 -1 -1 -1
0.5046449899673462 0.7081365585327148 0.985098123550415 -1 -1 -1 -1 -1 -1 -1 -1 -1
0.5150706171989441 0.48342588543891907 0.2290760725736618 -1 -1 -1 -1 -1 -1 -1 -1 -1
0.5093385577201843 0.7226899266242981 0.9744919538497925 -1 -1 -1 -1 -1 -1 -1 -1 -1
0.5139124393463135 0.4867902100086212 0.23832762241363525 -1 -1 -1 -1 -1 -1 -1 -1 -1
0.5103790760040283 0.7244091033935547 0.9705750346183777 -1 -1 -1 -1 -1 -1 -1 -1 -1
0.5129424333572388 0.48899126052856445 0.2488919347524643 -1 -1 -1 -1 -1 -1 -1 -1 -1
0.5086268186569214 0.7189615368843079 0.9547600746154785 -1 -1 -1 -1 -1 -1 -1 -1 -1
0.5245352387428284 0.467947781085968 0.998339056968689 -1 -1 -1 -1 -1 -1 -1 -1 -1
0.5194520950317383 0.45119643211364746 0.9997748732566833 -1 -1 -1 -1 -1 -1 -1 -1 -1
0.5210883021354675 0.44392111897468567 0.4026144742965698 -1 -1 -1 -1 -1 -1 -1 -1 -1
0.5197266340255737 0.3672940731048584 0.9744317531585693 -1 -1 -1 -1 -1 -1 -1 -1 -1
0.5238908529281616 0.4155189096927643 0.5404223203659058 -1 -1 -1 -1 -1 -1 -1 -1 -1
0.5200777649879456 0.2684434950351715 0.988292396068573 -1 -1 -1 -1 -1 -1 -1 -1 -1
0.5256480574607849 0.41201189160346985 0.7345103621482849 -1 -1 -1 -1 -1 -1 -1 -1 -1
0.5208081603050232 0.25804972648620605 0.9880515336990356 -1 -1 -1 -1 -1 -1 -1 -1 -1
0.524969756603241 0.38746047019958496 0.5552396774291992 -1 -1 -1 -1 -1 -1 -1 -1 -1
0.5211684107780457 0.2358647733926773 0.9701895117759705 -1 -1 -1 -1 -1 -1 -1 -1 -1
1 
33 
-1 -1 -1 -1 -1 -1 -1 -1 -1 -1
0.5140581727027893 0.5713170170783997 0.932174026966095 -1 -1 -1 -1 -1 -1 -1 -1 -1
0.5229231119155884 0.5754991769790649 0.930079460144043 -1 -1 -1 -1 -1 -1 -1 -1 -1
0.5231011509895325 0.57570880651474 0.9278126955032349 -1 -1 -1 -1 -1 -1 -1 -1 -1
0.5232901573181152 0.576339840888977 0.9247595071792603 -1 -1 -1 -1 -1 -1 -1 -1 -1
0.5223007202148438 0.568091630935669 0.918254554271698 -1 -1 -1 -1 -1 -1 -1 -1 -1
0.5222302675247192 0.5679959058761597 0.9173073768615723 -1 -1 -1 -1 -1 -1 -1 -1 -1
0.5230529308319092 0.5682599544525146 0.906987726688385 -1 -1 -1 -1 -1 -1 -1 -1 -1
0.5242992043495178 0.5698642730712891 0.8650780320167542 -1 -1 -1 -1 -1 -1 -1 -1 -1
0.5236799716949463 0.5682374835014343 0.8122189044952393 -1 -1 -1 -1 -1 -1 -1 -1 -1
0.5223719477653503 0.561535120010376 0.825238823890686 -1 -1 -1 -1 -1 -1 -1 -1 -1
0.5220312476158142 0.5608577728271484 0.7352588176727295 -1 -1 -1 -1 -1 -1 -1 -1 -1
0.5231205224990845 0.5449169874191284 0.9912282228469849 -1 -1 -1 -1 -1 -1 -1 -1 -1
0.5203535556793213 0.568340003490448 0.9987542629241943 -1 -1 -1 -1 -1 -1 -1 -1 -1
0.5242571234703064 0.49840009212493896 0.09862276911735535 -1 -1 -1 -1 -1 -1 -1 -1 -1
0.514271080493927 0.6291484236717224 0.9261578321456909 -1 -1 -1 -1 -1 -1 -1 -1 -1
0.5206167101860046 0.4623069167137146 0.1834542453289032 -1 -1 -1 -1 -1 -1 -1 -1 -1
0.5047324895858765 0.7085307836532593 0.9477360248565674 -1 -1 -1 -1 -1 -1 -1 -1 -1
0.521598219871521 0.45181146264076233 0.2124687135219574 -1 -1 -1 -1 -1 -1 -1 -1 -1
0.5090276598930359 0.7236388921737671 0.9133202433586121 -1 -1 -1 -1 -1 -1 -1 -1 -1
0.5202491879463196 0.45490044355392456 0.2174375355243683 -1 -1 -1 -1 -1 -1 -1 -1 -1
0.5104115009307861 0.7256181240081787 0.9010815620422363 -1 -1 -1 -1 -1 -1 -1 -1 -1
0.5195291638374329 0.45821163058280945 0.2174101322889328 -1 -1 -1 -1 -1 -1 -1 -1 -1
0.5094385743141174 0.7200522422790527 0.8728086948394775 -1 -1 -1 -1 -1 -1 -1 -1 -1
0.5251049995422363 0.4631313681602478 0.999017596244812 -1 -1 -1 -1 -1 -1 -1 -1 -1
0.518521785736084 0.4562426209449768 0.9998562335968018 -1 -1 -1 -1 -1 -1 -1 -1 -1
0.5211029648780823 0.4415339231491089 0.6262663006782532 -1 -1 -1 -1 -1 -1 -1 -1 -1
0.5202635526657104 0.37051406502723694 0.9846952557563782 -1 -1 -1 -1 -1 -1 -1 -1 -1
0.5237034559249878 0.38694873452186584 0.6526311635971069 -1 -1 -1 -1 -1 -1 -1 -1 -1
0.5208110809326172 0.271522581577301 0.9840188026428223 -1 -1 -1 -1 -1 -1 -1 -1 -1
0.5265066623687744 0.37881407141685486 0.7818402647972107 -1 -1 -1 -1 -1 -1 -1 -1 -1
0.5214945077896118 0.2538141906261444 0.9788411259651184 -1 -1 -1 -1 -1 -1 -1 -1 -1
0.518123209476471 0.3665107488632202 0.5795996189117432 -1 -1 -1 -1 -1 -1 -1 -1 -1
0.5228527784347534 0.24125130474567413 0.9527502655982971 -1 -1 -1 -1 -1 -1 -1 -1 -1
1 
33 
-1 -1 -1 -1 -1 -1 -1 -1 -1 -1
0.5234497785568237 0.3439605236053467 0.9997214674949646 -1 -1 -1 -1 -1 -1 -1 -1 -1
0.525080680847168 0.339898943901062 0.9996622800827026 -1 -1 -1 -1 -1 -1 -1 -1 -1
0.5257293581962585 0.34006011486053467 0.9994400143623352 -1 -1 -1 -1 -1 -1 -1 -1 -1
0.5263689756393433 0.340224027633667 0.9997157454490662 -1 -1 -1 -1 -1 -1 -1 -1 -1
0.5235048532485962 0.3394342064857483 0.9995937943458557 -1 -1 -1 -1 -1 -1 -1 -1 -1
0.5230453014373779 0.33921220898628235 0.999222993850708 -1 -1 -1 -1 -1 -1 -1 -1 -1
0.5225891470909119 0.33901095390319824 0.9995388984680176 -1 -1 -1 -1 -1 -1 -1 -1 -1
0.5278599262237549 0.3427894115447998 0.9996163845062256 -1 -1 -1 -1 -1 -1 -1 -1 -1
0.5229302644729614 0.34119218587875366 0.9995312690734863 -1 -1 -1 -1 -1 -1 -1 -1 -1
0.5246029496192932 0.3490365147590637 0.9994051456451416 -1 -1 -1 -1 -1 -1 -1 -1 -1
0.522727370262146 0.34848925471305847 0.9992990493774414 -1 -1 -1 -1 -1 -1 -1 -1 -1
0.5286133289337158 0.36502668261528015 0.999750554561615 -1 -1 -1 -1 -1 -1 -1 -1 -1
0.5208002328872681 0.3600529730319977 0.9997872710227966 -1 -1 -1 -1 -1 -1 -1 -1 -1
0.5317147970199585 0.3605807423591614 0.8853392601013184 -1 -1 -1 -1 -1 -1 -1 -1 -1
0.5246850252151489 0.3531227111816406 0.8261005878448486 -1 -1 -1 -1 -1 -1 -1 -1 -1
0.5322845578193665 0.33214765787124634 0.8093048334121704 -1 -1 -1 -1 -1 -1 -1 -1 -1
0.5236629843711853 0.3356533646583557 0.6098455190658569 -1 -1 -1 -1 -1 -1 -1 -1 -1
0.5319815874099731 0.32554900646209717 0.7335600256919861 -1 -1 -1 -1 -1 -1 -1 -1 -1
0.5231329798698425 0.3316861391067505 0.4629468619823456 -1 -1 -1 -1 -1 -1 -1 -1 -1
0.5324689149856567 0.3255482614040375 0.7169808149337769 -1 -1 -1 -1 -1 -1 -1 -1 -1
0.5215011239051819 0.3328231871128082 0.4557792544364929 -1 -1 -1 -1 -1 -1 -1 -1 -1
0.5322272181510925 0.3281589448451996 0.6673561334609985 -1 -1 -1 -1 -1 -1 -1 -1 -1
0.5216795802116394 0.3346710205078125 0.48464569449424744 -1 -1 -1 -1 -1 -1 -1 -1 -1
0.5196699500083923 0.4371311366558075 0.999757707118988 -1 -1 -1 -1 -1 -1 -1 -1 -1
0.5144728422164917 0.43473732471466064 0.9997944235801697 -1 -1 -1 -1 -1 -1 -1 -1 -1
0.5228302478790283 0.5045538544654846 0.4228677749633789 -1 -1 -1 -1 -1 -1 -1 -1 -1
0.5232463479042053 0.5030461549758911 0.8219074010848999 -1 -1 -1 -1 -1 -1 -1 -1 -1
0.5186152458190918 0.5635246634483337 0.6520407199859619 -1 -1 -1 -1 -1 -1 -1 -1 -1
0.514732301235199 0.5586716532707214 0.9393689632415771 -1 -1 -1 -1 -1 -1 -1 -1 -1
0.5152626633644104 0.5705330967903137 0.5217646360397339 -1 -1 -1 -1 -1 -1 -1 -1 -1
0.5121632814407349 0.565144956111908 0.8986135721206665 -1 -1 -1 -1 -1 -1 -1 -1 -1
0.5260968804359436 0.5842276811599731 0.7082229852676392 -1 -1 -1 -1 -1 -1 -1 -1 -1
0.513613224029541 0.5762187242507935 0.9266383051872253 -1 -1 -1 -1 -1 -1 -1 -1 -1
1 
33 
-1 -1 -1 -1 -1 -1 -1 -1 -1 -1
0.5353282690048218 0.3682410418987274 0.999639630317688 -1 -1 -1 -1 -1 -1 -1 -1 -1
0.5325348377227783 0.3601132929325104 0.9995983242988586 -1 -1 -1 -1 -1 -1 -1 -1 -1
0.5321374535560608 0.36008214950561523 0.999345600605011 -1 -1 -1 -1 -1 -1 -1 -1 -1
0.5316742062568665 0.35998547077178955 0.9996052384376526 -1 -1 -1 -1 -1 -1 -1 -1 -1
0.5316781401634216 0.3593613803386688 0.9996740818023682 -1 -1 -1 -1 -1 -1 -1 -1 -1
0.5306882262229919 0.35889437794685364 0.9996113181114197 -1 -1 -1 -1 -1 -1 -1 -1 -1
0.5296672582626343 0.35844624042510986 0.999680757522583 -1 -1 -1 -1 -1 -1 -1 -1 -1
0.5255935788154602 0.36272132396698 0.9996652603149414 -1 -1 -1 -1 -1 -1 -1 -1 -1
0.5230141282081604 0.36142784357070923 0.9998313188552856 -1 -1 -1 -1 -1 -1 -1 -1 -1
0.5334346294403076 0.37512096762657166 0.9995864033699036 -1 -1 -1 -1 -1 -1 -1 -1 -1
0.5323393940925598 0.374370276927948 0.999588668346405 -1 -1 -1 -1 -1 -1 -1 -1 -1
0.5237748026847839 0.3990488052368164 0.9952349066734314 -1 -1 -1 -1 -1 -1 -1 -1 -1
0.5175020694732666 0.39257436990737915 0.9994231462478638 -1 -1 -1 -1 -1 -1 -1 -1 -1
0.5284576416015625 0.34362518787384033 0.1542656570672989 -1 -1 -1 -1 -1 -1 -1 -1 -1
0.5215736031532288 0.32444268465042114 0.9868218898773193 -1 -1 -1 -1 -1 -1 -1 -1 -1
0.5331939458847046 0.2972102463245392 0.2106683850288391 -1 -1 -1 -1 -1 -1 -1 -1 -1
0.5230134725570679 0.27327877283096313 0.9507128596305847 -1 -1 -1 -1 -1 -1 -1 -1 -1
0.5309484004974365 0.28719064593315125 0.24548585712909698 -1 -1 -1 -1 -1 -1 -1 -1 -1
0.5240451097488403 0.2712595760822296 0.9376076459884644 -1 -1 -1 -1 -1 -1 -1 -1 -1
0.5295306444168091 0.28481799364089966 0.25275853276252747 -1 -1 -1 -1 -1 -1 -1 -1 -1
0.5231111645698547 0.27301231026649475 0.9187676906585693 -1 -1 -1 -1 -1 -1 -1 -1 -1
0.5306491851806641 0.2886427044868469 0.27517014741897583 -1 -1 -1 -1 -1 -1 -1 -1 -1
0.5236599445343018 0.2763516902923584 0.8845151662826538 -1 -1 -1 -1 -1 -1 -1 -1 -1
0.5181909203529358 0.5302785634994507 0.9972034692764282 -1 -1 -1 -1 -1 -1 -1 -1 -1
0.5184034109115601 0.530572772026062 0.9977238774299622 -1 -1 -1 -1 -1 -1 -1 -1 -1
0.5145811438560486 0.6153276562690735 0.1788676530122757 -1 -1 -1 -1 -1 -1 -1 -1 -1
0.5112580060958862 0.6187525987625122 0.9413232803344727 -1 -1 -1 -1 -1 -1 -1 -1 -1
0.5067176222801208 0.6950366497039795 0.25260820984840393 -1 -1 -1 -1 -1 -1 -1 -1 -1
0.5048440098762512 0.695864737033844 0.9293122291564941 -1 -1 -1 -1 -1 -1 -1 -1 -1
0.5044552683830261 0.6964921951293945 0.40995335578918457 -1 -1 -1 -1 -1 -1 -1 -1 -1
0.5013497471809387 0.6974349021911621 0.9274641275405884 -1 -1 -1 -1 -1 -1 -1 -1 -1
0.5261359810829163 0.7281614542007446 0.42832526564598083 -1 -1 -1 -1 -1 -1 -1 -1 -1
0.5219055414199829 0.7384195327758789 0.882920503616333 -1 -1 -1 -1 -1 -1 -1 -1 -1
1 
33 
-1 -1 -1 -1 -1 -1 -1 -1 -1 -1
0.5348838567733765 0.37202179431915283 0.9996531009674072 -1 -1 -1 -1 -1 -1 -1 -1 -1
0.5324401259422302 0.3647022843360901 0.9996752738952637 -1 -1 -1 -1 -1 -1 -1 -1 -1
0.5318673253059387 0.36462390422821045 0.9994373917579651 -1 -1 -1 -1 -1 -1 -1 -1 -1
0.5312201976776123 0.36452221870422363 0.999630331993103 -1 -1 -1 -1 -1 -1 -1 -1 -1
0.5319192409515381 0.36433833837509155 0.9997236132621765 -1 -1 -1 -1 -1 -1 -1 -1 -1
0.5309770107269287 0.3640519380569458 0.9996638298034668 -1 -1 -1 -1 -1 -1 -1 -1 -1
0.5298810005187988 0.36371639370918274 0.9997345805168152 -1 -1 -1 -1 -1 -1 -1 -1 -1
0.5240322351455688 0.3671500086784363 0.9995707869529724 -1 -1 -1 -1 -1 -1 -1 -1 -1
0.5230615735054016 0.3663596212863922 0.9997335076332092 -1 -1 -1 -1 -1 -1 -1 -1 -1
0.532441258430481 0.37854689359664917 0.9994840621948242 -1 -1 -1 -1 -1 -1 -1 -1 -1
0.5316118001937866 0.3781307339668274 0.9994896650314331 -1 -1 -1 -1 -1 -1 -1 -1 -1
0.5195587277412415 0.4002510607242584 0.988532543182373 -1 -1 -1 -1 -1 -1 -1 -1 -1
0.5186933875083923 0.3967284858226776 0.9982252717018127 -1 -1 -1 -1 -1 -1 -1 -1 -1
0.5252326726913452 0.33839547634124756 0.12310025840997696 -1 -1 -1 -1 -1 -1 -1 -1 -1
0.5206297039985657 0.32959216833114624 0.96656733751297 -1 -1 -1 -1 -1 -1 -1 -1 -1
0.525219738483429 0.28349369764328003 0.32709479331970215 -1 -1 -1 -1 -1 -1 -1 -1 -1
0.523758590221405 0.27554571628570557 0.9522289037704468 -1 -1 -1 -1 -1 -1 -1 -1 -1
0.5299665331840515 0.2815288305282593 0.3902777433395386 -1 -1 -1 -1 -1 -1 -1 -1 -1
0.5175890326499939 0.2768053412437439 0.9385841488838196 -1 -1 -1 -1 -1 -1 -1 -1 -1
0.5293482542037964 0.2783850431442261 0.39993730187416077 -1 -1 -1 -1 -1 -1 -1 -1 -1
0.5178033113479614 0.2768075466156006 0.9241613745689392 -1 -1 -1 -1 -1 -1 -1 -1 -1
0.5304679274559021 0.2820902466773987 0.409614235162735 -1 -1 -1 -1 -1 -1 -1 -1 -1
0.5183365345001221 0.2800193130970001 0.8930759429931641 -1 -1 -1 -1 -1 -1 -1 -1 -1
0.5178750157356262 0.5281327366828918 0.9978727102279663 -1 -1 -1 -1 -1 -1 -1 -1 -1
0.5197715163230896 0.5304257869720459 0.9980106949806213 -1 -1 -1 -1 -1 -1 -1 -1 -1
0.5150526762008667 0.6114178895950317 0.23638148605823517 -1 -1 -1 -1 -1 -1 -1 -1 -1
0.5130684971809387 0.6154412627220154 0.9411020278930664 -1 -1 -1 -1 -1 -1 -1 -1 -1
0.5068821907043457 0.7060128450393677 0.3221542537212372 -1 -1 -1 -1 -1 -1 -1 -1 -1
0.5049675703048706 0.7124677896499634 0.9418259263038635 -1 -1 -1 -1 -1 -1 -1 -1 -1
0.50174880027771 0.7201812267303467 0.44361618161201477 -1 -1 -1 -1 -1 -1 -1 -1 -1
0.4985641539096832 0.7239315509796143 0.9267181158065796 -1 -1 -1 -1 -1 -1 -1 -1 -1
0.5263707637786865 0.7301751971244812 0.4542026221752167 -1 -1 -1 -1 -1 -1 -1 -1 -1
0.5241705775260925 0.7324767708778381 0.8956747055053711 -1 -1 -1 -1 -1 -1 -1 -1 -1
1 
33 
-1 -1 -1 -1 -1 -1 -1 -1 -1 -1
0.5080585479736328 0.572799026966095 0.9638122916221619 -1 -1 -1 -1 -1 -1 -1 -1 -1
0.5095562934875488 0.5802179574966431 0.9608709216117859 -1 -1 -1 -1 -1 -1 -1 -1 -1
0.5094717144966125 0.5803518295288086 0.9568957090377808 -1 -1 -1 -1 -1 -1 -1 -1 -1
0.5093865394592285 0.5804024338722229 0.9552662968635559 -1 -1 -1 -1 -1 -1 -1 -1 -1
0.5108954310417175 0.5802656412124634 0.9545654058456421 -1 -1 -1 -1 -1 -1 -1 -1 -1
0.5119249224662781 0.5803518295288086 0.9514119625091553 -1 -1 -1 -1 -1 -1 -1 -1 -1
0.5129122734069824 0.5804286599159241 0.945160448551178 -1 -1 -1 -1 -1 -1 -1 -1 -1
0.5131444334983826 0.5789374709129333 0.9110330939292908 -1 -1 -1 -1 -1 -1 -1 -1 -1
0.5176400542259216 0.578982949256897 0.891995370388031 -1 -1 -1 -1 -1 -1 -1 -1 -1
0.5164574384689331 0.5633856058120728 0.8777547478675842 -1 -1 -1 -1 -1 -1 -1 -1 -1
0.5168161988258362 0.5622239112854004 0.7991302609443665 -1 -1 -1 -1 -1 -1 -1 -1 -1
0.5188079476356506 0.5432358980178833 0.9918740391731262 -1 -1 -1 -1 -1 -1 -1 -1 -1
0.5208622217178345 0.5743857026100159 0.9985400438308716 -1 -1 -1 -1 -1 -1 -1 -1 -1
0.5191735029220581 0.4792795777320862 0.10026613622903824 -1 -1 -1 -1 -1 -1 -1 -1 -1
0.511790931224823 0.6400324702262878 0.8966757655143738 -1 -1 -1 -1 -1 -1 -1 -1 -1
0.5155459046363831 0.42982399463653564 0.1817043125629425 -1 -1 -1 -1 -1 -1 -1 -1 -1
0.5027101039886475 0.7139002084732056 0.9117008447647095 -1 -1 -1 -1 -1 -1 -1 -1 -1
0.5154032111167908 0.4162783920764923 0.20733506977558136 -1 -1 -1 -1 -1 -1 -1 -1 -1
0.5070568323135376 0.7277891039848328 0.8694281578063965 -1 -1 -1 -1 -1 -1 -1 -1 -1
0.5152057409286499 0.4178088903427124 0.2114417552947998 -1 -1 -1 -1 -1 -1 -1 -1 -1
0.508919894695282 0.728559136390686 0.8497368097305298 -1 -1 -1 -1 -1 -1 -1 -1 -1
0.5154368281364441 0.42284855246543884 0.2109987735748291 -1 -1 -1 -1 -1 -1 -1 -1 -1
0.5069436430931091 0.7234047651290894 0.8101206421852112 -1 -1 -1 -1 -1 -1 -1 -1 -1
0.5188610553741455 0.46316322684288025 0.9994277358055115 -1 -1 -1 -1 -1 -1 -1 -1 -1
0.5176910758018494 0.4575461149215698 0.9998654127120972 -1 -1 -1 -1 -1 -1 -1 -1 -1
0.5137636661529541 0.4481285810470581 0.6719136238098145 -1 -1 -1 -1 -1 -1 -1 -1 -1
0.5218697190284729 0.3710216283798218 0.9794675707817078 -1 -1 -1 -1 -1 -1 -1 -1 -1
0.52078777551651 0.4133964478969574 0.6019895672798157 -1 -1 -1 -1 -1 -1 -1 -1 -1
0.5246130228042603 0.2803953289985657 0.9817823767662048 -1 -1 -1 -1 -1 -1 -1 -1 -1
0.5234907269477844 0.4080108404159546 0.7395729422569275 -1 -1 -1 -1 -1 -1 -1 -1 -1
0.5243077874183655 0.2654086947441101 0.9770456552505493 -1 -1 -1 -1 -1 -1 -1 -1 -1
0.5190227627754211 0.3977377712726593 0.6223996877670288 -1 -1 -1 -1 -1 -1 -1 -1 -1
0.5294962525367737 0.2489396184682846 0.9571932554244995 -1 -1 -1 -1 -1 -1 -1 -1 -1
1 
33 
-1 -1 -1 -1 -1 -1 -1 -1 -1 -1
0.5369482040405273 0.36737143993377686 0.9905931353569031 -1 -1 -1 -1 -1 -1 -1 -1 -1
0.5347021818161011 0.36117488145828247 0.990921676158905 -1 -1 -1 -1 -1 -1 -1 -1 -1
0.5343588590621948 0.36101704835891724 0.9859718680381775 -1 -1 -1 -1 -1 -1 -1 -1 -1
0.5339670777320862 0.3606671094894409 0.9912545084953308 -1 -1 -1 -1 -1 -1 -1 -1 -1
0.5338517427444458 0.36123594641685486 0.9913656711578369 -1 -1 -1 -1 -1 -1 -1 -1 -1
0.5329290628433228 0.3611944913864136 0.9887752532958984 -1 -1 -1 -1 -1 -1 -1 -1 -1
0.5319282412528992 0.3610203266143799 0.9911580681800842 -1 -1 -1 -1 -1 -1 -1 -1 -1
0.5261036157608032 0.365528404712677 0.9834739565849304 -1 -1 -1 -1 -1 -1 -1 -1 -1
0.5243993997573853 0.36561083793640137 0.9875012636184692 -1 -1 -1 -1 -1 -1 -1 -1 -1
0.5349103212356567 0.3751753866672516 0.9857177734375 -1 -1 -1 -1 -1 -1 -1 -1 -1
0.5337236523628235 0.37552610039711 0.9850369095802307 -1 -1 -1 -1 -1 -1 -1 -1 -1
0.5181457996368408 0.39419272541999817 0.9875138401985168 -1 -1 -1 -1 -1 -1 -1 -1 -1
0.5179955959320068 0.39467477798461914 0.994269609451294 -1 -1 -1 -1 -1 -1 -1 -1 -1
0.5250130295753479 0.33818355202674866 0.07833778858184814 -1 -1 -1 -1 -1 -1 -1 -1 -1
0.5247787237167358 0.3327622413635254 0.9792567491531372 -1 -1 -1 -1 -1 -1 -1 -1 -1
0.5290024280548096 0.28026169538497925 0.2718052566051483 -1 -1 -1 -1 -1 -1 -1 -1 -1
0.5271549224853516 0.2712494134902954 0.9593356251716614 -1 -1 -1 -1 -1 -1 -1 -1 -1
0.5302041172981262 0.2673882246017456 0.3231678605079651 -1 -1 -1 -1 -1 -1 -1 -1 -1
0.5292903184890747 0.25731438398361206 0.9424551129341125 -1 -1 -1 -1 -1 -1 -1 -1 -1
0.5302666425704956 0.2638974189758301 0.32570770382881165 -1 -1 -1 -1 -1 -1 -1 -1 -1
0.5294031500816345 0.2551059126853943 0.9292636513710022 -1 -1 -1 -1 -1 -1 -1 -1 -1
0.5295185446739197 0.26899847388267517 0.3473370373249054 -1 -1 -1 -1 -1 -1 -1 -1 -1
0.5286431908607483 0.26033255457878113 0.8998305201530457 -1 -1 -1 -1 -1 -1 -1 -1 -1
0.5187608003616333 0.5264968872070312 0.9962705373764038 -1 -1 -1 -1 -1 -1 -1 -1 -1
0.5182895064353943 0.5241551399230957 0.9952090382575989 -1 -1 -1 -1 -1 -1 -1 -1 -1
0.5149222612380981 0.6178346276283264 0.09336193650960922 -1 -1 -1 -1 -1 -1 -1 -1 -1
0.5122901201248169 0.6155210733413696 0.8530387282371521 -1 -1 -1 -1 -1 -1 -1 -1 -1
0.5058197379112244 0.7138533592224121 0.19924429059028625 -1 -1 -1 -1 -1 -1 -1 -1 -1
0.5045602917671204 0.7165899276733398 0.8861309885978699 -1 -1 -1 -1 -1 -1 -1 -1 -1
0.4978142976760864 0.7303022146224976 0.42164304852485657 -1 -1 -1 -1 -1 -1 -1 -1 -1
0.4959741532802582 0.7334339022636414 0.9350364208221436 -1 -1 -1 -1 -1 -1 -1 -1 -1
0.5265451669692993 0.7418301105499268 0.3192726671695709 -1 -1 -1 -1 -1 -1 -1 -1 -1
0.5256162881851196 0.745391845703125 0.8405704498291016 -1 -1 -1 -1 -1 -1 -1 -1 -1
1 
33 
-1 -1 -1 -1 -1 -1 -1 -1 -1 -1
0.5364400148391724 0.3777843117713928 0.9993621706962585 -1 -1 -1 -1 -1 -1 -1 -1 -1
0.5345727801322937 0.3703983426094055 0.9993533492088318 -1 -1 -1 -1 -1 -1 -1 -1 -1
0.534081757068634 0.37015920877456665 0.9989702701568604 -1 -1 -1 -1 -1 -1 -1 -1 -1
0.5334954261779785 0.3696480095386505 0.9993554949760437 -1 -1 -1 -1 -1 -1 -1 -1 -1
0.5339420437812805 0.3702085614204407 0.9993707537651062 -1 -1 -1 -1 -1 -1 -1 -1 -1
0.5329859852790833 0.36999133229255676 0.9992098808288574 -1 -1 -1 -1 -1 -1 -1 -1 -1
0.5319236516952515 0.3695600628852844 0.9993669390678406 -1 -1 -1 -1 -1 -1 -1 -1 -1
0.5266247987747192 0.3714045286178589 0.9991258978843689 -1 -1 -1 -1 -1 -1 -1 -1 -1
0.5252085328102112 0.37182775139808655 0.9994277358055115 -1 -1 -1 -1 -1 -1 -1 -1 -1
0.5341278910636902 0.3843400776386261 0.9990449547767639 -1 -1 -1 -1 -1 -1 -1 -1 -1
0.5332034826278687 0.38419753313064575 0.9989235997200012 -1 -1 -1 -1 -1 -1 -1 -1 -1
0.5223578810691833 0.40140366554260254 0.9941028952598572 -1 -1 -1 -1 -1 -1 -1 -1 -1
0.5195339918136597 0.4011813998222351 0.9988740086555481 -1 -1 -1 -1 -1 -1 -1 -1 -1
0.5267171263694763 0.34299835562705994 0.11127850413322449 -1 -1 -1 -1 -1 -1 -1 -1 -1
0.5231845378875732 0.3376081585884094 0.9852815270423889 -1 -1 -1 -1 -1 -1 -1 -1 -1
0.5271613001823425 0.2843814790248871 0.34433144330978394 -1 -1 -1 -1 -1 -1 -1 -1 -1
0.5262752175331116 0.27922433614730835 0.9833666086196899 -1 -1 -1 -1 -1 -1 -1 -1 -1
0.5300453901290894 0.2716522514820099 0.4112589359283447 -1 -1 -1 -1 -1 -1 -1 -1 -1
0.5285011529922485 0.26618891954421997 0.9784060716629028 -1 -1 -1 -1 -1 -1 -1 -1 -1
0.5297942757606506 0.27099061012268066 0.4155242145061493 -1 -1 -1 -1 -1 -1 -1 -1 -1
0.5287055373191833 0.26408958435058594 0.9720498919487 -1 -1 -1 -1 -1 -1 -1 -1 -1
0.528619110584259 0.2761897146701813 0.4329197406768799 -1 -1 -1 -1 -1 -1 -1 -1 -1
0.5276123285293579 0.26918870210647583 0.9583449363708496 -1 -1 -1 -1 -1 -1 -1 -1 -1
0.5182589292526245 0.5323845148086548 0.997053861618042 -1 -1 -1 -1 -1 -1 -1 -1 -1
0.5191559791564941 0.5334312915802002 0.9977549910545349 -1 -1 -1 -1 -1 -1 -1 -1 -1
0.5150240659713745 0.6231482028961182 0.11816498637199402 -1 -1 -1 -1 -1 -1 -1 -1 -1
0.5128700137138367 0.6272949576377869 0.9406984448432922 -1 -1 -1 -1 -1 -1 -1 -1 -1
0.5081152319908142 0.7138561010360718 0.18041832745075226 -1 -1 -1 -1 -1 -1 -1 -1 -1
0.5058044791221619 0.7146611213684082 0.9201540350914001 -1 -1 -1 -1 -1 -1 -1 -1 -1
0.5048167109489441 0.7153908014297485 0.32311493158340454 -1 -1 -1 -1 -1 -1 -1 -1 -1
0.502044141292572 0.7155059576034546 0.9286985397338867 -1 -1 -1 -1 -1 -1 -1 -1 -1
0.5306352972984314 0.7236521244049072 0.31848058104515076 -1 -1 -1 -1 -1 -1 -1 -1 -1
0.5294359922409058 0.7266833782196045 0.8620344996452332 -1 -1 -1 -1 -1 -1 -1 -1 -1
1 
33 
-1 -1 -1 -1 -1 -1 -1 -1 -1 -1
0.5337272882461548 0.37724462151527405 0.998345136642456 -1 -1 -1 -1 -1 -1 -1 -1 -1
0.5316742062568665 0.37072324752807617 0.998170018196106 -1 -1 -1 -1 -1 -1 -1 -1 -1
0.5312345623970032 0.37078630924224854 0.9972860813140869 -1 -1 -1 -1 -1 -1 -1 -1 -1
0.5307145714759827 0.37069085240364075 0.9981852173805237 -1 -1 -1 -1 -1 -1 -1 -1 -1
0.5309270620346069 0.37074023485183716 0.9983941912651062 -1 -1 -1 -1 -1 -1 -1 -1 -1
0.529984176158905 0.3709021210670471 0.9979634284973145 -1 -1 -1 -1 -1 -1 -1 -1 -1
0.5290108919143677 0.37091147899627686 0.9982736110687256 -1 -1 -1 -1 -1 -1 -1 -1 -1
0.523361086845398 0.37756168842315674 0.9968787431716919 -1 -1 -1 -1 -1 -1 -1 -1 -1
0.5221558213233948 0.3770570755004883 0.9981271624565125 -1 -1 -1 -1 -1 -1 -1 -1 -1
0.5313681960105896 0.38707101345062256 0.997694194316864 -1 -1 -1 -1 -1 -1 -1 -1 -1
0.5301976799964905 0.38740700483322144 0.9978010058403015 -1 -1 -1 -1 -1 -1 -1 -1 -1
0.5176363587379456 0.4060816466808319 0.9908285140991211 -1 -1 -1 -1 -1 -1 -1 -1 -1
0.5161508917808533 0.40485185384750366 0.9981484413146973 -1 -1 -1 -1 -1 -1 -1 -1 -1
0.5249300599098206 0.34707924723625183 0.1458800584077835 -1 -1 -1 -1 -1 -1 -1 -1 -1
0.5238810777664185 0.344088077545166 0.9917492866516113 -1 -1 -1 -1 -1 -1 -1 -1 -1
0.529401421546936 0.2864575982093811 0.44704946875572205 -1 -1 -1 -1 -1 -1 -1 -1 -1
0.5265883207321167 0.28177720308303833 0.9855961799621582 -1 -1 -1 -1 -1 -1 -1 -1 -1
0.5322549343109131 0.272335946559906 0.49574124813079834 -1 -1 -1 -1 -1 -1 -1 -1 -1
0.5288235545158386 0.26779332756996155 0.9778563380241394 -1 -1 -1 -1 -1 -1 -1 -1 -1
0.5331053137779236 0.27088695764541626 0.500063419342041 -1 -1 -1 -1 -1 -1 -1 -1 -1
0.5295867919921875 0.26618850231170654 0.9716804623603821 -1 -1 -1 -1 -1 -1 -1 -1 -1
0.5315731167793274 0.2760850489139557 0.5186834335327148 -1 -1 -1 -1 -1 -1 -1 -1 -1
0.5286369323730469 0.27089759707450867 0.9561469554901123 -1 -1 -1 -1 -1 -1 -1 -1 -1
0.5159331560134888 0.5391943454742432 0.9979421496391296 -1 -1 -1 -1 -1 -1 -1 -1 -1
0.5172774791717529 0.5414785146713257 0.9983335137367249 -1 -1 -1 -1 -1 -1 -1 -1 -1
0.5151718258857727 0.6208621263504028 0.2929646670818329 -1 -1 -1 -1 -1 -1 -1 -1 -1
0.5106406211853027 0.6306308507919312 0.9759932160377502 -1 -1 -1 -1 -1 -1 -1 -1 -1
0.5071955919265747 0.7109426259994507 0.526650071144104 -1 -1 -1 -1 -1 -1 -1 -1 -1
0.5030192136764526 0.7221872806549072 0.9819315671920776 -1 -1 -1 -1 -1 -1 -1 -1 -1
0.5015196204185486 0.7302045226097107 0.6648068428039551 -1 -1 -1 -1 -1 -1 -1 -1 -1
0.49650272727012634 0.7397040724754333 0.9775384068489075 -1 -1 -1 -1 -1 -1 -1 -1 -1
0.5270439982414246 0.7352120876312256 0.6570183038711548 -1 -1 -1 -1 -1 -1 -1 -1 -1
0.5238627791404724 0.7442003488540649 0.9615322351455688 -1 -1 -1 -1 -1 -1 -1 -1 -1
1 
33 
-1 -1 -1 -1 -1 -1 -1 -1 -1 -1
0.5364498496055603 0.37868058681488037 0.9966028928756714 -1 -1 -1 -1 -1 -1 -1 -1 -1
0.5349417924880981 0.3697497546672821 0.9967464208602905 -1 -1 -1 -1 -1 -1 -1 -1 -1
0.5345052480697632 0.36934685707092285 0.9949795603752136 -1 -1 -1 -1 -1 -1 -1 -1 -1
0.5339463949203491 0.3687344789505005 0.9966537952423096 -1 -1 -1 -1 -1 -1 -1 -1 -1
0.5341892242431641 0.36897048354148865 0.9970965385437012 -1 -1 -1 -1 -1 -1 -1 -1 -1
0.5333048105239868 0.368084192276001 0.9963071346282959 -1 -1 -1 -1 -1 -1 -1 -1 -1
0.5323359370231628 0.36705636978149414 0.9970740079879761 -1 -1 -1 -1 -1 -1 -1 -1 -1
0.5265511870384216 0.37304121255874634 0.9948798418045044 -1 -1 -1 -1 -1 -1 -1 -1 -1
0.5252614617347717 0.372192919254303 0.9963847398757935 -1 -1 -1 -1 -1 -1 -1 -1 -1
0.5340712070465088 0.38730740547180176 0.9957215785980225 -1 -1 -1 -1 -1 -1 -1 -1 -1
0.5328880548477173 0.38709118962287903 0.9958584904670715 -1 -1 -1 -1 -1 -1 -1 -1 -1
0.5188065767288208 0.4046626389026642 0.986302375793457 -1 -1 -1 -1 -1 -1 -1 -1 -1
0.5169409513473511 0.402923047542572 0.9966804385185242 -1 -1 -1 -1 -1 -1 -1 -1 -1
0.525711178779602 0.34949785470962524 0.08900564908981323 -1 -1 -1 -1 -1 -1 -1 -1 -1
0.5230161547660828 0.34546077251434326 0.9846776723861694 -1 -1 -1 -1 -1 -1 -1 -1 -1
0.5309567451477051 0.29211336374282837 0.3167079985141754 -1 -1 -1 -1 -1 -1 -1 -1 -1
0.5279057025909424 0.28474342823028564 0.9733215570449829 -1 -1 -1 -1 -1 -1 -1 -1 -1
0.5326650142669678 0.2797180116176605 0.3787153959274292 -1 -1 -1 -1 -1 -1 -1 -1 -1
0.5297828912734985 0.27269110083580017 0.9637476801872253 -1 -1 -1 -1 -1 -1 -1 -1 -1
0.5332074761390686 0.27686893939971924 0.3822442889213562 -1 -1 -1 -1 -1 -1 -1 -1 -1
0.5301238298416138 0.27016681432724 0.9549899697303772 -1 -1 -1 -1 -1 -1 -1 -1 -1
0.5323593616485596 0.2820016145706177 0.3979746997356415 -1 -1 -1 -1 -1 -1 -1 -1 -1
0.5296537280082703 0.2748376429080963 0.9336256980895996 -1 -1 -1 -1 -1 -1 -1 -1 -1
0.5182920098304749 0.5459607839584351 0.9972653388977051 -1 -1 -1 -1 -1 -1 -1 -1 -1
0.5172491669654846 0.5457592606544495 0.9974703788757324 -1 -1 -1 -1 -1 -1 -1 -1 -1
0.5141004920005798 0.6337846517562866 0.22316096723079681 -1 -1 -1 -1 -1 -1 -1 -1 -1
0.5090210437774658 0.6333601474761963 0.9607529640197754 -1 -1 -1 -1 -1 -1 -1 -1 -1
0.5054141283035278 0.7271888852119446 0.419467568397522 -1 -1 -1 -1 -1 -1 -1 -1 -1
0.5023831129074097 0.7312508225440979 0.969639778137207 -1 -1 -1 -1 -1 -1 -1 -1 -1
0.49942728877067566 0.7402215600013733 0.6130877137184143 -1 -1 -1 -1 -1 -1 -1 -1 -1
0.49554702639579773 0.7482782602310181 0.9747466444969177 -1 -1 -1 -1 -1 -1 -1 -1 -1
0.5267415642738342 0.7471857070922852 0.5351892709732056 -1 -1 -1 -1 -1 -1 -1 -1 -1
0.5238584876060486 0.7542732954025269 0.9378230571746826 -1 -1 -1 -1 -1 -1 -1 -1 -1
1 
33 
-1 -1 -1 -1 -1 -1 -1 -1 -1 -1
0.5356147289276123 0.3813748061656952 0.9945911169052124 -1 -1 -1 -1 -1 -1 -1 -1 -1
0.5341424345970154 0.37216997146606445 0.9939416646957397 -1 -1 -1 -1 -1 -1 -1 -1 -1
0.5335913300514221 0.3716561794281006 0.9912961721420288 -1 -1 -1 -1 -1 -1 -1 -1 -1
0.5328942537307739 0.370918333530426 0.9944480657577515 -1 -1 -1 -1 -1 -1 -1 -1 -1
0.5334645509719849 0.37154531478881836 0.9940171241760254 -1 -1 -1 -1 -1 -1 -1 -1 -1
0.5325084328651428 0.37062400579452515 0.9923526644706726 -1 -1 -1 -1 -1 -1 -1 -1 -1
0.5314695835113525 0.36954694986343384 0.9939090013504028 -1 -1 -1 -1 -1 -1 -1 -1 -1
0.5255438685417175 0.37348365783691406 0.9890086054801941 -1 -1 -1 -1 -1 -1 -1 -1 -1
0.5244219303131104 0.3743955194950104 0.991479218006134 -1 -1 -1 -1 -1 -1 -1 -1 -1
0.5328398942947388 0.3894752860069275 0.9904606938362122 -1 -1 -1 -1 -1 -1 -1 -1 -1
0.5317806005477905 0.3895920515060425 0.9913308620452881 -1 -1 -1 -1 -1 -1 -1 -1 -1
0.5195557475090027 0.40038105845451355 0.9829083681106567 -1 -1 -1 -1 -1 -1 -1 -1 -1
0.5192167162895203 0.40285810828208923 0.9952815175056458 -1 -1 -1 -1 -1 -1 -1 -1 -1
0.5244637131690979 0.35041719675064087 0.09550303965806961 -1 -1 -1 -1 -1 -1 -1 -1 -1
0.5226408839225769 0.34628117084503174 0.9781726598739624 -1 -1 -1 -1 -1 -1 -1 -1 -1
0.529850959777832 0.292740136384964 0.32993966341018677 -1 -1 -1 -1 -1 -1 -1 -1 -1
0.5281515121459961 0.2862532138824463 0.9541686177253723 -1 -1 -1 -1 -1 -1 -1 -1 -1
0.5333358645439148 0.2818308472633362 0.4122445583343506 -1 -1 -1 -1 -1 -1 -1 -1 -1
0.5316131711006165 0.27692699432373047 0.9407137632369995 -1 -1 -1 -1 -1 -1 -1 -1 -1
0.5339056849479675 0.27963000535964966 0.41809070110321045 -1 -1 -1 -1 -1 -1 -1 -1 -1
0.5323655605316162 0.2747291326522827 0.9274436235427856 -1 -1 -1 -1 -1 -1 -1 -1 -1
0.5323002338409424 0.2845563292503357 0.43288716673851013 -1 -1 -1 -1 -1 -1 -1 -1 -1
0.530728280544281 0.27880245447158813 0.8997000455856323 -1 -1 -1 -1 -1 -1 -1 -1 -1
0.5158905386924744 0.5394383668899536 0.9967944025993347 -1 -1 -1 -1 -1 -1 -1 -1 -1
0.5156782865524292 0.5413670539855957 0.9970412850379944 -1 -1 -1 -1 -1 -1 -1 -1 -1
0.5130484104156494 0.6291516423225403 0.16401304304599762 -1 -1 -1 -1 -1 -1 -1 -1 -1
0.5091625452041626 0.6301405429840088 0.9583410024642944 -1 -1 -1 -1 -1 -1 -1 -1 -1
0.50291907787323 0.7215256690979004 0.35822612047195435 -1 -1 -1 -1 -1 -1 -1 -1 -1
0.5004303455352783 0.724190890789032 0.9682343602180481 -1 -1 -1 -1 -1 -1 -1 -1 -1
0.4977596700191498 0.7342994809150696 0.5204980969429016 -1 -1 -1 -1 -1 -1 -1 -1 -1
0.4934266209602356 0.738953173160553 0.9712542295455933 -1 -1 -1 -1 -1 -1 -1 -1 -1
0.5259870886802673 0.7400809526443481 0.5180782079696655 -1 -1 -1 -1 -1 -1 -1 -1 -1
0.5236175060272217 0.745812177658081 0.9400532245635986 -1 -1 -1 -1 -1 -1 -1 -1 -1
1 
33 
-1 -1 -1 -1 -1 -1 -1 -1 -1 -1
0.5357430577278137 0.37356287240982056 0.9977819323539734 -1 -1 -1 -1 -1 -1 -1 -1 -1
0.5337875485420227 0.36555689573287964 0.9974484443664551 -1 -1 -1 -1 -1 -1 -1 -1 -1
0.5333700776100159 0.3654007017612457 0.996034562587738 -1 -1 -1 -1 -1 -1 -1 -1 -1
0.5328708291053772 0.36513862013816833 0.9973205924034119 -1 -1 -1 -1 -1 -1 -1 -1 -1
0.5331171154975891 0.36488574743270874 0.9979524612426758 -1 -1 -1 -1 -1 -1 -1 -1 -1
0.5322554707527161 0.36433184146881104 0.9975749850273132 -1 -1 -1 -1 -1 -1 -1 -1 -1
0.5313209295272827 0.3636781573295593 0.9980543851852417 -1 -1 -1 -1 -1 -1 -1 -1 -1
0.525368332862854 0.36911895871162415 0.9960390329360962 -1 -1 -1 -1 -1 -1 -1 -1 -1
0.5241850018501282 0.36848363280296326 0.9976999163627625 -1 -1 -1 -1 -1 -1 -1 -1 -1
0.5337188243865967 0.3822646141052246 0.9967080354690552 -1 -1 -1 -1 -1 -1 -1 -1 -1
0.5327461361885071 0.38145381212234497 0.996816098690033 -1 -1 -1 -1 -1 -1 -1 -1 -1
0.5185436606407166 0.4013397693634033 0.9849094748497009 -1 -1 -1 -1 -1 -1 -1 -1 -1
0.5158023238182068 0.40217381715774536 0.9974958300590515 -1 -1 -1 -1 -1 -1 -1 -1 -1
0.5267489552497864 0.3450654447078705 0.13157279789447784 -1 -1 -1 -1 -1 -1 -1 -1 -1
0.5243675112724304 0.344959557056427 0.9876718521118164 -1 -1 -1 -1 -1 -1 -1 -1 -1
0.5341169834136963 0.2882748246192932 0.3980420231819153 -1 -1 -1 -1 -1 -1 -1 -1 -1
0.527288556098938 0.2868250906467438 0.9847766160964966 -1 -1 -1 -1 -1 -1 -1 -1 -1
0.5364247560501099 0.2772662043571472 0.45180270075798035 -1 -1 -1 -1 -1 -1 -1 -1 -1
0.5290468335151672 0.27485132217407227 0.9786206483840942 -1 -1 -1 -1 -1 -1 -1 -1 -1
0.5360613465309143 0.2761974334716797 0.45894932746887207 -1 -1 -1 -1 -1 -1 -1 -1 -1
0.5292044878005981 0.2738853394985199 0.9736590385437012 -1 -1 -1 -1 -1 -1 -1 -1 -1
0.5351849794387817 0.2796231508255005 0.47844964265823364 -1 -1 -1 -1 -1 -1 -1 -1 -1
0.5286753177642822 0.27798885107040405 0.9593257308006287 -1 -1 -1 -1 -1 -1 -1 -1 -1
0.517518937587738 0.5364626049995422 0.9973804354667664 -1 -1 -1 -1 -1 -1 -1 -1 -1
0.5166375041007996 0.5394148230552673 0.9978368878364563 -1 -1 -1 -1 -1 -1 -1 -1 -1
0.5132307410240173 0.6250934600830078 0.26965364813804626 -1 -1 -1 -1 -1 -1 -1 -1 -1
0.5097075700759888 0.6285988092422485 0.9593315720558167 -1 -1 -1 -1 -1 -1 -1 -1 -1
0.5051813125610352 0.7136369347572327 0.43327054381370544 -1 -1 -1 -1 -1 -1 -1 -1 -1
0.502024233341217 0.7198739647865295 0.9667212963104248 -1 -1 -1 -1 -1 -1 -1 -1 -1
0.4991665780544281 0.7298936247825623 0.591898500919342 -1 -1 -1 -1 -1 -1 -1 -1 -1
0.495311975479126 0.7360706925392151 0.963176429271698 -1 -1 -1 -1 -1 -1 -1 -1 -1
0.5257059931755066 0.7364194393157959 0.5605228543281555 -1 -1 -1 -1 -1 -1 -1 -1 -1
0.5222841501235962 0.7460788488388062 0.9343703389167786 -1 -1 -1 -1 -1 -1 -1 -1 -1
1 
33 
-1 -1 -1 -1 -1 -1 -1 -1 -1 -1
0.5346453189849854 0.3689393401145935 0.9990413784980774 -1 -1 -1 -1 -1 -1 -1 -1 -1
0.5327596664428711 0.36082714796066284 0.9988598823547363 -1 -1 -1 -1 -1 -1 -1 -1 -1
0.5322732925415039 0.36052000522613525 0.9982226490974426 -1 -1 -1 -1 -1 -1 -1 -1 -1
0.5316630005836487 0.36002060770988464 0.9988783001899719 -1 -1 -1 -1 -1 -1 -1 -1 -1
0.5321105122566223 0.3606283664703369 0.998984158039093 -1 -1 -1 -1 -1 -1 -1 -1 -1
0.5312424302101135 0.3602738082408905 0.9987407326698303 -1 -1 -1 -1 -1 -1 -1 -1 -1
0.5303125381469727 0.3597594201564789 0.9989812970161438 -1 -1 -1 -1 -1 -1 -1 -1 -1
0.5234118700027466 0.36463725566864014 0.9980006814002991 -1 -1 -1 -1 -1 -1 -1 -1 -1
0.5230169892311096 0.3644537627696991 0.9987106323242188 -1 -1 -1 -1 -1 -1 -1 -1 -1
0.5328636169433594 0.3773955702781677 0.9983329176902771 -1 -1 -1 -1 -1 -1 -1 -1 -1
0.5318166017532349 0.37752509117126465 0.9982764720916748 -1 -1 -1 -1 -1 -1 -1 -1 -1
0.5175352096557617 0.39516621828079224 0.9927083849906921 -1 -1 -1 -1 -1 -1 -1 -1 -1
0.5177536010742188 0.3944600224494934 0.9984555244445801 -1 -1 -1 -1 -1 -1 -1 -1 -1
0.5252540111541748 0.3378296196460724 0.13241012394428253 -1 -1 -1 -1 -1 -1 -1 -1 -1
0.5254213809967041 0.33744341135025024 0.9911555051803589 -1 -1 -1 -1 -1 -1 -1 -1 -1
0.5338758230209351 0.2839127779006958 0.40912362933158875 -1 -1 -1 -1 -1 -1 -1 -1 -1
0.5328286290168762 0.279998779296875 0.9879440069198608 -1 -1 -1 -1 -1 -1 -1 -1 -1
0.5361221432685852 0.2738604247570038 0.4584071934223175 -1 -1 -1 -1 -1 -1 -1 -1 -1
0.5359293818473816 0.2702609598636627 0.9817622900009155 -1 -1 -1 -1 -1 -1 -1 -1 -1
0.536098837852478 0.27190592885017395 0.4637206494808197 -1 -1 -1 -1 -1 -1 -1 -1 -1
0.5351162552833557 0.2686184346675873 0.9766359925270081 -1 -1 -1 -1 -1 -1 -1 -1 -1
0.5349316596984863 0.2758764624595642 0.4850478768348694 -1 -1 -1 -1 -1 -1 -1 -1 -1
0.5338110327720642 0.272477388381958 0.9627649784088135 -1 -1 -1 -1 -1 -1 -1 -1 -1
0.5148975849151611 0.5287611484527588 0.9980931878089905 -1 -1 -1 -1 -1 -1 -1 -1 -1
0.5167437791824341 0.5307034254074097 0.9981560111045837 -1 -1 -1 -1 -1 -1 -1 -1 -1
0.5137403011322021 0.6190240383148193 0.2336445152759552 -1 -1 -1 -1 -1 -1 -1 -1 -1
0.5116222500801086 0.6227452158927917 0.9642564654350281 -1 -1 -1 -1 -1 -1 -1 -1 -1
0.5051898956298828 0.7104665040969849 0.38866478204727173 -1 -1 -1 -1 -1 -1 -1 -1 -1
0.5021219849586487 0.7158539891242981 0.9679816365242004 -1 -1 -1 -1 -1 -1 -1 -1 -1
0.4984060227870941 0.7258002758026123 0.5334195494651794 -1 -1 -1 -1 -1 -1 -1 -1 -1
0.493871808052063 0.7312973737716675 0.961879312992096 -1 -1 -1 -1 -1 -1 -1 -1 -1
0.5242518186569214 0.7396833300590515 0.5560157299041748 -1 -1 -1 -1 -1 -1 -1 -1 -1
0.5227444767951965 0.7439826726913452 0.9437535405158997 -1 -1 -1 -1 -1 -1 -1 -1 -1
1 
33 
-1 -1 -1 -1 -1 -1 -1 -1 -1 -1
0.5313047766685486 0.318943589925766 0.9974950551986694 -1 -1 -1 -1 -1 -1 -1 -1 -1
0.5341477990150452 0.32088321447372437 0.9995896220207214 -1 -1 -1 -1 -1 -1 -1 -1 -1
0.534748911857605 0.3223186731338501 0.9992609620094299 -1 -1 -1 -1 -1 -1 -1 -1 -1
0.5353402495384216 0.32377055287361145 0.9995772242546082 -1 -1 -1 -1 -1 -1 -1 -1 -1
0.532459557056427 0.31770527362823486 0.9990043044090271 -1 -1 -1 -1 -1 -1 -1 -1 -1
0.5320402383804321 0.3170582950115204 0.99787437915802 -1 -1 -1 -1 -1 -1 -1 -1 -1
0.5316130518913269 0.3164334297180176 0.9993793964385986 -1 -1 -1 -1 -1 -1 -1 -1 -1
0.5358702540397644 0.33072325587272644 0.9996910095214844 -1 -1 -1 -1 -1 -1 -1 -1 -1
0.530823826789856 0.3208548426628113 0.9994874000549316 -1 -1 -1 -1 -1 -1 -1 -1 -1
0.5303640961647034 0.3250245451927185 0.9982767105102539 -1 -1 -1 -1 -1 -1 -1 -1 -1
0.5288403630256653 0.32157671451568604 0.9986760020256042 -1 -1 -1 -1 -1 -1 -1 -1 -1
0.5313330292701721 0.3444066643714905 0.998415470123291 -1 -1 -1 -1 -1 -1 -1 -1 -1
0.5213794112205505 0.3322522044181824 0.9989456534385681 -1 -1 -1 -1 -1 -1 -1 -1 -1
0.5352517366409302 0.3065762519836426 0.975158154964447 -1 -1 -1 -1 -1 -1 -1 -1 -1
0.5211190581321716 0.2985426187515259 0.3683738708496094 -1 -1 -1 -1 -1 -1 -1 -1 -1
0.5449028611183167 0.2738129496574402 0.9334394931793213 -1 -1 -1 -1 -1 -1 -1 -1 -1
0.5249500870704651 0.2655838429927826 0.8135554790496826 -1 -1 -1 -1 -1 -1 -1 -1 -1
0.5462393760681152 0.269888699054718 0.8862168788909912 -1 -1 -1 -1 -1 -1 -1 -1 -1
0.5264440774917603 0.2603333592414856 0.789605438709259 -1 -1 -1 -1 -1 -1 -1 -1 -1
0.5468077659606934 0.26676803827285767 0.8727509379386902 -1 -1 -1 -1 -1 -1 -1 -1 -1
0.5288419127464294 0.26196712255477905 0.7651358246803284 -1 -1 -1 -1 -1 -1 -1 -1 -1
0.5455190539360046 0.26892194151878357 0.8047115206718445 -1 -1 -1 -1 -1 -1 -1 -1 -1
0.5287021994590759 0.2631024122238159 0.74854576587677 -1 -1 -1 -1 -1 -1 -1 -1 -1
0.5184617638587952 0.4010026752948761 0.9997988343238831 -1 -1 -1 -1 -1 -1 -1 -1 -1
0.5122358798980713 0.40502092242240906 0.9999579191207886 -1 -1 -1 -1 -1 -1 -1 -1 -1
0.5172422528266907 0.44130587577819824 0.8819532990455627 -1 -1 -1 -1 -1 -1 -1 -1 -1
0.5109517574310303 0.4806458055973053 0.9045782089233398 -1 -1 -1 -1 -1 -1 -1 -1 -1
0.5189248323440552 0.4551389813423157 0.7221975922584534 -1 -1 -1 -1 -1 -1 -1 -1 -1
0.5124869346618652 0.5307965874671936 0.5140061974525452 -1 -1 -1 -1 -1 -1 -1 -1 -1
0.5172619819641113 0.4593360722064972 0.8305412530899048 -1 -1 -1 -1 -1 -1 -1 -1 -1
0.5128889083862305 0.5432347059249878 0.9133773446083069 -1 -1 -1 -1 -1 -1 -1 -1 -1
0.5257037281990051 0.45184725522994995 0.8439425826072693 -1 -1 -1 -1 -1 -1 -1 -1 -1
0.507396399974823 0.5277162194252014 0.7032550573348999 -1 -1 -1 -1 -1 -1 -1 -1 -1
1 
33 
-1 -1 -1 -1 -1 -1 -1 -1 -1 -1
0.5089825391769409 0.5758858323097229 0.9989981055259705 -1 -1 -1 -1 -1 -1 -1 -1 -1
0.5113943219184875 0.5942169427871704 0.9989497065544128 -1 -1 -1 -1 -1 -1 -1 -1 -1
0.511326253414154 0.5943808555603027 0.9980216026306152 -1 -1 -1 -1 -1 -1 -1 -1 -1
0.5111517310142517 0.5943114757537842 0.9986540079116821 -1 -1 -1 -1 -1 -1 -1 -1 -1
0.5137092471122742 0.5934648513793945 0.9993785619735718 -1 -1 -1 -1 -1 -1 -1 -1 -1
0.5144527554512024 0.5932086706161499 0.999291181564331 -1 -1 -1 -1 -1 -1 -1 -1 -1
0.5166988372802734 0.5922111868858337 0.9995602965354919 -1 -1 -1 -1 -1 -1 -1 -1 -1
0.5139349102973938 0.589591920375824 0.9969410300254822 -1 -1 -1 -1 -1 -1 -1 -1 -1
0.5200603008270264 0.5866600275039673 0.9996428489685059 -1 -1 -1 -1 -1 -1 -1 -1 -1
0.5101951956748962 0.5814923048019409 0.9979348182678223 -1 -1 -1 -1 -1 -1 -1 -1 -1
0.5122725963592529 0.5811470746994019 0.998544454574585 -1 -1 -1 -1 -1 -1 -1 -1 -1
0.5123490691184998 0.5375909805297852 0.9955718517303467 -1 -1 -1 -1 -1 -1 -1 -1 -1
0.5214640498161316 0.5353281497955322 0.9993109703063965 -1 -1 -1 -1 -1 -1 -1 -1 -1
0.5132972002029419 0.518245279788971 0.024644307792186737 -1 -1 -1 -1 -1 -1 -1 -1 -1
0.5261036157608032 0.49650874733924866 0.8081745505332947 -1 -1 -1 -1 -1 -1 -1 -1 -1
0.5133766531944275 0.5043460130691528 0.020486194640398026 -1 -1 -1 -1 -1 -1 -1 -1 -1
0.5236677527427673 0.47060438990592957 0.44087880849838257 -1 -1 -1 -1 -1 -1 -1 -1 -1
0.5129854679107666 0.49701589345932007 0.024557463824748993 -1 -1 -1 -1 -1 -1 -1 -1 -1
0.5242034792900085 0.4604847729206085 0.411149799823761 -1 -1 -1 -1 -1 -1 -1 -1 -1
0.5133092999458313 0.4993785619735718 0.025456944480538368 -1 -1 -1 -1 -1 -1 -1 -1 -1
0.5218219757080078 0.46308451890945435 0.4113965332508087 -1 -1 -1 -1 -1 -1 -1 -1 -1
0.5131464004516602 0.5016416311264038 0.02924327924847603 -1 -1 -1 -1 -1 -1 -1 -1 -1
0.5220063924789429 0.4663293659687042 0.3720669448375702 -1 -1 -1 -1 -1 -1 -1 -1 -1
0.5087623596191406 0.4371427893638611 0.9972888231277466 -1 -1 -1 -1 -1 -1 -1 -1 -1
0.5183286070823669 0.43700364232063293 0.9961304664611816 -1 -1 -1 -1 -1 -1 -1 -1 -1
0.5110593438148499 0.36070555448532104 0.4516957402229309 -1 -1 -1 -1 -1 -1 -1 -1 -1
0.5208168029785156 0.3613043427467346 0.9129067659378052 -1 -1 -1 -1 -1 -1 -1 -1 -1
0.526868462562561 0.29184603691101074 0.7370784878730774 -1 -1 -1 -1 -1 -1 -1 -1 -1
0.5385916233062744 0.2900519371032715 0.9411749839782715 -1 -1 -1 -1 -1 -1 -1 -1 -1
0.5325087904930115 0.2828061580657959 0.7269994616508484 -1 -1 -1 -1 -1 -1 -1 -1 -1
0.5438133478164673 0.2834104299545288 0.8953278660774231 -1 -1 -1 -1 -1 -1 -1 -1 -1
0.5176080465316772 0.26952430605888367 0.8063513040542603 -1 -1 -1 -1 -1 -1 -1 -1 -1
0.5319651961326599 0.2583025097846985 0.9529026746749878 -1 -1 -1 -1 -1 -1 -1 -1 -1
1 
33 
-1 -1 -1 -1 -1 -1 -1 -1 -1 -1
0.5349835753440857 0.33079391717910767 0.9966850876808167 -1 -1 -1 -1 -1 -1 -1 -1 -1
0.5344159603118896 0.32865333557128906 0.998791515827179 -1 -1 -1 -1 -1 -1 -1 -1 -1
0.5346910357475281 0.32903802394866943 0.9980327486991882 -1 -1 -1 -1 -1 -1 -1 -1 -1
0.5357747077941895 0.3305661082267761 0.9982585310935974 -1 -1 -1 -1 -1 -1 -1 -1 -1
0.5343523025512695 0.3267068564891815 0.9981105327606201 -1 -1 -1 -1 -1 -1 -1 -1 -1
0.5339191555976868 0.3258224129676819 0.9982078075408936 -1 -1 -1 -1 -1 -1 -1 -1 -1
0.5334840416908264 0.32494765520095825 0.9980819225311279 -1 -1 -1 -1 -1 -1 -1 -1 -1
0.5354784727096558 0.33215829730033875 0.9989689588546753 -1 -1 -1 -1 -1 -1 -1 -1 -1
0.5312773585319519 0.3246321976184845 0.9985588192939758 -1 -1 -1 -1 -1 -1 -1 -1 -1
0.5342461466789246 0.3350994884967804 0.9972068667411804 -1 -1 -1 -1 -1 -1 -1 -1 -1
0.5331166982650757 0.33274903893470764 0.9964480400085449 -1 -1 -1 -1 -1 -1 -1 -1 -1
0.5325688123703003 0.35768362879753113 0.9999821186065674 -1 -1 -1 -1 -1 -1 -1 -1 -1
0.5267759561538696 0.3266245424747467 0.9999723434448242 -1 -1 -1 -1 -1 -1 -1 -1 -1
0.5286749005317688 0.3800843060016632 0.021189844235777855 -1 -1 -1 -1 -1 -1 -1 -1 -1
0.519098699092865 0.32020407915115356 0.3463614881038666 -1 -1 -1 -1 -1 -1 -1 -1 -1
0.5257765054702759 0.3909450173377991 0.036708343774080276 -1 -1 -1 -1 -1 -1 -1 -1 -1
0.5261834263801575 0.31015080213546753 0.47710973024368286 -1 -1 -1 -1 -1 -1 -1 -1 -1
0.5243798494338989 0.3933998942375183 0.061000674962997437 -1 -1 -1 -1 -1 -1 -1 -1 -1
0.5278887152671814 0.30696022510528564 0.5953765511512756 -1 -1 -1 -1 -1 -1 -1 -1 -1
0.5253320932388306 0.39233991503715515 0.05691079422831535 -1 -1 -1 -1 -1 -1 -1 -1 -1
0.5285829305648804 0.30693331360816956 0.5261422395706177 -1 -1 -1 -1 -1 -1 -1 -1 -1
0.5254926681518555 0.3908899128437042 0.06504298001527786 -1 -1 -1 -1 -1 -1 -1 -1 -1
0.5284304022789001 0.3088287115097046 0.4864293932914734 -1 -1 -1 -1 -1 -1 -1 -1 -1
0.5129766464233398 0.387231707572937 0.9999998807907104 -1 -1 -1 -1 -1 -1 -1 -1 -1
0.5109890699386597 0.3601985275745392 0.9999934434890747 -1 -1 -1 -1 -1 -1 -1 -1 -1
0.5185084342956543 0.4365956783294678 0.9898251891136169 -1 -1 -1 -1 -1 -1 -1 -1 -1
0.5188049674034119 0.327736496925354 0.9110546112060547 -1 -1 -1 -1 -1 -1 -1 -1 -1
0.515870988368988 0.4754602909088135 0.9660544395446777 -1 -1 -1 -1 -1 -1 -1 -1 -1
0.5236456990242004 0.28681454062461853 0.9386401176452637 -1 -1 -1 -1 -1 -1 -1 -1 -1
0.5137848854064941 0.47769033908843994 0.9775044322013855 -1 -1 -1 -1 -1 -1 -1 -1 -1
0.5218847393989563 0.2839897572994232 0.9749746918678284 -1 -1 -1 -1 -1 -1 -1 -1 -1
0.518995463848114 0.49231645464897156 0.9770241379737854 -1 -1 -1 -1 -1 -1 -1 -1 -1
0.5294841527938843 0.2678874433040619 0.9808169007301331 -1 -1 -1 -1 -1 -1 -1 -1 -1
1 
33 
-1 -1 -1 -1 -1 -1 -1 -1 -1 -1
0.5243557095527649 0.4323718249797821 0.7375573515892029 -1 -1 -1 -1 -1 -1 -1 -1 -1
0.5223729610443115 0.4354105293750763 0.7200461030006409 -1 -1 -1 -1 -1 -1 -1 -1 -1
0.521972119808197 0.4350481331348419 0.6414200663566589 -1 -1 -1 -1 -1 -1 -1 -1 -1
0.521571934223175 0.43465709686279297 0.7593541145324707 -1 -1 -1 -1 -1 -1 -1 -1 -1
0.5226673483848572 0.43669307231903076 0.7503989934921265 -1 -1 -1 -1 -1 -1 -1 -1 -1
0.5226579904556274 0.4371943175792694 0.6493366956710815 -1 -1 -1 -1 -1 -1 -1 -1 -1
0.522640585899353 0.4376923739910126 0.7702888250350952 -1 -1 -1 -1 -1 -1 -1 -1 -1
0.5192021727561951 0.4343099296092987 0.6966722011566162 -1 -1 -1 -1 -1 -1 -1 -1 -1
0.5205533504486084 0.43873608112335205 0.6604548692703247 -1 -1 -1 -1 -1 -1 -1 -1 -1
0.5240298509597778 0.42847681045532227 0.824012279510498 -1 -1 -1 -1 -1 -1 -1 -1 -1
0.5244709253311157 0.4300007224082947 0.8283328413963318 -1 -1 -1 -1 -1 -1 -1 -1 -1
0.5175237059593201 0.4208536446094513 0.9993904829025269 -1 -1 -1 -1 -1 -1 -1 -1 -1
0.5208154916763306 0.43355756998062134 0.9972712397575378 -1 -1 -1 -1 -1 -1 -1 -1 -1
0.5212401151657104 0.3756396770477295 0.45266222953796387 -1 -1 -1 -1 -1 -1 -1 -1 -1
0.5205571055412292 0.4070456326007843 0.024821843951940536 -1 -1 -1 -1 -1 -1 -1 -1 -1
0.5242025852203369 0.3276035785675049 0.35247886180877686 -1 -1 -1 -1 -1 -1 -1 -1 -1
0.5256955027580261 0.37278908491134644 0.07498352229595184 -1 -1 -1 -1 -1 -1 -1 -1 -1
0.5227827429771423 0.31497958302497864 0.35319983959198 -1 -1 -1 -1 -1 -1 -1 -1 -1
0.5269505977630615 0.363677054643631 0.08324205875396729 -1 -1 -1 -1 -1 -1 -1 -1 -1
0.5254009962081909 0.31449300050735474 0.3364001214504242 -1 -1 -1 -1 -1 -1 -1 -1 -1
0.5277082920074463 0.36140042543411255 0.08519149571657181 -1 -1 -1 -1 -1 -1 -1 -1 -1
0.526089072227478 0.31902799010276794 0.2588405907154083 -1 -1 -1 -1 -1 -1 -1 -1 -1
0.5268858671188354 0.3646085560321808 0.09060883522033691 -1 -1 -1 -1 -1 -1 -1 -1 -1
0.5080336332321167 0.3662053942680359 0.9998456239700317 -1 -1 -1 -1 -1 -1 -1 -1 -1
0.5123062133789062 0.3663189113140106 0.9995383024215698 -1 -1 -1 -1 -1 -1 -1 -1 -1
0.5230821371078491 0.32154127955436707 0.9146789908409119 -1 -1 -1 -1 -1 -1 -1 -1 -1
0.5296226739883423 0.32124048471450806 0.5164629220962524 -1 -1 -1 -1 -1 -1 -1 -1 -1
0.5333425402641296 0.25365057587623596 0.9490616917610168 -1 -1 -1 -1 -1 -1 -1 -1 -1
0.5274949073791504 0.2584581971168518 0.6205605268478394 -1 -1 -1 -1 -1 -1 -1 -1 -1
0.5321961641311646 0.2414119839668274 0.8917788863182068 -1 -1 -1 -1 -1 -1 -1 -1 -1
0.5232959985733032 0.24781475961208344 0.6845316290855408 -1 -1 -1 -1 -1 -1 -1 -1 -1
0.549050509929657 0.23897868394851685 0.9350211024284363 -1 -1 -1 -1 -1 -1 -1 -1 -1
0.541345477104187 0.2387939840555191 0.7022389769554138 -1 -1 -1 -1 -1 -1 -1 -1 -1
1 
33 
-1 -1 -1 -1 -1 -1 -1 -1 -1 -1
0.5246642231941223 0.4855607748031616 0.909015417098999 -1 -1 -1 -1 -1 -1 -1 -1 -1
0.5216543674468994 0.48827064037323 0.9072341322898865 -1 -1 -1 -1 -1 -1 -1 -1 -1
0.521039605140686 0.4880698323249817 0.9057705998420715 -1 -1 -1 -1 -1 -1 -1 -1 -1
0.520415186882019 0.4878261089324951 0.9249317049980164 -1 -1 -1 -1 -1 -1 -1 -1 -1
0.5225690603256226 0.4881410598754883 0.9186636209487915 -1 -1 -1 -1 -1 -1 -1 -1 -1
0.5225979089736938 0.4879007041454315 0.9178061485290527 -1 -1 -1 -1 -1 -1 -1 -1 -1
0.5226073265075684 0.48766905069351196 0.9432924389839172 -1 -1 -1 -1 -1 -1 -1 -1 -1
0.5178326964378357 0.4833141565322876 0.9087045788764954 -1 -1 -1 -1 -1 -1 -1 -1 -1
0.5209998488426208 0.4828343987464905 0.9418767690658569 -1 -1 -1 -1 -1 -1 -1 -1 -1
0.5246841311454773 0.4793567657470703 0.8864763975143433 -1 -1 -1 -1 -1 -1 -1 -1 -1
0.5257035493850708 0.4795406758785248 0.9078424572944641 -1 -1 -1 -1 -1 -1 -1 -1 -1
0.5145698189735413 0.46750158071517944 0.9989556074142456 -1 -1 -1 -1 -1 -1 -1 -1 -1
0.5268558859825134 0.458291620016098 0.9976630210876465 -1 -1 -1 -1 -1 -1 -1 -1 -1
0.5114434361457825 0.4769829511642456 0.8596781492233276 -1 -1 -1 -1 -1 -1 -1 -1 -1
0.5262293219566345 0.4506904184818268 0.0894780308008194 -1 -1 -1 -1 -1 -1 -1 -1 -1
0.5205355882644653 0.49685704708099365 0.7840755581855774 -1 -1 -1 -1 -1 -1 -1 -1 -1
0.5262974500656128 0.4561922252178192 0.19550979137420654 -1 -1 -1 -1 -1 -1 -1 -1 -1
0.5212293863296509 0.5031095147132874 0.7730257511138916 -1 -1 -1 -1 -1 -1 -1 -1 -1
0.5259944200515747 0.45573002099990845 0.21550217270851135 -1 -1 -1 -1 -1 -1 -1 -1 -1
0.5227936506271362 0.5023446679115295 0.7338542938232422 -1 -1 -1 -1 -1 -1 -1 -1 -1
0.5248750448226929 0.4577002227306366 0.21464209258556366 -1 -1 -1 -1 -1 -1 -1 -1 -1
0.5234419703483582 0.49881941080093384 0.6260851621627808 -1 -1 -1 -1 -1 -1 -1 -1 -1
0.5253563523292542 0.4579218029975891 0.20668721199035645 -1 -1 -1 -1 -1 -1 -1 -1 -1
0.5059160590171814 0.38385143876075745 0.9999434947967529 -1 -1 -1 -1 -1 -1 -1 -1 -1
0.5150905251502991 0.37946557998657227 0.999826967716217 -1 -1 -1 -1 -1 -1 -1 -1 -1
0.5145630836486816 0.32656678557395935 0.9698383212089539 -1 -1 -1 -1 -1 -1 -1 -1 -1
0.5270698666572571 0.32494688034057617 0.7364765405654907 -1 -1 -1 -1 -1 -1 -1 -1 -1
0.527628481388092 0.2580115497112274 0.9551236033439636 -1 -1 -1 -1 -1 -1 -1 -1 -1
0.5303696393966675 0.26030245423316956 0.739262044429779 -1 -1 -1 -1 -1 -1 -1 -1 -1
0.5277378559112549 0.24730068445205688 0.9471604228019714 -1 -1 -1 -1 -1 -1 -1 -1 -1
0.5274284482002258 0.24951307475566864 0.7168574929237366 -1 -1 -1 -1 -1 -1 -1 -1 -1
0.5384549498558044 0.2391670048236847 0.969144344329834 -1 -1 -1 -1 -1 -1 -1 -1 -1
0.5399596095085144 0.2423127293586731 0.8539254069328308 -1 -1 -1 -1 -1 -1 -1 -1 -1
1 
33 
-1 -1 -1 -1 -1 -1 -1 -1 -1 -1
0.5328369140625 0.3676208257675171 0.9994589686393738 -1 -1 -1 -1 -1 -1 -1 -1 -1
0.532981276512146 0.3701537549495697 0.9987674951553345 -1 -1 -1 -1 -1 -1 -1 -1 -1
0.5327087640762329 0.3708759844303131 0.9983850717544556 -1 -1 -1 -1 -1 -1 -1 -1 -1
0.5324220657348633 0.3715769052505493 0.9984604120254517 -1 -1 -1 -1 -1 -1 -1 -1 -1
0.5336201190948486 0.36826518177986145 0.9992005228996277 -1 -1 -1 -1 -1 -1 -1 -1 -1
0.5338506102561951 0.3676096498966217 0.9987730383872986 -1 -1 -1 -1 -1 -1 -1 -1 -1
0.5340815186500549 0.3669651448726654 0.9990978240966797 -1 -1 -1 -1 -1 -1 -1 -1 -1
0.5313180088996887 0.3720782399177551 0.9991487264633179 -1 -1 -1 -1 -1 -1 -1 -1 -1
0.5337460041046143 0.36581721901893616 0.9996709823608398 -1 -1 -1 -1 -1 -1 -1 -1 -1
0.5315631628036499 0.36729082465171814 0.9993131160736084 -1 -1 -1 -1 -1 -1 -1 -1 -1
0.5324023962020874 0.3650452792644501 0.9996469020843506 -1 -1 -1 -1 -1 -1 -1 -1 -1
0.5272867679595947 0.3731372654438019 0.9999887943267822 -1 -1 -1 -1 -1 -1 -1 -1 -1
0.530792772769928 0.35667407512664795 0.9999915361404419 -1 -1 -1 -1 -1 -1 -1 -1 -1
0.5218068361282349 0.3700091540813446 0.47639212012290955 -1 -1 -1 -1 -1 -1 -1 -1 -1
0.5291868448257446 0.34053102135658264 0.25829368829727173 -1 -1 -1 -1 -1 -1 -1 -1 -1
0.5255414843559265 0.3625405728816986 0.48052820563316345 -1 -1 -1 -1 -1 -1 -1 -1 -1
0.5275605916976929 0.326477974653244 0.27292636036872864 -1 -1 -1 -1 -1 -1 -1 -1 -1
0.5260503888130188 0.36094582080841064 0.4477761387825012 -1 -1 -1 -1 -1 -1 -1 -1 -1
0.5267574787139893 0.3224768042564392 0.2707195281982422 -1 -1 -1 -1 -1 -1 -1 -1 -1
0.5272343754768372 0.3602473735809326 0.3915782868862152 -1 -1 -1 -1 -1 -1 -1 -1 -1
0.5268088579177856 0.3227927088737488 0.25058117508888245 -1 -1 -1 -1 -1 -1 -1 -1 -1
0.5269320607185364 0.359948068857193 0.35406652092933655 -1 -1 -1 -1 -1 -1 -1 -1 -1
0.5268102884292603 0.3243248164653778 0.27654051780700684 -1 -1 -1 -1 -1 -1 -1 -1 -1
0.5196212530136108 0.34845268726348877 0.9999667406082153 -1 -1 -1 -1 -1 -1 -1 -1 -1
0.520566999912262 0.3365114629268646 0.9999958276748657 -1 -1 -1 -1 -1 -1 -1 -1 -1
0.5115435719490051 0.3614489436149597 0.8249403238296509 -1 -1 -1 -1 -1 -1 -1 -1 -1
0.5165317058563232 0.31214433908462524 0.9542824029922485 -1 -1 -1 -1 -1 -1 -1 -1 -1
0.5118638873100281 0.3676808178424835 0.42856040596961975 -1 -1 -1 -1 -1 -1 -1 -1 -1
0.5201029181480408 0.28449147939682007 0.9460817575454712 -1 -1 -1 -1 -1 -1 -1 -1 -1
0.5117037892341614 0.3661464750766754 0.5442948341369629 -1 -1 -1 -1 -1 -1 -1 -1 -1
0.5188196301460266 0.2806951701641083 0.9495563507080078 -1 -1 -1 -1 -1 -1 -1 -1 -1
0.5112653970718384 0.3733406662940979 0.40255826711654663 -1 -1 -1 -1 -1 -1 -1 -1 -1
0.5257967114448547 0.2733501195907593 0.9176247715950012 -1 -1 -1 -1 -1 -1 -1 -1 -1
1 
33 
-1 -1 -1 -1 -1 -1 -1 -1 -1 -1
0.5354796648025513 0.37300166487693787 0.9927051663398743 -1 -1 -1 -1 -1 -1 -1 -1 -1
0.5340312719345093 0.363988995552063 0.9873595833778381 -1 -1 -1 -1 -1 -1 -1 -1 -1
0.5335522890090942 0.36348438262939453 0.9817485213279724 -1 -1 -1 -1 -1 -1 -1 -1 -1
0.5328673720359802 0.36293309926986694 0.9873868823051453 -1 -1 -1 -1 -1 -1 -1 -1 -1
0.533552885055542 0.36357516050338745 0.991569459438324 -1 -1 -1 -1 -1 -1 -1 -1 -1
0.5327012538909912 0.3627970516681671 0.9917898178100586 -1 -1 -1 -1 -1 -1 -1 -1 -1
0.5315506458282471 0.36191004514694214 0.9927122592926025 -1 -1 -1 -1 -1 -1 -1 -1 -1
0.5251272320747375 0.36113011837005615 0.9837301969528198 -1 -1 -1 -1 -1 -1 -1 -1 -1
0.5238533616065979 0.35962975025177 0.9919885993003845 -1 -1 -1 -1 -1 -1 -1 -1 -1
0.5330016016960144 0.37830832600593567 0.977687656879425 -1 -1 -1 -1 -1 -1 -1 -1 -1
0.5322555899620056 0.3772888779640198 0.97917240858078 -1 -1 -1 -1 -1 -1 -1 -1 -1
0.5163257718086243 0.3887949287891388 0.9857063889503479 -1 -1 -1 -1 -1 -1 -1 -1 -1
0.5141081213951111 0.38610631227493286 0.9983839988708496 -1 -1 -1 -1 -1 -1 -1 -1 -1
0.523456335067749 0.3452550768852234 0.09565602242946625 -1 -1 -1 -1 -1 -1 -1 -1 -1
0.520494818687439 0.3375418782234192 0.9788926839828491 -1 -1 -1 -1 -1 -1 -1 -1 -1
0.5181816816329956 0.30241847038269043 0.19320225715637207 -1 -1 -1 -1 -1 -1 -1 -1 -1
0.5135901570320129 0.29393863677978516 0.9686501622200012 -1 -1 -1 -1 -1 -1 -1 -1 -1
0.515652596950531 0.2923864424228668 0.2387484908103943 -1 -1 -1 -1 -1 -1 -1 -1 -1
0.5131605863571167 0.28398269414901733 0.9585244059562683 -1 -1 -1 -1 -1 -1 -1 -1 -1
0.514319658279419 0.2918642461299896 0.24441875517368317 -1 -1 -1 -1 -1 -1 -1 -1 -1
0.5130772590637207 0.2834673523902893 0.95340496301651 -1 -1 -1 -1 -1 -1 -1 -1 -1
0.515557587146759 0.29549217224121094 0.2762288749217987 -1 -1 -1 -1 -1 -1 -1 -1 -1
0.5131925344467163 0.2862215042114258 0.9316214919090271 -1 -1 -1 -1 -1 -1 -1 -1 -1
0.5225383043289185 0.5202389359474182 0.9966374635696411 -1 -1 -1 -1 -1 -1 -1 -1 -1
0.5215149521827698 0.521798312664032 0.9971422553062439 -1 -1 -1 -1 -1 -1 -1 -1 -1
0.5277385711669922 0.6048367619514465 0.20214639604091644 -1 -1 -1 -1 -1 -1 -1 -1 -1
0.5261329412460327 0.6095060706138611 0.8945258855819702 -1 -1 -1 -1 -1 -1 -1 -1 -1
0.5144324898719788 0.6920233368873596 0.3250460922718048 -1 -1 -1 -1 -1 -1 -1 -1 -1
0.5120301842689514 0.7037518620491028 0.9271342754364014 -1 -1 -1 -1 -1 -1 -1 -1 -1
0.5064516663551331 0.7047168016433716 0.4378579556941986 -1 -1 -1 -1 -1 -1 -1 -1 -1
0.5026435256004333 0.7184796333312988 0.9204036593437195 -1 -1 -1 -1 -1 -1 -1 -1 -1
0.5322430729866028 0.7188057899475098 0.45340052247047424 -1 -1 -1 -1 -1 -1 -1 -1 -1
0.5319701433181763 0.7246944308280945 0.8949194550514221 -1 -1 -1 -1 -1 -1 -1 -1 -1
1 
33 
-1 -1 -1 -1 -1 -1 -1 -1 -1 -1
0.5375706553459167 0.3767786920070648 0.9581093788146973 -1 -1 -1 -1 -1 -1 -1 -1 -1
0.5361583828926086 0.36894792318344116 0.9446329474449158 -1 -1 -1 -1 -1 -1 -1 -1 -1
0.5356413125991821 0.3685106635093689 0.9272701740264893 -1 -1 -1 -1 -1 -1 -1 -1 -1
0.5350576639175415 0.36790019273757935 0.9472483396530151 -1 -1 -1 -1 -1 -1 -1 -1 -1
0.5356168746948242 0.3687656819820404 0.9585011005401611 -1 -1 -1 -1 -1 -1 -1 -1 -1
0.5345997214317322 0.36824411153793335 0.9522837996482849 -1 -1 -1 -1 -1 -1 -1 -1 -1
0.5334426164627075 0.36761847138404846 0.959581732749939 -1 -1 -1 -1 -1 -1 -1 -1 -1
0.5275685787200928 0.36758607625961304 0.9333677291870117 -1 -1 -1 -1 -1 -1 -1 -1 -1
0.5259031653404236 0.3688638210296631 0.9467737674713135 -1 -1 -1 -1 -1 -1 -1 -1 -1
0.5349358916282654 0.3835752010345459 0.9191502332687378 -1 -1 -1 -1 -1 -1 -1 -1 -1
0.5339195728302002 0.38338208198547363 0.936427652835846 -1 -1 -1 -1 -1 -1 -1 -1 -1
0.5157871842384338 0.39183175563812256 0.9790500998497009 -1 -1 -1 -1 -1 -1 -1 -1 -1
0.5170365571975708 0.39117082953453064 0.994115948677063 -1 -1 -1 -1 -1 -1 -1 -1 -1
0.5093784928321838 0.33625346422195435 0.14410872757434845 -1 -1 -1 -1 -1 -1 -1 -1 -1
0.5062283277511597 0.34990647435188293 0.9184278845787048 -1 -1 -1 -1 -1 -1 -1 -1 -1
0.5073097944259644 0.33475619554519653 0.11424616724252701 -1 -1 -1 -1 -1 -1 -1 -1 -1
0.5024939775466919 0.35445311665534973 0.8124043941497803 -1 -1 -1 -1 -1 -1 -1 -1 -1
0.5056590437889099 0.3309837281703949 0.11358917504549026 -1 -1 -1 -1 -1 -1 -1 -1 -1
0.5003562569618225 0.3560721278190613 0.7821001410484314 -1 -1 -1 -1 -1 -1 -1 -1 -1
0.507071316242218 0.33757317066192627 0.12185506522655487 -1 -1 -1 -1 -1 -1 -1 -1 -1
0.5021962523460388 0.3615768253803253 0.7768938541412354 -1 -1 -1 -1 -1 -1 -1 -1 -1
0.5083603262901306 0.3409953713417053 0.13927625119686127 -1 -1 -1 -1 -1 -1 -1 -1 -1
0.5027071833610535 0.3622324466705322 0.7236645817756653 -1 -1 -1 -1 -1 -1 -1 -1 -1
0.5210151672363281 0.533362865447998 0.9942243695259094 -1 -1 -1 -1 -1 -1 -1 -1 -1
0.5215173959732056 0.5394139289855957 0.9957734942436218 -1 -1 -1 -1 -1 -1 -1 -1 -1
0.5289995670318604 0.6172739267349243 0.20786260068416595 -1 -1 -1 -1 -1 -1 -1 -1 -1
0.5274529457092285 0.6246451139450073 0.9206118583679199 -1 -1 -1 -1 -1 -1 -1 -1 -1
0.5129812955856323 0.696014940738678 0.3669305443763733 -1 -1 -1 -1 -1 -1 -1 -1 -1
0.5080655813217163 0.7057081460952759 0.9416961073875427 -1 -1 -1 -1 -1 -1 -1 -1 -1
0.5029125213623047 0.7141447067260742 0.4671606719493866 -1 -1 -1 -1 -1 -1 -1 -1 -1
0.49756842851638794 0.7203555703163147 0.9315220713615417 -1 -1 -1 -1 -1 -1 -1 -1 -1
0.5303099751472473 0.7269915342330933 0.46615830063819885 -1 -1 -1 -1 -1 -1 -1 -1 -1
0.5254752039909363 0.7330816984176636 0.9208395481109619 -1 -1 -1 -1 -1 -1 -1 -1 -1
1 
33 
-1 -1 -1 -1 -1 -1 -1 -1 -1 -1
0.536028265953064 0.3922373056411743 0.9863481521606445 -1 -1 -1 -1 -1 -1 -1 -1 -1
0.5334089398384094 0.3840869069099426 0.9762604832649231 -1 -1 -1 -1 -1 -1 -1 -1 -1
0.5324888229370117 0.3833976984024048 0.9678514003753662 -1 -1 -1 -1 -1 -1 -1 -1 -1
0.5314921736717224 0.38250142335891724 0.9774930477142334 -1 -1 -1 -1 -1 -1 -1 -1 -1
0.5338270664215088 0.38409996032714844 0.9804114103317261 -1 -1 -1 -1 -1 -1 -1 -1 -1
0.5330897569656372 0.3834376931190491 0.9807320237159729 -1 -1 -1 -1 -1 -1 -1 -1 -1
0.5322489142417908 0.38261473178863525 0.9841501116752625 -1 -1 -1 -1 -1 -1 -1 -1 -1
0.5247964859008789 0.3843042254447937 0.9820214509963989 -1 -1 -1 -1 -1 -1 -1 -1 -1
0.5255378484725952 0.38476741313934326 0.9799919724464417 -1 -1 -1 -1 -1 -1 -1 -1 -1
0.5328826308250427 0.39869633316993713 0.9802839159965515 -1 -1 -1 -1 -1 -1 -1 -1 -1
0.5329722166061401 0.39839619398117065 0.9780263304710388 -1 -1 -1 -1 -1 -1 -1 -1 -1
0.5167468190193176 0.41540783643722534 0.9915860891342163 -1 -1 -1 -1 -1 -1 -1 -1 -1
0.5185765624046326 0.41170772910118103 0.9975321292877197 -1 -1 -1 -1 -1 -1 -1 -1 -1
0.5112155675888062 0.3641242980957031 0.20021653175354004 -1 -1 -1 -1 -1 -1 -1 -1 -1
0.5108734965324402 0.3589121401309967 0.9417592883110046 -1 -1 -1 -1 -1 -1 -1 -1 -1
0.49230527877807617 0.3666602671146393 0.08171849697828293 -1 -1 -1 -1 -1 -1 -1 -1 -1
0.4880669414997101 0.36787116527557373 0.8535309433937073 -1 -1 -1 -1 -1 -1 -1 -1 -1
0.4870453476905823 0.37281668186187744 0.06976371258497238 -1 -1 -1 -1 -1 -1 -1 -1 -1
0.48259615898132324 0.37456807494163513 0.813562273979187 -1 -1 -1 -1 -1 -1 -1 -1 -1
0.4888119101524353 0.3800693154335022 0.07960355281829834 -1 -1 -1 -1 -1 -1 -1 -1 -1
0.4837089478969574 0.38196131587028503 0.8198570013046265 -1 -1 -1 -1 -1 -1 -1 -1 -1
0.4921068549156189 0.38073432445526123 0.0867401510477066 -1 -1 -1 -1 -1 -1 -1 -1 -1
0.48534730076789856 0.37998104095458984 0.7724062204360962 -1 -1 -1 -1 -1 -1 -1 -1 -1
0.5218726396560669 0.5507520437240601 0.9991587400436401 -1 -1 -1 -1 -1 -1 -1 -1 -1
0.520452618598938 0.5525450110435486 0.9990642666816711 -1 -1 -1 -1 -1 -1 -1 -1 -1
0.5352940559387207 0.6294624209403992 0.1360579878091812 -1 -1 -1 -1 -1 -1 -1 -1 -1
0.5335532426834106 0.6331546902656555 0.8773719668388367 -1 -1 -1 -1 -1 -1 -1 -1 -1
0.512234091758728 0.7044546604156494 0.3163418173789978 -1 -1 -1 -1 -1 -1 -1 -1 -1
0.5088832974433899 0.7110421061515808 0.9233006238937378 -1 -1 -1 -1 -1 -1 -1 -1 -1
0.5023633241653442 0.7176656723022461 0.44267788529396057 -1 -1 -1 -1 -1 -1 -1 -1 -1
0.49927443265914917 0.7222025394439697 0.9291258454322815 -1 -1 -1 -1 -1 -1 -1 -1 -1
0.5270851254463196 0.7336879968643188 0.47279027104377747 -1 -1 -1 -1 -1 -1 -1 -1 -1
0.5245784521102905 0.7408434152603149 0.9229694604873657 -1 -1 -1 -1 -1 -1 -1 -1 -1
1 
33 
-1 -1 -1 -1 -1 -1 -1 -1 -1 -1
0.5367577075958252 0.4160231351852417 0.9999023675918579 -1 -1 -1 -1 -1 -1 -1 -1 -1
0.5369979739189148 0.4130322337150574 0.9999067783355713 -1 -1 -1 -1 -1 -1 -1 -1 -1
0.5366504788398743 0.41298162937164307 0.9999039173126221 -1 -1 -1 -1 -1 -1 -1 -1 -1
0.5363432168960571 0.41289931535720825 0.9999415874481201 -1 -1 -1 -1 -1 -1 -1 -1 -1
0.5364151000976562 0.4128969609737396 0.9999556541442871 -1 -1 -1 -1 -1 -1 -1 -1 -1
0.5357643961906433 0.41257989406585693 0.9999651908874512 -1 -1 -1 -1 -1 -1 -1 -1 -1
0.535071849822998 0.4122234284877777 0.999967098236084 -1 -1 -1 -1 -1 -1 -1 -1 -1
0.5281744599342346 0.41404426097869873 0.9999539852142334 -1 -1 -1 -1 -1 -1 -1 -1 -1
0.5256247520446777 0.41622820496559143 0.9999924898147583 -1 -1 -1 -1 -1 -1 -1 -1 -1
0.5310709476470947 0.41783609986305237 0.9996711015701294 -1 -1 -1 -1 -1 -1 -1 -1 -1
0.5309231877326965 0.4175962805747986 0.9995594620704651 -1 -1 -1 -1 -1 -1 -1 -1 -1
0.5165396928787231 0.43591973185539246 0.9999611377716064 -1 -1 -1 -1 -1 -1 -1 -1 -1
0.5093551874160767 0.4363377094268799 0.9999293088912964 -1 -1 -1 -1 -1 -1 -1 -1 -1
0.5138641595840454 0.3886205554008484 0.09305287152528763 -1 -1 -1 -1 -1 -1 -1 -1 -1
0.5165190696716309 0.4015977680683136 0.7339627146720886 -1 -1 -1 -1 -1 -1 -1 -1 -1
0.5112786293029785 0.36469078063964844 0.30905160307884216 -1 -1 -1 -1 -1 -1 -1 -1 -1
0.5108436942100525 0.37525302171707153 0.7379199862480164 -1 -1 -1 -1 -1 -1 -1 -1 -1
0.5098767876625061 0.3580325245857239 0.3777293562889099 -1 -1 -1 -1 -1 -1 -1 -1 -1
0.511661946773529 0.3705301880836487 0.7535223364830017 -1 -1 -1 -1 -1 -1 -1 -1 -1
0.5082234144210815 0.36245524883270264 0.3252548575401306 -1 -1 -1 -1 -1 -1 -1 -1 -1
0.5096099972724915 0.37019017338752747 0.6998057961463928 -1 -1 -1 -1 -1 -1 -1 -1 -1
0.5084667205810547 0.36453625559806824 0.3236101567745209 -1 -1 -1 -1 -1 -1 -1 -1 -1
0.508694589138031 0.3704248070716858 0.6128381490707397 -1 -1 -1 -1 -1 -1 -1 -1 -1
0.5291864275932312 0.5111827850341797 0.9999979734420776 -1 -1 -1 -1 -1 -1 -1 -1 -1
0.5288091897964478 0.5044530034065247 0.9999810457229614 -1 -1 -1 -1 -1 -1 -1 -1 -1
0.5417752265930176 0.5942104458808899 0.9088369607925415 -1 -1 -1 -1 -1 -1 -1 -1 -1
0.5483272671699524 0.5803529024124146 0.9910179376602173 -1 -1 -1 -1 -1 -1 -1 -1 -1
0.5281943082809448 0.6728518605232239 0.9452661871910095 -1 -1 -1 -1 -1 -1 -1 -1 -1
0.5163368582725525 0.6239033937454224 0.9257431626319885 -1 -1 -1 -1 -1 -1 -1 -1 -1
0.5228298306465149 0.681555986404419 0.9860347509384155 -1 -1 -1 -1 -1 -1 -1 -1 -1
0.5091549754142761 0.6231099367141724 0.9887920022010803 -1 -1 -1 -1 -1 -1 -1 -1 -1
0.5316770672798157 0.702397882938385 0.969429612159729 -1 -1 -1 -1 -1 -1 -1 -1 -1
0.5121207237243652 0.6627030372619629 0.9191733002662659 -1 -1 -1 -1 -1 -1 -1 -1 -1
1 
33 
-1 -1 -1 -1 -1 -1 -1 -1 -1 -1
0.5332895517349243 0.4165964424610138 0.9961668848991394 -1 -1 -1 -1 -1 -1 -1 -1 -1
0.530968964099884 0.4090912640094757 0.9959526062011719 -1 -1 -1 -1 -1 -1 -1 -1 -1
0.5305132865905762 0.40913665294647217 0.9941067695617676 -1 -1 -1 -1 -1 -1 -1 -1 -1
0.5299525856971741 0.40906375646591187 0.9958986639976501 -1 -1 -1 -1 -1 -1 -1 -1 -1
0.5303125381469727 0.40877753496170044 0.9967394471168518 -1 -1 -1 -1 -1 -1 -1 -1 -1
0.5294340252876282 0.4086875915527344 0.9961018562316895 -1 -1 -1 -1 -1 -1 -1 -1 -1
0.5284601449966431 0.4084952175617218 0.9968318343162537 -1 -1 -1 -1 -1 -1 -1 -1 -1
0.5234326124191284 0.41414424777030945 0.9934786558151245 -1 -1 -1 -1 -1 -1 -1 -1 -1
0.5225775837898254 0.41365134716033936 0.9966686367988586 -1 -1 -1 -1 -1 -1 -1 -1 -1
0.5314167141914368 0.4251614809036255 0.9900503158569336 -1 -1 -1 -1 -1 -1 -1 -1 -1
0.5305975675582886 0.4247012138366699 0.9904977679252625 -1 -1 -1 -1 -1 -1 -1 -1 -1
0.5144458413124084 0.447815865278244 0.9945263266563416 -1 -1 -1 -1 -1 -1 -1 -1 -1
0.5160143375396729 0.44218069314956665 0.9954749941825867 -1 -1 -1 -1 -1 -1 -1 -1 -1
0.524221658706665 0.3825749456882477 0.10613387078046799 -1 -1 -1 -1 -1 -1 -1 -1 -1
0.5267220735549927 0.3819856643676758 0.9296865463256836 -1 -1 -1 -1 -1 -1 -1 -1 -1
0.5153986215591431 0.3389209508895874 0.15631544589996338 -1 -1 -1 -1 -1 -1 -1 -1 -1
0.5128504633903503 0.3377932906150818 0.822475790977478 -1 -1 -1 -1 -1 -1 -1 -1 -1
0.5152413249015808 0.3337017893791199 0.1778053343296051 -1 -1 -1 -1 -1 -1 -1 -1 -1
0.5102853775024414 0.3297751247882843 0.8160695433616638 -1 -1 -1 -1 -1 -1 -1 -1 -1
0.5126867890357971 0.33738118410110474 0.1831393986940384 -1 -1 -1 -1 -1 -1 -1 -1 -1
0.5095534920692444 0.33245718479156494 0.7997885942459106 -1 -1 -1 -1 -1 -1 -1 -1 -1
0.5132386088371277 0.34276318550109863 0.20981526374816895 -1 -1 -1 -1 -1 -1 -1 -1 -1
0.5098937749862671 0.33500421047210693 0.77126145362854 -1 -1 -1 -1 -1 -1 -1 -1 -1
0.5175422430038452 0.5774867534637451 0.999316930770874 -1 -1 -1 -1 -1 -1 -1 -1 -1
0.5188941955566406 0.5788835883140564 0.9989537000656128 -1 -1 -1 -1 -1 -1 -1 -1 -1
0.5306366682052612 0.6537752151489258 0.1807997226715088 -1 -1 -1 -1 -1 -1 -1 -1 -1
0.5321794152259827 0.6551514863967896 0.8578680753707886 -1 -1 -1 -1 -1 -1 -1 -1 -1
0.5073184967041016 0.7215091586112976 0.2716725468635559 -1 -1 -1 -1 -1 -1 -1 -1 -1
0.505778968334198 0.7274913191795349 0.8455724716186523 -1 -1 -1 -1 -1 -1 -1 -1 -1
0.4974658191204071 0.7368927597999573 0.355177640914917 -1 -1 -1 -1 -1 -1 -1 -1 -1
0.4956057667732239 0.7411442995071411 0.8942801356315613 -1 -1 -1 -1 -1 -1 -1 -1 -1
0.5273509621620178 0.742479681968689 0.4239412248134613 -1 -1 -1 -1 -1 -1 -1 -1 -1
0.524703860282898 0.74515700340271 0.8661449551582336 -1 -1 -1 -1 -1 -1 -1 -1 -1
1 
33 
-1 -1 -1 -1 -1 -1 -1 -1 -1 -1
0.5407335162162781 0.3965076804161072 0.9986554384231567 -1 -1 -1 -1 -1 -1 -1 -1 -1
0.5400761961936951 0.38941583037376404 0.9989720582962036 -1 -1 -1 -1 -1 -1 -1 -1 -1
0.5396409034729004 0.38952356576919556 0.9985552430152893 -1 -1 -1 -1 -1 -1 -1 -1 -1
0.5392805933952332 0.3891305923461914 0.999133288860321 -1 -1 -1 -1 -1 -1 -1 -1 -1
0.5397659540176392 0.38842809200286865 0.9990310668945312 -1 -1 -1 -1 -1 -1 -1 -1 -1
0.5391218662261963 0.38784974813461304 0.9988158941268921 -1 -1 -1 -1 -1 -1 -1 -1 -1
0.5385948419570923 0.38675376772880554 0.9991171956062317 -1 -1 -1 -1 -1 -1 -1 -1 -1
0.5325852632522583 0.382232129573822 0.9987367987632751 -1 -1 -1 -1 -1 -1 -1 -1 -1
0.5308144688606262 0.3930632770061493 0.9987713694572449 -1 -1 -1 -1 -1 -1 -1 -1 -1
0.5366203188896179 0.40569043159484863 0.995283305644989 -1 -1 -1 -1 -1 -1 -1 -1 -1
0.5358808636665344 0.4046782851219177 0.9964848756790161 -1 -1 -1 -1 -1 -1 -1 -1 -1
0.5216597318649292 0.41041499376296997 0.9879761338233948 -1 -1 -1 -1 -1 -1 -1 -1 -1
0.5247249007225037 0.4109969735145569 0.9939046502113342 -1 -1 -1 -1 -1 -1 -1 -1 -1
0.5428165793418884 0.37569567561149597 0.047214530408382416 -1 -1 -1 -1 -1 -1 -1 -1 -1
0.5402306318283081 0.3776753842830658 0.8434297442436218 -1 -1 -1 -1 -1 -1 -1 -1 -1
0.5668429732322693 0.33477652072906494 0.08547427505254745 -1 -1 -1 -1 -1 -1 -1 -1 -1
0.5514014959335327 0.348426878452301 0.49685636162757874 -1 -1 -1 -1 -1 -1 -1 -1 -1
0.5705646872520447 0.3261328935623169 0.13605889678001404 -1 -1 -1 -1 -1 -1 -1 -1 -1
0.5534934997558594 0.3448658287525177 0.48118799924850464 -1 -1 -1 -1 -1 -1 -1 -1 -1
0.5692533850669861 0.32374003529548645 0.14154751598834991 -1 -1 -1 -1 -1 -1 -1 -1 -1
0.5519770979881287 0.34561583399772644 0.4423398971557617 -1 -1 -1 -1 -1 -1 -1 -1 -1
0.5679839253425598 0.3271335959434509 0.15608611702919006 -1 -1 -1 -1 -1 -1 -1 -1 -1
0.5508477687835693 0.3475185036659241 0.3771873116493225 -1 -1 -1 -1 -1 -1 -1 -1 -1
0.5008115768432617 0.5384371280670166 0.9988081455230713 -1 -1 -1 -1 -1 -1 -1 -1 -1
0.5031505823135376 0.5413021445274353 0.9983009696006775 -1 -1 -1 -1 -1 -1 -1 -1 -1
0.5190721750259399 0.638171911239624 0.22612178325653076 -1 -1 -1 -1 -1 -1 -1 -1 -1
0.5212700366973877 0.6398155689239502 0.9786139130592346 -1 -1 -1 -1 -1 -1 -1 -1 -1
0.5028674602508545 0.7227876782417297 0.34456735849380493 -1 -1 -1 -1 -1 -1 -1 -1 -1
0.5008612871170044 0.7290018796920776 0.9675952792167664 -1 -1 -1 -1 -1 -1 -1 -1 -1
0.49451765418052673 0.735768735408783 0.44444867968559265 -1 -1 -1 -1 -1 -1 -1 -1 -1
0.49330368638038635 0.7401164770126343 0.941105842590332 -1 -1 -1 -1 -1 -1 -1 -1 -1
0.5260480642318726 0.7473214864730835 0.4898655116558075 -1 -1 -1 -1 -1 -1 -1 -1 -1
0.5248571038246155 0.7537447214126587 0.9453209638595581 -1 -1 -1 -1 -1 -1 -1 -1 -1
1 
33 
-1 -1 -1 -1 -1 -1 -1 -1 -1 -1
0.5744377970695496 0.38706639409065247 0.6927102208137512 -1 -1 -1 -1 -1 -1 -1 -1 -1
0.5762237310409546 0.38243594765663147 0.7498317956924438 -1 -1 -1 -1 -1 -1 -1 -1 -1
0.5763198733329773 0.3821876347064972 0.7852963805198669 -1 -1 -1 -1 -1 -1 -1 -1 -1
0.5763866305351257 0.3819396197795868 0.7483736872673035 -1 -1 -1 -1 -1 -1 -1 -1 -1
0.5756882429122925 0.38138508796691895 0.7926515340805054 -1 -1 -1 -1 -1 -1 -1 -1 -1
0.5755549669265747 0.3804604113101959 0.828834056854248 -1 -1 -1 -1 -1 -1 -1 -1 -1
0.575445294380188 0.3796174228191376 0.8547244668006897 -1 -1 -1 -1 -1 -1 -1 -1 -1
0.5761918425559998 0.379946768283844 0.7702118158340454 -1 -1 -1 -1 -1 -1 -1 -1 -1
0.574840784072876 0.3758904039859772 0.8662715554237366 -1 -1 -1 -1 -1 -1 -1 -1 -1
0.5726228356361389 0.3896910548210144 0.6213206648826599 -1 -1 -1 -1 -1 -1 -1 -1 -1
0.5720543265342712 0.3888496160507202 0.7421317100524902 -1 -1 -1 -1 -1 -1 -1 -1 -1
0.5644971132278442 0.3963086009025574 0.9984315037727356 -1 -1 -1 -1 -1 -1 -1 -1 -1
0.5676158666610718 0.3971986770629883 0.9999520778656006 -1 -1 -1 -1 -1 -1 -1 -1 -1
0.5342563986778259 0.43254923820495605 0.018486207351088524 -1 -1 -1 -1 -1 -1 -1 -1 -1
0.5288395881652832 0.4116286337375641 0.5289615392684937 -1 -1 -1 -1 -1 -1 -1 -1 -1
0.5203806757926941 0.48256635665893555 0.040417011827230453 -1 -1 -1 -1 -1 -1 -1 -1 -1
0.5047768354415894 0.4785009026527405 0.3219911754131317 -1 -1 -1 -1 -1 -1 -1 -1 -1
0.515524685382843 0.4932352602481842 0.05138980597257614 -1 -1 -1 -1 -1 -1 -1 -1 -1
0.4975901246070862 0.49386584758758545 0.28290534019470215 -1 -1 -1 -1 -1 -1 -1 -1 -1
0.5166077017784119 0.49969032406806946 0.055097468197345734 -1 -1 -1 -1 -1 -1 -1 -1 -1
0.4991315007209778 0.502187967300415 0.2710922360420227 -1 -1 -1 -1 -1 -1 -1 -1 -1
0.5188658237457275 0.4953632354736328 0.054197363555431366 -1 -1 -1 -1 -1 -1 -1 -1 -1
0.502550482749939 0.4956904649734497 0.25098225474357605 -1 -1 -1 -1 -1 -1 -1 -1 -1
0.5003440380096436 0.43325313925743103 0.9989427924156189 -1 -1 -1 -1 -1 -1 -1 -1 -1
0.5042993426322937 0.4354930818080902 0.9995703101158142 -1 -1 -1 -1 -1 -1 -1 -1 -1
0.48818615078926086 0.5769379138946533 0.1530001014471054 -1 -1 -1 -1 -1 -1 -1 -1 -1
0.5027297735214233 0.5770936608314514 0.7181780338287354 -1 -1 -1 -1 -1 -1 -1 -1 -1
0.5035998821258545 0.7034815549850464 0.27967265248298645 -1 -1 -1 -1 -1 -1 -1 -1 -1
0.5038471221923828 0.7103379964828491 0.8266792893409729 -1 -1 -1 -1 -1 -1 -1 -1 -1
0.49679696559906006 0.7188447713851929 0.37344759702682495 -1 -1 -1 -1 -1 -1 -1 -1 -1
0.4964050054550171 0.7251609563827515 0.8159961104393005 -1 -1 -1 -1 -1 -1 -1 -1 -1
0.5295658111572266 0.7288404107093811 0.2674405574798584 -1 -1 -1 -1 -1 -1 -1 -1 -1
0.530305802822113 0.731938362121582 0.7244824767112732 -1 -1 -1 -1 -1 -1 -1 -1 -1
1 
33 
-1 -1 -1 -1 -1 -1 -1 -1 -1 -1
0.5464054942131042 0.4086952209472656 0.999359667301178 -1 -1 -1 -1 -1 -1 -1 -1 -1
0.5463151931762695 0.39930543303489685 0.9987936019897461 -1 -1 -1 -1 -1 -1 -1 -1 -1
0.5458164215087891 0.39861294627189636 0.9986143112182617 -1 -1 -1 -1 -1 -1 -1 -1 -1
0.5452645421028137 0.39732927083969116 0.9989703893661499 -1 -1 -1 -1 -1 -1 -1 -1 -1
0.5456669926643372 0.3991835117340088 0.9986515641212463 -1 -1 -1 -1 -1 -1 -1 -1 -1
0.5448556542396545 0.3985421061515808 0.9980329871177673 -1 -1 -1 -1 -1 -1 -1 -1 -1
0.5438756346702576 0.3976311683654785 0.9983075857162476 -1 -1 -1 -1 -1 -1 -1 -1 -1
0.5360389351844788 0.39378002285957336 0.9979968667030334 -1 -1 -1 -1 -1 -1 -1 -1 -1
0.535514235496521 0.3946657180786133 0.9986662864685059 -1 -1 -1 -1 -1 -1 -1 -1 -1
0.5422486066818237 0.41640061140060425 0.9991113543510437 -1 -1 -1 -1 -1 -1 -1 -1 -1
0.5417227149009705 0.41562482714653015 0.9988590478897095 -1 -1 -1 -1 -1 -1 -1 -1 -1
0.5260978937149048 0.41511428356170654 0.9987618923187256 -1 -1 -1 -1 -1 -1 -1 -1 -1
0.5247304439544678 0.4201450049877167 0.9998887777328491 -1 -1 -1 -1 -1 -1 -1 -1 -1
0.5620784759521484 0.42983201146125793 0.0860467404127121 -1 -1 -1 -1 -1 -1 -1 -1 -1
0.5620127320289612 0.43425607681274414 0.8678904175758362 -1 -1 -1 -1 -1 -1 -1 -1 -1
0.5905086398124695 0.44537436962127686 0.048823609948158264 -1 -1 -1 -1 -1 -1 -1 -1 -1
0.5921550989151001 0.453989714384079 0.7621030211448669 -1 -1 -1 -1 -1 -1 -1 -1 -1
0.5992037653923035 0.4470731019973755 0.07372094690799713 -1 -1 -1 -1 -1 -1 -1 -1 -1
0.5992145538330078 0.4538818299770355 0.7281824946403503 -1 -1 -1 -1 -1 -1 -1 -1 -1
0.5996518135070801 0.450104683637619 0.07079706341028214 -1 -1 -1 -1 -1 -1 -1 -1 -1
0.5985665917396545 0.44957220554351807 0.6615104079246521 -1 -1 -1 -1 -1 -1 -1 -1 -1
0.5974704623222351 0.4526689946651459 0.07778552919626236 -1 -1 -1 -1 -1 -1 -1 -1 -1
0.5955979824066162 0.45112064480781555 0.5555724501609802 -1 -1 -1 -1 -1 -1 -1 -1 -1
0.5125991702079773 0.5103306174278259 0.9874663949012756 -1 -1 -1 -1 -1 -1 -1 -1 -1
0.5055146217346191 0.5244309902191162 0.9985890984535217 -1 -1 -1 -1 -1 -1 -1 -1 -1
0.5525776743888855 0.5000267624855042 0.7546052932739258 -1 -1 -1 -1 -1 -1 -1 -1 -1
0.49926117062568665 0.599197268486023 0.9956687688827515 -1 -1 -1 -1 -1 -1 -1 -1 -1
0.5742288827896118 0.545526921749115 0.8358347415924072 -1 -1 -1 -1 -1 -1 -1 -1 -1
0.5055601596832275 0.6800590753555298 0.9946940541267395 -1 -1 -1 -1 -1 -1 -1 -1 -1
0.5729116201400757 0.5582073330879211 0.7930344939231873 -1 -1 -1 -1 -1 -1 -1 -1 -1
0.5029414892196655 0.6862246990203857 0.9757368564605713 -1 -1 -1 -1 -1 -1 -1 -1 -1
0.5955331921577454 0.5444674491882324 0.8596075177192688 -1 -1 -1 -1 -1 -1 -1 -1 -1
0.5237461924552917 0.6940349340438843 0.9832890629768372 -1 -1 -1 -1 -1 -1 -1 -1 -1
1 
