4
1 
33 
-1 -1 -1 -1 -1 -1 -1 -1 -1 -1
0.5483211278915405 0.45488691329956055 0.9990839958190918 -1 -1 -1 -1 -1 -1 -1 -1 -1
0.5492122769355774 0.4450181722640991 0.9992092847824097 -1 -1 -1 -1 -1 -1 -1 -1 -1
0.5501380562782288 0.44423505663871765 0.9992864727973938 -1 -1 -1 -1 -1 -1 -1 -1 -1
0.5511606335639954 0.4434666633605957 0.9995057582855225 -1 -1 -1 -1 -1 -1 -1 -1 -1
0.5481928586959839 0.4455519914627075 0.9984312653541565 -1 -1 -1 -1 -1 -1 -1 -1 -1
0.5483653545379639 0.44524914026260376 0.9979422688484192 -1 -1 -1 -1 -1 -1 -1 -1 -1
0.5485844016075134 0.44497281312942505 0.9980353713035583 -1 -1 -1 -1 -1 -1 -1 -1 -1
0.558306872844696 0.44252336025238037 0.9993377327919006 -1 -1 -1 -1 -1 -1 -1 -1 -1
0.554964542388916 0.4446004629135132 0.9947405457496643 -1 -1 -1 -1 -1 -1 -1 -1 -1
0.5526931285858154 0.45956093072891235 0.9992892742156982 -1 -1 -1 -1 -1 -1 -1 -1 -1
0.5514123439788818 0.46029990911483765 0.9969724416732788 -1 -1 -1 -1 -1 -1 -1 -1 -1
0.5733236074447632 0.463261216878891 0.99997878074646 -1 -1 -1 -1 -1 -1 -1 -1 -1
0.56355220079422 0.47525477409362793 0.9981350898742676 -1 -1 -1 -1 -1 -1 -1 -1 -1
0.5776237845420837 0.5001375675201416 0.9840116500854492 -1 -1 -1 -1 -1 -1 -1 -1 -1
0.555618405342102 0.5137882828712463 0.48335662484169006 -1 -1 -1 -1 -1 -1 -1 -1 -1
0.5691846013069153 0.5461872816085815 0.9839316606521606 -1 -1 -1 -1 -1 -1 -1 -1 -1
0.5407214164733887 0.5520514249801636 0.6756576299667358 -1 -1 -1 -1 -1 -1 -1 -1 -1
0.5703179836273193 0.5614117383956909 0.9734162092208862 -1 -1 -1 -1 -1 -1 -1 -1 -1
0.5362766981124878 0.5625806450843811 0.6178352236747742 -1 -1 -1 -1 -1 -1 -1 -1 -1
0.5672507286071777 0.5615969300270081 0.9712490439414978 -1 -1 -1 -1 -1 -1 -1 -1 -1
0.5363997220993042 0.5620511174201965 0.6315498948097229 -1 -1 -1 -1 -1 -1 -1 -1 -1
0.5670017600059509 0.5548484921455383 0.9413444995880127 -1 -1 -1 -1 -1 -1 -1 -1 -1
0.538888156414032 0.5583019256591797 0.6154763698577881 -1 -1 -1 -1 -1 -1 -1 -1 -1
0.5966826677322388 0.5715233087539673 0.9999607801437378 -1 -1 -1 -1 -1 -1 -1 -1 -1
0.5855664014816284 0.5759209990501404 0.9995181560516357 -1 -1 -1 -1 -1 -1 -1 -1 -1
0.5756001472473145 0.6244540214538574 0.9949766993522644 -1 -1 -1 -1 -1 -1 -1 -1 -1
0.5684943795204163 0.6293760538101196 0.7893226146697998 -1 -1 -1 -1 -1 -1 -1 -1 -1
0.5933200716972351 0.7060015797615051 0.9935680031776428 -1 -1 -1 -1 -1 -1 -1 -1 -1
0.5768147706985474 0.7020406723022461 0.7770735621452332 -1 -1 -1 -1 -1 -1 -1 -1 -1
0.5998972654342651 0.7170215845108032 0.983803391456604 -1 -1 -1 -1 -1 -1 -1 -1 -1
0.5793453454971313 0.7151356935501099 0.7227755784988403 -1 -1 -1 -1 -1 -1 -1 -1 -1
0.5776490569114685 0.7237514853477478 0.9943203926086426 -1 -1 -1 -1 -1 -1 -1 -1 -1
0.5585190057754517 0.7208864688873291 0.8578743934631348 -1 -1 -1 -1 -1 -1 -1 -1 -1
1 
33 
-1 -1 -1 -1 -1 -1 -1 -1 -1 -1
0.5503553152084351 0.4644899368286133 0.9999308586120605 -1 -1 -1 -1 -1 -1 -1 -1 -1
0.5506883263587952 0.45482921600341797 0.9999470710754395 -1 -1 -1 -1 -1 -1 -1 -1 -1
0.5516837239265442 0.45456963777542114 0.9999535083770752 -1 -1 -1 -1 -1 -1 -1 -1 -1
0.5528896450996399 0.45417511463165283 0.9999561309814453 -1 -1 -1 -1 -1 -1 -1 -1 -1
0.5495661497116089 0.4549046754837036 0.9999127388000488 -1 -1 -1 -1 -1 -1 -1 -1 -1
0.5497567057609558 0.4548139274120331 0.9999071359634399 -1 -1 -1 -1 -1 -1 -1 -1 -1
0.5499600172042847 0.45467790961265564 0.9999053478240967 -1 -1 -1 -1 -1 -1 -1 -1 -1
0.5594509840011597 0.4559360146522522 0.9999527931213379 -1 -1 -1 -1 -1 -1 -1 -1 -1
0.554639458656311 0.45691049098968506 0.9999053478240967 -1 -1 -1 -1 -1 -1 -1 -1 -1
0.555213212966919 0.47093498706817627 0.9999768733978271 -1 -1 -1 -1 -1 -1 -1 -1 -1
0.5535829067230225 0.47132647037506104 0.9999345541000366 -1 -1 -1 -1 -1 -1 -1 -1 -1
0.5808690786361694 0.4815845787525177 0.9999675750732422 -1 -1 -1 -1 -1 -1 -1 -1 -1
0.559321403503418 0.49187907576560974 0.9997974038124084 -1 -1 -1 -1 -1 -1 -1 -1 -1
0.5860685110092163 0.5208930969238281 0.9885166883468628 -1 -1 -1 -1 -1 -1 -1 -1 -1
0.5436854958534241 0.5244677066802979 0.6597827672958374 -1 -1 -1 -1 -1 -1 -1 -1 -1
0.5697997808456421 0.5241348743438721 0.9819679856300354 -1 -1 -1 -1 -1 -1 -1 -1 -1
0.5397475361824036 0.5377218127250671 0.733391284942627 -1 -1 -1 -1 -1 -1 -1 -1 -1
0.5666280388832092 0.5262866616249084 0.9759469032287598 -1 -1 -1 -1 -1 -1 -1 -1 -1
0.5357303023338318 0.5443560481071472 0.691701352596283 -1 -1 -1 -1 -1 -1 -1 -1 -1
0.5644463300704956 0.5187211632728577 0.9757657051086426 -1 -1 -1 -1 -1 -1 -1 -1 -1
0.5404813289642334 0.5408077239990234 0.7022994756698608 -1 -1 -1 -1 -1 -1 -1 -1 -1
0.5656853914260864 0.5194773077964783 0.9434030652046204 -1 -1 -1 -1 -1 -1 -1 -1 -1
0.5401125550270081 0.5405502915382385 0.6788240671157837 -1 -1 -1 -1 -1 -1 -1 -1 -1
0.6008309125900269 0.5743037462234497 0.9999511241912842 -1 -1 -1 -1 -1 -1 -1 -1 -1
0.5849445462226868 0.5775769352912903 0.9998327493667603 -1 -1 -1 -1 -1 -1 -1 -1 -1
0.5747429132461548 0.6274459958076477 0.997104823589325 -1 -1 -1 -1 -1 -1 -1 -1 -1
0.566386878490448 0.6306889057159424 0.9289044141769409 -1 -1 -1 -1 -1 -1 -1 -1 -1
0.5951881408691406 0.705897867679596 0.9983997941017151 -1 -1 -1 -1 -1 -1 -1 -1 -1
0.5756053924560547 0.7005138993263245 0.9471769332885742 -1 -1 -1 -1 -1 -1 -1 -1 -1
0.6020478010177612 0.7161094546318054 0.9931493401527405 -1 -1 -1 -1 -1 -1 -1 -1 -1
0.5799533724784851 0.7136831879615784 0.9326308369636536 -1 -1 -1 -1 -1 -1 -1 -1 -1
0.5836210250854492 0.7279748916625977 0.9976184964179993 -1 -1 -1 -1 -1 -1 -1 -1 -1
0.5602535605430603 0.7210826873779297 0.9621277451515198 -1 -1 -1 -1 -1 -1 -1 -1 -1
1 
33 
-1 -1 -1 -1 -1 -1 -1 -1 -1 -1
0.5458853840827942 0.4828234314918518 0.9979113936424255 -1 -1 -1 -1 -1 -1 -1 -1 -1
0.547399640083313 0.4731892943382263 0.9987063407897949 -1 -1 -1 -1 -1 -1 -1 -1 -1
0.5486124157905579 0.4729764759540558 0.9991443157196045 -1 -1 -1 -1 -1 -1 -1 -1 -1
0.549889087677002 0.4726700782775879 0.9989379048347473 -1 -1 -1 -1 -1 -1 -1 -1 -1
0.5461274981498718 0.47346600890159607 0.9969761371612549 -1 -1 -1 -1 -1 -1 -1 -1 -1
0.5464254021644592 0.47345417737960815 0.9976800084114075 -1 -1 -1 -1 -1 -1 -1 -1 -1
0.5467419028282166 0.4732820391654968 0.997686505317688 -1 -1 -1 -1 -1 -1 -1 -1 -1
0.5577533841133118 0.4741142988204956 0.9989905953407288 -1 -1 -1 -1 -1 -1 -1 -1 -1
0.5532443523406982 0.47348782420158386 0.9991600513458252 -1 -1 -1 -1 -1 -1 -1 -1 -1
0.5507227182388306 0.4894335865974426 0.9995185136795044 -1 -1 -1 -1 -1 -1 -1 -1 -1
0.5489906072616577 0.48999205231666565 0.9990074038505554 -1 -1 -1 -1 -1 -1 -1 -1 -1
0.579197883605957 0.5015695691108704 0.9996575117111206 -1 -1 -1 -1 -1 -1 -1 -1 -1
0.5554169416427612 0.5038596391677856 0.9981264472007751 -1 -1 -1 -1 -1 -1 -1 -1 -1
0.5910340547561646 0.5287803411483765 0.9470847249031067 -1 -1 -1 -1 -1 -1 -1 -1 -1
0.5396113395690918 0.5251672863960266 0.19962932169437408 -1 -1 -1 -1 -1 -1 -1 -1 -1
0.5755730867385864 0.5245776772499084 0.8466153144836426 -1 -1 -1 -1 -1 -1 -1 -1 -1
0.545184314250946 0.5229717493057251 0.23427268862724304 -1 -1 -1 -1 -1 -1 -1 -1 -1
0.5719783306121826 0.5215132236480713 0.7904812693595886 -1 -1 -1 -1 -1 -1 -1 -1 -1
0.5448046922683716 0.5236720442771912 0.26304692029953003 -1 -1 -1 -1 -1 -1 -1 -1 -1
0.5703784823417664 0.5166393518447876 0.7902209758758545 -1 -1 -1 -1 -1 -1 -1 -1 -1
0.547561764717102 0.5199065208435059 0.28160926699638367 -1 -1 -1 -1 -1 -1 -1 -1 -1
0.5710543394088745 0.5195564031600952 0.6527004241943359 -1 -1 -1 -1 -1 -1 -1 -1 -1
0.5474643707275391 0.5204147100448608 0.2857626676559448 -1 -1 -1 -1 -1 -1 -1 -1 -1
0.6038593649864197 0.5879425406455994 0.9997344613075256 -1 -1 -1 -1 -1 -1 -1 -1 -1
0.5876078009605408 0.5857142806053162 0.9992721676826477 -1 -1 -1 -1 -1 -1 -1 -1 -1
0.5720698833465576 0.6372498869895935 0.9863027930259705 -1 -1 -1 -1 -1 -1 -1 -1 -1
0.5610476136207581 0.6354854702949524 0.8974843621253967 -1 -1 -1 -1 -1 -1 -1 -1 -1
0.5953823328018188 0.7052077651023865 0.9847286343574524 -1 -1 -1 -1 -1 -1 -1 -1 -1
0.5742298364639282 0.7028866410255432 0.9247374534606934 -1 -1 -1 -1 -1 -1 -1 -1 -1
0.6006563901901245 0.7138381004333496 0.9793310761451721 -1 -1 -1 -1 -1 -1 -1 -1 -1
0.5777117609977722 0.7144909501075745 0.9003353118896484 -1 -1 -1 -1 -1 -1 -1 -1 -1
0.5866540670394897 0.724828839302063 0.9783787727355957 -1 -1 -1 -1 -1 -1 -1 -1 -1
0.5593040585517883 0.7242816686630249 0.930627167224884 -1 -1 -1 -1 -1 -1 -1 -1 -1
1 
33 
-1 -1 -1 -1 -1 -1 -1 -1 -1 -1
0.5408134460449219 0.49699267745018005 0.9977389574050903 -1 -1 -1 -1 -1 -1 -1 -1 -1
0.5426282286643982 0.4868885278701782 0.9984503984451294 -1 -1 -1 -1 -1 -1 -1 -1 -1
0.5437580943107605 0.48642101883888245 0.9989228844642639 -1 -1 -1 -1 -1 -1 -1 -1 -1
0.5448337197303772 0.4860084056854248 0.9991350769996643 -1 -1 -1 -1 -1 -1 -1 -1 -1
0.5411784052848816 0.48766660690307617 0.997295081615448 -1 -1 -1 -1 -1 -1 -1 -1 -1
0.5417954921722412 0.4874974489212036 0.9975117444992065 -1 -1 -1 -1 -1 -1 -1 -1 -1
0.5421671867370605 0.4874340295791626 0.9978871941566467 -1 -1 -1 -1 -1 -1 -1 -1 -1
0.5529400706291199 0.4877236485481262 0.9988490343093872 -1 -1 -1 -1 -1 -1 -1 -1 -1
0.5488508939743042 0.4882623553276062 0.9970782995223999 -1 -1 -1 -1 -1 -1 -1 -1 -1
0.545735776424408 0.5008800029754639 0.9979956150054932 -1 -1 -1 -1 -1 -1 -1 -1 -1
0.5447338819503784 0.5018463730812073 0.991764485836029 -1 -1 -1 -1 -1 -1 -1 -1 -1
0.5767813920974731 0.5007757544517517 0.9998262524604797 -1 -1 -1 -1 -1 -1 -1 -1 -1
0.556747555732727 0.5087428092956543 0.9885671138763428 -1 -1 -1 -1 -1 -1 -1 -1 -1
0.5875088572502136 0.4788234233856201 0.9869698286056519 -1 -1 -1 -1 -1 -1 -1 -1 -1
0.5465194582939148 0.4934077858924866 0.11154451221227646 -1 -1 -1 -1 -1 -1 -1 -1 -1
0.5803079605102539 0.5085168480873108 0.9549466967582703 -1 -1 -1 -1 -1 -1 -1 -1 -1
0.535711944103241 0.485123872756958 0.1980692446231842 -1 -1 -1 -1 -1 -1 -1 -1 -1
0.5788567662239075 0.51372230052948 0.9097847938537598 -1 -1 -1 -1 -1 -1 -1 -1 -1
0.531861424446106 0.4829361140727997 0.2239643931388855 -1 -1 -1 -1 -1 -1 -1 -1 -1
0.573230504989624 0.5145636796951294 0.9059004187583923 -1 -1 -1 -1 -1 -1 -1 -1 -1
0.5345537066459656 0.48430079221725464 0.23398756980895996 -1 -1 -1 -1 -1 -1 -1 -1 -1
0.5739506483078003 0.5137585997581482 0.84626305103302 -1 -1 -1 -1 -1 -1 -1 -1 -1
0.5357598066329956 0.4851767122745514 0.24098707735538483 -1 -1 -1 -1 -1 -1 -1 -1 -1
0.604884684085846 0.6072421073913574 0.9998553991317749 -1 -1 -1 -1 -1 -1 -1 -1 -1
0.5891110301017761 0.6053928136825562 0.9992966651916504 -1 -1 -1 -1 -1 -1 -1 -1 -1
0.5660871267318726 0.6440106630325317 0.9865614771842957 -1 -1 -1 -1 -1 -1 -1 -1 -1
0.5582281351089478 0.6418352723121643 0.7374088764190674 -1 -1 -1 -1 -1 -1 -1 -1 -1
0.5950911045074463 0.7126931548118591 0.9797399640083313 -1 -1 -1 -1 -1 -1 -1 -1 -1
0.5771788954734802 0.7062619924545288 0.6816172003746033 -1 -1 -1 -1 -1 -1 -1 -1 -1
0.6047959327697754 0.7221429347991943 0.9688840508460999 -1 -1 -1 -1 -1 -1 -1 -1 -1
0.5793203115463257 0.7089817523956299 0.6850638389587402 -1 -1 -1 -1 -1 -1 -1 -1 -1
0.5827545523643494 0.7356336712837219 0.9825150966644287 -1 -1 -1 -1 -1 -1 -1 -1 -1
0.5647444725036621 0.7291516661643982 0.821582019329071 -1 -1 -1 -1 -1 -1 -1 -1 -1
1 
