4
1 
33 
-1 -1 -1 -1 -1 -1 -1 -1 -1 -1
0.587360680103302 0.41976863145828247 0.9900525212287903 -1 -1 -1 -1 -1 -1 -1 -1 -1
0.5882633328437805 0.416221022605896 0.991245687007904 -1 -1 -1 -1 -1 -1 -1 -1 -1
0.588790774345398 0.41627079248428345 0.988140344619751 -1 -1 -1 -1 -1 -1 -1 -1 -1
0.5893253087997437 0.4163361191749573 0.9907586574554443 -1 -1 -1 -1 -1 -1 -1 -1 -1
0.5867796540260315 0.41609838604927063 0.9867740869522095 -1 -1 -1 -1 -1 -1 -1 -1 -1
0.5862396359443665 0.41604864597320557 0.979986846446991 -1 -1 -1 -1 -1 -1 -1 -1 -1
0.5856947302818298 0.4160011410713196 0.9834218621253967 -1 -1 -1 -1 -1 -1 -1 -1 -1
0.589691162109375 0.4190199077129364 0.9931585192680359 -1 -1 -1 -1 -1 -1 -1 -1 -1
0.5847737193107605 0.4186149835586548 0.9802773594856262 -1 -1 -1 -1 -1 -1 -1 -1 -1
0.5878688097000122 0.4248060882091522 0.9899070262908936 -1 -1 -1 -1 -1 -1 -1 -1 -1
0.5860351324081421 0.4246727228164673 0.98305743932724 -1 -1 -1 -1 -1 -1 -1 -1 -1
0.5944231748580933 0.44579243659973145 0.9755266308784485 -1 -1 -1 -1 -1 -1 -1 -1 -1
0.5771554112434387 0.4400973618030548 0.9863333106040955 -1 -1 -1 -1 -1 -1 -1 -1 -1
0.5932403802871704 0.4639817178249359 0.4123706817626953 -1 -1 -1 -1 -1 -1 -1 -1 -1
0.5766189098358154 0.4571326673030853 0.562201201915741 -1 -1 -1 -1 -1 -1 -1 -1 -1
0.5896009802818298 0.4388778805732727 0.372776597738266 -1 -1 -1 -1 -1 -1 -1 -1 -1
0.58147132396698 0.44455376267433167 0.5689352750778198 -1 -1 -1 -1 -1 -1 -1 -1 -1
0.5889196991920471 0.43293583393096924 0.3235856294631958 -1 -1 -1 -1 -1 -1 -1 -1 -1
0.5821160078048706 0.4420183598995209 0.4840312898159027 -1 -1 -1 -1 -1 -1 -1 -1 -1
0.5892513990402222 0.4313896894454956 0.30993762612342834 -1 -1 -1 -1 -1 -1 -1 -1 -1
0.5816685557365417 0.4405031204223633 0.4610035717487335 -1 -1 -1 -1 -1 -1 -1 -1 -1
0.589072048664093 0.43364405632019043 0.2760780453681946 -1 -1 -1 -1 -1 -1 -1 -1 -1
0.5816034078598022 0.44174906611442566 0.42733895778656006 -1 -1 -1 -1 -1 -1 -1 -1 -1
0.5857949256896973 0.5102325677871704 0.9972350001335144 -1 -1 -1 -1 -1 -1 -1 -1 -1
0.5729897022247314 0.5061052441596985 0.9987474679946899 -1 -1 -1 -1 -1 -1 -1 -1 -1
0.5858241319656372 0.5484926700592041 0.9262552261352539 -1 -1 -1 -1 -1 -1 -1 -1 -1
0.5666168332099915 0.5465965270996094 0.9251667261123657 -1 -1 -1 -1 -1 -1 -1 -1 -1
0.5831983089447021 0.5978453755378723 0.8604003190994263 -1 -1 -1 -1 -1 -1 -1 -1 -1
0.5615019202232361 0.5977591872215271 0.9658108353614807 -1 -1 -1 -1 -1 -1 -1 -1 -1
0.5815660953521729 0.6025798320770264 0.8332536816596985 -1 -1 -1 -1 -1 -1 -1 -1 -1
0.5626154541969299 0.605538547039032 0.878338634967804 -1 -1 -1 -1 -1 -1 -1 -1 -1
0.584216833114624 0.6209105849266052 0.9030078649520874 -1 -1 -1 -1 -1 -1 -1 -1 -1
0.5545167922973633 0.6140173077583313 0.9511789679527283 -1 -1 -1 -1 -1 -1 -1 -1 -1
1 
33 
-1 -1 -1 -1 -1 -1 -1 -1 -1 -1
0.5912176966667175 0.42248964309692383 0.9953944683074951 -1 -1 -1 -1 -1 -1 -1 -1 -1
0.5933688879013062 0.41903048753738403 0.9960235357284546 -1 -1 -1 -1 -1 -1 -1 -1 -1
0.5941339135169983 0.4194180965423584 0.9943628311157227 -1 -1 -1 -1 -1 -1 -1 -1 -1
0.5949016809463501 0.41983267664909363 0.9954078793525696 -1 -1 -1 -1 -1 -1 -1 -1 -1
0.5914446711540222 0.4179791510105133 0.9943283200263977 -1 -1 -1 -1 -1 -1 -1 -1 -1
0.5908119082450867 0.4175924062728882 0.9900571703910828 -1 -1 -1 -1 -1 -1 -1 -1 -1
0.5901764631271362 0.4172132909297943 0.9913380146026611 -1 -1 -1 -1 -1 -1 -1 -1 -1
0.5958611965179443 0.4229182302951813 0.9966174960136414 -1 -1 -1 -1 -1 -1 -1 -1 -1
0.5894745588302612 0.4191778600215912 0.9932546019554138 -1 -1 -1 -1 -1 -1 -1 -1 -1
0.5915554165840149 0.4283158481121063 0.9974589943885803 -1 -1 -1 -1 -1 -1 -1 -1 -1
0.5891834497451782 0.4270155727863312 0.9962520003318787 -1 -1 -1 -1 -1 -1 -1 -1 -1
0.5986749529838562 0.4539842903614044 0.9980929493904114 -1 -1 -1 -1 -1 -1 -1 -1 -1
0.5783448219299316 0.4400503635406494 0.9991030693054199 -1 -1 -1 -1 -1 -1 -1 -1 -1
0.5916499495506287 0.47823765873908997 0.6657841205596924 -1 -1 -1 -1 -1 -1 -1 -1 -1
0.5676988363265991 0.448247492313385 0.7486379742622375 -1 -1 -1 -1 -1 -1 -1 -1 -1
0.585382342338562 0.4614304006099701 0.45757484436035156 -1 -1 -1 -1 -1 -1 -1 -1 -1
0.5690631866455078 0.4308597445487976 0.6362696290016174 -1 -1 -1 -1 -1 -1 -1 -1 -1
0.5834539532661438 0.45848605036735535 0.4020940363407135 -1 -1 -1 -1 -1 -1 -1 -1 -1
0.5688324570655823 0.42535656690597534 0.5409178733825684 -1 -1 -1 -1 -1 -1 -1 -1 -1
0.5843784213066101 0.4550884962081909 0.3915553390979767 -1 -1 -1 -1 -1 -1 -1 -1 -1
0.5692543983459473 0.4250572919845581 0.5055791735649109 -1 -1 -1 -1 -1 -1 -1 -1 -1
0.5846975445747375 0.4564984440803528 0.3048841059207916 -1 -1 -1 -1 -1 -1 -1 -1 -1
0.5697888135910034 0.427537739276886 0.4684411585330963 -1 -1 -1 -1 -1 -1 -1 -1 -1
0.585210919380188 0.51996248960495 0.998027503490448 -1 -1 -1 -1 -1 -1 -1 -1 -1
0.5713807940483093 0.5123077630996704 0.9995061159133911 -1 -1 -1 -1 -1 -1 -1 -1 -1
0.5789589285850525 0.5739961266517639 0.6029618382453918 -1 -1 -1 -1 -1 -1 -1 -1 -1
0.5633167028427124 0.559650182723999 0.7226742506027222 -1 -1 -1 -1 -1 -1 -1 -1 -1
0.5779504179954529 0.6169499754905701 0.566897988319397 -1 -1 -1 -1 -1 -1 -1 -1 -1
0.5598348379135132 0.6108303070068359 0.8555619716644287 -1 -1 -1 -1 -1 -1 -1 -1 -1
0.5767342448234558 0.6212158203125 0.627083420753479 -1 -1 -1 -1 -1 -1 -1 -1 -1
0.5605918169021606 0.6187737584114075 0.7241440415382385 -1 -1 -1 -1 -1 -1 -1 -1 -1
0.5797559022903442 0.6390032172203064 0.701918363571167 -1 -1 -1 -1 -1 -1 -1 -1 -1
0.5533957481384277 0.6265329122543335 0.8464266061782837 -1 -1 -1 -1 -1 -1 -1 -1 -1
1 
33 
-1 -1 -1 -1 -1 -1 -1 -1 -1 -1
0.5958670377731323 0.43098121881484985 0.9991753697395325 -1 -1 -1 -1 -1 -1 -1 -1 -1
0.5976367592811584 0.4309939742088318 0.999627947807312 -1 -1 -1 -1 -1 -1 -1 -1 -1
0.5979369282722473 0.4315984845161438 0.9996267557144165 -1 -1 -1 -1 -1 -1 -1 -1 -1
0.5982369184494019 0.4322051405906677 0.9996379613876343 -1 -1 -1 -1 -1 -1 -1 -1 -1
0.5971547961235046 0.4303571283817291 0.9991525411605835 -1 -1 -1 -1 -1 -1 -1 -1 -1
0.5970115661621094 0.43042251467704773 0.999037504196167 -1 -1 -1 -1 -1 -1 -1 -1 -1
0.5968719720840454 0.4304894804954529 0.9991718530654907 -1 -1 -1 -1 -1 -1 -1 -1 -1
0.5985326766967773 0.4372204542160034 0.9997355341911316 -1 -1 -1 -1 -1 -1 -1 -1 -1
0.5968223214149475 0.4349854290485382 0.999014139175415 -1 -1 -1 -1 -1 -1 -1 -1 -1
0.5952817797660828 0.43514806032180786 0.99937903881073 -1 -1 -1 -1 -1 -1 -1 -1 -1
0.594396710395813 0.4341878294944763 0.9989896416664124 -1 -1 -1 -1 -1 -1 -1 -1 -1
0.5937746167182922 0.45522910356521606 0.999460756778717 -1 -1 -1 -1 -1 -1 -1 -1 -1
0.5908931493759155 0.4507896900177002 0.9956234097480774 -1 -1 -1 -1 -1 -1 -1 -1 -1
0.5861325860023499 0.47594696283340454 0.7251613736152649 -1 -1 -1 -1 -1 -1 -1 -1 -1
0.5827621817588806 0.46890565752983093 0.03547700494527817 -1 -1 -1 -1 -1 -1 -1 -1 -1
0.5837264060974121 0.4698787331581116 0.7344449162483215 -1 -1 -1 -1 -1 -1 -1 -1 -1
0.5797324180603027 0.47191932797431946 0.07272617518901825 -1 -1 -1 -1 -1 -1 -1 -1 -1
0.5832461714744568 0.46843114495277405 0.7075678110122681 -1 -1 -1 -1 -1 -1 -1 -1 -1
0.5793408751487732 0.4731273353099823 0.09442707151174545 -1 -1 -1 -1 -1 -1 -1 -1 -1
0.5846384167671204 0.4664286673069 0.7047891616821289 -1 -1 -1 -1 -1 -1 -1 -1 -1
0.5794150829315186 0.47077691555023193 0.10046656429767609 -1 -1 -1 -1 -1 -1 -1 -1 -1
0.5846841931343079 0.4671497941017151 0.6541797518730164 -1 -1 -1 -1 -1 -1 -1 -1 -1
0.5794872641563416 0.4705052077770233 0.10799886286258698 -1 -1 -1 -1 -1 -1 -1 -1 -1
0.5831172466278076 0.4951482117176056 0.9994683861732483 -1 -1 -1 -1 -1 -1 -1 -1 -1
0.5813773274421692 0.4925708472728729 0.9985241293907166 -1 -1 -1 -1 -1 -1 -1 -1 -1
0.5867741107940674 0.4967034161090851 0.7345850467681885 -1 -1 -1 -1 -1 -1 -1 -1 -1
0.579995334148407 0.4993186593055725 0.1836332231760025 -1 -1 -1 -1 -1 -1 -1 -1 -1
0.5808917284011841 0.5206044316291809 0.7314727306365967 -1 -1 -1 -1 -1 -1 -1 -1 -1
0.5804413557052612 0.5159017443656921 0.3871859908103943 -1 -1 -1 -1 -1 -1 -1 -1 -1
0.5807905197143555 0.5237646698951721 0.7973219156265259 -1 -1 -1 -1 -1 -1 -1 -1 -1
0.5809860825538635 0.5191674828529358 0.49045518040657043 -1 -1 -1 -1 -1 -1 -1 -1 -1
0.5772958397865295 0.5277095437049866 0.7632223963737488 -1 -1 -1 -1 -1 -1 -1 -1 -1
0.5776771903038025 0.5179299712181091 0.5417057275772095 -1 -1 -1 -1 -1 -1 -1 -1 -1
1 
33 
-1 -1 -1 -1 -1 -1 -1 -1 -1 -1
0.5927376747131348 0.4422152042388916 0.9934856295585632 -1 -1 -1 -1 -1 -1 -1 -1 -1
0.594477653503418 0.44137534499168396 0.9953173398971558 -1 -1 -1 -1 -1 -1 -1 -1 -1
0.5948374271392822 0.4417189955711365 0.9953891038894653 -1 -1 -1 -1 -1 -1 -1 -1 -1
0.5951933264732361 0.44207319617271423 0.9957518577575684 -1 -1 -1 -1 -1 -1 -1 -1 -1
0.5939512252807617 0.4412233531475067 0.9924643039703369 -1 -1 -1 -1 -1 -1 -1 -1 -1
0.5938336253166199 0.44139641523361206 0.9923214316368103 -1 -1 -1 -1 -1 -1 -1 -1 -1
0.5937200784683228 0.44157153367996216 0.9927114248275757 -1 -1 -1 -1 -1 -1 -1 -1 -1
0.596190869808197 0.4437965154647827 0.9975065588951111 -1 -1 -1 -1 -1 -1 -1 -1 -1
0.5941349267959595 0.44541120529174805 0.9936467409133911 -1 -1 -1 -1 -1 -1 -1 -1 -1
0.5925230979919434 0.4459325075149536 0.9967303276062012 -1 -1 -1 -1 -1 -1 -1 -1 -1
0.5916163325309753 0.44561266899108887 0.9940582513809204 -1 -1 -1 -1 -1 -1 -1 -1 -1
0.5939404964447021 0.46384209394454956 0.999735414981842 -1 -1 -1 -1 -1 -1 -1 -1 -1
0.5886003971099854 0.46252140402793884 0.9955834746360779 -1 -1 -1 -1 -1 -1 -1 -1 -1
0.5898306965827942 0.48255446553230286 0.8154895305633545 -1 -1 -1 -1 -1 -1 -1 -1 -1
0.5828368067741394 0.4804233908653259 0.03706927224993706 -1 -1 -1 -1 -1 -1 -1 -1 -1
0.5834931135177612 0.4854331910610199 0.5836520791053772 -1 -1 -1 -1 -1 -1 -1 -1 -1
0.5787323713302612 0.488323837518692 0.05924458056688309 -1 -1 -1 -1 -1 -1 -1 -1 -1
0.5820981860160828 0.4869548976421356 0.5504395365715027 -1 -1 -1 -1 -1 -1 -1 -1 -1
0.5776614546775818 0.4909067153930664 0.0886009931564331 -1 -1 -1 -1 -1 -1 -1 -1 -1
0.5822257399559021 0.4847224950790405 0.542516827583313 -1 -1 -1 -1 -1 -1 -1 -1 -1
0.5777276158332825 0.4893493056297302 0.09420783072710037 -1 -1 -1 -1 -1 -1 -1 -1 -1
0.5826916098594666 0.4845673143863678 0.5123770833015442 -1 -1 -1 -1 -1 -1 -1 -1 -1
0.5782338380813599 0.48850885033607483 0.09971865266561508 -1 -1 -1 -1 -1 -1 -1 -1 -1
0.5845445394515991 0.5064780116081238 0.9997327923774719 -1 -1 -1 -1 -1 -1 -1 -1 -1
0.5815619230270386 0.5027084946632385 0.9986868500709534 -1 -1 -1 -1 -1 -1 -1 -1 -1
0.5790199637413025 0.5312092900276184 0.9398331046104431 -1 -1 -1 -1 -1 -1 -1 -1 -1
0.5762866735458374 0.5168412327766418 0.17132678627967834 -1 -1 -1 -1 -1 -1 -1 -1 -1
0.5748085975646973 0.5624092221260071 0.9682031273841858 -1 -1 -1 -1 -1 -1 -1 -1 -1
0.5739624500274658 0.5364239811897278 0.49028605222702026 -1 -1 -1 -1 -1 -1 -1 -1 -1
0.5755786895751953 0.56621253490448 0.9703884124755859 -1 -1 -1 -1 -1 -1 -1 -1 -1
0.5745091438293457 0.5401884317398071 0.6237275004386902 -1 -1 -1 -1 -1 -1 -1 -1 -1
0.569950520992279 0.5741260051727295 0.9554442167282104 -1 -1 -1 -1 -1 -1 -1 -1 -1
0.5689877271652222 0.5411881804466248 0.6280748844146729 -1 -1 -1 -1 -1 -1 -1 -1 -1
1 
