2
1 
33 
-1 -1 -1 -1 -1 -1 -1 -1 -1 -1
0.5441787242889404 0.6169539093971252 0.9995519518852234 -1 -1 -1 -1 -1 -1 -1 -1 -1
0.5462275743484497 0.6190192699432373 0.9998785257339478 -1 -1 -1 -1 -1 -1 -1 -1 -1
0.5461353063583374 0.6190107464790344 0.9997525811195374 -1 -1 -1 -1 -1 -1 -1 -1 -1
0.5460259318351746 0.6189272403717041 0.9998916387557983 -1 -1 -1 -1 -1 -1 -1 -1 -1
0.5470526218414307 0.6180367469787598 0.9999538660049438 -1 -1 -1 -1 -1 -1 -1 -1 -1
0.547580897808075 0.6171528697013855 0.9999035596847534 -1 -1 -1 -1 -1 -1 -1 -1 -1
0.5480794906616211 0.6163143515586853 0.9999337196350098 -1 -1 -1 -1 -1 -1 -1 -1 -1
0.5474017262458801 0.6143460273742676 0.9996508359909058 -1 -1 -1 -1 -1 -1 -1 -1 -1
0.5501537919044495 0.6106827855110168 0.9998558759689331 -1 -1 -1 -1 -1 -1 -1 -1 -1
0.5430498123168945 0.6133512258529663 0.9998769760131836 -1 -1 -1 -1 -1 -1 -1 -1 -1
0.5440012812614441 0.6123723387718201 0.9997547268867493 -1 -1 -1 -1 -1 -1 -1 -1 -1
0.5423989295959473 0.6065585613250732 0.9970989227294922 -1 -1 -1 -1 -1 -1 -1 -1 -1
0.5494356155395508 0.595685601234436 0.9997791647911072 -1 -1 -1 -1 -1 -1 -1 -1 -1
0.5396230220794678 0.6461687684059143 0.33950474858283997 -1 -1 -1 -1 -1 -1 -1 -1 -1
0.5367587208747864 0.6392612457275391 0.8898846507072449 -1 -1 -1 -1 -1 -1 -1 -1 -1
0.5502203702926636 0.6922271251678467 0.2424824833869934 -1 -1 -1 -1 -1 -1 -1 -1 -1
0.5527199506759644 0.6876034140586853 0.7536216974258423 -1 -1 -1 -1 -1 -1 -1 -1 -1
0.5539579391479492 0.7024562358856201 0.2923153340816498 -1 -1 -1 -1 -1 -1 -1 -1 -1
0.5557224750518799 0.7068849205970764 0.7302581071853638 -1 -1 -1 -1 -1 -1 -1 -1 -1
0.5560263395309448 0.7032718062400818 0.304932564496994 -1 -1 -1 -1 -1 -1 -1 -1 -1
0.5557681918144226 0.697303295135498 0.6890862584114075 -1 -1 -1 -1 -1 -1 -1 -1 -1
0.5537914633750916 0.699926495552063 0.30646011233329773 -1 -1 -1 -1 -1 -1 -1 -1 -1
0.5545392036437988 0.6938149929046631 0.6077864170074463 -1 -1 -1 -1 -1 -1 -1 -1 -1
0.5362133383750916 0.5351168513298035 0.9999940395355225 -1 -1 -1 -1 -1 -1 -1 -1 -1
0.5425416231155396 0.5296972393989563 0.9999983310699463 -1 -1 -1 -1 -1 -1 -1 -1 -1
0.5417505502700806 0.5254263281822205 0.8639435768127441 -1 -1 -1 -1 -1 -1 -1 -1 -1
0.5578407049179077 0.4657730460166931 0.9824156165122986 -1 -1 -1 -1 -1 -1 -1 -1 -1
0.5785060524940491 0.6047402620315552 0.6017419099807739 -1 -1 -1 -1 -1 -1 -1 -1 -1
0.5638256669044495 0.48139244318008423 0.514367938041687 -1 -1 -1 -1 -1 -1 -1 -1 -1
0.5814940333366394 0.6188122034072876 0.5499668717384338 -1 -1 -1 -1 -1 -1 -1 -1 -1
0.5641281008720398 0.49091780185699463 0.401079386472702 -1 -1 -1 -1 -1 -1 -1 -1 -1
0.601597249507904 0.634888231754303 0.7936235666275024 -1 -1 -1 -1 -1 -1 -1 -1 -1
0.5627937316894531 0.4756234586238861 0.5495380163192749 -1 -1 -1 -1 -1 -1 -1 -1 -1
1 
33 
-1 -1 -1 -1 -1 -1 -1 -1 -1 -1
0.5565866231918335 0.6427804231643677 1.0 -1 -1 -1 -1 -1 -1 -1 -1 -1
0.5570682287216187 0.6459529995918274 1.0 -1 -1 -1 -1 -1 -1 -1 -1 -1
0.5568106174468994 0.6468160152435303 1.0 -1 -1 -1 -1 -1 -1 -1 -1 -1
0.5561142563819885 0.6475149393081665 1.0 -1 -1 -1 -1 -1 -1 -1 -1 -1
0.5586360096931458 0.6454259157180786 1.0 -1 -1 -1 -1 -1 -1 -1 -1 -1
0.5592761635780334 0.6451887488365173 1.0 -1 -1 -1 -1 -1 -1 -1 -1 -1
0.5596944093704224 0.6451958417892456 1.0 -1 -1 -1 -1 -1 -1 -1 -1 -1
0.555046021938324 0.6462337374687195 1.0 -1 -1 -1 -1 -1 -1 -1 -1 -1
0.560258686542511 0.6427784562110901 1.0 -1 -1 -1 -1 -1 -1 -1 -1 -1
0.553777277469635 0.6388588547706604 1.0 -1 -1 -1 -1 -1 -1 -1 -1 -1
0.556454598903656 0.6373474597930908 1.0 -1 -1 -1 -1 -1 -1 -1 -1 -1
0.5542436838150024 0.6293491125106812 1.0 -1 -1 -1 -1 -1 -1 -1 -1 -1
0.5562090277671814 0.6197343468666077 1.0 -1 -1 -1 -1 -1 -1 -1 -1 -1
0.5530725121498108 0.6249197721481323 0.15173672139644623 -1 -1 -1 -1 -1 -1 -1 -1 -1
0.5573322176933289 0.5924954414367676 0.9794162511825562 -1 -1 -1 -1 -1 -1 -1 -1 -1
0.5537667870521545 0.6388788819313049 0.12969519197940826 -1 -1 -1 -1 -1 -1 -1 -1 -1
0.5568637251853943 0.5934593677520752 0.02058294601738453 -1 -1 -1 -1 -1 -1 -1 -1 -1
0.5542529821395874 0.6424542665481567 0.4012377858161926 -1 -1 -1 -1 -1 -1 -1 -1 -1
0.5564649701118469 0.5911939144134521 0.005219454877078533 -1 -1 -1 -1 -1 -1 -1 -1 -1
0.5509357452392578 0.6409090757369995 0.485787570476532 -1 -1 -1 -1 -1 -1 -1 -1 -1
0.5565156936645508 0.5951504707336426 0.017578307539224625 -1 -1 -1 -1 -1 -1 -1 -1 -1
0.5517352223396301 0.6384690999984741 0.3912149667739868 -1 -1 -1 -1 -1 -1 -1 -1 -1
0.5566248297691345 0.5963543057441711 0.014049147255718708 -1 -1 -1 -1 -1 -1 -1 -1 -1
0.5475886464118958 0.5914722681045532 0.9259199500083923 -1 -1 -1 -1 -1 -1 -1 -1 -1
0.5520588159561157 0.5840933322906494 0.9053812623023987 -1 -1 -1 -1 -1 -1 -1 -1 -1
0.5412700176239014 0.5731992721557617 0.0030895450618118048 -1 -1 -1 -1 -1 -1 -1 -1 -1
0.5484752655029297 0.5654210448265076 0.14618362486362457 -1 -1 -1 -1 -1 -1 -1 -1 -1
0.5424901843070984 0.5409329533576965 0.019223926588892937 -1 -1 -1 -1 -1 -1 -1 -1 -1
0.5513176918029785 0.5392469763755798 0.35065725445747375 -1 -1 -1 -1 -1 -1 -1 -1 -1
0.5440249443054199 0.5355530381202698 0.03526253625750542 -1 -1 -1 -1 -1 -1 -1 -1 -1
0.5536763668060303 0.5325759053230286 0.8352617621421814 -1 -1 -1 -1 -1 -1 -1 -1 -1
0.5418247580528259 0.5387487411499023 0.038139019161462784 -1 -1 -1 -1 -1 -1 -1 -1 -1
0.54714035987854 0.5447003841400146 0.2570812404155731 -1 -1 -1 -1 -1 -1 -1 -1 -1
1 
