8
1 
33 
-1 -1 -1 -1 -1 -1 -1 -1 -1 -1
0.5571749210357666 0.6049177646636963 0.9999939203262329 -1 -1 -1 -1 -1 -1 -1 -1 -1
0.5626444816589355 0.6028158664703369 0.9999983310699463 -1 -1 -1 -1 -1 -1 -1 -1 -1
0.5641633868217468 0.6024323105812073 0.9999970197677612 -1 -1 -1 -1 -1 -1 -1 -1 -1
0.5631008148193359 0.5948495268821716 0.9999974966049194 -1 -1 -1 -1 -1 -1 -1 -1 -1
0.5542823672294617 0.5981394052505493 0.9999984502792358 -1 -1 -1 -1 -1 -1 -1 -1 -1
0.5524576306343079 0.5979145765304565 0.9999978542327881 -1 -1 -1 -1 -1 -1 -1 -1 -1
0.5506122708320618 0.5976784229278564 0.9999984502792358 -1 -1 -1 -1 -1 -1 -1 -1 -1
0.5662648677825928 0.5856675505638123 0.9999977350234985 -1 -1 -1 -1 -1 -1 -1 -1 -1
0.5472598075866699 0.5986780524253845 0.9999990463256836 -1 -1 -1 -1 -1 -1 -1 -1 -1
0.5616312026977539 0.6025556325912476 0.9999892711639404 -1 -1 -1 -1 -1 -1 -1 -1 -1
0.5539843440055847 0.6045715808868408 0.9999908208847046 -1 -1 -1 -1 -1 -1 -1 -1 -1
0.5841320753097534 0.5921180248260498 0.9999680519104004 -1 -1 -1 -1 -1 -1 -1 -1 -1
0.5372728705406189 0.5832718014717102 0.9999885559082031 -1 -1 -1 -1 -1 -1 -1 -1 -1
0.5951591730117798 0.6275405883789062 0.9800391793251038 -1 -1 -1 -1 -1 -1 -1 -1 -1
0.5238782167434692 0.6069353222846985 0.8647037744522095 -1 -1 -1 -1 -1 -1 -1 -1 -1
0.6030265092849731 0.6765577793121338 0.9920308589935303 -1 -1 -1 -1 -1 -1 -1 -1 -1
0.5129292607307434 0.6406584978103638 0.8836950659751892 -1 -1 -1 -1 -1 -1 -1 -1 -1
0.608286440372467 0.6851752996444702 0.9933299422264099 -1 -1 -1 -1 -1 -1 -1 -1 -1
0.498645544052124 0.6329742670059204 0.9143874645233154 -1 -1 -1 -1 -1 -1 -1 -1 -1
0.6045669317245483 0.6855671405792236 0.9935694932937622 -1 -1 -1 -1 -1 -1 -1 -1 -1
0.5021411180496216 0.6375934481620789 0.902405321598053 -1 -1 -1 -1 -1 -1 -1 -1 -1
0.6014387011528015 0.6819165945053101 0.9856798648834229 -1 -1 -1 -1 -1 -1 -1 -1 -1
0.5137126445770264 0.6504821181297302 0.8696718215942383 -1 -1 -1 -1 -1 -1 -1 -1 -1
0.5669504404067993 0.5059963464736938 0.9999998807907104 -1 -1 -1 -1 -1 -1 -1 -1 -1
0.5437504649162292 0.5144570469856262 0.9999995231628418 -1 -1 -1 -1 -1 -1 -1 -1 -1
0.5976423025131226 0.48070159554481506 0.9980577826499939 -1 -1 -1 -1 -1 -1 -1 -1 -1
0.5182951092720032 0.5341501832008362 0.9891859889030457 -1 -1 -1 -1 -1 -1 -1 -1 -1
0.5712380409240723 0.4317187964916229 0.9473190903663635 -1 -1 -1 -1 -1 -1 -1 -1 -1
0.513213038444519 0.568570613861084 0.986108124256134 -1 -1 -1 -1 -1 -1 -1 -1 -1
0.5663478374481201 0.435820996761322 0.9558612704277039 -1 -1 -1 -1 -1 -1 -1 -1 -1
0.5166618227958679 0.579474687576294 0.9512526392936707 -1 -1 -1 -1 -1 -1 -1 -1 -1
0.5621541142463684 0.39135512709617615 0.9213933944702148 -1 -1 -1 -1 -1 -1 -1 -1 -1
0.5060536861419678 0.577620267868042 0.9798080325126648 -1 -1 -1 -1 -1 -1 -1 -1 -1
1 
33 
-1 -1 -1 -1 -1 -1 -1 -1 -1 -1
0.5550189018249512 0.5782243609428406 0.9999382495880127 -1 -1 -1 -1 -1 -1 -1 -1 -1
0.5522866249084473 0.585080087184906 0.999962329864502 -1 -1 -1 -1 -1 -1 -1 -1 -1
0.5506414771080017 0.585705578327179 0.999942421913147 -1 -1 -1 -1 -1 -1 -1 -1 -1
0.548978865146637 0.5862565040588379 0.9999485015869141 -1 -1 -1 -1 -1 -1 -1 -1 -1
0.5574045181274414 0.5844939947128296 0.9999346733093262 -1 -1 -1 -1 -1 -1 -1 -1 -1
0.5591527819633484 0.584729790687561 0.999886155128479 -1 -1 -1 -1 -1 -1 -1 -1 -1
0.5608638525009155 0.5849348306655884 0.9998863935470581 -1 -1 -1 -1 -1 -1 -1 -1 -1
0.5477653741836548 0.590141236782074 0.9999221563339233 -1 -1 -1 -1 -1 -1 -1 -1 -1
0.5650070309638977 0.5882969498634338 0.9999099969863892 -1 -1 -1 -1 -1 -1 -1 -1 -1
0.5591213703155518 0.581963062286377 0.9999709129333496 -1 -1 -1 -1 -1 -1 -1 -1 -1
0.5633999705314636 0.5817424058914185 0.9999470710754395 -1 -1 -1 -1 -1 -1 -1 -1 -1
0.5370309948921204 0.570629358291626 0.9995724558830261 -1 -1 -1 -1 -1 -1 -1 -1 -1
0.5846474170684814 0.5752086043357849 0.9992737174034119 -1 -1 -1 -1 -1 -1 -1 -1 -1
0.5154492855072021 0.5510897040367126 0.8681357502937317 -1 -1 -1 -1 -1 -1 -1 -1 -1
0.5965641140937805 0.5704779624938965 0.743070662021637 -1 -1 -1 -1 -1 -1 -1 -1 -1
0.5042517185211182 0.6137099862098694 0.8509663939476013 -1 -1 -1 -1 -1 -1 -1 -1 -1
0.5933897495269775 0.633919358253479 0.7276943325996399 -1 -1 -1 -1 -1 -1 -1 -1 -1
0.49970734119415283 0.6275999546051025 0.8007238507270813 -1 -1 -1 -1 -1 -1 -1 -1 -1
0.5942362546920776 0.6525180339813232 0.6623746752738953 -1 -1 -1 -1 -1 -1 -1 -1 -1
0.4991813004016876 0.631393551826477 0.7898719310760498 -1 -1 -1 -1 -1 -1 -1 -1 -1
0.5916732549667358 0.6527301073074341 0.6118104457855225 -1 -1 -1 -1 -1 -1 -1 -1 -1
0.501461386680603 0.6270192265510559 0.71293705701828 -1 -1 -1 -1 -1 -1 -1 -1 -1
0.5896282196044922 0.6477704644203186 0.5501372218132019 -1 -1 -1 -1 -1 -1 -1 -1 -1
0.5493622422218323 0.506942629814148 0.9998682737350464 -1 -1 -1 -1 -1 -1 -1 -1 -1
0.5774746537208557 0.5037221312522888 0.9998453855514526 -1 -1 -1 -1 -1 -1 -1 -1 -1
0.5411951541900635 0.4161142110824585 0.9112690687179565 -1 -1 -1 -1 -1 -1 -1 -1 -1
0.571739912033081 0.41887035965919495 0.8260260224342346 -1 -1 -1 -1 -1 -1 -1 -1 -1
0.5439387559890747 0.3543091416358948 0.7596992254257202 -1 -1 -1 -1 -1 -1 -1 -1 -1
0.5556920170783997 0.35389649868011475 0.7452852725982666 -1 -1 -1 -1 -1 -1 -1 -1 -1
0.5439530611038208 0.36282068490982056 0.44530758261680603 -1 -1 -1 -1 -1 -1 -1 -1 -1
0.552131175994873 0.3475568890571594 0.36660823225975037 -1 -1 -1 -1 -1 -1 -1 -1 -1
0.5393082499504089 0.3234638571739197 0.8199312090873718 -1 -1 -1 -1 -1 -1 -1 -1 -1
0.552764892578125 0.31755387783050537 0.7386186718940735 -1 -1 -1 -1 -1 -1 -1 -1 -1
1 
33 
-1 -1 -1 -1 -1 -1 -1 -1 -1 -1
0.5519763827323914 0.551469087600708 0.9999957084655762 -1 -1 -1 -1 -1 -1 -1 -1 -1
0.5512233972549438 0.5551614165306091 0.9999992847442627 -1 -1 -1 -1 -1 -1 -1 -1 -1
0.5504796504974365 0.555561900138855 0.9999983310699463 -1 -1 -1 -1 -1 -1 -1 -1 -1
0.5497097969055176 0.5559258460998535 0.9999990463256836 -1 -1 -1 -1 -1 -1 -1 -1 -1
0.5538235306739807 0.554135262966156 0.9999988079071045 -1 -1 -1 -1 -1 -1 -1 -1 -1
0.5547419190406799 0.5537782907485962 0.9999970197677612 -1 -1 -1 -1 -1 -1 -1 -1 -1
0.5556442737579346 0.5534375309944153 0.9999980926513672 -1 -1 -1 -1 -1 -1 -1 -1 -1
0.5505903363227844 0.5544061660766602 0.9999988079071045 -1 -1 -1 -1 -1 -1 -1 -1 -1
0.5627328157424927 0.5576844811439514 0.9999963045120239 -1 -1 -1 -1 -1 -1 -1 -1 -1
0.5547277331352234 0.552162766456604 0.9999984502792358 -1 -1 -1 -1 -1 -1 -1 -1 -1
0.5576596260070801 0.5505287051200867 0.9999936819076538 -1 -1 -1 -1 -1 -1 -1 -1 -1
0.546798586845398 0.5414918661117554 0.9997738003730774 -1 -1 -1 -1 -1 -1 -1 -1 -1
0.5680156946182251 0.5281285047531128 0.9975649118423462 -1 -1 -1 -1 -1 -1 -1 -1 -1
0.5220298767089844 0.5636148452758789 0.858825147151947 -1 -1 -1 -1 -1 -1 -1 -1 -1
0.5683093667030334 0.5327599048614502 0.8072032332420349 -1 -1 -1 -1 -1 -1 -1 -1 -1
0.5269598364830017 0.6275425553321838 0.894812822341919 -1 -1 -1 -1 -1 -1 -1 -1 -1
0.5804867148399353 0.5935441851615906 0.7281315922737122 -1 -1 -1 -1 -1 -1 -1 -1 -1
0.5261962413787842 0.6440823078155518 0.8634205460548401 -1 -1 -1 -1 -1 -1 -1 -1 -1
0.5844796895980835 0.6098272800445557 0.7113078832626343 -1 -1 -1 -1 -1 -1 -1 -1 -1
0.5243790745735168 0.6457974314689636 0.8640843033790588 -1 -1 -1 -1 -1 -1 -1 -1 -1
0.5862929821014404 0.6104846000671387 0.6676471829414368 -1 -1 -1 -1 -1 -1 -1 -1 -1
0.5248595476150513 0.6399648785591125 0.8322937488555908 -1 -1 -1 -1 -1 -1 -1 -1 -1
0.5841687321662903 0.606953501701355 0.6069420576095581 -1 -1 -1 -1 -1 -1 -1 -1 -1
0.5480549335479736 0.4810742139816284 0.9999980926513672 -1 -1 -1 -1 -1 -1 -1 -1 -1
0.5615262985229492 0.4713398218154907 0.9999903440475464 -1 -1 -1 -1 -1 -1 -1 -1 -1
0.5379338264465332 0.46715134382247925 0.9871569275856018 -1 -1 -1 -1 -1 -1 -1 -1 -1
0.5575171113014221 0.4264392554759979 0.9780049920082092 -1 -1 -1 -1 -1 -1 -1 -1 -1
0.555137574672699 0.41280505061149597 0.9653169512748718 -1 -1 -1 -1 -1 -1 -1 -1 -1
0.5340771675109863 0.44654858112335205 0.9504603147506714 -1 -1 -1 -1 -1 -1 -1 -1 -1
0.5576732754707336 0.4100855588912964 0.9518070816993713 -1 -1 -1 -1 -1 -1 -1 -1 -1
0.5331803560256958 0.4545833170413971 0.8523838520050049 -1 -1 -1 -1 -1 -1 -1 -1 -1
0.5619897842407227 0.39815467596054077 0.973246157169342 -1 -1 -1 -1 -1 -1 -1 -1 -1
0.5243847966194153 0.45017069578170776 0.9474763870239258 -1 -1 -1 -1 -1 -1 -1 -1 -1
1 
33 
-1 -1 -1 -1 -1 -1 -1 -1 -1 -1
0.5600804686546326 0.5824277400970459 0.9999865293502808 -1 -1 -1 -1 -1 -1 -1 -1 -1
0.5621731877326965 0.5736840963363647 0.9999874830245972 -1 -1 -1 -1 -1 -1 -1 -1 -1
0.564149022102356 0.5716421604156494 0.9999821186065674 -1 -1 -1 -1 -1 -1 -1 -1 -1
0.5661305785179138 0.5695405602455139 0.9999891519546509 -1 -1 -1 -1 -1 -1 -1 -1 -1
0.5565044283866882 0.5761255025863647 0.9999910593032837 -1 -1 -1 -1 -1 -1 -1 -1 -1
0.5543524026870728 0.5759252905845642 0.9999868869781494 -1 -1 -1 -1 -1 -1 -1 -1 -1
0.5521743297576904 0.5757279396057129 0.9999899864196777 -1 -1 -1 -1 -1 -1 -1 -1 -1
0.5685040950775146 0.5547007918357849 0.9999780654907227 -1 -1 -1 -1 -1 -1 -1 -1 -1
0.5480871200561523 0.5633637309074402 0.9999839067459106 -1 -1 -1 -1 -1 -1 -1 -1 -1
0.5624598860740662 0.5758339762687683 0.9999868869781494 -1 -1 -1 -1 -1 -1 -1 -1 -1
0.555757999420166 0.5798758268356323 0.9999841451644897 -1 -1 -1 -1 -1 -1 -1 -1 -1
0.5821808576583862 0.5364869236946106 0.9999562501907349 -1 -1 -1 -1 -1 -1 -1 -1 -1
0.5340682864189148 0.5425930619239807 0.9999861717224121 -1 -1 -1 -1 -1 -1 -1 -1 -1
0.5895809531211853 0.5626438856124878 0.8927271366119385 -1 -1 -1 -1 -1 -1 -1 -1 -1
0.5183948278427124 0.5612300634384155 0.9956662654876709 -1 -1 -1 -1 -1 -1 -1 -1 -1
0.5767472982406616 0.6217547655105591 0.9712740182876587 -1 -1 -1 -1 -1 -1 -1 -1 -1
0.5239271521568298 0.6182969212532043 0.9986544847488403 -1 -1 -1 -1 -1 -1 -1 -1 -1
0.5773611068725586 0.6394481658935547 0.9770765900611877 -1 -1 -1 -1 -1 -1 -1 -1 -1
0.5232834219932556 0.6293162703514099 0.9983589053153992 -1 -1 -1 -1 -1 -1 -1 -1 -1
0.5719369649887085 0.6386374831199646 0.979117751121521 -1 -1 -1 -1 -1 -1 -1 -1 -1
0.5241274833679199 0.6334700584411621 0.9983115196228027 -1 -1 -1 -1 -1 -1 -1 -1 -1
0.5702686309814453 0.6319712400436401 0.9700815081596375 -1 -1 -1 -1 -1 -1 -1 -1 -1
0.5245528221130371 0.6296424865722656 0.9962782263755798 -1 -1 -1 -1 -1 -1 -1 -1 -1
0.5535467267036438 0.43782323598861694 0.9999996423721313 -1 -1 -1 -1 -1 -1 -1 -1 -1
0.5308339595794678 0.4511047601699829 0.9999992847442627 -1 -1 -1 -1 -1 -1 -1 -1 -1
0.5709252953529358 0.3922092318534851 0.7200334072113037 -1 -1 -1 -1 -1 -1 -1 -1 -1
0.5203209519386292 0.4375200569629669 0.6154907941818237 -1 -1 -1 -1 -1 -1 -1 -1 -1
0.5521430373191833 0.34400197863578796 0.8176374435424805 -1 -1 -1 -1 -1 -1 -1 -1 -1
0.5335002541542053 0.38478490710258484 0.7535298466682434 -1 -1 -1 -1 -1 -1 -1 -1 -1
0.546184241771698 0.3638242483139038 0.8932868242263794 -1 -1 -1 -1 -1 -1 -1 -1 -1
0.5373513102531433 0.3904997408390045 0.7420803308486938 -1 -1 -1 -1 -1 -1 -1 -1 -1
0.5360106229782104 0.30266720056533813 0.9138538241386414 -1 -1 -1 -1 -1 -1 -1 -1 -1
0.532600462436676 0.3316510319709778 0.8571369051933289 -1 -1 -1 -1 -1 -1 -1 -1 -1
1 
33 
-1 -1 -1 -1 -1 -1 -1 -1 -1 -1
0.5557199716567993 0.5674918293952942 0.999259889125824 -1 -1 -1 -1 -1 -1 -1 -1 -1
0.5545632839202881 0.5725458264350891 0.9992743134498596 -1 -1 -1 -1 -1 -1 -1 -1 -1
0.5540379285812378 0.5723010301589966 0.9988111257553101 -1 -1 -1 -1 -1 -1 -1 -1 -1
0.5535058975219727 0.5720064043998718 0.9992507100105286 -1 -1 -1 -1 -1 -1 -1 -1 -1
0.5564907193183899 0.5727269649505615 0.9987982511520386 -1 -1 -1 -1 -1 -1 -1 -1 -1
0.5571746826171875 0.5726435780525208 0.9980040192604065 -1 -1 -1 -1 -1 -1 -1 -1 -1
0.5578317046165466 0.5725448131561279 0.9988633394241333 -1 -1 -1 -1 -1 -1 -1 -1 -1
0.5539450645446777 0.5663068294525146 0.9976913928985596 -1 -1 -1 -1 -1 -1 -1 -1 -1
0.5593705773353577 0.5663071274757385 0.9967207312583923 -1 -1 -1 -1 -1 -1 -1 -1 -1
0.5549816489219666 0.5592561364173889 0.999062716960907 -1 -1 -1 -1 -1 -1 -1 -1 -1
0.5574167966842651 0.5597882270812988 0.9989070892333984 -1 -1 -1 -1 -1 -1 -1 -1 -1
0.5511991381645203 0.5379211902618408 0.9988985061645508 -1 -1 -1 -1 -1 -1 -1 -1 -1
0.5649210810661316 0.5334522128105164 0.9990635514259338 -1 -1 -1 -1 -1 -1 -1 -1 -1
0.533319354057312 0.5677118897438049 0.920948326587677 -1 -1 -1 -1 -1 -1 -1 -1 -1
0.567305326461792 0.5505568981170654 0.8934569358825684 -1 -1 -1 -1 -1 -1 -1 -1 -1
0.5212907195091248 0.6418094635009766 0.933997392654419 -1 -1 -1 -1 -1 -1 -1 -1 -1
0.5934069156646729 0.6096451878547668 0.9658280611038208 -1 -1 -1 -1 -1 -1 -1 -1 -1
0.5170836448669434 0.6637303233146667 0.921267032623291 -1 -1 -1 -1 -1 -1 -1 -1 -1
0.5960676074028015 0.6244810819625854 0.9568580389022827 -1 -1 -1 -1 -1 -1 -1 -1 -1
0.514738142490387 0.643696129322052 0.920754075050354 -1 -1 -1 -1 -1 -1 -1 -1 -1
0.5966843366622925 0.6250402927398682 0.952379047870636 -1 -1 -1 -1 -1 -1 -1 -1 -1
0.5160715579986572 0.6386617422103882 0.8943617343902588 -1 -1 -1 -1 -1 -1 -1 -1 -1
0.5945688486099243 0.6195463538169861 0.9330419898033142 -1 -1 -1 -1 -1 -1 -1 -1 -1
0.5439719557762146 0.4367009997367859 0.9999828338623047 -1 -1 -1 -1 -1 -1 -1 -1 -1
0.5510085821151733 0.43695905804634094 0.9999619722366333 -1 -1 -1 -1 -1 -1 -1 -1 -1
0.5607602596282959 0.4059673547744751 0.8275125622749329 -1 -1 -1 -1 -1 -1 -1 -1 -1
0.5525747537612915 0.4081459045410156 0.36738571524620056 -1 -1 -1 -1 -1 -1 -1 -1 -1
0.5392910242080688 0.36382582783699036 0.8083568215370178 -1 -1 -1 -1 -1 -1 -1 -1 -1
0.5368261337280273 0.3407141864299774 0.6829310059547424 -1 -1 -1 -1 -1 -1 -1 -1 -1
0.5351499319076538 0.3652198314666748 0.874911367893219 -1 -1 -1 -1 -1 -1 -1 -1 -1
0.5318265557289124 0.3383181095123291 0.6311435103416443 -1 -1 -1 -1 -1 -1 -1 -1 -1
0.5303599834442139 0.3345884084701538 0.9228327870368958 -1 -1 -1 -1 -1 -1 -1 -1 -1
0.531022310256958 0.30397918820381165 0.7840572595596313 -1 -1 -1 -1 -1 -1 -1 -1 -1
1 
33 
-1 -1 -1 -1 -1 -1 -1 -1 -1 -1
0.5601155757904053 0.5836764574050903 0.9991675615310669 -1 -1 -1 -1 -1 -1 -1 -1 -1
0.560827910900116 0.5898012518882751 0.9992210865020752 -1 -1 -1 -1 -1 -1 -1 -1 -1
0.5604544878005981 0.5898648500442505 0.9989070892333984 -1 -1 -1 -1 -1 -1 -1 -1 -1
0.5600764751434326 0.5898767113685608 0.9992982149124146 -1 -1 -1 -1 -1 -1 -1 -1 -1
0.561637282371521 0.5894925594329834 0.9986804127693176 -1 -1 -1 -1 -1 -1 -1 -1 -1
0.5618500709533691 0.58927321434021 0.9978781938552856 -1 -1 -1 -1 -1 -1 -1 -1 -1
0.5620510578155518 0.5890443325042725 0.9986209869384766 -1 -1 -1 -1 -1 -1 -1 -1 -1
0.5587669610977173 0.5861797332763672 0.9987126588821411 -1 -1 -1 -1 -1 -1 -1 -1 -1
0.561174750328064 0.5847105383872986 0.997435986995697 -1 -1 -1 -1 -1 -1 -1 -1 -1
0.5576944351196289 0.5770587921142578 0.9989920258522034 -1 -1 -1 -1 -1 -1 -1 -1 -1
0.5586735010147095 0.5768387913703918 0.9984450936317444 -1 -1 -1 -1 -1 -1 -1 -1 -1
0.5482744574546814 0.5600420832633972 0.9993793964385986 -1 -1 -1 -1 -1 -1 -1 -1 -1
0.5584927201271057 0.5541121959686279 0.9987565279006958 -1 -1 -1 -1 -1 -1 -1 -1 -1
0.5279882550239563 0.5680971145629883 0.907413125038147 -1 -1 -1 -1 -1 -1 -1 -1 -1
0.558582603931427 0.5532408952713013 0.9179055094718933 -1 -1 -1 -1 -1 -1 -1 -1 -1
0.523734986782074 0.6369884014129639 0.9610554575920105 -1 -1 -1 -1 -1 -1 -1 -1 -1
0.5712107419967651 0.6132934093475342 0.9735553860664368 -1 -1 -1 -1 -1 -1 -1 -1 -1
0.5174804925918579 0.6416006088256836 0.9516953229904175 -1 -1 -1 -1 -1 -1 -1 -1 -1
0.5849456191062927 0.6198063492774963 0.962760329246521 -1 -1 -1 -1 -1 -1 -1 -1 -1
0.5183848142623901 0.6424451470375061 0.9504036903381348 -1 -1 -1 -1 -1 -1 -1 -1 -1
0.5860074758529663 0.6264046430587769 0.958681046962738 -1 -1 -1 -1 -1 -1 -1 -1 -1
0.5214858651161194 0.6367486715316772 0.9261541366577148 -1 -1 -1 -1 -1 -1 -1 -1 -1
0.5836997032165527 0.6204422116279602 0.9377518892288208 -1 -1 -1 -1 -1 -1 -1 -1 -1
0.5414180159568787 0.44738370180130005 0.9999704360961914 -1 -1 -1 -1 -1 -1 -1 -1 -1
0.5455648303031921 0.4482195973396301 0.9998990297317505 -1 -1 -1 -1 -1 -1 -1 -1 -1
0.5455577373504639 0.39256352186203003 0.7601566314697266 -1 -1 -1 -1 -1 -1 -1 -1 -1
0.5436057448387146 0.405683308839798 0.38645753264427185 -1 -1 -1 -1 -1 -1 -1 -1 -1
0.5362308621406555 0.33213844895362854 0.8423721194267273 -1 -1 -1 -1 -1 -1 -1 -1 -1
0.5320807695388794 0.33427703380584717 0.7348446846008301 -1 -1 -1 -1 -1 -1 -1 -1 -1
0.5364208221435547 0.3365148603916168 0.9305523037910461 -1 -1 -1 -1 -1 -1 -1 -1 -1
0.5264517068862915 0.33234143257141113 0.7706493139266968 -1 -1 -1 -1 -1 -1 -1 -1 -1
0.5298503637313843 0.3071155846118927 0.9310957789421082 -1 -1 -1 -1 -1 -1 -1 -1 -1
0.5278418064117432 0.3056127429008484 0.8045477867126465 -1 -1 -1 -1 -1 -1 -1 -1 -1
1 
33 
-1 -1 -1 -1 -1 -1 -1 -1 -1 -1
0.5536364316940308 0.5618658661842346 0.9993680119514465 -1 -1 -1 -1 -1 -1 -1 -1 -1
0.5548730492591858 0.5687611103057861 0.9997581839561462 -1 -1 -1 -1 -1 -1 -1 -1 -1
0.5538961291313171 0.5694808959960938 0.9996442794799805 -1 -1 -1 -1 -1 -1 -1 -1 -1
0.552906334400177 0.570171594619751 0.9997382760047913 -1 -1 -1 -1 -1 -1 -1 -1 -1
0.5595746040344238 0.5736196637153625 0.9995808005332947 -1 -1 -1 -1 -1 -1 -1 -1 -1
0.5607638955116272 0.5731101632118225 0.9994244575500488 -1 -1 -1 -1 -1 -1 -1 -1 -1
0.5630053877830505 0.571914792060852 0.9996511936187744 -1 -1 -1 -1 -1 -1 -1 -1 -1
0.5536956787109375 0.5666080713272095 0.9997003078460693 -1 -1 -1 -1 -1 -1 -1 -1 -1
0.5664426684379578 0.5615368485450745 0.9995177984237671 -1 -1 -1 -1 -1 -1 -1 -1 -1
0.551141619682312 0.5555731654167175 0.9995879530906677 -1 -1 -1 -1 -1 -1 -1 -1 -1
0.5557771921157837 0.5526581406593323 0.9992433786392212 -1 -1 -1 -1 -1 -1 -1 -1 -1
0.5399961471557617 0.5425153970718384 0.9994503855705261 -1 -1 -1 -1 -1 -1 -1 -1 -1
0.572894811630249 0.5241893529891968 0.9984771609306335 -1 -1 -1 -1 -1 -1 -1 -1 -1
0.528860867023468 0.5659798979759216 0.374116450548172 -1 -1 -1 -1 -1 -1 -1 -1 -1
0.5627546310424805 0.5418117046356201 0.7300140857696533 -1 -1 -1 -1 -1 -1 -1 -1 -1
0.5223681926727295 0.6323262453079224 0.8362993597984314 -1 -1 -1 -1 -1 -1 -1 -1 -1
0.5773401260375977 0.5960577726364136 0.9212429523468018 -1 -1 -1 -1 -1 -1 -1 -1 -1
0.518004834651947 0.649882435798645 0.8189058899879456 -1 -1 -1 -1 -1 -1 -1 -1 -1
0.5830082297325134 0.6090848445892334 0.9042143225669861 -1 -1 -1 -1 -1 -1 -1 -1 -1
0.5201178193092346 0.6513663530349731 0.8197833895683289 -1 -1 -1 -1 -1 -1 -1 -1 -1
0.5828725695610046 0.6103786826133728 0.8957527279853821 -1 -1 -1 -1 -1 -1 -1 -1 -1
0.5214431285858154 0.6445286273956299 0.8153886198997498 -1 -1 -1 -1 -1 -1 -1 -1 -1
0.5793343782424927 0.6046605110168457 0.8718133568763733 -1 -1 -1 -1 -1 -1 -1 -1 -1
0.5336531400680542 0.43292903900146484 0.9999308586120605 -1 -1 -1 -1 -1 -1 -1 -1 -1
0.5581957101821899 0.425964891910553 0.9998444318771362 -1 -1 -1 -1 -1 -1 -1 -1 -1
0.5328845381736755 0.4767739176750183 0.9633086323738098 -1 -1 -1 -1 -1 -1 -1 -1 -1
0.5675209760665894 0.43344587087631226 0.8861194849014282 -1 -1 -1 -1 -1 -1 -1 -1 -1
0.5234225392341614 0.37979087233543396 0.8435580134391785 -1 -1 -1 -1 -1 -1 -1 -1 -1
0.5389225482940674 0.3843270540237427 0.7101682424545288 -1 -1 -1 -1 -1 -1 -1 -1 -1
0.5236390829086304 0.36970794200897217 0.85071861743927 -1 -1 -1 -1 -1 -1 -1 -1 -1
0.5348813533782959 0.3827407658100128 0.6503039002418518 -1 -1 -1 -1 -1 -1 -1 -1 -1
0.5228816270828247 0.3549749255180359 0.9363487362861633 -1 -1 -1 -1 -1 -1 -1 -1 -1
0.5259372591972351 0.361655592918396 0.8061130046844482 -1 -1 -1 -1 -1 -1 -1 -1 -1
1 
33 
-1 -1 -1 -1 -1 -1 -1 -1 -1 -1
0.5468288660049438 0.5492115616798401 0.9745108485221863 -1 -1 -1 -1 -1 -1 -1 -1 -1
0.5457014441490173 0.5538368225097656 0.9853523373603821 -1 -1 -1 -1 -1 -1 -1 -1 -1
0.5444799065589905 0.5543009638786316 0.9800575971603394 -1 -1 -1 -1 -1 -1 -1 -1 -1
0.5432799458503723 0.5547183156013489 0.9849315881729126 -1 -1 -1 -1 -1 -1 -1 -1 -1
0.5495225787162781 0.553402304649353 0.982302188873291 -1 -1 -1 -1 -1 -1 -1 -1 -1
0.5507640242576599 0.553548276424408 0.9757315516471863 -1 -1 -1 -1 -1 -1 -1 -1 -1
0.5519675016403198 0.5536767244338989 0.9849321246147156 -1 -1 -1 -1 -1 -1 -1 -1 -1
0.5419999361038208 0.5562573075294495 0.9822697043418884 -1 -1 -1 -1 -1 -1 -1 -1 -1
0.5549680590629578 0.5534303188323975 0.9798846244812012 -1 -1 -1 -1 -1 -1 -1 -1 -1
0.5448575615882874 0.5469868183135986 0.9821987748146057 -1 -1 -1 -1 -1 -1 -1 -1 -1
0.5492764115333557 0.546482264995575 0.983343780040741 -1 -1 -1 -1 -1 -1 -1 -1 -1
0.5374996662139893 0.5473406910896301 0.9978039860725403 -1 -1 -1 -1 -1 -1 -1 -1 -1
0.5608263611793518 0.542437732219696 0.9987760186195374 -1 -1 -1 -1 -1 -1 -1 -1 -1
0.5332739949226379 0.5622717142105103 0.29504337906837463 -1 -1 -1 -1 -1 -1 -1 -1 -1
0.5603632926940918 0.549709677696228 0.28170424699783325 -1 -1 -1 -1 -1 -1 -1 -1 -1
0.5353654623031616 0.6322075724601746 0.640235960483551 -1 -1 -1 -1 -1 -1 -1 -1 -1
0.5685499906539917 0.6127910614013672 0.5325614213943481 -1 -1 -1 -1 -1 -1 -1 -1 -1
0.5348791480064392 0.6504865288734436 0.6412299275398254 -1 -1 -1 -1 -1 -1 -1 -1 -1
0.5749085545539856 0.6299597024917603 0.681318998336792 -1 -1 -1 -1 -1 -1 -1 -1 -1
0.535929262638092 0.650958776473999 0.6288519501686096 -1 -1 -1 -1 -1 -1 -1 -1 -1
0.5739006996154785 0.6321556568145752 0.6389639973640442 -1 -1 -1 -1 -1 -1 -1 -1 -1
0.5369014143943787 0.6431437134742737 0.5718417763710022 -1 -1 -1 -1 -1 -1 -1 -1 -1
0.5699478983879089 0.6332206130027771 0.574926495552063 -1 -1 -1 -1 -1 -1 -1 -1 -1
0.5345510244369507 0.43747320771217346 0.9999457597732544 -1 -1 -1 -1 -1 -1 -1 -1 -1
0.5554711818695068 0.440819650888443 0.9999799728393555 -1 -1 -1 -1 -1 -1 -1 -1 -1
0.5342143774032593 0.4011594355106354 0.7454879879951477 -1 -1 -1 -1 -1 -1 -1 -1 -1
0.5657232403755188 0.41790205240249634 0.8319063782691956 -1 -1 -1 -1 -1 -1 -1 -1 -1
0.5307452082633972 0.37336018681526184 0.262958288192749 -1 -1 -1 -1 -1 -1 -1 -1 -1
0.5324357748031616 0.33919259905815125 0.6951505541801453 -1 -1 -1 -1 -1 -1 -1 -1 -1
0.529604971408844 0.3760192096233368 0.5289806723594666 -1 -1 -1 -1 -1 -1 -1 -1 -1
0.5269149541854858 0.33581167459487915 0.6668844223022461 -1 -1 -1 -1 -1 -1 -1 -1 -1
0.5340891480445862 0.3513241112232208 0.6343962550163269 -1 -1 -1 -1 -1 -1 -1 -1 -1
0.5270532369613647 0.31698188185691833 0.7958381772041321 -1 -1 -1 -1 -1 -1 -1 -1 -1
1 
