35
1 
33 
-1 -1 -1 -1 -1 -1 -1 -1 -1 -1
0.654779851436615 0.49667876958847046 0.9901309013366699 -1 -1 -1 -1 -1 -1 -1 -1 -1
0.6512623429298401 0.4850784242153168 0.9846068620681763 -1 -1 -1 -1 -1 -1 -1 -1 -1
0.6507598161697388 0.48439013957977295 0.981391191482544 -1 -1 -1 -1 -1 -1 -1 -1 -1
0.6502014398574829 0.4835697412490845 0.9884886145591736 -1 -1 -1 -1 -1 -1 -1 -1 -1
0.6507868766784668 0.48555731773376465 0.9903595447540283 -1 -1 -1 -1 -1 -1 -1 -1 -1
0.6500391960144043 0.4853244721889496 0.9879271388053894 -1 -1 -1 -1 -1 -1 -1 -1 -1
0.6492636203765869 0.48498257994651794 0.9899929165840149 -1 -1 -1 -1 -1 -1 -1 -1 -1
0.6440922021865845 0.4848056435585022 0.9705039262771606 -1 -1 -1 -1 -1 -1 -1 -1 -1
0.6436079144477844 0.48674845695495605 0.9782780408859253 -1 -1 -1 -1 -1 -1 -1 -1 -1
0.6534766554832458 0.5048219561576843 0.9795302748680115 -1 -1 -1 -1 -1 -1 -1 -1 -1
0.652582585811615 0.5057076811790466 0.9836733341217041 -1 -1 -1 -1 -1 -1 -1 -1 -1
0.6427019834518433 0.5340275764465332 0.9856321811676025 -1 -1 -1 -1 -1 -1 -1 -1 -1
0.6353986263275146 0.5291649103164673 0.9944568872451782 -1 -1 -1 -1 -1 -1 -1 -1 -1
0.655771017074585 0.5743511915206909 0.08902853727340698 -1 -1 -1 -1 -1 -1 -1 -1 -1
0.6328129172325134 0.5664955973625183 0.8694208264350891 -1 -1 -1 -1 -1 -1 -1 -1 -1
0.6762554049491882 0.5955090522766113 0.14516638219356537 -1 -1 -1 -1 -1 -1 -1 -1 -1
0.6462936401367188 0.5889278054237366 0.4385938346385956 -1 -1 -1 -1 -1 -1 -1 -1 -1
0.6802394390106201 0.6016911268234253 0.17471180856227875 -1 -1 -1 -1 -1 -1 -1 -1 -1
0.6471582055091858 0.5964391231536865 0.3894403874874115 -1 -1 -1 -1 -1 -1 -1 -1 -1
0.682358980178833 0.5991570353507996 0.1937108337879181 -1 -1 -1 -1 -1 -1 -1 -1 -1
0.6488993167877197 0.5917761921882629 0.3616141676902771 -1 -1 -1 -1 -1 -1 -1 -1 -1
0.6808693408966064 0.5983171463012695 0.19689126312732697 -1 -1 -1 -1 -1 -1 -1 -1 -1
0.648522675037384 0.5892701148986816 0.2961118519306183 -1 -1 -1 -1 -1 -1 -1 -1 -1
0.6212528944015503 0.6549978852272034 0.9939349293708801 -1 -1 -1 -1 -1 -1 -1 -1 -1
0.6196151971817017 0.6563901901245117 0.9918827414512634 -1 -1 -1 -1 -1 -1 -1 -1 -1
0.6202104687690735 0.7495366930961609 0.3113273084163666 -1 -1 -1 -1 -1 -1 -1 -1 -1
0.6187810301780701 0.7598753571510315 0.9893466830253601 -1 -1 -1 -1 -1 -1 -1 -1 -1
0.6119495034217834 0.8275022506713867 0.5051174163818359 -1 -1 -1 -1 -1 -1 -1 -1 -1
0.6115224957466125 0.848836362361908 0.9896292090415955 -1 -1 -1 -1 -1 -1 -1 -1 -1
0.6059970855712891 0.8504412174224854 0.595858097076416 -1 -1 -1 -1 -1 -1 -1 -1 -1
0.6047117710113525 0.8695430159568787 0.9790431261062622 -1 -1 -1 -1 -1 -1 -1 -1 -1
0.6298972964286804 0.8494583964347839 0.621356189250946 -1 -1 -1 -1 -1 -1 -1 -1 -1
0.6333178281784058 0.8653264045715332 0.9738478064537048 -1 -1 -1 -1 -1 -1 -1 -1 -1
1 
33 
-1 -1 -1 -1 -1 -1 -1 -1 -1 -1
0.6489526629447937 0.48168909549713135 0.999351441860199 -1 -1 -1 -1 -1 -1 -1 -1 -1
0.6472556591033936 0.4731273949146271 0.9992175102233887 -1 -1 -1 -1 -1 -1 -1 -1 -1
0.6466963887214661 0.4728386402130127 0.999083399772644 -1 -1 -1 -1 -1 -1 -1 -1 -1
0.6460677981376648 0.4725353717803955 0.9992677569389343 -1 -1 -1 -1 -1 -1 -1 -1 -1
0.6471803188323975 0.4731227159500122 0.9994251728057861 -1 -1 -1 -1 -1 -1 -1 -1 -1
0.6465829610824585 0.4728561043739319 0.9995168447494507 -1 -1 -1 -1 -1 -1 -1 -1 -1
0.6459699273109436 0.47260940074920654 0.9994831085205078 -1 -1 -1 -1 -1 -1 -1 -1 -1
0.6391514539718628 0.4745834469795227 0.9993780851364136 -1 -1 -1 -1 -1 -1 -1 -1 -1
0.6399998664855957 0.4755634367465973 0.999367892742157 -1 -1 -1 -1 -1 -1 -1 -1 -1
0.6468045711517334 0.48952603340148926 0.9986622333526611 -1 -1 -1 -1 -1 -1 -1 -1 -1
0.6464323401451111 0.48942941427230835 0.9987688660621643 -1 -1 -1 -1 -1 -1 -1 -1 -1
0.6276844143867493 0.5211306214332581 0.9954866766929626 -1 -1 -1 -1 -1 -1 -1 -1 -1
0.6283900141716003 0.5247174501419067 0.9995001554489136 -1 -1 -1 -1 -1 -1 -1 -1 -1
0.6319127082824707 0.5532854199409485 0.026203826069831848 -1 -1 -1 -1 -1 -1 -1 -1 -1
0.6244614124298096 0.5611414909362793 0.7762537002563477 -1 -1 -1 -1 -1 -1 -1 -1 -1
0.6493773460388184 0.5491545796394348 0.03140254691243172 -1 -1 -1 -1 -1 -1 -1 -1 -1
0.6439024806022644 0.5599061250686646 0.7465459108352661 -1 -1 -1 -1 -1 -1 -1 -1 -1
0.6499717235565186 0.5465895533561707 0.05019843205809593 -1 -1 -1 -1 -1 -1 -1 -1 -1
0.6455813050270081 0.5605739951133728 0.7764042019844055 -1 -1 -1 -1 -1 -1 -1 -1 -1
0.6526228785514832 0.5431774258613586 0.052621569484472275 -1 -1 -1 -1 -1 -1 -1 -1 -1
0.6474313735961914 0.5522546172142029 0.757496178150177 -1 -1 -1 -1 -1 -1 -1 -1 -1
0.6534760594367981 0.5445991158485413 0.060765497386455536 -1 -1 -1 -1 -1 -1 -1 -1 -1
0.6464526057243347 0.5527276992797852 0.6432082653045654 -1 -1 -1 -1 -1 -1 -1 -1 -1
0.6252174377441406 0.6611483097076416 0.9981111288070679 -1 -1 -1 -1 -1 -1 -1 -1 -1
0.6251665353775024 0.6664854288101196 0.9991357922554016 -1 -1 -1 -1 -1 -1 -1 -1 -1
0.6227737665176392 0.7497007846832275 0.3769075274467468 -1 -1 -1 -1 -1 -1 -1 -1 -1
0.6175932288169861 0.763064980506897 0.972743809223175 -1 -1 -1 -1 -1 -1 -1 -1 -1
0.6174032688140869 0.825104296207428 0.6900694370269775 -1 -1 -1 -1 -1 -1 -1 -1 -1
0.6105133295059204 0.8504175543785095 0.9923551082611084 -1 -1 -1 -1 -1 -1 -1 -1 -1
0.6112390160560608 0.8399174213409424 0.7563543319702148 -1 -1 -1 -1 -1 -1 -1 -1 -1
0.6051965951919556 0.8647714257240295 0.975418746471405 -1 -1 -1 -1 -1 -1 -1 -1 -1
0.632318377494812 0.852910578250885 0.8308871984481812 -1 -1 -1 -1 -1 -1 -1 -1 -1
0.6325197815895081 0.8657846450805664 0.9865260720252991 -1 -1 -1 -1 -1 -1 -1 -1 -1
1 
33 
-1 -1 -1 -1 -1 -1 -1 -1 -1 -1
0.6515910029411316 0.4936380386352539 0.9986401200294495 -1 -1 -1 -1 -1 -1 -1 -1 -1
0.650168240070343 0.4846004247665405 0.998371422290802 -1 -1 -1 -1 -1 -1 -1 -1 -1
0.6497827768325806 0.48420390486717224 0.996954083442688 -1 -1 -1 -1 -1 -1 -1 -1 -1
0.6494650840759277 0.48386862874031067 0.9979192614555359 -1 -1 -1 -1 -1 -1 -1 -1 -1
0.6497399210929871 0.4844508171081543 0.9993029832839966 -1 -1 -1 -1 -1 -1 -1 -1 -1
0.6489509344100952 0.48394328355789185 0.9993207454681396 -1 -1 -1 -1 -1 -1 -1 -1 -1
0.6482388973236084 0.48349690437316895 0.9995248317718506 -1 -1 -1 -1 -1 -1 -1 -1 -1
0.6430507302284241 0.48324817419052124 0.9978075623512268 -1 -1 -1 -1 -1 -1 -1 -1 -1
0.6422580480575562 0.48431122303009033 0.9991229176521301 -1 -1 -1 -1 -1 -1 -1 -1 -1
0.6490586996078491 0.49929091334342957 0.9980087876319885 -1 -1 -1 -1 -1 -1 -1 -1 -1
0.6486978530883789 0.4993700087070465 0.9987677335739136 -1 -1 -1 -1 -1 -1 -1 -1 -1
0.6343846321105957 0.5184704065322876 0.9720067977905273 -1 -1 -1 -1 -1 -1 -1 -1 -1
0.631291389465332 0.5215492248535156 0.9989961981773376 -1 -1 -1 -1 -1 -1 -1 -1 -1
0.6462785601615906 0.5128569006919861 0.02204272523522377 -1 -1 -1 -1 -1 -1 -1 -1 -1
0.626433789730072 0.499026894569397 0.9003092646598816 -1 -1 -1 -1 -1 -1 -1 -1 -1
0.654252827167511 0.49051591753959656 0.15581102669239044 -1 -1 -1 -1 -1 -1 -1 -1 -1
0.6209336519241333 0.4694617688655853 0.9515220522880554 -1 -1 -1 -1 -1 -1 -1 -1 -1
0.6546263098716736 0.4873991310596466 0.24404779076576233 -1 -1 -1 -1 -1 -1 -1 -1 -1
0.6177731156349182 0.45776253938674927 0.9581214189529419 -1 -1 -1 -1 -1 -1 -1 -1 -1
0.6550973653793335 0.48512792587280273 0.2565247714519501 -1 -1 -1 -1 -1 -1 -1 -1 -1
0.6178734302520752 0.4551474452018738 0.9556392431259155 -1 -1 -1 -1 -1 -1 -1 -1 -1
0.6556648015975952 0.4863715171813965 0.26996561884880066 -1 -1 -1 -1 -1 -1 -1 -1 -1
0.6188419461250305 0.4588969349861145 0.9249206185340881 -1 -1 -1 -1 -1 -1 -1 -1 -1
0.625105082988739 0.6526987552642822 0.99920254945755 -1 -1 -1 -1 -1 -1 -1 -1 -1
0.624119222164154 0.659351110458374 0.9996091723442078 -1 -1 -1 -1 -1 -1 -1 -1 -1
0.6212891936302185 0.7460805177688599 0.412811815738678 -1 -1 -1 -1 -1 -1 -1 -1 -1
0.618067741394043 0.7552106380462646 0.9587735533714294 -1 -1 -1 -1 -1 -1 -1 -1 -1
0.6117131114006042 0.8179381489753723 0.66133052110672 -1 -1 -1 -1 -1 -1 -1 -1 -1
0.6096718311309814 0.8397527933120728 0.9843893647193909 -1 -1 -1 -1 -1 -1 -1 -1 -1
0.6059348583221436 0.8321101665496826 0.7698039412498474 -1 -1 -1 -1 -1 -1 -1 -1 -1
0.6028159856796265 0.8576360940933228 0.9761559367179871 -1 -1 -1 -1 -1 -1 -1 -1 -1
0.6290650367736816 0.8422104716300964 0.7726575136184692 -1 -1 -1 -1 -1 -1 -1 -1 -1
0.6310039162635803 0.8602238297462463 0.9694436192512512 -1 -1 -1 -1 -1 -1 -1 -1 -1
1 
33 
-1 -1 -1 -1 -1 -1 -1 -1 -1 -1
0.6538959741592407 0.4769408106803894 0.9982201457023621 -1 -1 -1 -1 -1 -1 -1 -1 -1
0.6511383652687073 0.4679785668849945 0.9975678324699402 -1 -1 -1 -1 -1 -1 -1 -1 -1
0.6506305932998657 0.46718069911003113 0.9964721202850342 -1 -1 -1 -1 -1 -1 -1 -1 -1
0.6502487063407898 0.4663124680519104 0.99725741147995 -1 -1 -1 -1 -1 -1 -1 -1 -1
0.650894284248352 0.46897459030151367 0.9983235001564026 -1 -1 -1 -1 -1 -1 -1 -1 -1
0.6502224802970886 0.4685349762439728 0.9980790615081787 -1 -1 -1 -1 -1 -1 -1 -1 -1
0.6496465802192688 0.46808773279190063 0.9982624650001526 -1 -1 -1 -1 -1 -1 -1 -1 -1
0.6449344754219055 0.464878648519516 0.9968396425247192 -1 -1 -1 -1 -1 -1 -1 -1 -1
0.6445708870887756 0.4673774838447571 0.9981486797332764 -1 -1 -1 -1 -1 -1 -1 -1 -1
0.6511870622634888 0.48134565353393555 0.9964848756790161 -1 -1 -1 -1 -1 -1 -1 -1 -1
0.650711178779602 0.4821312725543976 0.9972027540206909 -1 -1 -1 -1 -1 -1 -1 -1 -1
0.6400615572929382 0.48140382766723633 0.9947432279586792 -1 -1 -1 -1 -1 -1 -1 -1 -1
0.6306039690971375 0.4913937449455261 0.9985210299491882 -1 -1 -1 -1 -1 -1 -1 -1 -1
0.6670856475830078 0.4395967423915863 0.19831053912639618 -1 -1 -1 -1 -1 -1 -1 -1 -1
0.6256924867630005 0.44654470682144165 0.8910993337631226 -1 -1 -1 -1 -1 -1 -1 -1 -1
0.6820239424705505 0.405173122882843 0.41415610909461975 -1 -1 -1 -1 -1 -1 -1 -1 -1
0.6193451881408691 0.42776933312416077 0.8053309917449951 -1 -1 -1 -1 -1 -1 -1 -1 -1
0.6791723966598511 0.3875184655189514 0.41125160455703735 -1 -1 -1 -1 -1 -1 -1 -1 -1
0.6158881187438965 0.41080427169799805 0.783789873123169 -1 -1 -1 -1 -1 -1 -1 -1 -1
0.6790857315063477 0.3869263529777527 0.42436087131500244 -1 -1 -1 -1 -1 -1 -1 -1 -1
0.6186875104904175 0.4167928695678711 0.7677714824676514 -1 -1 -1 -1 -1 -1 -1 -1 -1
0.6794066429138184 0.393094927072525 0.4425206780433655 -1 -1 -1 -1 -1 -1 -1 -1 -1
0.6179906129837036 0.4142962098121643 0.7202826738357544 -1 -1 -1 -1 -1 -1 -1 -1 -1
0.6246841549873352 0.6301450729370117 0.9995656609535217 -1 -1 -1 -1 -1 -1 -1 -1 -1
0.6235643029212952 0.6394530534744263 0.9996102452278137 -1 -1 -1 -1 -1 -1 -1 -1 -1
0.6203340888023376 0.7329146265983582 0.460711270570755 -1 -1 -1 -1 -1 -1 -1 -1 -1
0.6180437207221985 0.7404608726501465 0.9777330160140991 -1 -1 -1 -1 -1 -1 -1 -1 -1
0.611243486404419 0.8149868249893188 0.6424306035041809 -1 -1 -1 -1 -1 -1 -1 -1 -1
0.6100946664810181 0.8283858895301819 0.9851036667823792 -1 -1 -1 -1 -1 -1 -1 -1 -1
0.6052041053771973 0.8312070965766907 0.7815621495246887 -1 -1 -1 -1 -1 -1 -1 -1 -1
0.6031988263130188 0.8426855802536011 0.9794248342514038 -1 -1 -1 -1 -1 -1 -1 -1 -1
0.6290373802185059 0.847396731376648 0.7111756801605225 -1 -1 -1 -1 -1 -1 -1 -1 -1
0.6288324594497681 0.8558127880096436 0.9680237174034119 -1 -1 -1 -1 -1 -1 -1 -1 -1
1 
33 
-1 -1 -1 -1 -1 -1 -1 -1 -1 -1
0.6597145795822144 0.4588468670845032 0.992842435836792 -1 -1 -1 -1 -1 -1 -1 -1 -1
0.6559948325157166 0.45022547245025635 0.9938222169876099 -1 -1 -1 -1 -1 -1 -1 -1 -1
0.6550529599189758 0.44963890314102173 0.9905851483345032 -1 -1 -1 -1 -1 -1 -1 -1 -1
0.654334306716919 0.4489583373069763 0.9937695860862732 -1 -1 -1 -1 -1 -1 -1 -1 -1
0.6559832692146301 0.4517855644226074 0.9949281215667725 -1 -1 -1 -1 -1 -1 -1 -1 -1
0.655323326587677 0.4517233371734619 0.9937931299209595 -1 -1 -1 -1 -1 -1 -1 -1 -1
0.6547437310218811 0.45170682668685913 0.9950674772262573 -1 -1 -1 -1 -1 -1 -1 -1 -1
0.6468477249145508 0.4508739709854126 0.9897915124893188 -1 -1 -1 -1 -1 -1 -1 -1 -1
0.6480627059936523 0.452031672000885 0.9925069212913513 -1 -1 -1 -1 -1 -1 -1 -1 -1
0.6555657386779785 0.46368876099586487 0.988416314125061 -1 -1 -1 -1 -1 -1 -1 -1 -1
0.6560143232345581 0.4641936123371124 0.989415168762207 -1 -1 -1 -1 -1 -1 -1 -1 -1
0.6437042951583862 0.47662582993507385 0.9839674830436707 -1 -1 -1 -1 -1 -1 -1 -1 -1
0.6400637626647949 0.4826524555683136 0.9945389628410339 -1 -1 -1 -1 -1 -1 -1 -1 -1
0.6555594205856323 0.42984679341316223 0.12357894331216812 -1 -1 -1 -1 -1 -1 -1 -1 -1
0.6400753855705261 0.4402334690093994 0.8700351119041443 -1 -1 -1 -1 -1 -1 -1 -1 -1
0.6547765731811523 0.38179993629455566 0.2716312110424042 -1 -1 -1 -1 -1 -1 -1 -1 -1
0.6304701566696167 0.3978880047798157 0.8113855719566345 -1 -1 -1 -1 -1 -1 -1 -1 -1
0.6524317860603333 0.3695126175880432 0.3165968358516693 -1 -1 -1 -1 -1 -1 -1 -1 -1
0.6263657212257385 0.38715851306915283 0.8065325617790222 -1 -1 -1 -1 -1 -1 -1 -1 -1
0.6523709297180176 0.3680657744407654 0.3257887065410614 -1 -1 -1 -1 -1 -1 -1 -1 -1
0.6255657076835632 0.3877406716346741 0.7934625744819641 -1 -1 -1 -1 -1 -1 -1 -1 -1
0.6541891098022461 0.3741069734096527 0.3252260982990265 -1 -1 -1 -1 -1 -1 -1 -1 -1
0.6271597743034363 0.39197179675102234 0.7350690364837646 -1 -1 -1 -1 -1 -1 -1 -1 -1
0.6219374537467957 0.6144275069236755 0.9975892305374146 -1 -1 -1 -1 -1 -1 -1 -1 -1
0.6271395087242126 0.6175557971000671 0.9977155923843384 -1 -1 -1 -1 -1 -1 -1 -1 -1
0.6169265508651733 0.7167276740074158 0.2580612897872925 -1 -1 -1 -1 -1 -1 -1 -1 -1
0.6175105571746826 0.7206016778945923 0.971780002117157 -1 -1 -1 -1 -1 -1 -1 -1 -1
0.6107311248779297 0.8070230484008789 0.5076979398727417 -1 -1 -1 -1 -1 -1 -1 -1 -1
0.6107211709022522 0.8158879280090332 0.9805278778076172 -1 -1 -1 -1 -1 -1 -1 -1 -1
0.6044538617134094 0.8207800388336182 0.6353215575218201 -1 -1 -1 -1 -1 -1 -1 -1 -1
0.6036530137062073 0.8279909491539001 0.9714464545249939 -1 -1 -1 -1 -1 -1 -1 -1 -1
0.6293087601661682 0.835101306438446 0.6390436291694641 -1 -1 -1 -1 -1 -1 -1 -1 -1
0.6308228969573975 0.8433928489685059 0.965111255645752 -1 -1 -1 -1 -1 -1 -1 -1 -1
1 
33 
-1 -1 -1 -1 -1 -1 -1 -1 -1 -1
0.6492778658866882 0.4432706832885742 0.9988942742347717 -1 -1 -1 -1 -1 -1 -1 -1 -1
0.6463652849197388 0.43541330099105835 0.9984501600265503 -1 -1 -1 -1 -1 -1 -1 -1 -1
0.6455256938934326 0.4348747134208679 0.9976500868797302 -1 -1 -1 -1 -1 -1 -1 -1 -1
0.6449647545814514 0.4344448745250702 0.9984835982322693 -1 -1 -1 -1 -1 -1 -1 -1 -1
0.6470049023628235 0.43600335717201233 0.9987108707427979 -1 -1 -1 -1 -1 -1 -1 -1 -1
0.6466993689537048 0.4359402358531952 0.9981698989868164 -1 -1 -1 -1 -1 -1 -1 -1 -1
0.6464807391166687 0.43583279848098755 0.9985249638557434 -1 -1 -1 -1 -1 -1 -1 -1 -1
0.6404619216918945 0.4367474317550659 0.9965747594833374 -1 -1 -1 -1 -1 -1 -1 -1 -1
0.6417220830917358 0.4372135400772095 0.9977413415908813 -1 -1 -1 -1 -1 -1 -1 -1 -1
0.6469132900238037 0.44812721014022827 0.9971686005592346 -1 -1 -1 -1 -1 -1 -1 -1 -1
0.6478832960128784 0.44925457239151 0.9973371624946594 -1 -1 -1 -1 -1 -1 -1 -1 -1
0.6280907392501831 0.4648345112800598 0.9975112676620483 -1 -1 -1 -1 -1 -1 -1 -1 -1
0.6418179869651794 0.4727996289730072 0.9995143413543701 -1 -1 -1 -1 -1 -1 -1 -1 -1
0.6375932693481445 0.40706297755241394 0.24366936087608337 -1 -1 -1 -1 -1 -1 -1 -1 -1
0.6644212007522583 0.41648635268211365 0.9927092790603638 -1 -1 -1 -1 -1 -1 -1 -1 -1
0.6523548364639282 0.3629339933395386 0.5951758027076721 -1 -1 -1 -1 -1 -1 -1 -1 -1
0.678466260433197 0.3980242908000946 0.9796764850616455 -1 -1 -1 -1 -1 -1 -1 -1 -1
0.6527060270309448 0.35078608989715576 0.6136284470558167 -1 -1 -1 -1 -1 -1 -1 -1 -1
0.6824235916137695 0.38006776571273804 0.9640337228775024 -1 -1 -1 -1 -1 -1 -1 -1 -1
0.6538676619529724 0.3508983254432678 0.6223081350326538 -1 -1 -1 -1 -1 -1 -1 -1 -1
0.6801069378852844 0.37937504053115845 0.9569664597511292 -1 -1 -1 -1 -1 -1 -1 -1 -1
0.6545126438140869 0.3571661114692688 0.6317760944366455 -1 -1 -1 -1 -1 -1 -1 -1 -1
0.6780683398246765 0.3820885419845581 0.9331887364387512 -1 -1 -1 -1 -1 -1 -1 -1 -1
0.6193743944168091 0.6115988492965698 0.999764621257782 -1 -1 -1 -1 -1 -1 -1 -1 -1
0.6245133280754089 0.6191805601119995 0.9998027682304382 -1 -1 -1 -1 -1 -1 -1 -1 -1
0.6179139614105225 0.7086839079856873 0.26495495438575745 -1 -1 -1 -1 -1 -1 -1 -1 -1
0.6168203949928284 0.7136738896369934 0.985996425151825 -1 -1 -1 -1 -1 -1 -1 -1 -1
0.6098958849906921 0.7982368469238281 0.5715540051460266 -1 -1 -1 -1 -1 -1 -1 -1 -1
0.6104483008384705 0.8072806000709534 0.990317702293396 -1 -1 -1 -1 -1 -1 -1 -1 -1
0.6030358672142029 0.8114922046661377 0.667466938495636 -1 -1 -1 -1 -1 -1 -1 -1 -1
0.6033591032028198 0.8189685940742493 0.9845167994499207 -1 -1 -1 -1 -1 -1 -1 -1 -1
0.6278073191642761 0.8294866681098938 0.7464413642883301 -1 -1 -1 -1 -1 -1 -1 -1 -1
0.6291011571884155 0.8368523120880127 0.982401430606842 -1 -1 -1 -1 -1 -1 -1 -1 -1
1 
33 
-1 -1 -1 -1 -1 -1 -1 -1 -1 -1
0.6506174206733704 0.43113598227500916 0.9995038509368896 -1 -1 -1 -1 -1 -1 -1 -1 -1
0.6481179594993591 0.42178601026535034 0.9992077946662903 -1 -1 -1 -1 -1 -1 -1 -1 -1
0.6476658582687378 0.4213391840457916 0.9986194372177124 -1 -1 -1 -1 -1 -1 -1 -1 -1
0.6472915410995483 0.421080619096756 0.9990444779396057 -1 -1 -1 -1 -1 -1 -1 -1 -1
0.6478614807128906 0.4221460223197937 0.9994903802871704 -1 -1 -1 -1 -1 -1 -1 -1 -1
0.6471343040466309 0.42190200090408325 0.9993853569030762 -1 -1 -1 -1 -1 -1 -1 -1 -1
0.6464613676071167 0.42184221744537354 0.9995150566101074 -1 -1 -1 -1 -1 -1 -1 -1 -1
0.6401174068450928 0.42355769872665405 0.9982216954231262 -1 -1 -1 -1 -1 -1 -1 -1 -1
0.6399450898170471 0.4246703088283539 0.9992089867591858 -1 -1 -1 -1 -1 -1 -1 -1 -1
0.648573637008667 0.4379822015762329 0.9981860518455505 -1 -1 -1 -1 -1 -1 -1 -1 -1
0.6482197642326355 0.4384092688560486 0.9985587000846863 -1 -1 -1 -1 -1 -1 -1 -1 -1
0.6294134855270386 0.45371514558792114 0.991565465927124 -1 -1 -1 -1 -1 -1 -1 -1 -1
0.6299803853034973 0.456528902053833 0.9992234706878662 -1 -1 -1 -1 -1 -1 -1 -1 -1
0.641291618347168 0.40078285336494446 0.16339707374572754 -1 -1 -1 -1 -1 -1 -1 -1 -1
0.6491684913635254 0.39908355474472046 0.9908955693244934 -1 -1 -1 -1 -1 -1 -1 -1 -1
0.6497095823287964 0.3463976979255676 0.49831801652908325 -1 -1 -1 -1 -1 -1 -1 -1 -1
0.6586080193519592 0.3601858615875244 0.9850841164588928 -1 -1 -1 -1 -1 -1 -1 -1 -1
0.6385403275489807 0.33646246790885925 0.5218474864959717 -1 -1 -1 -1 -1 -1 -1 -1 -1
0.6593503952026367 0.35512882471084595 0.9769917130470276 -1 -1 -1 -1 -1 -1 -1 -1 -1
0.6385940313339233 0.3325877785682678 0.5328967571258545 -1 -1 -1 -1 -1 -1 -1 -1 -1
0.6593655347824097 0.3546346426010132 0.9728859663009644 -1 -1 -1 -1 -1 -1 -1 -1 -1
0.6393980979919434 0.33832794427871704 0.5406450033187866 -1 -1 -1 -1 -1 -1 -1 -1 -1
0.659159243106842 0.3567394018173218 0.956990659236908 -1 -1 -1 -1 -1 -1 -1 -1 -1
0.6243401765823364 0.6027104258537292 0.9993059635162354 -1 -1 -1 -1 -1 -1 -1 -1 -1
0.6219496130943298 0.6075437664985657 0.9994999170303345 -1 -1 -1 -1 -1 -1 -1 -1 -1
0.6209163069725037 0.695783793926239 0.5053614377975464 -1 -1 -1 -1 -1 -1 -1 -1 -1
0.6162905693054199 0.7065466642379761 0.9845426678657532 -1 -1 -1 -1 -1 -1 -1 -1 -1
0.6128256320953369 0.783865749835968 0.6632570028305054 -1 -1 -1 -1 -1 -1 -1 -1 -1
0.6101152300834656 0.796432375907898 0.9902628660202026 -1 -1 -1 -1 -1 -1 -1 -1 -1
0.6060206294059753 0.7957863807678223 0.714839518070221 -1 -1 -1 -1 -1 -1 -1 -1 -1
0.6030310988426208 0.8052986264228821 0.9811448454856873 -1 -1 -1 -1 -1 -1 -1 -1 -1
0.6278263926506042 0.8163259029388428 0.7751461267471313 -1 -1 -1 -1 -1 -1 -1 -1 -1
0.6278100609779358 0.8290290832519531 0.9809885621070862 -1 -1 -1 -1 -1 -1 -1 -1 -1
1 
33 
-1 -1 -1 -1 -1 -1 -1 -1 -1 -1
0.6447650790214539 0.4150153398513794 0.9947431087493896 -1 -1 -1 -1 -1 -1 -1 -1 -1
0.642761766910553 0.406457781791687 0.9900464415550232 -1 -1 -1 -1 -1 -1 -1 -1 -1
0.6421853303909302 0.4061213731765747 0.9849426746368408 -1 -1 -1 -1 -1 -1 -1 -1 -1
0.6416183114051819 0.40590620040893555 0.9904645681381226 -1 -1 -1 -1 -1 -1 -1 -1 -1
0.6431517601013184 0.4068490266799927 0.9919682145118713 -1 -1 -1 -1 -1 -1 -1 -1 -1
0.6428178548812866 0.40674370527267456 0.9903854131698608 -1 -1 -1 -1 -1 -1 -1 -1 -1
0.6425284147262573 0.40681347250938416 0.9923477172851562 -1 -1 -1 -1 -1 -1 -1 -1 -1
0.6362042427062988 0.40915757417678833 0.9796415567398071 -1 -1 -1 -1 -1 -1 -1 -1 -1
0.6377461552619934 0.41129302978515625 0.9852521419525146 -1 -1 -1 -1 -1 -1 -1 -1 -1
0.6430240869522095 0.4224644601345062 0.9848443865776062 -1 -1 -1 -1 -1 -1 -1 -1 -1
0.6433334946632385 0.422698050737381 0.9840713739395142 -1 -1 -1 -1 -1 -1 -1 -1 -1
0.6269067525863647 0.44317513704299927 0.9885942935943604 -1 -1 -1 -1 -1 -1 -1 -1 -1
0.6309637427330017 0.44429337978363037 0.9976722598075867 -1 -1 -1 -1 -1 -1 -1 -1 -1
0.6411837339401245 0.3816789388656616 0.22889868915081024 -1 -1 -1 -1 -1 -1 -1 -1 -1
0.6518722772598267 0.39100539684295654 0.9821702241897583 -1 -1 -1 -1 -1 -1 -1 -1 -1
0.6446022987365723 0.32695311307907104 0.4787135124206543 -1 -1 -1 -1 -1 -1 -1 -1 -1
0.6532875895500183 0.34460699558258057 0.9741020202636719 -1 -1 -1 -1 -1 -1 -1 -1 -1
0.6383161544799805 0.31642448902130127 0.48796820640563965 -1 -1 -1 -1 -1 -1 -1 -1 -1
0.6517280340194702 0.3286709189414978 0.9619238376617432 -1 -1 -1 -1 -1 -1 -1 -1 -1
0.6407095789909363 0.3167271018028259 0.5001224875450134 -1 -1 -1 -1 -1 -1 -1 -1 -1
0.6509552597999573 0.3266904354095459 0.9565368294715881 -1 -1 -1 -1 -1 -1 -1 -1 -1
0.6414099335670471 0.3211325407028198 0.5189751982688904 -1 -1 -1 -1 -1 -1 -1 -1 -1
0.6490022540092468 0.33197221159935 0.9386900067329407 -1 -1 -1 -1 -1 -1 -1 -1 -1
0.6231058835983276 0.5985422134399414 0.9989607334136963 -1 -1 -1 -1 -1 -1 -1 -1 -1
0.6241705417633057 0.6025798320770264 0.9990988969802856 -1 -1 -1 -1 -1 -1 -1 -1 -1
0.6212688088417053 0.6891851425170898 0.36375516653060913 -1 -1 -1 -1 -1 -1 -1 -1 -1
0.6182616949081421 0.6962916254997253 0.9679011106491089 -1 -1 -1 -1 -1 -1 -1 -1 -1
0.6149939298629761 0.7655333876609802 0.496212363243103 -1 -1 -1 -1 -1 -1 -1 -1 -1
0.6137270331382751 0.7796919345855713 0.9780430793762207 -1 -1 -1 -1 -1 -1 -1 -1 -1
0.6093844771385193 0.777701199054718 0.533478856086731 -1 -1 -1 -1 -1 -1 -1 -1 -1
0.6081997752189636 0.792931079864502 0.9619461297988892 -1 -1 -1 -1 -1 -1 -1 -1 -1
0.6263852715492249 0.801413893699646 0.6549088954925537 -1 -1 -1 -1 -1 -1 -1 -1 -1
0.6267198920249939 0.8192239999771118 0.9647998809814453 -1 -1 -1 -1 -1 -1 -1 -1 -1
1 
33 
-1 -1 -1 -1 -1 -1 -1 -1 -1 -1
0.6450822949409485 0.40537673234939575 0.9983112812042236 -1 -1 -1 -1 -1 -1 -1 -1 -1
0.6428171396255493 0.3965880274772644 0.9971181154251099 -1 -1 -1 -1 -1 -1 -1 -1 -1
0.6427006125450134 0.39623790979385376 0.995246946811676 -1 -1 -1 -1 -1 -1 -1 -1 -1
0.6427276730537415 0.39603856205940247 0.9971820116043091 -1 -1 -1 -1 -1 -1 -1 -1 -1
0.6422858834266663 0.3964945673942566 0.9978728294372559 -1 -1 -1 -1 -1 -1 -1 -1 -1
0.6417216062545776 0.39600837230682373 0.9973178505897522 -1 -1 -1 -1 -1 -1 -1 -1 -1
0.6412985324859619 0.39569759368896484 0.9980213642120361 -1 -1 -1 -1 -1 -1 -1 -1 -1
0.6388611793518066 0.39859068393707275 0.9937604069709778 -1 -1 -1 -1 -1 -1 -1 -1 -1
0.6372487545013428 0.39866340160369873 0.9969791173934937 -1 -1 -1 -1 -1 -1 -1 -1 -1
0.6450258493423462 0.4129389524459839 0.996240496635437 -1 -1 -1 -1 -1 -1 -1 -1 -1
0.6442130208015442 0.41240453720092773 0.9967407584190369 -1 -1 -1 -1 -1 -1 -1 -1 -1
0.6397556066513062 0.4371911287307739 0.9904817938804626 -1 -1 -1 -1 -1 -1 -1 -1 -1
0.62794029712677 0.43286600708961487 0.9987004995346069 -1 -1 -1 -1 -1 -1 -1 -1 -1
0.6592139005661011 0.3797905445098877 0.32200294733047485 -1 -1 -1 -1 -1 -1 -1 -1 -1
0.6392379403114319 0.372810959815979 0.9949265718460083 -1 -1 -1 -1 -1 -1 -1 -1 -1
0.6631072163581848 0.32337892055511475 0.5446292161941528 -1 -1 -1 -1 -1 -1 -1 -1 -1
0.6466086506843567 0.321818470954895 0.9910467267036438 -1 -1 -1 -1 -1 -1 -1 -1 -1
0.6643840670585632 0.3122694492340088 0.5269805788993835 -1 -1 -1 -1 -1 -1 -1 -1 -1
0.6456762552261353 0.30686676502227783 0.9826767444610596 -1 -1 -1 -1 -1 -1 -1 -1 -1
0.6602605581283569 0.31024935841560364 0.53896164894104 -1 -1 -1 -1 -1 -1 -1 -1 -1
0.645057737827301 0.3058410882949829 0.979656994342804 -1 -1 -1 -1 -1 -1 -1 -1 -1
0.6590309739112854 0.3129560053348541 0.5605555772781372 -1 -1 -1 -1 -1 -1 -1 -1 -1
0.6465540528297424 0.31041285395622253 0.9689806699752808 -1 -1 -1 -1 -1 -1 -1 -1 -1
0.6310341358184814 0.5837934613227844 0.9982622265815735 -1 -1 -1 -1 -1 -1 -1 -1 -1
0.6206085085868835 0.5846964120864868 0.9986832737922668 -1 -1 -1 -1 -1 -1 -1 -1 -1
0.6291108727455139 0.6691376566886902 0.4979696273803711 -1 -1 -1 -1 -1 -1 -1 -1 -1
0.619881808757782 0.678970456123352 0.9612522125244141 -1 -1 -1 -1 -1 -1 -1 -1 -1
0.6169419884681702 0.7565338611602783 0.5743040442466736 -1 -1 -1 -1 -1 -1 -1 -1 -1
0.6145501732826233 0.7734801173210144 0.9808071255683899 -1 -1 -1 -1 -1 -1 -1 -1 -1
0.6110971570014954 0.7689929008483887 0.6149340271949768 -1 -1 -1 -1 -1 -1 -1 -1 -1
0.6090944409370422 0.7832546830177307 0.9601079225540161 -1 -1 -1 -1 -1 -1 -1 -1 -1
0.6296337842941284 0.795920729637146 0.707302987575531 -1 -1 -1 -1 -1 -1 -1 -1 -1
0.6285448670387268 0.8134468197822571 0.9687412977218628 -1 -1 -1 -1 -1 -1 -1 -1 -1
1 
33 
-1 -1 -1 -1 -1 -1 -1 -1 -1 -1
0.6478557586669922 0.38920366764068604 0.9969823956489563 -1 -1 -1 -1 -1 -1 -1 -1 -1
0.64528888463974 0.37898147106170654 0.9951121211051941 -1 -1 -1 -1 -1 -1 -1 -1 -1
0.6451424360275269 0.37882569432258606 0.992180585861206 -1 -1 -1 -1 -1 -1 -1 -1 -1
0.6451436877250671 0.3788394629955292 0.9952061772346497 -1 -1 -1 -1 -1 -1 -1 -1 -1
0.6447866559028625 0.379040390253067 0.9967717528343201 -1 -1 -1 -1 -1 -1 -1 -1 -1
0.6442021727561951 0.3788852095603943 0.9962236881256104 -1 -1 -1 -1 -1 -1 -1 -1 -1
0.6437579393386841 0.37886738777160645 0.9973113536834717 -1 -1 -1 -1 -1 -1 -1 -1 -1
0.6400813460350037 0.38265830278396606 0.9921301007270813 -1 -1 -1 -1 -1 -1 -1 -1 -1
0.6384304761886597 0.3829628825187683 0.9952651262283325 -1 -1 -1 -1 -1 -1 -1 -1 -1
0.6472505331039429 0.3988018035888672 0.9933052659034729 -1 -1 -1 -1 -1 -1 -1 -1 -1
0.6461028456687927 0.39822494983673096 0.9944950938224792 -1 -1 -1 -1 -1 -1 -1 -1 -1
0.6415457129478455 0.42915773391723633 0.9799126386642456 -1 -1 -1 -1 -1 -1 -1 -1 -1
0.6285222172737122 0.42143094539642334 0.9978912472724915 -1 -1 -1 -1 -1 -1 -1 -1 -1
0.6615628004074097 0.37094587087631226 0.18921250104904175 -1 -1 -1 -1 -1 -1 -1 -1 -1
0.644160807132721 0.3605300486087799 0.9899262189865112 -1 -1 -1 -1 -1 -1 -1 -1 -1
0.6636579632759094 0.32095015048980713 0.42306751012802124 -1 -1 -1 -1 -1 -1 -1 -1 -1
0.6535741686820984 0.3116433024406433 0.9893109798431396 -1 -1 -1 -1 -1 -1 -1 -1 -1
0.6670000553131104 0.30625712871551514 0.44145894050598145 -1 -1 -1 -1 -1 -1 -1 -1 -1
0.6533177495002747 0.29971396923065186 0.982026994228363 -1 -1 -1 -1 -1 -1 -1 -1 -1
0.6630327105522156 0.3030427098274231 0.4531377851963043 -1 -1 -1 -1 -1 -1 -1 -1 -1
0.6544240713119507 0.29398417472839355 0.9790351390838623 -1 -1 -1 -1 -1 -1 -1 -1 -1
0.6613526940345764 0.30615368485450745 0.46615710854530334 -1 -1 -1 -1 -1 -1 -1 -1 -1
0.6528297066688538 0.29952728748321533 0.9672073721885681 -1 -1 -1 -1 -1 -1 -1 -1 -1
0.6274377703666687 0.5769528746604919 0.9974008798599243 -1 -1 -1 -1 -1 -1 -1 -1 -1
0.619283139705658 0.5778828859329224 0.9986196756362915 -1 -1 -1 -1 -1 -1 -1 -1 -1
0.6303961277008057 0.6588215231895447 0.4747357964515686 -1 -1 -1 -1 -1 -1 -1 -1 -1
0.6211827397346497 0.6680793166160583 0.9565035700798035 -1 -1 -1 -1 -1 -1 -1 -1 -1
0.6153159737586975 0.7347544431686401 0.4364846348762512 -1 -1 -1 -1 -1 -1 -1 -1 -1
0.6140406727790833 0.7627749443054199 0.9727775454521179 -1 -1 -1 -1 -1 -1 -1 -1 -1
0.6087877154350281 0.7427058219909668 0.5067995190620422 -1 -1 -1 -1 -1 -1 -1 -1 -1
0.6079875826835632 0.7725131511688232 0.9571537971496582 -1 -1 -1 -1 -1 -1 -1 -1 -1
0.6267947554588318 0.7728999257087708 0.6003918051719666 -1 -1 -1 -1 -1 -1 -1 -1 -1
0.625963032245636 0.8034766912460327 0.9600400328636169 -1 -1 -1 -1 -1 -1 -1 -1 -1
1 
33 
-1 -1 -1 -1 -1 -1 -1 -1 -1 -1
0.647385835647583 0.39489424228668213 0.9927031993865967 -1 -1 -1 -1 -1 -1 -1 -1 -1
0.6455279588699341 0.3850865364074707 0.9893540143966675 -1 -1 -1 -1 -1 -1 -1 -1 -1
0.6454428434371948 0.38462895154953003 0.9819127321243286 -1 -1 -1 -1 -1 -1 -1 -1 -1
0.6454129219055176 0.38405483961105347 0.9870765805244446 -1 -1 -1 -1 -1 -1 -1 -1 -1
0.6444372534751892 0.3848382234573364 0.9930220246315002 -1 -1 -1 -1 -1 -1 -1 -1 -1
0.643567681312561 0.3843848705291748 0.9915419816970825 -1 -1 -1 -1 -1 -1 -1 -1 -1
0.6427431702613831 0.38393908739089966 0.9934045672416687 -1 -1 -1 -1 -1 -1 -1 -1 -1
0.6409544348716736 0.3841121196746826 0.9767394065856934 -1 -1 -1 -1 -1 -1 -1 -1 -1
0.6376939415931702 0.3854106068611145 0.9913109540939331 -1 -1 -1 -1 -1 -1 -1 -1 -1
0.6469544768333435 0.4038124084472656 0.9861830472946167 -1 -1 -1 -1 -1 -1 -1 -1 -1
0.6452163457870483 0.40358731150627136 0.9881995916366577 -1 -1 -1 -1 -1 -1 -1 -1 -1
0.6404297947883606 0.4257378578186035 0.9769481420516968 -1 -1 -1 -1 -1 -1 -1 -1 -1
0.6251306533813477 0.4197888672351837 0.9971839785575867 -1 -1 -1 -1 -1 -1 -1 -1 -1
0.6610089540481567 0.3668749928474426 0.13667182624340057 -1 -1 -1 -1 -1 -1 -1 -1 -1
0.6400753259658813 0.3569508194923401 0.9879777431488037 -1 -1 -1 -1 -1 -1 -1 -1 -1
0.6643378734588623 0.30936601758003235 0.35702043771743774 -1 -1 -1 -1 -1 -1 -1 -1 -1
0.6503912210464478 0.29882359504699707 0.989471971988678 -1 -1 -1 -1 -1 -1 -1 -1 -1
0.6652087569236755 0.29765743017196655 0.3806396424770355 -1 -1 -1 -1 -1 -1 -1 -1 -1
0.6479602456092834 0.2773612141609192 0.9831470847129822 -1 -1 -1 -1 -1 -1 -1 -1 -1
0.664087176322937 0.2933851480484009 0.38603711128234863 -1 -1 -1 -1 -1 -1 -1 -1 -1
0.6495973467826843 0.2786053419113159 0.9800868034362793 -1 -1 -1 -1 -1 -1 -1 -1 -1
0.6624305844306946 0.29758185148239136 0.4085465669631958 -1 -1 -1 -1 -1 -1 -1 -1 -1
0.649405837059021 0.2839180827140808 0.9685209393501282 -1 -1 -1 -1 -1 -1 -1 -1 -1
0.6275754570960999 0.5718696117401123 0.9970268607139587 -1 -1 -1 -1 -1 -1 -1 -1 -1
0.6169382333755493 0.5742071866989136 0.9984232187271118 -1 -1 -1 -1 -1 -1 -1 -1 -1
0.6371110677719116 0.667402446269989 0.4354310929775238 -1 -1 -1 -1 -1 -1 -1 -1 -1
0.6192348003387451 0.6763557195663452 0.9530046582221985 -1 -1 -1 -1 -1 -1 -1 -1 -1
0.6161438822746277 0.7372878789901733 0.4687044620513916 -1 -1 -1 -1 -1 -1 -1 -1 -1
0.6163783073425293 0.7665491104125977 0.9753531813621521 -1 -1 -1 -1 -1 -1 -1 -1 -1
0.6204251646995544 0.7409138083457947 0.6089398264884949 -1 -1 -1 -1 -1 -1 -1 -1 -1
0.6084967255592346 0.7725285291671753 0.9627858996391296 -1 -1 -1 -1 -1 -1 -1 -1 -1
0.6316776871681213 0.7792340517044067 0.5707498788833618 -1 -1 -1 -1 -1 -1 -1 -1 -1
0.6269630789756775 0.8010343313217163 0.9516997337341309 -1 -1 -1 -1 -1 -1 -1 -1 -1
1 
33 
-1 -1 -1 -1 -1 -1 -1 -1 -1 -1
0.6526416540145874 0.3788638710975647 0.9978488683700562 -1 -1 -1 -1 -1 -1 -1 -1 -1
0.6509101390838623 0.36966800689697266 0.9965672492980957 -1 -1 -1 -1 -1 -1 -1 -1 -1
0.6506242752075195 0.36944618821144104 0.9941984415054321 -1 -1 -1 -1 -1 -1 -1 -1 -1
0.6504854559898376 0.3694065809249878 0.9963298439979553 -1 -1 -1 -1 -1 -1 -1 -1 -1
0.6500046253204346 0.3691335916519165 0.9973575472831726 -1 -1 -1 -1 -1 -1 -1 -1 -1
0.6492061018943787 0.3686043918132782 0.9967197775840759 -1 -1 -1 -1 -1 -1 -1 -1 -1
0.6484524011611938 0.36810243129730225 0.9976746439933777 -1 -1 -1 -1 -1 -1 -1 -1 -1
0.6454226970672607 0.37254446744918823 0.993118405342102 -1 -1 -1 -1 -1 -1 -1 -1 -1
0.642616868019104 0.3709641098976135 0.9967227578163147 -1 -1 -1 -1 -1 -1 -1 -1 -1
0.6516758799552917 0.38767746090888977 0.9959656000137329 -1 -1 -1 -1 -1 -1 -1 -1 -1
0.6505510807037354 0.3866046667098999 0.9963721036911011 -1 -1 -1 -1 -1 -1 -1 -1 -1
0.6442456841468811 0.41866782307624817 0.9899420738220215 -1 -1 -1 -1 -1 -1 -1 -1 -1
0.6286833882331848 0.4060930609703064 0.9987599849700928 -1 -1 -1 -1 -1 -1 -1 -1 -1
0.6661118268966675 0.3627451956272125 0.21643386781215668 -1 -1 -1 -1 -1 -1 -1 -1 -1
0.6441739201545715 0.3458649516105652 0.9957332015037537 -1 -1 -1 -1 -1 -1 -1 -1 -1
0.6680389642715454 0.305716335773468 0.4266730844974518 -1 -1 -1 -1 -1 -1 -1 -1 -1
0.6547825336456299 0.2813616394996643 0.9940547347068787 -1 -1 -1 -1 -1 -1 -1 -1 -1
0.6707396507263184 0.2948217988014221 0.42818593978881836 -1 -1 -1 -1 -1 -1 -1 -1 -1
0.6564381122589111 0.26833590865135193 0.9887006878852844 -1 -1 -1 -1 -1 -1 -1 -1 -1
0.669049084186554 0.2892376780509949 0.4344229996204376 -1 -1 -1 -1 -1 -1 -1 -1 -1
0.6552338600158691 0.2672387361526489 0.9865708947181702 -1 -1 -1 -1 -1 -1 -1 -1 -1
0.6673575043678284 0.2933378219604492 0.46547117829322815 -1 -1 -1 -1 -1 -1 -1 -1 -1
0.6549952626228333 0.27166515588760376 0.9794023036956787 -1 -1 -1 -1 -1 -1 -1 -1 -1
0.6269490718841553 0.5672160387039185 0.9980019927024841 -1 -1 -1 -1 -1 -1 -1 -1 -1
0.6168526411056519 0.5658214688301086 0.9987744688987732 -1 -1 -1 -1 -1 -1 -1 -1 -1
0.6305538415908813 0.6585760116577148 0.31904035806655884 -1 -1 -1 -1 -1 -1 -1 -1 -1
0.6219866871833801 0.6661592721939087 0.9431177377700806 -1 -1 -1 -1 -1 -1 -1 -1 -1
0.6174437999725342 0.7371873259544373 0.3845260739326477 -1 -1 -1 -1 -1 -1 -1 -1 -1
0.6171809434890747 0.7620025277137756 0.9726200699806213 -1 -1 -1 -1 -1 -1 -1 -1 -1
0.6193917393684387 0.7465046644210815 0.5313981771469116 -1 -1 -1 -1 -1 -1 -1 -1 -1
0.6091066598892212 0.7775738835334778 0.9650711417198181 -1 -1 -1 -1 -1 -1 -1 -1 -1
0.6386297345161438 0.7723288536071777 0.550240695476532 -1 -1 -1 -1 -1 -1 -1 -1 -1
0.6268863677978516 0.7993972301483154 0.9550935626029968 -1 -1 -1 -1 -1 -1 -1 -1 -1
1 
33 
-1 -1 -1 -1 -1 -1 -1 -1 -1 -1
0.6555896401405334 0.3855324983596802 0.998021125793457 -1 -1 -1 -1 -1 -1 -1 -1 -1
0.6538081169128418 0.3758697509765625 0.9970859885215759 -1 -1 -1 -1 -1 -1 -1 -1 -1
0.6533864736557007 0.3753622770309448 0.995246946811676 -1 -1 -1 -1 -1 -1 -1 -1 -1
0.6529557108879089 0.3748915493488312 0.9965412020683289 -1 -1 -1 -1 -1 -1 -1 -1 -1
0.6527970433235168 0.3756085932254791 0.9979557991027832 -1 -1 -1 -1 -1 -1 -1 -1 -1
0.6517083644866943 0.37488415837287903 0.9976796507835388 -1 -1 -1 -1 -1 -1 -1 -1 -1
0.6506204009056091 0.3741829991340637 0.9981192946434021 -1 -1 -1 -1 -1 -1 -1 -1 -1
0.6455304622650146 0.37606939673423767 0.9938061237335205 -1 -1 -1 -1 -1 -1 -1 -1 -1
0.6432910561561584 0.37610623240470886 0.9975420236587524 -1 -1 -1 -1 -1 -1 -1 -1 -1
0.6530997157096863 0.3939967155456543 0.9952581524848938 -1 -1 -1 -1 -1 -1 -1 -1 -1
0.6518786549568176 0.39325618743896484 0.9960804581642151 -1 -1 -1 -1 -1 -1 -1 -1 -1
0.6407279372215271 0.4175297021865845 0.991891622543335 -1 -1 -1 -1 -1 -1 -1 -1 -1
0.6288821697235107 0.4099743962287903 0.9988824725151062 -1 -1 -1 -1 -1 -1 -1 -1 -1
0.6552644371986389 0.35067838430404663 0.1418861299753189 -1 -1 -1 -1 -1 -1 -1 -1 -1
0.6472212672233582 0.35090750455856323 0.9924930930137634 -1 -1 -1 -1 -1 -1 -1 -1 -1
0.6628882884979248 0.2974444031715393 0.48642897605895996 -1 -1 -1 -1 -1 -1 -1 -1 -1
0.6602590680122375 0.2903163433074951 0.9934470057487488 -1 -1 -1 -1 -1 -1 -1 -1 -1
0.6626988053321838 0.2814508080482483 0.5256274938583374 -1 -1 -1 -1 -1 -1 -1 -1 -1
0.6600317358970642 0.2714676856994629 0.9892760515213013 -1 -1 -1 -1 -1 -1 -1 -1 -1
0.6623948812484741 0.27868837118148804 0.5335748791694641 -1 -1 -1 -1 -1 -1 -1 -1 -1
0.6607640385627747 0.27072834968566895 0.9870729446411133 -1 -1 -1 -1 -1 -1 -1 -1 -1
0.6619964241981506 0.2840959131717682 0.546923041343689 -1 -1 -1 -1 -1 -1 -1 -1 -1
0.6600500345230103 0.276579350233078 0.978478193283081 -1 -1 -1 -1 -1 -1 -1 -1 -1
0.6232473254203796 0.5622975826263428 0.999112069606781 -1 -1 -1 -1 -1 -1 -1 -1 -1
0.6157949566841125 0.5653320550918579 0.9993265867233276 -1 -1 -1 -1 -1 -1 -1 -1 -1
0.6331804394721985 0.6550804972648621 0.3109772503376007 -1 -1 -1 -1 -1 -1 -1 -1 -1
0.6251236796379089 0.6614638566970825 0.961143434047699 -1 -1 -1 -1 -1 -1 -1 -1 -1
0.6179671287536621 0.7393528819084167 0.4752209484577179 -1 -1 -1 -1 -1 -1 -1 -1 -1
0.6165635585784912 0.7553627490997314 0.9759449362754822 -1 -1 -1 -1 -1 -1 -1 -1 -1
0.6101856827735901 0.7522899508476257 0.6146726608276367 -1 -1 -1 -1 -1 -1 -1 -1 -1
0.60989910364151 0.7663404941558838 0.9684979319572449 -1 -1 -1 -1 -1 -1 -1 -1 -1
0.6282016634941101 0.7796399593353271 0.6074325442314148 -1 -1 -1 -1 -1 -1 -1 -1 -1
0.6264760494232178 0.7938123941421509 0.9553747773170471 -1 -1 -1 -1 -1 -1 -1 -1 -1
1 
33 
-1 -1 -1 -1 -1 -1 -1 -1 -1 -1
0.6520239114761353 0.38857173919677734 0.9980795383453369 -1 -1 -1 -1 -1 -1 -1 -1 -1
0.6498894691467285 0.3784002661705017 0.9971988201141357 -1 -1 -1 -1 -1 -1 -1 -1 -1
0.6495323181152344 0.37809932231903076 0.995685338973999 -1 -1 -1 -1 -1 -1 -1 -1 -1
0.6491671800613403 0.37777429819107056 0.9970980882644653 -1 -1 -1 -1 -1 -1 -1 -1 -1
0.6491738557815552 0.37796255946159363 0.9976578950881958 -1 -1 -1 -1 -1 -1 -1 -1 -1
0.6483544707298279 0.37740546464920044 0.997160792350769 -1 -1 -1 -1 -1 -1 -1 -1 -1
0.6475458741188049 0.3768226206302643 0.9976859092712402 -1 -1 -1 -1 -1 -1 -1 -1 -1
0.6432467699050903 0.3801364302635193 0.9942890405654907 -1 -1 -1 -1 -1 -1 -1 -1 -1
0.6419578194618225 0.38022899627685547 0.9969707727432251 -1 -1 -1 -1 -1 -1 -1 -1 -1
0.6501745581626892 0.39759910106658936 0.9955031275749207 -1 -1 -1 -1 -1 -1 -1 -1 -1
0.6490923762321472 0.3969835042953491 0.9959049820899963 -1 -1 -1 -1 -1 -1 -1 -1 -1
0.6389166116714478 0.417758971452713 0.9948617815971375 -1 -1 -1 -1 -1 -1 -1 -1 -1
0.6314809918403625 0.4120383858680725 0.9991652965545654 -1 -1 -1 -1 -1 -1 -1 -1 -1
0.6588876843452454 0.35997438430786133 0.18517452478408813 -1 -1 -1 -1 -1 -1 -1 -1 -1
0.6514959931373596 0.3514171540737152 0.9919925928115845 -1 -1 -1 -1 -1 -1 -1 -1 -1
0.6697085499763489 0.302873432636261 0.49159353971481323 -1 -1 -1 -1 -1 -1 -1 -1 -1
0.6675962209701538 0.2887299954891205 0.9913594126701355 -1 -1 -1 -1 -1 -1 -1 -1 -1
0.6735453009605408 0.28333303332328796 0.5218183994293213 -1 -1 -1 -1 -1 -1 -1 -1 -1
0.6707069873809814 0.2727492153644562 0.984828531742096 -1 -1 -1 -1 -1 -1 -1 -1 -1
0.672156810760498 0.27887386083602905 0.530960738658905 -1 -1 -1 -1 -1 -1 -1 -1 -1
0.6684352159500122 0.27174806594848633 0.9815658330917358 -1 -1 -1 -1 -1 -1 -1 -1 -1
0.6688162684440613 0.28877922892570496 0.5454050898551941 -1 -1 -1 -1 -1 -1 -1 -1 -1
0.6675141453742981 0.2763515114784241 0.9712800979614258 -1 -1 -1 -1 -1 -1 -1 -1 -1
0.6186041235923767 0.5617228746414185 0.9994463324546814 -1 -1 -1 -1 -1 -1 -1 -1 -1
0.6133492588996887 0.5677223801612854 0.999546468257904 -1 -1 -1 -1 -1 -1 -1 -1 -1
0.6363261938095093 0.6495778560638428 0.37873268127441406 -1 -1 -1 -1 -1 -1 -1 -1 -1
0.6294713020324707 0.6568922400474548 0.9775577783584595 -1 -1 -1 -1 -1 -1 -1 -1 -1
0.6183589696884155 0.7383225560188293 0.6323269009590149 -1 -1 -1 -1 -1 -1 -1 -1 -1
0.6146631836891174 0.7451634407043457 0.9858683347702026 -1 -1 -1 -1 -1 -1 -1 -1 -1
0.6090678572654724 0.7506763935089111 0.7139793634414673 -1 -1 -1 -1 -1 -1 -1 -1 -1
0.6053326725959778 0.7555674910545349 0.9739953279495239 -1 -1 -1 -1 -1 -1 -1 -1 -1
0.6323293447494507 0.7731130123138428 0.7398991584777832 -1 -1 -1 -1 -1 -1 -1 -1 -1
0.625073254108429 0.7925171852111816 0.9737482070922852 -1 -1 -1 -1 -1 -1 -1 -1 -1
1 
33 
-1 -1 -1 -1 -1 -1 -1 -1 -1 -1
0.6515448093414307 0.3961062431335449 0.9982759952545166 -1 -1 -1 -1 -1 -1 -1 -1 -1
0.6497641801834106 0.38718223571777344 0.9971042275428772 -1 -1 -1 -1 -1 -1 -1 -1 -1
0.6494877338409424 0.3870556354522705 0.9958277344703674 -1 -1 -1 -1 -1 -1 -1 -1 -1
0.6492716073989868 0.38679659366607666 0.9969015121459961 -1 -1 -1 -1 -1 -1 -1 -1 -1
0.6491056680679321 0.3867868185043335 0.99774169921875 -1 -1 -1 -1 -1 -1 -1 -1 -1
0.6484121084213257 0.3864734172821045 0.9975746273994446 -1 -1 -1 -1 -1 -1 -1 -1 -1
0.6478149890899658 0.3861008286476135 0.9980231523513794 -1 -1 -1 -1 -1 -1 -1 -1 -1
0.6437318325042725 0.38813120126724243 0.9952540397644043 -1 -1 -1 -1 -1 -1 -1 -1 -1
0.6428428292274475 0.38854551315307617 0.9969261288642883 -1 -1 -1 -1 -1 -1 -1 -1 -1
0.6500421166419983 0.4050459861755371 0.9942517280578613 -1 -1 -1 -1 -1 -1 -1 -1 -1
0.6490275263786316 0.4042956829071045 0.9955083131790161 -1 -1 -1 -1 -1 -1 -1 -1 -1
0.6369584202766418 0.4244809150695801 0.9936109185218811 -1 -1 -1 -1 -1 -1 -1 -1 -1
0.6315380334854126 0.4225432276725769 0.9989126920700073 -1 -1 -1 -1 -1 -1 -1 -1 -1
0.6578550338745117 0.37918969988822937 0.1206536740064621 -1 -1 -1 -1 -1 -1 -1 -1 -1
0.6536856293678284 0.36906909942626953 0.9895093441009521 -1 -1 -1 -1 -1 -1 -1 -1 -1
0.6745062470436096 0.32661449909210205 0.3553699851036072 -1 -1 -1 -1 -1 -1 -1 -1 -1
0.6714228987693787 0.31421804428100586 0.9899227023124695 -1 -1 -1 -1 -1 -1 -1 -1 -1
0.6762866973876953 0.3159381151199341 0.42964601516723633 -1 -1 -1 -1 -1 -1 -1 -1 -1
0.6756191253662109 0.2997656762599945 0.9839173555374146 -1 -1 -1 -1 -1 -1 -1 -1 -1
0.6754555106163025 0.31064239144325256 0.43878456950187683 -1 -1 -1 -1 -1 -1 -1 -1 -1
0.6739176511764526 0.29750871658325195 0.9804373383522034 -1 -1 -1 -1 -1 -1 -1 -1 -1
0.6752110123634338 0.31442737579345703 0.452252060174942 -1 -1 -1 -1 -1 -1 -1 -1 -1
0.6722373962402344 0.30076348781585693 0.9664901494979858 -1 -1 -1 -1 -1 -1 -1 -1 -1
0.6142321228981018 0.5649029612541199 0.9985188841819763 -1 -1 -1 -1 -1 -1 -1 -1 -1
0.6082092523574829 0.5745192766189575 0.9987786412239075 -1 -1 -1 -1 -1 -1 -1 -1 -1
0.6381768584251404 0.6462752819061279 0.3869611918926239 -1 -1 -1 -1 -1 -1 -1 -1 -1
0.6369673013687134 0.6513723134994507 0.9885158538818359 -1 -1 -1 -1 -1 -1 -1 -1 -1
0.6173581480979919 0.7287178635597229 0.5518380403518677 -1 -1 -1 -1 -1 -1 -1 -1 -1
0.6143097281455994 0.7418811321258545 0.9873257875442505 -1 -1 -1 -1 -1 -1 -1 -1 -1
0.6066353917121887 0.7392383217811584 0.6359961032867432 -1 -1 -1 -1 -1 -1 -1 -1 -1
0.6034893989562988 0.7510352730751038 0.9681057333946228 -1 -1 -1 -1 -1 -1 -1 -1 -1
0.6357709169387817 0.7565755844116211 0.6869933009147644 -1 -1 -1 -1 -1 -1 -1 -1 -1
0.6257705688476562 0.7870798707008362 0.9742541909217834 -1 -1 -1 -1 -1 -1 -1 -1 -1
1 
33 
-1 -1 -1 -1 -1 -1 -1 -1 -1 -1
0.6575371026992798 0.4078863263130188 0.9995627999305725 -1 -1 -1 -1 -1 -1 -1 -1 -1
0.6562437415122986 0.3973863124847412 0.9991376399993896 -1 -1 -1 -1 -1 -1 -1 -1 -1
0.6560949683189392 0.39677679538726807 0.9986816048622131 -1 -1 -1 -1 -1 -1 -1 -1 -1
0.6560558080673218 0.3960275948047638 0.9989238381385803 -1 -1 -1 -1 -1 -1 -1 -1 -1
0.6549137830734253 0.3971007466316223 0.9994311928749084 -1 -1 -1 -1 -1 -1 -1 -1 -1
0.6538040041923523 0.39621493220329285 0.9994245767593384 -1 -1 -1 -1 -1 -1 -1 -1 -1
0.652787983417511 0.3953918516635895 0.9995383024215698 -1 -1 -1 -1 -1 -1 -1 -1 -1
0.6487410068511963 0.39573538303375244 0.9988155364990234 -1 -1 -1 -1 -1 -1 -1 -1 -1
0.6454813480377197 0.396319717168808 0.9990251064300537 -1 -1 -1 -1 -1 -1 -1 -1 -1
0.6557180285453796 0.4142768383026123 0.997922956943512 -1 -1 -1 -1 -1 -1 -1 -1 -1
0.6541892886161804 0.4138675332069397 0.9982708692550659 -1 -1 -1 -1 -1 -1 -1 -1 -1
0.6426306366920471 0.43351662158966064 0.9945483803749084 -1 -1 -1 -1 -1 -1 -1 -1 -1
0.6277125477790833 0.4292418360710144 0.9994783997535706 -1 -1 -1 -1 -1 -1 -1 -1 -1
0.6649166941642761 0.39313599467277527 0.1048981100320816 -1 -1 -1 -1 -1 -1 -1 -1 -1
0.6632577776908875 0.4007413983345032 0.9911778569221497 -1 -1 -1 -1 -1 -1 -1 -1 -1
0.6760818362236023 0.3487151265144348 0.2974949777126312 -1 -1 -1 -1 -1 -1 -1 -1 -1
0.6765637993812561 0.3413984775543213 0.991424024105072 -1 -1 -1 -1 -1 -1 -1 -1 -1
0.677804172039032 0.3393567204475403 0.3563145101070404 -1 -1 -1 -1 -1 -1 -1 -1 -1
0.6817662119865417 0.3304656744003296 0.9868288636207581 -1 -1 -1 -1 -1 -1 -1 -1 -1
0.6764110326766968 0.3355734348297119 0.36495083570480347 -1 -1 -1 -1 -1 -1 -1 -1 -1
0.679678738117218 0.3248467445373535 0.9848445057868958 -1 -1 -1 -1 -1 -1 -1 -1 -1
0.6763535737991333 0.3397003412246704 0.3877681493759155 -1 -1 -1 -1 -1 -1 -1 -1 -1
0.6774020791053772 0.3286200165748596 0.9730581641197205 -1 -1 -1 -1 -1 -1 -1 -1 -1
0.6194000840187073 0.5793153643608093 0.9994809031486511 -1 -1 -1 -1 -1 -1 -1 -1 -1
0.6080104112625122 0.5805083513259888 0.9996820688247681 -1 -1 -1 -1 -1 -1 -1 -1 -1
0.6490800976753235 0.6472434997558594 0.5546108484268188 -1 -1 -1 -1 -1 -1 -1 -1 -1
0.6395015120506287 0.6542317271232605 0.9870281219482422 -1 -1 -1 -1 -1 -1 -1 -1 -1
0.6320728063583374 0.706889271736145 0.6059094667434692 -1 -1 -1 -1 -1 -1 -1 -1 -1
0.6137391924858093 0.7486789226531982 0.9917078614234924 -1 -1 -1 -1 -1 -1 -1 -1 -1
0.6234826445579529 0.7139586210250854 0.6986207365989685 -1 -1 -1 -1 -1 -1 -1 -1 -1
0.6028318405151367 0.7585076093673706 0.9798396229743958 -1 -1 -1 -1 -1 -1 -1 -1 -1
0.6483811736106873 0.738119900226593 0.766190767288208 -1 -1 -1 -1 -1 -1 -1 -1 -1
0.6288352608680725 0.7858304977416992 0.9850480556488037 -1 -1 -1 -1 -1 -1 -1 -1 -1
1 
33 
-1 -1 -1 -1 -1 -1 -1 -1 -1 -1
0.6563290357589722 0.4292104244232178 0.9986191987991333 -1 -1 -1 -1 -1 -1 -1 -1 -1
0.6554233431816101 0.42076265811920166 0.9973317384719849 -1 -1 -1 -1 -1 -1 -1 -1 -1
0.6549310088157654 0.4201754331588745 0.996396005153656 -1 -1 -1 -1 -1 -1 -1 -1 -1
0.654521107673645 0.4196464717388153 0.9973856806755066 -1 -1 -1 -1 -1 -1 -1 -1 -1
0.6551288366317749 0.42098677158355713 0.9984093308448792 -1 -1 -1 -1 -1 -1 -1 -1 -1
0.6543747186660767 0.42050278186798096 0.9985364675521851 -1 -1 -1 -1 -1 -1 -1 -1 -1
0.6536837816238403 0.4200136065483093 0.9988425970077515 -1 -1 -1 -1 -1 -1 -1 -1 -1
0.6463810801506042 0.42065364122390747 0.9967141151428223 -1 -1 -1 -1 -1 -1 -1 -1 -1
0.6458375453948975 0.42020079493522644 0.9976097345352173 -1 -1 -1 -1 -1 -1 -1 -1 -1
0.6530552506446838 0.43426722288131714 0.990715503692627 -1 -1 -1 -1 -1 -1 -1 -1 -1
0.6526797413825989 0.4342474639415741 0.9936155080795288 -1 -1 -1 -1 -1 -1 -1 -1 -1
0.6309690475463867 0.4537465274333954 0.9909676909446716 -1 -1 -1 -1 -1 -1 -1 -1 -1
0.6342141628265381 0.44703540205955505 0.9985180497169495 -1 -1 -1 -1 -1 -1 -1 -1 -1
0.6551172137260437 0.44991832971572876 0.06548178195953369 -1 -1 -1 -1 -1 -1 -1 -1 -1
0.6571020483970642 0.4143564999103546 0.9802756905555725 -1 -1 -1 -1 -1 -1 -1 -1 -1
0.6769514679908752 0.43287938833236694 0.1839946061372757 -1 -1 -1 -1 -1 -1 -1 -1 -1
0.6817062497138977 0.39166688919067383 0.9743692278862 -1 -1 -1 -1 -1 -1 -1 -1 -1
0.679817795753479 0.42687785625457764 0.24813060462474823 -1 -1 -1 -1 -1 -1 -1 -1 -1
0.6852627992630005 0.3815443515777588 0.9636315107345581 -1 -1 -1 -1 -1 -1 -1 -1 -1
0.6806865930557251 0.42312347888946533 0.26197102665901184 -1 -1 -1 -1 -1 -1 -1 -1 -1
0.6838708519935608 0.38886189460754395 0.9584065079689026 -1 -1 -1 -1 -1 -1 -1 -1 -1
0.6802043914794922 0.4254302978515625 0.2791162133216858 -1 -1 -1 -1 -1 -1 -1 -1 -1
0.6823738813400269 0.3900715112686157 0.9276825785636902 -1 -1 -1 -1 -1 -1 -1 -1 -1
0.6124244928359985 0.5889251828193665 0.9986529350280762 -1 -1 -1 -1 -1 -1 -1 -1 -1
0.6122708320617676 0.5937199592590332 0.9987038373947144 -1 -1 -1 -1 -1 -1 -1 -1 -1
0.6411682963371277 0.6589430570602417 0.46193450689315796 -1 -1 -1 -1 -1 -1 -1 -1 -1
0.6437207460403442 0.6602633595466614 0.9854916930198669 -1 -1 -1 -1 -1 -1 -1 -1 -1
0.6140387058258057 0.7419960498809814 0.5979411005973816 -1 -1 -1 -1 -1 -1 -1 -1 -1
0.6135930418968201 0.7499040365219116 0.9867689609527588 -1 -1 -1 -1 -1 -1 -1 -1 -1
0.6048675775527954 0.7530338764190674 0.660785436630249 -1 -1 -1 -1 -1 -1 -1 -1 -1
0.6049355268478394 0.7600131034851074 0.9679188132286072 -1 -1 -1 -1 -1 -1 -1 -1 -1
0.6268939971923828 0.767907440662384 0.7389295697212219 -1 -1 -1 -1 -1 -1 -1 -1 -1
0.6268664598464966 0.782330334186554 0.979852020740509 -1 -1 -1 -1 -1 -1 -1 -1 -1
1 
33 
-1 -1 -1 -1 -1 -1 -1 -1 -1 -1
0.6647697687149048 0.44940829277038574 0.9995025396347046 -1 -1 -1 -1 -1 -1 -1 -1 -1
0.6629215478897095 0.4399741291999817 0.9993284940719604 -1 -1 -1 -1 -1 -1 -1 -1 -1
0.6627177000045776 0.4394013285636902 0.9992604851722717 -1 -1 -1 -1 -1 -1 -1 -1 -1
0.6625198125839233 0.4384916424751282 0.9994078874588013 -1 -1 -1 -1 -1 -1 -1 -1 -1
0.6616443395614624 0.4400142729282379 0.999447762966156 -1 -1 -1 -1 -1 -1 -1 -1 -1
0.6605494618415833 0.43972957134246826 0.9994795918464661 -1 -1 -1 -1 -1 -1 -1 -1 -1
0.6595025062561035 0.4392014741897583 0.9994970560073853 -1 -1 -1 -1 -1 -1 -1 -1 -1
0.656690776348114 0.43988725543022156 0.9996554851531982 -1 -1 -1 -1 -1 -1 -1 -1 -1
0.6518076062202454 0.4402865171432495 0.9991527795791626 -1 -1 -1 -1 -1 -1 -1 -1 -1
0.6617858409881592 0.4577915370464325 0.9989786148071289 -1 -1 -1 -1 -1 -1 -1 -1 -1
0.6598371267318726 0.4578309953212738 0.9989657402038574 -1 -1 -1 -1 -1 -1 -1 -1 -1
0.653674840927124 0.4779900312423706 0.9986730813980103 -1 -1 -1 -1 -1 -1 -1 -1 -1
0.6319359540939331 0.47007083892822266 0.9986477494239807 -1 -1 -1 -1 -1 -1 -1 -1 -1
0.6732323169708252 0.4887738823890686 0.3695468306541443 -1 -1 -1 -1 -1 -1 -1 -1 -1
0.6291108131408691 0.43027961254119873 0.9841304421424866 -1 -1 -1 -1 -1 -1 -1 -1 -1
0.6737656593322754 0.48503223061561584 0.4782518446445465 -1 -1 -1 -1 -1 -1 -1 -1 -1
0.6282387971878052 0.3949626088142395 0.9694377779960632 -1 -1 -1 -1 -1 -1 -1 -1 -1
0.6723861694335938 0.48834192752838135 0.4923342764377594 -1 -1 -1 -1 -1 -1 -1 -1 -1
0.6249710917472839 0.38779696822166443 0.960420548915863 -1 -1 -1 -1 -1 -1 -1 -1 -1
0.6712310314178467 0.4831191599369049 0.5205854773521423 -1 -1 -1 -1 -1 -1 -1 -1 -1
0.6216744184494019 0.3829788863658905 0.9580879211425781 -1 -1 -1 -1 -1 -1 -1 -1 -1
0.6718094944953918 0.4828876852989197 0.5376620888710022 -1 -1 -1 -1 -1 -1 -1 -1 -1
0.6286913752555847 0.3915213346481323 0.9398232102394104 -1 -1 -1 -1 -1 -1 -1 -1 -1
0.6153181195259094 0.6001664400100708 0.9993257522583008 -1 -1 -1 -1 -1 -1 -1 -1 -1
0.6025912165641785 0.6010269522666931 0.9990978240966797 -1 -1 -1 -1 -1 -1 -1 -1 -1
0.6483394503593445 0.6648129224777222 0.6929994225502014 -1 -1 -1 -1 -1 -1 -1 -1 -1
0.6422417163848877 0.6704312562942505 0.9952959418296814 -1 -1 -1 -1 -1 -1 -1 -1 -1
0.6148481369018555 0.7349852919578552 0.7968579530715942 -1 -1 -1 -1 -1 -1 -1 -1 -1
0.6108806133270264 0.7494944930076599 0.9934313893318176 -1 -1 -1 -1 -1 -1 -1 -1 -1
0.6044694781303406 0.7412829399108887 0.8411387801170349 -1 -1 -1 -1 -1 -1 -1 -1 -1
0.599766731262207 0.7597575187683105 0.9773299694061279 -1 -1 -1 -1 -1 -1 -1 -1 -1
0.6296126246452332 0.7681117057800293 0.8401427865028381 -1 -1 -1 -1 -1 -1 -1 -1 -1
0.6270235776901245 0.785070538520813 0.985479474067688 -1 -1 -1 -1 -1 -1 -1 -1 -1
1 
33 
-1 -1 -1 -1 -1 -1 -1 -1 -1 -1
0.673629641532898 0.47086307406425476 0.9920929074287415 -1 -1 -1 -1 -1 -1 -1 -1 -1
0.6731774806976318 0.46110641956329346 0.9867576956748962 -1 -1 -1 -1 -1 -1 -1 -1 -1
0.6725849509239197 0.4604962468147278 0.9854830503463745 -1 -1 -1 -1 -1 -1 -1 -1 -1
0.6716012358665466 0.45958173274993896 0.9886080026626587 -1 -1 -1 -1 -1 -1 -1 -1 -1
0.6729455590248108 0.46145111322402954 0.9919346570968628 -1 -1 -1 -1 -1 -1 -1 -1 -1
0.6722092032432556 0.4611978530883789 0.992377519607544 -1 -1 -1 -1 -1 -1 -1 -1 -1
0.6712961196899414 0.46080130338668823 0.9927318692207336 -1 -1 -1 -1 -1 -1 -1 -1 -1
0.664018988609314 0.4583894610404968 0.9846363067626953 -1 -1 -1 -1 -1 -1 -1 -1 -1
0.6641393899917603 0.4615830183029175 0.9879080653190613 -1 -1 -1 -1 -1 -1 -1 -1 -1
0.6697658896446228 0.4773893356323242 0.9618512988090515 -1 -1 -1 -1 -1 -1 -1 -1 -1
0.6690585017204285 0.4773225784301758 0.9806907773017883 -1 -1 -1 -1 -1 -1 -1 -1 -1
0.6499848365783691 0.493022084236145 0.9964612126350403 -1 -1 -1 -1 -1 -1 -1 -1 -1
0.6419864892959595 0.4974258244037628 0.9961716532707214 -1 -1 -1 -1 -1 -1 -1 -1 -1
0.6601504683494568 0.5353338718414307 0.08584803342819214 -1 -1 -1 -1 -1 -1 -1 -1 -1
0.6276758313179016 0.5485740900039673 0.8396911025047302 -1 -1 -1 -1 -1 -1 -1 -1 -1
0.6776919364929199 0.5555543303489685 0.24304677546024323 -1 -1 -1 -1 -1 -1 -1 -1 -1
0.6367604732513428 0.5896141529083252 0.7787959575653076 -1 -1 -1 -1 -1 -1 -1 -1 -1
0.6819129586219788 0.5611066222190857 0.265241414308548 -1 -1 -1 -1 -1 -1 -1 -1 -1
0.6364986896514893 0.60124272108078 0.771134614944458 -1 -1 -1 -1 -1 -1 -1 -1 -1
0.6838704347610474 0.5568521022796631 0.27614161372184753 -1 -1 -1 -1 -1 -1 -1 -1 -1
0.6416386365890503 0.5983315110206604 0.7552400231361389 -1 -1 -1 -1 -1 -1 -1 -1 -1
0.6822037696838379 0.5559794306755066 0.2789549231529236 -1 -1 -1 -1 -1 -1 -1 -1 -1
0.6415380239486694 0.5941830277442932 0.6302309036254883 -1 -1 -1 -1 -1 -1 -1 -1 -1
0.6164366602897644 0.6114264130592346 0.9956064820289612 -1 -1 -1 -1 -1 -1 -1 -1 -1
0.6068769693374634 0.6177481412887573 0.9891862273216248 -1 -1 -1 -1 -1 -1 -1 -1 -1
0.6472315788269043 0.6715881824493408 0.49873676896095276 -1 -1 -1 -1 -1 -1 -1 -1 -1
0.6483229398727417 0.6770982146263123 0.9759509563446045 -1 -1 -1 -1 -1 -1 -1 -1 -1
0.6157709360122681 0.7426214218139648 0.6550003886222839 -1 -1 -1 -1 -1 -1 -1 -1 -1
0.6106206774711609 0.7538979649543762 0.9653208255767822 -1 -1 -1 -1 -1 -1 -1 -1 -1
0.6035937666893005 0.7540647983551025 0.707584798336029 -1 -1 -1 -1 -1 -1 -1 -1 -1
0.5995319485664368 0.7607260942459106 0.9029010534286499 -1 -1 -1 -1 -1 -1 -1 -1 -1
0.628373920917511 0.7769477367401123 0.7720484733581543 -1 -1 -1 -1 -1 -1 -1 -1 -1
0.6253260374069214 0.7886323928833008 0.9543408155441284 -1 -1 -1 -1 -1 -1 -1 -1 -1
1 
33 
-1 -1 -1 -1 -1 -1 -1 -1 -1 -1
0.6726809144020081 0.5277299880981445 0.9962337613105774 -1 -1 -1 -1 -1 -1 -1 -1 -1
0.6738136410713196 0.515513002872467 0.9954103827476501 -1 -1 -1 -1 -1 -1 -1 -1 -1
0.6736910939216614 0.5148497223854065 0.9943605065345764 -1 -1 -1 -1 -1 -1 -1 -1 -1
0.6737072467803955 0.5141599774360657 0.9944830536842346 -1 -1 -1 -1 -1 -1 -1 -1 -1
0.672667384147644 0.5139065384864807 0.9971725940704346 -1 -1 -1 -1 -1 -1 -1 -1 -1
0.6712298393249512 0.5118526220321655 0.9974779486656189 -1 -1 -1 -1 -1 -1 -1 -1 -1
0.6703522801399231 0.5106410384178162 0.9977874755859375 -1 -1 -1 -1 -1 -1 -1 -1 -1
0.6666059494018555 0.5062136650085449 0.9950939416885376 -1 -1 -1 -1 -1 -1 -1 -1 -1
0.6641931533813477 0.5070559978485107 0.9969003200531006 -1 -1 -1 -1 -1 -1 -1 -1 -1
0.6681984066963196 0.5316963791847229 0.9771015048027039 -1 -1 -1 -1 -1 -1 -1 -1 -1
0.6666867136955261 0.529513955116272 0.9876829981803894 -1 -1 -1 -1 -1 -1 -1 -1 -1
0.6503082513809204 0.5190979242324829 0.9957426190376282 -1 -1 -1 -1 -1 -1 -1 -1 -1
0.6430296897888184 0.5318464636802673 0.997231662273407 -1 -1 -1 -1 -1 -1 -1 -1 -1
0.6609132289886475 0.5186281800270081 0.08062830567359924 -1 -1 -1 -1 -1 -1 -1 -1 -1
0.6190424561500549 0.5579436421394348 0.7784020304679871 -1 -1 -1 -1 -1 -1 -1 -1 -1
0.6701701283454895 0.5065241456031799 0.2246481478214264 -1 -1 -1 -1 -1 -1 -1 -1 -1
0.6031956076622009 0.5685738921165466 0.6720222234725952 -1 -1 -1 -1 -1 -1 -1 -1 -1
0.6718180775642395 0.5050626993179321 0.30256494879722595 -1 -1 -1 -1 -1 -1 -1 -1 -1
0.5971976518630981 0.5721378326416016 0.6877094507217407 -1 -1 -1 -1 -1 -1 -1 -1 -1
0.6716797351837158 0.49820977449417114 0.314005047082901 -1 -1 -1 -1 -1 -1 -1 -1 -1
0.5992382764816284 0.5698216557502747 0.6974190473556519 -1 -1 -1 -1 -1 -1 -1 -1 -1
0.6713835000991821 0.4999898076057434 0.312065452337265 -1 -1 -1 -1 -1 -1 -1 -1 -1
0.6016288995742798 0.5697671175003052 0.6139406561851501 -1 -1 -1 -1 -1 -1 -1 -1 -1
0.6064714193344116 0.6239773035049438 0.9955058097839355 -1 -1 -1 -1 -1 -1 -1 -1 -1
0.5992786288261414 0.6394736766815186 0.9937191009521484 -1 -1 -1 -1 -1 -1 -1 -1 -1
0.6492356061935425 0.6677419543266296 0.5990958213806152 -1 -1 -1 -1 -1 -1 -1 -1 -1
0.6495471596717834 0.68279629945755 0.9905534386634827 -1 -1 -1 -1 -1 -1 -1 -1 -1
0.6134109497070312 0.7460698485374451 0.6846940517425537 -1 -1 -1 -1 -1 -1 -1 -1 -1
0.6099904775619507 0.7623171210289001 0.975394606590271 -1 -1 -1 -1 -1 -1 -1 -1 -1
0.6016548871994019 0.7502167224884033 0.7188600301742554 -1 -1 -1 -1 -1 -1 -1 -1 -1
0.5998130440711975 0.7659674882888794 0.9303327202796936 -1 -1 -1 -1 -1 -1 -1 -1 -1
0.6253346800804138 0.7833735346794128 0.7446796894073486 -1 -1 -1 -1 -1 -1 -1 -1 -1
0.6246023178100586 0.8030600547790527 0.9580415487289429 -1 -1 -1 -1 -1 -1 -1 -1 -1
1 
33 
-1 -1 -1 -1 -1 -1 -1 -1 -1 -1
0.6642026901245117 0.5400112271308899 0.9672517776489258 -1 -1 -1 -1 -1 -1 -1 -1 -1
0.6607561111450195 0.5322428345680237 0.9594362378120422 -1 -1 -1 -1 -1 -1 -1 -1 -1
0.6602693796157837 0.5309792160987854 0.9605754017829895 -1 -1 -1 -1 -1 -1 -1 -1 -1
0.659752607345581 0.5297329425811768 0.9658986926078796 -1 -1 -1 -1 -1 -1 -1 -1 -1
0.6608709096908569 0.5351511240005493 0.9671123623847961 -1 -1 -1 -1 -1 -1 -1 -1 -1
0.6601848602294922 0.5356119275093079 0.970975399017334 -1 -1 -1 -1 -1 -1 -1 -1 -1
0.6595147252082825 0.5360772013664246 0.9709643721580505 -1 -1 -1 -1 -1 -1 -1 -1 -1
0.6535323858261108 0.52678382396698 0.979322612285614 -1 -1 -1 -1 -1 -1 -1 -1 -1
0.6528829336166382 0.532973051071167 0.95790034532547 -1 -1 -1 -1 -1 -1 -1 -1 -1
0.6584433913230896 0.5468840599060059 0.9094253182411194 -1 -1 -1 -1 -1 -1 -1 -1 -1
0.6582525372505188 0.5495534539222717 0.8841643929481506 -1 -1 -1 -1 -1 -1 -1 -1 -1
0.6361578106880188 0.536510705947876 0.9949711561203003 -1 -1 -1 -1 -1 -1 -1 -1 -1
0.6426083445549011 0.5683437585830688 0.995733916759491 -1 -1 -1 -1 -1 -1 -1 -1 -1
0.6477435231208801 0.5257946848869324 0.09969720989465714 -1 -1 -1 -1 -1 -1 -1 -1 -1
0.6344481706619263 0.6063471436500549 0.3805176317691803 -1 -1 -1 -1 -1 -1 -1 -1 -1
0.6595543026924133 0.5051586627960205 0.16095636785030365 -1 -1 -1 -1 -1 -1 -1 -1 -1
0.6313092708587646 0.6040229201316833 0.38987645506858826 -1 -1 -1 -1 -1 -1 -1 -1 -1
0.6599160432815552 0.5001623630523682 0.19358062744140625 -1 -1 -1 -1 -1 -1 -1 -1 -1
0.6279646158218384 0.6058433055877686 0.4558352828025818 -1 -1 -1 -1 -1 -1 -1 -1 -1
0.6607990264892578 0.4977324604988098 0.20130261778831482 -1 -1 -1 -1 -1 -1 -1 -1 -1
0.628760814666748 0.6016343235969543 0.4539499282836914 -1 -1 -1 -1 -1 -1 -1 -1 -1
0.6614922881126404 0.501362681388855 0.21201959252357483 -1 -1 -1 -1 -1 -1 -1 -1 -1
0.6299864649772644 0.6015002131462097 0.3878445625305176 -1 -1 -1 -1 -1 -1 -1 -1 -1
0.6045000553131104 0.6521533727645874 0.9947280287742615 -1 -1 -1 -1 -1 -1 -1 -1 -1
0.6017702221870422 0.6726738810539246 0.9945316314697266 -1 -1 -1 -1 -1 -1 -1 -1 -1
0.6496503353118896 0.6580718755722046 0.2254870980978012 -1 -1 -1 -1 -1 -1 -1 -1 -1
0.6481677889823914 0.6970603466033936 0.9527401924133301 -1 -1 -1 -1 -1 -1 -1 -1 -1
0.6137320399284363 0.7523165345191956 0.3822607100009918 -1 -1 -1 -1 -1 -1 -1 -1 -1
0.6127941012382507 0.7721132040023804 0.8654932379722595 -1 -1 -1 -1 -1 -1 -1 -1 -1
0.6037311553955078 0.755714476108551 0.43036749958992004 -1 -1 -1 -1 -1 -1 -1 -1 -1
0.6026445031166077 0.777033805847168 0.7520262598991394 -1 -1 -1 -1 -1 -1 -1 -1 -1
0.624407172203064 0.7938485145568848 0.44733941555023193 -1 -1 -1 -1 -1 -1 -1 -1 -1
0.6261598467826843 0.812099814414978 0.8304816484451294 -1 -1 -1 -1 -1 -1 -1 -1 -1
1 
33 
-1 -1 -1 -1 -1 -1 -1 -1 -1 -1
0.6638247966766357 0.5474016070365906 0.9968723654747009 -1 -1 -1 -1 -1 -1 -1 -1 -1
0.6599606871604919 0.5389617681503296 0.9970296621322632 -1 -1 -1 -1 -1 -1 -1 -1 -1
0.6590769290924072 0.5384243726730347 0.9966835379600525 -1 -1 -1 -1 -1 -1 -1 -1 -1
0.6581956744194031 0.5379353761672974 0.9975274205207825 -1 -1 -1 -1 -1 -1 -1 -1 -1
0.6605239510536194 0.540874719619751 0.9982123374938965 -1 -1 -1 -1 -1 -1 -1 -1 -1
0.6598877906799316 0.541522204875946 0.9981195330619812 -1 -1 -1 -1 -1 -1 -1 -1 -1
0.6592625975608826 0.5421961545944214 0.9984416365623474 -1 -1 -1 -1 -1 -1 -1 -1 -1
0.6503929495811462 0.5409050583839417 0.9979038238525391 -1 -1 -1 -1 -1 -1 -1 -1 -1
0.6520463824272156 0.5474681854248047 0.9977651834487915 -1 -1 -1 -1 -1 -1 -1 -1 -1
0.6612802743911743 0.5553468465805054 0.9888596534729004 -1 -1 -1 -1 -1 -1 -1 -1 -1
0.6616625189781189 0.5573853850364685 0.990757405757904 -1 -1 -1 -1 -1 -1 -1 -1 -1
0.6423950791358948 0.5694348812103271 0.9953932762145996 -1 -1 -1 -1 -1 -1 -1 -1 -1
0.6441357135772705 0.5839826464653015 0.9978614449501038 -1 -1 -1 -1 -1 -1 -1 -1 -1
0.6557695269584656 0.5552148818969727 0.13016821444034576 -1 -1 -1 -1 -1 -1 -1 -1 -1
0.6512098908424377 0.5948351621627808 0.7282925248146057 -1 -1 -1 -1 -1 -1 -1 -1 -1
0.672998309135437 0.5325308442115784 0.17221835255622864 -1 -1 -1 -1 -1 -1 -1 -1 -1
0.6683472394943237 0.5798135995864868 0.5191326141357422 -1 -1 -1 -1 -1 -1 -1 -1 -1
0.6748715043067932 0.5274630784988403 0.22700051963329315 -1 -1 -1 -1 -1 -1 -1 -1 -1
0.671551525592804 0.5797684192657471 0.5337588787078857 -1 -1 -1 -1 -1 -1 -1 -1 -1
0.6743829846382141 0.5227471590042114 0.2406090646982193 -1 -1 -1 -1 -1 -1 -1 -1 -1
0.6725898385047913 0.5733256936073303 0.5222570896148682 -1 -1 -1 -1 -1 -1 -1 -1 -1
0.6742974519729614 0.5260522961616516 0.23252812027931213 -1 -1 -1 -1 -1 -1 -1 -1 -1
0.6710468530654907 0.5743401646614075 0.44537225365638733 -1 -1 -1 -1 -1 -1 -1 -1 -1
0.6127431988716125 0.6985414624214172 0.9997268319129944 -1 -1 -1 -1 -1 -1 -1 -1 -1
0.6116247177124023 0.7057828307151794 0.9998099207878113 -1 -1 -1 -1 -1 -1 -1 -1 -1
0.6470993757247925 0.7457962036132812 0.4120800495147705 -1 -1 -1 -1 -1 -1 -1 -1 -1
0.6329793334007263 0.7599123120307922 0.9630200862884521 -1 -1 -1 -1 -1 -1 -1 -1 -1
0.6187279224395752 0.7781070470809937 0.6252844929695129 -1 -1 -1 -1 -1 -1 -1 -1 -1
0.6145424842834473 0.8043424487113953 0.957577109336853 -1 -1 -1 -1 -1 -1 -1 -1 -1
0.6122961640357971 0.7794589996337891 0.6813026070594788 -1 -1 -1 -1 -1 -1 -1 -1 -1
0.605636477470398 0.8126093745231628 0.9450957179069519 -1 -1 -1 -1 -1 -1 -1 -1 -1
0.620718240737915 0.7997133731842041 0.7961543798446655 -1 -1 -1 -1 -1 -1 -1 -1 -1
0.6200302243232727 0.8387194871902466 0.9633957743644714 -1 -1 -1 -1 -1 -1 -1 -1 -1
1 
33 
-1 -1 -1 -1 -1 -1 -1 -1 -1 -1
0.6727403402328491 0.5944246053695679 0.989834725856781 -1 -1 -1 -1 -1 -1 -1 -1 -1
0.6712332963943481 0.5848899483680725 0.9779804944992065 -1 -1 -1 -1 -1 -1 -1 -1 -1
0.6707068681716919 0.5849815011024475 0.979541003704071 -1 -1 -1 -1 -1 -1 -1 -1 -1
0.6701569557189941 0.5846500396728516 0.9820159673690796 -1 -1 -1 -1 -1 -1 -1 -1 -1
0.670231282711029 0.5843192934989929 0.9835687279701233 -1 -1 -1 -1 -1 -1 -1 -1 -1
0.6690436005592346 0.5841735005378723 0.9847856760025024 -1 -1 -1 -1 -1 -1 -1 -1 -1
0.6678959131240845 0.5834771394729614 0.9856886863708496 -1 -1 -1 -1 -1 -1 -1 -1 -1
0.6611739993095398 0.5818780660629272 0.9638844132423401 -1 -1 -1 -1 -1 -1 -1 -1 -1
0.6596488952636719 0.5816172957420349 0.9776933789253235 -1 -1 -1 -1 -1 -1 -1 -1 -1
0.6674554347991943 0.6041153073310852 0.9715512990951538 -1 -1 -1 -1 -1 -1 -1 -1 -1
0.666113018989563 0.6045148372650146 0.9823585152626038 -1 -1 -1 -1 -1 -1 -1 -1 -1
0.6519891619682312 0.6148071885108948 0.996950089931488 -1 -1 -1 -1 -1 -1 -1 -1 -1
0.6377201676368713 0.6198687553405762 0.999464213848114 -1 -1 -1 -1 -1 -1 -1 -1 -1
0.6574819684028625 0.6908716559410095 0.09281878918409348 -1 -1 -1 -1 -1 -1 -1 -1 -1
0.6431010365486145 0.7129111289978027 0.9113655686378479 -1 -1 -1 -1 -1 -1 -1 -1 -1
0.668145477771759 0.7595740556716919 0.09291620552539825 -1 -1 -1 -1 -1 -1 -1 -1 -1
0.6710895895957947 0.7698050141334534 0.840651273727417 -1 -1 -1 -1 -1 -1 -1 -1 -1
0.6772426962852478 0.7661406993865967 0.11412500590085983 -1 -1 -1 -1 -1 -1 -1 -1 -1
0.6760367155075073 0.7824926376342773 0.7931262850761414 -1 -1 -1 -1 -1 -1 -1 -1 -1
0.6803067326545715 0.7689319849014282 0.12509603798389435 -1 -1 -1 -1 -1 -1 -1 -1 -1
0.6803467273712158 0.7769194841384888 0.7836874723434448 -1 -1 -1 -1 -1 -1 -1 -1 -1
0.6799219250679016 0.7769753932952881 0.12116094678640366 -1 -1 -1 -1 -1 -1 -1 -1 -1
0.6778444647789001 0.7734735608100891 0.6636256575584412 -1 -1 -1 -1 -1 -1 -1 -1 -1
0.6175495982170105 0.730926513671875 0.9963550567626953 -1 -1 -1 -1 -1 -1 -1 -1 -1
0.5986617803573608 0.7444338202476501 0.9989080429077148 -1 -1 -1 -1 -1 -1 -1 -1 -1
0.6841781735420227 0.7551526427268982 0.46319645643234253 -1 -1 -1 -1 -1 -1 -1 -1 -1
0.6400289535522461 0.7670484185218811 0.986359179019928 -1 -1 -1 -1 -1 -1 -1 -1 -1
0.635377049446106 0.7914062142372131 0.5608341693878174 -1 -1 -1 -1 -1 -1 -1 -1 -1
0.6143375635147095 0.8466670513153076 0.9519165754318237 -1 -1 -1 -1 -1 -1 -1 -1 -1
0.625782310962677 0.7921634316444397 0.5678468346595764 -1 -1 -1 -1 -1 -1 -1 -1 -1
0.6057453751564026 0.8538540601730347 0.9121904373168945 -1 -1 -1 -1 -1 -1 -1 -1 -1
0.6395917534828186 0.8154743313789368 0.6100141406059265 -1 -1 -1 -1 -1 -1 -1 -1 -1
0.6325245499610901 0.880204975605011 0.9322656393051147 -1 -1 -1 -1 -1 -1 -1 -1 -1
1 
33 
-1 -1 -1 -1 -1 -1 -1 -1 -1 -1
0.6434341669082642 0.5882617235183716 0.6274046301841736 -1 -1 -1 -1 -1 -1 -1 -1 -1
0.6397785544395447 0.5837172865867615 0.5435330271720886 -1 -1 -1 -1 -1 -1 -1 -1 -1
0.6382592916488647 0.5832130908966064 0.5386990904808044 -1 -1 -1 -1 -1 -1 -1 -1 -1
0.6367287039756775 0.5828313827514648 0.5485591292381287 -1 -1 -1 -1 -1 -1 -1 -1 -1
0.6434375047683716 0.5858515501022339 0.6190338134765625 -1 -1 -1 -1 -1 -1 -1 -1 -1
0.6443446278572083 0.5868666768074036 0.5979510545730591 -1 -1 -1 -1 -1 -1 -1 -1 -1
0.6452498435974121 0.5878329277038574 0.5904868245124817 -1 -1 -1 -1 -1 -1 -1 -1 -1
0.6320971846580505 0.585193395614624 0.47464719414711 -1 -1 -1 -1 -1 -1 -1 -1 -1
0.6436434984207153 0.5924912095069885 0.5495736002922058 -1 -1 -1 -1 -1 -1 -1 -1 -1
0.6416038274765015 0.5929099321365356 0.5421566963195801 -1 -1 -1 -1 -1 -1 -1 -1 -1
0.6462781429290771 0.595075249671936 0.4792032539844513 -1 -1 -1 -1 -1 -1 -1 -1 -1
0.6274334192276001 0.6020455360412598 0.9775223731994629 -1 -1 -1 -1 -1 -1 -1 -1 -1
0.6429521441459656 0.6119450330734253 0.9966316819190979 -1 -1 -1 -1 -1 -1 -1 -1 -1
0.6425626873970032 0.6266777515411377 0.08022554963827133 -1 -1 -1 -1 -1 -1 -1 -1 -1
0.6599774956703186 0.6434881687164307 0.500945508480072 -1 -1 -1 -1 -1 -1 -1 -1 -1
0.6659231185913086 0.607201337814331 0.19158324599266052 -1 -1 -1 -1 -1 -1 -1 -1 -1
0.6667861342430115 0.6443568468093872 0.46019309759140015 -1 -1 -1 -1 -1 -1 -1 -1 -1
0.6682196855545044 0.6023998856544495 0.2334398627281189 -1 -1 -1 -1 -1 -1 -1 -1 -1
0.6681172847747803 0.6466630101203918 0.5100175738334656 -1 -1 -1 -1 -1 -1 -1 -1 -1
0.6729636192321777 0.5979747772216797 0.24465833604335785 -1 -1 -1 -1 -1 -1 -1 -1 -1
0.6689752340316772 0.641481339931488 0.5031592845916748 -1 -1 -1 -1 -1 -1 -1 -1 -1
0.6729599237442017 0.600130558013916 0.24559763073921204 -1 -1 -1 -1 -1 -1 -1 -1 -1
0.6687195301055908 0.6401803493499756 0.4281356930732727 -1 -1 -1 -1 -1 -1 -1 -1 -1
0.6235548257827759 0.7402753233909607 0.9993093013763428 -1 -1 -1 -1 -1 -1 -1 -1 -1
0.6291046738624573 0.7372139096260071 0.999921441078186 -1 -1 -1 -1 -1 -1 -1 -1 -1
0.6559339165687561 0.742071807384491 0.6128824949264526 -1 -1 -1 -1 -1 -1 -1 -1 -1
0.6219505071640015 0.7551964521408081 0.9765011668205261 -1 -1 -1 -1 -1 -1 -1 -1 -1
0.6679618954658508 0.7963211536407471 0.8576644062995911 -1 -1 -1 -1 -1 -1 -1 -1 -1
0.6267361044883728 0.8677193522453308 0.9852319955825806 -1 -1 -1 -1 -1 -1 -1 -1 -1
0.6679989695549011 0.8024498820304871 0.8702499270439148 -1 -1 -1 -1 -1 -1 -1 -1 -1
0.625743567943573 0.874121904373169 0.9659897685050964 -1 -1 -1 -1 -1 -1 -1 -1 -1
0.6776317954063416 0.8231059908866882 0.8547769784927368 -1 -1 -1 -1 -1 -1 -1 -1 -1
0.6284995079040527 0.9225009679794312 0.9754036664962769 -1 -1 -1 -1 -1 -1 -1 -1 -1
1 
33 
-1 -1 -1 -1 -1 -1 -1 -1 -1 -1
0.6602575778961182 0.6127873063087463 0.9837346076965332 -1 -1 -1 -1 -1 -1 -1 -1 -1
0.6578192710876465 0.6049675345420837 0.9562020897865295 -1 -1 -1 -1 -1 -1 -1 -1 -1
0.6572067737579346 0.60183185338974 0.9718277454376221 -1 -1 -1 -1 -1 -1 -1 -1 -1
0.656876266002655 0.6011566519737244 0.948565661907196 -1 -1 -1 -1 -1 -1 -1 -1 -1
0.6571221947669983 0.604896068572998 0.966021716594696 -1 -1 -1 -1 -1 -1 -1 -1 -1
0.6551579236984253 0.6040964722633362 0.971572995185852 -1 -1 -1 -1 -1 -1 -1 -1 -1
0.6544485092163086 0.6038481593132019 0.946698009967804 -1 -1 -1 -1 -1 -1 -1 -1 -1
0.6492123603820801 0.6020511984825134 0.959602952003479 -1 -1 -1 -1 -1 -1 -1 -1 -1
0.6495500802993774 0.6071750521659851 0.9847651720046997 -1 -1 -1 -1 -1 -1 -1 -1 -1
0.6572901010513306 0.6161976456642151 0.9818372130393982 -1 -1 -1 -1 -1 -1 -1 -1 -1
0.6564964056015015 0.6165215373039246 0.9703624844551086 -1 -1 -1 -1 -1 -1 -1 -1 -1
0.6357243657112122 0.6093802452087402 0.9986888766288757 -1 -1 -1 -1 -1 -1 -1 -1 -1
0.6381446123123169 0.6395397186279297 0.9998557567596436 -1 -1 -1 -1 -1 -1 -1 -1 -1
0.6651194095611572 0.6301859021186829 0.03625746816396713 -1 -1 -1 -1 -1 -1 -1 -1 -1
0.6674150228500366 0.6419930458068848 0.6139740943908691 -1 -1 -1 -1 -1 -1 -1 -1 -1
0.6792153716087341 0.591347873210907 0.047434523701667786 -1 -1 -1 -1 -1 -1 -1 -1 -1
0.6706060767173767 0.5878885388374329 0.2918631434440613 -1 -1 -1 -1 -1 -1 -1 -1 -1
0.6805663108825684 0.5847816467285156 0.06705034524202347 -1 -1 -1 -1 -1 -1 -1 -1 -1
0.6688113808631897 0.5786885023117065 0.3040980398654938 -1 -1 -1 -1 -1 -1 -1 -1 -1
0.6771321892738342 0.5691314339637756 0.06687168776988983 -1 -1 -1 -1 -1 -1 -1 -1 -1
0.6687321066856384 0.5759739279747009 0.28696322441101074 -1 -1 -1 -1 -1 -1 -1 -1 -1
0.6765971779823303 0.5831764340400696 0.06718938052654266 -1 -1 -1 -1 -1 -1 -1 -1 -1
0.6691350340843201 0.578498125076294 0.30106619000434875 -1 -1 -1 -1 -1 -1 -1 -1 -1
0.6338387131690979 0.7295918464660645 0.9998729228973389 -1 -1 -1 -1 -1 -1 -1 -1 -1
0.6231881976127625 0.7559522986412048 0.9999815225601196 -1 -1 -1 -1 -1 -1 -1 -1 -1
0.6723251938819885 0.6357447504997253 0.7496912479400635 -1 -1 -1 -1 -1 -1 -1 -1 -1
0.6347243785858154 0.8250834345817566 0.9888163805007935 -1 -1 -1 -1 -1 -1 -1 -1 -1
0.6971893906593323 0.5673885345458984 0.9222841858863831 -1 -1 -1 -1 -1 -1 -1 -1 -1
0.6218907833099365 0.9096875786781311 0.984899640083313 -1 -1 -1 -1 -1 -1 -1 -1 -1
0.7013531923294067 0.568409264087677 0.9562549591064453 -1 -1 -1 -1 -1 -1 -1 -1 -1
0.6157428026199341 0.9219248294830322 0.9849628806114197 -1 -1 -1 -1 -1 -1 -1 -1 -1
0.7073203325271606 0.5246565341949463 0.9529054760932922 -1 -1 -1 -1 -1 -1 -1 -1 -1
0.6384783983230591 0.9414477348327637 0.9820168614387512 -1 -1 -1 -1 -1 -1 -1 -1 -1
1 
33 
-1 -1 -1 -1 -1 -1 -1 -1 -1 -1
0.6630252003669739 0.6114307641983032 0.9308785200119019 -1 -1 -1 -1 -1 -1 -1 -1 -1
0.6617410778999329 0.601393461227417 0.8947787284851074 -1 -1 -1 -1 -1 -1 -1 -1 -1
0.6606900691986084 0.6002819538116455 0.889895498752594 -1 -1 -1 -1 -1 -1 -1 -1 -1
0.6602979898452759 0.5993687510490417 0.9128654599189758 -1 -1 -1 -1 -1 -1 -1 -1 -1
0.6605483889579773 0.6014241576194763 0.9093870520591736 -1 -1 -1 -1 -1 -1 -1 -1 -1
0.6588675379753113 0.6006643176078796 0.9080052375793457 -1 -1 -1 -1 -1 -1 -1 -1 -1
0.657874584197998 0.6001795530319214 0.9136454463005066 -1 -1 -1 -1 -1 -1 -1 -1 -1
0.6530883312225342 0.6009700298309326 0.9180464148521423 -1 -1 -1 -1 -1 -1 -1 -1 -1
0.650589644908905 0.6062426567077637 0.822939932346344 -1 -1 -1 -1 -1 -1 -1 -1 -1
0.6611232757568359 0.6171254515647888 0.9016128778457642 -1 -1 -1 -1 -1 -1 -1 -1 -1
0.6623865365982056 0.6190836429595947 0.881385326385498 -1 -1 -1 -1 -1 -1 -1 -1 -1
0.6426205635070801 0.6205551624298096 0.9803270697593689 -1 -1 -1 -1 -1 -1 -1 -1 -1
0.6371203660964966 0.6491177082061768 0.9831072092056274 -1 -1 -1 -1 -1 -1 -1 -1 -1
0.6674507856369019 0.5828657150268555 0.11159152537584305 -1 -1 -1 -1 -1 -1 -1 -1 -1
0.6745827198028564 0.6179887056350708 0.890067994594574 -1 -1 -1 -1 -1 -1 -1 -1 -1
0.6718260645866394 0.5499892234802246 0.1328728049993515 -1 -1 -1 -1 -1 -1 -1 -1 -1
0.6728686690330505 0.5658515691757202 0.7849686145782471 -1 -1 -1 -1 -1 -1 -1 -1 -1
0.6740816831588745 0.5397687554359436 0.16560687124729156 -1 -1 -1 -1 -1 -1 -1 -1 -1
0.6745931506156921 0.5487391948699951 0.7604793310165405 -1 -1 -1 -1 -1 -1 -1 -1 -1
0.6719622611999512 0.5405147075653076 0.17746601998806 -1 -1 -1 -1 -1 -1 -1 -1 -1
0.6716408133506775 0.5449951887130737 0.7525554895401001 -1 -1 -1 -1 -1 -1 -1 -1 -1
0.6708292365074158 0.5426586866378784 0.19418568909168243 -1 -1 -1 -1 -1 -1 -1 -1 -1
0.6712443232536316 0.5463577508926392 0.6715899705886841 -1 -1 -1 -1 -1 -1 -1 -1 -1
0.614665150642395 0.7596046328544617 0.9961303472518921 -1 -1 -1 -1 -1 -1 -1 -1 -1
0.6085448265075684 0.769047200679779 0.9954867959022522 -1 -1 -1 -1 -1 -1 -1 -1 -1
0.646577000617981 0.8291959762573242 0.2912682294845581 -1 -1 -1 -1 -1 -1 -1 -1 -1
0.6449404954910278 0.8532824516296387 0.9651637673377991 -1 -1 -1 -1 -1 -1 -1 -1 -1
0.6466270089149475 0.8845230340957642 0.30056026577949524 -1 -1 -1 -1 -1 -1 -1 -1 -1
0.6224954724311829 0.9318050146102905 0.951284646987915 -1 -1 -1 -1 -1 -1 -1 -1 -1
0.639091432094574 0.8948150277137756 0.3661987781524658 -1 -1 -1 -1 -1 -1 -1 -1 -1
0.6138625144958496 0.9457759261131287 0.9290684461593628 -1 -1 -1 -1 -1 -1 -1 -1 -1
0.6636583209037781 0.904245138168335 0.44624289870262146 -1 -1 -1 -1 -1 -1 -1 -1 -1
0.6448034048080444 0.9577555060386658 0.9281811714172363 -1 -1 -1 -1 -1 -1 -1 -1 -1
1 
33 
-1 -1 -1 -1 -1 -1 -1 -1 -1 -1
0.6523090600967407 0.5929287672042847 0.9846466183662415 -1 -1 -1 -1 -1 -1 -1 -1 -1
0.6471318006515503 0.5881220102310181 0.979040265083313 -1 -1 -1 -1 -1 -1 -1 -1 -1
0.6470199823379517 0.5880635976791382 0.9758965969085693 -1 -1 -1 -1 -1 -1 -1 -1 -1
0.6462323665618896 0.5868896245956421 0.982673168182373 -1 -1 -1 -1 -1 -1 -1 -1 -1
0.6469600200653076 0.5877155661582947 0.9821422696113586 -1 -1 -1 -1 -1 -1 -1 -1 -1
0.646704375743866 0.5876179337501526 0.9817686080932617 -1 -1 -1 -1 -1 -1 -1 -1 -1
0.6465054750442505 0.5869410634040833 0.9840721487998962 -1 -1 -1 -1 -1 -1 -1 -1 -1
0.6405484676361084 0.590117871761322 0.9865013957023621 -1 -1 -1 -1 -1 -1 -1 -1 -1
0.6434884667396545 0.5924009084701538 0.964495837688446 -1 -1 -1 -1 -1 -1 -1 -1 -1
0.6496599316596985 0.6003506183624268 0.967955470085144 -1 -1 -1 -1 -1 -1 -1 -1 -1
0.6484695076942444 0.6015952825546265 0.9650945067405701 -1 -1 -1 -1 -1 -1 -1 -1 -1
0.6380738615989685 0.6211605072021484 0.9778018593788147 -1 -1 -1 -1 -1 -1 -1 -1 -1
0.6358060836791992 0.6341818571090698 0.9928942322731018 -1 -1 -1 -1 -1 -1 -1 -1 -1
0.6496137976646423 0.5851202607154846 0.1935427486896515 -1 -1 -1 -1 -1 -1 -1 -1 -1
0.6490024328231812 0.6077172756195068 0.8871277570724487 -1 -1 -1 -1 -1 -1 -1 -1 -1
0.6450926661491394 0.5594211220741272 0.24587400257587433 -1 -1 -1 -1 -1 -1 -1 -1 -1
0.6447018384933472 0.572694718837738 0.8845316171646118 -1 -1 -1 -1 -1 -1 -1 -1 -1
0.6417211890220642 0.5533493757247925 0.26402005553245544 -1 -1 -1 -1 -1 -1 -1 -1 -1
0.6412747502326965 0.5641506910324097 0.8809993267059326 -1 -1 -1 -1 -1 -1 -1 -1 -1
0.6418485045433044 0.5542407631874084 0.27278900146484375 -1 -1 -1 -1 -1 -1 -1 -1 -1
0.6397789716720581 0.5645257234573364 0.8753900527954102 -1 -1 -1 -1 -1 -1 -1 -1 -1
0.6437951922416687 0.558241069316864 0.28314581513404846 -1 -1 -1 -1 -1 -1 -1 -1 -1
0.6409167051315308 0.5685274600982666 0.834863543510437 -1 -1 -1 -1 -1 -1 -1 -1 -1
0.6166179180145264 0.7670145630836487 0.9964672327041626 -1 -1 -1 -1 -1 -1 -1 -1 -1
0.6129847168922424 0.7767478823661804 0.9969394207000732 -1 -1 -1 -1 -1 -1 -1 -1 -1
0.6480416059494019 0.8410927057266235 0.3414295017719269 -1 -1 -1 -1 -1 -1 -1 -1 -1
0.6494240164756775 0.8579595685005188 0.9769365191459656 -1 -1 -1 -1 -1 -1 -1 -1 -1
0.6315439939498901 0.8937895894050598 0.3224651515483856 -1 -1 -1 -1 -1 -1 -1 -1 -1
0.6230072379112244 0.942846953868866 0.9696755409240723 -1 -1 -1 -1 -1 -1 -1 -1 -1
0.6225089430809021 0.9012757539749146 0.41893529891967773 -1 -1 -1 -1 -1 -1 -1 -1 -1
0.6136574149131775 0.9529737830162048 0.9492181539535522 -1 -1 -1 -1 -1 -1 -1 -1 -1
0.6453664302825928 0.9178944826126099 0.46215054392814636 -1 -1 -1 -1 -1 -1 -1 -1 -1
0.6468920111656189 0.9679945707321167 0.9519931674003601 -1 -1 -1 -1 -1 -1 -1 -1 -1
1 
33 
-1 -1 -1 -1 -1 -1 -1 -1 -1 -1
0.6469298005104065 0.5495451092720032 0.9962120056152344 -1 -1 -1 -1 -1 -1 -1 -1 -1
0.6430144309997559 0.5467004776000977 0.9953141212463379 -1 -1 -1 -1 -1 -1 -1 -1 -1
0.6428365707397461 0.5470383763313293 0.993955671787262 -1 -1 -1 -1 -1 -1 -1 -1 -1
0.6428149938583374 0.5470466613769531 0.9965382814407349 -1 -1 -1 -1 -1 -1 -1 -1 -1
0.6429076194763184 0.5468754172325134 0.9968011379241943 -1 -1 -1 -1 -1 -1 -1 -1 -1
0.6425634622573853 0.5474488735198975 0.996656060218811 -1 -1 -1 -1 -1 -1 -1 -1 -1
0.6425328254699707 0.5493122935295105 0.9971357583999634 -1 -1 -1 -1 -1 -1 -1 -1 -1
0.639569103717804 0.5514070987701416 0.9980011582374573 -1 -1 -1 -1 -1 -1 -1 -1 -1
0.6389836668968201 0.554706335067749 0.9944873452186584 -1 -1 -1 -1 -1 -1 -1 -1 -1
0.6463285088539124 0.5602746605873108 0.9923921227455139 -1 -1 -1 -1 -1 -1 -1 -1 -1
0.6463932394981384 0.5615550875663757 0.9909668564796448 -1 -1 -1 -1 -1 -1 -1 -1 -1
0.6314956545829773 0.6007574796676636 0.9925767779350281 -1 -1 -1 -1 -1 -1 -1 -1 -1
0.6315144896507263 0.6104231476783752 0.9960547685623169 -1 -1 -1 -1 -1 -1 -1 -1 -1
0.6430128812789917 0.5682680010795593 0.09976787120103836 -1 -1 -1 -1 -1 -1 -1 -1 -1
0.6385060548782349 0.5982662439346313 0.8769584894180298 -1 -1 -1 -1 -1 -1 -1 -1 -1
0.6545349359512329 0.5523371696472168 0.0933317318558693 -1 -1 -1 -1 -1 -1 -1 -1 -1
0.6504923701286316 0.5677167773246765 0.7901760935783386 -1 -1 -1 -1 -1 -1 -1 -1 -1
0.6546281576156616 0.5514305233955383 0.10905317962169647 -1 -1 -1 -1 -1 -1 -1 -1 -1
0.6505468487739563 0.5774954557418823 0.7920552492141724 -1 -1 -1 -1 -1 -1 -1 -1 -1
0.6555460095405579 0.5515454411506653 0.116791732609272 -1 -1 -1 -1 -1 -1 -1 -1 -1
0.6508872509002686 0.5739544630050659 0.7840684652328491 -1 -1 -1 -1 -1 -1 -1 -1 -1
0.6562142968177795 0.5528489351272583 0.13006392121315002 -1 -1 -1 -1 -1 -1 -1 -1 -1
0.6505996584892273 0.5749324560165405 0.7131311893463135 -1 -1 -1 -1 -1 -1 -1 -1 -1
0.6243160963058472 0.7614425420761108 0.9992042183876038 -1 -1 -1 -1 -1 -1 -1 -1 -1
0.6199000477790833 0.7676845192909241 0.9987359642982483 -1 -1 -1 -1 -1 -1 -1 -1 -1
0.6523402333259583 0.8388820290565491 0.3585629165172577 -1 -1 -1 -1 -1 -1 -1 -1 -1
0.651397168636322 0.847062349319458 0.9533233642578125 -1 -1 -1 -1 -1 -1 -1 -1 -1
0.6286728382110596 0.9197547435760498 0.3747484087944031 -1 -1 -1 -1 -1 -1 -1 -1 -1
0.6248565316200256 0.9330552816390991 0.9467051029205322 -1 -1 -1 -1 -1 -1 -1 -1 -1
0.6183111071586609 0.9338624477386475 0.3943529427051544 -1 -1 -1 -1 -1 -1 -1 -1 -1
0.6140362024307251 0.9439272284507751 0.9139834046363831 -1 -1 -1 -1 -1 -1 -1 -1 -1
0.6467804908752441 0.9472370743751526 0.4859982132911682 -1 -1 -1 -1 -1 -1 -1 -1 -1
0.6443767547607422 0.9623317718505859 0.9358933568000793 -1 -1 -1 -1 -1 -1 -1 -1 -1
1 
33 
-1 -1 -1 -1 -1 -1 -1 -1 -1 -1
0.6623980402946472 0.555195689201355 0.9767016172409058 -1 -1 -1 -1 -1 -1 -1 -1 -1
0.6601331233978271 0.5423098802566528 0.9596434235572815 -1 -1 -1 -1 -1 -1 -1 -1 -1
0.659403383731842 0.5417472720146179 0.9531009197235107 -1 -1 -1 -1 -1 -1 -1 -1 -1
0.6586096882820129 0.5411343574523926 0.9656332731246948 -1 -1 -1 -1 -1 -1 -1 -1 -1
0.658807635307312 0.542055070400238 0.9692953824996948 -1 -1 -1 -1 -1 -1 -1 -1 -1
0.6571293473243713 0.5415925979614258 0.9691006541252136 -1 -1 -1 -1 -1 -1 -1 -1 -1
0.6554902195930481 0.5410769581794739 0.9728763699531555 -1 -1 -1 -1 -1 -1 -1 -1 -1
0.6489851474761963 0.5419842004776001 0.9612749218940735 -1 -1 -1 -1 -1 -1 -1 -1 -1
0.646220862865448 0.542577862739563 0.9574151039123535 -1 -1 -1 -1 -1 -1 -1 -1 -1
0.6575901508331299 0.5650383830070496 0.9246947765350342 -1 -1 -1 -1 -1 -1 -1 -1 -1
0.6559104919433594 0.5648407340049744 0.940294623374939 -1 -1 -1 -1 -1 -1 -1 -1 -1
0.6393776535987854 0.5834211707115173 0.9758885502815247 -1 -1 -1 -1 -1 -1 -1 -1 -1
0.6281514167785645 0.5958724617958069 0.9861962795257568 -1 -1 -1 -1 -1 -1 -1 -1 -1
0.6639852523803711 0.539780855178833 0.05869749188423157 -1 -1 -1 -1 -1 -1 -1 -1 -1
0.6546972990036011 0.5492342114448547 0.8971444368362427 -1 -1 -1 -1 -1 -1 -1 -1 -1
0.670612096786499 0.49601423740386963 0.07014445960521698 -1 -1 -1 -1 -1 -1 -1 -1 -1
0.6614949107170105 0.4910033047199249 0.6505548357963562 -1 -1 -1 -1 -1 -1 -1 -1 -1
0.671393871307373 0.48466432094573975 0.09087836742401123 -1 -1 -1 -1 -1 -1 -1 -1 -1
0.6629877686500549 0.47800129652023315 0.6128754615783691 -1 -1 -1 -1 -1 -1 -1 -1 -1
0.6685798168182373 0.4817640781402588 0.09673804044723511 -1 -1 -1 -1 -1 -1 -1 -1 -1
0.6583662033081055 0.47728514671325684 0.5937768220901489 -1 -1 -1 -1 -1 -1 -1 -1 -1
0.6684759855270386 0.48661965131759644 0.1082553118467331 -1 -1 -1 -1 -1 -1 -1 -1 -1
0.6576946973800659 0.48259878158569336 0.5165416598320007 -1 -1 -1 -1 -1 -1 -1 -1 -1
0.6233463287353516 0.7431046962738037 0.9927323460578918 -1 -1 -1 -1 -1 -1 -1 -1 -1
0.6152340769767761 0.7544125318527222 0.9916552305221558 -1 -1 -1 -1 -1 -1 -1 -1 -1
0.650833785533905 0.8113678097724915 0.23268058896064758 -1 -1 -1 -1 -1 -1 -1 -1 -1
0.6485278606414795 0.820184588432312 0.9493709802627563 -1 -1 -1 -1 -1 -1 -1 -1 -1
0.6328903436660767 0.8783543109893799 0.2803459167480469 -1 -1 -1 -1 -1 -1 -1 -1 -1
0.6254356503486633 0.907084584236145 0.9321050643920898 -1 -1 -1 -1 -1 -1 -1 -1 -1
0.6228537559509277 0.8927251100540161 0.3316288888454437 -1 -1 -1 -1 -1 -1 -1 -1 -1
0.6157416105270386 0.9162668585777283 0.8974473476409912 -1 -1 -1 -1 -1 -1 -1 -1 -1
0.6432879567146301 0.9209981560707092 0.469675213098526 -1 -1 -1 -1 -1 -1 -1 -1 -1
0.6396913528442383 0.9438501596450806 0.911858320236206 -1 -1 -1 -1 -1 -1 -1 -1 -1
1 
33 
-1 -1 -1 -1 -1 -1 -1 -1 -1 -1
0.672931432723999 0.5318846106529236 0.9759425520896912 -1 -1 -1 -1 -1 -1 -1 -1 -1
0.6622058749198914 0.525511622428894 0.9714274406433105 -1 -1 -1 -1 -1 -1 -1 -1 -1
0.6623440980911255 0.5245124101638794 0.9617825746536255 -1 -1 -1 -1 -1 -1 -1 -1 -1
0.6720660328865051 0.5186478495597839 0.9704734086990356 -1 -1 -1 -1 -1 -1 -1 -1 -1
0.6609935760498047 0.5262272357940674 0.9792219996452332 -1 -1 -1 -1 -1 -1 -1 -1 -1
0.6581707000732422 0.5256606936454773 0.9770025014877319 -1 -1 -1 -1 -1 -1 -1 -1 -1
0.6578261256217957 0.5247644782066345 0.9793331027030945 -1 -1 -1 -1 -1 -1 -1 -1 -1
0.6630983948707581 0.5126523971557617 0.9652929306030273 -1 -1 -1 -1 -1 -1 -1 -1 -1
0.650884211063385 0.5234197378158569 0.9635747075080872 -1 -1 -1 -1 -1 -1 -1 -1 -1
0.658951997756958 0.5369027853012085 0.9391173124313354 -1 -1 -1 -1 -1 -1 -1 -1 -1
0.6663668751716614 0.5362436771392822 0.949419379234314 -1 -1 -1 -1 -1 -1 -1 -1 -1
0.6445674300193787 0.5325323939323425 0.9744781255722046 -1 -1 -1 -1 -1 -1 -1 -1 -1
0.6386488676071167 0.5402335524559021 0.9859614372253418 -1 -1 -1 -1 -1 -1 -1 -1 -1
0.6647936701774597 0.5079193115234375 0.05414871498942375 -1 -1 -1 -1 -1 -1 -1 -1 -1
0.6655715703964233 0.521687924861908 0.9137374758720398 -1 -1 -1 -1 -1 -1 -1 -1 -1
0.6791178584098816 0.4859521985054016 0.06788434088230133 -1 -1 -1 -1 -1 -1 -1 -1 -1
0.6750932335853577 0.47776007652282715 0.8290138840675354 -1 -1 -1 -1 -1 -1 -1 -1 -1
0.681524932384491 0.4811593294143677 0.09318845719099045 -1 -1 -1 -1 -1 -1 -1 -1 -1
0.6776362061500549 0.46692854166030884 0.7990288734436035 -1 -1 -1 -1 -1 -1 -1 -1 -1
0.6807637810707092 0.47808837890625 0.09899894893169403 -1 -1 -1 -1 -1 -1 -1 -1 -1
0.6747530698776245 0.4632854461669922 0.7885364294052124 -1 -1 -1 -1 -1 -1 -1 -1 -1
0.6804780960083008 0.4814072251319885 0.1081271842122078 -1 -1 -1 -1 -1 -1 -1 -1 -1
0.6738172173500061 0.46783167123794556 0.6934316754341125 -1 -1 -1 -1 -1 -1 -1 -1 -1
0.6226301193237305 0.6769605278968811 0.9945906400680542 -1 -1 -1 -1 -1 -1 -1 -1 -1
0.6177802085876465 0.6828939914703369 0.9917007088661194 -1 -1 -1 -1 -1 -1 -1 -1 -1
0.6438766717910767 0.7737385034561157 0.321993887424469 -1 -1 -1 -1 -1 -1 -1 -1 -1
0.6385214328765869 0.7948623299598694 0.8713270425796509 -1 -1 -1 -1 -1 -1 -1 -1 -1
0.6241376996040344 0.8652201294898987 0.33064067363739014 -1 -1 -1 -1 -1 -1 -1 -1 -1
0.6202993392944336 0.8887470960617065 0.8979960083961487 -1 -1 -1 -1 -1 -1 -1 -1 -1
0.6129416227340698 0.8799269199371338 0.4295807182788849 -1 -1 -1 -1 -1 -1 -1 -1 -1
0.6054629683494568 0.9136626720428467 0.8718711733818054 -1 -1 -1 -1 -1 -1 -1 -1 -1
0.6383636593818665 0.903975248336792 0.4744245707988739 -1 -1 -1 -1 -1 -1 -1 -1 -1
0.6369430422782898 0.9212232232093811 0.8650058507919312 -1 -1 -1 -1 -1 -1 -1 -1 -1
1 
33 
-1 -1 -1 -1 -1 -1 -1 -1 -1 -1
0.6568887829780579 0.5197786092758179 0.9798040390014648 -1 -1 -1 -1 -1 -1 -1 -1 -1
0.6574413776397705 0.5090678930282593 0.9762569665908813 -1 -1 -1 -1 -1 -1 -1 -1 -1
0.6571086049079895 0.5081924796104431 0.9717663526535034 -1 -1 -1 -1 -1 -1 -1 -1 -1
0.6567885875701904 0.5073946714401245 0.9785400629043579 -1 -1 -1 -1 -1 -1 -1 -1 -1
0.656900942325592 0.5090747475624084 0.9816060662269592 -1 -1 -1 -1 -1 -1 -1 -1 -1
0.6564455032348633 0.5003075003623962 0.9798199534416199 -1 -1 -1 -1 -1 -1 -1 -1 -1
0.6545516848564148 0.4989802837371826 0.9807040691375732 -1 -1 -1 -1 -1 -1 -1 -1 -1
0.6500401496887207 0.499224990606308 0.9728583097457886 -1 -1 -1 -1 -1 -1 -1 -1 -1
0.6498748064041138 0.49698638916015625 0.9771742224693298 -1 -1 -1 -1 -1 -1 -1 -1 -1
0.652319610118866 0.5225768089294434 0.9711831212043762 -1 -1 -1 -1 -1 -1 -1 -1 -1
0.6529887914657593 0.5122367143630981 0.9691991806030273 -1 -1 -1 -1 -1 -1 -1 -1 -1
0.6397778987884521 0.5130505561828613 0.9935397505760193 -1 -1 -1 -1 -1 -1 -1 -1 -1
0.6292166709899902 0.5174556374549866 0.994737446308136 -1 -1 -1 -1 -1 -1 -1 -1 -1
0.6712538003921509 0.4992314577102661 0.1394965797662735 -1 -1 -1 -1 -1 -1 -1 -1 -1
0.6664783954620361 0.512931227684021 0.9610267877578735 -1 -1 -1 -1 -1 -1 -1 -1 -1
0.6839154958724976 0.503807008266449 0.09721823781728745 -1 -1 -1 -1 -1 -1 -1 -1 -1
0.677416980266571 0.5024015307426453 0.8289463520050049 -1 -1 -1 -1 -1 -1 -1 -1 -1
0.6865577101707458 0.5059539079666138 0.10620036721229553 -1 -1 -1 -1 -1 -1 -1 -1 -1
0.6801280379295349 0.5010457634925842 0.7597647309303284 -1 -1 -1 -1 -1 -1 -1 -1 -1
0.6834331154823303 0.5039552450180054 0.1164620891213417 -1 -1 -1 -1 -1 -1 -1 -1 -1
0.6770787239074707 0.5000808238983154 0.7501547336578369 -1 -1 -1 -1 -1 -1 -1 -1 -1
0.6827718615531921 0.504368245601654 0.1207800880074501 -1 -1 -1 -1 -1 -1 -1 -1 -1
0.6759017705917358 0.5010999441146851 0.6627916693687439 -1 -1 -1 -1 -1 -1 -1 -1 -1
0.6136035323143005 0.635773777961731 0.9962409734725952 -1 -1 -1 -1 -1 -1 -1 -1 -1
0.6119779944419861 0.6405714750289917 0.9948360919952393 -1 -1 -1 -1 -1 -1 -1 -1 -1
0.6228898167610168 0.7501391172409058 0.20738843083381653 -1 -1 -1 -1 -1 -1 -1 -1 -1
0.6151963472366333 0.7571401596069336 0.8528593182563782 -1 -1 -1 -1 -1 -1 -1 -1 -1
0.61985844373703 0.841435432434082 0.3078842759132385 -1 -1 -1 -1 -1 -1 -1 -1 -1
0.619002103805542 0.8477557897567749 0.9232321381568909 -1 -1 -1 -1 -1 -1 -1 -1 -1
0.6102055311203003 0.8676843643188477 0.3817787766456604 -1 -1 -1 -1 -1 -1 -1 -1 -1
0.6149909496307373 0.8536319732666016 0.8981244564056396 -1 -1 -1 -1 -1 -1 -1 -1 -1
0.6313865184783936 0.8777536749839783 0.47308170795440674 -1 -1 -1 -1 -1 -1 -1 -1 -1
0.6287615895271301 0.8914090394973755 0.895879328250885 -1 -1 -1 -1 -1 -1 -1 -1 -1
1 
33 
-1 -1 -1 -1 -1 -1 -1 -1 -1 -1
0.6646291613578796 0.4758472144603729 0.9909979104995728 -1 -1 -1 -1 -1 -1 -1 -1 -1
0.6650851964950562 0.4648950695991516 0.9814460873603821 -1 -1 -1 -1 -1 -1 -1 -1 -1
0.6632977724075317 0.4663110673427582 0.9726086854934692 -1 -1 -1 -1 -1 -1 -1 -1 -1
0.6627122759819031 0.465553879737854 0.9810720086097717 -1 -1 -1 -1 -1 -1 -1 -1 -1
0.6644682288169861 0.4681636393070221 0.9920269846916199 -1 -1 -1 -1 -1 -1 -1 -1 -1
0.664207935333252 0.4684010446071625 0.9899128079414368 -1 -1 -1 -1 -1 -1 -1 -1 -1
0.6639522314071655 0.4682239592075348 0.9937114715576172 -1 -1 -1 -1 -1 -1 -1 -1 -1
0.6574100852012634 0.4637329876422882 0.9437914490699768 -1 -1 -1 -1 -1 -1 -1 -1 -1
0.6583711504936218 0.46703964471817017 0.9867332577705383 -1 -1 -1 -1 -1 -1 -1 -1 -1
0.6581494212150574 0.4800853729248047 0.9680849313735962 -1 -1 -1 -1 -1 -1 -1 -1 -1
0.6579123139381409 0.4839111864566803 0.984514057636261 -1 -1 -1 -1 -1 -1 -1 -1 -1
0.6429269909858704 0.4728286564350128 0.9939559102058411 -1 -1 -1 -1 -1 -1 -1 -1 -1
0.6396896243095398 0.49526941776275635 0.9988458156585693 -1 -1 -1 -1 -1 -1 -1 -1 -1
0.6687896251678467 0.5088174939155579 0.13637126982212067 -1 -1 -1 -1 -1 -1 -1 -1 -1
0.6336948275566101 0.5779440999031067 0.8650236129760742 -1 -1 -1 -1 -1 -1 -1 -1 -1
0.6889643669128418 0.5402157306671143 0.12941986322402954 -1 -1 -1 -1 -1 -1 -1 -1 -1
0.6203479766845703 0.6769951581954956 0.6850390434265137 -1 -1 -1 -1 -1 -1 -1 -1 -1
0.6940913200378418 0.5459628701210022 0.10080978274345398 -1 -1 -1 -1 -1 -1 -1 -1 -1
0.6137396693229675 0.7004756331443787 0.629639208316803 -1 -1 -1 -1 -1 -1 -1 -1 -1
0.6962304711341858 0.5499159693717957 0.10295487195253372 -1 -1 -1 -1 -1 -1 -1 -1 -1
0.6172531247138977 0.7080291509628296 0.6063669323921204 -1 -1 -1 -1 -1 -1 -1 -1 -1
0.6938531398773193 0.5508602261543274 0.1083589717745781 -1 -1 -1 -1 -1 -1 -1 -1 -1
0.620493471622467 0.7004631161689758 0.5041691660881042 -1 -1 -1 -1 -1 -1 -1 -1 -1
0.6086050271987915 0.5965728163719177 0.9869606494903564 -1 -1 -1 -1 -1 -1 -1 -1 -1
0.6016535758972168 0.6066792011260986 0.9873563051223755 -1 -1 -1 -1 -1 -1 -1 -1 -1
0.6235178112983704 0.6841381192207336 0.20310528576374054 -1 -1 -1 -1 -1 -1 -1 -1 -1
0.6189457178115845 0.7113849520683289 0.7346863150596619 -1 -1 -1 -1 -1 -1 -1 -1 -1
0.6297051906585693 0.7783291339874268 0.24983783066272736 -1 -1 -1 -1 -1 -1 -1 -1 -1
0.6178076863288879 0.807757556438446 0.6986070871353149 -1 -1 -1 -1 -1 -1 -1 -1 -1
0.6263423562049866 0.7947449684143066 0.4123854637145996 -1 -1 -1 -1 -1 -1 -1 -1 -1
0.6139529347419739 0.8228520154953003 0.6284672021865845 -1 -1 -1 -1 -1 -1 -1 -1 -1
0.649304211139679 0.796119213104248 0.3845560550689697 -1 -1 -1 -1 -1 -1 -1 -1 -1
0.6364616751670837 0.8330550193786621 0.6603104472160339 -1 -1 -1 -1 -1 -1 -1 -1 -1
1 
33 
-1 -1 -1 -1 -1 -1 -1 -1 -1 -1
0.6767839789390564 0.49296098947525024 0.9978010058403015 -1 -1 -1 -1 -1 -1 -1 -1 -1
0.6812801361083984 0.48630914092063904 0.9966064691543579 -1 -1 -1 -1 -1 -1 -1 -1 -1
0.6812299489974976 0.4859117567539215 0.9955673813819885 -1 -1 -1 -1 -1 -1 -1 -1 -1
0.6823257207870483 0.4854148030281067 0.9974812865257263 -1 -1 -1 -1 -1 -1 -1 -1 -1
0.6805649995803833 0.48592665791511536 0.9973303079605103 -1 -1 -1 -1 -1 -1 -1 -1 -1
0.6794969439506531 0.48948270082473755 0.995337724685669 -1 -1 -1 -1 -1 -1 -1 -1 -1
0.6784406304359436 0.4884492754936218 0.9966517090797424 -1 -1 -1 -1 -1 -1 -1 -1 -1
0.6757929921150208 0.4755918085575104 0.9934980869293213 -1 -1 -1 -1 -1 -1 -1 -1 -1
0.6743205189704895 0.4761183261871338 0.9937511086463928 -1 -1 -1 -1 -1 -1 -1 -1 -1
0.6710546016693115 0.4921087920665741 0.9986754059791565 -1 -1 -1 -1 -1 -1 -1 -1 -1
0.6698147058486938 0.49186813831329346 0.9984880685806274 -1 -1 -1 -1 -1 -1 -1 -1 -1
0.6578612327575684 0.47152236104011536 0.9996639490127563 -1 -1 -1 -1 -1 -1 -1 -1 -1
0.6333300471305847 0.4888635575771332 0.9997730851173401 -1 -1 -1 -1 -1 -1 -1 -1 -1
0.6512503027915955 0.5535571575164795 0.11992622166872025 -1 -1 -1 -1 -1 -1 -1 -1 -1
0.6171345710754395 0.5800777673721313 0.670161247253418 -1 -1 -1 -1 -1 -1 -1 -1 -1
0.6615463495254517 0.626608669757843 0.15100780129432678 -1 -1 -1 -1 -1 -1 -1 -1 -1
0.5998584032058716 0.6618149876594543 0.5695891976356506 -1 -1 -1 -1 -1 -1 -1 -1 -1
0.6645628809928894 0.6438513994216919 0.15145738422870636 -1 -1 -1 -1 -1 -1 -1 -1 -1
0.605780839920044 0.6848448514938354 0.5440739989280701 -1 -1 -1 -1 -1 -1 -1 -1 -1
0.6656479239463806 0.6481543779373169 0.16494643688201904 -1 -1 -1 -1 -1 -1 -1 -1 -1
0.6118075251579285 0.6889028549194336 0.530391275882721 -1 -1 -1 -1 -1 -1 -1 -1 -1
0.6629387140274048 0.6431128978729248 0.1748032569885254 -1 -1 -1 -1 -1 -1 -1 -1 -1
0.6147751212120056 0.6811631917953491 0.45198866724967957 -1 -1 -1 -1 -1 -1 -1 -1 -1
0.6114755868911743 0.5484232902526855 0.9990023970603943 -1 -1 -1 -1 -1 -1 -1 -1 -1
0.586988627910614 0.5667377710342407 0.9991575479507446 -1 -1 -1 -1 -1 -1 -1 -1 -1
0.6732784509658813 0.5753471851348877 0.5088547468185425 -1 -1 -1 -1 -1 -1 -1 -1 -1
0.6003643274307251 0.6900057196617126 0.8950002193450928 -1 -1 -1 -1 -1 -1 -1 -1 -1
0.7010053992271423 0.6502981185913086 0.43748739361763 -1 -1 -1 -1 -1 -1 -1 -1 -1
0.6110883355140686 0.7742661237716675 0.6418824195861816 -1 -1 -1 -1 -1 -1 -1 -1 -1
0.6979883313179016 0.6665865182876587 0.4283226430416107 -1 -1 -1 -1 -1 -1 -1 -1 -1
0.6083153486251831 0.7780184745788574 0.5608189105987549 -1 -1 -1 -1 -1 -1 -1 -1 -1
0.7297809720039368 0.6608805656433105 0.5254342555999756 -1 -1 -1 -1 -1 -1 -1 -1 -1
0.62892746925354 0.8057623505592346 0.6437307596206665 -1 -1 -1 -1 -1 -1 -1 -1 -1
1 
33 
-1 -1 -1 -1 -1 -1 -1 -1 -1 -1
0.6888841390609741 0.49112826585769653 0.9997120499610901 -1 -1 -1 -1 -1 -1 -1 -1 -1
0.6881410479545593 0.500236988067627 0.9998019337654114 -1 -1 -1 -1 -1 -1 -1 -1 -1
0.6874141097068787 0.5003265738487244 0.999792754650116 -1 -1 -1 -1 -1 -1 -1 -1 -1
0.6866763234138489 0.5004055500030518 0.9997876286506653 -1 -1 -1 -1 -1 -1 -1 -1 -1
0.6880757212638855 0.500647246837616 0.999638557434082 -1 -1 -1 -1 -1 -1 -1 -1 -1
0.6873541474342346 0.5008211135864258 0.9995386600494385 -1 -1 -1 -1 -1 -1 -1 -1 -1
0.6866399645805359 0.5010502338409424 0.9996505975723267 -1 -1 -1 -1 -1 -1 -1 -1 -1
0.6773967742919922 0.49641627073287964 0.9999126195907593 -1 -1 -1 -1 -1 -1 -1 -1 -1
0.6770418882369995 0.4976207911968231 0.9997435212135315 -1 -1 -1 -1 -1 -1 -1 -1 -1
0.6821675300598145 0.4820328950881958 0.9999005794525146 -1 -1 -1 -1 -1 -1 -1 -1 -1
0.6825023889541626 0.4818393886089325 0.9998900890350342 -1 -1 -1 -1 -1 -1 -1 -1 -1
0.6499163508415222 0.474063515663147 0.9999876022338867 -1 -1 -1 -1 -1 -1 -1 -1 -1
0.6500818729400635 0.4699729084968567 0.9998120665550232 -1 -1 -1 -1 -1 -1 -1 -1 -1
0.6447229385375977 0.5512396097183228 0.6491179466247559 -1 -1 -1 -1 -1 -1 -1 -1 -1
0.6293814778327942 0.5395121574401855 0.016446733847260475 -1 -1 -1 -1 -1 -1 -1 -1 -1
0.6366844773292542 0.6175164580345154 0.43981221318244934 -1 -1 -1 -1 -1 -1 -1 -1 -1
0.6315156817436218 0.5927175283432007 0.0497763492166996 -1 -1 -1 -1 -1 -1 -1 -1 -1
0.6347721815109253 0.6348320245742798 0.3900194466114044 -1 -1 -1 -1 -1 -1 -1 -1 -1
0.6317318677902222 0.6122739911079407 0.06245291978120804 -1 -1 -1 -1 -1 -1 -1 -1 -1
0.6354724168777466 0.6341081857681274 0.35611042380332947 -1 -1 -1 -1 -1 -1 -1 -1 -1
0.6340842247009277 0.6053590774536133 0.06205102801322937 -1 -1 -1 -1 -1 -1 -1 -1 -1
0.6357081532478333 0.6279266476631165 0.3017926812171936 -1 -1 -1 -1 -1 -1 -1 -1 -1
0.6340563893318176 0.5975468754768372 0.06635354459285736 -1 -1 -1 -1 -1 -1 -1 -1 -1
0.5848332047462463 0.5340213775634766 0.999937891960144 -1 -1 -1 -1 -1 -1 -1 -1 -1
0.5822573900222778 0.539376974105835 0.9998676776885986 -1 -1 -1 -1 -1 -1 -1 -1 -1
0.6106158494949341 0.6177747845649719 0.9726516604423523 -1 -1 -1 -1 -1 -1 -1 -1 -1
0.6195250153541565 0.6042020320892334 0.32139304280281067 -1 -1 -1 -1 -1 -1 -1 -1 -1
0.6209314465522766 0.6911659836769104 0.970787763595581 -1 -1 -1 -1 -1 -1 -1 -1 -1
0.6469211578369141 0.6707055568695068 0.6051987409591675 -1 -1 -1 -1 -1 -1 -1 -1 -1
0.6230798959732056 0.694854199886322 0.972123384475708 -1 -1 -1 -1 -1 -1 -1 -1 -1
0.6518804430961609 0.6775438189506531 0.5465033650398254 -1 -1 -1 -1 -1 -1 -1 -1 -1
0.6242279410362244 0.727568507194519 0.9449819922447205 -1 -1 -1 -1 -1 -1 -1 -1 -1
0.6559672355651855 0.6989157199859619 0.5972967147827148 -1 -1 -1 -1 -1 -1 -1 -1 -1
1 
33 
-1 -1 -1 -1 -1 -1 -1 -1 -1 -1
0.6224602460861206 0.5083134770393372 0.9978749752044678 -1 -1 -1 -1 -1 -1 -1 -1 -1
0.6266220211982727 0.5055789351463318 0.9976434111595154 -1 -1 -1 -1 -1 -1 -1 -1 -1
0.6282269954681396 0.5057368874549866 0.9974838495254517 -1 -1 -1 -1 -1 -1 -1 -1 -1
0.6298213005065918 0.5060158967971802 0.9973556995391846 -1 -1 -1 -1 -1 -1 -1 -1 -1
0.6230530738830566 0.5027649402618408 0.9976744055747986 -1 -1 -1 -1 -1 -1 -1 -1 -1
0.6221430897712708 0.500991940498352 0.9969670176506042 -1 -1 -1 -1 -1 -1 -1 -1 -1
0.6212331652641296 0.4992637038230896 0.9978033900260925 -1 -1 -1 -1 -1 -1 -1 -1 -1
0.6357104778289795 0.4948911964893341 0.9991781115531921 -1 -1 -1 -1 -1 -1 -1 -1 -1
0.6213347911834717 0.4844057559967041 0.9995326995849609 -1 -1 -1 -1 -1 -1 -1 -1 -1
0.6244503855705261 0.5048055052757263 0.9994997978210449 -1 -1 -1 -1 -1 -1 -1 -1 -1
0.6209779381752014 0.5020021796226501 0.999605119228363 -1 -1 -1 -1 -1 -1 -1 -1 -1
0.6490867137908936 0.48872652649879456 0.9999842643737793 -1 -1 -1 -1 -1 -1 -1 -1 -1
0.601428747177124 0.4507816433906555 0.9999918937683105 -1 -1 -1 -1 -1 -1 -1 -1 -1
0.6368811130523682 0.5422765016555786 0.8914104104042053 -1 -1 -1 -1 -1 -1 -1 -1 -1
0.5628010034561157 0.46922048926353455 0.9658951163291931 -1 -1 -1 -1 -1 -1 -1 -1 -1
0.6019713878631592 0.5776969194412231 0.7548564076423645 -1 -1 -1 -1 -1 -1 -1 -1 -1
0.5615091323852539 0.5466121435165405 0.9266661405563354 -1 -1 -1 -1 -1 -1 -1 -1 -1
0.5930840373039246 0.5901205539703369 0.6368041038513184 -1 -1 -1 -1 -1 -1 -1 -1 -1
0.5574838519096375 0.5573574900627136 0.8409832715988159 -1 -1 -1 -1 -1 -1 -1 -1 -1
0.5900322794914246 0.5822582244873047 0.6315609812736511 -1 -1 -1 -1 -1 -1 -1 -1 -1
0.5660861134529114 0.5703722238540649 0.8577911257743835 -1 -1 -1 -1 -1 -1 -1 -1 -1
0.5919761061668396 0.577624499797821 0.5623634457588196 -1 -1 -1 -1 -1 -1 -1 -1 -1
0.5685721635818481 0.5649802088737488 0.8720609545707703 -1 -1 -1 -1 -1 -1 -1 -1 -1
0.6250216364860535 0.5437188744544983 0.9998542070388794 -1 -1 -1 -1 -1 -1 -1 -1 -1
0.5946600437164307 0.5344351530075073 0.9999507665634155 -1 -1 -1 -1 -1 -1 -1 -1 -1
0.6299900412559509 0.6106305718421936 0.3350379168987274 -1 -1 -1 -1 -1 -1 -1 -1 -1
0.5898987650871277 0.5932025909423828 0.3216547667980194 -1 -1 -1 -1 -1 -1 -1 -1 -1
0.650664210319519 0.6520451903343201 0.5263565182685852 -1 -1 -1 -1 -1 -1 -1 -1 -1
0.598243236541748 0.6506140232086182 0.23152048885822296 -1 -1 -1 -1 -1 -1 -1 -1 -1
0.6530687212944031 0.6551628708839417 0.4885408580303192 -1 -1 -1 -1 -1 -1 -1 -1 -1
0.6025305390357971 0.6521610617637634 0.22396482527256012 -1 -1 -1 -1 -1 -1 -1 -1 -1
0.65863037109375 0.6859412789344788 0.6091477870941162 -1 -1 -1 -1 -1 -1 -1 -1 -1
0.5937216281890869 0.6921949982643127 0.34067869186401367 -1 -1 -1 -1 -1 -1 -1 -1 -1
1 
