13
1 
33 
-1 -1 -1 -1 -1 -1 -1 -1 -1 -1
0.4515438973903656 0.37399616837501526 0.997782289981842 -1 -1 -1 -1 -1 -1 -1 -1 -1
0.4545418620109558 0.360839307308197 0.9992125034332275 -1 -1 -1 -1 -1 -1 -1 -1 -1
0.4572484493255615 0.35929036140441895 0.9991349577903748 -1 -1 -1 -1 -1 -1 -1 -1 -1
0.4583452641963959 0.3577105402946472 0.9995094537734985 -1 -1 -1 -1 -1 -1 -1 -1 -1
0.45346492528915405 0.36128494143486023 0.9989573955535889 -1 -1 -1 -1 -1 -1 -1 -1 -1
0.4539448916912079 0.36008304357528687 0.9986138343811035 -1 -1 -1 -1 -1 -1 -1 -1 -1
0.45425692200660706 0.3588257431983948 0.9991274476051331 -1 -1 -1 -1 -1 -1 -1 -1 -1
0.46632903814315796 0.35024964809417725 0.9992361068725586 -1 -1 -1 -1 -1 -1 -1 -1 -1
0.46240347623825073 0.34969890117645264 0.9982919096946716 -1 -1 -1 -1 -1 -1 -1 -1 -1
0.45614784955978394 0.3740062713623047 0.9965198040008545 -1 -1 -1 -1 -1 -1 -1 -1 -1
0.45421499013900757 0.37511250376701355 0.9961820244789124 -1 -1 -1 -1 -1 -1 -1 -1 -1
0.473339706659317 0.3647831678390503 0.9996998310089111 -1 -1 -1 -1 -1 -1 -1 -1 -1
0.46789827942848206 0.36231058835983276 0.9981732368469238 -1 -1 -1 -1 -1 -1 -1 -1 -1
0.43627798557281494 0.40419960021972656 0.9714178442955017 -1 -1 -1 -1 -1 -1 -1 -1 -1
0.43464431166648865 0.3945513665676117 0.0952070876955986 -1 -1 -1 -1 -1 -1 -1 -1 -1
0.41568994522094727 0.38669028878211975 0.8638110160827637 -1 -1 -1 -1 -1 -1 -1 -1 -1
0.41428953409194946 0.3853120803833008 0.16931305825710297 -1 -1 -1 -1 -1 -1 -1 -1 -1
0.4101114869117737 0.37862059473991394 0.7867670655250549 -1 -1 -1 -1 -1 -1 -1 -1 -1
0.4070007801055908 0.3829347789287567 0.21339723467826843 -1 -1 -1 -1 -1 -1 -1 -1 -1
0.4104683995246887 0.37497422099113464 0.7692883610725403 -1 -1 -1 -1 -1 -1 -1 -1 -1
0.4076218008995056 0.3770078420639038 0.22219112515449524 -1 -1 -1 -1 -1 -1 -1 -1 -1
0.4115549325942993 0.37637385725975037 0.70106041431427 -1 -1 -1 -1 -1 -1 -1 -1 -1
0.4089444875717163 0.3774629831314087 0.21410271525382996 -1 -1 -1 -1 -1 -1 -1 -1 -1
0.5386412143707275 0.4370388984680176 0.9997394680976868 -1 -1 -1 -1 -1 -1 -1 -1 -1
0.5382339358329773 0.4322822391986847 0.9997033476829529 -1 -1 -1 -1 -1 -1 -1 -1 -1
0.5169393420219421 0.564857006072998 0.9417034983634949 -1 -1 -1 -1 -1 -1 -1 -1 -1
0.517842173576355 0.5580312013626099 0.34123244881629944 -1 -1 -1 -1 -1 -1 -1 -1 -1
0.5075415372848511 0.7202308177947998 0.9572351574897766 -1 -1 -1 -1 -1 -1 -1 -1 -1
0.5115677118301392 0.7050266265869141 0.4271043539047241 -1 -1 -1 -1 -1 -1 -1 -1 -1
0.5117397308349609 0.7428975105285645 0.9398902654647827 -1 -1 -1 -1 -1 -1 -1 -1 -1
0.511104941368103 0.7398977279663086 0.46265602111816406 -1 -1 -1 -1 -1 -1 -1 -1 -1
0.4924169182777405 0.7279341220855713 0.9531029462814331 -1 -1 -1 -1 -1 -1 -1 -1 -1
0.4882616400718689 0.7238787412643433 0.645656943321228 -1 -1 -1 -1 -1 -1 -1 -1 -1
1 
33 
-1 -1 -1 -1 -1 -1 -1 -1 -1 -1
0.4548237919807434 0.39799609780311584 0.9999960660934448 -1 -1 -1 -1 -1 -1 -1 -1 -1
0.4545751214027405 0.3801318109035492 0.9999983310699463 -1 -1 -1 -1 -1 -1 -1 -1 -1
0.45525747537612915 0.3781193196773529 0.9999982118606567 -1 -1 -1 -1 -1 -1 -1 -1 -1
0.45574048161506653 0.3764602839946747 0.9999988079071045 -1 -1 -1 -1 -1 -1 -1 -1 -1
0.45435670018196106 0.3827540874481201 0.9999977350234985 -1 -1 -1 -1 -1 -1 -1 -1 -1
0.4549684226512909 0.381994366645813 0.999996542930603 -1 -1 -1 -1 -1 -1 -1 -1 -1
0.45546403527259827 0.38015496730804443 0.9999974966049194 -1 -1 -1 -1 -1 -1 -1 -1 -1
0.46080121397972107 0.37054872512817383 0.9999980926513672 -1 -1 -1 -1 -1 -1 -1 -1 -1
0.4606188237667084 0.3730936646461487 0.9999973773956299 -1 -1 -1 -1 -1 -1 -1 -1 -1
0.45831817388534546 0.40099605917930603 0.9999849796295166 -1 -1 -1 -1 -1 -1 -1 -1 -1
0.45865997672080994 0.40478116273880005 0.9999802112579346 -1 -1 -1 -1 -1 -1 -1 -1 -1
0.4791848659515381 0.3918215036392212 0.9998924732208252 -1 -1 -1 -1 -1 -1 -1 -1 -1
0.4858187139034271 0.386274516582489 0.9997537732124329 -1 -1 -1 -1 -1 -1 -1 -1 -1
0.45321279764175415 0.46329429745674133 0.916118860244751 -1 -1 -1 -1 -1 -1 -1 -1 -1
0.46003660559654236 0.45555776357650757 0.23329484462738037 -1 -1 -1 -1 -1 -1 -1 -1 -1
0.46660032868385315 0.42377346754074097 0.5873600244522095 -1 -1 -1 -1 -1 -1 -1 -1 -1
0.43718820810317993 0.47829076647758484 0.3552119731903076 -1 -1 -1 -1 -1 -1 -1 -1 -1
0.4665414094924927 0.4093325138092041 0.48541706800460815 -1 -1 -1 -1 -1 -1 -1 -1 -1
0.42966464161872864 0.48108136653900146 0.3969883322715759 -1 -1 -1 -1 -1 -1 -1 -1 -1
0.4698239266872406 0.40945953130722046 0.4334349036216736 -1 -1 -1 -1 -1 -1 -1 -1 -1
0.43200796842575073 0.4705815315246582 0.39016470313072205 -1 -1 -1 -1 -1 -1 -1 -1 -1
0.47023361921310425 0.4164339601993561 0.41411682963371277 -1 -1 -1 -1 -1 -1 -1 -1 -1
0.43218570947647095 0.47150421142578125 0.4002261161804199 -1 -1 -1 -1 -1 -1 -1 -1 -1
0.5626687407493591 0.404712438583374 0.999976634979248 -1 -1 -1 -1 -1 -1 -1 -1 -1
0.5823756456375122 0.37505418062210083 0.9999949932098389 -1 -1 -1 -1 -1 -1 -1 -1 -1
0.527546763420105 0.5687293410301208 0.9920749664306641 -1 -1 -1 -1 -1 -1 -1 -1 -1
0.6267881393432617 0.3855953514575958 0.9761756062507629 -1 -1 -1 -1 -1 -1 -1 -1 -1
0.49131086468696594 0.7021593451499939 0.9904693961143494 -1 -1 -1 -1 -1 -1 -1 -1 -1
0.6765046119689941 0.3953719437122345 0.9196248054504395 -1 -1 -1 -1 -1 -1 -1 -1 -1
0.5037807822227478 0.714725136756897 0.9772706627845764 -1 -1 -1 -1 -1 -1 -1 -1 -1
0.6848955154418945 0.3931252062320709 0.8842801451683044 -1 -1 -1 -1 -1 -1 -1 -1 -1
0.4538349509239197 0.7274491786956787 0.9850373864173889 -1 -1 -1 -1 -1 -1 -1 -1 -1
0.6874568462371826 0.3983810544013977 0.9170089364051819 -1 -1 -1 -1 -1 -1 -1 -1 -1
1 
33 
-1 -1 -1 -1 -1 -1 -1 -1 -1 -1
0.4619290232658386 0.43431293964385986 0.9983213543891907 -1 -1 -1 -1 -1 -1 -1 -1 -1
0.4562147557735443 0.4294416010379791 0.9993414282798767 -1 -1 -1 -1 -1 -1 -1 -1 -1
0.45597508549690247 0.42899614572525024 0.9991845488548279 -1 -1 -1 -1 -1 -1 -1 -1 -1
0.45567935705184937 0.4285130500793457 0.999495267868042 -1 -1 -1 -1 -1 -1 -1 -1 -1
0.45600029826164246 0.42830225825309753 0.9993640780448914 -1 -1 -1 -1 -1 -1 -1 -1 -1
0.45568060874938965 0.4272190034389496 0.9991705417633057 -1 -1 -1 -1 -1 -1 -1 -1 -1
0.4553089737892151 0.4257543385028839 0.9993436932563782 -1 -1 -1 -1 -1 -1 -1 -1 -1
0.4560180902481079 0.41993391513824463 0.9990211725234985 -1 -1 -1 -1 -1 -1 -1 -1 -1
0.45595118403434753 0.41576945781707764 0.998779833316803 -1 -1 -1 -1 -1 -1 -1 -1 -1
0.46568435430526733 0.4324910342693329 0.9977310299873352 -1 -1 -1 -1 -1 -1 -1 -1 -1
0.4657735526561737 0.43199822306632996 0.9975175857543945 -1 -1 -1 -1 -1 -1 -1 -1 -1
0.47354429960250854 0.4184509217739105 0.9996883869171143 -1 -1 -1 -1 -1 -1 -1 -1 -1
0.48042672872543335 0.3989822268486023 0.998323380947113 -1 -1 -1 -1 -1 -1 -1 -1 -1
0.48103219270706177 0.48610955476760864 0.8626840710639954 -1 -1 -1 -1 -1 -1 -1 -1 -1
0.5125911831855774 0.39997318387031555 0.046431928873062134 -1 -1 -1 -1 -1 -1 -1 -1 -1
0.46914082765579224 0.5308140516281128 0.7690274119377136 -1 -1 -1 -1 -1 -1 -1 -1 -1
0.5136609077453613 0.4284861385822296 0.05135190859436989 -1 -1 -1 -1 -1 -1 -1 -1 -1
0.468014657497406 0.549457311630249 0.7334833145141602 -1 -1 -1 -1 -1 -1 -1 -1 -1
0.5138216614723206 0.43044835329055786 0.07281500846147537 -1 -1 -1 -1 -1 -1 -1 -1 -1
0.4652003049850464 0.5469210147857666 0.7207747101783752 -1 -1 -1 -1 -1 -1 -1 -1 -1
0.5109521150588989 0.4319002032279968 0.07168664038181305 -1 -1 -1 -1 -1 -1 -1 -1 -1
0.4658437669277191 0.5411336421966553 0.6043703556060791 -1 -1 -1 -1 -1 -1 -1 -1 -1
0.5104281902313232 0.4329652488231659 0.06910320371389389 -1 -1 -1 -1 -1 -1 -1 -1 -1
0.5446634888648987 0.4164968430995941 0.9988275170326233 -1 -1 -1 -1 -1 -1 -1 -1 -1
0.5541065335273743 0.4046964943408966 0.9975536465644836 -1 -1 -1 -1 -1 -1 -1 -1 -1
0.5267578959465027 0.5151093006134033 0.8976155519485474 -1 -1 -1 -1 -1 -1 -1 -1 -1
0.5362644791603088 0.5112043023109436 0.3065369427204132 -1 -1 -1 -1 -1 -1 -1 -1 -1
0.5264789462089539 0.6255122423171997 0.9088771343231201 -1 -1 -1 -1 -1 -1 -1 -1 -1
0.5323557257652283 0.619037926197052 0.49953392148017883 -1 -1 -1 -1 -1 -1 -1 -1 -1
0.531246542930603 0.6453865766525269 0.8925326466560364 -1 -1 -1 -1 -1 -1 -1 -1 -1
0.5434592962265015 0.6311234831809998 0.612935483455658 -1 -1 -1 -1 -1 -1 -1 -1 -1
0.5076190233230591 0.675032377243042 0.8984664082527161 -1 -1 -1 -1 -1 -1 -1 -1 -1
0.5246013402938843 0.6622442007064819 0.5769662261009216 -1 -1 -1 -1 -1 -1 -1 -1 -1
1 
33 
-1 -1 -1 -1 -1 -1 -1 -1 -1 -1
0.4889875054359436 0.4731983244419098 0.9809689521789551 -1 -1 -1 -1 -1 -1 -1 -1 -1
0.4845764636993408 0.476151704788208 0.9862326383590698 -1 -1 -1 -1 -1 -1 -1 -1 -1
0.4840738773345947 0.4755673408508301 0.9813544750213623 -1 -1 -1 -1 -1 -1 -1 -1 -1
0.48336970806121826 0.4750949442386627 0.984334409236908 -1 -1 -1 -1 -1 -1 -1 -1 -1
0.48416370153427124 0.47653213143348694 0.9854673147201538 -1 -1 -1 -1 -1 -1 -1 -1 -1
0.48313573002815247 0.47628289461135864 0.984457790851593 -1 -1 -1 -1 -1 -1 -1 -1 -1
0.48236727714538574 0.47601234912872314 0.9882184863090515 -1 -1 -1 -1 -1 -1 -1 -1 -1
0.47718513011932373 0.466238409280777 0.9769420623779297 -1 -1 -1 -1 -1 -1 -1 -1 -1
0.4764086604118347 0.46730902791023254 0.9809991121292114 -1 -1 -1 -1 -1 -1 -1 -1 -1
0.48967093229293823 0.46412089467048645 0.9899746775627136 -1 -1 -1 -1 -1 -1 -1 -1 -1
0.4893343150615692 0.4645577371120453 0.9895926713943481 -1 -1 -1 -1 -1 -1 -1 -1 -1
0.48231828212738037 0.43573322892189026 0.9998898506164551 -1 -1 -1 -1 -1 -1 -1 -1 -1
0.4821971654891968 0.43040767312049866 0.9996094107627869 -1 -1 -1 -1 -1 -1 -1 -1 -1
0.515353798866272 0.4797905683517456 0.7400368452072144 -1 -1 -1 -1 -1 -1 -1 -1 -1
0.5093402862548828 0.4587962031364441 0.01476187352091074 -1 -1 -1 -1 -1 -1 -1 -1 -1
0.5170011520385742 0.5299789309501648 0.35413068532943726 -1 -1 -1 -1 -1 -1 -1 -1 -1
0.5132102966308594 0.503036379814148 0.011686156503856182 -1 -1 -1 -1 -1 -1 -1 -1 -1
0.5196225643157959 0.5455105304718018 0.32670411467552185 -1 -1 -1 -1 -1 -1 -1 -1 -1
0.5145676136016846 0.5138568878173828 0.01845628209412098 -1 -1 -1 -1 -1 -1 -1 -1 -1
0.5140454173088074 0.5413811206817627 0.3342520296573639 -1 -1 -1 -1 -1 -1 -1 -1 -1
0.5114238262176514 0.5191034078598022 0.01924208179116249 -1 -1 -1 -1 -1 -1 -1 -1 -1
0.5123281478881836 0.5349253416061401 0.2535741925239563 -1 -1 -1 -1 -1 -1 -1 -1 -1
0.5106198191642761 0.5153853297233582 0.02276506833732128 -1 -1 -1 -1 -1 -1 -1 -1 -1
0.5410641431808472 0.39940714836120605 0.9940551519393921 -1 -1 -1 -1 -1 -1 -1 -1 -1
0.5429420471191406 0.3964408338069916 0.9923382997512817 -1 -1 -1 -1 -1 -1 -1 -1 -1
0.5255984663963318 0.5041443109512329 0.9418988823890686 -1 -1 -1 -1 -1 -1 -1 -1 -1
0.5243817567825317 0.5040724873542786 0.07614529132843018 -1 -1 -1 -1 -1 -1 -1 -1 -1
0.5573486089706421 0.5860419273376465 0.9392932057380676 -1 -1 -1 -1 -1 -1 -1 -1 -1
0.5603832602500916 0.582484245300293 0.15835264325141907 -1 -1 -1 -1 -1 -1 -1 -1 -1
0.5656173825263977 0.5891547799110413 0.8982715010643005 -1 -1 -1 -1 -1 -1 -1 -1 -1
0.5692237019538879 0.586227536201477 0.23942776024341583 -1 -1 -1 -1 -1 -1 -1 -1 -1
0.555250883102417 0.6237710118293762 0.937417209148407 -1 -1 -1 -1 -1 -1 -1 -1 -1
0.556427001953125 0.6221357583999634 0.22499766945838928 -1 -1 -1 -1 -1 -1 -1 -1 -1
1 
33 
-1 -1 -1 -1 -1 -1 -1 -1 -1 -1
0.5013959407806396 0.41562801599502563 0.9963566064834595 -1 -1 -1 -1 -1 -1 -1 -1 -1
0.499214768409729 0.41422078013420105 0.9959927201271057 -1 -1 -1 -1 -1 -1 -1 -1 -1
0.49900540709495544 0.41425979137420654 0.9922351241111755 -1 -1 -1 -1 -1 -1 -1 -1 -1
0.49880361557006836 0.41428399085998535 0.9964132905006409 -1 -1 -1 -1 -1 -1 -1 -1 -1
0.49916499853134155 0.41531747579574585 0.997035026550293 -1 -1 -1 -1 -1 -1 -1 -1 -1
0.4988138675689697 0.4161521792411804 0.9941526055335999 -1 -1 -1 -1 -1 -1 -1 -1 -1
0.49846991896629333 0.41698405146598816 0.9969024062156677 -1 -1 -1 -1 -1 -1 -1 -1 -1
0.49583083391189575 0.4198352098464966 0.99114990234375 -1 -1 -1 -1 -1 -1 -1 -1 -1
0.49543777108192444 0.4236558973789215 0.9929503202438354 -1 -1 -1 -1 -1 -1 -1 -1 -1
0.5015882849693298 0.42095041275024414 0.9986458420753479 -1 -1 -1 -1 -1 -1 -1 -1 -1
0.5013867020606995 0.4218200147151947 0.9988389611244202 -1 -1 -1 -1 -1 -1 -1 -1 -1
0.49911341071128845 0.43755438923835754 0.9983708262443542 -1 -1 -1 -1 -1 -1 -1 -1 -1
0.4973424971103668 0.4544692635536194 0.9990573525428772 -1 -1 -1 -1 -1 -1 -1 -1 -1
0.5218678712844849 0.46248915791511536 0.20991075038909912 -1 -1 -1 -1 -1 -1 -1 -1 -1
0.5204622745513916 0.4810950458049774 0.8112474679946899 -1 -1 -1 -1 -1 -1 -1 -1 -1
0.5451793670654297 0.47606924176216125 0.18239735066890717 -1 -1 -1 -1 -1 -1 -1 -1 -1
0.5456788539886475 0.48522162437438965 0.8522365093231201 -1 -1 -1 -1 -1 -1 -1 -1 -1
0.5503702163696289 0.4779079258441925 0.19856031239032745 -1 -1 -1 -1 -1 -1 -1 -1 -1
0.5516459941864014 0.4894278943538666 0.8039057850837708 -1 -1 -1 -1 -1 -1 -1 -1 -1
0.5507932901382446 0.4786413908004761 0.21395795047283173 -1 -1 -1 -1 -1 -1 -1 -1 -1
0.5523203611373901 0.48221445083618164 0.7937984466552734 -1 -1 -1 -1 -1 -1 -1 -1 -1
0.5487207174301147 0.4794134199619293 0.21747510135173798 -1 -1 -1 -1 -1 -1 -1 -1 -1
0.5503278970718384 0.4807818531990051 0.7000956535339355 -1 -1 -1 -1 -1 -1 -1 -1 -1
0.5122405886650085 0.4908725321292877 0.9988911747932434 -1 -1 -1 -1 -1 -1 -1 -1 -1
0.5121285915374756 0.5064153671264648 0.9982739686965942 -1 -1 -1 -1 -1 -1 -1 -1 -1
0.527211606502533 0.44473764300346375 0.17130938172340393 -1 -1 -1 -1 -1 -1 -1 -1 -1
0.5268661975860596 0.46924853324890137 0.5387035608291626 -1 -1 -1 -1 -1 -1 -1 -1 -1
0.5369594693183899 0.4683123230934143 0.1352183222770691 -1 -1 -1 -1 -1 -1 -1 -1 -1
0.534406304359436 0.47030532360076904 0.04938269779086113 -1 -1 -1 -1 -1 -1 -1 -1 -1
0.5365177989006042 0.4758400321006775 0.16688990592956543 -1 -1 -1 -1 -1 -1 -1 -1 -1
0.5339050889015198 0.4717356860637665 0.056387484073638916 -1 -1 -1 -1 -1 -1 -1 -1 -1
0.5448154211044312 0.4611438512802124 0.12208285927772522 -1 -1 -1 -1 -1 -1 -1 -1 -1
0.5398393273353577 0.4640232026576996 0.05514754727482796 -1 -1 -1 -1 -1 -1 -1 -1 -1
1 
33 
-1 -1 -1 -1 -1 -1 -1 -1 -1 -1
0.51638263463974 0.4697456359863281 0.03088752180337906 -1 -1 -1 -1 -1 -1 -1 -1 -1
0.5172236561775208 0.4708821475505829 0.03635290637612343 -1 -1 -1 -1 -1 -1 -1 -1 -1
0.5175392627716064 0.470676451921463 0.037498436868190765 -1 -1 -1 -1 -1 -1 -1 -1 -1
0.5178476572036743 0.4704476594924927 0.032646648585796356 -1 -1 -1 -1 -1 -1 -1 -1 -1
0.5155194401741028 0.47165447473526 0.042716193944215775 -1 -1 -1 -1 -1 -1 -1 -1 -1
0.5148967504501343 0.47192075848579407 0.04836655408143997 -1 -1 -1 -1 -1 -1 -1 -1 -1
0.514267086982727 0.4721638858318329 0.04127936810255051 -1 -1 -1 -1 -1 -1 -1 -1 -1
0.5174379348754883 0.46942776441574097 0.08552410453557968 -1 -1 -1 -1 -1 -1 -1 -1 -1
0.5118430852890015 0.4713681638240814 0.08602321147918701 -1 -1 -1 -1 -1 -1 -1 -1 -1
0.5159137845039368 0.4683894217014313 0.0854300782084465 -1 -1 -1 -1 -1 -1 -1 -1 -1
0.5145480036735535 0.4690701365470886 0.10089944303035736 -1 -1 -1 -1 -1 -1 -1 -1 -1
0.5179266929626465 0.4631740152835846 0.9753060340881348 -1 -1 -1 -1 -1 -1 -1 -1 -1
0.5037988424301147 0.469137966632843 0.9913513660430908 -1 -1 -1 -1 -1 -1 -1 -1 -1
0.5216428637504578 0.44487711787223816 0.5426537394523621 -1 -1 -1 -1 -1 -1 -1 -1 -1
0.49800539016723633 0.45723477005958557 0.142601877450943 -1 -1 -1 -1 -1 -1 -1 -1 -1
0.5249183177947998 0.43900349736213684 0.17226828634738922 -1 -1 -1 -1 -1 -1 -1 -1 -1
0.4999629855155945 0.4444054961204529 0.1222524642944336 -1 -1 -1 -1 -1 -1 -1 -1 -1
0.5271140933036804 0.4356582462787628 0.12267252057790756 -1 -1 -1 -1 -1 -1 -1 -1 -1
0.4994092881679535 0.4396328926086426 0.1148856058716774 -1 -1 -1 -1 -1 -1 -1 -1 -1
0.5253777503967285 0.4388205111026764 0.12057603895664215 -1 -1 -1 -1 -1 -1 -1 -1 -1
0.5011505484580994 0.4404006004333496 0.10779321938753128 -1 -1 -1 -1 -1 -1 -1 -1 -1
0.5241268277168274 0.4397607743740082 0.12057007849216461 -1 -1 -1 -1 -1 -1 -1 -1 -1
0.501948356628418 0.4415082335472107 0.11376789957284927 -1 -1 -1 -1 -1 -1 -1 -1 -1
0.5108720660209656 0.44327470660209656 0.9871248602867126 -1 -1 -1 -1 -1 -1 -1 -1 -1
0.50758296251297 0.4419857859611511 0.9906438589096069 -1 -1 -1 -1 -1 -1 -1 -1 -1
0.5044665336608887 0.424299031496048 0.1984308660030365 -1 -1 -1 -1 -1 -1 -1 -1 -1
0.5028499960899353 0.41701745986938477 0.3791442811489105 -1 -1 -1 -1 -1 -1 -1 -1 -1
0.504406750202179 0.3998928368091583 0.2673061788082123 -1 -1 -1 -1 -1 -1 -1 -1 -1
0.5038000345230103 0.39529165625572205 0.5551791191101074 -1 -1 -1 -1 -1 -1 -1 -1 -1
0.5045089721679688 0.39751410484313965 0.20416617393493652 -1 -1 -1 -1 -1 -1 -1 -1 -1
0.5053555965423584 0.39399847388267517 0.5107790231704712 -1 -1 -1 -1 -1 -1 -1 -1 -1
0.5019617080688477 0.3892592489719391 0.11568576097488403 -1 -1 -1 -1 -1 -1 -1 -1 -1
0.4993751347064972 0.3840489089488983 0.21794693171977997 -1 -1 -1 -1 -1 -1 -1 -1 -1
1 
33 
-1 -1 -1 -1 -1 -1 -1 -1 -1 -1
0.555336594581604 0.41431713104248047 0.9960588216781616 -1 -1 -1 -1 -1 -1 -1 -1 -1
0.5571980476379395 0.41157108545303345 0.9975323677062988 -1 -1 -1 -1 -1 -1 -1 -1 -1
0.5572944283485413 0.4112536609172821 0.9958806037902832 -1 -1 -1 -1 -1 -1 -1 -1 -1
0.5573820471763611 0.4109213948249817 0.996917724609375 -1 -1 -1 -1 -1 -1 -1 -1 -1
0.5566174387931824 0.41142067313194275 0.9976215958595276 -1 -1 -1 -1 -1 -1 -1 -1 -1
0.556394100189209 0.41113969683647156 0.9963793158531189 -1 -1 -1 -1 -1 -1 -1 -1 -1
0.5561898946762085 0.41090232133865356 0.9971357583999634 -1 -1 -1 -1 -1 -1 -1 -1 -1
0.5558368563652039 0.4069782495498657 0.9955112934112549 -1 -1 -1 -1 -1 -1 -1 -1 -1
0.554010808467865 0.40698426961898804 0.9951506853103638 -1 -1 -1 -1 -1 -1 -1 -1 -1
0.5527198314666748 0.41468000411987305 0.9989396929740906 -1 -1 -1 -1 -1 -1 -1 -1 -1
0.5524937510490417 0.41458529233932495 0.999293327331543 -1 -1 -1 -1 -1 -1 -1 -1 -1
0.5469578504562378 0.40289878845214844 0.9998100399971008 -1 -1 -1 -1 -1 -1 -1 -1 -1
0.5431132316589355 0.4112853407859802 0.9998776912689209 -1 -1 -1 -1 -1 -1 -1 -1 -1
0.5462856292724609 0.4259592890739441 0.5974506735801697 -1 -1 -1 -1 -1 -1 -1 -1 -1
0.5477829575538635 0.43872278928756714 0.8743375539779663 -1 -1 -1 -1 -1 -1 -1 -1 -1
0.5480508804321289 0.4474250078201294 0.6407970190048218 -1 -1 -1 -1 -1 -1 -1 -1 -1
0.5516926050186157 0.4627533555030823 0.9461323618888855 -1 -1 -1 -1 -1 -1 -1 -1 -1
0.5491718649864197 0.450785756111145 0.679246187210083 -1 -1 -1 -1 -1 -1 -1 -1 -1
0.5515813827514648 0.469045490026474 0.9401997327804565 -1 -1 -1 -1 -1 -1 -1 -1 -1
0.5498183965682983 0.4491591453552246 0.6793962717056274 -1 -1 -1 -1 -1 -1 -1 -1 -1
0.5537858009338379 0.4652761220932007 0.9360316395759583 -1 -1 -1 -1 -1 -1 -1 -1 -1
0.5492459535598755 0.44881725311279297 0.5867112278938293 -1 -1 -1 -1 -1 -1 -1 -1 -1
0.5534389019012451 0.46231594681739807 0.8934898376464844 -1 -1 -1 -1 -1 -1 -1 -1 -1
0.5134586691856384 0.44842609763145447 0.999916672706604 -1 -1 -1 -1 -1 -1 -1 -1 -1
0.5058830976486206 0.4546620547771454 0.9998646974563599 -1 -1 -1 -1 -1 -1 -1 -1 -1
0.5557207465171814 0.4583474099636078 0.5870304703712463 -1 -1 -1 -1 -1 -1 -1 -1 -1
0.5409837365150452 0.47812655568122864 0.7678169012069702 -1 -1 -1 -1 -1 -1 -1 -1 -1
0.5430978536605835 0.4508320391178131 0.48004457354545593 -1 -1 -1 -1 -1 -1 -1 -1 -1
0.5443724989891052 0.45271173119544983 0.6197351813316345 -1 -1 -1 -1 -1 -1 -1 -1 -1
0.5400972366333008 0.449737548828125 0.47855570912361145 -1 -1 -1 -1 -1 -1 -1 -1 -1
0.5424003601074219 0.44730454683303833 0.5504323840141296 -1 -1 -1 -1 -1 -1 -1 -1 -1
0.5458001494407654 0.4454008936882019 0.5850225687026978 -1 -1 -1 -1 -1 -1 -1 -1 -1
0.5545365214347839 0.44735077023506165 0.6732807755470276 -1 -1 -1 -1 -1 -1 -1 -1 -1
1 
33 
-1 -1 -1 -1 -1 -1 -1 -1 -1 -1
0.5482540726661682 0.4245173931121826 0.9993051290512085 -1 -1 -1 -1 -1 -1 -1 -1 -1
0.5522242188453674 0.4288254976272583 0.9992801547050476 -1 -1 -1 -1 -1 -1 -1 -1 -1
0.5521082878112793 0.4298965632915497 0.999288022518158 -1 -1 -1 -1 -1 -1 -1 -1 -1
0.5519790053367615 0.4309369921684265 0.999031662940979 -1 -1 -1 -1 -1 -1 -1 -1 -1
0.5526068806648254 0.4260931611061096 0.9990646243095398 -1 -1 -1 -1 -1 -1 -1 -1 -1
0.5528625249862671 0.4254685640335083 0.9991129040718079 -1 -1 -1 -1 -1 -1 -1 -1 -1
0.5531278252601624 0.4249458611011505 0.9987406134605408 -1 -1 -1 -1 -1 -1 -1 -1 -1
0.5518473386764526 0.43342339992523193 0.9991645812988281 -1 -1 -1 -1 -1 -1 -1 -1 -1
0.5529797673225403 0.4243447482585907 0.998815655708313 -1 -1 -1 -1 -1 -1 -1 -1 -1
0.5448129177093506 0.4242076575756073 0.9993796348571777 -1 -1 -1 -1 -1 -1 -1 -1 -1
0.5456146001815796 0.4212987720966339 0.9994269609451294 -1 -1 -1 -1 -1 -1 -1 -1 -1
0.5392025709152222 0.4152291417121887 0.9999163150787354 -1 -1 -1 -1 -1 -1 -1 -1 -1
0.5437614917755127 0.4220702052116394 0.9999206066131592 -1 -1 -1 -1 -1 -1 -1 -1 -1
0.5282316207885742 0.4141894578933716 0.6873598098754883 -1 -1 -1 -1 -1 -1 -1 -1 -1
0.5445461869239807 0.44082921743392944 0.2038419097661972 -1 -1 -1 -1 -1 -1 -1 -1 -1
0.5369219779968262 0.40777716040611267 0.7436525225639343 -1 -1 -1 -1 -1 -1 -1 -1 -1
0.544148325920105 0.43357786536216736 0.36660534143447876 -1 -1 -1 -1 -1 -1 -1 -1 -1
0.5408133268356323 0.40529048442840576 0.771320641040802 -1 -1 -1 -1 -1 -1 -1 -1 -1
0.5450993776321411 0.43314892053604126 0.4195248782634735 -1 -1 -1 -1 -1 -1 -1 -1 -1
0.5413339138031006 0.4048132002353668 0.7680306434631348 -1 -1 -1 -1 -1 -1 -1 -1 -1
0.5448942184448242 0.430350124835968 0.4003796875476837 -1 -1 -1 -1 -1 -1 -1 -1 -1
0.5388636589050293 0.406370609998703 0.7039006948471069 -1 -1 -1 -1 -1 -1 -1 -1 -1
0.5437135696411133 0.4303284287452698 0.3786223232746124 -1 -1 -1 -1 -1 -1 -1 -1 -1
0.47153475880622864 0.4547004699707031 0.9995830655097961 -1 -1 -1 -1 -1 -1 -1 -1 -1
0.4717150032520294 0.45897072553634644 0.9993390440940857 -1 -1 -1 -1 -1 -1 -1 -1 -1
0.5447602272033691 0.42557772994041443 0.5323124527931213 -1 -1 -1 -1 -1 -1 -1 -1 -1
0.5321453809738159 0.4324449896812439 0.715141236782074 -1 -1 -1 -1 -1 -1 -1 -1 -1
0.5554067492485046 0.4172254502773285 0.39942389726638794 -1 -1 -1 -1 -1 -1 -1 -1 -1
0.5568380355834961 0.4171028435230255 0.4009850025177002 -1 -1 -1 -1 -1 -1 -1 -1 -1
0.5482292771339417 0.4254592955112457 0.6838423609733582 -1 -1 -1 -1 -1 -1 -1 -1 -1
0.5533959865570068 0.4171798825263977 0.7173478603363037 -1 -1 -1 -1 -1 -1 -1 -1 -1
0.5794633626937866 0.3894551396369934 0.5600021481513977 -1 -1 -1 -1 -1 -1 -1 -1 -1
0.5795233845710754 0.4063120186328888 0.6208881735801697 -1 -1 -1 -1 -1 -1 -1 -1 -1
1 
33 
-1 -1 -1 -1 -1 -1 -1 -1 -1 -1
0.5739293098449707 0.3988676965236664 0.9838310480117798 -1 -1 -1 -1 -1 -1 -1 -1 -1
0.5785233974456787 0.40195232629776 0.9856458306312561 -1 -1 -1 -1 -1 -1 -1 -1 -1
0.5791106224060059 0.4032810926437378 0.9863000512123108 -1 -1 -1 -1 -1 -1 -1 -1 -1
0.5799765586853027 0.4046544134616852 0.9883560538291931 -1 -1 -1 -1 -1 -1 -1 -1 -1
0.5784972310066223 0.4009373188018799 0.9851760864257812 -1 -1 -1 -1 -1 -1 -1 -1 -1
0.5794670581817627 0.40252941846847534 0.9861964583396912 -1 -1 -1 -1 -1 -1 -1 -1 -1
0.5802958011627197 0.40346142649650574 0.98499596118927 -1 -1 -1 -1 -1 -1 -1 -1 -1
0.5821051597595215 0.4200545847415924 0.9915869235992432 -1 -1 -1 -1 -1 -1 -1 -1 -1
0.58253014087677 0.41561779379844666 0.9808885455131531 -1 -1 -1 -1 -1 -1 -1 -1 -1
0.571908712387085 0.4048304557800293 0.995733916759491 -1 -1 -1 -1 -1 -1 -1 -1 -1
0.5721496343612671 0.40476328134536743 0.9962164759635925 -1 -1 -1 -1 -1 -1 -1 -1 -1
0.5665221214294434 0.43468111753463745 0.9998204112052917 -1 -1 -1 -1 -1 -1 -1 -1 -1
0.5677382349967957 0.4350106120109558 0.9993708729743958 -1 -1 -1 -1 -1 -1 -1 -1 -1
0.5241885185241699 0.4178752303123474 0.8444377183914185 -1 -1 -1 -1 -1 -1 -1 -1 -1
0.5347986221313477 0.4196203052997589 0.020229199901223183 -1 -1 -1 -1 -1 -1 -1 -1 -1
0.5129271745681763 0.36975908279418945 0.7150607109069824 -1 -1 -1 -1 -1 -1 -1 -1 -1
0.5227075219154358 0.3776718080043793 0.035205401480197906 -1 -1 -1 -1 -1 -1 -1 -1 -1
0.5092573165893555 0.3722694516181946 0.6529307961463928 -1 -1 -1 -1 -1 -1 -1 -1 -1
0.5237236618995667 0.37916120886802673 0.06423185020685196 -1 -1 -1 -1 -1 -1 -1 -1 -1
0.5142266154289246 0.365018367767334 0.6481645703315735 -1 -1 -1 -1 -1 -1 -1 -1 -1
0.5263698697090149 0.37595805525779724 0.06907618790864944 -1 -1 -1 -1 -1 -1 -1 -1 -1
0.5144558548927307 0.3672868013381958 0.5769896507263184 -1 -1 -1 -1 -1 -1 -1 -1 -1
0.527421772480011 0.3772744834423065 0.07401076704263687 -1 -1 -1 -1 -1 -1 -1 -1 -1
0.5028405785560608 0.48558509349823 0.9961644411087036 -1 -1 -1 -1 -1 -1 -1 -1 -1
0.5050750374794006 0.483525812625885 0.9949813485145569 -1 -1 -1 -1 -1 -1 -1 -1 -1
0.5449649691581726 0.39095115661621094 0.899176299571991 -1 -1 -1 -1 -1 -1 -1 -1 -1
0.5393045544624329 0.3878646492958069 0.06255831569433212 -1 -1 -1 -1 -1 -1 -1 -1 -1
0.4920482635498047 0.3592566251754761 0.8084352612495422 -1 -1 -1 -1 -1 -1 -1 -1 -1
0.48803675174713135 0.36011987924575806 0.11827974766492844 -1 -1 -1 -1 -1 -1 -1 -1 -1
0.4805796444416046 0.36506569385528564 0.8036937117576599 -1 -1 -1 -1 -1 -1 -1 -1 -1
0.47740939259529114 0.3635444641113281 0.1784646213054657 -1 -1 -1 -1 -1 -1 -1 -1 -1
0.491572767496109 0.323688268661499 0.8149312138557434 -1 -1 -1 -1 -1 -1 -1 -1 -1
0.4858557879924774 0.3298308253288269 0.21440903842449188 -1 -1 -1 -1 -1 -1 -1 -1 -1
1 
33 
-1 -1 -1 -1 -1 -1 -1 -1 -1 -1
0.5534196496009827 0.4390407204627991 0.9992903470993042 -1 -1 -1 -1 -1 -1 -1 -1 -1
0.5558640956878662 0.4365346133708954 0.9986788630485535 -1 -1 -1 -1 -1 -1 -1 -1 -1
0.5560120940208435 0.4364282190799713 0.9981769323348999 -1 -1 -1 -1 -1 -1 -1 -1 -1
0.5561593770980835 0.4363440275192261 0.9987167119979858 -1 -1 -1 -1 -1 -1 -1 -1 -1
0.5553051829338074 0.4346269965171814 0.9993870258331299 -1 -1 -1 -1 -1 -1 -1 -1 -1
0.5550591945648193 0.43314579129219055 0.9991791844367981 -1 -1 -1 -1 -1 -1 -1 -1 -1
0.5548115372657776 0.43167394399642944 0.9994211196899414 -1 -1 -1 -1 -1 -1 -1 -1 -1
0.5551277995109558 0.42770081758499146 0.9979185461997986 -1 -1 -1 -1 -1 -1 -1 -1 -1
0.5530598759651184 0.42100343108177185 0.9995529055595398 -1 -1 -1 -1 -1 -1 -1 -1 -1
0.550397515296936 0.43618032336235046 0.9992483258247375 -1 -1 -1 -1 -1 -1 -1 -1 -1
0.5500199198722839 0.43421459197998047 0.999714195728302 -1 -1 -1 -1 -1 -1 -1 -1 -1
0.5454182028770447 0.4240450859069824 0.9975357055664062 -1 -1 -1 -1 -1 -1 -1 -1 -1
0.5330715179443359 0.4057229161262512 0.9996914863586426 -1 -1 -1 -1 -1 -1 -1 -1 -1
0.5390182137489319 0.45245328545570374 0.2867681682109833 -1 -1 -1 -1 -1 -1 -1 -1 -1
0.5080381035804749 0.4133334755897522 0.8406815528869629 -1 -1 -1 -1 -1 -1 -1 -1 -1
0.548584520816803 0.46587613224983215 0.24045661091804504 -1 -1 -1 -1 -1 -1 -1 -1 -1
0.4952981173992157 0.4304662346839905 0.6704520583152771 -1 -1 -1 -1 -1 -1 -1 -1 -1
0.5521210432052612 0.4697302281856537 0.21596217155456543 -1 -1 -1 -1 -1 -1 -1 -1 -1
0.49038466811180115 0.43260568380355835 0.5931926369667053 -1 -1 -1 -1 -1 -1 -1 -1 -1
0.5525428056716919 0.46953657269477844 0.22453142702579498 -1 -1 -1 -1 -1 -1 -1 -1 -1
0.492443323135376 0.4351450502872467 0.6082208156585693 -1 -1 -1 -1 -1 -1 -1 -1 -1
0.5506152510643005 0.4680998623371124 0.22838473320007324 -1 -1 -1 -1 -1 -1 -1 -1 -1
0.4944113790988922 0.43483754992485046 0.5690898895263672 -1 -1 -1 -1 -1 -1 -1 -1 -1
0.4999641478061676 0.4438585042953491 0.9996393918991089 -1 -1 -1 -1 -1 -1 -1 -1 -1
0.48882585763931274 0.43356218934059143 0.9997376799583435 -1 -1 -1 -1 -1 -1 -1 -1 -1
0.5142395496368408 0.5016989707946777 0.817173421382904 -1 -1 -1 -1 -1 -1 -1 -1 -1
0.49750521779060364 0.4775858223438263 0.9646251797676086 -1 -1 -1 -1 -1 -1 -1 -1 -1
0.5131022334098816 0.4837278127670288 0.2580995261669159 -1 -1 -1 -1 -1 -1 -1 -1 -1
0.5057990550994873 0.47992590069770813 0.2434740513563156 -1 -1 -1 -1 -1 -1 -1 -1 -1
0.5131454467773438 0.4811551570892334 0.22097791731357574 -1 -1 -1 -1 -1 -1 -1 -1 -1
0.507522702217102 0.4772739112377167 0.23363856971263885 -1 -1 -1 -1 -1 -1 -1 -1 -1
0.5175245404243469 0.4787867069244385 0.229929119348526 -1 -1 -1 -1 -1 -1 -1 -1 -1
0.5144007205963135 0.4866355061531067 0.2556266784667969 -1 -1 -1 -1 -1 -1 -1 -1 -1
1 
33 
-1 -1 -1 -1 -1 -1 -1 -1 -1 -1
0.5289532542228699 0.42202407121658325 0.9971926808357239 -1 -1 -1 -1 -1 -1 -1 -1 -1
0.5307484269142151 0.4184970557689667 0.9966555833816528 -1 -1 -1 -1 -1 -1 -1 -1 -1
0.5313614010810852 0.4190460443496704 0.9951308965682983 -1 -1 -1 -1 -1 -1 -1 -1 -1
0.5319771766662598 0.4196176528930664 0.9973216652870178 -1 -1 -1 -1 -1 -1 -1 -1 -1
0.5287585854530334 0.41640496253967285 0.9962233304977417 -1 -1 -1 -1 -1 -1 -1 -1 -1
0.5279040336608887 0.4154108166694641 0.9927567839622498 -1 -1 -1 -1 -1 -1 -1 -1 -1
0.5270547270774841 0.4144250750541687 0.994295060634613 -1 -1 -1 -1 -1 -1 -1 -1 -1
0.5307491421699524 0.4190860390663147 0.9959633350372314 -1 -1 -1 -1 -1 -1 -1 -1 -1
0.5239048004150391 0.41209471225738525 0.9841774702072144 -1 -1 -1 -1 -1 -1 -1 -1 -1
0.5277847051620483 0.4259165823459625 0.9987640380859375 -1 -1 -1 -1 -1 -1 -1 -1 -1
0.5253371000289917 0.42320865392684937 0.9981756210327148 -1 -1 -1 -1 -1 -1 -1 -1 -1
0.528496265411377 0.4387628734111786 0.9997511506080627 -1 -1 -1 -1 -1 -1 -1 -1 -1
0.5077570676803589 0.4223531484603882 0.9985582232475281 -1 -1 -1 -1 -1 -1 -1 -1 -1
0.5305984616279602 0.47437405586242676 0.901451826095581 -1 -1 -1 -1 -1 -1 -1 -1 -1
0.5039161443710327 0.45548081398010254 0.7546168565750122 -1 -1 -1 -1 -1 -1 -1 -1 -1
0.5358838438987732 0.4987799823284149 0.8173609375953674 -1 -1 -1 -1 -1 -1 -1 -1 -1
0.5112004280090332 0.4717656373977661 0.8010944128036499 -1 -1 -1 -1 -1 -1 -1 -1 -1
0.5379223227500916 0.5054027438163757 0.7893036007881165 -1 -1 -1 -1 -1 -1 -1 -1 -1
0.512191116809845 0.47730833292007446 0.8092846870422363 -1 -1 -1 -1 -1 -1 -1 -1 -1
0.5379154682159424 0.5035520792007446 0.8024717569351196 -1 -1 -1 -1 -1 -1 -1 -1 -1
0.5140817165374756 0.472914457321167 0.8067590594291687 -1 -1 -1 -1 -1 -1 -1 -1 -1
0.5361995100975037 0.5012891888618469 0.7716214656829834 -1 -1 -1 -1 -1 -1 -1 -1 -1
0.514036238193512 0.47147658467292786 0.7372483015060425 -1 -1 -1 -1 -1 -1 -1 -1 -1
0.5096982717514038 0.48059573769569397 0.9993101358413696 -1 -1 -1 -1 -1 -1 -1 -1 -1
0.4945613741874695 0.47599509358406067 0.9993372559547424 -1 -1 -1 -1 -1 -1 -1 -1 -1
0.5189585089683533 0.5093865990638733 0.9627391695976257 -1 -1 -1 -1 -1 -1 -1 -1 -1
0.4852921962738037 0.519809901714325 0.922478199005127 -1 -1 -1 -1 -1 -1 -1 -1 -1
0.509331226348877 0.5151629447937012 0.6949412226676941 -1 -1 -1 -1 -1 -1 -1 -1 -1
0.4833582043647766 0.5282853245735168 0.6210840940475464 -1 -1 -1 -1 -1 -1 -1 -1 -1
0.5070303678512573 0.5125415921211243 0.6075365543365479 -1 -1 -1 -1 -1 -1 -1 -1 -1
0.48438867926597595 0.5280342102050781 0.4420354664325714 -1 -1 -1 -1 -1 -1 -1 -1 -1
0.5085169672966003 0.531816840171814 0.6315001249313354 -1 -1 -1 -1 -1 -1 -1 -1 -1
0.47721248865127563 0.5395671129226685 0.5391027927398682 -1 -1 -1 -1 -1 -1 -1 -1 -1
1 
33 
-1 -1 -1 -1 -1 -1 -1 -1 -1 -1
0.5344141125679016 0.5515450239181519 0.9845020174980164 -1 -1 -1 -1 -1 -1 -1 -1 -1
0.5304322242736816 0.5574689507484436 0.9915264248847961 -1 -1 -1 -1 -1 -1 -1 -1 -1
0.529747486114502 0.5569233298301697 0.9904541969299316 -1 -1 -1 -1 -1 -1 -1 -1 -1
0.5292796492576599 0.5557937622070312 0.9923033714294434 -1 -1 -1 -1 -1 -1 -1 -1 -1
0.5310934782028198 0.562047004699707 0.9918829202651978 -1 -1 -1 -1 -1 -1 -1 -1 -1
0.5309628248214722 0.5617936849594116 0.9914201498031616 -1 -1 -1 -1 -1 -1 -1 -1 -1
0.5319194197654724 0.5512161254882812 0.9922431111335754 -1 -1 -1 -1 -1 -1 -1 -1 -1
0.5200808048248291 0.5498987436294556 0.993448793888092 -1 -1 -1 -1 -1 -1 -1 -1 -1
0.5251721143722534 0.5464844703674316 0.9841843843460083 -1 -1 -1 -1 -1 -1 -1 -1 -1
0.5324063301086426 0.5409959554672241 0.9918832778930664 -1 -1 -1 -1 -1 -1 -1 -1 -1
0.5332757830619812 0.541222870349884 0.9912922978401184 -1 -1 -1 -1 -1 -1 -1 -1 -1
0.5175853967666626 0.5022637844085693 0.9993353486061096 -1 -1 -1 -1 -1 -1 -1 -1 -1
0.5268976092338562 0.5123969316482544 0.9995284080505371 -1 -1 -1 -1 -1 -1 -1 -1 -1
0.5257591009140015 0.441302090883255 0.8478509187698364 -1 -1 -1 -1 -1 -1 -1 -1 -1
0.5366925597190857 0.4591096043586731 0.09614896774291992 -1 -1 -1 -1 -1 -1 -1 -1 -1
0.5631237626075745 0.4406641721725464 0.8220294117927551 -1 -1 -1 -1 -1 -1 -1 -1 -1
0.555724024772644 0.44785553216934204 0.2679910361766815 -1 -1 -1 -1 -1 -1 -1 -1 -1
0.569961428642273 0.44682565331459045 0.753868579864502 -1 -1 -1 -1 -1 -1 -1 -1 -1
0.5608854293823242 0.4481242299079895 0.3118894100189209 -1 -1 -1 -1 -1 -1 -1 -1 -1
0.5681764483451843 0.45548173785209656 0.7498151659965515 -1 -1 -1 -1 -1 -1 -1 -1 -1
0.5621325373649597 0.452278196811676 0.34123870730400085 -1 -1 -1 -1 -1 -1 -1 -1 -1
0.5653662085533142 0.4572354555130005 0.6053946018218994 -1 -1 -1 -1 -1 -1 -1 -1 -1
0.5601744055747986 0.4514191448688507 0.3332340121269226 -1 -1 -1 -1 -1 -1 -1 -1 -1
0.5093017220497131 0.3872281312942505 0.9993923902511597 -1 -1 -1 -1 -1 -1 -1 -1 -1
0.5181620121002197 0.4021379351615906 0.999349057674408 -1 -1 -1 -1 -1 -1 -1 -1 -1
0.5272520780563354 0.4185016453266144 0.9543100595474243 -1 -1 -1 -1 -1 -1 -1 -1 -1
0.5450690984725952 0.4526437819004059 0.2313908487558365 -1 -1 -1 -1 -1 -1 -1 -1 -1
0.5548115968704224 0.4417665898799896 0.545994758605957 -1 -1 -1 -1 -1 -1 -1 -1 -1
0.553719162940979 0.4381013512611389 0.29662004113197327 -1 -1 -1 -1 -1 -1 -1 -1 -1
0.5574060082435608 0.44055721163749695 0.5851067900657654 -1 -1 -1 -1 -1 -1 -1 -1 -1
0.5549771189689636 0.43017280101776123 0.3546166718006134 -1 -1 -1 -1 -1 -1 -1 -1 -1
0.5706696510314941 0.4671729505062103 0.594581663608551 -1 -1 -1 -1 -1 -1 -1 -1 -1
0.5621280074119568 0.45310813188552856 0.40852785110473633 -1 -1 -1 -1 -1 -1 -1 -1 -1
1 
33 
-1 -1 -1 -1 -1 -1 -1 -1 -1 -1
0.5674729943275452 0.4665100872516632 0.9996429681777954 -1 -1 -1 -1 -1 -1 -1 -1 -1
0.5704853534698486 0.4647374153137207 0.9997681975364685 -1 -1 -1 -1 -1 -1 -1 -1 -1
0.5708207488059998 0.4656379520893097 0.9996775388717651 -1 -1 -1 -1 -1 -1 -1 -1 -1
0.5711537599563599 0.4665288031101227 0.9997363686561584 -1 -1 -1 -1 -1 -1 -1 -1 -1
0.5693225860595703 0.4614964723587036 0.999664306640625 -1 -1 -1 -1 -1 -1 -1 -1 -1
0.5688270926475525 0.46006661653518677 0.9994078874588013 -1 -1 -1 -1 -1 -1 -1 -1 -1
0.5683420300483704 0.45867717266082764 0.9994828701019287 -1 -1 -1 -1 -1 -1 -1 -1 -1
0.5692064166069031 0.464057058095932 0.9990793466567993 -1 -1 -1 -1 -1 -1 -1 -1 -1
0.5651823878288269 0.45362287759780884 0.9985449314117432 -1 -1 -1 -1 -1 -1 -1 -1 -1
0.5644479393959045 0.46895188093185425 0.9992867112159729 -1 -1 -1 -1 -1 -1 -1 -1 -1
0.5631805658340454 0.46453699469566345 0.9993645548820496 -1 -1 -1 -1 -1 -1 -1 -1 -1
0.5559960007667542 0.4660061001777649 0.9999268054962158 -1 -1 -1 -1 -1 -1 -1 -1 -1
0.5485783815383911 0.4544888734817505 0.9993104934692383 -1 -1 -1 -1 -1 -1 -1 -1 -1
0.5367643237113953 0.4904470443725586 0.5837309956550598 -1 -1 -1 -1 -1 -1 -1 -1 -1
0.5360589027404785 0.4644468426704407 0.37903380393981934 -1 -1 -1 -1 -1 -1 -1 -1 -1
0.5374323725700378 0.49328410625457764 0.8163868188858032 -1 -1 -1 -1 -1 -1 -1 -1 -1
0.5383239388465881 0.4834999442100525 0.5784120559692383 -1 -1 -1 -1 -1 -1 -1 -1 -1
0.5375533103942871 0.4941841959953308 0.8119404315948486 -1 -1 -1 -1 -1 -1 -1 -1 -1
0.5378866195678711 0.4873073697090149 0.6101257801055908 -1 -1 -1 -1 -1 -1 -1 -1 -1
0.5398248434066772 0.49101367592811584 0.8065451383590698 -1 -1 -1 -1 -1 -1 -1 -1 -1
0.5410521626472473 0.4877716600894928 0.6008498668670654 -1 -1 -1 -1 -1 -1 -1 -1 -1
0.5396594405174255 0.4909619688987732 0.7333098649978638 -1 -1 -1 -1 -1 -1 -1 -1 -1
0.5410481095314026 0.48586538434028625 0.5375984907150269 -1 -1 -1 -1 -1 -1 -1 -1 -1
0.5217727422714233 0.4821840524673462 0.9991106390953064 -1 -1 -1 -1 -1 -1 -1 -1 -1
0.5125954151153564 0.4770801067352295 0.9986604452133179 -1 -1 -1 -1 -1 -1 -1 -1 -1
0.556071937084198 0.5002485513687134 0.4205227792263031 -1 -1 -1 -1 -1 -1 -1 -1 -1
0.5340545773506165 0.4817729890346527 0.5716650485992432 -1 -1 -1 -1 -1 -1 -1 -1 -1
0.5610406994819641 0.5259780287742615 0.29065921902656555 -1 -1 -1 -1 -1 -1 -1 -1 -1
0.5538522601127625 0.5081815719604492 0.23398131132125854 -1 -1 -1 -1 -1 -1 -1 -1 -1
0.5586405992507935 0.5318158864974976 0.39759811758995056 -1 -1 -1 -1 -1 -1 -1 -1 -1
0.553847074508667 0.5138726234436035 0.2295890748500824 -1 -1 -1 -1 -1 -1 -1 -1 -1
0.5715086460113525 0.5290998816490173 0.38342994451522827 -1 -1 -1 -1 -1 -1 -1 -1 -1
0.5683334469795227 0.5116114616394043 0.31656721234321594 -1 -1 -1 -1 -1 -1 -1 -1 -1
1 
